-0.131861
-0.288954
-1.233392
-0.166631
-0.069078
-0.097662
0.024907
-0.038429
-0.042879
-0.006323
0.080490
0.032558
0.005249
0.201346
-1.151962
0.026086
-0.010976
0.054699
-0.041993
-0.011127
-0.000862
-0.012643
0.058211
0.067379
0.019258
0.191809
-0.570888
0.117652
0.098008
-0.158013
-0.046126
-0.033325
-0.033176
-0.038390
0.044675
0.012969
0.084999
-0.008328
0.243524
-0.099092
-0.050380
0.016579
-0.058132
-0.069571
-0.025208
0.022322
0.019316
0.088471
-0.322246
-0.124279
-0.019615
0.045129
-0.069903
-0.067386
0.018458
-0.015759
-0.187775
-0.450657
-0.216122
0.024963
0.051917
-0.087874
-0.041453
0.032530
-0.002164
-0.154521
0.031534
0.088227
0.057285
-0.071063
0.056607
0.098621
0.123778
0.141754
0.085668
0.044640
0.030035
-0.045545
0.191378
0.081100
0.063178
0.001472
-0.169496
0.154097
0.014378
-0.005009
-0.099672
0.047202
-0.000329
0.028065
-0.004881
