6081
-0.000066
-0.000081
-0.000047
-0.000009
-0.000015
-0.000066
-0.000103
-0.000106
-0.000106
-0.000084
-0.000002
0.000086
0.000096
0.000041
0.000029
0.000091
0.000153
0.000177
0.000189
0.000184
0.000147
0.000121
0.000108
0.000015
-0.000151
-0.000231
-0.000188
-0.000160
-0.000201
-0.000225
-0.000158
-0.000011
0.000115
0.000120
0.000027
-0.000068
-0.000119
-0.000116
-0.000067
-0.000022
-0.000026
-0.000047
-0.000022
0.000023
0.000009
-0.000034
-0.000010
0.000057
0.000078
0.000072
0.000106
0.000141
0.000124
0.000105
0.000110
0.000075
0.000001
-0.000039
-0.000045
-0.000046
-0.000041
-0.000021
0.000006
0.000012
-0.000006
-0.000013
0.000003
0.000008
0.000010
0.000042
0.000050
-0.000020
-0.000105
-0.000107
-0.000036
0.000013
-0.000017
-0.000072
-0.000066
0.000004
0.000058
0.000045
0.000005
-0.000013
-0.000027
-0.000075
-0.000123
-0.000096
-0.000017
0.000008
-0.000034
-0.000042
0.000049
0.000188
0.000246
0.000170
0.000061
0.000026
0.000028
-0.000008
-0.000045
-0.000031
-0.000028
-0.000119
-0.000252
-0.000304
-0.000236
-0.000115
-0.000021
0.000034
0.000102
0.000201
0.000251
0.000218
0.000177
0.000166
0.000161
0.000174
0.000158
-0.000006
-0.000265
-0.000421
-0.000429
-0.000371
-0.000254
-0.000091
0.000029
0.000085
0.000130
0.000158
0.000136
0.000113
0.000152
0.000222
0.000261
0.000255
0.000223
0.000174
0.000099
0.000015
-0.000051
-0.000106
-0.000139
-0.000085
0.000031
0.000061
-0.000033
-0.000129
-0.000150
-0.000149
-0.000177
-0.000180
-0.000082
0.000044
0.000064
-0.000008
-0.000075
-0.000117
-0.000113
-0.000032
0.000067
0.000096
0.000075
0.000065
0.000062
0.000063
0.000069
0.000055
0.000019
0.000004
0.000020
0.000002
-0.000078
-0.000167
-0.000212
-0.000201
-0.000140
-0.000035
0.000084
0.000128
0.000060
-0.000020
-0.000005
0.000064
0.000058
-0.000024
-0.000066
-0.000032
0.000013
0.000051
0.000094
0.000108
0.000075
0.000058
0.000091
0.000096
0.000017
-0.000076
-0.000084
-0.000025
0.000024
0.000059
0.000087
0.000067
0.000012
-0.000004
0.000034
0.000071
0.000061
-0.000004
-0.000071
-0.000082
-0.000071
-0.000107
-0.000162
-0.000178
-0.000158
-0.000112
-0.000021
0.000087
0.000129
0.000102
0.000081
0.000071
0.000013
-0.000080
-0.000131
-0.000114
-0.000067
-0.000034
-0.000008
0.000050
0.000123
0.000140
0.000098
0.000066
0.000068
0.000069
0.000053
0.000042
0.000027
-0.000017
-0.000051
-0.000040
-0.000041
-0.000066
-0.000033
0.000044
0.000053
-0.000027
-0.000104
-0.000113
-0.000055
0.000023
0.000059
0.000045
0.000030
0.000020
-0.000002
-0.000014
-0.000004
-0.000006
-0.000058
-0.000109
-0.000070
0.000024
0.000050
0.000025
0.000056
0.000116
0.000116
0.000079
0.000057
0.000015
-0.000071
-0.000144
-0.000173
-0.000187
-0.000154
0.000011
0.000255
0.000411
0.000405
0.000294
0.000170
0.000107
0.000086
-0.000004
-0.000194
-0.000354
-0.000382
-0.000330
-0.000298
-0.000276
-0.000203
-0.000110
-0.000062
-0.000041
-0.000008
0.000034
0.000062
0.000051
0.000025
0.000022
0.000035
0.000036
0.000045
0.000091
0.000143
0.000137
0.000083
0.000042
0.000038
0.000054
0.000066
0.000078
0.000104
0.000102
0.000039
-0.000016
-0.000011
-0.000009
-0.000060
-0.000112
-0.000111
-0.000056
0.000006
0.000019
-0.000021
-0.000058
-0.000056
-0.000019
0.000020
0.000028
0.000013
0.000024
0.000090
0.000167
0.000196
0.000170
0.000115
0.000059
0.000020
-0.000012
-0.000056
-0.000072
-0.000040
-0.000022
-0.000054
-0.000105
-0.000126
-0.000122
-0.000139
-0.000180
-0.000201
-0.000173
-0.000088
0.000012
0.000041
-0.000010
-0.000027
0.000050
0.000121
0.000070
-0.000045
-0.000073
0.000018
0.000143
0.000218
0.000203
0.000147
0.000161
0.000230
0.000197
0.000067
0.000011
0.000038
0.000013
-0.000080
-0.000162
-0.000202
-0.000224
-0.000226
-0.000179
-0.000094
-0.000030
-0.000011
-0.000009
-0.000006
0.000013
0.000071
0.000138
0.000140
0.000065
-0.000017
-0.000056
-0.000065
-0.000054
-0.000015
0.000034
0.000054
0.000038
0.000016
-0.000004
-0.000030
-0.000037
-0.000024
-0.000039
-0.000082
-0.000074
-0.000009
0.000009
-0.000020
0.000021
0.000098
0.000084
0.000013
-0.000014
0.000015
0.000076
0.000117
0.000072
-0.000015
-0.000046
-0.000017
-0.000006
-0.000051
-0.000074
-0.000005
0.000081
0.000073
-0.000022
-0.000108
-0.000115
-0.000062
0.000000
0.000085
0.000169
0.000111
-0.000111
-0.000304
-0.000340
-0.000285
-0.000202
-0.000088
0.000023
0.000086
0.000137
0.000209
0.000233
0.000180
0.000149
0.000192
0.000231
0.000210
0.000161
0.000132
0.000103
0.000035
-0.000026
-0.000032
-0.000037
-0.000069
-0.000070
-0.000044
-0.000061
-0.000114
-0.000123
-0.000081
-0.000058
-0.000060
-0.000030
0.000019
0.000023
-0.000023
-0.000074
-0.000104
-0.000113
-0.000113
-0.000090
-0.000018
0.000086
0.000145
0.000126
0.000085
0.000067
0.000045
-0.000011
-0.000073
-0.000095
-0.000104
-0.000137
-0.000161
-0.000148
-0.000118
-0.000060
0.000045
0.000135
0.000124
0.000013
-0.000081
-0.000071
0.000002
0.000062
0.000083
0.000088
0.000113
0.000160
0.000176
0.000099
-0.000012
-0.000035
0.000033
0.000079
0.000012
-0.000128
-0.000180
-0.000091
-0.000002
-0.000005
0.000007
0.000100
0.000170
0.000141
0.000047
-0.000066
-0.000140
-0.000113
-0.000041
-0.000029
-0.000074
-0.000104
-0.000100
-0.000094
-0.000121
-0.000125
-0.000020
0.000134
0.000185
0.000121
0.000063
0.000061
0.000074
0.000075
0.000054
0.000007
-0.000024
-0.000012
0.000001
-0.000034
-0.000089
-0.000095
-0.000021
0.000069
0.000085
0.000037
-0.000002
-0.000021
-0.000060
-0.000103
-0.000093
-0.000033
0.000027
0.000057
0.000038
-0.000024
-0.000056
0.000004
0.000102
0.000126
0.000048
-0.000049
-0.000025
0.000126
0.000196
0.000056
-0.000122
-0.000126
-0.000015
0.000019
-0.000057
-0.000102
-0.000017
0.000097
0.000088
-0.000025
-0.000106
-0.000099
-0.000034
0.000053
0.000093
0.000023
-0.000062
-0.000041
0.000011
-0.000040
-0.000167
-0.000211
-0.000047
0.000238
0.000398
0.000347
0.000239
0.000209
0.000211
0.000140
-0.000013
-0.000158
-0.000229
-0.000257
-0.000301
-0.000355
-0.000374
-0.000356
-0.000298
-0.000163
0.000018
0.000134
0.000129
0.000064
0.000014
-0.000004
0.000004
0.000035
0.000058
0.000059
0.000078
0.000132
0.000182
0.000194
0.000180
0.000167
0.000159
0.000130
0.000077
0.000032
0.000004
-0.000042
-0.000127
-0.000205
-0.000221
-0.000197
-0.000162
-0.000103
-0.000017
0.000052
0.000071
0.000063
0.000080
0.000114
0.000125
0.000088
0.000006
-0.000078
-0.000082
0.000017
0.000119
0.000109
0.000019
-0.000017
0.000037
0.000072
0.000035
0.000030
0.000118
0.000196
0.000128
-0.000104
-0.000297
-0.000184
0.000104
0.000054
-0.000538
-0.001755
-0.003668
-0.004180
-0.000033
0.006494
0.007693
0.001813
-0.002756
0.000031
0.004416
0.002451
-0.003150
-0.003873
0.000766
0.002902
-0.001052
-0.005262
-0.004009
-0.000184
0.000160
-0.002541
-0.002886
0.000472
0.002940
0.001390
-0.001124
-0.000508
0.001920
0.002019
-0.000281
-0.001122
0.000806
0.002328
0.001329
0.000150
0.001064
0.002110
0.000826
-0.001131
-0.000967
0.000299
0.000004
-0.001283
-0.001208
0.000034
0.000381
-0.000501
-0.001004
-0.000395
0.000138
-0.000396
-0.001106
-0.000678
0.000438
0.000735
0.000070
-0.000221
0.000360
0.000672
0.000006
-0.000582
-0.000047
0.000736
0.000423
-0.000385
-0.000147
0.000779
0.000654
-0.000447
-0.000713
0.000047
0.000152
-0.000640
-0.000746
0.000159
0.000654
0.000178
-0.000284
-0.000045
0.000347
0.000144
-0.000430
-0.000492
0.000121
0.000509
0.000112
-0.000410
-0.000274
0.000188
0.000180
-0.000186
-0.000163
0.000243
0.000314
0.000037
0.000216
0.000788
0.000550
-0.000571
-0.001026
-0.000366
0.000048
-0.000197
0.000123
0.001132
0.001304
0.000326
-0.000270
0.000011
-0.000152
-0.001138
-0.001524
-0.000557
0.000603
0.000756
0.000370
0.000404
0.000530
0.000017
-0.000585
-0.000467
-0.000157
-0.000349
-0.000523
-0.000003
0.000737
0.000805
0.000224
-0.000267
-0.000365
-0.000470
-0.000786
-0.000829
-0.000270
0.000303
0.000360
0.000475
0.001048
0.001285
0.000699
-0.000077
-0.000461
-0.000401
-0.000016
0.000321
0.000252
0.000054
0.000142
0.000200
-0.000182
-0.000639
-0.000812
-0.000982
-0.001193
-0.000977
-0.000380
-0.000019
-0.000147
-0.000716
-0.001639
-0.001909
-0.000256
0.002088
0.002282
0.000821
0.001060
0.002913
0.003032
0.001313
0.000550
0.000703
-0.000083
-0.000907
-0.000088
0.001031
0.000446
-0.001069
-0.001581
-0.000880
-0.000316
-0.000875
-0.001959
-0.002188
-0.001482
-0.001022
-0.001000
-0.000570
-0.000017
-0.000387
-0.001148
-0.000761
0.000557
0.000983
0.000091
-0.000399
0.000574
0.001750
0.001740
0.001149
0.001080
0.001187
0.000810
0.000477
0.000829
0.001310
0.001060
0.000324
0.000119
0.000666
0.000885
0.000049
-0.000900
-0.000893
-0.000516
-0.000773
-0.001328
-0.001363
-0.001034
-0.000946
-0.001048
-0.000863
-0.000422
-0.000319
-0.000714
-0.000921
-0.000482
0.000012
-0.000091
-0.000381
-0.000130
0.000527
0.000909
0.000837
0.000808
0.001120
0.001258
0.000802
0.000442
0.000828
0.001151
0.000525
-0.000195
0.000067
0.000534
0.000167
-0.000284
0.000069
0.000459
0.000014
-0.000708
-0.000855
-0.000531
-0.000453
-0.001082
-0.001944
-0.001892
-0.000820
-0.000142
-0.000411
-0.000240
0.001008
0.001819
0.001338
0.000950
0.001481
0.001574
0.000420
-0.000556
-0.000261
0.000252
-0.000105
-0.000712
-0.000744
-0.000594
-0.000874
-0.001311
-0.001269
-0.000726
-0.000350
-0.000500
-0.000525
0.000086
0.000566
0.000292
0.000035
0.000349
0.000593
0.000495
0.000574
0.000825
0.000824
0.000630
0.000435
0.000214
0.000017
-0.000159
-0.000379
-0.000411
-0.000144
0.000014
-0.000079
0.000034
0.000451
0.000666
0.000412
-0.000027
-0.000312
-0.000757
-0.001901
-0.002950
-0.002498
-0.001034
-0.000201
0.000081
0.001091
0.002564
0.003109
0.002607
0.002026
0.001663
0.001083
0.000208
-0.000317
0.000099
0.000918
0.000997
0.000386
0.000160
0.000434
0.000263
-0.000585
-0.001226
-0.001211
-0.001220
-0.001737
-0.002111
-0.001848
-0.001690
-0.002207
-0.002523
-0.001764
-0.000600
-0.000147
-0.000312
-0.000270
0.000115
0.000265
0.000037
0.000083
0.000735
0.001376
0.001593
0.001922
0.002630
0.002993
0.002491
0.001657
0.001205
0.001053
0.000723
0.000197
-0.000172
-0.000335
-0.000576
-0.000884
-0.000905
-0.000703
-0.000863
-0.001459
-0.001777
-0.001467
-0.001079
-0.001118
-0.001325
-0.001163
-0.000598
-0.000098
0.000010
-0.000126
-0.000187
-0.000127
-0.000189
-0.000465
-0.000661
-0.000654
-0.001262
-0.003208
-0.004656
-0.002651
0.001360
0.002543
0.001126
0.002236
0.005933
0.007017
0.005181
0.004858
0.005736
0.003865
0.000418
-0.000078
0.001970
0.002349
0.000305
-0.001113
-0.000510
0.000301
-0.000305
-0.001835
-0.003270
-0.004416
-0.005401
-0.006141
-0.006265
-0.005448
-0.004432
-0.004463
-0.004692
-0.002939
-0.000051
0.000701
-0.000690
-0.001080
-0.000021
0.000165
-0.000403
0.000481
0.002557
0.003605
0.003557
0.004500
0.006884
0.008366
0.007317
0.005390
0.004783
0.004875
0.003882
0.002059
0.000907
0.000512
-0.000220
-0.001336
-0.001775
-0.001580
-0.002254
-0.004156
-0.005574
-0.005519
-0.005313
-0.006092
-0.006865
-0.006357
-0.004946
-0.003761
-0.003033
-0.002104
-0.000751
0.000280
0.000583
0.000968
0.001992
0.002829
0.002850
0.002922
0.003806
0.004768
0.004927
0.004621
0.004587
0.004692
0.004227
0.003187
0.002348
0.001901
0.001159
-0.000051
-0.000997
-0.001342
-0.001610
-0.002167
-0.002694
-0.002822
-0.002757
-0.003071
-0.003938
-0.004722
-0.004835
-0.005158
-0.007273
-0.009862
-0.008548
-0.002955
0.000660
-0.000304
0.000601
0.006561
0.010604
0.008888
0.007604
0.009725
0.009336
0.004512
0.001693
0.003566
0.004911
0.002720
0.000621
0.001624
0.003560
0.003336
0.001194
-0.000948
-0.002550
-0.004268
-0.006428
-0.008493
-0.009304
-0.008660
-0.008367
-0.009012
-0.007691
-0.003368
-0.000428
-0.001434
-0.002306
-0.000173
0.001414
-0.000049
-0.001470
-0.000639
0.000335
0.000216
0.001126
0.004297
0.007481
0.008264
0.007689
0.008306
0.009768
0.009409
0.006759
0.004217
0.003127
0.002250
0.000621
-0.000716
-0.000868
-0.000955
-0.002161
-0.003510
-0.003731
-0.003867
-0.005473
-0.007649
-0.008467
-0.007926
-0.007384
-0.007252
-0.006670
-0.004935
-0.002700
-0.001192
-0.000233
0.001277
0.002905
0.003267
0.002821
0.003143
0.004032
0.004144
0.003665
0.003867
0.004855
0.005582
0.005495
0.005036
0.004652
0.004043
0.002815
0.001403
0.000396
-0.000488
-0.001663
-0.002677
-0.002951
-0.002772
-0.002848
-0.003270
-0.003485
-0.003297
-0.003261
-0.003787
-0.004492
-0.004781
-0.004650
-0.004935
-0.006652
-0.008632
-0.007089
-0.001593
0.001971
0.001023
0.001925
0.007840
0.011781
0.010014
0.008813
0.010991
0.010506
0.005547
0.002599
0.004135
0.004838
0.001974
-0.000501
0.000432
0.002282
0.001784
-0.000401
-0.001980
-0.002875
-0.004330
-0.006543
-0.008715
-0.009793
-0.009504
-0.009324
-0.009930
-0.008779
-0.004719
-0.001704
-0.002190
-0.002218
0.000902
0.003208
0.001896
0.000374
0.001205
0.001887
0.000730
0.000405
0.003103
0.006423
0.007075
0.006297
0.007555
0.010247
0.010662
0.008247
0.005990
0.005227
0.004192
0.001678
-0.000834
-0.001701
-0.001944
-0.003402
-0.005106
-0.004914
-0.003961
-0.005007
-0.007328
-0.008060
-0.007185
-0.006927
-0.007775
-0.008101
-0.006741
-0.004505
-0.002909
-0.001749
0.000288
0.002693
0.003716
0.003737
0.004602
0.005976
0.005915
0.004587
0.004033
0.004701
0.005082
0.004505
0.004052
0.004458
0.004798
0.004087
0.002856
0.002001
0.001219
-0.000220
-0.002025
-0.003253
-0.003665
-0.004002
-0.004757
-0.005219
-0.004599
-0.003577
-0.003302
-0.003598
-0.003646
-0.003478
-0.003468
-0.003421
-0.003220
-0.003625
-0.005451
-0.007181
-0.005218
0.000144
0.003076
0.002023
0.003439
0.009337
0.012636
0.010813
0.010152
0.012184
0.010919
0.005775
0.002924
0.003490
0.002563
-0.000939
-0.002922
-0.001649
-0.000009
-0.000442
-0.001828
-0.002365
-0.002604
-0.003865
-0.005988
-0.008047
-0.009317
-0.009639
-0.009972
-0.010566
-0.009286
-0.005541
-0.002870
-0.002765
-0.001359
0.002757
0.005051
0.003686
0.002696
0.003822
0.004023
0.002180
0.000990
0.002225
0.004474
0.005419
0.005154
0.006344
0.009538
0.011084
0.009092
0.006940
0.006902
0.006090
0.002464
-0.001193
-0.002494
-0.003270
-0.005471
-0.007499
-0.007227
-0.005922
-0.006196
-0.007596
-0.007612
-0.006184
-0.005670
-0.006738
-0.007364
-0.006121
-0.004312
-0.003654
-0.003186
-0.000958
0.002077
0.003498
0.003924
0.005634
0.007778
0.007838
0.006417
0.005931
0.006283
0.005697
0.004103
0.003011
0.003148
0.003596
0.003112
0.001982
0.001532
0.001611
0.000650
-0.001378
-0.002728
-0.003090
-0.004071
-0.005908
-0.006763
-0.005966
-0.005036
-0.004875
-0.004500
-0.003196
-0.001860
-0.001413
-0.001396
-0.001047
-0.000610
-0.000713
-0.001712
-0.003991
-0.006299
-0.005074
-0.000354
0.001976
0.000598
0.002618
0.009549
0.012943
0.010657
0.010611
0.013874
0.012460
0.006033
0.002751
0.003587
0.001893
-0.003049
-0.005311
-0.003405
-0.001937
-0.003062
-0.003812
-0.002407
-0.001323
-0.002535
-0.004722
-0.006413
-0.007608
-0.008495
-0.009608
-0.010963
-0.010450
-0.007332
-0.004941
-0.004513
-0.001985
0.003455
0.006251
0.004852
0.004618
0.007024
0.007209
0.003850
0.001321
0.001849
0.003076
0.002940
0.002547
0.004142
0.007428
0.009292
0.008586
0.008173
0.009344
0.008791
0.004779
0.000800
-0.000699
-0.002413
-0.006404
-0.009731
-0.009572
-0.008090
-0.008307
-0.008998
-0.007671
-0.005338
-0.004534
-0.005134
-0.005145
-0.004063
-0.003345
-0.003872
-0.004158
-0.002423
0.000139
0.001172
0.001665
0.004136
0.007325
0.008204
0.007566
0.008008
0.008738
0.007586
0.005361
0.004076
0.003555
0.002550
0.001106
0.000284
0.000525
0.000874
0.000196
-0.000993
-0.001368
-0.001325
-0.002450
-0.004529
-0.005677
-0.005607
-0.005954
-0.006985
-0.006982
-0.005486
-0.004090
-0.003406
-0.002209
-0.000142
0.001411
0.001762
0.001898
0.002506
0.002769
0.001326
-0.001936
-0.004349
-0.002782
0.000645
0.000737
-0.000838
0.002402
0.008665
0.010257
0.008354
0.010037
0.013318
0.010962
0.005055
0.002845
0.003208
0.000259
-0.004887
-0.006704
-0.005172
-0.004753
-0.006207
-0.006078
-0.003391
-0.001360
-0.001984
-0.003573
-0.004313
-0.004521
-0.005342
-0.007256
-0.009031
-0.008651
-0.006750
-0.005957
-0.005460
-0.001976
0.002998
0.004783
0.004309
0.006209
0.009444
0.009154
0.005669
0.003564
0.003947
0.003814
0.001826
0.000493
0.001955
0.004338
0.004947
0.004978
0.006860
0.008920
0.007899
0.004824
0.003027
0.002138
-0.000785
-0.005453
-0.008506
-0.009049
-0.009643
-0.011257
-0.011456
-0.009100
-0.006648
-0.005822
-0.005037
-0.002933
-0.000893
-0.000510
-0.001097
-0.000958
0.000020
0.000388
-0.000054
0.000615
0.003048
0.005050
0.005454
0.006174
0.008161
0.009231
0.008125
0.006674
0.006146
0.005249
0.003032
0.000724
-0.000334
-0.000675
-0.001568
-0.002771
-0.002956
-0.002218
-0.002110
-0.002970
-0.003517
-0.003334
-0.003533
-0.004589
-0.005496
-0.005533
-0.005272
-0.005316
-0.005115
-0.003757
-0.001589
0.000078
0.000966
0.002053
0.003553
0.004389
0.004034
0.003189
0.002202
0.000527
-0.001520
-0.002254
-0.001098
0.000216
0.000623
0.001724
0.004603
0.007336
0.008250
0.008588
0.009394
0.009088
0.006562
0.003413
0.001134
-0.000940
-0.003530
-0.005816
-0.006869
-0.006939
-0.006660
-0.006014
-0.004702
-0.003061
-0.002007
-0.001978
-0.002417
-0.002641
-0.002866
-0.003799
-0.005356
-0.006407
-0.006203
-0.005345
-0.004437
-0.002823
-0.000112
0.002499
0.004136
0.005656
0.007566
0.008605
0.007809
0.005962
0.004275
0.003239
0.002520
0.001385
0.000216
0.000474
0.001976
0.002967
0.003493
0.004910
0.006381
0.006040
0.004470
0.003253
0.001858
-0.000938
-0.004447
-0.007130
-0.008772
-0.010124
-0.011179
-0.010964
-0.009217
-0.007134
-0.005636
-0.004045
-0.001629
0.000726
0.001728
0.001663
0.001770
0.002180
0.002028
0.001412
0.001435
0.002226
0.002836
0.003256
0.004413
0.006047
0.006849
0.006655
0.006381
0.006119
0.005164
0.003410
0.001466
-0.000130
-0.001346
-0.002488
-0.003553
-0.004053
-0.003883
-0.003604
-0.003516
-0.003290
-0.002824
-0.002648
-0.003045
-0.003495
-0.003571
-0.003585
-0.003752
-0.003611
-0.002861
-0.001875
-0.000933
0.000174
0.001510
0.002755
0.003642
0.004070
0.003811
0.002285
-0.000494
-0.002387
-0.001384
0.000077
-0.001352
-0.002653
0.000710
0.005209
0.005529
0.005211
0.008933
0.012039
0.009487
0.005751
0.005668
0.005535
0.001385
-0.003395
-0.004933
-0.005304
-0.007296
-0.008940
-0.007525
-0.004832
-0.004086
-0.004578
-0.003691
-0.001734
-0.000796
-0.001388
-0.002798
-0.004131
-0.004550
-0.004603
-0.005465
-0.005878
-0.003947
-0.001519
-0.000986
-0.000027
0.003797
0.007369
0.007567
0.006933
0.007996
0.008256
0.005833
0.003624
0.003515
0.002907
0.000565
-0.000636
0.000704
0.002325
0.002786
0.003083
0.003923
0.004765
0.004817
0.003628
0.001630
-0.000340
-0.002602
-0.005807
-0.008704
-0.009815
-0.010269
-0.011347
-0.011485
-0.009371
-0.006647
-0.004668
-0.002500
0.000192
0.002111
0.002872
0.003462
0.004152
0.004267
0.003660
0.002842
0.002372
0.002651
0.003396
0.003821
0.004028
0.004787
0.005752
0.005888
0.005441
0.005236
0.004638
0.002715
0.000489
-0.000693
-0.001628
-0.003388
-0.004968
-0.005221
-0.004864
-0.004798
-0.004717
-0.004216
-0.003487
-0.002899
-0.002728
-0.002819
-0.002599
-0.002081
-0.002012
-0.002302
-0.001812
-0.000416
0.000596
0.000856
0.001503
0.002890
0.003839
0.003348
0.001288
-0.001380
-0.002101
-0.000086
0.000698
-0.001724
-0.001979
0.002713
0.005832
0.004258
0.005047
0.010564
0.012357
0.007545
0.004554
0.006671
0.006453
0.000758
-0.003871
-0.004031
-0.004531
-0.007856
-0.009474
-0.006895
-0.004532
-0.005503
-0.006269
-0.003906
-0.001379
-0.001540
-0.002795
-0.003289
-0.003425
-0.003771
-0.004507
-0.005365
-0.004802
-0.002588
-0.001480
-0.001982
-0.000191
0.004533
0.007109
0.006005
0.005985
0.008539
0.009118
0.006232
0.004310
0.005162
0.004641
0.000951
-0.001200
0.000858
0.002717
0.001367
0.000460
0.002555
0.004442
0.003645
0.002242
0.002047
0.001551
-0.001010
-0.004642
-0.006827
-0.007253
-0.008524
-0.011350
-0.012390
-0.010141
-0.007863
-0.007194
-0.005388
-0.001590
0.001169
0.001866
0.002915
0.005063
0.006124
0.005126
0.003913
0.004009
0.004404
0.003693
0.002688
0.003001
0.004150
0.004431
0.003960
0.004237
0.005111
0.004842
0.003191
0.001932
0.001677
0.000694
-0.001814
-0.003948
-0.004454
-0.004798
-0.005933
-0.006449
-0.005638
-0.004856
-0.004745
-0.004260
-0.002963
-0.001755
-0.001301
-0.001248
-0.000858
0.000035
0.000734
0.000770
0.000764
0.001229
0.001656
0.001722
0.001854
0.001756
0.000226
-0.002194
-0.002499
-0.000018
0.001167
-0.000658
-0.000612
0.003490
0.005994
0.004667
0.005611
0.010155
0.010838
0.006097
0.003751
0.005828
0.005278
0.000144
-0.003389
-0.003216
-0.003946
-0.006911
-0.008009
-0.006014
-0.004743
-0.005849
-0.006206
-0.004115
-0.002156
-0.002188
-0.002910
-0.003212
-0.003422
-0.003645
-0.003909
-0.004245
-0.003734
-0.002234
-0.001625
-0.001944
-0.000138
0.003823
0.005719
0.004883
0.005482
0.008091
0.008504
0.006063
0.004877
0.005881
0.005177
0.001757
-0.000051
0.001652
0.002793
0.001003
-0.000100
0.001849
0.003550
0.002565
0.001349
0.001749
0.001587
-0.000893
-0.003863
-0.005193
-0.005832
-0.007851
-0.010533
-0.011104
-0.009443
-0.008305
-0.008095
-0.006269
-0.002749
-0.000343
0.000606
0.002396
0.005033
0.006155
0.005403
0.004833
0.005262
0.005236
0.003921
0.002728
0.002963
0.003622
0.003298
0.002747
0.003342
0.004327
0.004043
0.002815
0.002261
0.002347
0.001433
-0.000740
-0.002435
-0.002948
-0.003740
-0.005392
-0.006319
-0.005877
-0.005578
-0.005977
-0.005591
-0.003890
-0.002322
-0.001641
-0.000985
0.000066
0.000853
0.001061
0.001180
0.001628
0.002079
0.001946
0.001459
0.001397
0.001439
0.000173
-0.002319
-0.003310
-0.001262
0.000640
-0.000549
-0.001312
0.002227
0.006004
0.005425
0.004820
0.008558
0.011231
0.007928
0.004246
0.005419
0.006338
0.002022
-0.002901
-0.003524
-0.003227
-0.005895
-0.008435
-0.007175
-0.004779
-0.005076
-0.006290
-0.004977
-0.002440
-0.001855
-0.002796
-0.003161
-0.002956
-0.003102
-0.003614
-0.004108
-0.003937
-0.002772
-0.001853
-0.001953
-0.000962
0.002350
0.004920
0.004684
0.004718
0.007077
0.008521
0.006933
0.005365
0.005907
0.005804
0.003057
0.000605
0.001185
0.002347
0.001049
-0.000621
0.000486
0.002612
0.002570
0.001406
0.001598
0.002153
0.000804
-0.001788
-0.003441
-0.004193
-0.005909
-0.008745
-0.010443
-0.009932
-0.009105
-0.009162
-0.008283
-0.005392
-0.002521
-0.000939
0.000961
0.003857
0.005813
0.005891
0.005676
0.006193
0.006300
0.005069
0.003565
0.003103
0.003188
0.002687
0.002005
0.002262
0.003037
0.003051
0.002521
0.002591
0.002966
0.002355
0.000788
-0.000503
-0.001238
-0.002371
-0.004110
-0.005359
-0.005632
-0.005832
-0.006364
-0.006272
-0.005080
-0.003705
-0.002811
-0.001934
-0.000709
0.000441
0.001073
0.001324
0.001639
0.002087
0.002121
0.001520
0.001095
0.001282
0.000783
-0.001467
-0.003517
-0.002502
0.000188
0.000360
-0.001190
0.000564
0.004906
0.006101
0.004895
0.007055
0.010907
0.009855
0.005570
0.004896
0.006554
0.004201
-0.001007
-0.003121
-0.002656
-0.004389
-0.007609
-0.007897
-0.005746
-0.005374
-0.006874
-0.006565
-0.004019
-0.002429
-0.002767
-0.003073
-0.002636
-0.002445
-0.002817
-0.003294
-0.003373
-0.002676
-0.001855
-0.001941
-0.001821
0.000373
0.003193
0.003896
0.003712
0.005462
0.007748
0.007587
0.006263
0.006504
0.006941
0.005009
0.002186
0.001337
0.001685
0.000754
-0.000947
-0.001060
0.000352
0.001148
0.000861
0.001037
0.002012
0.002151
0.000772
-0.000690
-0.001359
-0.002527
-0.005154
-0.007740
-0.008657
-0.008826
-0.009617
-0.009979
-0.008448
-0.006027
-0.004214
-0.002299
0.000667
0.003534
0.005006
0.005739
0.006707
0.007357
0.006767
0.005325
0.004146
0.003508
0.002784
0.001797
0.001288
0.001602
0.001946
0.001781
0.001769
0.002344
0.002688
0.002143
0.001330
0.000844
0.000112
-0.001406
-0.003105
-0.004265
-0.005071
-0.005853
-0.006311
-0.006057
-0.005247
-0.004330
-0.003544
-0.002694
-0.001394
0.000256
0.001489
0.001912
0.002097
0.002392
0.002253
0.001539
0.000815
-0.000396
-0.002803
-0.004337
-0.002749
-0.000806
-0.001739
-0.002003
0.002021
0.005784
0.005540
0.006347
0.011019
0.013151
0.009739
0.007225
0.008502
0.007694
0.002435
-0.001735
-0.002350
-0.003757
-0.007616
-0.009652
-0.008015
-0.006605
-0.007601
-0.007779
-0.005186
-0.002775
-0.002470
-0.002296
-0.001374
-0.001252
-0.001996
-0.002482
-0.002933
-0.003467
-0.003387
-0.003281
-0.003696
-0.002885
-0.000181
0.001830
0.002237
0.003677
0.006626
0.008107
0.007672
0.008032
0.009082
0.007884
0.004782
0.003210
0.003308
0.001869
-0.001115
-0.002201
-0.001074
-0.000731
-0.001293
-0.000352
0.001515
0.001835
0.001112
0.001348
0.001899
0.000848
-0.001705
-0.004213
-0.005888
-0.007296
-0.009147
-0.010685
-0.010499
-0.009089
-0.007960
-0.006492
-0.003336
0.000264
0.002444
0.003980
0.006148
0.007907
0.007954
0.007070
0.006419
0.005661
0.004191
0.002582
0.001679
0.001333
0.000904
0.000465
0.000654
0.001466
0.002077
0.002053
0.001878
0.001961
0.001793
0.000733
-0.000803
-0.001959
-0.002908
-0.004264
-0.005554
-0.005943
-0.005735
-0.005544
-0.005073
-0.004018
-0.002867
-0.001877
-0.000749
0.000372
0.001071
0.001491
0.001788
0.001473
-0.000042
-0.002292
-0.003229
-0.001814
-0.000815
-0.002266
-0.002365
0.001636
0.005033
0.004921
0.006430
0.011366
0.013186
0.010070
0.008728
0.010735
0.009733
0.004416
0.000579
-0.000303
-0.002598
-0.007009
-0.009352
-0.008545
-0.008196
-0.009659
-0.009765
-0.007054
-0.004529
-0.003958
-0.003320
-0.001727
-0.000886
-0.001112
-0.001265
-0.001474
-0.002055
-0.002434
-0.002834
-0.003464
-0.002911
-0.001015
-0.000004
0.000080
0.001845
0.004968
0.006496
0.006677
0.007914
0.009295
0.008402
0.006396
0.005775
0.005455
0.003127
0.000187
-0.000736
-0.000718
-0.001810
-0.002591
-0.001508
-0.000357
-0.000350
0.000071
0.001257
0.001576
0.000795
-0.000205
-0.001494
-0.003107
-0.004640
-0.006423
-0.008358
-0.009175
-0.008905
-0.008758
-0.008054
-0.005608
-0.002801
-0.000995
0.001066
0.004062
0.006317
0.007068
0.007435
0.007701
0.007077
0.005733
0.004514
0.003465
0.002259
0.001156
0.000508
0.000201
0.000107
0.000263
0.000522
0.000745
0.001066
0.001343
0.001091
0.000401
-0.000220
-0.000992
-0.002323
-0.003634
-0.004277
-0.004639
-0.005139
-0.005302
-0.004736
-0.003942
-0.003390
-0.002760
-0.001661
-0.000407
0.000346
0.000098
-0.001251
-0.002409
-0.001424
0.000486
-0.000056
-0.001598
0.000434
0.004203
0.004566
0.004069
0.007771
0.011686
0.010162
0.007481
0.009093
0.010670
0.007245
0.002923
0.002140
0.001443
-0.002559
-0.006336
-0.006537
-0.006051
-0.007956
-0.009777
-0.008510
-0.006189
-0.005650
-0.005481
-0.003910
-0.002557
-0.002510
-0.002314
-0.001648
-0.001600
-0.001858
-0.001920
-0.002403
-0.002688
-0.001479
-0.000098
-0.000149
0.000183
0.002434
0.004383
0.004658
0.005481
0.007539
0.008137
0.006617
0.005711
0.006280
0.005798
0.003110
0.000721
0.000563
0.000622
-0.001141
-0.002554
-0.001373
0.000001
-0.000758
-0.001178
0.000664
0.001804
0.000196
-0.001423
-0.001183
-0.001373
-0.003558
-0.005816
-0.006484
-0.006648
-0.007577
-0.008263
-0.007162
-0.005025
-0.003680
-0.002728
-0.000445
0.002581
0.004236
0.004634
0.005523
0.006796
0.006852
0.005662
0.004715
0.004366
0.003525
0.001977
0.001009
0.001088
0.000963
0.000121
-0.000197
0.000407
0.000627
0.000090
-0.000077
0.000286
0.000120
-0.000763
-0.001554
-0.001954
-0.002387
-0.003114
-0.003811
-0.004011
-0.003850
-0.003883
-0.003982
-0.003466
-0.002632
-0.002836
-0.004312
-0.004868
-0.002716
-0.000221
-0.000617
-0.001455
0.001438
0.005189
0.005162
0.004872
0.008769
0.012053
0.009854
0.007244
0.008956
0.010083
0.006382
0.002376
0.001811
0.001060
-0.002487
-0.005331
-0.005110
-0.004780
-0.006541
-0.007945
-0.006789
-0.005034
-0.004880
-0.005035
-0.003993
-0.002908
-0.002700
-0.002587
-0.002415
-0.002586
-0.002667
-0.002679
-0.003106
-0.002886
-0.001194
0.000096
-0.000111
0.000479
0.002873
0.004492
0.004488
0.005278
0.007016
0.007059
0.005508
0.004987
0.005441
0.004595
0.002413
0.000825
0.000292
-0.000184
-0.000775
-0.000954
-0.000801
-0.000534
0.000010
0.000689
0.001168
0.001421
0.001158
0.000079
-0.001085
-0.001742
-0.002794
-0.004722
-0.006279
-0.006875
-0.007390
-0.007713
-0.006873
-0.005412
-0.004295
-0.002839
-0.000469
0.001772
0.003235
0.004448
0.005427
0.005809
0.005879
0.005715
0.004892
0.003724
0.002944
0.002346
0.001448
0.000721
0.000646
0.000681
0.000362
0.000149
0.000327
0.000415
0.000161
-0.000051
-0.000101
-0.000374
-0.000922
-0.001419
-0.001924
-0.002666
-0.003398
-0.003884
-0.004305
-0.004585
-0.004556
-0.005046
-0.006566
-0.006975
-0.004407
-0.001802
-0.002217
-0.002143
0.001869
0.005437
0.005098
0.005862
0.010358
0.012426
0.009569
0.008073
0.010119
0.009855
0.005593
0.002598
0.002324
0.000639
-0.003040
-0.004854
-0.004271
-0.004603
-0.006414
-0.006923
-0.005529
-0.004543
-0.004611
-0.004255
-0.003474
-0.003290
-0.003205
-0.002790
-0.002933
-0.003433
-0.003240
-0.003090
-0.003637
-0.003182
-0.001238
-0.000157
-0.000232
0.001062
0.003528
0.004544
0.004610
0.005956
0.007407
0.006759
0.005375
0.005377
0.005631
0.004236
0.001993
0.000790
0.000463
-0.000482
-0.001772
-0.001768
-0.000930
-0.001083
-0.001500
-0.000319
0.001292
0.001174
0.000204
0.000140
0.000246
-0.000840
-0.002555
-0.003699
-0.004365
-0.005319
-0.006400
-0.006618
-0.005894
-0.005303
-0.004902
-0.003376
-0.000760
0.001269
0.002366
0.003634
0.005017
0.005556
0.005379
0.005207
0.004989
0.004256
0.003045
0.001961
0.001420
0.000993
0.000154
-0.000599
-0.000588
-0.000266
-0.000275
-0.000277
0.000067
0.000323
0.000166
-0.000174
-0.000477
-0.000779
-0.001280
-0.002070
-0.002798
-0.003288
-0.004441
-0.006794
-0.008243
-0.006647
-0.004450
-0.004941
-0.005243
-0.001443
0.002814
0.003301
0.004204
0.009033
0.012256
0.010284
0.008812
0.010956
0.011188
0.006898
0.003179
0.002439
0.000815
-0.003009
-0.005367
-0.005048
-0.005053
-0.006436
-0.006757
-0.005086
-0.003497
-0.003001
-0.002383
-0.001419
-0.001104
-0.001182
-0.001165
-0.001773
-0.002859
-0.003327
-0.003715
-0.004699
-0.004709
-0.003145
-0.002222
-0.002318
-0.000859
0.002162
0.003888
0.004333
0.005778
0.007510
0.007396
0.006363
0.006232
0.006098
0.004478
0.002200
0.000809
0.000093
-0.001132
-0.002604
-0.002839
-0.001959
-0.001647
-0.001730
-0.000480
0.001496
0.002012
0.001398
0.001473
0.001791
0.000782
-0.001119
-0.002489
-0.003421
-0.004876
-0.006562
-0.007157
-0.006512
-0.005900
-0.005561
-0.004185
-0.001625
0.000559
0.001885
0.003409
0.005194
0.006138
0.006057
0.005706
0.005277
0.004320
0.002753
0.001253
0.000462
-0.000041
-0.001017
-0.001949
-0.001840
-0.001142
-0.000826
-0.000591
0.000094
0.000743
0.000892
0.000841
0.000805
0.000528
-0.000320
-0.002191
-0.005049
-0.007032
-0.006460
-0.005486
-0.006791
-0.007552
-0.004257
-0.000345
0.000478
0.002121
0.007355
0.010847
0.009732
0.009307
0.011806
0.012104
0.008445
0.005387
0.004348
0.001897
-0.002366
-0.005079
-0.005653
-0.006566
-0.008141
-0.008274
-0.006608
-0.004972
-0.004007
-0.002750
-0.001263
-0.000390
0.000167
0.000638
0.000227
-0.000802
-0.001456
-0.002333
-0.003811
-0.004250
-0.003398
-0.003279
-0.003665
-0.002192
0.000589
0.002272
0.003386
0.005505
0.007333
0.007437
0.007206
0.007721
0.007601
0.005824
0.003448
0.001738
0.000482
-0.001320
-0.003413
-0.004218
-0.003645
-0.003468
-0.003709
-0.002461
-0.000081
0.001042
0.000943
0.001593
0.002676
0.002189
0.000298
-0.001095
-0.001797
-0.003209
-0.005288
-0.006416
-0.006241
-0.006048
-0.005988
-0.004679
-0.002081
0.000187
0.001693
0.003437
0.005431
0.006646
0.006787
0.006367
0.005704
0.004653
0.003027
0.001175
-0.000235
-0.001235
-0.002317
-0.003149
-0.003069
-0.002531
-0.002276
-0.001852
-0.000743
0.000274
0.000523
0.000408
-0.000241
-0.001997
-0.003352
-0.002717
-0.002355
-0.004341
-0.005388
-0.002981
-0.000939
-0.001317
0.000254
0.004758
0.006917
0.006090
0.007315
0.010425
0.010513
0.007842
0.006418
0.005799
0.003162
-0.000421
-0.002458
-0.003717
-0.005829
-0.007827
-0.008200
-0.007552
-0.007056
-0.006433
-0.005189
-0.003859
-0.002617
-0.001022
0.000255
0.000422
0.000453
0.000898
0.000481
-0.000678
-0.000820
-0.000506
-0.001403
-0.002176
-0.001057
0.000380
0.000657
0.001345
0.003225
0.004533
0.004830
0.005593
0.006716
0.006763
0.005680
0.004422
0.003397
0.002334
0.000721
-0.001259
-0.002506
-0.002805
-0.003231
-0.003832
-0.003419
-0.002163
-0.001492
-0.001359
-0.000557
0.000514
0.000293
-0.000989
-0.001704
-0.001881
-0.002754
-0.003976
-0.004362
-0.004224
-0.004331
-0.004081
-0.002753
-0.000978
0.000501
0.001875
0.003376
0.004816
0.005978
0.006459
0.006014
0.005214
0.004448
0.003166
0.001375
0.000054
-0.000761
-0.001906
-0.003078
-0.003334
-0.002995
-0.002899
-0.002836
-0.002506
-0.002737
-0.003760
-0.003762
-0.002008
-0.001153
-0.002336
-0.002189
0.000414
0.001610
0.000875
0.002381
0.005572
0.005848
0.004384
0.005522
0.007524
0.006524
0.004321
0.003871
0.003549
0.001565
-0.000436
-0.001320
-0.002306
-0.003842
-0.004915
-0.005164
-0.005100
-0.005015
-0.004903
-0.004765
-0.004417
-0.003532
-0.002458
-0.002062
-0.002043
-0.001311
-0.000411
-0.000522
-0.000675
0.000250
0.000814
0.000108
0.000026
0.001305
0.001989
0.001754
0.002375
0.003572
0.003760
0.003601
0.004195
0.004510
0.003905
0.003451
0.003245
0.002495
0.001660
0.001086
0.000013
-0.001224
-0.001554
-0.001537
-0.001988
-0.002166
-0.001722
-0.001570
-0.001736
-0.001419
-0.001034
-0.001408
-0.001992
-0.002095
-0.002248
-0.002765
-0.002995
-0.002879
-0.002984
-0.002930
-0.002087
-0.001006
-0.000211
0.000794
0.002083
0.002969
0.003524
0.004196
0.004416
0.003774
0.003131
0.002789
0.001919
0.000658
-0.000056
-0.000515
-0.001362
-0.001997
-0.001979
-0.002064
-0.002830
-0.003925
-0.004372
-0.003399
-0.002182
-0.002478
-0.002757
-0.000734
0.001388
0.001256
0.001754
0.004636
0.006168
0.004975
0.004804
0.006334
0.006152
0.004112
0.002951
0.002555
0.001179
-0.000710
-0.001840
-0.002376
-0.002973
-0.003695
-0.004131
-0.003883
-0.003333
-0.003211
-0.003272
-0.002846
-0.002090
-0.001579
-0.001597
-0.001914
-0.001892
-0.001552
-0.001694
-0.001995
-0.001386
-0.000593
-0.000749
-0.000652
0.000737
0.001902
0.002016
0.002470
0.003504
0.003853
0.003715
0.003962
0.004020
0.003435
0.002894
0.002425
0.001624
0.001124
0.001053
0.000262
-0.000992
-0.001130
-0.000584
-0.000881
-0.001403
-0.001029
-0.000675
-0.001068
-0.001210
-0.000879
-0.001154
-0.001985
-0.002430
-0.002566
-0.002825
-0.002955
-0.002891
-0.002844
-0.002446
-0.001515
-0.000676
-0.000023
0.001012
0.002114
0.002620
0.002979
0.003635
0.003831
0.003178
0.002550
0.002236
0.001481
0.000383
-0.000220
-0.000525
-0.001133
-0.001699
-0.002066
-0.002994
-0.004224
-0.004201
-0.003110
-0.002963
-0.003428
-0.002144
0.000157
0.000850
0.001137
0.003441
0.005639
0.005257
0.004710
0.005945
0.006377
0.004678
0.003266
0.002875
0.001724
-0.000108
-0.001278
-0.002122
-0.003141
-0.003628
-0.003556
-0.003562
-0.003329
-0.002662
-0.002390
-0.002534
-0.002143
-0.001457
-0.001534
-0.002050
-0.001965
-0.001607
-0.001863
-0.002195
-0.001700
-0.001036
-0.001034
-0.000862
0.000213
0.001251
0.001689
0.002410
0.003520
0.004034
0.004085
0.004436
0.004553
0.003825
0.003072
0.002836
0.002317
0.001169
0.000217
-0.000180
-0.000670
-0.001489
-0.001970
-0.001807
-0.001566
-0.001634
-0.001699
-0.001444
-0.001048
-0.000944
-0.001217
-0.001430
-0.001423
-0.001652
-0.002123
-0.002196
-0.001908
-0.001931
-0.002115
-0.001661
-0.000661
0.000092
0.000562
0.001301
0.002197
0.002732
0.002911
0.002992
0.002989
0.002821
0.002383
0.001607
0.000749
0.000061
-0.000620
-0.001310
-0.001651
-0.001903
-0.002818
-0.003876
-0.003651
-0.002642
-0.002742
-0.003298
-0.002045
0.000109
0.000760
0.001042
0.002948
0.004790
0.004779
0.004592
0.005398
0.005512
0.004211
0.002954
0.002265
0.001322
0.000014
-0.001199
-0.002225
-0.002932
-0.003242
-0.003501
-0.003606
-0.003056
-0.002293
-0.002078
-0.001930
-0.001171
-0.000482
-0.000665
-0.001108
-0.001017
-0.000897
-0.001321
-0.001629
-0.001376
-0.001296
-0.001541
-0.001167
-0.000154
0.000525
0.000883
0.001588
0.002415
0.002938
0.003399
0.003773
0.003626
0.003167
0.002912
0.002674
0.002022
0.001138
0.000430
-0.000124
-0.000652
-0.001006
-0.001145
-0.001235
-0.001308
-0.001362
-0.001398
-0.001235
-0.000976
-0.001078
-0.001380
-0.001331
-0.001236
-0.001634
-0.002052
-0.001933
-0.001664
-0.001572
-0.001294
-0.000681
-0.000041
0.000490
0.000986
0.001470
0.001944
0.002295
0.002331
0.002165
0.002078
0.001935
0.001473
0.000914
0.000534
0.000152
-0.000364
-0.000836
-0.001366
-0.002238
-0.003017
-0.003039
-0.002761
-0.002952
-0.003010
-0.002125
-0.001012
-0.000339
0.000710
0.002432
0.003672
0.004066
0.004496
0.005046
0.004940
0.004144
0.003260
0.002420
0.001384
0.000135
-0.001101
-0.002042
-0.002594
-0.003017
-0.003414
-0.003395
-0.002870
-0.002375
-0.002084
-0.001557
-0.000832
-0.000497
-0.000575
-0.000585
-0.000553
-0.000810
-0.001174
-0.001268
-0.001218
-0.001266
-0.001195
-0.000838
-0.000394
0.000107
0.000792
0.001507
0.002126
0.002781
0.003377
0.003633
0.003627
0.003481
0.003025
0.002414
0.001962
0.001260
0.000107
-0.000569
-0.000514
-0.000782
-0.001433
-0.001523
-0.001300
-0.001489
-0.001655
-0.001394
-0.001200
-0.001302
-0.001438
-0.001528
-0.001535
-0.001503
-0.001696
-0.001958
-0.001822
-0.001486
-0.001419
-0.001297
-0.000648
0.000141
0.000637
0.001155
0.001895
0.002450
0.002612
0.002662
0.002794
0.002828
0.002483
0.001808
0.001150
0.000628
0.000050
-0.000590
-0.001047
-0.001261
-0.001430
-0.001612
-0.001567
-0.001237
-0.000931
-0.000716
-0.000352
0.000067
0.000271
0.000341
0.000351
0.000177
-0.000068
-0.000216
-0.000419
-0.000711
-0.000838
-0.000801
-0.000766
-0.000629
-0.000316
0.000011
0.000340
0.000740
0.001042
0.001187
0.001397
0.001657
0.001700
0.001535
0.001318
0.001011
0.000586
0.000141
-0.000304
-0.000742
-0.001077
-0.001259
-0.001328
-0.001369
-0.001451
-0.001435
-0.001147
-0.000842
-0.000743
-0.000488
-0.000017
0.000108
0.000001
0.000244
0.000486
0.000307
0.000295
0.000674
0.000805
0.000676
0.000792
0.001033
0.001149
0.001267
0.001358
0.001296
0.001194
0.001030
0.000639
0.000141
-0.000317
-0.000845
-0.001399
-0.001692
-0.001784
-0.001993
-0.002214
-0.002067
-0.001614
-0.001306
-0.001415
-0.001815
-0.001994
-0.001591
-0.001211
-0.001451
-0.001409
-0.000382
0.000455
0.000600
0.001405
0.002935
0.003762
0.004045
0.004745
0.005342
0.005205
0.004763
0.004208
0.003382
0.002426
0.001217
-0.000358
-0.001635
-0.002274
-0.002949
-0.003836
-0.004219
-0.004075
-0.004061
-0.004056
-0.003524
-0.002760
-0.002352
-0.002151
-0.001736
-0.001190
-0.000834
-0.000674
-0.000537
-0.000385
-0.000184
0.000183
0.000593
0.000828
0.001024
0.001342
0.001725
0.002286
0.003025
0.003512
0.003640
0.003738
0.003701
0.003320
0.002907
0.002505
0.001693
0.000629
-0.000161
-0.000791
-0.001525
-0.002130
-0.002468
-0.002728
-0.002877
-0.002774
-0.002554
-0.002338
-0.002074
-0.001819
-0.001609
-0.001322
-0.001085
-0.001125
-0.001138
-0.000778
-0.000420
-0.000373
-0.000189
0.000317
0.000663
0.000790
0.001121
0.001578
0.001809
0.001930
0.002184
0.002424
0.002450
0.002316
0.002122
0.001850
0.001469
0.001016
0.000576
0.000173
-0.000278
-0.000809
-0.001249
-0.001423
-0.001474
-0.001605
-0.001652
-0.001473
-0.001331
-0.001349
-0.001322
-0.001252
-0.001246
-0.001145
-0.000875
-0.000612
-0.000402
-0.000232
-0.000179
-0.000146
0.000028
0.000231
0.000328
0.000409
0.000562
0.000739
0.000911
0.001114
0.001292
0.001375
0.001422
0.001457
0.001397
0.001223
0.000979
0.000708
0.000485
0.000314
0.000092
-0.000179
-0.000395
-0.000550
-0.000671
-0.000722
-0.000733
-0.000796
-0.000871
-0.000846
-0.000742
-0.000701
-0.000775
-0.000837
-0.000784
-0.000686
-0.000619
-0.000554
-0.000467
-0.000359
-0.000264
-0.000225
-0.000125
0.000144
0.000365
0.000412
0.000570
0.000886
0.001006
0.000920
0.000923
0.000956
0.000799
0.000568
0.000466
0.000437
0.000351
0.000236
0.000158
0.000055
-0.000093
-0.000172
-0.000193
-0.000278
-0.000386
-0.000447
-0.000525
-0.000599
-0.000589
-0.000559
-0.000558
-0.000544
-0.000516
-0.000426
-0.000258
-0.000164
-0.000157
-0.000055
0.000139
0.000268
0.000310
0.000324
0.000347
0.000415
0.000494
0.000492
0.000438
0.000405
0.000345
0.000254
0.000251
0.000332
0.000369
0.000326
0.000266
0.000208
0.000116
0.000000
-0.000094
-0.000158
-0.000210
-0.000279
-0.000369
-0.000423
-0.000465
-0.000604
-0.000811
-0.000936
-0.000928
-0.000825
-0.000671
-0.000517
-0.000377
-0.000240
-0.000124
-0.000039
0.000078
0.000274
0.000450
0.000531
0.000632
0.000767
0.000762
0.000655
0.000677
0.000782
0.000748
0.000626
0.000574
0.000535
0.000396
0.000171
-0.000066
-0.000260
-0.000399
-0.000493
-0.000533
-0.000530
-0.000558
-0.000627
-0.000633
-0.000560
-0.000520
-0.000513
-0.000405
-0.000182
0.000015
0.000170
0.000361
0.000517
0.000549
0.000524
0.000494
0.000420
0.000307
0.000229
0.000191
0.000147
0.000096
0.000048
0.000010
-0.000001
0.000003
-0.000021
-0.000073
-0.000104
-0.000101
-0.000095
-0.000098
-0.000100
-0.000131
-0.000214
-0.000298
-0.000352
-0.000415
-0.000493
-0.000527
-0.000473
-0.000388
-0.000371
-0.000364
-0.000216
0.000038
0.000221
0.000291
0.000340
0.000423
0.000502
0.000556
0.000618
0.000663
0.000600
0.000464
0.000408
0.000407
0.000264
-0.000018
-0.000217
-0.000251
-0.000274
-0.000439
-0.000666
-0.000767
-0.000747
-0.000718
-0.000683
-0.000583
-0.000416
-0.000204
0.000027
0.000270
0.000534
0.000780
0.000926
0.000971
0.000979
0.000951
0.000846
0.000636
0.000325
0.000032
-0.000126
-0.000212
-0.000307
-0.000343
-0.000278
-0.000217
-0.000209
-0.000202
-0.000188
-0.000200
-0.000249
-0.000312
-0.000312
-0.000280
-0.000371
-0.000565
-0.000674
-0.000682
-0.000662
-0.000568
-0.000399
-0.000266
-0.000176
-0.000073
0.000041
0.000238
0.000512
0.000553
0.000246
0.000021
0.000129
0.000267
0.000247
0.000273
0.000437
0.000575
0.000588
0.000531
0.000491
0.000496
0.000496
0.000454
0.000410
0.000339
0.000157
-0.000130
-0.000430
-0.000655
-0.000779
-0.000845
-0.000885
-0.000873
-0.000777
-0.000604
-0.000402
-0.000181
0.000113
0.000438
0.000685
0.000872
0.001022
0.001052
0.000953
0.000831
0.000704
0.000489
0.000194
-0.000053
-0.000200
-0.000350
-0.000538
-0.000636
-0.000601
-0.000562
-0.000569
-0.000513
-0.000367
-0.000265
-0.000274
-0.000299
-0.000296
-0.000311
-0.000311
-0.000269
-0.000288
-0.000383
-0.000409
-0.000327
-0.000204
-0.000050
0.000091
0.000163
0.000240
0.000392
0.000581
0.000734
0.000788
0.000751
0.000698
0.000626
0.000503
0.000360
0.000190
-0.000031
-0.000218
-0.000275
-0.000237
-0.000221
-0.000254
-0.000216
-0.000065
0.000054
0.000086
0.000128
0.000171
0.000086
-0.000149
-0.000393
-0.000527
-0.000634
-0.000790
-0.000856
-0.000764
-0.000600
-0.000347
0.000009
0.000324
0.000549
0.000753
0.000932
0.001053
0.001098
0.001038
0.000899
0.000701
0.000406
0.000066
-0.000207
-0.000388
-0.000528
-0.000660
-0.000746
-0.000729
-0.000645
-0.000554
-0.000457
-0.000331
-0.000159
0.000023
0.000109
0.000089
0.000057
0.000013
-0.000081
-0.000170
-0.000219
-0.000254
-0.000273
-0.000258
-0.000176
-0.000017
0.000122
0.000198
0.000316
0.000528
0.000729
0.000793
0.000720
0.000638
0.000588
0.000489
0.000353
0.000235
0.000069
-0.000187
-0.000458
-0.000650
-0.000706
-0.000692
-0.000738
-0.000762
-0.000620
-0.000418
-0.000316
-0.000257
-0.000155
-0.000068
-0.000025
0.000102
0.000367
0.000594
0.000643
0.000576
0.000426
0.000175
-0.000036
-0.000084
-0.000036
0.000046
0.000117
0.000129
0.000185
0.000345
0.000454
0.000433
0.000379
0.000366
0.000344
0.000230
0.000042
-0.000147
-0.000310
-0.000433
-0.000519
-0.000603
-0.000651
-0.000597
-0.000512
-0.000472
-0.000385
-0.000229
-0.000116
-0.000032
0.000071
0.000108
0.000066
0.000053
0.000047
-0.000050
-0.000151
-0.000137
-0.000104
-0.000147
-0.000153
-0.000032
0.000152
0.000327
0.000454
0.000524
0.000592
0.000675
0.000685
0.000586
0.000463
0.000370
0.000266
0.000150
0.000039
-0.000121
-0.000298
-0.000381
-0.000424
-0.000506
-0.000529
-0.000439
-0.000317
-0.000205
-0.000134
-0.000127
-0.000102
-0.000026
0.000010
-0.000022
-0.000065
-0.000075
-0.000048
-0.000027
-0.000036
-0.000052
-0.000067
-0.000087
-0.000089
-0.000057
-0.000010
0.000021
0.000039
0.000078
0.000147
0.000251
0.000402
0.000512
0.000480
0.000386
0.000348
0.000325
0.000266
0.000200
0.000105
-0.000044
-0.000181
-0.000242
-0.000237
-0.000208
-0.000200
-0.000220
-0.000225
-0.000192
-0.000163
-0.000175
-0.000196
-0.000202
-0.000178
-0.000127
-0.000139
-0.000253
-0.000314
-0.000256
-0.000239
-0.000282
-0.000215
-0.000051
0.000084
0.000221
0.000364
0.000382
0.000302
0.000307
0.000387
0.000393
0.000335
0.000304
0.000300
0.000281
0.000198
0.000023
-0.000152
-0.000214
-0.000208
-0.000202
-0.000160
-0.000117
-0.000109
-0.000048
0.000040
0.000044
0.000007
-0.000018
-0.000061
-0.000062
0.000011
0.000037
-0.000041
-0.000146
-0.000233
-0.000248
-0.000168
-0.000162
-0.000377
-0.000609
-0.000591
-0.000393
-0.000211
-0.000053
0.000096
0.000176
0.000249
0.000403
0.000563
0.000611
0.000549
0.000460
0.000421
0.000435
0.000420
0.000329
0.000229
0.000196
0.000200
0.000160
0.000065
-0.000033
-0.000077
-0.000077
-0.000114
-0.000219
-0.000338
-0.000427
-0.000456
-0.000396
-0.000301
-0.000280
-0.000328
-0.000341
-0.000259
-0.000149
-0.000116
-0.000131
-0.000105
-0.000068
-0.000049
0.000026
0.000126
0.000128
0.000068
0.000084
0.000164
0.000190
0.000135
0.000085
0.000085
0.000093
0.000075
0.000073
0.000113
0.000115
0.000035
-0.000000
0.000076
0.000094
-0.000019
-0.000052
0.000078
0.000152
0.000078
0.000033
0.000098
0.000152
0.000115
0.000025
-0.000051
-0.000089
-0.000118
-0.000163
-0.000210
-0.000239
-0.000254
-0.000234
-0.000149
-0.000070
-0.000067
-0.000078
-0.000035
0.000039
0.000135
0.000227
0.000214
0.000093
0.000013
0.000045
0.000113
0.000138
0.000095
0.000014
-0.000021
0.000014
0.000028
-0.000025
-0.000055
0.000009
0.000094
0.000109
0.000062
0.000023
0.000033
0.000072
0.000088
0.000046
-0.000065
-0.000201
-0.000271
-0.000248
-0.000215
-0.000246
-0.000293
-0.000268
-0.000153
-0.000022
0.000016
-0.000030
-0.000015
0.000120
0.000267
0.000346
0.000353
0.000294
0.000227
0.000237
0.000261
0.000183
0.000050
-0.000021
-0.000054
-0.000120
-0.000187
-0.000207
-0.000194
-0.000174
-0.000174
-0.000216
-0.000261
-0.000252
-0.000161
0.000015
0.000166
0.000169
0.000092
0.000083
0.000173
0.000283
0.000318
0.000238
0.000093
-0.000021
-0.000058
-0.000077
-0.000175
-0.000267
-0.000130
0.000173
0.000317
0.000231
0.000125
0.000091
0.000042
-0.000061
-0.000138
-0.000160
-0.000220
-0.000344
-0.000403
-0.000320
-0.000203
-0.000154
-0.000131
-0.000050
0.000087
0.000183
0.000164
0.000095
0.000079
0.000111
0.000132
0.000132
0.000138
0.000145
0.000156
0.000205
0.000284
0.000300
0.000197
0.000042
-0.000055
-0.000059
-0.000047
-0.000120
-0.000276
-0.000397
-0.000395
-0.000330
-0.000323
-0.000376
-0.000370
-0.000272
-0.000159
-0.000048
0.000082
0.000180
0.000203
0.000225
0.000305
0.000373
0.000349
0.000272
0.000239
0.000268
0.000291
0.000268
0.000227
0.000199
0.000153
0.000083
0.000043
0.000011
-0.000052
-0.000070
-0.000004
0.000008
-0.000146
-0.000347
-0.000394
-0.000307
-0.000253
-0.000265
-0.000267
-0.000244
-0.000221
-0.000195
-0.000161
-0.000114
-0.000068
-0.000048
-0.000027
0.000042
0.000135
0.000174
0.000172
0.000187
0.000194
0.000158
0.000124
0.000115
0.000113
0.000127
0.000167
0.000205
0.000208
0.000160
0.000087
0.000057
0.000084
0.000088
0.000006
-0.000100
-0.000125
-0.000103
-0.000119
-0.000159
-0.000183
-0.000197
-0.000200
-0.000191
-0.000198
-0.000220
-0.000205
-0.000129
-0.000023
0.000078
0.000138
0.000144
0.000135
0.000138
0.000128
0.000104
0.000119
0.000175
0.000199
0.000162
0.000105
0.000047
-0.000009
-0.000044
-0.000059
-0.000067
-0.000067
-0.000065
-0.000070
-0.000064
-0.000030
-0.000017
-0.000078
-0.000179
-0.000195
-0.000060
0.000091
0.000062
-0.000120
-0.000241
-0.000194
-0.000062
0.000017
0.000015
0.000019
0.000076
0.000164
0.000278
0.000334
0.000165
-0.000153
-0.000311
-0.000214
-0.000063
-0.000021
-0.000019
0.000072
0.000204
0.000228
0.000143
0.000077
0.000081
0.000096
0.000068
0.000011
-0.000025
-0.000018
0.000006
0.000004
-0.000035
-0.000067
-0.000049
-0.000004
0.000038
0.000088
0.000133
0.000118
0.000034
-0.000066
-0.000132
-0.000158
-0.000180
-0.000188
-0.000129
-0.000025
0.000020
-0.000027
-0.000071
-0.000039
0.000001
-0.000021
-0.000018
0.000099
0.000221
0.000226
0.000156
0.000091
0.000025
-0.000043
-0.000085
-0.000112
-0.000158
-0.000192
-0.000179
-0.000150
-0.000121
-0.000068
-0.000033
-0.000047
-0.000019
0.000076
0.000140
0.000144
0.000145
0.000143
0.000078
-0.000040
-0.000096
-0.000038
0.000037
0.000079
0.000150
0.000210
0.000155
0.000035
-0.000042
-0.000066
-0.000078
-0.000073
-0.000036
-0.000010
-0.000022
-0.000029
-0.000029
-0.000055
-0.000081
-0.000070
-0.000045
-0.000018
0.000014
0.000024
-0.000016
-0.000065
-0.000062
-0.000021
-0.000012
-0.000043
-0.000039
0.000023
0.000060
0.000032
0.000024
0.000072
0.000097
0.000074
0.000058
0.000058
0.000027
-0.000028
-0.000043
-0.000002
0.000054
0.000081
0.000030
-0.000067
-0.000093
-0.000043
-0.000028
-0.000050
-0.000031
0.000011
0.000017
0.000008
0.000029
0.000051
0.000016
-0.000057
-0.000079
-0.000033
0.000002
-0.000023
-0.000056
-0.000049
-0.000024
-0.000000
0.000029
0.000047
0.000043
0.000059
0.000108
0.000129
0.000093
0.000040
-0.000012
-0.000023
0.000055
0.000095
-0.000042
-0.000219
-0.000234
-0.000118
-0.000013
0.000017
-0.000006
-0.000032
-0.000036
-0.000039
-0.000081
-0.000145
-0.000081
0.000171
0.000392
0.000408
0.000327
0.000263
0.000183
0.000090
0.000043
0.000005
-0.000101
-0.000219
-0.000252
-0.000252
-0.000287
-0.000297
-0.000236
-0.000161
-0.000123
-0.000114
-0.000088
-0.000039
-0.000029
-0.000063
-0.000077
-0.000047
-0.000008
0.000020
0.000062
0.000136
0.000208
0.000235
0.000208
0.000140
0.000080
0.000097
0.000156
0.000136
0.000037
-0.000012
0.000023
0.000048
0.000011
-0.000041
-0.000063
-0.000077
-0.000103
-0.000120
-0.000107
-0.000060
-0.000005
0.000026
0.000052
0.000091
0.000099
0.000069
0.000042
0.000018
-0.000031
-0.000072
-0.000050
0.000030
0.000091
0.000062
-0.000033
-0.000110
-0.000129
-0.000114
-0.000075
0.000003
0.000082
0.000101
0.000073
0.000044
0.000033
0.000035
0.000041
0.000060
0.000086
0.000062
-0.000020
-0.000074
-0.000080
-0.000109
-0.000173
-0.000197
-0.000157
-0.000121
-0.000128
-0.000127
-0.000082
-0.000034
-0.000010
0.000040
0.000153
0.000274
0.000307
0.000229
0.000128
0.000098
0.000103
0.000049
-0.000061
-0.000142
-0.000129
-0.000042
0.000040
0.000066
0.000062
0.000061
0.000057
0.000036
0.000009
-0.000004
-0.000035
-0.000135
-0.000237
-0.000225
-0.000120
-0.000039
-0.000017
-0.000013
-0.000001
0.000011
0.000011
-0.000000
-0.000012
-0.000020
-0.000000
0.000072
0.000143
0.000143
0.000091
0.000046
0.000031
0.000045
0.000087
0.000101
0.000034
-0.000053
-0.000084
-0.000079
-0.000080
-0.000070
-0.000038
-0.000012
0.000004
0.000008
-0.000054
-0.000147
-0.000143
-0.000058
-0.000005
0.000027
0.000096
0.000141
0.000105
0.000087
0.000138
0.000080
-0.000179
-0.000428
-0.000482
-0.000382
-0.000242
-0.000111
0.000010
0.000116
0.000200
0.000268
0.000324
0.000366
0.000388
0.000375
0.000322
0.000257
0.000213
0.000172
0.000098
0.000013
-0.000052
-0.000113
-0.000195
-0.000244
-0.000206
-0.000136
-0.000121
-0.000161
-0.000197
-0.000178
-0.000126
-0.000106
-0.000115
-0.000104
-0.000113
-0.000208
-0.000377
-0.000549
-0.000559
-0.000186
0.000487
0.000983
0.001015
0.000790
0.000646
0.000709
0.000799
0.000594
0.000079
-0.000378
-0.000526
-0.000491
-0.000512
-0.000690
-0.000933
-0.001050
-0.000953
-0.000725
-0.000484
-0.000275
-0.000062
0.000203
0.000464
0.000566
0.000467
0.000336
0.000308
0.000340
0.000340
0.000263
0.000160
0.000146
0.000236
0.000332
0.000341
0.000232
0.000068
-0.000028
-0.000014
0.000005
-0.000063
-0.000142
-0.000094
0.000032
0.000037
-0.000137
-0.000323
-0.000360
-0.000286
-0.000241
-0.000277
-0.000339
-0.000342
-0.000222
-0.000015
0.000133
0.000125
0.000043
0.000063
0.000210
0.000331
0.000317
0.000222
0.000166
0.000162
0.000119
0.000010
-0.000071
-0.000038
0.000064
0.000124
0.000112
0.000092
0.000092
0.000083
0.000041
-0.000045
-0.000178
-0.000305
-0.000334
-0.000245
-0.000148
-0.000136
-0.000111
0.000016
0.000115
0.000068
-0.000019
-0.000021
0.000013
0.000004
-0.000021
-0.000013
-0.000009
-0.000054
-0.000094
-0.000078
-0.000042
-0.000023
-0.000019
-0.000027
-0.000027
0.000008
0.000082
0.000166
0.000248
0.000339
0.000376
0.000288
0.000175
0.000154
0.000160
0.000095
-0.000011
-0.000087
-0.000125
-0.000169
-0.000266
-0.000389
-0.000382
-0.000169
0.000090
0.000230
0.000263
0.000240
0.000153
0.000012
-0.000119
-0.000199
-0.000227
-0.000224
-0.000234
-0.000266
-0.000268
-0.000193
-0.000064
0.000047
0.000089
0.000072
0.000027
-0.000022
-0.000011
0.000091
0.000165
0.000115
0.000038
0.000052
0.000123
0.000180
0.000205
0.000171
0.000069
-0.000025
-0.000041
0.000008
0.000050
0.000016
-0.000072
-0.000119
-0.000100
-0.000102
-0.000164
-0.000231
-0.000225
-0.000135
-0.000029
0.000042
0.000099
0.000176
0.000246
0.000253
0.000209
0.000183
0.000199
0.000195
0.000131
0.000066
0.000054
0.000036
-0.000054
-0.000163
-0.000202
-0.000181
-0.000131
-0.000051
-0.000015
-0.000106
-0.000218
-0.000193
-0.000077
-0.000005
0.000014
0.000033
0.000040
0.000005
-0.000025
0.000013
0.000076
0.000056
-0.000036
-0.000077
-0.000019
0.000056
0.000055
-0.000026
-0.000109
-0.000109
-0.000031
0.000031
0.000036
0.000052
0.000105
0.000135
0.000109
0.000076
0.000067
0.000067
0.000075
0.000067
0.000013
-0.000054
-0.000066
-0.000012
0.000053
0.000070
0.000034
-0.000008
-0.000020
-0.000039
-0.000101
-0.000146
-0.000129
-0.000100
-0.000094
-0.000079
-0.000022
0.000033
0.000014
-0.000038
0.000010
0.000155
0.000242
0.000182
0.000052
-0.000040
-0.000068
-0.000055
-0.000034
-0.000027
-0.000038
-0.000083
-0.000145
-0.000145
-0.000079
-0.000043
-0.000045
0.000003
0.000093
0.000137
0.000128
0.000104
0.000081
0.000058
0.000016
-0.000046
-0.000065
0.000015
0.000119
0.000126
0.000046
-0.000025
-0.000049
-0.000059
-0.000072
-0.000067
-0.000029
0.000067
0.000183
0.000114
-0.000208
-0.000460
-0.000403
-0.000226
-0.000138
-0.000101
-0.000047
-0.000003
0.000004
0.000030
0.000137
0.000269
0.000329
0.000320
0.000302
0.000307
0.000304
0.000237
0.000118
0.000010
-0.000056
-0.000067
-0.000037
-0.000010
-0.000003
-0.000033
-0.000124
-0.000227
-0.000249
-0.000193
-0.000150
-0.000174
-0.000219
-0.000191
-0.000077
0.000009
-0.000000
0.000008
0.000110
0.000197
0.000170
0.000100
0.000092
0.000131
0.000134
0.000077
0.000015
0.000002
0.000035
0.000056
0.000034
-0.000025
-0.000124
-0.000230
-0.000258
-0.000189
-0.000101
-0.000050
-0.000027
-0.000017
-0.000002
0.000031
0.000046
0.000005
-0.000063
-0.000091
-0.000068
-0.000039
-0.000015
0.000035
0.000096
0.000135
0.000168
0.000187
0.000162
0.000096
0.000021
-0.000038
-0.000051
-0.000008
0.000027
-0.000005
-0.000047
-0.000016
0.000055
0.000084
0.000081
0.000080
0.000056
-0.000016
-0.000096
-0.000115
-0.000068
-0.000046
-0.000099
-0.000139
-0.000088
-0.000011
0.000018
0.000026
0.000037
0.000034
0.000017
-0.000012
-0.000053
-0.000074
-0.000046
0.000019
0.000077
0.000075
0.000017
-0.000014
0.000019
0.000057
0.000030
-0.000057
-0.000125
-0.000103
0.000002
0.000110
0.000123
0.000040
-0.000042
-0.000053
-0.000004
0.000033
0.000004
-0.000062
-0.000083
-0.000023
0.000072
0.000129
0.000134
0.000111
0.000064
-0.000007
-0.000072
-0.000092
-0.000090
-0.000105
-0.000101
-0.000037
0.000054
0.000106
0.000089
0.000043
0.000038
0.000077
0.000079
0.000033
0.000015
0.000010
-0.000048
-0.000109
-0.000118
-0.000124
-0.000148
-0.000170
-0.000220
-0.000196
0.000068
0.000407
0.000461
0.000232
0.000055
0.000078
0.000166
0.000205
0.000174
0.000080
-0.000054
-0.000204
-0.000307
-0.000288
-0.000207
-0.000203
-0.000259
-0.000249
-0.000169
-0.000083
0.000008
0.000091
0.000127
0.000114
0.000048
-0.000038
-0.000034
0.000052
0.000085
0.000050
0.000050
0.000096
0.000101
0.000068
0.000073
0.000108
0.000086
0.000003
-0.000054
-0.000046
-0.000035
-0.000066
-0.000095
-0.000080
-0.000049
-0.000033
-0.000037
-0.000030
0.000013
0.000059
0.000075
0.000096
0.000146
0.000175
0.000153
0.000150
0.000186
0.000153
0.000026
-0.000089
-0.000123
-0.000082
-0.000011
0.000008
-0.000061
-0.000161
-0.000209
-0.000192
-0.000141
-0.000080
-0.000042
-0.000044
-0.000030
0.000033
0.000084
0.000085
0.000076
0.000085
0.000083
0.000022
-0.000087
-0.000156
-0.000112
0.000009
0.000075
0.000013
-0.000075
-0.000037
0.000094
0.000137
0.000027
-0.000085
-0.000069
0.000011
0.000055
0.000071
0.000068
0.000035
0.000030
0.000079
0.000106
0.000047
-0.000045
-0.000058
0.000019
0.000079
0.000054
-0.000034
-0.000122
-0.000131
-0.000050
0.000010
-0.000021
-0.000063
-0.000038
0.000004
-0.000028
-0.000116
-0.000133
-0.000043
0.000040
0.000047
0.000039
0.000068
0.000111
0.000133
0.000133
0.000123
0.000086
0.000005
-0.000089
-0.000133
-0.000107
-0.000049
-0.000014
-0.000018
-0.000024
0.000006
0.000039
0.000002
-0.000083
-0.000116
-0.000092
-0.000063
-0.000027
0.000030
0.000088
0.000138
0.000148
0.000083
0.000006
0.000003
0.000071
0.000123
0.000081
-0.000025
-0.000058
0.000032
0.000058
-0.000140
-0.000385
-0.000434
-0.000332
-0.000266
-0.000246
-0.000156
0.000011
0.000154
0.000237
0.000282
0.000288
0.000259
0.000256
0.000303
0.000328
0.000284
0.000220
0.000149
0.000023
-0.000115
-0.000135
-0.000028
0.000041
-0.000002
-0.000030
0.000015
0.000008
-0.000092
-0.000164
-0.000162
-0.000177
-0.000232
-0.000223
-0.000130
-0.000058
-0.000072
-0.000132
-0.000155
-0.000087
0.000018
0.000055
0.000033
0.000060
0.000152
0.000200
0.000163
0.000115
0.000088
0.000061
0.000034
-0.000000
-0.000049
-0.000083
-0.000100
-0.000135
-0.000161
-0.000117
-0.000043
-0.000007
0.000031
0.000095
0.000118
0.000081
0.000027
-0.000015
-0.000040
-0.000050
-0.000053
-0.000051
-0.000037
-0.000021
-0.000005
0.000042
0.000124
0.000172
0.000133
0.000037
-0.000043
-0.000062
-0.000022
0.000043
0.000076
0.000034
-0.000021
0.000007
0.000072
0.000062
-0.000017
-0.000085
-0.000104
-0.000076
-0.000034
-0.000015
-0.000011
-0.000007
-0.000013
-0.000045
-0.000074
-0.000031
0.000074
0.000117
0.000018
-0.000128
-0.000185
-0.000140
-0.000071
-0.000032
-0.000001
0.000059
0.000124
0.000154
0.000137
0.000074
0.000003
-0.000002
0.000058
0.000087
0.000055
0.000018
-0.000006
-0.000020
-0.000012
0.000001
0.000001
-0.000012
-0.000048
-0.000071
-0.000041
-0.000005
-0.000032
-0.000087
-0.000086
-0.000034
0.000014
0.000043
0.000052
0.000042
0.000034
0.000031
0.000017
0.000005
0.000024
0.000060
0.000081
0.000076
0.000050
0.000021
0.000029
0.000048
-0.000015
-0.000125
-0.000157
-0.000096
-0.000036
-0.000034
-0.000066
-0.000105
-0.000171
-0.000193
-0.000020
0.000272
0.000372
0.000218
0.000103
0.000161
0.000191
0.000101
0.000009
-0.000069
-0.000178
-0.000236
-0.000198
-0.000166
-0.000169
-0.000142
-0.000078
-0.000030
-0.000008
0.000014
0.000021
-0.000018
-0.000073
-0.000094
-0.000102
-0.000143
-0.000169
-0.000090
0.000055
0.000137
0.000156
0.000195
0.000244
0.000215
0.000107
0.000042
0.000071
0.000092
0.000053
0.000016
0.000016
0.000014
-0.000042
-0.000131
-0.000138
-0.000018
0.000100
0.000082
-0.000018
-0.000063
-0.000027
0.000022
0.000048
0.000067
0.000077
0.000077
