5921
0.000171
0.000237
0.000204
0.000102
0.000021
-0.000038
-0.000119
-0.000203
-0.000239
-0.000225
-0.000195
-0.000171
-0.000147
-0.000090
0.000026
0.000160
0.000212
0.000168
0.000130
0.000133
0.000108
0.000022
-0.000068
-0.000084
-0.000037
-0.000017
-0.000048
-0.000067
-0.000045
-0.000027
-0.000050
-0.000091
-0.000090
-0.000020
0.000063
0.000067
-0.000005
-0.000055
-0.000037
0.000002
0.000039
0.000094
0.000139
0.000101
0.000008
-0.000041
-0.000018
0.000008
-0.000009
-0.000032
0.000004
0.000083
0.000106
0.000037
-0.000030
-0.000025
-0.000004
-0.000021
-0.000027
-0.000005
-0.000002
-0.000007
0.000014
0.000031
0.000018
-0.000009
-0.000030
-0.000041
-0.000047
-0.000047
-0.000050
-0.000090
-0.000158
-0.000204
-0.000220
-0.000198
-0.000045
0.000229
0.000445
0.000488
0.000410
0.000303
0.000211
0.000129
0.000035
-0.000071
-0.000172
-0.000269
-0.000336
-0.000319
-0.000230
-0.000157
-0.000106
-0.000027
0.000019
-0.000037
-0.000106
-0.000103
-0.000086
-0.000103
-0.000107
-0.000076
-0.000057
-0.000060
-0.000030
0.000061
0.000182
0.000268
0.000265
0.000194
0.000141
0.000122
0.000092
0.000064
0.000062
0.000051
0.000008
-0.000052
-0.000103
-0.000107
-0.000043
0.000036
0.000052
0.000001
-0.000061
-0.000067
-0.000021
0.000012
0.000029
0.000055
0.000068
0.000057
0.000051
0.000071
0.000073
0.000009
-0.000079
-0.000127
-0.000141
-0.000143
-0.000134
-0.000073
0.000054
0.000154
0.000144
0.000084
0.000052
0.000031
0.000000
-0.000022
-0.000032
-0.000027
-0.000004
0.000000
-0.000029
-0.000058
-0.000061
-0.000077
-0.000135
-0.000157
-0.000071
0.000024
0.000035
0.000037
0.000089
0.000135
0.000126
0.000106
0.000115
0.000109
0.000050
-0.000003
-0.000017
-0.000063
-0.000162
-0.000196
-0.000136
-0.000082
-0.000047
0.000006
0.000042
0.000049
0.000068
0.000112
0.000145
0.000118
0.000043
0.000009
0.000034
0.000041
-0.000007
-0.000085
-0.000140
-0.000132
-0.000084
-0.000046
-0.000034
-0.000010
0.000052
0.000101
0.000060
-0.000051
-0.000117
-0.000080
-0.000004
0.000016
-0.000025
-0.000046
-0.000009
0.000033
0.000047
0.000071
0.000105
0.000089
0.000039
0.000044
0.000082
0.000055
-0.000004
-0.000002
0.000033
0.000023
-0.000022
-0.000077
-0.000138
-0.000160
-0.000104
-0.000023
0.000003
-0.000048
-0.000118
-0.000119
-0.000012
0.000154
0.000221
0.000055
-0.000211
-0.000323
-0.000266
-0.000175
-0.000072
0.000057
0.000136
0.000130
0.000126
0.000188
0.000241
0.000202
0.000144
0.000169
0.000221
0.000193
0.000148
0.000178
0.000190
0.000083
-0.000034
-0.000035
0.000001
-0.000053
-0.000127
-0.000112
-0.000073
-0.000107
-0.000197
-0.000269
-0.000280
-0.000236
-0.000166
-0.000111
-0.000103
-0.000100
-0.000039
0.000051
0.000103
0.000118
0.000151
0.000215
0.000216
0.000107
0.000006
0.000013
0.000061
0.000068
0.000070
0.000083
0.000017
-0.000123
-0.000177
-0.000100
-0.000058
-0.000158
-0.000266
-0.000212
-0.000065
-0.000001
-0.000028
-0.000047
-0.000023
0.000017
0.000036
0.000015
-0.000004
0.000043
0.000133
0.000167
0.000130
0.000083
0.000051
0.000025
0.000015
0.000034
0.000080
0.000106
0.000080
0.000034
0.000012
0.000013
0.000015
0.000013
0.000008
0.000007
0.000007
-0.000017
-0.000059
-0.000086
-0.000095
-0.000091
-0.000069
-0.000050
-0.000067
-0.000117
-0.000156
-0.000159
-0.000143
-0.000090
0.000012
0.000103
0.000164
0.000216
0.000238
0.000196
0.000104
0.000008
-0.000030
-0.000007
0.000006
-0.000019
-0.000032
0.000004
0.000060
0.000091
0.000086
0.000060
-0.000001
-0.000094
-0.000151
-0.000138
-0.000110
-0.000102
-0.000074
-0.000020
0.000002
-0.000034
-0.000066
-0.000043
0.000003
0.000001
-0.000065
-0.000102
-0.000036
0.000064
0.000102
0.000099
0.000105
0.000103
0.000073
0.000045
0.000045
0.000068
0.000109
0.000145
0.000142
0.000084
-0.000008
-0.000067
-0.000033
0.000014
-0.000050
-0.000159
-0.000170
-0.000103
-0.000084
-0.000151
-0.000211
-0.000111
0.000139
0.000330
0.000354
0.000292
0.000204
0.000070
-0.000059
-0.000091
-0.000068
-0.000122
-0.000232
-0.000253
-0.000183
-0.000135
-0.000144
-0.000151
-0.000076
0.000058
0.000091
-0.000030
-0.000116
-0.000063
-0.000009
-0.000034
-0.000044
-0.000007
0.000005
-0.000025
-0.000049
-0.000049
-0.000027
0.000029
0.000122
0.000212
0.000244
0.000220
0.000189
0.000172
0.000129
0.000038
-0.000040
-0.000042
-0.000008
-0.000038
-0.000130
-0.000168
-0.000104
-0.000011
0.000031
0.000010
-0.000014
0.000033
0.000145
0.000197
0.000112
0.000021
0.000043
0.000065
-0.000012
-0.000075
-0.000039
0.000011
0.000022
0.000025
0.000013
-0.000033
-0.000077
-0.000081
-0.000059
-0.000035
-0.000017
-0.000021
-0.000058
-0.000081
-0.000051
-0.000020
-0.000030
-0.000047
-0.000044
-0.000055
-0.000103
-0.000131
-0.000075
0.000022
0.000049
-0.000008
-0.000058
-0.000043
0.000014
0.000073
0.000113
0.000145
0.000201
0.000251
0.000227
0.000145
0.000069
-0.000009
-0.000099
-0.000129
-0.000071
-0.000015
-0.000026
-0.000049
-0.000019
0.000036
0.000054
0.000006
-0.000055
-0.000038
0.000018
-0.000006
-0.000080
-0.000087
-0.000043
-0.000030
-0.000050
-0.000061
-0.000056
-0.000069
-0.000121
-0.000156
-0.000090
0.000066
0.000171
0.000112
-0.000023
-0.000042
0.000070
0.000131
0.000047
-0.000049
0.000000
0.000132
0.000153
0.000040
-0.000019
0.000067
0.000134
0.000032
-0.000120
-0.000147
-0.000077
-0.000042
-0.000074
-0.000095
-0.000047
0.000015
0.000003
-0.000062
-0.000090
-0.000050
0.000037
0.000121
0.000152
0.000170
0.000231
0.000230
0.000035
-0.000237
-0.000390
-0.000389
-0.000306
-0.000218
-0.000169
-0.000115
0.000000
0.000127
0.000196
0.000226
0.000262
0.000297
0.000283
0.000210
0.000166
0.000208
0.000255
0.000214
0.000101
-0.000025
-0.000122
-0.000188
-0.000213
-0.000185
-0.000163
-0.000199
-0.000230
-0.000179
-0.000084
-0.000016
0.000033
0.000081
0.000080
0.000010
-0.000050
-0.000013
0.000071
0.000069
-0.000016
-0.000020
0.000130
0.000280
0.000257
0.000113
0.000022
0.000021
0.000013
-0.000055
-0.000161
-0.000260
-0.000299
-0.000269
-0.000240
-0.000254
-0.000242
-0.000144
-0.000040
0.000009
0.000062
0.000150
0.000208
0.000183
0.000106
0.000059
0.000072
0.000085
0.000045
-0.000001
0.000025
0.000090
0.000092
0.000020
-0.000025
-0.000002
0.000008
-0.000023
-0.000013
0.000031
0.000027
-0.000008
0.000006
0.000060
0.000067
-0.000017
-0.000113
-0.000102
-0.000016
-0.000008
-0.000082
-0.000070
0.000057
0.000110
0.000005
-0.000253
-0.001280
-0.003186
-0.003261
0.000343
0.003521
0.002404
0.000859
0.003161
0.005403
0.003011
-0.000336
0.000246
0.001973
0.000401
-0.002350
-0.002384
-0.001154
-0.002134
-0.004487
-0.004716
-0.002759
-0.001785
-0.002370
-0.001977
-0.000108
0.001067
0.000784
0.000374
0.000800
0.001570
0.001642
0.001155
0.001542
0.003040
0.003576
0.002094
0.000976
0.001866
0.002120
-0.000040
-0.001357
0.000132
0.000878
-0.000991
-0.001913
-0.000231
0.000605
-0.000988
-0.002025
-0.001119
-0.000679
-0.001707
-0.002042
-0.000774
0.000149
-0.000435
-0.001123
-0.000648
0.000058
-0.000274
-0.000984
-0.000786
0.000004
0.000354
0.000393
0.000773
0.001457
0.001960
0.001824
0.001197
0.000932
0.001183
0.001046
0.000446
0.000302
0.000476
0.000128
-0.000287
0.000012
0.000197
-0.000592
-0.001298
-0.000896
-0.000250
-0.000349
-0.000773
-0.000872
-0.000808
-0.000921
-0.001087
-0.001028
-0.000857
-0.000876
-0.000908
-0.000489
0.000329
0.000958
0.001095
0.001165
0.001535
0.001560
0.000538
-0.000724
-0.001002
-0.000527
-0.000156
0.000396
0.001742
0.002863
0.002272
0.000581
-0.000498
-0.000970
-0.001862
-0.002685
-0.002117
-0.000244
0.001491
0.002105
0.001934
0.001475
0.000370
-0.001401
-0.002492
-0.002014
-0.001048
-0.000749
-0.000472
0.000668
0.001752
0.001444
0.000214
-0.000544
-0.000606
-0.000739
-0.001047
-0.000753
0.000263
0.000930
0.000701
0.000395
0.000533
0.000436
-0.000308
-0.000887
-0.000619
-0.000061
0.000084
0.000101
0.000511
0.000955
0.000776
0.000205
0.000028
0.000239
0.000101
-0.000475
-0.000789
-0.000543
-0.000173
-0.000059
-0.000057
0.000121
0.000292
0.000028
-0.000456
-0.000514
-0.000187
-0.000085
-0.000208
0.000006
0.000531
0.000766
0.000596
0.000475
0.000529
0.000408
-0.000011
-0.000359
-0.000318
-0.000110
-0.000118
-0.000229
-0.000098
0.000147
0.000108
-0.000160
-0.000220
-0.000020
0.000029
-0.000207
-0.000375
-0.000234
0.000010
0.000085
0.000070
0.000174
0.000312
0.000234
-0.000029
-0.000200
-0.000194
-0.000187
-0.000230
-0.000150
0.000086
0.000241
0.000329
0.000588
0.000588
-0.000267
-0.001354
-0.001636
-0.001167
-0.000617
-0.000038
0.001016
0.002306
0.002767
0.002036
0.001033
0.000316
-0.000703
-0.002210
-0.003110
-0.002462
-0.000922
0.000161
0.000552
0.000957
0.001355
0.001003
0.000024
-0.000654
-0.000890
-0.001236
-0.001508
-0.001007
0.000122
0.000998
0.001223
0.001180
0.001229
0.001157
0.000610
-0.000205
-0.000768
-0.000998
-0.001052
-0.000814
-0.000222
0.000312
0.000199
-0.000714
-0.001641
-0.001290
0.000286
0.001261
0.000835
0.000576
0.001452
0.002186
0.001993
0.001967
0.002481
0.002208
0.000780
-0.000204
0.000222
0.000840
0.000361
-0.000577
-0.000823
-0.000634
-0.000802
-0.001185
-0.001372
-0.001642
-0.002293
-0.002958
-0.003121
-0.002674
-0.002017
-0.001814
-0.002082
-0.001841
-0.000702
0.000025
-0.000943
-0.002532
-0.001918
0.001561
0.004372
0.003734
0.002490
0.003962
0.005731
0.004746
0.003209
0.003380
0.002964
0.000452
-0.001345
-0.000452
0.000945
0.000412
-0.001221
-0.001628
-0.000536
-0.000046
-0.001328
-0.002829
-0.003028
-0.002782
-0.003230
-0.003518
-0.002481
-0.001124
-0.001234
-0.002118
-0.001445
0.000495
0.000901
-0.000636
-0.001438
-0.000460
0.000504
0.000580
0.000848
0.001750
0.002503
0.002683
0.002745
0.003271
0.003894
0.003379
0.001691
0.000590
0.000747
0.000542
-0.000839
-0.001901
-0.001642
-0.001163
-0.001454
-0.001792
-0.001378
-0.001190
-0.002847
-0.005505
-0.005759
-0.002660
-0.000111
-0.000661
-0.000948
0.001962
0.005031
0.005091
0.004319
0.005147
0.005384
0.002836
0.000056
0.000245
0.001952
0.001799
0.000019
-0.000508
0.000697
0.001382
0.000588
-0.000511
-0.001343
-0.002515
-0.004136
-0.005413
-0.005480
-0.004391
-0.003547
-0.003822
-0.003743
-0.001848
0.000345
0.000676
-0.000066
0.000090
0.000858
0.000785
0.000189
0.000569
0.001813
0.002255
0.001608
0.001591
0.002962
0.004130
0.003634
0.002257
0.001719
0.002153
0.002202
0.001612
0.001625
0.002268
0.002063
0.000994
0.000624
0.001020
0.000521
-0.001360
-0.003203
-0.003888
-0.003914
-0.004288
-0.004978
-0.005057
-0.004243
-0.003370
-0.002874
-0.002097
-0.000816
-0.000011
-0.000227
-0.000446
0.000351
0.001455
0.001617
0.001273
0.001773
0.002987
0.003649
0.003551
0.003506
0.003657
0.003412
0.002657
0.001890
0.001424
0.001020
0.000251
-0.000701
-0.001031
-0.000664
-0.000618
-0.001259
-0.001685
-0.001500
-0.001511
-0.002144
-0.002751
-0.002872
-0.002912
-0.003220
-0.003408
-0.002973
-0.002079
-0.001348
-0.001307
-0.002220
-0.003336
-0.002627
0.000316
0.002416
0.001898
0.001957
0.004859
0.007340
0.006915
0.006375
0.007493
0.007255
0.004190
0.001746
0.002160
0.002745
0.001002
-0.001275
-0.001554
-0.000694
-0.000848
-0.001864
-0.002519
-0.003116
-0.004363
-0.005714
-0.006456
-0.006542
-0.006153
-0.005901
-0.006205
-0.005803
-0.003442
-0.000724
0.000059
-0.000195
0.000715
0.002221
0.002470
0.001976
0.002335
0.003033
0.002590
0.001747
0.002636
0.005036
0.006326
0.005582
0.004729
0.004971
0.005061
0.003876
0.002083
0.000786
0.000204
-0.000263
-0.001038
-0.001426
-0.000809
-0.000467
-0.001708
-0.003150
-0.003086
-0.002752
-0.003937
-0.005685
-0.006167
-0.005614
-0.005264
-0.005082
-0.004151
-0.002467
-0.001057
-0.000329
0.000515
0.001945
0.003061
0.002972
0.002337
0.002418
0.003215
0.003625
0.003288
0.003165
0.003800
0.004252
0.003819
0.003314
0.003316
0.002939
0.001576
0.000073
-0.000761
-0.001284
-0.002101
-0.003048
-0.003398
-0.002870
-0.002242
-0.002359
-0.002747
-0.002525
-0.002128
-0.002449
-0.003074
-0.003078
-0.002682
-0.002614
-0.002680
-0.002497
-0.002749
-0.003556
-0.002860
0.000294
0.002924
0.002911
0.003217
0.006151
0.008519
0.007805
0.006838
0.007576
0.007245
0.004424
0.002177
0.002318
0.002482
0.000870
-0.000835
-0.000897
-0.000373
-0.000864
-0.001964
-0.002737
-0.003506
-0.004610
-0.005615
-0.006466
-0.007249
-0.007390
-0.006936
-0.006751
-0.006297
-0.004304
-0.001879
-0.001035
-0.000858
0.000676
0.002678
0.003103
0.002530
0.002729
0.003337
0.003007
0.002459
0.003413
0.005119
0.005356
0.004584
0.004992
0.006082
0.005761
0.004352
0.003251
0.002105
0.000542
-0.000502
-0.000834
-0.001269
-0.001839
-0.002122
-0.002233
-0.002206
-0.002028
-0.002342
-0.003467
-0.004581
-0.005070
-0.005347
-0.005740
-0.005845
-0.005286
-0.004277
-0.003137
-0.001729
0.000033
0.001598
0.002516
0.003115
0.003705
0.004036
0.003941
0.003550
0.002986
0.002614
0.002780
0.003085
0.003093
0.003133
0.003332
0.003174
0.002640
0.002151
0.001459
0.000181
-0.001242
-0.002265
-0.002955
-0.003419
-0.003577
-0.003571
-0.003518
-0.003198
-0.002599
-0.002184
-0.002167
-0.002185
-0.002010
-0.001948
-0.002148
-0.002230
-0.002346
-0.003439
-0.004798
-0.003635
0.000061
0.002211
0.001744
0.002915
0.006922
0.009239
0.008263
0.007808
0.009005
0.008296
0.004848
0.002280
0.002067
0.001566
-0.000609
-0.002285
-0.001879
-0.000974
-0.001268
-0.001969
-0.001955
-0.001810
-0.002325
-0.003491
-0.005185
-0.006761
-0.007270
-0.007269
-0.007783
-0.007662
-0.005601
-0.003283
-0.002482
-0.001582
0.001103
0.003692
0.004002
0.003224
0.003394
0.003981
0.003408
0.002185
0.002176
0.003256
0.003474
0.002847
0.003508
0.005485
0.006301
0.005273
0.004184
0.003639
0.002624
0.001124
-0.000086
-0.001138
-0.002269
-0.002942
-0.003005
-0.002895
-0.002675
-0.002447
-0.002726
-0.003329
-0.003460
-0.003316
-0.003859
-0.004920
-0.005329
-0.004809
-0.004098
-0.003390
-0.002225
-0.000655
0.000828
0.002165
0.003475
0.004423
0.004697
0.004523
0.004153
0.003616
0.003101
0.002694
0.002128
0.001578
0.001680
0.002233
0.002377
0.002099
0.001964
0.001757
0.000935
-0.000197
-0.001068
-0.001864
-0.002897
-0.003785
-0.004081
-0.003956
-0.003784
-0.003674
-0.003521
-0.003134
-0.002424
-0.001659
-0.001234
-0.001189
-0.001552
-0.002733
-0.004122
-0.003589
-0.000953
0.000621
0.000149
0.001235
0.005180
0.007992
0.007784
0.007862
0.009626
0.009803
0.007062
0.004527
0.003848
0.002727
-0.000128
-0.002535
-0.002850
-0.002542
-0.003161
-0.003765
-0.003139
-0.002072
-0.001803
-0.002355
-0.003317
-0.004280
-0.004746
-0.005114
-0.006211
-0.007185
-0.006624
-0.005399
-0.004933
-0.004016
-0.001229
0.001680
0.002673
0.002980
0.004438
0.006002
0.005774
0.004288
0.003479
0.003667
0.003400
0.002117
0.001359
0.002331
0.003636
0.003452
0.002657
0.003089
0.004029
0.003519
0.001925
0.001083
0.000933
-0.000102
-0.002082
-0.003386
-0.003449
-0.003544
-0.004444
-0.005067
-0.004430
-0.003510
-0.003675
-0.004372
-0.004142
-0.003066
-0.002507
-0.002813
-0.002728
-0.001494
-0.000183
0.000206
0.000574
0.001973
0.003516
0.003935
0.003783
0.004206
0.004840
0.004637
0.003742
0.003154
0.003100
0.002776
0.001725
0.000701
0.000526
0.000679
0.000143
-0.000815
-0.001171
-0.001013
-0.001311
-0.002099
-0.002474
-0.002294
-0.002404
-0.003095
-0.003601
-0.003440
-0.003132
-0.003136
-0.003086
-0.002528
-0.001832
-0.002041
-0.003289
-0.003583
-0.001397
0.000980
0.000845
0.000485
0.003179
0.006458
0.006593
0.005804
0.007532
0.009398
0.007870
0.004946
0.004109
0.004198
0.002389
-0.000463
-0.001752
-0.001687
-0.002337
-0.003689
-0.003896
-0.002790
-0.002142
-0.002719
-0.003583
-0.003877
-0.003637
-0.003596
-0.004536
-0.005819
-0.005816
-0.004788
-0.004574
-0.004801
-0.003326
-0.000650
0.000701
0.000897
0.002219
0.004485
0.005369
0.004555
0.004040
0.004649
0.004889
0.003617
0.002092
0.002130
0.003108
0.002905
0.001610
0.001440
0.002662
0.002969
0.001701
0.001020
0.001724
0.001644
-0.000216
-0.001653
-0.001382
-0.001390
-0.002991
-0.004375
-0.004144
-0.003662
-0.004241
-0.005031
-0.004785
-0.003722
-0.002986
-0.003016
-0.002860
-0.001622
-0.000183
0.000157
0.000128
0.001157
0.002513
0.002643
0.002175
0.002679
0.003674
0.003654
0.002921
0.002862
0.003372
0.003238
0.002371
0.001809
0.001874
0.001789
0.001031
0.000072
-0.000436
-0.000607
-0.001083
-0.001944
-0.002406
-0.002114
-0.001949
-0.002486
-0.002853
-0.002427
-0.002085
-0.002486
-0.002818
-0.002431
-0.001984
-0.002261
-0.003309
-0.004404
-0.004092
-0.002066
-0.000526
-0.000594
0.000374
0.003801
0.006371
0.006142
0.006413
0.008996
0.010232
0.007852
0.005182
0.004939
0.004777
0.002224
-0.000856
-0.001923
-0.002086
-0.003440
-0.004915
-0.004411
-0.002863
-0.002556
-0.003260
-0.003325
-0.002711
-0.002460
-0.002992
-0.004024
-0.004744
-0.004584
-0.004408
-0.005025
-0.005091
-0.003338
-0.001356
-0.000872
-0.000438
0.001750
0.004253
0.004915
0.004500
0.004872
0.005681
0.005356
0.003927
0.002846
0.002738
0.002669
0.001733
0.000652
0.000744
0.001577
0.001571
0.000890
0.001149
0.002199
0.002232
0.001109
0.000490
0.000651
0.000046
-0.001775
-0.003321
-0.003737
-0.004059
-0.005120
-0.006029
-0.005776
-0.004892
-0.004378
-0.004047
-0.003039
-0.001426
-0.000237
0.000173
0.000746
0.002036
0.002992
0.002691
0.002106
0.002384
0.002792
0.002348
0.001818
0.002170
0.002772
0.002702
0.002294
0.002295
0.002601
0.002544
0.001897
0.001142
0.000710
0.000268
-0.000698
-0.001805
-0.002220
-0.002121
-0.002406
-0.003012
-0.003068
-0.002609
-0.002462
-0.002621
-0.002362
-0.001765
-0.001611
-0.002117
-0.003026
-0.003958
-0.003902
-0.002404
-0.001205
-0.001446
-0.000804
0.002261
0.004843
0.005045
0.005865
0.008835
0.010252
0.008122
0.006047
0.006397
0.006233
0.003320
0.000188
-0.000825
-0.001432
-0.003450
-0.005207
-0.004810
-0.003674
-0.003790
-0.004300
-0.003652
-0.002490
-0.002047
-0.002251
-0.002671
-0.003116
-0.003360
-0.003690
-0.004440
-0.004710
-0.003731
-0.002727
-0.002716
-0.002148
0.000231
0.002597
0.003167
0.003264
0.004542
0.005978
0.005948
0.005025
0.004655
0.004593
0.003579
0.001759
0.000642
0.000683
0.000655
-0.000004
-0.000191
0.000637
0.001430
0.001517
0.001490
0.001771
0.001866
0.001207
-0.000043
-0.001139
-0.001846
-0.002923
-0.004646
-0.005890
-0.005958
-0.005778
-0.006000
-0.005786
-0.004514
-0.002875
-0.001611
-0.000518
0.000864
0.002313
0.003121
0.003155
0.003115
0.003321
0.003156
0.002416
0.001916
0.002022
0.002065
0.001715
0.001509
0.001805
0.002249
0.002345
0.002046
0.001739
0.001558
0.001071
0.000107
-0.000765
-0.001214
-0.001683
-0.002444
-0.003055
-0.003171
-0.003076
-0.003144
-0.003240
-0.003014
-0.002540
-0.002214
-0.002160
-0.002433
-0.003171
-0.003597
-0.002537
-0.000952
-0.000812
-0.000941
0.001148
0.003860
0.004334
0.004459
0.006975
0.009310
0.008309
0.006395
0.006675
0.007123
0.004994
0.001975
0.000629
-0.000025
-0.001930
-0.004153
-0.004674
-0.004026
-0.004182
-0.004992
-0.004812
-0.003707
-0.003017
-0.002917
-0.002870
-0.002886
-0.002962
-0.003018
-0.003378
-0.003758
-0.003279
-0.002466
-0.002560
-0.002672
-0.001159
0.000911
0.001619
0.001833
0.003256
0.005059
0.005534
0.005055
0.005130
0.005747
0.005418
0.003773
0.002400
0.002130
0.001642
0.000317
-0.000385
0.000088
0.000379
0.000092
0.000204
0.000765
0.001039
0.000834
0.000226
-0.000578
-0.001178
-0.001897
-0.003335
-0.004798
-0.005355
-0.005624
-0.006212
-0.006222
-0.005160
-0.003930
-0.002960
-0.001650
0.000135
0.001767
0.002791
0.003327
0.003746
0.004076
0.003910
0.003242
0.002653
0.002343
0.001932
0.001345
0.000975
0.001046
0.001334
0.001443
0.001285
0.001230
0.001426
0.001416
0.001028
0.000727
0.000535
-0.000087
-0.001003
-0.001612
-0.002042
-0.002694
-0.003325
-0.003597
-0.003642
-0.003668
-0.003658
-0.003507
-0.003425
-0.003903
-0.004409
-0.003396
-0.001299
-0.000606
-0.000971
0.000675
0.003699
0.004588
0.004302
0.006387
0.009205
0.008799
0.006641
0.006493
0.007251
0.005740
0.002793
0.001143
0.000499
-0.001129
-0.003385
-0.004276
-0.003809
-0.003883
-0.004814
-0.004989
-0.004065
-0.003375
-0.003329
-0.003282
-0.003153
-0.003051
-0.002834
-0.002857
-0.003210
-0.002990
-0.002217
-0.002167
-0.002494
-0.001487
0.000379
0.001142
0.001114
0.002066
0.003782
0.004636
0.004475
0.004607
0.005414
0.005549
0.004146
0.002632
0.002488
0.002593
0.001471
0.000154
0.000121
0.000739
0.000787
0.000423
0.000526
0.001169
0.001302
0.000256
-0.000864
-0.000933
-0.001185
-0.003027
-0.004989
-0.005307
-0.005144
-0.005911
-0.006472
-0.005634
-0.004287
-0.003412
-0.002517
-0.000909
0.001013
0.002229
0.002534
0.002883
0.003800
0.004346
0.003787
0.003003
0.002892
0.002834
0.002127
0.001418
0.001481
0.001791
0.001482
0.000902
0.000988
0.001485
0.001280
0.000457
0.000192
0.000471
0.000125
-0.000866
-0.001435
-0.001521
-0.002001
-0.002944
-0.003545
-0.003488
-0.003331
-0.003526
-0.003694
-0.003464
-0.003552
-0.004409
-0.004431
-0.002459
-0.000691
-0.000905
-0.000558
0.002257
0.004603
0.004625
0.005373
0.008120
0.009269
0.007494
0.006309
0.007131
0.006955
0.004408
0.001947
0.000994
-0.000135
-0.002409
-0.004127
-0.004126
-0.003883
-0.004701
-0.005390
-0.004725
-0.003656
-0.003297
-0.003291
-0.003238
-0.003248
-0.003086
-0.002789
-0.002916
-0.003101
-0.002591
-0.002098
-0.002323
-0.002057
-0.000542
0.000723
0.000898
0.001372
0.002844
0.004100
0.004458
0.004685
0.005284
0.005662
0.005080
0.003772
0.002877
0.002849
0.002575
0.001298
0.000253
0.000553
0.001087
0.000589
-0.000034
0.000395
0.000913
0.000194
-0.000936
-0.001130
-0.001133
-0.002342
-0.004097
-0.004845
-0.004854
-0.005333
-0.006009
-0.005840
-0.004942
-0.004063
-0.003234
-0.002008
-0.000331
0.001231
0.002093
0.002555
0.003398
0.004341
0.004333
0.003582
0.003252
0.003243
0.002609
0.001714
0.001558
0.001762
0.001389
0.000837
0.001004
0.001503
0.001367
0.000700
0.000351
0.000452
0.000308
-0.000383
-0.001046
-0.001255
-0.001479
-0.002193
-0.002965
-0.003207
-0.003191
-0.003459
-0.003800
-0.003795
-0.003977
-0.004897
-0.005249
-0.003582
-0.001552
-0.001422
-0.001407
0.001106
0.004030
0.004589
0.005014
0.007668
0.009653
0.008448
0.006930
0.007561
0.007800
0.005450
0.002696
0.001578
0.000562
-0.001771
-0.003831
-0.004112
-0.003943
-0.004874
-0.005802
-0.005212
-0.003999
-0.003541
-0.003354
-0.002803
-0.002473
-0.002553
-0.002523
-0.002511
-0.002721
-0.002675
-0.002495
-0.002785
-0.002846
-0.001720
-0.000357
0.000076
0.000479
0.001888
0.003403
0.004054
0.004435
0.005140
0.005654
0.005444
0.004759
0.004134
0.003663
0.002934
0.001822
0.000876
0.000446
0.000223
-0.000002
-0.000092
-0.000020
0.000118
0.000245
0.000203
-0.000067
-0.000473
-0.001153
-0.002221
-0.003266
-0.003982
-0.004711
-0.005564
-0.006045
-0.006000
-0.005628
-0.004726
-0.003238
-0.001695
-0.000353
0.000973
0.002210
0.003199
0.003983
0.004427
0.004384
0.004131
0.003857
0.003325
0.002593
0.002090
0.001761
0.001226
0.000634
0.000385
0.000382
0.000313
0.000209
0.000269
0.000416
0.000380
0.000105
-0.000178
-0.000368
-0.000719
-0.001357
-0.001972
-0.002383
-0.002859
-0.003498
-0.004059
-0.004727
-0.005862
-0.006512
-0.005304
-0.003382
-0.003012
-0.003002
-0.000552
0.002915
0.004230
0.004881
0.007691
0.010394
0.009800
0.008127
0.008533
0.009034
0.006697
0.003267
0.001591
0.000636
-0.001656
-0.004123
-0.004748
-0.004438
-0.005070
-0.005915
-0.005272
-0.003793
-0.003059
-0.002786
-0.002153
-0.001648
-0.001665
-0.001721
-0.001842
-0.002355
-0.002794
-0.002935
-0.003326
-0.003644
-0.002889
-0.001548
-0.000863
-0.000399
0.000977
0.002673
0.003488
0.003988
0.005245
0.006351
0.005877
0.004780
0.004803
0.005014
0.003591
0.001641
0.001082
0.000863
-0.000459
-0.001460
-0.000918
-0.000358
-0.000796
-0.000920
-0.000082
0.000573
0.000367
-0.000236
-0.000757
-0.001114
-0.001649
-0.002735
-0.003905
-0.004484
-0.004917
-0.005690
-0.005879
-0.004767
-0.003387
-0.002652
-0.001736
0.000115
0.001978
0.002898
0.003434
0.004286
0.004888
0.004616
0.004039
0.003781
0.003399
0.002417
0.001301
0.000647
0.000364
0.000092
-0.000258
-0.000526
-0.000458
-0.000074
0.000172
0.000102
0.000120
0.000242
-0.000022
-0.000537
-0.000770
-0.001020
-0.001845
-0.002989
-0.004305
-0.005993
-0.006959
-0.006016
-0.004778
-0.005056
-0.004769
-0.001750
0.001532
0.002757
0.004383
0.008068
0.010509
0.009602
0.008423
0.009177
0.009309
0.006781
0.003689
0.002005
0.000389
-0.002362
-0.004596
-0.005008
-0.005122
-0.006130
-0.006530
-0.005229
-0.003642
-0.002819
-0.001981
-0.000991
-0.000649
-0.000611
-0.000252
-0.000268
-0.001052
-0.001760
-0.002233
-0.003059
-0.003677
-0.003240
-0.002501
-0.002331
-0.001912
-0.000430
0.001334
0.002617
0.003864
0.005243
0.005977
0.005943
0.006017
0.006252
0.005623
0.004006
0.002480
0.001402
0.000201
-0.000962
-0.001498
-0.001813
-0.002381
-0.002500
-0.001658
-0.000678
-0.000268
-0.000081
0.000138
0.000118
-0.000158
-0.000560
-0.001243
-0.002230
-0.003270
-0.004193
-0.004736
-0.004638
-0.004249
-0.004046
-0.003614
-0.002372
-0.000739
0.000617
0.001805
0.003029
0.003953
0.004404
0.004676
0.004806
0.004442
0.003538
0.002533
0.001779
0.001180
0.000474
-0.000334
-0.000961
-0.001181
-0.001054
-0.000821
-0.000642
-0.000462
-0.000186
0.000022
-0.000077
-0.000376
-0.000630
-0.001128
-0.002524
-0.004512
-0.005445
-0.004689
-0.004174
-0.005048
-0.005008
-0.002553
-0.000246
0.000411
0.002151
0.005949
0.008298
0.007858
0.007870
0.009512
0.009761
0.007416
0.004996
0.003705
0.001852
-0.001148
-0.003566
-0.004599
-0.005445
-0.006698
-0.007260
-0.006506
-0.005314
-0.004282
-0.003102
-0.001926
-0.001135
-0.000314
0.000658
0.000929
0.000390
-0.000036
-0.000366
-0.001271
-0.002132
-0.002081
-0.001879
-0.002281
-0.002327
-0.001294
-0.000094
0.000753
0.002010
0.003740
0.004871
0.005143
0.005463
0.006133
0.006243
0.005213
0.003760
0.002572
0.001339
-0.000029
-0.001016
-0.001818
-0.002912
-0.003585
-0.003067
-0.002094
-0.001475
-0.000913
-0.000348
-0.000209
-0.000211
0.000003
-0.000128
-0.000943
-0.001887
-0.002619
-0.003248
-0.003652
-0.003816
-0.003976
-0.003829
-0.002926
-0.001656
-0.000525
0.000708
0.002145
0.003265
0.003906
0.004449
0.004882
0.004727
0.003920
0.003017
0.002361
0.001622
0.000571
-0.000378
-0.000910
-0.001290
-0.001643
-0.001705
-0.001501
-0.001310
-0.001111
-0.000817
-0.000613
-0.000798
-0.001688
-0.003010
-0.003439
-0.002612
-0.002472
-0.003705
-0.003721
-0.001605
-0.000197
-0.000173
0.001420
0.004612
0.005977
0.005451
0.006203
0.008105
0.008152
0.006231
0.004760
0.004023
0.002361
-0.000232
-0.002135
-0.003029
-0.004174
-0.005817
-0.006621
-0.006121
-0.005435
-0.005042
-0.004317
-0.003253
-0.002269
-0.001179
-0.000129
0.000211
0.000170
0.000437
0.000440
-0.000284
-0.000754
-0.000530
-0.000661
-0.001339
-0.001328
-0.000401
0.000350
0.000699
0.001433
0.002665
0.003662
0.004057
0.004350
0.004984
0.005308
0.004551
0.003395
0.002830
0.002369
0.001229
-0.000125
-0.001038
-0.001662
-0.002172
-0.002406
-0.002378
-0.002259
-0.002124
-0.002006
-0.001822
-0.001464
-0.001206
-0.001398
-0.001801
-0.002022
-0.002171
-0.002395
-0.002535
-0.002551
-0.002492
-0.002186
-0.001558
-0.000768
0.000137
0.001120
0.001992
0.002721
0.003381
0.003832
0.003954
0.003830
0.003494
0.002951
0.002327
0.001689
0.000980
0.000222
-0.000500
-0.001164
-0.001735
-0.002142
-0.002363
-0.002388
-0.002423
-0.003048
-0.004102
-0.004073
-0.002705
-0.002242
-0.003205
-0.002722
-0.000158
0.001262
0.001057
0.002507
0.005461
0.006204
0.004884
0.005042
0.006549
0.006288
0.004288
0.003109
0.002874
0.001719
-0.000369
-0.001804
-0.002397
-0.003265
-0.004448
-0.004910
-0.004542
-0.004166
-0.003920
-0.003486
-0.003087
-0.002688
-0.001789
-0.000886
-0.000816
-0.000911
-0.000434
-0.000291
-0.000912
-0.001046
-0.000414
-0.000339
-0.000870
-0.000625
0.000429
0.001100
0.001306
0.001891
0.002896
0.003640
0.003850
0.003960
0.004404
0.004688
0.003962
0.002752
0.002314
0.002283
0.001382
-0.000044
-0.000788
-0.001037
-0.001621
-0.002261
-0.002296
-0.001987
-0.001956
-0.002170
-0.002135
-0.001775
-0.001614
-0.001952
-0.002384
-0.002525
-0.002543
-0.002624
-0.002613
-0.002394
-0.002023
-0.001532
-0.000929
-0.000137
0.000940
0.001981
0.002579
0.003005
0.003588
0.003878
0.003573
0.003150
0.002812
0.002223
0.001441
0.000801
0.000220
-0.000397
-0.000836
-0.001150
-0.001593
-0.002048
-0.002570
-0.003545
-0.004283
-0.003592
-0.002449
-0.002678
-0.003115
-0.001662
0.000283
0.000669
0.001161
0.003450
0.005366
0.005172
0.004874
0.005867
0.006313
0.005052
0.003611
0.002971
0.002066
0.000311
-0.001268
-0.002060
-0.002813
-0.003948
-0.004684
-0.004550
-0.004176
-0.003908
-0.003407
-0.002827
-0.002471
-0.001885
-0.001041
-0.000812
-0.001110
-0.000912
-0.000475
-0.000714
-0.001061
-0.000650
-0.000209
-0.000483
-0.000626
0.000081
0.000882
0.001150
0.001424
0.002186
0.003087
0.003660
0.003901
0.004067
0.004220
0.004057
0.003363
0.002461
0.001786
0.001315
0.000668
-0.000390
-0.001423
-0.001695
-0.001447
-0.001638
-0.002085
-0.001833
-0.001296
-0.001519
-0.001969
-0.001649
-0.001161
-0.001395
-0.001909
-0.002090
-0.002124
-0.002244
-0.002368
-0.002334
-0.001924
-0.001218
-0.000637
-0.000116
0.000787
0.001769
0.002197
0.002379
0.002870
0.003255
0.002977
0.002378
0.001960
0.001606
0.001060
0.000379
-0.000284
-0.000865
-0.001473
-0.002430
-0.003631
-0.004070
-0.003233
-0.002473
-0.002897
-0.002934
-0.001090
0.000879
0.001337
0.002073
0.004337
0.005865
0.005349
0.004986
0.005896
0.005989
0.004274
0.002532
0.001676
0.000557
-0.001255
-0.002725
-0.003372
-0.003822
-0.004424
-0.004738
-0.004421
-0.003722
-0.002996
-0.002414
-0.002005
-0.001489
-0.000608
0.000095
-0.000033
-0.000432
-0.000327
-0.000289
-0.000894
-0.001269
-0.000866
-0.000666
-0.001085
-0.001034
-0.000069
0.000892
0.001380
0.001844
0.002523
0.003265
0.003857
0.004008
0.003831
0.003859
0.003831
0.002922
0.001554
0.000892
0.000711
-0.000042
-0.001169
-0.001672
-0.001508
-0.001491
-0.001849
-0.001950
-0.001479
-0.001045
-0.001151
-0.001351
-0.001165
-0.001015
-0.001434
-0.002065
-0.002243
-0.002059
-0.002097
-0.002330
-0.002094
-0.001241
-0.000484
-0.000138
0.000452
0.001540
0.002312
0.002392
0.002486
0.002908
0.003022
0.002526
0.001903
0.001485
0.001037
0.000308
-0.000544
-0.001301
-0.002225
-0.003432
-0.004021
-0.003443
-0.002938
-0.003276
-0.002909
-0.001073
0.000441
0.001035
0.002446
0.004589
0.005389
0.005069
0.005494
0.006188
0.005506
0.003903
0.002646
0.001501
-0.000070
-0.001575
-0.002554
-0.003319
-0.004148
-0.004724
-0.004646
-0.004039
-0.003331
-0.002689
-0.002060
-0.001461
-0.000806
-0.000070
0.000252
-0.000122
-0.000530
-0.000593
-0.000873
-0.001382
-0.001421
-0.001207
-0.001401
-0.001509
-0.000821
0.000187
0.000890
0.001498
0.002253
0.003077
0.003902
0.004423
0.004444
0.004502
0.004718
0.004171
0.002865
0.002028
0.001604
0.000477
-0.000931
-0.001526
-0.001868
-0.002706
-0.003186
-0.002807
-0.002550
-0.002707
-0.002423
-0.001717
-0.001353
-0.001275
-0.001113
-0.001073
-0.001181
-0.001128
-0.001121
-0.001401
-0.001483
-0.001107
-0.000746
-0.000487
0.000103
0.000877
0.001325
0.001611
0.002111
0.002513
0.002486
0.002393
0.002447
0.002216
0.001562
0.000891
0.000160
-0.001098
-0.002513
-0.003061
-0.002870
-0.003134
-0.003719
-0.003156
-0.001595
-0.000684
-0.000154
0.001554
0.003667
0.004366
0.004364
0.005170
0.005931
0.005340
0.004086
0.003082
0.001920
0.000319
-0.001236
-0.002506
-0.003537
-0.004227
-0.004629
-0.004843
-0.004574
-0.003720
-0.002840
-0.002262
-0.001555
-0.000474
0.000430
0.000688
0.000663
0.000805
0.000786
0.000269
-0.000224
-0.000324
-0.000613
-0.001300
-0.001616
-0.001267
-0.000805
-0.000404
0.000204
0.000991
0.001903
0.002941
0.003653
0.003813
0.004058
0.004499
0.004194
0.003131
0.002416
0.001996
0.000934
-0.000435
-0.001225
-0.001685
-0.002282
-0.002758
-0.002940
-0.002952
-0.002742
-0.002419
-0.002231
-0.001929
-0.001315
-0.000911
-0.000962
-0.000833
-0.000340
-0.000209
-0.000563
-0.000627
-0.000253
-0.000079
-0.000207
-0.000137
0.000202
0.000489
0.000713
0.001046
0.001379
0.001559
0.001683
0.001803
0.001812
0.001636
0.001101
0.000022
-0.001105
-0.001538
-0.001697
-0.002436
-0.003057
-0.002427
-0.001266
-0.000701
-0.000078
0.001350
0.002696
0.003246
0.003685
0.004417
0.004821
0.004538
0.003829
0.002868
0.001745
0.000582
-0.000693
-0.002059
-0.003153
-0.003835
-0.004406
-0.004889
-0.004848
-0.004184
-0.003433
-0.002924
-0.002278
-0.001241
-0.000273
0.000272
0.000734
0.001300
0.001539
0.001277
0.000911
0.000622
0.000238
-0.000194
-0.000464
-0.000545
-0.000470
-0.000260
0.000030
0.000543
0.001390
0.002144
0.002554
0.003147
0.003930
0.003999
0.003378
0.003051
0.002857
0.001934
0.000682
-0.000105
-0.000793
-0.001804
-0.002621
-0.002923
-0.003084
-0.003260
-0.003268
-0.003088
-0.002703
-0.002087
-0.001505
-0.001112
-0.000636
-0.000030
0.000312
0.000328
0.000409
0.000584
0.000533
0.000363
0.000408
0.000529
0.000481
0.000446
0.000549
0.000610
0.000678
0.000931
0.001161
0.001108
0.000801
0.000218
-0.000521
-0.000921
-0.001035
-0.001508
-0.002080
-0.001866
-0.001184
-0.000876
-0.000482
0.000634
0.001747
0.002262
0.002831
0.003748
0.004268
0.004073
0.003599
0.002977
0.002096
0.001135
0.000180
-0.000898
-0.001966
-0.002789
-0.003451
-0.004009
-0.004179
-0.003833
-0.003324
-0.002894
-0.002301
-0.001428
-0.000690
-0.000301
0.000086
0.000572
0.000800
0.000715
0.000601
0.000461
0.000188
-0.000057
-0.000155
-0.000168
-0.000059
0.000144
0.000301
0.000652
0.001436
0.002108
0.002261
0.002537
0.003177
0.003304
0.002797
0.002546
0.002447
0.001712
0.000652
-0.000062
-0.000656
-0.001436
-0.002166
-0.002691
-0.003041
-0.003173
-0.003181
-0.003150
-0.002858
-0.002232
-0.001626
-0.001234
-0.000856
-0.000416
-0.000103
0.000097
0.000438
0.000936
0.001312
0.001406
0.001350
0.001288
0.001179
0.001002
0.000866
0.000822
0.000843
0.000881
0.000839
0.000726
0.000688
0.000631
0.000291
-0.000143
-0.000258
-0.000246
-0.000502
-0.000780
-0.000801
-0.000880
-0.001143
-0.001158
-0.000767
-0.000290
0.000078
0.000384
0.000658
0.000956
0.001283
0.001421
0.001305
0.001206
0.001139
0.000808
0.000283
-0.000102
-0.000376
-0.000750
-0.001138
-0.001365
-0.001466
-0.001536
-0.001551
-0.001418
-0.001123
-0.000796
-0.000551
-0.000345
-0.000090
0.000179
0.000315
0.000227
0.000049
0.000056
0.000259
0.000331
0.000190
0.000229
0.000561
0.000764
0.000755
0.000926
0.001266
0.001386
0.001258
0.001144
0.001163
0.001225
0.001093
0.000703
0.000365
0.000211
-0.000071
-0.000515
-0.000736
-0.000732
-0.000885
-0.001186
-0.001299
-0.001209
-0.001178
-0.001261
-0.001300
-0.001253
-0.001249
-0.001329
-0.001373
-0.001284
-0.001084
-0.000912
-0.001026
-0.001425
-0.001506
-0.000990
-0.000670
-0.000864
-0.000490
0.000713
0.001465
0.001673
0.002596
0.004003
0.004643
0.004715
0.004980
0.005109
0.004703
0.003969
0.003020
0.001997
0.001095
-0.000025
-0.001509
-0.002644
-0.003173
-0.003801
-0.004616
-0.004853
-0.004453
-0.004070
-0.003776
-0.003197
-0.002426
-0.001828
-0.001433
-0.001026
-0.000561
-0.000234
-0.000151
-0.000157
-0.000097
0.000045
0.000273
0.000535
0.000781
0.001174
0.001743
0.002183
0.002479
0.002950
0.003442
0.003587
0.003553
0.003567
0.003401
0.002857
0.002055
0.001163
0.000363
-0.000286
-0.001074
-0.001972
-0.002325
-0.002133
-0.002214
-0.002559
-0.002435
-0.002023
-0.001980
-0.002074
-0.001864
-0.001596
-0.001507
-0.001460
-0.001397
-0.001289
-0.001091
-0.000956
-0.000898
-0.000668
-0.000282
0.000034
0.000335
0.000801
0.001375
0.001858
0.002201
0.002533
0.002856
0.002958
0.002761
0.002472
0.002208
0.001804
0.001176
0.000535
0.000045
-0.000371
-0.000802
-0.001185
-0.001374
-0.001320
-0.001220
-0.001268
-0.001312
-0.001154
-0.000952
-0.000895
-0.000847
-0.000709
-0.000652
-0.000751
-0.000848
-0.000825
-0.000719
-0.000636
-0.000611
-0.000507
-0.000206
0.000133
0.000332
0.000539
0.000913
0.001271
0.001432
0.001520
0.001644
0.001696
0.001568
0.001303
0.001009
0.000724
0.000398
0.000036
-0.000245
-0.000378
-0.000471
-0.000635
-0.000781
-0.000766
-0.000665
-0.000640
-0.000647
-0.000568
-0.000490
-0.000555
-0.000707
-0.000789
-0.000759
-0.000720
-0.000771
-0.000847
-0.000825
-0.000736
-0.000643
-0.000490
-0.000264
-0.000049
0.000189
0.000525
0.000838
0.001012
0.001133
0.001251
0.001323
0.001384
0.001422
0.001310
0.001077
0.000906
0.000793
0.000587
0.000291
0.000017
-0.000225
-0.000480
-0.000745
-0.000965
-0.001057
-0.001017
-0.000956
-0.000909
-0.000819
-0.000711
-0.000641
-0.000555
-0.000409
-0.000247
-0.000093
0.000064
0.000189
0.000234
0.000220
0.000210
0.000208
0.000165
0.000085
0.000052
0.000094
0.000161
0.000254
0.000371
0.000431
0.000440
0.000517
0.000655
0.000725
0.000693
0.000603
0.000482
0.000364
0.000262
0.000130
-0.000056
-0.000252
-0.000419
-0.000533
-0.000587
-0.000613
-0.000635
-0.000702
-0.000911
-0.001230
-0.001475
-0.001480
-0.001226
-0.000873
-0.000610
-0.000422
-0.000167
0.000158
0.000435
0.000646
0.000862
0.001071
0.001189
0.001203
0.001184
0.001172
0.001136
0.001042
0.000902
0.000735
0.000496
0.000176
-0.000105
-0.000211
-0.000182
-0.000202
-0.000360
-0.000527
-0.000553
-0.000440
-0.000286
-0.000172
-0.000090
-0.000013
0.000020
0.000003
0.000004
0.000030
0.000002
-0.000100
-0.000231
-0.000373
-0.000513
-0.000620
-0.000679
-0.000693
-0.000639
-0.000505
-0.000363
-0.000291
-0.000235
-0.000103
0.000089
0.000277
0.000445
0.000586
0.000669
0.000692
0.000692
0.000681
0.000625
0.000506
0.000380
0.000324
0.000314
0.000275
0.000187
0.000083
-0.000019
-0.000125
-0.000229
-0.000307
-0.000364
-0.000436
-0.000542
-0.000688
-0.000869
-0.001027
-0.001074
-0.000966
-0.000753
-0.000522
-0.000333
-0.000188
-0.000038
0.000126
0.000232
0.000289
0.000400
0.000520
0.000508
0.000448
0.000529
0.000677
0.000709
0.000697
0.000782
0.000880
0.000908
0.000923
0.000920
0.000844
0.000722
0.000546
0.000302
0.000115
0.000021
-0.000146
-0.000393
-0.000542
-0.000609
-0.000762
-0.000984
-0.001145
-0.001239
-0.001301
-0.001307
-0.001243
-0.001139
-0.001019
-0.000886
-0.000697
-0.000417
-0.000138
0.000029
0.000151
0.000361
0.000630
0.000873
0.001100
0.001261
0.001275
0.001241
0.001262
0.001223
0.001034
0.000819
0.000684
0.000565
0.000430
0.000335
0.000230
0.000014
-0.000263
-0.000497
-0.000665
-0.000753
-0.000777
-0.000845
-0.000966
-0.001032
-0.001067
-0.001141
-0.001122
-0.000920
-0.000696
-0.000588
-0.000514
-0.000306
0.000032
0.000301
0.000404
0.000494
0.000665
0.000754
0.000673
0.000598
0.000639
0.000690
0.000685
0.000649
0.000598
0.000579
0.000589
0.000526
0.000383
0.000259
0.000168
0.000074
-0.000029
-0.000149
-0.000302
-0.000464
-0.000522
-0.000424
-0.000338
-0.000439
-0.000643
-0.000764
-0.000739
-0.000609
-0.000462
-0.000365
-0.000298
-0.000214
-0.000150
-0.000125
-0.000086
-0.000014
0.000083
0.000210
0.000335
0.000404
0.000400
0.000344
0.000287
0.000283
0.000305
0.000259
0.000152
0.000124
0.000211
0.000287
0.000295
0.000298
0.000308
0.000287
0.000266
0.000282
0.000281
0.000229
0.000164
0.000102
0.000012
-0.000090
-0.000165
-0.000223
-0.000258
-0.000231
-0.000191
-0.000214
-0.000264
-0.000293
-0.000356
-0.000457
-0.000488
-0.000445
-0.000442
-0.000483
-0.000473
-0.000418
-0.000397
-0.000394
-0.000345
-0.000269
-0.000197
-0.000109
0.000016
0.000186
0.000363
0.000487
0.000596
0.000717
0.000721
0.000601
0.000535
0.000538
0.000481
0.000411
0.000404
0.000362
0.000276
0.000286
0.000335
0.000244
0.000089
0.000040
0.000033
-0.000058
-0.000194
-0.000312
-0.000426
-0.000526
-0.000591
-0.000640
-0.000656
-0.000580
-0.000443
-0.000319
-0.000211
-0.000147
-0.000170
-0.000191
-0.000121
-0.000022
0.000026
0.000036
0.000045
0.000069
0.000121
0.000172
0.000165
0.000135
0.000178
0.000289
0.000396
0.000480
0.000548
0.000560
0.000526
0.000530
0.000552
0.000473
0.000272
0.000030
-0.000189
-0.000353
-0.000444
-0.000484
-0.000509
-0.000543
-0.000599
-0.000660
-0.000671
-0.000591
-0.000437
-0.000290
-0.000264
-0.000371
-0.000477
-0.000472
-0.000358
-0.000186
0.000026
0.000266
0.000434
0.000451
0.000423
0.000492
0.000635
0.000722
0.000717
0.000700
0.000723
0.000742
0.000671
0.000477
0.000267
0.000181
0.000207
0.000195
0.000094
0.000020
0.000025
-0.000003
-0.000155
-0.000364
-0.000519
-0.000630
-0.000799
-0.001005
-0.001078
-0.000969
-0.000839
-0.000787
-0.000717
-0.000556
-0.000343
-0.000090
0.000204
0.000448
0.000587
0.000700
0.000835
0.000908
0.000867
0.000778
0.000714
0.000669
0.000595
0.000490
0.000386
0.000250
0.000043
-0.000136
-0.000172
-0.000156
-0.000241
-0.000345
-0.000294
-0.000194
-0.000271
-0.000466
-0.000581
-0.000620
-0.000686
-0.000746
-0.000732
-0.000685
-0.000674
-0.000669
-0.000576
-0.000379
-0.000165
0.000003
0.000148
0.000304
0.000451
0.000546
0.000621
0.000752
0.000904
0.000956
0.000873
0.000721
0.000570
0.000478
0.000446
0.000406
0.000332
0.000251
0.000139
-0.000022
-0.000149
-0.000156
-0.000106
-0.000158
-0.000350
-0.000545
-0.000644
-0.000696
-0.000740
-0.000762
-0.000815
-0.000917
-0.000919
-0.000687
-0.000307
0.000022
0.000216
0.000348
0.000504
0.000672
0.000797
0.000854
0.000815
0.000672
0.000487
0.000349
0.000281
0.000213
0.000075
-0.000072
-0.000109
-0.000070
-0.000091
-0.000190
-0.000295
-0.000357
-0.000335
-0.000222
-0.000091
-0.000036
-0.000069
-0.000112
-0.000101
-0.000059
-0.000034
-0.000070
-0.000173
-0.000259
-0.000253
-0.000216
-0.000220
-0.000219
-0.000164
-0.000088
-0.000015
0.000078
0.000185
0.000262
0.000305
0.000313
0.000248
0.000120
-0.000041
-0.000192
-0.000137
0.000188
0.000451
0.000436
0.000325
0.000255
0.000192
0.000160
0.000146
0.000075
-0.000016
-0.000039
-0.000016
-0.000034
-0.000143
-0.000295
-0.000395
-0.000433
-0.000465
-0.000478
-0.000417
-0.000315
-0.000249
-0.000207
-0.000127
-0.000013
0.000106
0.000238
0.000343
0.000364
0.000364
0.000432
0.000519
0.000528
0.000465
0.000384
0.000309
0.000238
0.000129
-0.000046
-0.000216
-0.000286
-0.000303
-0.000376
-0.000463
-0.000482
-0.000504
-0.000560
-0.000515
-0.000337
-0.000161
-0.000035
0.000081
0.000125
0.000044
-0.000040
0.000021
0.000153
0.000162
0.000058
0.000033
0.000113
0.000143
0.000088
0.000076
0.000178
0.000345
0.000511
0.000623
0.000625
0.000493
0.000295
0.000149
0.000077
-0.000019
-0.000181
-0.000330
-0.000387
-0.000346
-0.000279
-0.000284
-0.000353
-0.000377
-0.000315
-0.000225
-0.000142
-0.000085
-0.000090
-0.000125
-0.000111
-0.000039
0.000005
-0.000064
-0.000200
-0.000230
-0.000056
0.000172
0.000266
0.000273
0.000308
0.000336
0.000310
0.000297
0.000343
0.000402
0.000433
0.000417
0.000331
0.000219
0.000153
0.000080
-0.000076
-0.000247
-0.000339
-0.000349
-0.000309
-0.000269
-0.000297
-0.000373
-0.000392
-0.000342
-0.000294
-0.000257
-0.000200
-0.000156
-0.000152
-0.000140
-0.000086
-0.000009
0.000096
0.000210
0.000230
0.000119
-0.000003
-0.000039
-0.000011
0.000045
0.000140
0.000252
0.000298
0.000250
0.000208
0.000252
0.000303
0.000251
0.000138
0.000084
0.000108
0.000131
0.000102
0.000036
-0.000036
-0.000110
-0.000192
-0.000244
-0.000239
-0.000212
-0.000166
-0.000108
-0.000198
-0.000502
-0.000750
-0.000714
-0.000531
-0.000399
-0.000306
-0.000150
0.000085
0.000282
0.000372
0.000433
0.000545
0.000695
0.000822
0.000866
0.000794
0.000645
0.000511
0.000432
0.000363
0.000264
0.000155
0.000039
-0.000082
-0.000172
-0.000220
-0.000236
-0.000250
-0.000337
-0.000543
-0.000788
-0.000915
-0.000887
-0.000821
-0.000757
-0.000649
-0.000530
-0.000426
-0.000284
-0.000103
0.000091
0.000296
0.000469
0.000546
0.000537
0.000539
0.000599
0.000622
0.000530
0.000385
0.000284
0.000243
0.000209
0.000168
0.000167
0.000183
0.000129
0.000025
-0.000043
-0.000083
-0.000125
-0.000141
-0.000137
-0.000157
-0.000206
-0.000280
-0.000379
-0.000463
-0.000472
-0.000397
-0.000294
-0.000238
-0.000238
-0.000208
-0.000124
-0.000062
-0.000027
0.000015
0.000032
0.000051
0.000160
0.000315
0.000397
0.000424
0.000467
0.000498
0.000480
0.000450
0.000408
0.000323
0.000228
0.000148
0.000036
-0.000111
-0.000211
-0.000203
-0.000134
-0.000115
-0.000172
-0.000224
-0.000233
-0.000256
-0.000309
-0.000330
-0.000309
-0.000290
-0.000301
-0.000357
-0.000400
-0.000309
-0.000098
0.000065
0.000121
0.000160
0.000225
0.000283
0.000321
0.000318
0.000251
0.000172
0.000149
0.000152
0.000155
0.000160
0.000108
-0.000010
-0.000083
-0.000059
-0.000010
0.000010
-0.000007
-0.000055
-0.000082
-0.000049
-0.000000
0.000011
0.000013
0.000051
0.000095
0.000076
-0.000002
-0.000071
-0.000080
-0.000060
-0.000078
-0.000135
-0.000160
-0.000139
-0.000105
-0.000058
-0.000020
-0.000042
-0.000096
-0.000098
-0.000037
0.000002
-0.000040
-0.000104
-0.000119
-0.000080
0.000063
0.000339
0.000595
0.000631
0.000482
0.000360
0.000334
0.000280
0.000129
-0.000045
-0.000163
-0.000235
-0.000337
-0.000458
-0.000490
-0.000406
-0.000311
-0.000269
-0.000243
-0.000208
-0.000194
-0.000192
-0.000167
-0.000152
-0.000174
-0.000146
0.000012
0.000233
0.000355
0.000308
0.000190
0.000115
0.000111
0.000180
0.000296
0.000359
0.000318
0.000239
0.000179
0.000120
0.000034
-0.000062
-0.000110
-0.000118
-0.000160
-0.000228
-0.000254
-0.000230
-0.000179
-0.000106
-0.000044
-0.000019
-0.000001
0.000045
0.000099
0.000146
0.000198
0.000229
0.000188
0.000091
0.000020
0.000039
0.000097
0.000077
-0.000026
-0.000102
-0.000093
-0.000076
-0.000135
-0.000230
-0.000260
-0.000186
-0.000052
0.000044
0.000028
-0.000046
-0.000056
0.000005
0.000030
-0.000022
-0.000061
-0.000023
0.000042
0.000070
0.000051
0.000015
0.000028
0.000143
0.000260
0.000224
0.000079
0.000018
0.000101
0.000196
0.000161
0.000021
-0.000097
-0.000147
-0.000185
-0.000229
-0.000219
-0.000135
-0.000050
-0.000032
-0.000059
-0.000085
-0.000113
-0.000159
-0.000156
-0.000020
0.000165
0.000215
0.000116
0.000031
0.000061
0.000159
0.000211
0.000188
0.000152
0.000122
0.000064
-0.000034
-0.000131
-0.000153
-0.000106
-0.000079
-0.000071
-0.000023
0.000005
-0.000053
-0.000118
-0.000106
-0.000064
-0.000046
-0.000018
0.000041
0.000099
0.000120
0.000073
-0.000012
-0.000052
-0.000016
0.000033
0.000016
-0.000059
-0.000096
-0.000046
0.000013
0.000001
-0.000023
0.000022
0.000075
0.000062
0.000046
0.000081
0.000132
0.000187
0.000195
0.000038
-0.000227
-0.000381
-0.000362
-0.000282
-0.000210
-0.000118
-0.000023
0.000001
-0.000028
-0.000023
0.000043
0.000138
0.000221
0.000279
0.000302
0.000264
0.000193
0.000158
0.000146
0.000114
0.000093
0.000121
0.000130
0.000042
-0.000089
-0.000158
-0.000163
-0.000150
-0.000123
-0.000112
-0.000164
-0.000236
-0.000244
-0.000172
-0.000064
0.000040
0.000122
0.000169
0.000147
0.000045
-0.000065
-0.000082
-0.000019
0.000012
-0.000023
-0.000041
0.000009
0.000082
0.000128
0.000136
0.000095
0.000005
-0.000089
-0.000144
-0.000153
-0.000120
-0.000057
-0.000015
-0.000004
0.000002
-0.000003
-0.000026
-0.000039
-0.000035
-0.000008
0.000043
0.000072
0.000055
0.000036
0.000049
0.000071
0.000044
-0.000018
-0.000029
0.000008
0.000005
-0.000059
-0.000103
-0.000064
0.000040
0.000139
0.000159
0.000110
0.000067
0.000073
0.000095
0.000071
-0.000007
-0.000079
-0.000094
-0.000056
-0.000025
-0.000060
-0.000130
-0.000165
-0.000157
-0.000131
-0.000085
-0.000037
-0.000016
-0.000016
0.000008
0.000070
0.000128
0.000143
0.000111
0.000030
-0.000085
-0.000153
-0.000111
0.000002
0.000095
0.000094
0.000018
0.000026
0.000188
0.000309
0.000226
0.000071
0.000014
0.000024
0.000009
-0.000032
-0.000062
-0.000092
-0.000129
-0.000144
-0.000130
-0.000119
-0.000127
-0.000110
-0.000021
0.000086
0.000123
0.000078
-0.000019
-0.000101
-0.000079
0.000017
0.000051
-0.000014
-0.000078
-0.000054
0.000025
0.000077
0.000075
0.000033
-0.000027
-0.000065
-0.000071
-0.000081
-0.000091
-0.000050
0.000046
0.000136
0.000175
0.000174
0.000131
0.000047
0.000013
0.000130
0.000293
0.000319
0.000242
0.000195
0.000160
0.000062
-0.000073
-0.000197
-0.000281
-0.000299
-0.000276
-0.000296
-0.000375
-0.000420
-0.000334
-0.000173
-0.000086
-0.000110
-0.000130
-0.000060
0.000066
0.000163
0.000176
0.000132
0.000124
0.000175
0.000229
0.000245
0.000194
0.000080
-0.000002
-0.000002
-0.000008
-0.000084
-0.000161
-0.000153
-0.000071
0.000023
0.000087
0.000082
0.000008
-0.000051
-0.000033
0.000009
0.000003
-0.000045
-0.000106
-0.000182
-0.000266
-0.000323
-0.000302
-0.000098
0.000301
0.000670
0.000777
0.000667
0.000597
0.000757
0.000989
0.000916
0.000467
-0.000016
-0.000255
-0.000315
-0.000438
-0.000762
-0.001169
-0.001395
-0.001313
-0.001069
-0.000882
-0.000792
-0.000652
-0.000332
0.000108
0.000454
0.000584
0.000605
0.000654
0.000721
0.000737
0.000673
0.000540
0.000398
0.000319
0.000308
0.000298
0.000220
0.000099
0.000046
0.000092
0.000105
-0.000015
-0.000193
-0.000310
-0.000324
-0.000275
-0.000272
-0.000363
-0.000415
-0.000327
-0.000206
-0.000164
-0.000158
-0.000102
0.000010
0.000084
0.000041
-0.000049
-0.000054
0.000017
0.000085
0.000141
0.000163
0.000116
0.000062
0.000070
0.000109
0.000108
0.000060
0.000033
0.000082
0.000164
0.000216
0.000239
0.000225
0.000169
0.000128
0.000109
0.000013
-0.000156
-0.000240
-0.000171
-0.000096
-0.000178
-0.000338
-0.000347
-0.000182
-0.000052
-0.000071
-0.000128
-0.000085
0.000031
0.000078
0.000016
-0.000064
-0.000106
-0.000117
-0.000066
0.000025
0.000048
-0.000010
-0.000023
0.000075
0.000209
0.000324
0.000395
0.000294
-0.000007
-0.000256
-0.000284
-0.000217
-0.000155
-0.000064
0.000033
0.000082
0.000119
0.000172
0.000198
0.000177
0.000143
0.000124
0.000108
0.000071
0.000017
-0.000013
0.000021
0.000089
0.000112
0.000074
0.000024
-0.000016
-0.000075
-0.000153
-0.000198
-0.000212
-0.000234
-0.000216
-0.000155
-0.000147
-0.000166
-0.000106
-0.000007
0.000047
0.000077
0.000112
0.000125
0.000129
0.000161
0.000179
0.000155
0.000140
0.000125
0.000056
-0.000028
-0.000061
-0.000050
-0.000030
-0.000035
-0.000086
-0.000154
-0.000190
-0.000180
-0.000138
-0.000086
-0.000058
-0.000075
-0.000110
-0.000101
-0.000040
-0.000000
-0.000012
-0.000017
0.000035
0.000113
0.000149
0.000114
0.000074
0.000104
0.000186
0.000231
0.000186
0.000080
-0.000027
-0.000090
-0.000071
-0.000000
0.000055
0.000094
0.000135
0.000135
0.000062
-0.000022
-0.000039
-0.000017
-0.000040
-0.000120
-0.000187
-0.000222
-0.000247
-0.000239
-0.000201
-0.000204
-0.000231
-0.000170
-0.000006
0.000145
0.000218
0.000255
0.000282
0.000279
0.000252
0.000217
0.000130
-0.000018
-0.000109
-0.000084
-0.000076
-0.000146
-0.000177
-0.000128
-0.000081
-0.000047
0.000022
0.000106
0.000151
0.000149
0.000125
0.000080
-0.000007
-0.000089
-0.000070
0.000023
0.000035
-0.000081
-0.000171
-0.000111
0.000016
0.000076
0.000048
-0.000038
-0.000133
-0.000137
-0.000032
0.000073
0.000092
0.000050
0.000026
0.000024
-0.000024
-0.000090
-0.000083
-0.000021
0.000019
0.000032
0.000026
-0.000017
-0.000033
0.000049
0.000137
0.000129
0.000072
0.000057
0.000079
0.000092
0.000057
-0.000063
-0.000189
-0.000110
0.000199
0.000444
0.000414
0.000226
0.000090
0.000037
-0.000040
-0.000177
-0.000306
-0.000382
-0.000422
-0.000419
-0.000359
-0.000277
-0.000209
-0.000129
-0.000013
0.000095
0.000145
0.000140
0.000115
0.000097
0.000060
-0.000012
-0.000069
-0.000046
0.000059
0.000192
0.000275
0.000245
0.000115
-0.000019
-0.000064
-0.000014
0.000054
0.000060
-0.000000
-0.000040
-0.000013
0.000013
-0.000022
-0.000065
-0.000061
-0.000046
-0.000081
-0.000140
-0.000123
-0.000005
0.000113
0.000127
0.000059
-0.000003
-0.000039
-0.000044
0.000038
0.000189
0.000267
0.000202
0.000111
0.000119
0.000169
0.000102
-0.000074
-0.000179
-0.000146
-0.000095
-0.000114
-0.000159
-0.000163
-0.000112
-0.000043
-0.000014
-0.000027
-0.000017
0.000015
0.000005
-0.000029
-0.000036
-0.000057
-0.000100
-0.000094
-0.000054
-0.000046
-0.000054
-0.000022
0.000039
0.000062
0.000037
0.000047
0.000123
0.000187
0.000208
0.000223
0.000227
0.000206
0.000172
0.000129
0.000067
-0.000030
-0.000153
-0.000229
-0.000210
-0.000186
-0.000242
-0.000306
-0.000261
-0.000117
0.000003
-0.000001
-0.000071
-0.000075
0.000022
0.000172
0.000303
0.000345
0.000281
0.000178
0.000111
0.000091
0.000055
-0.000049
-0.000173
-0.000203
-0.000109
-0.000001
-0.000006
-0.000090
-0.000128
-0.000093
-0.000045
-0.000034
-0.000061
-0.000072
-0.000034
-0.000005
-0.000037
-0.000046
0.000028
0.000084
0.000051
0.000003
-0.000007
0.000001
0.000017
0.000044
0.000074
0.000100
0.000083
0.000015
-0.000028
0.000013
0.000088
0.000118
0.000080
0.000028
0.000034
0.000095
0.000080
-0.000109
-0.000339
-0.000426
-0.000387
-0.000331
-0.000268
-0.000143
0.000016
0.000121
0.000189
0.000277
0.000323
0.000276
0.000226
0.000241
0.000258
0.000224
0.000170
0.000120
0.000056
-0.000007
-0.000032
-0.000041
-0.000083
-0.000124
-0.000095
-0.000033
-0.000031
-0.000096
-0.000125
-0.000053
0.000032
-0.000000
-0.000145
-0.000276
-0.000281
-0.000166
-0.000025
0.000057
0.000062
0.000048
0.000065
0.000093
0.000074
-0.000008
-0.000081
-0.000050
0.000068
0.000137
0.000104
0.000072
0.000107
0.000133
0.000075
-0.000026
-0.000099
-0.000128
-0.000139
-0.000145
-0.000126
-0.000081
-0.000040
-0.000030
-0.000055
-0.000077
-0.000057
-0.000011
0.000017
0.000025
0.000034
0.000046
0.000065
0.000091
0.000105
0.000102
0.000061
-0.000020
-0.000053
0.000004
0.000072
0.000097
0.000095
0.000056
-0.000009
-0.000018
0.000040
0.000059
-0.000013
-0.000068
-0.000002
0.000097
0.000067
-0.000051
-0.000091
-0.000059
-0.000084
-0.000181
-0.000256
-0.000243
-0.000145
-0.000015
0.000078
0.000103
0.000099
0.000124
0.000199
0.000256
0.000188
0.000024
-0.000068
-0.000067
-0.000108
-0.000185
-0.000174
-0.000094
-0.000048
0.000003
0.000110
0.000172
0.000134
0.000094
0.000095
0.000068
0.000000
-0.000040
-0.000023
0.000002
-0.000011
-0.000039
-0.000050
-0.000054
-0.000064
-0.000078
-0.000102
-0.000105
-0.000022
0.000103
0.000127
0.000027
-0.000059
-0.000059
-0.000009
0.000055
0.000092
0.000085
0.000081
0.000092
0.000061
-0.000018
-0.000077
-0.000064
-0.000030
-0.000070
-0.000147
-0.000141
-0.000057
0.000012
0.000043
0.000020
-0.000066
-0.000066
0.000162
0.000434
0.000474
0.000303
0.000143
0.000098
0.000104
0.000069
-0.000059
-0.000237
-0.000352
-0.000340
-0.000272
-0.000242
-0.000238
-0.000202
-0.000130
-0.000077
-0.000093
-0.000149
-0.000158
-0.000082
0.000029
0.000074
0.000013
-0.000049
0.000011
0.000158
0.000275
0.000302
0.000245
0.000156
0.000102
0.000080
0.000043
-0.000005
-0.000034
-0.000024
0.000015
0.000025
-0.000048
-0.000158
-0.000199
-0.000156
-0.000114
-0.000106
-0.000062
0.000068
0.000210
0.000235
0.000151
0.000106
0.000152
0.000198
0.000163
0.000075
0.000019
0.000037
0.000091
0.000097
-0.000001
-0.000157
-0.000249
-0.000228
-0.000162
-0.000131
-0.000110
-0.000055
-0.000009
-0.000030
-0.000078
-0.000073
-0.000016
0.000024
0.000046
0.000090
0.000107
0.000050
-0.000019
-0.000039
-0.000031
-0.000040
-0.000066
-0.000059
-0.000001
0.000055
0.000052
0.000008
-0.000002
0.000039
0.000060
0.000010
-0.000037
0.000034
0.000176
0.000203
0.000074
-0.000045
-0.000051
-0.000017
-0.000015
-0.000032
-0.000045
-0.000055
-0.000034
0.000050
0.000116
0.000068
-0.000022
-0.000044
-0.000026
-0.000025
-0.000028
-0.000036
-0.000057
-0.000053
-0.000012
0.000010
-0.000022
-0.000063
-0.000049
-0.000002
0.000001
-0.000046
-0.000082
-0.000074
-0.000042
-0.000025
-0.000023
0.000013
0.000094
0.000152
0.000127
0.000040
-0.000029
-0.000031
-0.000011
-0.000034
-0.000077
-0.000058
0.000033
0.000099
0.000081
0.000033
0.000003
-0.000014
0.000015
0.000077
0.000070
-0.000004
-0.000019
0.000055
0.000111
0.000055
-0.000063
-0.000070
0.000102
0.000231
0.000059
-0.000282
-0.000430
-0.000311
-0.000186
-0.000216
-0.000257
-0.000146
0.000021
0.000069
0.000024
0.000021
0.000075
0.000160
0.000280
0.000351
0.000293
0.000190
0.000156
0.000155
0.000106
0.000041
0.000035
0.000059
0.000045
0.000017
0.000005
-0.000026
-0.000081
-0.000099
-0.000059
-0.000007
-0.000016
-0.000103
-0.000195
-0.000221
-0.000202
-0.000184
-0.000154
-0.000096
-0.000038
0.000011
0.000065
0.000109
0.000131
0.000164
0.000203
0.000178
0.000086
0.000005
-0.000032
-0.000051
-0.000079
-0.000109
-0.000106
-0.000077
-0.000088
-0.000119
-0.000091
-0.000037
-0.000035
-0.000071
-0.000078
-0.000044
-0.000008
0.000018
0.000056
0.000083
0.000053
0.000008
0.000023
0.000067
0.000069
0.000046
0.000036
0.000025
-0.000014
-0.000050
-0.000012
0.000104
0.000198
0.000208
0.000160
0.000088
0.000042
0.000068
0.000117
0.000103
0.000036
-0.000036
-0.000107
-0.000174
-0.000226
-0.000236
-0.000170
-0.000066
-0.000021
-0.000079
-0.000152
-0.000102
0.000020
0.000038
-0.000036
-0.000052
0.000003
0.000055
0.000094
0.000116
0.000097
0.000047
-0.000019
-0.000093
-0.000132
-0.000084
0.000018
0.000078
0.000074
0.000051
0.000060
0.000125
0.000175
0.000120
0.000030
0.000028
0.000043
-0.000047
-0.000141
-0.000110
-0.000063
-0.000101
-0.000110
0.000008
0.000146
0.000147
0.000041
-0.000002
0.000051
0.000047
-0.000073
-0.000176
-0.000154
-0.000072
-0.000027
-0.000004
0.000020
0.000015
-0.000015
-0.000004
0.000071
0.000122
0.000092
0.000050
0.000035
0.000012
-0.000027
-0.000053
-0.000060
-0.000097
-0.000202
-0.000280
-0.000155
0.000160
0.000408
0.000449
0.000394
0.000322
0.000205
0.000057
-0.000088
-0.000202
-0.000225
-0.000163
-0.000105
-0.000101
-0.000152
-0.000245
-0.000293
-0.000223
-0.000118
-0.000108
-0.000163
-0.000157
-0.000061
0.000038
0.000064
0.000053
0.000092
0.000162
0.000181
0.000150
0.000165
0.000260
0.000327
0.000253
0.000069
-0.000102
-0.000164
-0.000112
-0.000084
-0.000176
-0.000259
-0.000205
-0.000109
-0.000095
-0.000092
0.000026
0.000176
0.000196
0.000118
0.000076
0.000108
0.000154
0.000152
0.000108
0.000074
0.000051
0.000011
-0.000040
-0.000069
-0.000059
-0.000024
-0.000006
-0.000034
-0.000087
-0.000122
-0.000114
-0.000060
0.000024
0.000077
0.000059
0.000024
0.000036
0.000060
0.000046
0.000012
-0.000020
-0.000053
-0.000081
-0.000091
-0.000089
-0.000083
-0.000065
-0.000041
-0.000044
-0.000071
-0.000059
0.000014
0.000077
0.000069
0.000030
0.000041
0.000074
0.000044
-0.000008
0.000018
0.000093
0.000128
0.000099
0.000099
