5601
0.000041
0.000080
-0.000007
-0.000072
-0.000069
-0.000087
-0.000159
-0.000207
-0.000151
-0.000035
0.000038
0.000074
0.000126
0.000160
0.000134
0.000090
0.000055
0.000006
-0.000025
0.000018
0.000082
0.000089
0.000075
0.000078
0.000063
0.000041
0.000028
-0.000026
-0.000072
0.000040
0.000217
0.000115
-0.000264
-0.000495
-0.000415
-0.000277
-0.000217
-0.000137
-0.000011
0.000082
0.000128
0.000166
0.000187
0.000164
0.000132
0.000170
0.000278
0.000328
0.000246
0.000129
0.000090
0.000075
0.000006
-0.000065
-0.000079
-0.000081
-0.000110
-0.000128
-0.000119
-0.000114
-0.000105
-0.000073
-0.000038
-0.000011
-0.000005
-0.000052
-0.000114
-0.000100
-0.000015
0.000032
0.000008
-0.000018
-0.000013
-0.000015
-0.000029
-0.000013
0.000032
0.000070
0.000078
0.000056
0.000049
0.000078
0.000098
0.000075
0.000009
-0.000063
-0.000089
-0.000075
-0.000073
-0.000082
-0.000068
-0.000051
-0.000044
-0.000011
0.000034
0.000029
-0.000012
-0.000018
0.000007
-0.000017
-0.000092
-0.000104
0.000001
0.000113
0.000114
0.000021
-0.000082
-0.000126
-0.000076
0.000045
0.000148
0.000184
0.000182
0.000133
0.000021
-0.000052
-0.000007
0.000063
0.000025
-0.000107
-0.000188
-0.000126
0.000004
0.000078
0.000070
0.000030
-0.000017
-0.000075
-0.000121
-0.000118
-0.000039
0.000081
0.000129
0.000053
-0.000043
-0.000047
0.000021
0.000061
0.000039
-0.000003
-0.000038
-0.000079
-0.000127
-0.000147
-0.000105
-0.000027
0.000038
0.000092
0.000153
0.000195
0.000190
0.000173
0.000165
0.000131
0.000073
0.000034
-0.000009
-0.000096
-0.000181
-0.000186
-0.000109
-0.000030
-0.000029
-0.000087
-0.000127
-0.000109
-0.000037
0.000040
0.000066
0.000058
0.000044
0.000006
-0.000038
-0.000058
-0.000056
-0.000015
0.000047
0.000069
0.000045
0.000021
0.000020
0.000054
0.000111
0.000124
0.000076
0.000034
0.000032
0.000016
-0.000081
-0.000247
-0.000374
-0.000295
0.000015
0.000305
0.000381
0.000349
0.000315
0.000240
0.000131
0.000049
-0.000004
-0.000066
-0.000154
-0.000256
-0.000332
-0.000352
-0.000315
-0.000254
-0.000206
-0.000149
-0.000058
0.000020
0.000029
0.000002
0.000014
0.000053
0.000060
0.000041
0.000023
-0.000004
-0.000023
-0.000003
0.000033
0.000062
0.000103
0.000134
0.000123
0.000102
0.000112
0.000132
0.000123
0.000094
0.000065
0.000016
-0.000063
-0.000124
-0.000129
-0.000096
-0.000043
0.000027
0.000085
0.000093
0.000056
0.000036
0.000055
0.000064
0.000058
0.000077
0.000095
0.000095
0.000099
0.000088
0.000047
0.000014
-0.000031
-0.000118
-0.000202
-0.000250
-0.000275
-0.000249
-0.000147
-0.000051
-0.000074
-0.000170
-0.000159
-0.000010
0.000104
0.000084
0.000034
0.000049
0.000082
0.000096
0.000109
0.000101
0.000066
0.000051
0.000051
0.000036
0.000036
0.000062
0.000073
0.000068
0.000065
0.000040
-0.000002
0.000002
0.000075
0.000145
0.000108
-0.000034
-0.000148
-0.000175
-0.000186
-0.000203
-0.000181
-0.000089
0.000037
0.000109
0.000092
0.000055
0.000041
0.000021
0.000002
0.000006
0.000026
0.000037
0.000019
-0.000004
-0.000003
-0.000008
-0.000054
-0.000093
-0.000083
-0.000053
-0.000025
0.000010
0.000039
0.000026
-0.000022
-0.000037
0.000012
0.000041
0.000014
0.000034
0.000135
0.000190
0.000106
-0.000001
-0.000009
0.000003
-0.000070
-0.000153
-0.000142
-0.000101
-0.000125
-0.000138
-0.000049
0.000084
0.000159
0.000141
0.000070
0.000001
-0.000048
-0.000073
-0.000058
0.000001
0.000096
0.000204
0.000285
0.000312
0.000247
0.000019
-0.000292
-0.000490
-0.000526
-0.000466
-0.000310
-0.000085
0.000070
0.000086
0.000072
0.000110
0.000158
0.000205
0.000252
0.000239
0.000150
0.000082
0.000083
0.000087
0.000062
0.000044
0.000042
0.000044
0.000057
0.000095
0.000142
0.000138
0.000037
-0.000121
-0.000220
-0.000207
-0.000165
-0.000161
-0.000153
-0.000093
-0.000008
0.000031
-0.000012
-0.000055
-0.000004
0.000080
0.000062
-0.000036
-0.000077
-0.000052
-0.000039
-0.000002
0.000094
0.000172
0.000159
0.000065
-0.000044
-0.000097
-0.000098
-0.000090
-0.000072
-0.000047
-0.000060
-0.000117
-0.000167
-0.000161
-0.000084
0.000023
0.000088
0.000097
0.000074
0.000008
-0.000053
-0.000010
0.000083
0.000095
0.000040
0.000008
0.000011
0.000006
0.000007
0.000045
0.000088
0.000094
0.000056
-0.000000
-0.000014
0.000055
0.000146
0.000190
0.000180
0.000116
0.000044
0.000027
0.000017
-0.000063
-0.000173
-0.000238
-0.000237
-0.000200
-0.000157
-0.000099
-0.000021
0.000024
0.000025
0.000049
0.000084
0.000031
-0.000075
-0.000090
-0.000014
0.000021
-0.000017
-0.000051
-0.000051
-0.000026
0.000023
0.000066
0.000084
0.000093
0.000095
0.000089
0.000108
0.000144
0.000132
0.000043
-0.000060
-0.000090
-0.000030
0.000035
0.000004
-0.000114
-0.000202
-0.000173
-0.000065
0.000022
0.000029
-0.000000
0.000033
0.000118
0.000123
0.000018
-0.000069
-0.000052
-0.000004
-0.000012
-0.000072
-0.000140
-0.000152
-0.000061
0.000063
0.000128
0.000158
0.000181
0.000126
-0.000006
-0.000072
0.000017
0.000161
0.000198
0.000086
-0.000071
-0.000203
-0.000305
-0.000269
-0.000009
0.000279
0.000348
0.000248
0.000147
0.000072
-0.000002
-0.000038
-0.000024
-0.000048
-0.000138
-0.000211
-0.000191
-0.000102
-0.000047
-0.000094
-0.000180
-0.000205
-0.000163
-0.000101
-0.000049
-0.000021
-0.000032
-0.000059
-0.000054
-0.000019
0.000021
0.000072
0.000129
0.000164
0.000191
0.000239
0.000257
0.000177
0.000041
-0.000031
-0.000015
0.000005
-0.000016
-0.000054
-0.000081
-0.000087
-0.000091
-0.000100
-0.000076
0.000006
0.000091
0.000093
0.000019
-0.000038
-0.000031
0.000021
0.000087
0.000112
0.000077
0.000035
0.000025
0.000034
0.000040
0.000045
0.000070
0.000114
0.000131
0.000061
-0.000092
-0.000200
-0.000171
-0.000134
-0.000220
-0.000270
-0.000113
0.000079
0.000040
-0.000187
-0.000311
-0.000497
-0.001519
-0.002667
-0.001185
0.003088
0.005487
0.003033
-0.000340
0.000142
0.002374
0.001412
-0.001785
-0.002248
0.000174
0.000703
-0.002044
-0.003900
-0.002330
-0.000398
-0.001193
-0.002502
-0.000892
0.001895
0.001779
-0.000410
-0.000380
0.001842
0.001934
-0.000702
-0.001649
0.000645
0.002306
0.001072
-0.000162
0.000960
0.002202
0.000978
-0.001069
-0.000833
0.000914
0.000939
-0.000688
-0.000894
0.000687
0.001007
-0.000900
-0.002132
-0.001076
-0.000023
-0.000642
-0.001181
-0.000231
0.000651
-0.000011
-0.001001
-0.000654
0.000285
0.000103
-0.000802
-0.000776
0.000331
0.001379
0.001549
0.000802
-0.000076
-0.000117
0.000486
0.000537
-0.000201
-0.000332
0.000841
0.001734
0.001032
-0.000053
-0.000141
-0.000057
-0.000885
-0.001768
-0.001436
-0.000487
-0.000405
-0.000888
-0.000428
0.000631
0.000531
-0.000571
-0.000904
-0.000167
0.000410
0.000382
0.000444
0.000876
0.001000
0.000332
-0.000540
-0.000737
-0.000325
-0.000030
0.000136
0.000798
0.001630
0.001446
0.000330
-0.000258
0.000003
-0.000013
-0.000482
-0.000513
-0.000132
-0.000147
-0.000526
-0.000572
-0.000304
-0.000411
-0.000897
-0.000894
-0.000129
0.000475
0.000273
-0.000055
0.000237
0.000641
0.000432
0.000002
-0.000021
0.000100
0.000003
-0.000000
0.000323
0.000528
0.000162
-0.000416
-0.000473
-0.000115
-0.000089
-0.000319
-0.000051
0.000550
0.000582
0.000101
-0.000021
0.000105
-0.000387
-0.000987
-0.000410
0.000655
0.000497
-0.000418
-0.000372
0.000420
0.000447
-0.000257
-0.000349
0.000320
0.000612
0.000195
-0.000156
-0.000037
0.000098
-0.000224
-0.000694
-0.000645
-0.000151
0.000066
-0.000135
-0.000149
0.000202
0.000289
-0.000149
-0.000308
0.000281
0.000688
0.000221
-0.000232
0.000079
0.000345
-0.000116
-0.000478
-0.000041
0.000419
0.000211
0.000016
0.000370
0.000617
0.000273
-0.000165
-0.000160
0.000142
0.000215
-0.000124
-0.000426
-0.000329
-0.000187
-0.000358
-0.000506
-0.000286
-0.000057
-0.000204
-0.000396
-0.000206
0.000116
0.000120
-0.000049
0.000034
0.000285
0.000307
0.000177
0.000288
0.000533
0.000493
0.000250
0.000206
0.000329
0.000253
-0.000074
-0.000318
-0.000270
-0.000129
-0.000162
-0.000272
-0.000245
-0.000186
-0.000288
-0.000396
-0.000243
0.000018
0.000020
-0.000187
-0.000197
0.000066
0.000243
0.000174
0.000089
0.000111
0.000132
0.000158
0.000273
0.000371
0.000289
0.000089
-0.000042
-0.000081
-0.000165
-0.000262
-0.000049
0.000386
0.000349
-0.000221
-0.000531
-0.000260
0.000085
0.000198
0.000400
0.000716
0.000587
-0.000133
-0.000818
-0.001015
-0.001004
-0.001014
-0.000663
0.000286
0.001205
0.001274
0.000622
0.000016
-0.000285
-0.000574
-0.000777
-0.000468
0.000230
0.000610
0.000423
0.000198
0.000273
0.000278
-0.000087
-0.000475
-0.000465
-0.000224
-0.000147
-0.000164
0.000038
0.000321
0.000300
0.000070
0.000041
0.000178
0.000045
-0.000368
-0.000530
-0.000214
0.000176
0.000301
0.000321
0.000443
0.000514
0.000324
0.000007
-0.000166
-0.000170
-0.000160
-0.000165
-0.000052
0.000210
0.000382
0.000280
0.000118
0.000128
0.000225
0.000268
0.000059
-0.000558
-0.001189
-0.001291
-0.000949
-0.000520
-0.000005
0.000676
0.001214
0.001210
0.000803
0.000466
0.000155
-0.000569
-0.001473
-0.001679
-0.000940
-0.000028
0.000424
0.000648
0.000981
0.001137
0.000770
0.000159
-0.000204
-0.000350
-0.000604
-0.000757
-0.000281
0.000587
0.000987
0.000728
0.000406
0.000286
0.000055
-0.000412
-0.000786
-0.000827
-0.000663
-0.000477
-0.000209
0.000227
0.000555
0.000423
0.000020
-0.000144
-0.000038
-0.000050
-0.000238
-0.000272
-0.000063
0.000121
0.000158
0.000261
0.000516
0.000564
0.000149
-0.000325
-0.000383
-0.000254
-0.000396
-0.000614
-0.000433
-0.000012
0.000168
0.000151
0.000233
0.000283
0.000043
-0.000253
-0.000218
0.000043
0.000131
0.000011
0.000028
0.000288
0.000415
0.000190
-0.000029
0.000037
0.000084
-0.000170
-0.000422
-0.000298
-0.000018
-0.000009
-0.000138
0.000014
0.000377
0.000523
0.000401
0.000294
0.000193
-0.000105
-0.000478
-0.000590
-0.000371
-0.000080
0.000061
0.000139
0.000339
0.000558
0.000514
0.000252
0.000118
0.000185
0.000182
0.000035
-0.000020
0.000084
0.000151
0.000085
0.000014
0.000028
0.000024
-0.000122
-0.000342
-0.000475
-0.000494
-0.000513
-0.000574
-0.000550
-0.000352
-0.000120
-0.000018
0.000001
0.000050
0.000083
-0.000001
-0.000129
-0.000111
0.000076
0.000266
0.000381
0.000487
0.000602
0.000650
0.000599
0.000509
0.000395
0.000182
-0.000095
-0.000289
-0.000363
-0.000406
-0.000473
-0.000524
-0.000465
-0.000277
-0.000110
-0.000129
-0.000274
-0.000362
-0.000366
-0.000382
-0.000380
-0.000294
-0.000214
-0.000186
-0.000103
0.000040
0.000128
0.000179
0.000284
0.000378
0.000282
0.000032
-0.000112
-0.000071
-0.000008
-0.000005
0.000008
0.000020
-0.000159
-0.000695
-0.001275
-0.001118
-0.000058
0.000869
0.000953
0.001010
0.001795
0.002545
0.002461
0.002103
0.002034
0.001669
0.000616
-0.000255
-0.000194
0.000190
0.000008
-0.000527
-0.000634
-0.000298
-0.000250
-0.000787
-0.001420
-0.001800
-0.002178
-0.002673
-0.002888
-0.002578
-0.002118
-0.001931
-0.001866
-0.001474
-0.000647
0.000255
0.000794
0.000845
0.000706
0.000789
0.001114
0.001352
0.001420
0.001523
0.001657
0.001729
0.001929
0.002298
0.002354
0.001822
0.001216
0.001054
0.001068
0.000750
0.000150
-0.000317
-0.000479
-0.000514
-0.000636
-0.000843
-0.001047
-0.001297
-0.001631
-0.001869
-0.001832
-0.001679
-0.001736
-0.001941
-0.001869
-0.001443
-0.001034
-0.000772
-0.000454
-0.000095
0.000108
0.000253
0.000558
0.000909
0.001085
0.001205
0.001484
0.001850
0.002098
0.002094
0.001819
0.001405
0.001022
0.000692
0.000347
0.000012
-0.000267
-0.000554
-0.000851
-0.001019
-0.001041
-0.001100
-0.001425
-0.002295
-0.003533
-0.003839
-0.002248
-0.000289
0.000012
-0.000207
0.001332
0.003538
0.003922
0.003268
0.003633
0.003963
0.002377
0.000322
0.000163
0.001018
0.000648
-0.000555
-0.000649
0.000363
0.000831
0.000248
-0.000487
-0.001020
-0.001815
-0.002825
-0.003485
-0.003617
-0.003457
-0.003307
-0.003238
-0.002693
-0.001236
0.000214
0.000412
-0.000076
0.000200
0.000931
0.000658
-0.000534
-0.001143
-0.000565
0.000470
0.001429
0.002595
0.004034
0.005027
0.005104
0.004751
0.004432
0.003757
0.002290
0.000503
-0.000632
-0.000844
-0.000879
-0.001304
-0.001591
-0.001161
-0.000646
-0.000933
-0.001666
-0.002104
-0.002538
-0.003436
-0.004242
-0.004239
-0.003667
-0.003158
-0.002741
-0.001953
-0.000647
0.000648
0.001327
0.001516
0.001747
0.002013
0.001919
0.001593
0.001573
0.001860
0.001980
0.001975
0.002381
0.003106
0.003311
0.002691
0.001900
0.001370
0.000723
-0.000267
-0.001146
-0.001567
-0.001710
-0.001789
-0.001802
-0.001709
-0.001532
-0.001467
-0.001700
-0.001999
-0.002092
-0.002235
-0.002594
-0.002703
-0.002334
-0.002183
-0.002916
-0.003670
-0.002540
0.000447
0.002490
0.002328
0.002668
0.005107
0.006733
0.005629
0.004557
0.005310
0.005246
0.002903
0.001089
0.001569
0.002128
0.000965
-0.000401
-0.000211
0.000617
0.000263
-0.001141
-0.002159
-0.002549
-0.003239
-0.004447
-0.005433
-0.005663
-0.005347
-0.005087
-0.004939
-0.004011
-0.002125
-0.000913
-0.001304
-0.001563
-0.000279
0.000953
0.000564
0.000055
0.001122
0.002436
0.002266
0.001873
0.003164
0.004975
0.005110
0.004301
0.004551
0.005303
0.004788
0.003341
0.002407
0.002047
0.001476
0.000517
-0.000405
-0.000771
-0.000684
-0.001082
-0.002208
-0.002884
-0.002720
-0.003066
-0.004346
-0.005064
-0.004604
-0.004204
-0.004385
-0.004120
-0.002969
-0.001833
-0.001307
-0.000842
0.000075
0.001024
0.001418
0.001420
0.001645
0.002244
0.002701
0.002668
0.002618
0.003098
0.003670
0.003563
0.003085
0.003049
0.003131
0.002486
0.001460
0.000882
0.000453
-0.000477
-0.001524
-0.002018
-0.002097
-0.002199
-0.002423
-0.002644
-0.002648
-0.002382
-0.002173
-0.002213
-0.002179
-0.001926
-0.001852
-0.002086
-0.002116
-0.001642
-0.001110
-0.001237
-0.002218
-0.003003
-0.001954
0.000593
0.002107
0.002014
0.002981
0.005780
0.007330
0.006381
0.005781
0.006646
0.006191
0.003508
0.001552
0.001630
0.001360
-0.000496
-0.001853
-0.001256
-0.000314
-0.000779
-0.001864
-0.002078
-0.001804
-0.002344
-0.003739
-0.005012
-0.005623
-0.005818
-0.006027
-0.006094
-0.005234
-0.003466
-0.002169
-0.001806
-0.000877
0.001160
0.002480
0.002151
0.001729
0.002228
0.002619
0.002245
0.002029
0.002598
0.003231
0.003299
0.003391
0.004174
0.005037
0.004955
0.004100
0.003407
0.003017
0.002282
0.001004
-0.000275
-0.001068
-0.001513
-0.002059
-0.002658
-0.002808
-0.002637
-0.002880
-0.003479
-0.003646
-0.003418
-0.003563
-0.004021
-0.004024
-0.003478
-0.002918
-0.002521
-0.001974
-0.001049
0.000060
0.000923
0.001430
0.001945
0.002636
0.003124
0.003178
0.003154
0.003306
0.003314
0.002923
0.002519
0.002545
0.002722
0.002510
0.002011
0.001659
0.001354
0.000726
-0.000093
-0.000754
-0.001362
-0.002166
-0.002952
-0.003304
-0.003224
-0.003101
-0.003155
-0.003141
-0.002764
-0.002174
-0.001714
-0.001357
-0.000897
-0.000486
-0.000398
-0.000547
-0.000935
-0.001993
-0.003274
-0.002972
-0.000758
0.000869
0.000807
0.001722
0.004899
0.007226
0.006888
0.006599
0.007754
0.007543
0.004785
0.002367
0.001809
0.001050
-0.000981
-0.002405
-0.002059
-0.001360
-0.001550
-0.001828
-0.001272
-0.000592
-0.000871
-0.002040
-0.003401
-0.004513
-0.005278
-0.005895
-0.006435
-0.006332
-0.005254
-0.004058
-0.003313
-0.001980
0.000403
0.002167
0.002369
0.002479
0.003339
0.003615
0.002694
0.001936
0.002084
0.002215
0.001821
0.001770
0.002717
0.003941
0.004363
0.004146
0.004319
0.004835
0.004438
0.002863
0.001367
0.000548
-0.000476
-0.002130
-0.003408
-0.003571
-0.003367
-0.003642
-0.003921
-0.003507
-0.002943
-0.003032
-0.003400
-0.003302
-0.002962
-0.002972
-0.003148
-0.002874
-0.002072
-0.001249
-0.000710
-0.000047
0.001208
0.002618
0.003368
0.003585
0.003981
0.004394
0.004101
0.003307
0.002845
0.002709
0.002251
0.001487
0.001093
0.001263
0.001424
0.001117
0.000562
0.000156
-0.000210
-0.000894
-0.001766
-0.002363
-0.002690
-0.003122
-0.003575
-0.003589
-0.003174
-0.002798
-0.002578
-0.002159
-0.001465
-0.000920
-0.000750
-0.000670
-0.000766
-0.001771
-0.003213
-0.003006
-0.000973
0.000134
-0.000285
0.000925
0.004458
0.006694
0.006570
0.007279
0.009222
0.008866
0.005802
0.003538
0.002987
0.001670
-0.000907
-0.002524
-0.002495
-0.002457
-0.003100
-0.003187
-0.002070
-0.000902
-0.000797
-0.001498
-0.002307
-0.002946
-0.003544
-0.004561
-0.005986
-0.006707
-0.006116
-0.005317
-0.004890
-0.003490
-0.000822
0.001064
0.001535
0.002578
0.004571
0.005263
0.004149
0.003385
0.003651
0.003310
0.001970
0.001211
0.001651
0.002230
0.002339
0.002443
0.002931
0.003697
0.004287
0.004052
0.003008
0.002033
0.001309
-0.000043
-0.001942
-0.003102
-0.003481
-0.004305
-0.005376
-0.005324
-0.004391
-0.003933
-0.003860
-0.003234
-0.002288
-0.001804
-0.001735
-0.001639
-0.001371
-0.000975
-0.000648
-0.000518
-0.000159
0.000775
0.001700
0.002119
0.002646
0.003686
0.004386
0.004162
0.003823
0.003898
0.003577
0.002477
0.001608
0.001495
0.001275
0.000468
-0.000211
-0.000331
-0.000411
-0.000804
-0.001204
-0.001412
-0.001592
-0.001883
-0.002321
-0.002793
-0.003039
-0.003084
-0.003202
-0.003255
-0.002872
-0.002222
-0.001732
-0.001367
-0.001115
-0.001543
-0.002507
-0.002361
-0.000583
0.000597
0.000094
0.000552
0.003414
0.005639
0.005404
0.005660
0.007889
0.008718
0.006492
0.004457
0.004395
0.003748
0.001188
-0.000989
-0.001470
-0.001880
-0.003176
-0.003939
-0.003199
-0.002167
-0.002151
-0.002728
-0.002938
-0.002764
-0.002763
-0.003345
-0.004448
-0.005255
-0.005083
-0.004655
-0.004750
-0.004312
-0.002427
-0.000571
-0.000037
0.000565
0.002489
0.004270
0.004371
0.003785
0.003966
0.004393
0.003906
0.002863
0.002429
0.002603
0.002418
0.001831
0.001808
0.002464
0.002814
0.002547
0.002367
0.002516
0.002400
0.001634
0.000480
-0.000612
-0.001550
-0.002724
-0.004163
-0.005051
-0.005018
-0.004910
-0.005194
-0.005089
-0.004137
-0.003043
-0.002372
-0.001824
-0.001082
-0.000350
0.000048
0.000137
0.000282
0.000665
0.001010
0.001165
0.001492
0.002182
0.002813
0.003088
0.003317
0.003755
0.004059
0.003808
0.003191
0.002716
0.002339
0.001574
0.000512
-0.000248
-0.000688
-0.001259
-0.001839
-0.001969
-0.001818
-0.001866
-0.002065
-0.002107
-0.002029
-0.002026
-0.002114
-0.002218
-0.002265
-0.002220
-0.002146
-0.002115
-0.002226
-0.002829
-0.003815
-0.003757
-0.001884
-0.000207
-0.000314
0.000093
0.002998
0.005709
0.005821
0.005947
0.008184
0.009447
0.007376
0.004918
0.004614
0.004244
0.001811
-0.000692
-0.001396
-0.001677
-0.002914
-0.003852
-0.003167
-0.001971
-0.001926
-0.002625
-0.002718
-0.002266
-0.002278
-0.003095
-0.004248
-0.004990
-0.004976
-0.004862
-0.005205
-0.004977
-0.003246
-0.001397
-0.000833
-0.000223
0.001808
0.003758
0.004077
0.003904
0.004430
0.004731
0.004049
0.003292
0.003138
0.002973
0.002286
0.001526
0.001349
0.001772
0.002152
0.001966
0.001637
0.001915
0.002381
0.001931
0.000820
0.000216
-0.000145
-0.001409
-0.003091
-0.003779
-0.003772
-0.004326
-0.005113
-0.004978
-0.004162
-0.003600
-0.003203
-0.002437
-0.001466
-0.000720
-0.000274
0.000045
0.000484
0.001022
0.001206
0.000957
0.000977
0.001547
0.001966
0.001922
0.002099
0.002731
0.003044
0.002825
0.002899
0.003396
0.003359
0.002541
0.001823
0.001512
0.000898
-0.000218
-0.001135
-0.001560
-0.001928
-0.002465
-0.002920
-0.003044
-0.002861
-0.002608
-0.002479
-0.002356
-0.002030
-0.001695
-0.001689
-0.001812
-0.001795
-0.002287
-0.003647
-0.004193
-0.002529
-0.000674
-0.000802
-0.000715
0.002166
0.005295
0.005662
0.005747
0.008209
0.010000
0.008205
0.005729
0.005544
0.005386
0.002779
-0.000358
-0.001677
-0.002215
-0.003503
-0.004560
-0.004061
-0.002914
-0.002627
-0.002919
-0.002668
-0.001909
-0.001508
-0.001891
-0.002843
-0.003726
-0.004016
-0.004225
-0.005017
-0.005433
-0.004327
-0.002887
-0.002554
-0.001928
0.000525
0.003006
0.003525
0.003504
0.004638
0.005615
0.005033
0.004109
0.004051
0.003844
0.002549
0.001217
0.001060
0.001584
0.001674
0.001263
0.001101
0.001531
0.002052
0.002035
0.001559
0.001179
0.000856
-0.000097
-0.001615
-0.002653
-0.003010
-0.003750
-0.005041
-0.005605
-0.005068
-0.004570
-0.004475
-0.003880
-0.002639
-0.001581
-0.000847
0.000101
0.001185
0.001816
0.001841
0.001617
0.001571
0.001790
0.001865
0.001542
0.001354
0.001760
0.002259
0.002317
0.002349
0.002773
0.003067
0.002761
0.002365
0.002293
0.001920
0.000789
-0.000386
-0.000968
-0.001426
-0.002209
-0.002846
-0.002945
-0.002898
-0.002999
-0.002961
-0.002644
-0.002255
-0.001867
-0.001490
-0.001278
-0.001366
-0.001993
-0.003132
-0.003584
-0.002417
-0.001266
-0.001695
-0.001542
0.001199
0.003856
0.004107
0.004776
0.007822
0.009657
0.007929
0.006084
0.006578
0.006569
0.003902
0.000933
-0.000254
-0.001090
-0.003007
-0.004669
-0.004589
-0.003760
-0.003748
-0.004044
-0.003375
-0.002116
-0.001454
-0.001570
-0.002015
-0.002541
-0.003024
-0.003563
-0.004250
-0.004453
-0.003717
-0.003065
-0.003226
-0.002757
-0.000657
0.001341
0.001894
0.002459
0.004111
0.005394
0.005280
0.004938
0.005173
0.005019
0.003802
0.002383
0.001658
0.001316
0.000710
0.000002
-0.000202
0.000091
0.000355
0.000513
0.000917
0.001386
0.001279
0.000580
-0.000045
-0.000415
-0.001126
-0.002423
-0.003655
-0.004319
-0.004749
-0.005180
-0.005167
-0.004513
-0.003737
-0.003088
-0.002147
-0.000765
0.000566
0.001466
0.002016
0.002400
0.002681
0.002790
0.002610
0.002203
0.001799
0.001481
0.001217
0.001175
0.001499
0.001909
0.002068
0.002116
0.002318
0.002463
0.002169
0.001554
0.001011
0.000486
-0.000340
-0.001330
-0.002045
-0.002493
-0.003028
-0.003565
-0.003673
-0.003420
-0.003204
-0.002941
-0.002387
-0.001788
-0.001575
-0.001998
-0.002787
-0.002772
-0.001475
-0.000689
-0.001448
-0.001290
0.001279
0.003323
0.003234
0.004218
0.007395
0.008745
0.006916
0.005946
0.007258
0.007150
0.004191
0.001576
0.000898
-0.000064
-0.002458
-0.004305
-0.004305
-0.003963
-0.004649
-0.005243
-0.004376
-0.002878
-0.002192
-0.002208
-0.002188
-0.002066
-0.002049
-0.002278
-0.002749
-0.002953
-0.002639
-0.002650
-0.003225
-0.002881
-0.001149
0.000095
0.000200
0.001078
0.003173
0.004368
0.004176
0.004506
0.005620
0.005667
0.004365
0.003355
0.003158
0.002732
0.001614
0.000528
0.000090
0.000072
-0.000026
-0.000202
-0.000085
0.000278
0.000340
-0.000030
-0.000299
-0.000289
-0.000647
-0.001721
-0.002800
-0.003283
-0.003660
-0.004371
-0.004802
-0.004495
-0.004039
-0.003780
-0.003046
-0.001566
-0.000199
0.000498
0.001012
0.001745
0.002447
0.002859
0.002953
0.002770
0.002489
0.002238
0.001914
0.001603
0.001613
0.001795
0.001697
0.001461
0.001567
0.001860
0.001802
0.001436
0.001156
0.000881
0.000313
-0.000450
-0.001185
-0.001882
-0.002523
-0.003003
-0.003309
-0.003475
-0.003461
-0.003267
-0.002985
-0.002669
-0.002560
-0.003060
-0.003538
-0.002613
-0.000924
-0.000664
-0.001147
0.000392
0.003034
0.003662
0.003519
0.005693
0.008146
0.007310
0.005320
0.005873
0.007078
0.005450
0.002449
0.001147
0.000709
-0.001010
-0.003101
-0.003596
-0.003122
-0.003549
-0.004624
-0.004623
-0.003469
-0.002656
-0.002650
-0.002691
-0.002464
-0.002238
-0.002211
-0.002503
-0.002868
-0.002746
-0.002445
-0.002774
-0.002998
-0.001827
-0.000246
0.000127
0.000376
0.002021
0.003652
0.003769
0.003842
0.005046
0.005722
0.004763
0.003708
0.003634
0.003406
0.002250
0.001135
0.000758
0.000480
-0.000159
-0.000626
-0.000456
-0.000020
0.000015
-0.000391
-0.000605
-0.000355
-0.000318
-0.001041
-0.001960
-0.002392
-0.002742
-0.003536
-0.004167
-0.004015
-0.003723
-0.003886
-0.003750
-0.002662
-0.001356
-0.000526
0.000264
0.001333
0.002170
0.002525
0.002802
0.003116
0.003105
0.002671
0.002149
0.001839
0.001746
0.001622
0.001283
0.000965
0.001005
0.001196
0.001137
0.000973
0.001010
0.000980
0.000547
0.000016
-0.000289
-0.000671
-0.001408
-0.002197
-0.002685
-0.002925
-0.003087
-0.003221
-0.003279
-0.003256
-0.003548
-0.004386
-0.004559
-0.002949
-0.001266
-0.001433
-0.001415
0.001127
0.003762
0.003938
0.004285
0.006947
0.008534
0.006802
0.005430
0.006762
0.007285
0.004678
0.001921
0.001203
0.000478
-0.001677
-0.003404
-0.003373
-0.003087
-0.003927
-0.004795
-0.004294
-0.003160
-0.002757
-0.002918
-0.002856
-0.002546
-0.002319
-0.002375
-0.002726
-0.002887
-0.002530
-0.002401
-0.002902
-0.002721
-0.001175
0.000020
-0.000092
0.000339
0.002291
0.003785
0.003753
0.003989
0.005265
0.005685
0.004529
0.003678
0.003931
0.003652
0.002106
0.000750
0.000432
0.000202
-0.000492
-0.000927
-0.000703
-0.000368
-0.000364
-0.000499
-0.000382
-0.000027
-0.000044
-0.000786
-0.001527
-0.001642
-0.001896
-0.002958
-0.003878
-0.003856
-0.003762
-0.004158
-0.004002
-0.002817
-0.001726
-0.001219
-0.000377
0.001041
0.002078
0.002378
0.002590
0.003002
0.003179
0.002878
0.002413
0.002130
0.002013
0.001786
0.001326
0.000966
0.001036
0.001175
0.000882
0.000508
0.000611
0.000803
0.000447
-0.000116
-0.000283
-0.000417
-0.001104
-0.001957
-0.002356
-0.002533
-0.002953
-0.003373
-0.003548
-0.004120
-0.005235
-0.005297
-0.003564
-0.002237
-0.002551
-0.001883
0.001190
0.003616
0.003889
0.005072
0.007951
0.008813
0.007059
0.006596
0.007859
0.007084
0.003948
0.001845
0.001207
-0.000429
-0.002940
-0.004033
-0.003724
-0.003923
-0.004766
-0.004717
-0.003553
-0.002578
-0.002301
-0.002133
-0.001896
-0.001833
-0.001844
-0.001938
-0.002354
-0.002761
-0.002783
-0.002917
-0.003251
-0.002704
-0.001296
-0.000679
-0.000885
0.000061
0.002271
0.003640
0.003832
0.004501
0.005606
0.005577
0.004679
0.004464
0.004614
0.003654
0.001902
0.000872
0.000616
0.000055
-0.000824
-0.001188
-0.001080
-0.001121
-0.001237
-0.001054
-0.000713
-0.000521
-0.000566
-0.000819
-0.001087
-0.001261
-0.001712
-0.002591
-0.003251
-0.003342
-0.003433
-0.003690
-0.003447
-0.002639
-0.001942
-0.001321
-0.000202
0.001099
0.001859
0.002249
0.002772
0.003261
0.003397
0.003263
0.002941
0.002404
0.001848
0.001479
0.001206
0.000949
0.000744
0.000484
0.000119
-0.000053
0.000115
0.000233
0.000055
-0.000111
-0.000201
-0.000612
-0.001281
-0.001686
-0.001871
-0.002339
-0.002983
-0.003371
-0.003934
-0.005058
-0.005425
-0.003981
-0.002589
-0.002868
-0.002548
0.000257
0.002844
0.003210
0.004181
0.007168
0.008640
0.007235
0.006644
0.008040
0.007806
0.004944
0.002723
0.002007
0.000319
-0.002482
-0.003970
-0.003934
-0.004340
-0.005402
-0.005507
-0.004345
-0.003211
-0.002657
-0.002111
-0.001473
-0.001151
-0.001048
-0.001038
-0.001399
-0.001892
-0.002074
-0.002428
-0.003160
-0.003102
-0.001949
-0.001291
-0.001534
-0.000880
0.001157
0.002738
0.003241
0.004052
0.005337
0.005738
0.005244
0.005083
0.005155
0.004305
0.002621
0.001344
0.000817
0.000217
-0.000765
-0.001444
-0.001493
-0.001423
-0.001481
-0.001305
-0.000799
-0.000430
-0.000547
-0.000901
-0.001045
-0.001064
-0.001488
-0.002332
-0.002926
-0.003091
-0.003373
-0.003730
-0.003508
-0.002857
-0.002434
-0.001968
-0.000820
0.000620
0.001597
0.002202
0.002816
0.003277
0.003379
0.003303
0.003188
0.002963
0.002589
0.002112
0.001628
0.001236
0.000858
0.000341
-0.000174
-0.000378
-0.000326
-0.000354
-0.000501
-0.000538
-0.000560
-0.000867
-0.001292
-0.001433
-0.001483
-0.001986
-0.003003
-0.004185
-0.004992
-0.004666
-0.003451
-0.003052
-0.003611
-0.002676
0.000128
0.001882
0.002266
0.004262
0.007407
0.008074
0.006830
0.007276
0.008636
0.007483
0.004572
0.002908
0.001999
-0.000220
-0.002868
-0.003984
-0.004148
-0.004951
-0.005951
-0.005677
-0.004305
-0.003196
-0.002614
-0.001908
-0.001155
-0.000775
-0.000550
-0.000392
-0.000702
-0.001312
-0.001765
-0.002314
-0.002967
-0.002853
-0.002048
-0.001795
-0.001935
-0.001015
0.000781
0.002014
0.002750
0.003937
0.005177
0.005595
0.005579
0.005798
0.005790
0.004810
0.003182
0.001871
0.001111
0.000246
-0.000985
-0.001875
-0.002068
-0.002217
-0.002470
-0.002042
-0.001087
-0.000754
-0.000979
-0.000695
-0.000101
-0.000266
-0.001062
-0.001667
-0.002149
-0.002892
-0.003537
-0.003626
-0.003397
-0.003241
-0.003028
-0.002362
-0.001212
0.000004
0.000994
0.001907
0.002853
0.003576
0.003943
0.004161
0.004258
0.003936
0.003133
0.002253
0.001603
0.001015
0.000262
-0.000466
-0.000844
-0.000978
-0.001186
-0.001415
-0.001441
-0.001348
-0.001299
-0.001212
-0.001066
-0.001252
-0.002277
-0.003712
-0.004081
-0.003171
-0.002975
-0.004008
-0.003674
-0.001242
0.000342
0.000444
0.002164
0.005532
0.006839
0.006040
0.006715
0.008624
0.008268
0.005820
0.004265
0.003551
0.001623
-0.001032
-0.002573
-0.003265
-0.004452
-0.005905
-0.006378
-0.005706
-0.004814
-0.004160
-0.003424
-0.002457
-0.001456
-0.000588
-0.000083
-0.000046
-0.000115
-0.000185
-0.000776
-0.001696
-0.001869
-0.001417
-0.001559
-0.002003
-0.001440
-0.000187
0.000712
0.001636
0.002998
0.003990
0.004481
0.005292
0.005980
0.005543
0.004583
0.003866
0.002806
0.001380
0.000580
0.000125
-0.001026
-0.002220
-0.002324
-0.002005
-0.002114
-0.002003
-0.001334
-0.000945
-0.000980
-0.000723
-0.000330
-0.000503
-0.001103
-0.001702
-0.002374
-0.002998
-0.003163
-0.003103
-0.003278
-0.003290
-0.002595
-0.001583
-0.000679
0.000454
0.001830
0.002782
0.003308
0.004004
0.004593
0.004386
0.003718
0.003249
0.002694
0.001695
0.000728
0.000085
-0.000612
-0.001381
-0.001789
-0.001831
-0.001807
-0.001774
-0.001694
-0.001703
-0.002149
-0.003089
-0.003543
-0.002723
-0.002003
-0.002766
-0.003175
-0.001336
0.000639
0.000782
0.001413
0.003975
0.005495
0.004682
0.004675
0.006498
0.007068
0.005412
0.003987
0.003522
0.002364
0.000320
-0.001229
-0.002049
-0.003017
-0.004269
-0.005046
-0.004943
-0.004431
-0.004106
-0.003924
-0.003512
-0.002744
-0.001779
-0.001021
-0.000816
-0.000820
-0.000548
-0.000446
-0.000892
-0.001049
-0.000517
-0.000399
-0.001036
-0.001087
-0.000072
0.000927
0.001504
0.002180
0.002923
0.003539
0.004219
0.004735
0.004720
0.004459
0.004051
0.003123
0.001996
0.001296
0.000687
-0.000309
-0.001265
-0.001708
-0.001748
-0.001575
-0.001384
-0.001370
-0.001329
-0.001076
-0.000964
-0.001174
-0.001406
-0.001700
-0.002352
-0.003084
-0.003391
-0.003325
-0.003244
-0.003202
-0.002891
-0.002059
-0.000908
0.000168
0.001168
0.002235
0.003099
0.003520
0.003725
0.003796
0.003455
0.002754
0.002061
0.001472
0.000880
0.000253
-0.000454
-0.001183
-0.001646
-0.001734
-0.001674
-0.001617
-0.001797
-0.002552
-0.003152
-0.002354
-0.001069
-0.001261
-0.001853
-0.000439
0.001694
0.002057
0.002179
0.004102
0.005570
0.004600
0.003684
0.004661
0.005188
0.003669
0.002000
0.001409
0.000591
-0.001074
-0.002403
-0.002823
-0.003175
-0.003963
-0.004528
-0.004248
-0.003516
-0.003015
-0.002749
-0.002413
-0.001952
-0.001368
-0.000834
-0.000713
-0.000794
-0.000605
-0.000562
-0.001078
-0.001290
-0.000663
-0.000304
-0.000757
-0.000768
0.000208
0.001068
0.001478
0.002190
0.003018
0.003328
0.003572
0.004148
0.004423
0.004067
0.003491
0.002835
0.002080
0.001438
0.000805
-0.000027
-0.000689
-0.000973
-0.001250
-0.001459
-0.001239
-0.001033
-0.001264
-0.001333
-0.000933
-0.000842
-0.001372
-0.001874
-0.002177
-0.002716
-0.003336
-0.003466
-0.003207
-0.003058
-0.002906
-0.002236
-0.001066
0.000108
0.001064
0.001954
0.002769
0.003335
0.003667
0.003783
0.003513
0.002931
0.002349
0.001770
0.001036
0.000253
-0.000447
-0.001083
-0.001616
-0.002135
-0.003025
-0.004077
-0.004114
-0.002982
-0.002448
-0.003027
-0.002550
-0.000315
0.001279
0.001566
0.002861
0.005171
0.005751
0.004740
0.004898
0.005958
0.005319
0.003233
0.001951
0.001400
0.000118
-0.001538
-0.002397
-0.002692
-0.003176
-0.003673
-0.003617
-0.002999
-0.002284
-0.001868
-0.001800
-0.001789
-0.001490
-0.001049
-0.001042
-0.001507
-0.001788
-0.001823
-0.002201
-0.002601
-0.002134
-0.001310
-0.001228
-0.001324
-0.000453
0.000906
0.001795
0.002502
0.003412
0.004075
0.004335
0.004507
0.004490
0.004127
0.003597
0.002773
0.001579
0.000661
0.000323
-0.000120
-0.000916
-0.001375
-0.001284
-0.001111
-0.000919
-0.000561
-0.000332
-0.000440
-0.000677
-0.000930
-0.001282
-0.001709
-0.002228
-0.002907
-0.003467
-0.003537
-0.003305
-0.003152
-0.002882
-0.002077
-0.000909
0.000194
0.001250
0.002337
0.003095
0.003330
0.003422
0.003571
0.003451
0.002951
0.002368
0.001757
0.000964
0.000115
-0.000627
-0.001405
-0.002450
-0.003720
-0.004530
-0.004047
-0.002917
-0.002705
-0.002883
-0.001526
0.000698
0.001679
0.002249
0.004143
0.005779
0.005351
0.004698
0.005443
0.005661
0.003957
0.002067
0.001139
0.000034
-0.001669
-0.002873
-0.003228
-0.003481
-0.003938
-0.004131
-0.003667
-0.002731
-0.001880
-0.001464
-0.001312
-0.001043
-0.000608
-0.000424
-0.000757
-0.001212
-0.001431
-0.001777
-0.002378
-0.002466
-0.001824
-0.001409
-0.001484
-0.001070
0.000088
0.001205
0.002188
0.003383
0.004254
0.004490
0.004848
0.005399
0.005213
0.004309
0.003463
0.002606
0.001488
0.000583
0.000018
-0.000692
-0.001461
-0.001814
-0.001801
-0.001631
-0.001355
-0.001226
-0.001330
-0.001272
-0.001045
-0.001203
-0.001758
-0.002221
-0.002641
-0.003282
-0.003736
-0.003586
-0.003220
-0.003043
-0.002642
-0.001561
-0.000182
0.000875
0.001687
0.002614
0.003454
0.003840
0.003963
0.004045
0.003783
0.003016
0.002043
0.001048
-0.000076
-0.001492
-0.003027
-0.003842
-0.003512
-0.003126
-0.003336
-0.002728
-0.000700
0.000874
0.001399
0.002776
0.005004
0.005800
0.005270
0.005454
0.005910
0.004827
0.002776
0.001259
-0.000039
-0.001791
-0.003462
-0.004523
-0.005166
-0.005577
-0.005693
-0.005332
-0.004339
-0.002995
-0.001861
-0.001012
-0.000098
0.000896
0.001491
0.001390
0.000958
0.000620
0.000165
-0.000594
-0.001092
-0.000962
-0.000872
-0.001271
-0.001363
-0.000577
0.000458
0.001294
0.002180
0.003003
0.003588
0.004305
0.004972
0.004817
0.004084
0.003484
0.002653
0.001327
0.000273
-0.000413
-0.001456
-0.002537
-0.002820
-0.002635
-0.002579
-0.002361
-0.001841
-0.001428
-0.001092
-0.000633
-0.000388
-0.000531
-0.000726
-0.000935
-0.001397
-0.001884
-0.002054
-0.002118
-0.002303
-0.002274
-0.001738
-0.000998
-0.000354
0.000398
0.001325
0.002029
0.002429
0.002859
0.003195
0.003042
0.002536
0.001783
0.000310
-0.001645
-0.002682
-0.002553
-0.002872
-0.003953
-0.003847
-0.002146
-0.000840
-0.000146
0.001771
0.004409
0.005540
0.005646
0.006632
0.007731
0.007142
0.005406
0.003845
0.002258
0.000228
-0.001735
-0.003335
-0.004765
-0.005872
-0.006433
-0.006537
-0.006054
-0.004905
-0.003721
-0.002931
-0.001972
-0.000529
0.000591
0.000800
0.000710
0.000851
0.000689
-0.000073
-0.000664
-0.000718
-0.000971
-0.001603
-0.001714
-0.001025
-0.000220
0.000519
0.001545
0.002679
0.003631
0.004646
0.005609
0.005857
0.005486
0.005135
0.004547
0.003241
0.001835
0.000848
-0.000390
-0.002124
-0.003333
-0.003614
-0.003790
-0.004065
-0.003820
-0.003153
-0.002604
-0.002049
-0.001349
-0.000843
-0.000584
-0.000419
-0.000556
-0.000947
-0.001123
-0.001223
-0.001645
-0.001880
-0.001418
-0.000884
-0.000720
-0.000268
0.000752
0.001650
0.002209
0.002884
0.003570
0.003728
0.003230
0.002121
0.000616
-0.000539
-0.001086
-0.001864
-0.003029
-0.003405
-0.002737
-0.002138
-0.001605
-0.000061
0.001993
0.003122
0.003730
0.005022
0.006285
0.006116
0.004938
0.003865
0.002762
0.001175
-0.000559
-0.002091
-0.003487
-0.004686
-0.005519
-0.005937
-0.005785
-0.004998
-0.004000
-0.003160
-0.002161
-0.000758
0.000464
0.001039
0.001402
0.001805
0.001728
0.001096
0.000584
0.000287
-0.000335
-0.001152
-0.001501
-0.001364
-0.001155
-0.000823
-0.000066
0.001063
0.002217
0.003111
0.003837
0.004628
0.005191
0.005026
0.004350
0.003694
0.002905
0.001610
0.000090
-0.001186
-0.002216
-0.003096
-0.003684
-0.003925
-0.004015
-0.004001
-0.003621
-0.002812
-0.001958
-0.001352
-0.000871
-0.000365
0.000068
0.000290
0.000251
-0.000004
-0.000309
-0.000527
-0.000680
-0.000734
-0.000554
-0.000250
0.000002
0.000433
0.001262
0.002102
0.002484
0.002387
0.001865
0.001045
0.000437
0.000163
-0.000418
-0.001340
-0.001699
-0.001353
-0.001083
-0.000809
0.000170
0.001449
0.002168
0.002662
0.003574
0.004424
0.004529
0.004077
0.003403
0.002466
0.001309
0.000030
-0.001417
-0.002857
-0.003977
-0.004800
-0.005384
-0.005470
-0.005050
-0.004557
-0.004067
-0.003160
-0.001895
-0.000888
-0.000257
0.000431
0.001184
0.001602
0.001677
0.001693
0.001626
0.001325
0.000963
0.000776
0.000725
0.000725
0.000832
0.001076
0.001470
0.002056
0.002639
0.002901
0.003022
0.003369
0.003532
0.002980
0.002238
0.001846
0.001193
-0.000121
-0.001300
-0.001902
-0.002556
-0.003454
-0.004004
-0.004049
-0.003914
-0.003683
-0.003323
-0.002858
-0.002226
-0.001510
-0.000933
-0.000392
0.000254
0.000634
0.000543
0.000545
0.000949
0.001193
0.000980
0.000828
0.000980
0.001023
0.000848
0.000808
0.000965
0.001114
0.001190
0.001127
0.000890
0.000672
0.000539
0.000260
-0.000161
-0.000431
-0.000565
-0.000739
-0.000719
-0.000311
0.000140
0.000417
0.000770
0.001205
0.001426
0.001464
0.001504
0.001381
0.000989
0.000577
0.000211
-0.000316
-0.000908
-0.001316
-0.001611
-0.001938
-0.002197
-0.002299
-0.002291
-0.002151
-0.001823
-0.001399
-0.001009
-0.000631
-0.000240
0.000061
0.000258
0.000476
0.000703
0.000797
0.000795
0.000771
0.000599
0.000364
0.000467
0.000811
0.000853
0.000782
0.001219
0.001826
0.001945
0.001965
0.002342
0.002530
0.002173
0.001765
0.001466
0.000884
0.000016
-0.000751
-0.001272
-0.001703
-0.002227
-0.002752
-0.002944
-0.002770
-0.002572
-0.002388
-0.001906
-0.001233
-0.000859
-0.000764
-0.000414
0.000200
0.000444
0.000197
0.000078
0.000312
0.000409
0.000107
-0.000355
-0.000876
-0.001409
-0.001574
-0.001384
-0.001367
-0.001230
-0.000275
0.000873
0.001475
0.002354
0.003901
0.004907
0.005051
0.005387
0.005846
0.005418
0.004260
0.003158
0.002091
0.000789
-0.000639
-0.002080
-0.003359
-0.004148
-0.004581
-0.004985
-0.005033
-0.004437
-0.003777
-0.003392
-0.002765
-0.001809
-0.001178
-0.000998
-0.000757
-0.000404
-0.000353
-0.000572
-0.000625
-0.000469
-0.000363
-0.000256
0.000045
0.000499
0.001074
0.001764
0.002370
0.002909
0.003651
0.004353
0.004483
0.004241
0.004085
0.003730
0.002868
0.001934
0.001173
0.000230
-0.000912
-0.001866
-0.002597
-0.003217
-0.003581
-0.003606
-0.003381
-0.002996
-0.002621
-0.002288
-0.001775
-0.001182
-0.000871
-0.000671
-0.000269
0.000060
0.000022
-0.000216
-0.000491
-0.000741
-0.000749
-0.000403
0.000092
0.000527
0.000910
0.001340
0.001855
0.002341
0.002637
0.002751
0.002810
0.002801
0.002543
0.001980
0.001310
0.000671
0.000005
-0.000660
-0.001176
-0.001537
-0.001837
-0.002042
-0.001999
-0.001698
-0.001361
-0.001143
-0.000940
-0.000639
-0.000316
-0.000085
0.000029
0.000022
-0.000116
-0.000347
-0.000580
-0.000709
-0.000701
-0.000654
-0.000634
-0.000536
-0.000284
0.000040
0.000403
0.000854
0.001302
0.001609
0.001802
0.001937
0.001951
0.001846
0.001714
0.001508
0.001132
0.000659
0.000194
-0.000223
-0.000527
-0.000709
-0.000863
-0.001005
-0.001079
-0.001125
-0.001177
-0.001154
-0.001042
-0.000947
-0.000886
-0.000817
-0.000766
-0.000748
-0.000731
-0.000727
-0.000770
-0.000814
-0.000809
-0.000780
-0.000679
-0.000419
-0.000081
0.000228
0.000571
0.000986
0.001341
0.001536
0.001633
0.001684
0.001659
0.001540
0.001334
0.001037
0.000696
0.000393
0.000076
-0.000347
-0.000696
-0.000757
-0.000679
-0.000658
-0.000545
-0.000252
-0.000018
0.000082
0.000269
0.000536
0.000689
0.000706
0.000613
0.000370
0.000068
-0.000163
-0.000380
-0.000643
-0.000892
-0.001150
-0.001434
-0.001568
-0.001475
-0.001356
-0.001282
-0.001070
-0.000684
-0.000318
-0.000045
0.000227
0.000504
0.000719
0.000866
0.000945
0.000944
0.000906
0.000837
0.000718
0.000652
0.000708
0.000778
0.000788
0.000761
0.000661
0.000521
0.000526
0.000674
0.000699
0.000528
0.000387
0.000355
0.000240
-0.000046
-0.000353
-0.000588
-0.000818
-0.001068
-0.001282
-0.001474
-0.001708
-0.001954
-0.002077
-0.001971
-0.001640
-0.001189
-0.000728
-0.000264
0.000182
0.000500
0.000715
0.000982
0.001283
0.001439
0.001388
0.001207
0.000948
0.000639
0.000358
0.000182
0.000105
0.000075
0.000062
0.000123
0.000385
0.000800
0.001102
0.001212
0.001307
0.001393
0.001280
0.000949
0.000567
0.000179
-0.000348
-0.001011
-0.001566
-0.001860
-0.002000
-0.002082
-0.002040
-0.001810
-0.001444
-0.001069
-0.000741
-0.000401
-0.000055
0.000169
0.000271
0.000416
0.000597
0.000620
0.000487
0.000386
0.000341
0.000252
0.000190
0.000316
0.000566
0.000729
0.000771
0.000870
0.001129
0.001370
0.001374
0.001212
0.001093
0.001007
0.000802
0.000442
-0.000019
-0.000562
-0.001092
-0.001429
-0.001538
-0.001552
-0.001581
-0.001597
-0.001472
-0.001141
-0.000689
-0.000251
0.000107
0.000343
0.000396
0.000326
0.000291
0.000287
0.000208
0.000055
-0.000099
-0.000195
-0.000198
-0.000132
-0.000026
0.000141
0.000348
0.000472
0.000437
0.000316
0.000222
0.000127
-0.000039
-0.000197
-0.000241
-0.000210
-0.000147
-0.000018
0.000167
0.000405
0.000755
0.001162
0.001469
0.001612
0.001606
0.001490
0.001320
0.001086
0.000698
0.000141
-0.000485
-0.001096
-0.001643
-0.002066
-0.002352
-0.002533
-0.002565
-0.002360
-0.001948
-0.001448
-0.000924
-0.000391
0.000119
0.000595
0.001031
0.001376
0.001581
0.001616
0.001462
0.001200
0.000962
0.000722
0.000405
0.000115
-0.000013
-0.000016
0.000036
0.000143
0.000277
0.000395
0.000519
0.000663
0.000748
0.000704
0.000567
0.000368
0.000097
-0.000194
-0.000488
-0.000883
-0.001319
-0.001505
-0.001396
-0.001365
-0.001591
-0.001726
-0.001481
-0.000989
-0.000464
0.000001
0.000344
0.000577
0.000802
0.001008
0.001093
0.001062
0.000982
0.000878
0.000753
0.000581
0.000368
0.000200
0.000114
0.000049
0.000047
0.000193
0.000356
0.000381
0.000365
0.000452
0.000550
0.000480
0.000270
0.000094
-0.000031
-0.000222
-0.000458
-0.000644
-0.000814
-0.001003
-0.001098
-0.001031
-0.000897
-0.000834
-0.000883
-0.000890
-0.000639
-0.000222
0.000074
0.000310
0.000670
0.000947
0.001021
0.001180
0.001403
0.001326
0.000990
0.000670
0.000365
0.000031
-0.000282
-0.000576
-0.000815
-0.000980
-0.001145
-0.001190
-0.000923
-0.000542
-0.000353
-0.000262
-0.000013
0.000323
0.000492
0.000543
0.000704
0.000856
0.000720
0.000378
0.000119
0.000006
-0.000104
-0.000300
-0.000447
-0.000375
-0.000250
-0.000318
-0.000357
-0.000096
0.000211
0.000269
0.000245
0.000339
0.000425
0.000390
0.000336
0.000323
0.000283
0.000216
0.000178
0.000145
0.000074
-0.000027
-0.000164
-0.000276
-0.000296
-0.000318
-0.000375
-0.000326
-0.000204
-0.000209
-0.000322
-0.000377
-0.000394
-0.000470
-0.000548
-0.000544
-0.000502
-0.000476
-0.000418
-0.000257
-0.000007
0.000252
0.000477
0.000721
0.001005
0.001204
0.001245
0.001274
0.001369
0.001359
0.001164
0.000937
0.000714
0.000354
-0.000120
-0.000521
-0.000767
-0.000963
-0.001205
-0.001448
-0.001602
-0.001645
-0.001612
-0.001492
-0.001277
-0.001035
-0.000797
-0.000533
-0.000304
-0.000162
-0.000015
0.000233
0.000522
0.000744
0.000863
0.000871
0.000820
0.000843
0.000965
0.001091
0.001188
0.001201
0.001030
0.000847
0.000949
0.001215
0.001296
0.001149
0.000933
0.000672
0.000324
-0.000079
-0.000501
-0.000937
-0.001373
-0.001762
-0.002087
-0.002363
-0.002542
-0.002539
-0.002339
-0.001964
-0.001458
-0.000898
-0.000350
0.000134
0.000548
0.000929
0.001254
0.001479
0.001686
0.001911
0.001999
0.001841
0.001550
0.001301
0.001120
0.000906
0.000623
0.000393
0.000278
0.000153
-0.000062
-0.000306
-0.000514
-0.000633
-0.000654
-0.000677
-0.000789
-0.000944
-0.001070
-0.001165
-0.001228
-0.001175
-0.000967
-0.000735
-0.000576
-0.000425
-0.000253
-0.000086
0.000073
0.000203
0.000330
0.000466
0.000481
0.000394
0.000449
0.000617
0.000614
0.000525
0.000631
0.000796
0.000719
0.000511
0.000466
0.000593
0.000676
0.000586
0.000423
0.000331
0.000271
0.000137
-0.000039
-0.000190
-0.000378
-0.000613
-0.000737
-0.000720
-0.000793
-0.001072
-0.001315
-0.001254
-0.000973
-0.000744
-0.000628
-0.000453
-0.000142
0.000172
0.000375
0.000501
0.000584
0.000567
0.000497
0.000542
0.000700
0.000791
0.000735
0.000638
0.000635
0.000700
0.000667
0.000504
0.000365
0.000315
0.000271
0.000198
0.000117
-0.000024
-0.000236
-0.000430
-0.000586
-0.000747
-0.000894
-0.000991
-0.001075
-0.001146
-0.001093
-0.000879
-0.000689
-0.000653
-0.000625
-0.000447
-0.000194
-0.000003
0.000163
0.000404
0.000696
0.000927
0.001043
0.001088
0.001115
0.001102
0.001005
0.000866
0.000730
0.000556
0.000330
0.000109
-0.000086
-0.000242
-0.000313
-0.000329
-0.000367
-0.000414
-0.000438
-0.000454
-0.000427
-0.000301
-0.000161
-0.000118
-0.000116
-0.000053
-0.000035
-0.000244
-0.000581
-0.000776
-0.000774
-0.000697
-0.000603
-0.000472
-0.000328
-0.000215
-0.000080
0.000143
0.000380
0.000513
0.000581
0.000687
0.000813
0.000866
0.000845
0.000820
0.000781
0.000671
0.000534
0.000434
0.000352
0.000261
0.000146
-0.000022
-0.000203
-0.000309
-0.000317
-0.000293
-0.000306
-0.000345
-0.000345
-0.000310
-0.000324
-0.000419
-0.000527
-0.000574
-0.000579
-0.000613
-0.000646
-0.000611
-0.000578
-0.000618
-0.000634
-0.000518
-0.000295
-0.000070
0.000073
0.000160
0.000291
0.000470
0.000602
0.000686
0.000802
0.000921
0.000932
0.000850
0.000784
0.000754
0.000701
0.000625
0.000566
0.000461
0.000242
0.000001
-0.000163
-0.000295
-0.000451
-0.000586
-0.000644
-0.000664
-0.000739
-0.000888
-0.001002
-0.000972
-0.000831
-0.000650
-0.000439
-0.000241
-0.000115
-0.000011
0.000154
0.000322
0.000384
0.000382
0.000448
0.000586
0.000660
0.000596
0.000486
0.000429
0.000410
0.000374
0.000287
0.000162
0.000094
0.000128
0.000167
0.000130
0.000049
-0.000043
-0.000156
-0.000289
-0.000414
-0.000490
-0.000524
-0.000559
-0.000577
-0.000543
-0.000478
-0.000409
-0.000332
-0.000263
-0.000198
-0.000058
0.000168
0.000336
0.000374
0.000389
0.000428
0.000415
0.000373
0.000378
0.000381
0.000305
0.000219
0.000227
0.000281
0.000243
0.000102
-0.000021
-0.000079
-0.000145
-0.000246
-0.000309
-0.000272
-0.000161
-0.000039
0.000012
-0.000074
-0.000220
-0.000238
-0.000090
0.000018
-0.000069
-0.000222
-0.000253
-0.000171
-0.000075
-0.000008
0.000000
0.000002
0.000091
0.000211
0.000265
0.000230
0.000062
-0.000136
-0.000054
0.000289
0.000489
0.000395
0.000224
0.000124
0.000073
0.000019
-0.000067
-0.000186
-0.000281
-0.000293
-0.000249
-0.000214
-0.000211
-0.000230
-0.000222
-0.000119
0.000015
0.000031
-0.000053
-0.000080
-0.000014
0.000077
0.000118
0.000044
-0.000095
-0.000128
-0.000009
0.000115
0.000116
0.000023
-0.000060
-0.000062
0.000025
0.000122
0.000148
0.000140
0.000154
0.000142
0.000091
0.000055
0.000029
-0.000011
-0.000029
0.000025
0.000133
0.000189
0.000124
0.000055
0.000094
0.000132
0.000047
-0.000091
-0.000150
-0.000100
-0.000003
0.000062
0.000043
-0.000053
-0.000153
-0.000171
-0.000111
-0.000085
-0.000147
-0.000183
-0.000083
0.000079
0.000147
0.000106
0.000076
0.000106
0.000112
0.000039
-0.000045
-0.000081
-0.000112
-0.000148
-0.000131
-0.000101
-0.000163
-0.000254
-0.000221
-0.000078
0.000040
0.000076
0.000082
0.000119
0.000182
0.000222
0.000194
0.000108
0.000040
0.000043
0.000076
0.000063
-0.000007
-0.000078
-0.000104
-0.000115
-0.000146
-0.000163
-0.000136
-0.000085
-0.000001
0.000113
0.000183
0.000165
0.000099
0.000059
0.000083
0.000133
0.000120
0.000026
-0.000054
-0.000041
0.000004
-0.000015
-0.000055
-0.000030
0.000011
0.000013
0.000038
0.000074
0.000018
-0.000083
-0.000082
-0.000014
-0.000028
-0.000107
-0.000122
-0.000062
-0.000034
-0.000079
-0.000150
-0.000213
-0.000261
-0.000268
-0.000241
-0.000215
-0.000113
0.000157
0.000456
0.000573
0.000528
0.000478
0.000498
0.000552
0.000549
0.000427
0.000212
-0.000044
-0.000304
-0.000484
-0.000532
-0.000572
-0.000706
-0.000758
-0.000595
-0.000450
-0.000518
-0.000612
-0.000523
-0.000304
-0.000072
0.000150
0.000364
0.000537
0.000636
0.000661
0.000642
0.000615
0.000590
0.000559
0.000501
0.000388
0.000217
0.000037
-0.000069
-0.000061
0.000002
0.000008
-0.000076
-0.000159
-0.000159
-0.000125
-0.000157
-0.000268
-0.000369
-0.000392
-0.000395
-0.000434
-0.000449
-0.000387
-0.000274
-0.000127
0.000047
0.000201
0.000296
0.000343
0.000360
0.000330
0.000262
0.000206
0.000173
0.000121
0.000047
0.000009
0.000015
-0.000020
-0.000131
-0.000227
-0.000214
-0.000137
-0.000096
-0.000105
-0.000109
-0.000086
-0.000069
-0.000076
-0.000096
-0.000115
-0.000094
-0.000031
0.000013
0.000030
0.000104
0.000244
0.000300
0.000182
0.000039
0.000055
0.000174
0.000190
0.000061
-0.000043
-0.000047
-0.000065
-0.000146
-0.000201
-0.000201
-0.000194
-0.000169
-0.000094
-0.000008
0.000049
0.000098
0.000160
0.000190
0.000157
0.000127
0.000173
0.000240
0.000201
0.000052
-0.000059
-0.000048
-0.000002
-0.000010
-0.000061
-0.000105
-0.000113
-0.000105
-0.000112
-0.000121
-0.000088
-0.000024
-0.000006
-0.000067
-0.000127
-0.000097
-0.000013
0.000026
0.000020
0.000030
0.000033
-0.000031
-0.000113
-0.000096
0.000017
0.000084
0.000051
0.000009
0.000000
-0.000012
-0.000028
-0.000001
0.000085
0.000178
0.000226
0.000233
0.000222
0.000187
0.000121
0.000025
-0.000084
-0.000182
-0.000235
-0.000214
-0.000155
-0.000133
-0.000158
-0.000171
-0.000157
-0.000152
-0.000127
-0.000034
0.000080
0.000153
0.000189
0.000192
0.000145
0.000057
0.000002
0.000041
0.000109
0.000089
-0.000033
-0.000142
-0.000081
0.000125
0.000282
0.000324
0.000326
0.000286
0.000146
-0.000055
-0.000210
-0.000246
-0.000195
-0.000194
-0.000282
-0.000300
-0.000165
-0.000032
-0.000033
-0.000078
-0.000042
0.000053
0.000093
0.000028
-0.000097
-0.000187
-0.000192
-0.000137
-0.000050
0.000070
0.000195
0.000251
0.000200
0.000114
0.000075
0.000055
-0.000004
-0.000074
-0.000088
-0.000038
0.000019
0.000035
0.000039
0.000062
0.000059
0.000027
0.000039
0.000065
0.000025
-0.000042
-0.000069
-0.000062
-0.000052
-0.000046
-0.000036
-0.000028
-0.000044
-0.000088
-0.000116
-0.000075
0.000012
0.000055
0.000024
-0.000019
0.000001
0.000102
0.000213
0.000244
0.000200
0.000141
0.000094
0.000053
0.000013
-0.000020
-0.000046
-0.000078
-0.000125
-0.000177
-0.000183
-0.000118
-0.000065
-0.000094
-0.000129
-0.000082
-0.000015
-0.000000
0.000003
0.000032
0.000074
0.000118
0.000141
0.000145
0.000167
0.000196
0.000180
0.000111
0.000034
-0.000014
-0.000031
-0.000047
-0.000094
-0.000175
-0.000252
-0.000282
-0.000259
-0.000210
-0.000133
-0.000015
0.000096
0.000144
0.000141
0.000110
0.000069
0.000037
0.000026
0.000052
0.000112
0.000139
0.000094
0.000030
0.000001
0.000007
0.000021
0.000001
-0.000072
-0.000142
-0.000140
-0.000094
-0.000070
-0.000053
-0.000003
0.000033
-0.000012
-0.000094
-0.000112
-0.000028
0.000087
0.000129
0.000096
0.000088
0.000146
0.000173
0.000120
0.000077
0.000095
0.000106
0.000081
0.000062
0.000029
-0.000060
-0.000166
-0.000213
-0.000191
-0.000148
-0.000134
-0.000182
-0.000245
-0.000215
-0.000073
0.000118
0.000286
0.000294
0.000079
-0.000179
-0.000278
-0.000238
-0.000185
-0.000127
-0.000020
0.000073
0.000106
0.000159
0.000245
0.000238
0.000124
0.000061
0.000110
0.000204
0.000306
0.000371
0.000330
0.000207
0.000080
-0.000030
-0.000125
-0.000173
-0.000156
-0.000121
-0.000119
-0.000148
-0.000188
-0.000229
-0.000223
-0.000136
-0.000035
-0.000007
-0.000047
-0.000087
-0.000091
-0.000057
-0.000024
-0.000038
-0.000071
-0.000059
-0.000007
0.000051
0.000100
0.000110
0.000064
0.000024
0.000055
0.000120
0.000154
0.000145
0.000099
0.000035
0.000006
0.000000
-0.000063
-0.000170
-0.000193
-0.000086
0.000027
0.000024
-0.000038
-0.000028
0.000033
0.000042
0.000011
0.000012
0.000038
0.000030
-0.000031
-0.000082
-0.000031
0.000093
0.000117
-0.000015
-0.000135
-0.000125
-0.000066
-0.000021
0.000043
0.000127
0.000187
0.000202
0.000171
0.000112
0.000064
0.000026
-0.000038
-0.000109
-0.000147
-0.000154
-0.000141
-0.000115
-0.000108
-0.000136
-0.000157
-0.000137
-0.000100
-0.000090
-0.000099
-0.000060
0.000066
0.000196
0.000225
0.000175
0.000159
0.000202
0.000228
0.000189
0.000116
0.000041
-0.000046
-0.000138
-0.000172
-0.000112
-0.000018
0.000036
0.000036
0.000005
-0.000026
-0.000035
-0.000032
-0.000048
-0.000104
-0.000148
-0.000120
-0.000055
-0.000034
-0.000057
-0.000055
0.000001
0.000073
0.000111
0.000110
0.000117
0.000132
0.000080
-0.000046
-0.000125
-0.000063
0.000070
0.000149
0.000126
0.000027
-0.000069
-0.000092
-0.000063
-0.000047
-0.000034
0.000021
0.000082
0.000053
-0.000084
-0.000186
-0.000117
0.000036
0.000082
0.000022
0.000045
0.000231
0.000391
0.000334
0.000163
0.000100
0.000135
0.000094
-0.000062
-0.000194
-0.000229
-0.000244
-0.000278
-0.000275
-0.000231
-0.000217
-0.000259
-0.000287
-0.000221
-0.000102
-0.000032
-0.000029
-0.000040
-0.000028
-0.000004
-0.000001
0.000021
0.000128
0.000262
0.000322
0.000288
0.000221
0.000178
0.000166
0.000165
0.000134
0.000050
-0.000042
-0.000078
-0.000076
-0.000094
-0.000125
-0.000101
-0.000038
-0.000017
-0.000049
-0.000056
-0.000015
-0.000001
-0.000043
-0.000065
-0.000023
0.000028
0.000062
0.000118
0.000160
0.000126
0.000077
0.000102
0.000156
0.000147
0.000076
0.000010
-0.000013
-0.000015
-0.000049
-0.000104
-0.000109
-0.000086
-0.000108
-0.000149
-0.000152
-0.000129
-0.000097
-0.000062
-0.000069
-0.000123
-0.000137
-0.000089
-0.000054
-0.000025
0.000037
0.000090
0.000095
0.000083
0.000081
0.000101
0.000134
0.000134
0.000093
0.000060
0.000067
0.000100
0.000116
0.000096
0.000067
0.000040
0.000011
-0.000002
-0.000015
-0.000105
-0.000263
-0.000330
-0.000214
-0.000065
-0.000044
-0.000076
-0.000020
0.000089
0.000161
0.000186
0.000181
0.000170
0.000153
0.000086
-0.000011
-0.000046
-0.000014
-0.000016
-0.000119
-0.000238
-0.000257
-0.000184
-0.000109
-0.000087
-0.000092
-0.000041
0.000086
0.000191
0.000197
0.000127
0.000051
0.000012
0.000013
0.000036
0.000082
0.000154
0.000215
0.000198
0.000095
-0.000015
-0.000083
-0.000121
-0.000123
-0.000098
-0.000119
-0.000207
-0.000246
-0.000153
-0.000011
0.000063
0.000065
0.000065
0.000068
-0.000013
-0.000168
-0.000197
0.000017
0.000313
0.000390
0.000148
-0.000156
-0.000286
-0.000263
-0.000194
-0.000155
-0.000143
-0.000063
0.000112
0.000263
0.000291
0.000237
0.000186
0.000142
0.000072
-0.000005
-0.000058
-0.000104
-0.000131
-0.000084
0.000009
0.000068
0.000055
0.000007
-0.000007
0.000015
0.000023
0.000029
0.000072
0.000101
0.000027
-0.000097
-0.000122
-0.000045
0.000005
-0.000010
-0.000020
0.000025
0.000106
0.000156
0.000110
-0.000003
-0.000074
-0.000066
-0.000031
0.000014
0.000073
0.000082
-0.000018
-0.000147
-0.000191
-0.000158
-0.000132
-0.000134
-0.000128
-0.000092
-0.000052
-0.000066
-0.000113
-0.000067
0.000103
0.000228
0.000188
0.000096
0.000081
0.000094
0.000047
-0.000004
0.000016
0.000037
-0.000025
-0.000104
-0.000093
-0.000017
0.000020
-0.000026
-0.000081
-0.000057
0.000005
-0.000009
-0.000078
-0.000101
-0.000058
0.000037
0.000183
0.000282
0.000224
0.000071
-0.000028
-0.000030
-0.000005
-0.000004
-0.000024
-0.000056
-0.000081
-0.000064
-0.000004
0.000052
0.000068
0.000028
-0.000043
-0.000086
-0.000093
-0.000089
-0.000062
0.000000
0.000062
0.000090
0.000095
0.000093
0.000062
-0.000022
-0.000103
-0.000095
-0.000020
0.000051
0.000082
0.000057
0.000001
-0.000052
-0.000103
-0.000130
-0.000116
-0.000123
-0.000133
-0.000034
0.000122
0.000147
0.000044
0.000008
0.000109
0.000200
0.000172
0.000119
0.000144
0.000187
0.000160
0.000069
-0.000062
-0.000191
-0.000250
-0.000250
