5921
-0.000047
0.000024
0.000210
0.000355
0.000280
0.000056
-0.000097
-0.000108
-0.000063
-0.000028
-0.000028
-0.000071
-0.000135
-0.000209
-0.000296
-0.000337
-0.000292
-0.000204
-0.000104
-0.000014
0.000024
0.000037
0.000083
0.000132
0.000145
0.000141
0.000098
0.000009
-0.000021
0.000055
0.000136
0.000143
0.000111
0.000087
0.000076
0.000068
0.000058
0.000032
-0.000014
-0.000059
-0.000075
-0.000081
-0.000101
-0.000108
-0.000088
-0.000087
-0.000134
-0.000177
-0.000161
-0.000125
-0.000090
0.000019
0.000193
0.000269
0.000215
0.000195
0.000241
0.000214
0.000105
0.000032
0.000019
-0.000002
-0.000026
-0.000000
0.000017
-0.000056
-0.000161
-0.000180
-0.000106
-0.000015
0.000029
0.000032
0.000030
0.000025
0.000002
-0.000036
-0.000078
-0.000085
-0.000030
0.000036
0.000042
0.000005
-0.000009
0.000003
0.000011
-0.000010
-0.000059
-0.000092
-0.000079
-0.000046
-0.000035
-0.000029
0.000037
0.000151
0.000164
0.000023
-0.000082
-0.000035
0.000045
0.000052
0.000031
0.000050
0.000075
0.000028
-0.000074
-0.000141
-0.000155
-0.000150
-0.000107
-0.000012
0.000067
0.000101
0.000134
0.000174
0.000174
0.000119
0.000036
-0.000040
-0.000082
-0.000108
-0.000151
-0.000177
-0.000124
-0.000024
0.000061
0.000142
0.000208
0.000183
0.000059
-0.000070
-0.000117
-0.000055
0.000038
0.000061
-0.000003
-0.000091
-0.000110
-0.000028
0.000058
0.000060
0.000007
-0.000040
-0.000078
-0.000105
-0.000077
0.000002
0.000038
-0.000002
-0.000049
-0.000055
-0.000039
-0.000011
0.000018
0.000020
0.000031
0.000083
0.000111
0.000082
0.000084
0.000153
0.000161
-0.000001
-0.000270
-0.000489
-0.000488
-0.000218
0.000052
0.000022
-0.000113
0.000044
0.000381
0.000451
0.000216
0.000066
0.000145
0.000188
0.000050
-0.000044
0.000082
0.000215
0.000101
-0.000091
-0.000052
0.000099
0.000055
-0.000094
-0.000054
0.000105
0.000068
-0.000170
-0.000302
-0.000223
-0.000153
-0.000199
-0.000212
-0.000073
0.000109
0.000150
0.000049
-0.000001
0.000104
0.000213
0.000155
0.000040
0.000078
0.000184
0.000147
0.000012
-0.000061
-0.000083
-0.000153
-0.000267
-0.000319
-0.000260
-0.000163
-0.000121
-0.000133
-0.000125
-0.000070
-0.000032
-0.000045
-0.000039
0.000050
0.000166
0.000213
0.000204
0.000203
0.000178
0.000098
0.000058
0.000111
0.000142
0.000074
0.000009
0.000044
0.000087
0.000007
-0.000134
-0.000166
-0.000076
0.000003
0.000016
0.000032
0.000068
0.000054
-0.000038
-0.000137
-0.000166
-0.000089
0.000042
0.000112
0.000081
0.000050
0.000068
0.000016
-0.000195
-0.000414
-0.000415
-0.000184
0.000071
0.000173
0.000148
0.000107
0.000090
0.000071
0.000050
0.000081
0.000157
0.000169
0.000095
0.000040
0.000032
0.000016
-0.000011
-0.000031
-0.000046
-0.000062
-0.000097
-0.000136
-0.000105
0.000018
0.000130
0.000122
0.000027
-0.000046
-0.000082
-0.000153
-0.000267
-0.000299
-0.000162
0.000031
0.000136
0.000158
0.000174
0.000205
0.000213
0.000161
0.000101
0.000097
0.000109
0.000079
0.000027
-0.000023
-0.000084
-0.000139
-0.000154
-0.000145
-0.000162
-0.000194
-0.000182
-0.000122
-0.000042
0.000049
0.000113
0.000121
0.000117
0.000133
0.000127
0.000042
-0.000115
-0.000226
-0.000137
0.000093
0.000262
0.000337
0.000380
0.000355
0.000236
0.000085
-0.000032
-0.000089
-0.000124
-0.000218
-0.000367
-0.000444
-0.000371
-0.000220
-0.000098
-0.000060
-0.000101
-0.000117
-0.000040
0.000018
-0.000028
-0.000091
-0.000084
-0.000029
0.000050
0.000138
0.000186
0.000149
0.000078
0.000071
0.000148
0.000228
0.000227
0.000147
0.000053
-0.000021
-0.000088
-0.000128
-0.000090
-0.000005
0.000050
0.000066
0.000060
0.000003
-0.000090
-0.000135
-0.000120
-0.000102
-0.000066
0.000014
0.000090
0.000133
0.000155
0.000144
0.000084
0.000018
0.000015
0.000060
0.000051
-0.000024
-0.000067
-0.000068
-0.000098
-0.000145
-0.000136
-0.000043
0.000087
0.000162
0.000145
0.000080
0.000018
-0.000027
-0.000071
-0.000140
-0.000197
-0.000164
-0.000061
-0.000014
-0.000031
0.000006
0.000094
0.000103
0.000004
-0.000079
-0.000049
0.000019
0.000008
-0.000031
0.000020
0.000144
0.000243
0.000232
0.000098
-0.000038
-0.000058
-0.000020
-0.000050
-0.000124
-0.000125
-0.000062
-0.000060
-0.000142
-0.000183
-0.000090
0.000044
0.000083
0.000067
0.000094
0.000126
0.000101
0.000065
0.000086
0.000109
0.000039
-0.000060
-0.000063
-0.000018
-0.000024
-0.000026
0.000038
0.000089
0.000065
-0.000001
-0.000091
-0.000178
-0.000166
-0.000048
0.000060
0.000115
0.000144
0.000111
-0.000007
-0.000112
-0.000099
-0.000013
0.000013
-0.000051
-0.000098
-0.000063
-0.000024
-0.000033
-0.000023
0.000024
0.000033
-0.000028
-0.000110
-0.000160
-0.000131
-0.000018
0.000113
0.000180
0.000100
-0.000113
-0.000236
-0.000116
0.000052
-0.000269
-0.001915
-0.004277
-0.003432
0.002734
0.008009
0.005363
-0.000661
-0.000446
0.004348
0.004022
-0.001768
-0.003893
-0.000340
0.001030
-0.002700
-0.004982
-0.002420
-0.000287
-0.002098
-0.003529
-0.001010
0.001893
0.001374
-0.000307
0.000075
0.001363
0.001346
0.000466
0.000161
0.000775
0.001541
0.001418
0.000629
0.000722
0.001692
0.001217
-0.001039
-0.001850
-0.000030
0.001098
-0.000111
-0.000739
0.000645
0.001189
-0.000558
-0.001876
-0.001048
-0.000316
-0.001334
-0.001971
-0.000409
0.001297
0.000869
-0.000289
-0.000051
0.000595
-0.000107
-0.001070
-0.000494
0.000618
0.000494
-0.000153
0.000023
0.000528
0.000552
0.000319
0.000046
-0.000256
-0.000263
-0.000033
-0.000075
-0.000189
0.000195
0.000674
0.000559
0.000236
0.000230
0.000102
-0.000358
-0.000455
0.000037
0.000364
0.000124
-0.000127
0.000034
0.000166
-0.000071
-0.000202
0.000015
-0.000020
-0.000477
-0.000599
-0.000095
0.000365
0.000330
0.000096
-0.000112
-0.000586
-0.001353
-0.001585
-0.000511
0.001120
0.001556
0.000600
-0.000021
0.000435
0.000790
0.000448
0.000355
0.000999
0.001458
0.000998
0.000179
-0.000309
-0.000802
-0.001672
-0.002216
-0.001686
-0.000632
-0.000068
0.000008
0.000134
0.000191
-0.000162
-0.000613
-0.000667
-0.000359
-0.000068
0.000000
0.000114
0.000561
0.000929
0.000680
0.000246
0.000347
0.000650
0.000443
-0.000008
-0.000016
0.000259
0.000219
-0.000007
0.000153
0.000653
0.000852
0.000522
0.000179
0.000127
-0.000065
-0.000565
-0.000807
-0.000527
-0.000202
-0.000187
-0.000231
-0.000039
0.000182
0.000062
-0.000377
-0.000732
-0.000697
-0.000426
-0.000224
-0.000040
0.000245
0.000408
0.000285
0.000154
0.000245
0.000328
0.000179
0.000018
0.000074
0.000138
-0.000011
-0.000126
0.000102
0.000461
0.000516
0.000329
0.000314
0.000477
0.000404
-0.000015
-0.000379
-0.000387
-0.000269
-0.000350
-0.000477
-0.000372
-0.000229
-0.000362
-0.000559
-0.000452
-0.000185
-0.000111
-0.000172
-0.000083
0.000139
0.000227
0.000114
0.000033
0.000111
0.000158
-0.000016
-0.000299
-0.000442
-0.000390
-0.000291
-0.000204
-0.000020
0.000259
0.000422
0.000391
0.000387
0.000521
0.000523
0.000265
0.000120
0.000267
0.000325
0.000156
0.000164
0.000426
0.000472
0.000172
-0.000169
-0.000888
-0.002706
-0.004729
-0.004600
-0.002034
0.000145
0.000337
0.000582
0.002417
0.003959
0.003742
0.003412
0.003949
0.003422
0.001026
-0.000691
0.000075
0.001563
0.001656
0.000937
0.000868
0.001231
0.000976
0.000058
-0.000925
-0.001882
-0.003004
-0.004066
-0.004502
-0.003975
-0.002972
-0.002572
-0.002912
-0.002732
-0.001490
-0.000493
-0.000758
-0.001568
-0.001928
-0.001582
-0.000578
0.000674
0.001582
0.002218
0.002797
0.003010
0.003254
0.004461
0.005654
0.004896
0.003047
0.002712
0.003737
0.003796
0.002572
0.001582
0.000973
-0.000167
-0.001435
-0.001804
-0.001796
-0.002698
-0.004222
-0.004869
-0.004236
-0.003371
-0.003156
-0.003501
-0.003756
-0.003402
-0.002677
-0.002268
-0.002118
-0.001632
-0.001023
-0.000777
-0.000270
0.001152
0.002614
0.003034
0.002929
0.003376
0.004258
0.004673
0.004281
0.003413
0.002399
0.001401
0.000616
0.000139
-0.000466
-0.002305
-0.005770
-0.008232
-0.006027
-0.000719
0.001618
0.000080
0.000504
0.004491
0.006452
0.004524
0.003615
0.004905
0.003565
-0.000826
-0.002378
0.000697
0.003119
0.001695
-0.000280
0.000296
0.001543
0.000932
-0.000737
-0.002142
-0.003770
-0.005731
-0.006953
-0.006987
-0.005960
-0.004194
-0.003208
-0.003844
-0.003611
-0.000527
0.002265
0.001325
-0.000914
-0.000677
0.000668
0.000349
-0.000044
0.001950
0.004367
0.004136
0.002419
0.002172
0.003229
0.003630
0.003276
0.003263
0.003788
0.004564
0.005397
0.005838
0.005653
0.004964
0.003353
0.000638
-0.001691
-0.002475
-0.003252
-0.005539
-0.007715
-0.007749
-0.006574
-0.006010
-0.005861
-0.005225
-0.004475
-0.004258
-0.004087
-0.003206
-0.001847
-0.000833
-0.000423
0.000038
0.001323
0.003183
0.004415
0.004444
0.004173
0.004457
0.004664
0.004086
0.003475
0.003492
0.003316
0.002519
0.002232
0.002897
0.003198
0.002385
0.001318
0.000571
-0.000375
-0.001832
-0.003389
-0.004709
-0.005780
-0.006788
-0.008453
-0.010754
-0.010809
-0.006234
-0.000802
0.000189
-0.000549
0.003052
0.008467
0.008841
0.005806
0.005732
0.007345
0.005274
0.001418
0.001472
0.004290
0.004436
0.002022
0.001661
0.003881
0.004768
0.002853
0.000251
-0.001890
-0.004008
-0.005852
-0.007168
-0.008263
-0.008387
-0.007048
-0.006079
-0.006153
-0.004477
-0.000570
0.001105
-0.001143
-0.002694
-0.000865
0.000674
-0.000686
-0.001844
-0.000212
0.001717
0.001579
0.001563
0.003715
0.005665
0.005280
0.004854
0.006372
0.007653
0.006953
0.005920
0.005588
0.004921
0.003798
0.002775
0.001380
-0.000351
-0.001514
-0.002503
-0.004120
-0.005413
-0.005600
-0.005935
-0.007102
-0.007638
-0.006721
-0.005638
-0.005342
-0.004975
-0.003730
-0.002336
-0.001616
-0.001019
0.000137
0.001372
0.002149
0.002769
0.003452
0.004011
0.004415
0.004464
0.003856
0.003212
0.003280
0.003419
0.002897
0.002446
0.002685
0.002870
0.002428
0.001807
0.001355
0.000776
-0.000269
-0.001708
-0.003075
-0.003987
-0.004727
-0.006138
-0.008832
-0.011646
-0.011266
-0.006521
-0.001936
-0.001325
-0.000703
0.004365
0.009557
0.009502
0.007669
0.008816
0.009693
0.006268
0.002072
0.001711
0.003069
0.002116
0.000065
0.000503
0.002882
0.003682
0.002152
0.000420
-0.000679
-0.001951
-0.003787
-0.006365
-0.009298
-0.010618
-0.009624
-0.008683
-0.008483
-0.006223
-0.001995
-0.000019
-0.000775
0.000004
0.002931
0.003757
0.001305
-0.000607
0.000183
0.001328
0.000845
0.000330
0.001490
0.003153
0.004065
0.005355
0.007735
0.009495
0.009401
0.008419
0.007501
0.006420
0.004787
0.002415
-0.000348
-0.002308
-0.003061
-0.003932
-0.005511
-0.006446
-0.006169
-0.005998
-0.006557
-0.006863
-0.006405
-0.005921
-0.005895
-0.005717
-0.004689
-0.003205
-0.002163
-0.001429
-0.000075
0.001907
0.003485
0.004125
0.004370
0.004894
0.005527
0.005474
0.004571
0.003705
0.003374
0.002929
0.002109
0.001757
0.002150
0.002423
0.002173
0.001916
0.001831
0.001490
0.000617
-0.000760
-0.002398
-0.003816
-0.004774
-0.005604
-0.006776
-0.008755
-0.011367
-0.012248
-0.008938
-0.003788
-0.001509
-0.001003
0.002710
0.008545
0.010768
0.009546
0.009999
0.011940
0.010446
0.005525
0.002346
0.002476
0.002327
0.000389
-0.000467
0.001073
0.002263
0.001436
0.000484
0.000626
0.000391
-0.001402
-0.004424
-0.007877
-0.010229
-0.010323
-0.009737
-0.010308
-0.010197
-0.007219
-0.003583
-0.001988
-0.000701
0.002362
0.004882
0.004212
0.002294
0.002188
0.002838
0.001580
-0.000459
-0.000224
0.001730
0.002623
0.002913
0.005087
0.008430
0.010141
0.010041
0.009774
0.009393
0.007950
0.005349
0.002151
-0.000799
-0.002869
-0.004602
-0.006643
-0.007959
-0.007488
-0.006478
-0.006536
-0.006923
-0.006267
-0.005215
-0.005168
-0.005826
-0.005776
-0.004826
-0.004089
-0.003808
-0.002842
-0.000738
0.001507
0.003159
0.004542
0.006054
0.007439
0.007934
0.007131
0.005821
0.005024
0.004315
0.002839
0.001313
0.000891
0.001064
0.000828
0.000619
0.001178
0.001875
0.001740
0.000979
0.000262
-0.000604
-0.002201
-0.004198
-0.005673
-0.006540
-0.007684
-0.009904
-0.012654
-0.013256
-0.009518
-0.004084
-0.001596
-0.000713
0.003608
0.009811
0.011787
0.010377
0.011459
0.014145
0.012421
0.006743
0.003347
0.003598
0.003104
0.000399
-0.001170
-0.000171
0.000679
-0.000066
-0.000408
0.000546
0.000771
-0.000984
-0.003820
-0.006779
-0.009020
-0.009800
-0.010278
-0.011841
-0.012464
-0.009754
-0.006055
-0.004469
-0.002926
0.001282
0.005329
0.005599
0.004140
0.004614
0.005844
0.004679
0.002060
0.001040
0.001215
0.000389
-0.000296
0.001722
0.005275
0.007424
0.008346
0.009752
0.011209
0.011379
0.010032
0.007370
0.003873
0.000466
-0.002766
-0.006334
-0.009327
-0.010409
-0.010398
-0.010736
-0.010671
-0.008924
-0.006392
-0.004740
-0.003951
-0.003026
-0.001994
-0.001758
-0.002283
-0.002431
-0.001770
-0.001013
-0.000429
0.000656
0.002664
0.005098
0.006975
0.007633
0.007492
0.007477
0.007349
0.006123
0.004178
0.002730
0.001639
0.000207
-0.000929
-0.000942
-0.000395
-0.000061
0.000229
0.000610
0.000600
-0.000081
-0.001209
-0.002525
-0.003940
-0.005425
-0.007181
-0.009919
-0.013416
-0.014634
-0.011059
-0.006013
-0.004261
-0.003160
0.002610
0.009862
0.012061
0.011647
0.014642
0.018039
0.015198
0.008563
0.005349
0.005390
0.003313
-0.001163
-0.003609
-0.003005
-0.002459
-0.002885
-0.002088
0.000065
0.001105
0.000233
-0.001472
-0.003601
-0.005648
-0.006803
-0.008270
-0.011315
-0.013407
-0.012010
-0.009643
-0.008845
-0.006786
-0.001360
0.003448
0.004367
0.004566
0.007300
0.009855
0.008593
0.005269
0.003662
0.003279
0.001262
-0.001485
-0.001347
0.001675
0.003976
0.004523
0.005966
0.009368
0.012158
0.012015
0.009835
0.007766
0.005775
0.001995
-0.003514
-0.007939
-0.009951
-0.011605
-0.014050
-0.014976
-0.012673
-0.009204
-0.007133
-0.005878
-0.003536
-0.000465
0.001170
0.000748
0.000051
0.000330
0.000510
-0.000337
-0.000795
0.000669
0.003085
0.004571
0.005128
0.006084
0.007601
0.008323
0.007507
0.006140
0.005223
0.004140
0.002090
-0.000000
-0.000799
-0.000790
-0.001272
-0.002092
-0.002140
-0.001480
-0.001422
-0.002378
-0.003095
-0.002854
-0.003007
-0.005284
-0.009452
-0.012825
-0.012414
-0.008988
-0.006894
-0.006953
-0.004273
0.002579
0.007807
0.008943
0.011389
0.017062
0.019391
0.015094
0.010271
0.009603
0.009089
0.004347
-0.001675
-0.004325
-0.004700
-0.006135
-0.007540
-0.006001
-0.002818
-0.001353
-0.001695
-0.001942
-0.001688
-0.001501
-0.002118
-0.004528
-0.007932
-0.009673
-0.009583
-0.010189
-0.010996
-0.008705
-0.004071
-0.001352
-0.000555
0.002388
0.007656
0.010727
0.009917
0.008538
0.008607
0.007884
0.004793
0.001624
0.000701
0.000962
0.000522
-0.000072
0.001047
0.004207
0.007429
0.008423
0.007579
0.007368
0.007762
0.005727
0.000954
-0.003049
-0.005328
-0.008666
-0.013135
-0.015169
-0.013939
-0.012474
-0.011964
-0.010265
-0.006354
-0.002174
0.000427
0.001877
0.003375
0.004734
0.004798
0.003534
0.002463
0.002613
0.003083
0.002566
0.001655
0.002073
0.003731
0.004695
0.004462
0.004620
0.005542
0.005514
0.004074
0.002962
0.002805
0.002094
0.000190
-0.001544
-0.002229
-0.002754
-0.003915
-0.005023
-0.005134
-0.004626
-0.005036
-0.007595
-0.011012
-0.011431
-0.007706
-0.004629
-0.005420
-0.005170
0.000398
0.006044
0.006645
0.007246
0.012757
0.017191
0.014269
0.009200
0.009185
0.011000
0.007940
0.001851
-0.001100
-0.001274
-0.003231
-0.006341
-0.006334
-0.003758
-0.002852
-0.004073
-0.004627
-0.003849
-0.002918
-0.002474
-0.003327
-0.005644
-0.007233
-0.006913
-0.007084
-0.008650
-0.008286
-0.005011
-0.002897
-0.003335
-0.001995
0.002962
0.006988
0.006994
0.006340
0.008048
0.009199
0.006956
0.004381
0.004585
0.004754
0.002097
-0.000136
0.001343
0.003916
0.004397
0.004229
0.005359
0.006649
0.006717
0.005722
0.003958
0.001669
-0.000915
-0.004307
-0.008405
-0.011311
-0.012128
-0.012699
-0.014009
-0.013919
-0.010920
-0.006986
-0.004271
-0.001902
0.001403
0.004289
0.005139
0.005080
0.005752
0.006320
0.005407
0.003749
0.002660
0.002074
0.001577
0.001305
0.001361
0.001780
0.002542
0.003097
0.003146
0.003465
0.004401
0.004706
0.003625
0.002312
0.001539
0.000329
-0.001794
-0.003672
-0.004617
-0.005748
-0.008650
-0.012889
-0.014918
-0.012156
-0.008042
-0.007273
-0.007102
-0.002143
0.004705
0.007350
0.008278
0.013010
0.018103
0.016803
0.011530
0.009553
0.010548
0.008382
0.002418
-0.001813
-0.002449
-0.003545
-0.006530
-0.007383
-0.004641
-0.002402
-0.002921
-0.003617
-0.002698
-0.001403
-0.000921
-0.001692
-0.003911
-0.006226
-0.007135
-0.007779
-0.009263
-0.009473
-0.007132
-0.005065
-0.004941
-0.003658
0.000920
0.005529
0.006845
0.006952
0.008905
0.010631
0.008990
0.006290
0.005968
0.005794
0.002692
-0.000461
-0.000087
0.001663
0.001842
0.001864
0.003369
0.005022
0.005742
0.005989
0.005707
0.004530
0.002548
-0.000561
-0.004685
-0.008119
-0.009968
-0.011724
-0.014042
-0.014892
-0.013029
-0.010197
-0.008013
-0.005477
-0.001542
0.002274
0.004267
0.005406
0.007103
0.008303
0.007586
0.005864
0.004502
0.003236
0.001756
0.000708
0.000218
-0.000126
-0.000031
0.000744
0.001631
0.002527
0.003824
0.004882
0.004838
0.004261
0.003829
0.002837
0.000811
-0.001272
-0.002883
-0.005556
-0.010652
-0.015543
-0.015585
-0.011767
-0.010260
-0.011287
-0.007966
0.000150
0.005325
0.006597
0.011082
0.018420
0.020128
0.015516
0.012719
0.013614
0.011767
0.005204
-0.000646
-0.003030
-0.005347
-0.009237
-0.011046
-0.008853
-0.006277
-0.005904
-0.005326
-0.002787
-0.000211
0.001201
0.001961
0.001301
-0.001077
-0.003070
-0.004178
-0.006342
-0.008748
-0.008644
-0.007352
-0.007837
-0.008037
-0.004374
0.001057
0.003958
0.005025
0.007486
0.010693
0.011572
0.010258
0.009428
0.009069
0.006694
0.002721
0.000568
0.000884
0.000793
-0.000591
-0.000934
0.000624
0.002283
0.003064
0.003571
0.003936
0.003491
0.001784
-0.000871
-0.003436
-0.005390
-0.007682
-0.010811
-0.013097
-0.013061
-0.011750
-0.010517
-0.008688
-0.005450
-0.001801
0.001084
0.003586
0.006415
0.008887
0.009575
0.008350
0.006691
0.005630
0.004485
0.002405
0.000021
-0.001415
-0.001717
-0.001642
-0.001416
-0.000344
0.001706
0.003465
0.004023
0.004265
0.005029
0.005246
0.003847
0.001572
-0.001496
-0.006741
-0.012300
-0.013520
-0.011428
-0.011950
-0.014241
-0.011422
-0.004205
0.000200
0.002359
0.008693
0.017071
0.019390
0.016418
0.015833
0.017792
0.015580
0.008563
0.002749
-0.000369
-0.004909
-0.010871
-0.013316
-0.011771
-0.010935
-0.011534
-0.009851
-0.005838
-0.002620
-0.000145
0.002729
0.003996
0.002668
0.001411
0.001006
-0.000925
-0.004036
-0.005550
-0.006133
-0.008123
-0.009625
-0.007379
-0.003142
-0.000775
0.000431
0.003532
0.007543
0.009351
0.009779
0.011344
0.012427
0.010317
0.007086
0.005965
0.005567
0.003490
0.001091
0.000129
-0.000389
-0.001149
-0.001190
-0.000706
-0.000901
-0.001631
-0.002297
-0.003198
-0.004270
-0.005000
-0.005913
-0.007575
-0.008963
-0.009001
-0.008273
-0.007589
-0.006490
-0.004491
-0.002266
-0.000336
0.001929
0.004676
0.006502
0.006578
0.006199
0.006501
0.006523
0.005218
0.003361
0.002055
0.001233
0.000557
0.000181
0.000230
0.000625
0.001237
0.001718
0.001889
0.002094
0.002347
0.001807
-0.000578
-0.004775
-0.008272
-0.008395
-0.007238
-0.009026
-0.011719
-0.009697
-0.004657
-0.002514
-0.001335
0.004541
0.011972
0.013885
0.012227
0.013565
0.016637
0.015473
0.010388
0.006413
0.004071
-0.000167
-0.006025
-0.009333
-0.009463
-0.010049
-0.011871
-0.011884
-0.009516
-0.006980
-0.004443
-0.001306
0.000659
0.000752
0.001265
0.002534
0.002084
0.000133
-0.000856
-0.001594
-0.004080
-0.006375
-0.005655
-0.003524
-0.002853
-0.002666
-0.000633
0.002430
0.004436
0.005865
0.008100
0.010118
0.010349
0.009745
0.009757
0.009556
0.008126
0.006237
0.004387
0.002141
0.000104
-0.000976
-0.002219
-0.004430
-0.006181
-0.006704
-0.007311
-0.008274
-0.008258
-0.007463
-0.007376
-0.007709
-0.007023
-0.005393
-0.003900
-0.002742
-0.001434
0.000181
0.001857
0.003208
0.003865
0.003853
0.003734
0.003882
0.003812
0.003024
0.002169
0.002148
0.002522
0.002426
0.002349
0.003058
0.003771
0.003589
0.003264
0.003547
0.003537
0.001775
-0.002195
-0.006555
-0.008081
-0.006994
-0.007738
-0.010953
-0.010971
-0.006261
-0.002895
-0.002531
0.000951
0.008489
0.012698
0.011276
0.010751
0.013869
0.015064
0.011101
0.006216
0.003856
0.001332
-0.003734
-0.008179
-0.009014
-0.008773
-0.010229
-0.011255
-0.009647
-0.007092
-0.004883
-0.002187
0.000138
0.000609
0.000816
0.002143
0.002387
0.000510
-0.000751
-0.000616
-0.001940
-0.004863
-0.005655
-0.003415
-0.001696
-0.002247
-0.002415
-0.000120
0.002850
0.004367
0.005420
0.007608
0.009776
0.010066
0.009287
0.009320
0.009815
0.009028
0.006674
0.004141
0.002527
0.001288
-0.000915
-0.003932
-0.006034
-0.006885
-0.008121
-0.009933
-0.010380
-0.009184
-0.008446
-0.008708
-0.008083
-0.005839
-0.003487
-0.002062
-0.000909
0.000698
0.002310
0.003086
0.003080
0.003133
0.003529
0.003546
0.002746
0.001888
0.001913
0.002604
0.002946
0.002740
0.002984
0.004105
0.004952
0.004719
0.004189
0.003218
0.000073
-0.004088
-0.005315
-0.004228
-0.005732
-0.009161
-0.008629
-0.004624
-0.003124
-0.003233
0.000831
0.007185
0.009099
0.007669
0.009132
0.012677
0.012434
0.008461
0.005630
0.004233
0.000665
-0.004468
-0.007108
-0.007375
-0.008822
-0.011225
-0.011440
-0.009772
-0.008438
-0.006571
-0.003221
-0.000858
-0.000481
0.000745
0.003249
0.003822
0.002487
0.002435
0.002974
0.000912
-0.002306
-0.002766
-0.001338
-0.001712
-0.003493
-0.003396
-0.001271
0.000407
0.001461
0.003645
0.006495
0.008014
0.008527
0.009788
0.011354
0.011467
0.010081
0.008129
0.005796
0.003335
0.001104
-0.001584
-0.005076
-0.008024
-0.009707
-0.011197
-0.012512
-0.012201
-0.010666
-0.009765
-0.009082
-0.006761
-0.003311
-0.000800
0.000547
0.001891
0.003232
0.003744
0.003591
0.003493
0.003316
0.002572
0.001603
0.001109
0.001124
0.001353
0.001817
0.002474
0.003042
0.003656
0.004604
0.004959
0.003058
-0.000282
-0.001616
-0.000561
-0.001379
-0.005141
-0.006663
-0.003925
-0.002144
-0.003275
-0.001881
0.003661
0.007152
0.006079
0.005937
0.009317
0.011304
0.008956
0.005892
0.004797
0.003174
-0.000914
-0.005014
-0.006863
-0.007995
-0.010120
-0.011909
-0.011817
-0.010483
-0.008645
-0.006312
-0.004371
-0.003279
-0.001481
0.001422
0.003056
0.002794
0.003190
0.004489
0.003688
0.000873
-0.000151
0.001195
0.001299
-0.000915
-0.002366
-0.001403
0.000124
0.000788
0.001676
0.003777
0.006061
0.007346
0.008217
0.009675
0.011118
0.011110
0.009391
0.007084
0.005212
0.003383
0.000341
-0.003806
-0.007236
-0.009219
-0.011112
-0.013265
-0.013862
-0.012513
-0.011328
-0.010796
-0.008803
-0.004946
-0.001545
0.000202
0.001395
0.002855
0.004135
0.004676
0.004404
0.003737
0.003326
0.003144
0.002522
0.001632
0.001534
0.002299
0.002816
0.002692
0.002249
0.001019
-0.000867
-0.001218
0.000457
0.000749
-0.001710
-0.002816
-0.000401
0.001442
0.000644
0.001427
0.005325
0.007261
0.005193
0.004273
0.006970
0.008394
0.005531
0.002286
0.001609
0.000652
-0.002650
-0.005363
-0.005521
-0.005895
-0.008356
-0.010301
-0.009750
-0.008416
-0.007565
-0.006311
-0.004864
-0.004161
-0.003072
-0.000694
0.001067
0.001139
0.001534
0.002846
0.002692
0.000986
0.000897
0.002753
0.003002
0.000712
-0.000727
0.000450
0.001958
0.002072
0.002288
0.004045
0.006163
0.007189
0.007862
0.009417
0.010991
0.010680
0.008538
0.006545
0.005478
0.003649
-0.000262
-0.004734
-0.007618
-0.009408
-0.011790
-0.014093
-0.014300
-0.012859
-0.011985
-0.011529
-0.009226
-0.005071
-0.001820
-0.000634
0.000429
0.002733
0.004794
0.004993
0.004249
0.004283
0.004718
0.004042
0.002639
0.002366
0.003341
0.003547
0.001594
-0.001462
-0.002797
-0.001026
0.001060
0.000123
-0.001604
0.000324
0.003985
0.004365
0.003418
0.006291
0.010364
0.009403
0.005420
0.005052
0.007421
0.006386
0.001728
-0.001422
-0.001929
-0.003453
-0.006919
-0.008979
-0.008388
-0.008062
-0.009513
-0.010362
-0.008846
-0.006372
-0.004659
-0.003900
-0.003566
-0.002632
-0.000591
0.000923
0.000497
0.000068
0.001433
0.002219
0.000476
-0.000714
0.001288
0.003336
0.002003
-0.000331
0.000266
0.003011
0.004480
0.004281
0.005019
0.007467
0.009234
0.009055
0.009034
0.010479
0.010907
0.008230
0.004640
0.002964
0.002025
-0.001016
-0.005733
-0.009054
-0.010027
-0.010904
-0.012870
-0.013786
-0.012169
-0.010193
-0.009680
-0.008613
-0.005238
-0.001898
-0.000991
-0.000903
0.000644
0.002681
0.003251
0.002782
0.002955
0.003927
0.004405
0.003879
0.003311
0.003005
0.001779
-0.000018
-0.000034
0.001416
0.001255
-0.000104
0.000961
0.003950
0.005113
0.005143
0.007381
0.010248
0.009922
0.007749
0.007372
0.007792
0.005869
0.002255
-0.000432
-0.002316
-0.005081
-0.008168
-0.009679
-0.009914
-0.010625
-0.011532
-0.011007
-0.009336
-0.007824
-0.006185
-0.004093
-0.002719
-0.002120
-0.000763
0.000923
0.001089
0.000525
0.001081
0.001582
0.000466
-0.000427
0.000646
0.001677
0.000648
-0.000590
0.000570
0.003290
0.005023
0.005672
0.007220
0.009829
0.011463
0.011666
0.012079
0.012712
0.011609
0.008559
0.005489
0.003130
0.000343
-0.003489
-0.007498
-0.010441
-0.012004
-0.013052
-0.014123
-0.014278
-0.012881
-0.011181
-0.010130
-0.008599
-0.005824
-0.003143
-0.001581
-0.000299
0.001418
0.002910
0.003482
0.003471
0.003631
0.004076
0.003936
0.002315
0.000096
-0.000338
0.001325
0.002113
0.000651
0.000190
0.003064
0.006107
0.006492
0.007156
0.010652
0.013339
0.011801
0.009318
0.009706
0.010208
0.006821
0.001626
-0.001289
-0.002824
-0.006043
-0.009975
-0.011652
-0.011521
-0.012023
-0.012961
-0.012313
-0.009895
-0.007287
-0.005515
-0.004489
-0.003470
-0.001719
0.000187
0.000683
-0.000093
-0.000146
0.000714
0.000389
-0.001139
-0.001200
0.000467
0.000838
-0.000698
-0.000726
0.002356
0.005586
0.006529
0.007073
0.009567
0.012472
0.013163
0.012502
0.012787
0.013075
0.010757
0.006544
0.003508
0.001889
-0.000927
-0.005539
-0.009396
-0.010956
-0.011726
-0.013154
-0.014145
-0.013242
-0.011368
-0.010326
-0.009678
-0.007640
-0.004556
-0.002643
-0.002274
-0.001451
0.000593
0.002155
0.002252
0.002229
0.002830
0.002472
0.000716
0.000199
0.002004
0.003100
0.001965
0.001856
0.004597
0.007074
0.007642
0.009067
0.012069
0.013259
0.011695
0.010543
0.010786
0.009704
0.006277
0.002532
-0.000469
-0.003601
-0.006928
-0.009373
-0.010864
-0.012191
-0.013141
-0.012942
-0.011810
-0.010260
-0.008080
-0.005597
-0.004064
-0.003352
-0.001901
0.000023
0.000483
-0.000275
-0.000223
0.000347
-0.000355
-0.001511
-0.001120
-0.000169
-0.000639
-0.001177
0.000591
0.003639
0.005606
0.006905
0.009151
0.011755
0.013175
0.013612
0.013947
0.013700
0.011906
0.008876
0.005757
0.003004
0.000105
-0.003445
-0.007278
-0.010305
-0.011978
-0.012958
-0.013854
-0.014096
-0.013095
-0.011526
-0.010214
-0.008753
-0.006560
-0.004247
-0.002572
-0.001162
0.000493
0.001929
0.002368
0.001654
0.000585
0.000483
0.001391
0.001546
0.000531
0.000781
0.003337
0.005592
0.006250
0.007911
0.011625
0.014208
0.013917
0.013383
0.014217
0.013934
0.010680
0.006467
0.003451
0.000572
-0.003704
-0.008092
-0.010588
-0.011768
-0.013255
-0.014561
-0.014123
-0.012140
-0.010037
-0.008338
-0.006649
-0.004615
-0.002316
-0.000549
-0.000075
-0.000196
0.000194
0.000377
-0.000810
-0.002180
-0.002063
-0.001570
-0.002317
-0.002833
-0.000996
0.002075
0.004105
0.005582
0.008248
0.011492
0.013370
0.013849
0.014310
0.014718
0.013676
0.010937
0.007859
0.005251
0.002401
-0.001387
-0.005428
-0.008406
-0.010096
-0.011518
-0.013076
-0.013701
-0.012781
-0.011485
-0.010715
-0.009461
-0.006953
-0.004468
-0.003171
-0.002206
-0.000775
-0.000054
-0.000920
-0.001680
-0.000769
0.000216
-0.000535
-0.001243
0.000501
0.003307
0.004807
0.006145
0.009108
0.012061
0.013051
0.013381
0.014517
0.015034
0.013437
0.010677
0.007971
0.005015
0.001437
-0.002240
-0.005525
-0.008317
-0.010423
-0.011730
-0.012356
-0.012172
-0.010990
-0.009378
-0.008157
-0.006987
-0.004945
-0.002627
-0.001628
-0.001770
-0.001467
-0.000800
-0.001248
-0.002518
-0.002899
-0.002441
-0.002601
-0.003129
-0.002334
-0.000011
0.002438
0.004397
0.006537
0.009188
0.011712
0.013405
0.014172
0.014323
0.013885
0.012344
0.009605
0.006643
0.004116
0.001175
-0.002835
-0.006600
-0.008745
-0.010101
-0.011886
-0.013267
-0.012903
-0.011441
-0.010352
-0.009426
-0.007497
-0.004912
-0.003310
-0.003213
-0.003280
-0.002178
-0.000501
-0.000009
-0.000903
-0.001161
0.000393
0.002120
0.002691
0.003752
0.006579
0.009081
0.009495
0.009810
0.011904
0.013693
0.012774
0.010522
0.009154
0.007889
0.005079
0.001538
-0.001011
-0.002942
-0.005600
-0.008480
-0.009913
-0.009737
-0.009299
-0.009275
-0.008982
-0.007672
-0.005666
-0.004059
-0.003356
-0.002770
-0.001692
-0.001105
-0.001837
-0.002591
-0.002127
-0.001830
-0.003153
-0.004358
-0.003211
-0.000942
0.000192
0.001059
0.003569
0.006779
0.008757
0.010031
0.011915
0.013523
0.013284
0.011698
0.010302
0.009176
0.007141
0.003717
-0.000085
-0.002961
-0.005052
-0.007528
-0.010181
-0.011403
-0.011151
-0.011179
-0.011562
-0.010389
-0.007703
-0.006064
-0.006246
-0.005866
-0.003506
-0.001146
-0.000774
-0.001070
0.000139
0.002008
0.002443
0.002304
0.003851
0.006252
0.007008
0.006600
0.007451
0.009426
0.010218
0.009309
0.008314
0.007990
0.007307
0.005459
0.003219
0.001642
0.000283
-0.001992
-0.004741
-0.006271
-0.006389
-0.006742
-0.007925
-0.008477
-0.007494
-0.006202
-0.005827
-0.005594
-0.004349
-0.002918
-0.002797
-0.003319
-0.002671
-0.001290
-0.001242
-0.002377
-0.002414
-0.000865
0.000503
0.001129
0.002305
0.004366
0.006155
0.007245
0.008412
0.009914
0.010789
0.010215
0.008837
0.007895
0.007226
0.005410
0.002246
-0.000694
-0.002633
-0.004564
-0.006933
-0.008680
-0.009275
-0.009554
-0.009941
-0.009685
-0.008519
-0.007478
-0.007152
-0.006455
-0.004527
-0.002546
-0.001700
-0.000940
0.000912
0.002772
0.003511
0.004203
0.005784
0.007093
0.007228
0.007260
0.008014
0.008549
0.007977
0.006824
0.005841
0.004986
0.003905
0.002542
0.001160
-0.000001
-0.001085
-0.002374
-0.003664
-0.004433
-0.004690
-0.005051
-0.005755
-0.006135
-0.005660
-0.004965
-0.004829
-0.004778
-0.004113
-0.003401
-0.003293
-0.003129
-0.002324
-0.001645
-0.001658
-0.001529
-0.000584
0.000605
0.001529
0.002508
0.003755
0.005041
0.006231
0.007264
0.007988
0.008407
0.008481
0.007988
0.007108
0.006272
0.005112
0.002910
0.000120
-0.002137
-0.003842
-0.005711
-0.007598
-0.008756
-0.009155
-0.009293
-0.009210
-0.008695
-0.007962
-0.007198
-0.006017
-0.004240
-0.002520
-0.001275
0.000098
0.001911
0.003418
0.004333
0.005393
0.006684
0.007333
0.007273
0.007349
0.007603
0.007312
0.006475
0.005676
0.004946
0.003918
0.002605
0.001361
0.000380
-0.000501
-0.001520
-0.002579
-0.003342
-0.003758
-0.004168
-0.004782
-0.005336
-0.005511
-0.005462
-0.005512
-0.005492
-0.005031
-0.004376
-0.004022
-0.003655
-0.002685
-0.001506
-0.000839
-0.000378
0.000564
0.001827
0.002824
0.003448
0.003964
0.004625
0.005411
0.005929
0.006036
0.006206
0.006575
0.006531
0.005817
0.004872
0.003835
0.002415
0.000617
-0.001295
-0.003164
-0.004818
-0.006164
-0.007306
-0.008096
-0.008307
-0.008379
-0.008715
-0.008520
-0.007011
-0.005049
-0.003720
-0.002392
-0.000149
0.002212
0.003646
0.004788
0.006475
0.007902
0.008050
0.007572
0.007554
0.007591
0.006684
0.005064
0.003701
0.002749
0.001631
0.000237
-0.000870
-0.001378
-0.001729
-0.002405
-0.003078
-0.003133
-0.002883
-0.003157
-0.003752
-0.003770
-0.003381
-0.003555
-0.004194
-0.004314
-0.003819
-0.003465
-0.003310
-0.002723
-0.001708
-0.000902
-0.000465
0.000022
0.000815
0.001783
0.002655
0.003239
0.003665
0.004230
0.004831
0.005093
0.005156
0.005423
0.005633
0.005300
0.004625
0.003885
0.002804
0.001310
-0.000211
-0.001724
-0.003422
-0.005003
-0.006110
-0.006932
-0.007592
-0.007863
-0.007845
-0.007740
-0.007114
-0.005702
-0.004225
-0.003159
-0.001830
0.000183
0.002149
0.003533
0.004852
0.006393
0.007437
0.007556
0.007370
0.007371
0.007156
0.006303
0.005128
0.004113
0.003174
0.001965
0.000562
-0.000595
-0.001343
-0.002018
-0.002825
-0.003389
-0.003419
-0.003321
-0.003528
-0.003764
-0.003661
-0.003523
-0.003719
-0.003905
-0.003688
-0.003358
-0.003254
-0.003151
-0.002761
-0.002176
-0.001557
-0.000886
-0.000066
0.000970
0.002049
0.002855
0.003506
0.004448
0.005498
0.005986
0.005962
0.006010
0.005943
0.005126
0.003839
0.002788
0.001734
0.000107
-0.001740
-0.003136
-0.004187
-0.005259
-0.006116
-0.006352
-0.006206
-0.006177
-0.006154
-0.005591
-0.004433
-0.003197
-0.002066
-0.000707
0.000871
0.002157
0.003061
0.004062
0.005186
0.005792
0.005718
0.005582
0.005630
0.005338
0.004413
0.003325
0.002521
0.001750
0.000664
-0.000442
-0.001106
-0.001457
-0.001916
-0.002491
-0.002854
-0.002933
-0.002964
-0.003024
-0.002951
-0.002728
-0.002582
-0.002630
-0.002662
-0.002414
-0.001973
-0.001667
-0.001527
-0.001198
-0.000597
-0.000151
-0.000004
0.000319
0.001027
0.001667
0.002050
0.002607
0.003390
0.003878
0.004016
0.004272
0.004628
0.004544
0.003869
0.003006
0.002160
0.001054
-0.000455
-0.001975
-0.003159
-0.004210
-0.005324
-0.006112
-0.006179
-0.005865
-0.005671
-0.005342
-0.004380
-0.003055
-0.001964
-0.000987
0.000359
0.001892
0.003008
0.003681
0.004385
0.005184
0.005610
0.005450
0.005118
0.004991
0.004769
0.004004
0.002922
0.002093
0.001477
0.000534
-0.000816
-0.001960
-0.002436
-0.002561
-0.002876
-0.003281
-0.003279
-0.002922
-0.002747
-0.002783
-0.002561
-0.002131
-0.002000
-0.002084
-0.001830
-0.001315
-0.001157
-0.001384
-0.001356
-0.000821
-0.000259
-0.000077
0.000040
0.000608
0.001445
0.002021
0.002502
0.003342
0.004163
0.004372
0.004379
0.004757
0.004947
0.004223
0.002994
0.001964
0.000937
-0.000562
-0.002239
-0.003492
-0.004406
-0.005376
-0.006150
-0.006207
-0.005761
-0.005413
-0.005089
-0.004298
-0.003130
-0.002028
-0.000959
0.000343
0.001727
0.002844
0.003654
0.004336
0.004942
0.005302
0.005278
0.005011
0.004735
0.004386
0.003720
0.002810
0.002014
0.001375
0.000593
-0.000328
-0.001024
-0.001419
-0.001842
-0.002418
-0.002876
-0.003057
-0.003187
-0.003455
-0.003651
-0.003520
-0.003215
-0.003023
-0.002838
-0.002383
-0.001748
-0.001231
-0.000803
-0.000213
0.000504
0.001066
0.001374
0.001620
0.001933
0.002205
0.002360
0.002547
0.002899
0.003271
0.003418
0.003378
0.003416
0.003499
0.003234
0.002515
0.001688
0.000855
-0.000296
-0.001762
-0.003067
-0.004013
-0.004843
-0.005579
-0.005929
-0.005836
-0.005564
-0.005197
-0.004494
-0.003371
-0.002099
-0.000875
0.000394
0.001717
0.002865
0.003734
0.004470
0.005122
0.005511
0.005502
0.005193
0.004790
0.004346
0.003720
0.002854
0.001913
0.001079
0.000368
-0.000268
-0.000834
-0.001367
-0.001956
-0.002545
-0.002969
-0.003215
-0.003419
-0.003634
-0.003747
-0.003659
-0.003458
-0.003272
-0.003005
-0.002479
-0.001756
-0.001091
-0.000605
-0.000126
0.000555
0.001331
0.001896
0.002175
0.002361
0.002585
0.002772
0.002810
0.002710
0.002598
0.002561
0.002548
0.002517
0.002536
0.002570
0.002353
0.001763
0.001039
0.000361
-0.000379
-0.001281
-0.002311
-0.003382
-0.004353
-0.005082
-0.005495
-0.005590
-0.005454
-0.005198
-0.004700
-0.003729
-0.002431
-0.001197
-0.000026
0.001304
0.002648
0.003739
0.004613
0.005325
0.005731
0.005757
0.005501
0.005068
0.004529
0.003902
0.003157
0.002353
0.001575
0.000722
-0.000271
-0.001172
-0.001818
-0.002380
-0.002971
-0.003419
-0.003626
-0.003725
-0.003819
-0.003834
-0.003679
-0.003381
-0.003040
-0.002711
-0.002327
-0.001797
-0.001178
-0.000589
-0.000007
0.000644
0.001314
0.001912
0.002436
0.002843
0.003005
0.002928
0.002830
0.002830
0.002731
0.002388
0.002000
0.001780
0.001636
0.001403
0.001195
0.001223
0.001301
0.001047
0.000499
-0.000034
-0.000598
-0.001457
-0.002499
-0.003360
-0.003975
-0.004520
-0.004985
-0.005176
-0.005055
-0.004777
-0.004379
-0.003678
-0.002581
-0.001272
0.000059
0.001419
0.002743
0.003822
0.004626
0.005301
0.005810
0.005964
0.005727
0.005259
0.004700
0.004024
0.003154
0.002184
0.001303
0.000504
-0.000330
-0.001134
-0.001803
-0.002401
-0.002976
-0.003451
-0.003773
-0.003959
-0.004009
-0.003942
-0.003825
-0.003684
-0.003435
-0.003007
-0.002478
-0.001947
-0.001358
-0.000605
0.000260
0.001031
0.001570
0.001937
0.002271
0.002669
0.003065
0.003276
0.003299
0.003278
0.003190
0.002939
0.002641
0.002394
0.001981
0.001263
0.000545
0.000173
0.000074
-0.000042
-0.000276
-0.000548
-0.000822
-0.001161
-0.001619
-0.002133
-0.002608
-0.003067
-0.003513
-0.003823
-0.003935
-0.003931
-0.003868
-0.003685
-0.003270
-0.002577
-0.001688
-0.000695
0.000409
0.001618
0.002788
0.003746
0.004486
0.005108
0.005592
0.005793
0.005622
0.005105
0.004338
0.003447
0.002566
0.001737
0.000877
-0.000074
-0.001006
-0.001725
-0.002241
-0.002772
-0.003342
-0.003705
-0.003781
-0.003775
-0.003813
-0.003813
-0.003698
-0.003490
-0.003202
-0.002790
-0.002246
-0.001621
-0.000951
-0.000259
0.000445
0.001158
0.001841
0.002456
0.003003
0.003434
0.003654
0.003675
0.003577
0.003367
0.003033
0.002630
0.002202
0.001759
0.001320
0.000860
0.000343
-0.000184
-0.000667
-0.001092
-0.001408
-0.001576
-0.001652
-0.001653
-0.001568
-0.001538
-0.001727
-0.002039
-0.002254
-0.002341
-0.002433
-0.002557
-0.002600
-0.002506
-0.002286
-0.001945
-0.001540
-0.001095
-0.000531
0.000148
0.000835
0.001578
0.002450
0.003230
0.003694
0.003971
0.004230
0.004372
0.004267
0.003950
0.003477
0.002880
0.002189
0.001434
0.000654
-0.000129
-0.000917
-0.001658
-0.002260
-0.002725
-0.003126
-0.003455
-0.003615
-0.003596
-0.003470
-0.003257
-0.002980
-0.002725
-0.002488
-0.002149
-0.001660
-0.001083
-0.000481
0.000116
0.000689
0.001251
0.001798
0.002241
0.002555
0.002818
0.003028
0.003078
0.002954
0.002770
0.002557
0.002224
0.001803
0.001399
0.000971
0.000521
0.000196
0.000018
-0.000146
-0.000402
-0.000768
-0.001204
-0.001629
-0.001941
-0.002124
-0.002246
-0.002267
-0.002123
-0.001947
-0.001863
-0.001759
-0.001547
-0.001337
-0.001189
-0.001003
-0.000721
-0.000391
-0.000057
0.000247
0.000481
0.000627
0.000736
0.000933
0.001201
0.001316
0.001250
0.001341
0.001719
0.002018
0.002001
0.001938
0.002101
0.002339
0.002334
0.002047
0.001666
0.001257
0.000741
0.000151
-0.000377
-0.000819
-0.001282
-0.001813
-0.002309
-0.002653
-0.002868
-0.003047
-0.003139
-0.002991
-0.002626
-0.002244
-0.001901
-0.001445
-0.000846
-0.000272
0.000208
0.000675
0.001123
0.001435
0.001631
0.001883
0.002167
0.002250
0.002128
0.002023
0.001981
0.001894
0.001763
0.001635
0.001447
0.001122
0.000703
0.000313
0.000001
-0.000318
-0.000702
-0.001041
-0.001268
-0.001524
-0.001866
-0.002080
-0.001994
-0.001752
-0.001563
-0.001411
-0.001213
-0.001043
-0.000964
-0.000845
-0.000556
-0.000186
0.000134
0.000458
0.000840
0.001114
0.001150
0.001064
0.001044
0.001141
0.001188
0.001013
0.000770
0.000689
0.000629
0.000379
0.000043
-0.000226
-0.000472
-0.000698
-0.000754
-0.000551
-0.000226
0.000017
0.000178
0.000386
0.000639
0.000845
0.000966
0.000977
0.000850
0.000636
0.000417
0.000170
-0.000186
-0.000620
-0.001005
-0.001246
-0.001346
-0.001395
-0.001451
-0.001441
-0.001278
-0.001026
-0.000815
-0.000647
-0.000416
-0.000136
0.000048
0.000128
0.000236
0.000376
0.000470
0.000548
0.000651
0.000770
0.000906
0.001074
0.001255
0.001381
0.001358
0.001204
0.001116
0.001223
0.001334
0.001140
0.000627
0.000068
-0.000347
-0.000625
-0.000792
-0.000843
-0.000840
-0.000880
-0.000966
-0.001006
-0.000968
-0.000946
-0.001023
-0.001136
-0.001177
-0.001175
-0.001227
-0.001294
-0.001256
-0.001104
-0.000900
-0.000631
-0.000320
-0.000063
0.000183
0.000553
0.000984
0.001299
0.001478
0.001617
0.001721
0.001763
0.001814
0.001926
0.002031
0.002022
0.001852
0.001586
0.001301
0.000983
0.000596
0.000153
-0.000354
-0.000939
-0.001484
-0.001829
-0.002037
-0.002296
-0.002559
-0.002608
-0.002432
-0.002184
-0.001886
-0.001510
-0.001104
-0.000683
-0.000247
0.000139
0.000444
0.000718
0.001013
0.001305
0.001496
0.001549
0.001554
0.001575
0.001551
0.001434
0.001279
0.001124
0.000933
0.000713
0.000540
0.000431
0.000296
0.000083
-0.000187
-0.000492
-0.000780
-0.000968
-0.001043
-0.001075
-0.001102
-0.001123
-0.001152
-0.001157
-0.001103
-0.001019
-0.000927
-0.000803
-0.000624
-0.000389
-0.000128
0.000100
0.000259
0.000410
0.000582
0.000707
0.000779
0.000891
0.001030
0.001045
0.000906
0.000781
0.000765
0.000763
0.000702
0.000603
0.000457
0.000250
0.000079
0.000033
0.000040
-0.000011
-0.000130
-0.000275
-0.000404
-0.000494
-0.000550
-0.000594
-0.000661
-0.000734
-0.000741
-0.000662
-0.000549
-0.000459
-0.000399
-0.000346
-0.000285
-0.000206
-0.000098
0.000035
0.000135
0.000160
0.000168
0.000215
0.000285
0.000386
0.000509
0.000565
0.000519
0.000479
0.000528
0.000547
0.000402
0.000228
0.000191
0.000155
-0.000040
-0.000266
-0.000374
-0.000406
-0.000449
-0.000509
-0.000524
-0.000445
-0.000351
-0.000347
-0.000412
-0.000412
-0.000218
0.000109
0.000335
0.000374
0.000340
0.000308
0.000270
0.000255
0.000300
0.000350
0.000318
0.000228
0.000182
0.000191
0.000168
0.000073
-0.000003
0.000006
0.000009
-0.000086
-0.000251
-0.000400
-0.000429
-0.000314
-0.000194
-0.000204
-0.000312
-0.000377
-0.000298
-0.000131
-0.000031
-0.000047
-0.000068
0.000015
0.000163
0.000269
0.000305
0.000282
0.000208
0.000159
0.000230
0.000354
0.000346
0.000204
0.000132
0.000182
0.000223
0.000203
0.000148
0.000077
0.000057
0.000142
0.000217
0.000118
-0.000105
-0.000266
-0.000337
-0.000432
-0.000563
-0.000663
-0.000711
-0.000690
-0.000595
-0.000486
-0.000428
-0.000413
-0.000351
-0.000170
0.000068
0.000218
0.000225
0.000168
0.000156
0.000221
0.000304
0.000329
0.000323
0.000398
0.000571
0.000756
0.000903
0.000988
0.000961
0.000828
0.000696
0.000615
0.000494
0.000265
-0.000002
-0.000223
-0.000424
-0.000652
-0.000876
-0.001023
-0.001078
-0.001059
-0.000972
-0.000842
-0.000722
-0.000569
-0.000325
-0.000114
-0.000080
-0.000128
-0.000082
0.000069
0.000244
0.000387
0.000468
0.000503
0.000544
0.000577
0.000562
0.000523
0.000513
0.000510
0.000472
0.000417
0.000360
0.000259
0.000102
-0.000034
-0.000089
-0.000104
-0.000160
-0.000281
-0.000423
-0.000546
-0.000652
-0.000722
-0.000701
-0.000597
-0.000505
-0.000487
-0.000486
-0.000423
-0.000291
-0.000152
-0.000049
0.000069
0.000249
0.000421
0.000510
0.000540
0.000567
0.000600
0.000617
0.000612
0.000572
0.000476
0.000380
0.000370
0.000364
0.000247
0.000130
0.000155
0.000219
0.000175
0.000001
-0.000271
-0.000523
-0.000636
-0.000666
-0.000710
-0.000741
-0.000688
-0.000553
-0.000447
-0.000448
-0.000430
-0.000275
-0.000099
-0.000050
-0.000049
0.000050
0.000233
0.000382
0.000429
0.000401
0.000345
0.000274
0.000231
0.000292
0.000416
0.000516
0.000570
0.000540
0.000406
0.000267
0.000209
0.000171
0.000077
-0.000049
-0.000149
-0.000205
-0.000248
-0.000306
-0.000374
-0.000433
-0.000475
-0.000494
-0.000457
-0.000378
-0.000349
-0.000389
-0.000381
-0.000266
-0.000127
-0.000036
0.000040
0.000154
0.000261
0.000252
0.000140
0.000096
0.000186
0.000281
0.000330
0.000389
0.000412
0.000321
0.000202
0.000161
0.000151
0.000087
0.000018
0.000032
0.000092
0.000115
0.000088
0.000023
-0.000070
-0.000158
-0.000190
-0.000156
-0.000124
-0.000156
-0.000217
-0.000252
-0.000261
-0.000241
-0.000172
-0.000085
-0.000062
-0.000091
-0.000079
-0.000027
-0.000025
-0.000082
-0.000093
-0.000038
-0.000025
-0.000042
0.000024
0.000151
0.000188
0.000092
0.000026
0.000139
0.000346
0.000464
0.000430
0.000271
0.000061
-0.000088
-0.000131
-0.000143
-0.000180
-0.000227
-0.000271
-0.000286
-0.000212
-0.000079
0.000009
0.000054
0.000151
0.000269
0.000282
0.000183
0.000088
0.000055
0.000038
0.000011
-0.000023
-0.000080
-0.000155
-0.000208
-0.000245
-0.000295
-0.000310
-0.000223
-0.000076
0.000067
0.000190
0.000274
0.000312
0.000330
0.000308
0.000200
0.000070
0.000015
-0.000013
-0.000100
-0.000194
-0.000197
-0.000113
-0.000029
-0.000004
-0.000020
-0.000035
-0.000026
0.000010
0.000049
0.000056
0.000024
-0.000034
-0.000112
-0.000230
-0.000337
-0.000252
0.000070
0.000355
0.000399
0.000336
0.000321
0.000298
0.000185
0.000032
-0.000106
-0.000237
-0.000356
-0.000403
-0.000355
-0.000265
-0.000168
-0.000060
0.000020
0.000020
-0.000018
-0.000025
-0.000036
-0.000059
0.000016
0.000155
0.000180
0.000105
0.000097
0.000152
0.000133
0.000041
0.000001
0.000019
0.000001
-0.000025
0.000040
0.000138
0.000128
0.000029
-0.000010
0.000053
0.000078
-0.000032
-0.000153
-0.000133
-0.000041
-0.000048
-0.000157
-0.000225
-0.000158
-0.000019
0.000070
0.000086
0.000074
0.000046
0.000002
-0.000031
-0.000020
0.000063
0.000176
0.000220
0.000180
0.000139
0.000108
0.000051
-0.000003
-0.000030
-0.000063
-0.000101
-0.000110
-0.000109
-0.000155
-0.000240
-0.000272
-0.000213
-0.000117
-0.000007
0.000119
0.000207
0.000206
0.000156
0.000103
0.000025
-0.000068
-0.000111
-0.000103
-0.000082
-0.000047
-0.000019
-0.000031
-0.000041
0.000032
0.000162
0.000226
0.000204
0.000211
0.000279
0.000311
0.000236
0.000099
0.000025
0.000072
0.000096
-0.000043
-0.000241
-0.000347
-0.000377
-0.000372
-0.000327
-0.000287
-0.000308
-0.000345
-0.000283
-0.000110
0.000055
0.000156
0.000231
0.000297
0.000350
0.000363
0.000293
0.000189
0.000147
0.000172
0.000206
0.000182
0.000056
-0.000097
-0.000154
-0.000120
-0.000111
-0.000157
-0.000147
-0.000043
0.000007
-0.000078
-0.000166
-0.000183
-0.000184
-0.000139
-0.000042
-0.000014
-0.000077
-0.000097
-0.000032
0.000014
-0.000002
0.000001
0.000056
0.000110
0.000135
0.000147
0.000118
0.000025
-0.000076
-0.000082
0.000069
0.000318
0.000485
0.000378
-0.000005
-0.000374
-0.000460
-0.000333
-0.000197
-0.000092
0.000028
0.000136
0.000170
0.000102
-0.000028
-0.000120
-0.000135
-0.000119
-0.000067
0.000045
0.000141
0.000175
0.000192
0.000176
0.000070
-0.000100
-0.000212
-0.000141
0.000073
0.000209
0.000144
0.000008
-0.000024
0.000029
0.000044
0.000018
0.000027
0.000046
-0.000003
-0.000075
-0.000077
-0.000041
-0.000047
-0.000069
-0.000021
0.000073
0.000104
0.000083
0.000082
0.000068
-0.000021
-0.000146
-0.000222
-0.000232
-0.000214
-0.000170
-0.000106
-0.000063
-0.000044
-0.000008
0.000017
-0.000019
-0.000039
0.000040
0.000118
0.000105
0.000067
0.000037
0.000016
0.000078
0.000197
0.000204
0.000085
0.000015
0.000053
0.000071
-0.000004
-0.000091
-0.000087
0.000013
0.000118
0.000111
-0.000000
-0.000062
-0.000016
0.000036
0.000021
-0.000024
-0.000037
-0.000011
0.000007
-0.000017
-0.000073
-0.000118
-0.000126
-0.000109
-0.000107
-0.000164
-0.000230
-0.000182
-0.000031
0.000096
0.000183
0.000279
0.000354
0.000386
0.000359
0.000209
-0.000022
-0.000177
-0.000210
-0.000215
-0.000243
-0.000267
-0.000276
-0.000260
-0.000220
-0.000185
-0.000133
-0.000017
0.000124
0.000219
0.000275
0.000326
0.000314
0.000187
0.000037
-0.000007
0.000040
0.000086
0.000098
0.000075
0.000036
0.000007
-0.000000
0.000006
-0.000015
-0.000096
-0.000196
-0.000247
-0.000232
-0.000167
-0.000082
-0.000007
0.000051
0.000086
0.000083
0.000047
0.000006
-0.000015
-0.000028
-0.000056
-0.000081
-0.000061
0.000015
0.000106
0.000163
0.000156
0.000104
0.000067
0.000061
0.000023
-0.000081
-0.000116
0.000054
0.000284
0.000356
0.000294
0.000219
0.000147
0.000068
0.000014
-0.000053
-0.000197
-0.000352
-0.000421
-0.000458
-0.000531
-0.000527
-0.000368
-0.000202
-0.000175
-0.000200
-0.000109
0.000053
0.000111
0.000092
0.000149
0.000247
0.000281
0.000274
0.000286
0.000300
0.000264
0.000199
0.000196
0.000246
0.000220
0.000090
-0.000017
-0.000018
-0.000011
-0.000111
-0.000235
-0.000230
-0.000127
-0.000070
-0.000063
-0.000004
0.000053
-0.000024
-0.000136
-0.000099
-0.000007
-0.000037
-0.000106
-0.000097
-0.000073
-0.000078
-0.000054
0.000038
0.000161
0.000233
0.000211
0.000155
0.000135
0.000139
0.000122
0.000062
-0.000016
-0.000059
-0.000050
-0.000016
0.000005
-0.000032
-0.000123
-0.000191
-0.000155
-0.000015
0.000129
0.000190
0.000196
0.000168
0.000042
-0.000151
-0.000271
-0.000267
-0.000223
-0.000210
-0.000215
-0.000207
-0.000175
-0.000141
-0.000125
-0.000091
0.000008
0.000127
0.000197
0.000228
0.000249
0.000258
0.000250
0.000216
0.000155
0.000126
0.000182
0.000239
0.000170
0.000010
-0.000095
-0.000098
-0.000072
-0.000067
-0.000071
-0.000071
-0.000100
-0.000173
-0.000240
-0.000253
-0.000221
-0.000161
-0.000103
-0.000078
-0.000056
0.000034
0.000161
0.000188
0.000071
-0.000049
-0.000038
0.000061
0.000124
0.000106
0.000030
-0.000037
0.000001
0.000128
0.000181
0.000098
0.000039
0.000105
0.000181
0.000169
0.000112
0.000058
0.000001
-0.000054
-0.000095
-0.000129
-0.000192
-0.000274
-0.000286
-0.000199
-0.000107
-0.000078
-0.000076
-0.000065
-0.000054
-0.000030
0.000032
0.000147
0.000313
0.000381
0.000174
-0.000208
-0.000474
-0.000489
-0.000322
-0.000125
0.000001
0.000094
0.000206
0.000271
0.000221
0.000113
0.000070
0.000132
0.000213
0.000226
0.000182
0.000142
0.000141
0.000152
0.000125
0.000056
-0.000059
-0.000181
-0.000167
0.000020
0.000179
0.000154
0.000045
0.000000
0.000002
-0.000033
-0.000112
-0.000200
-0.000264
-0.000299
-0.000337
-0.000367
-0.000300
-0.000130
0.000005
0.000036
0.000063
0.000139
0.000180
0.000159
0.000168
0.000215
0.000206
0.000107
-0.000001
-0.000035
-0.000032
-0.000046
-0.000039
-0.000003
-0.000005
-0.000024
-0.000016
-0.000023
-0.000060
-0.000091
-0.000103
-0.000103
-0.000096
-0.000076
-0.000036
0.000014
0.000064
0.000101
0.000085
0.000026
-0.000012
0.000003
0.000032
0.000019
-0.000033
-0.000049
-0.000007
0.000027
0.000028
0.000034
0.000055
0.000061
0.000050
0.000049
0.000074
0.000131
0.000172
0.000112
-0.000034
-0.000151
-0.000164
-0.000128
-0.000118
-0.000119
-0.000082
-0.000022
0.000008
-0.000003
-0.000012
0.000032
0.000127
0.000178
0.000123
0.000031
-0.000017
-0.000066
-0.000150
-0.000185
-0.000117
-0.000007
0.000061
0.000058
0.000029
0.000018
0.000035
0.000082
0.000100
0.000021
-0.000079
-0.000061
0.000051
0.000093
0.000042
-0.000004
-0.000041
-0.000112
-0.000158
-0.000118
-0.000028
0.000055
0.000114
0.000153
0.000167
0.000167
0.000177
0.000177
0.000113
-0.000025
-0.000148
-0.000137
-0.000035
-0.000017
-0.000116
-0.000195
-0.000194
-0.000151
-0.000088
-0.000043
-0.000054
-0.000061
-0.000003
0.000078
0.000115
0.000088
0.000008
-0.000100
-0.000212
-0.000256
-0.000107
0.000199
0.000418
0.000411
0.000286
0.000202
0.000179
0.000167
0.000161
0.000133
0.000027
-0.000125
-0.000221
-0.000256
-0.000295
-0.000329
-0.000285
-0.000167
-0.000084
-0.000096
-0.000139
-0.000155
-0.000192
-0.000270
-0.000272
-0.000118
0.000085
0.000203
0.000241
0.000271
0.000280
0.000207
0.000113
0.000118
0.000192
0.000221
0.000179
0.000086
-0.000031
-0.000106
-0.000105
-0.000058
0.000006
0.000066
0.000073
-0.000009
-0.000117
-0.000151
-0.000136
-0.000132
-0.000085
0.000048
0.000136
0.000072
-0.000040
-0.000049
0.000018
0.000046
0.000034
0.000064
0.000136
0.000152
0.000062
-0.000041
-0.000045
0.000018
0.000058
0.000068
0.000078
0.000075
0.000041
-0.000020
-0.000103
-0.000178
-0.000196
-0.000152
-0.000122
-0.000149
-0.000160
-0.000103
-0.000051
-0.000055
-0.000055
-0.000007
0.000069
0.000129
0.000137
0.000092
0.000042
0.000045
0.000106
0.000144
0.000127
0.000131
0.000174
0.000159
0.000062
-0.000025
-0.000052
-0.000059
-0.000055
-0.000022
-0.000008
-0.000089
-0.000212
-0.000253
-0.000205
-0.000140
-0.000085
-0.000035
0.000006
0.000051
0.000114
0.000166
0.000171
0.000132
0.000092
0.000081
0.000086
0.000091
0.000088
0.000064
0.000002
-0.000088
-0.000151
-0.000164
-0.000170
-0.000187
-0.000161
-0.000070
0.000016
0.000029
-0.000015
-0.000045
-0.000035
-0.000006
0.000049
0.000113
0.000128
0.000127
0.000158
0.000149
0.000051
-0.000048
-0.000077
-0.000078
-0.000071
-0.000011
0.000046
0.000009
-0.000062
-0.000061
-0.000025
-0.000038
-0.000093
-0.000146
-0.000143
-0.000012
0.000177
0.000173
-0.000054
-0.000224
-0.000209
-0.000150
-0.000122
-0.000078
-0.000018
0.000022
0.000052
0.000104
0.000180
0.000248
0.000291
0.000303
0.000239
0.000107
0.000040
0.000112
0.000199
0.000172
0.000090
0.000030
-0.000086
-0.000247
-0.000240
-0.000047
0.000053
-0.000061
-0.000199
-0.000210
-0.000151
-0.000113
-0.000106
-0.000077
0.000007
0.000095
0.000117
0.000071
0.000029
0.000044
0.000074
0.000051
-0.000006
-0.000024
-0.000010
0.000001
0.000017
0.000015
-0.000029
-0.000071
-0.000079
-0.000078
-0.000075
-0.000062
-0.000068
-0.000106
-0.000131
-0.000124
-0.000087
-0.000013
0.000081
0.000138
0.000137
0.000098
0.000036
-0.000026
-0.000037
0.000018
0.000085
0.000095
0.000036
-0.000042
-0.000083
-0.000075
-0.000041
-0.000001
0.000037
0.000052
0.000043
0.000068
0.000134
0.000176
0.000161
0.000111
0.000060
0.000042
0.000057
0.000054
0.000007
-0.000043
-0.000066
-0.000090
-0.000147
-0.000224
-0.000270
-0.000246
-0.000153
-0.000035
0.000067
0.000125
0.000116
0.000073
0.000049
0.000014
-0.000050
-0.000063
0.000013
0.000102
0.000124
0.000068
-0.000014
-0.000066
-0.000089
-0.000119
-0.000145
-0.000131
-0.000077
-0.000004
0.000071
0.000119
0.000147
0.000202
0.000243
0.000186
0.000089
0.000073
0.000088
-0.000004
-0.000167
-0.000228
-0.000173
-0.000159
-0.000203
-0.000176
-0.000068
0.000013
0.000029
0.000026
0.000031
0.000049
0.000092
0.000146
0.000162
0.000132
0.000104
0.000099
0.000091
0.000056
-0.000008
-0.000101
-0.000201
-0.000225
-0.000138
-0.000058
-0.000087
-0.000127
-0.000062
0.000009
-0.000006
0.000064
0.000311
0.000494
0.000444
0.000300
0.000206
0.000125
0.000027
-0.000052
-0.000141
-0.000267
-0.000347
-0.000325
-0.000265
-0.000239
-0.000252
-0.000237
-0.000159
-0.000079
-0.000038
-0.000006
0.000005
-0.000059
-0.000170
-0.000197
-0.000097
0.000020
0.000100
0.000228
0.000384
0.000432
0.000370
0.000298
0.000245
0.000170
0.000063
-0.000008
-0.000021
-0.000079
-0.000218
-0.000297
-0.000240
-0.000164
-0.000150
-0.000141
-0.000099
-0.000056
0.000003
0.000091
0.000129
0.000097
0.000089
0.000136
0.000171
0.000159
0.000134
0.000094
0.000012
-0.000049
-0.000013
0.000048
0.000026
-0.000035
-0.000047
-0.000035
-0.000056
-0.000079
-0.000061
-0.000036
-0.000036
-0.000028
0.000004
0.000014
-0.000009
-0.000039
-0.000054
-0.000036
0.000019
0.000061
0.000024
-0.000059
-0.000098
-0.000102
-0.000128
-0.000160
-0.000145
-0.000071
0.000028
0.000088
0.000078
0.000071
0.000134
0.000211
0.000220
0.000171
0.000092
0.000011
-0.000024
-0.000012
-0.000025
-0.000079
-0.000082
0.000018
0.000130
0.000138
0.000034
-0.000092
-0.000156
-0.000168
-0.000166
-0.000151
-0.000149
-0.000170
-0.000153
-0.000063
0.000051
0.000116
0.000106
0.000101
0.000166
0.000236
0.000233
0.000169
0.000116
0.000123
0.000119
0.000022
-0.000085
-0.000106
-0.000107
-0.000155
-0.000206
-0.000220
-0.000206
-0.000173
-0.000123
-0.000048
0.000069
0.000200
0.000233
0.000149
0.000084
0.000087
0.000066
0.000002
-0.000026
-0.000020
-0.000037
-0.000076
-0.000086
-0.000049
0.000012
0.000035
-0.000005
-0.000035
-0.000008
0.000031
0.000099
0.000207
0.000159
-0.000137
-0.000409
-0.000429
-0.000307
-0.000197
-0.000116
-0.000062
-0.000032
0.000032
0.000133
0.000210
0.000259
0.000295
0.000273
0.000197
0.000150
0.000148
0.000137
0.000117
0.000108
0.000094
0.000040
-0.000060
-0.000141
-0.000124
-0.000038
0.000003
-0.000036
-0.000058
-0.000015
-0.000006
-0.000081
-0.000145
-0.000122
-0.000056
-0.000016
-0.000016
-0.000056
-0.000113
-0.000106
-0.000010
0.000078
0.000074
0.000006
-0.000062
-0.000100
-0.000095
-0.000034
0.000066
0.000146
0.000154
0.000098
0.000052
0.000079
0.000093
-0.000020
-0.000178
-0.000229
-0.000185
-0.000135
-0.000072
0.000021
0.000062
-0.000003
-0.000088
-0.000104
-0.000070
-0.000009
0.000070
0.000118
0.000104
0.000076
0.000097
0.000144
0.000128
0.000040
-0.000001
0.000049
0.000079
0.000067
0.000085
0.000071
-0.000026
-0.000070
0.000007
0.000039
-0.000058
-0.000112
-0.000020
0.000058
0.000004
-0.000066
-0.000048
-0.000032
-0.000107
-0.000184
-0.000169
-0.000118
-0.000094
-0.000049
0.000038
0.000086
0.000089
0.000144
0.000204
0.000139
0.000018
0.000016
0.000110
0.000123
0.000015
-0.000088
-0.000085
-0.000001
0.000072
0.000083
0.000025
-0.000093
-0.000205
-0.000243
-0.000242
-0.000231
-0.000140
0.000024
0.000115
0.000095
0.000086
0.000116
0.000106
0.000068
0.000085
0.000136
0.000112
0.000023
0.000010
0.000085
0.000076
-0.000057
-0.000131
-0.000057
0.000033
0.000018
-0.000040
-0.000013
0.000077
0.000100
0.000038
-0.000020
-0.000073
-0.000148
-0.000161
-0.000063
0.000016
-0.000041
-0.000155
-0.000188
-0.000136
-0.000091
-0.000090
-0.000024
0.000195
0.000429
0.000509
0.000456
0.000350
0.000222
0.000096
-0.000015
-0.000114
-0.000200
-0.000293
-0.000374
-0.000367
-0.000276
-0.000203
-0.000172
-0.000113
-0.000007
0.000078
0.000102
0.000093
0.000094
0.000075
-0.000059
-0.000263
-0.000346
-0.000262
-0.000112
0.000068
0.000235
0.000295
0.000264
0.000236
0.000228
0.000193
0.000132
0.000071
0.000007
-0.000052
-0.000088
-0.000101
-0.000094
-0.000077
-0.000080
-0.000098
-0.000095
-0.000074
-0.000042
0.000033
0.000147
0.000206
0.000135
0.000036
0.000059
0.000149
0.000129
0.000027
0.000016
0.000089
0.000101
0.000038
-0.000030
-0.000115
-0.000221
-0.000243
-0.000133
-0.000043
-0.000090
-0.000147
-0.000084
0.000020
0.000071
0.000088
0.000065
-0.000019
-0.000106
-0.000127
-0.000087
-0.000066
-0.000104
-0.000111
-0.000004
0.000137
0.000186
0.000146
0.000113
0.000140
0.000184
0.000154
0.000046
-0.000003
0.000073
0.000133
0.000053
-0.000048
-0.000046
-0.000025
-0.000081
-0.000130
-0.000074
-0.000009
-0.000053
-0.000088
0.000020
0.000119
0.000032
-0.000140
-0.000211
-0.000181
-0.000156
-0.000155
-0.000121
-0.000044
0.000028
0.000071
0.000101
0.000143
0.000192
0.000198
0.000139
0.000070
0.000034
0.000005
-0.000021
-0.000014
0.000026
0.000075
0.000099
0.000086
0.000058
0.000025
-0.000020
-0.000100
-0.000215
-0.000287
-0.000235
-0.000104
-0.000021
-0.000013
0.000005
0.000050
0.000043
-0.000013
-0.000014
0.000058
0.000106
0.000080
0.000046
0.000052
0.000035
-0.000036
-0.000069
-0.000017
0.000031
0.000006
-0.000019
0.000066
0.000243
0.000281
0.000001
-0.000380
-0.000485
-0.000295
-0.000111
-0.000086
-0.000100
-0.000039
0.000050
0.000106
0.000163
0.000163
