7041
0.000159
0.000210
0.000238
0.000260
0.000271
0.000213
0.000118
0.000073
0.000066
0.000081
0.000133
0.000125
-0.000008
-0.000143
-0.000158
-0.000105
-0.000080
-0.000101
-0.000125
-0.000125
-0.000104
-0.000069
-0.000044
-0.000043
-0.000043
-0.000021
0.000002
0.000011
0.000025
0.000046
0.000039
0.000013
0.000017
0.000041
0.000031
-0.000016
-0.000058
-0.000053
-0.000015
-0.000003
-0.000021
-0.000039
-0.000072
-0.000116
-0.000112
-0.000047
0.000009
0.000006
-0.000027
-0.000033
-0.000008
0.000008
-0.000004
-0.000015
-0.000003
0.000034
0.000092
0.000152
0.000178
0.000137
0.000038
-0.000029
0.000005
0.000057
-0.000000
-0.000128
-0.000175
-0.000100
-0.000005
0.000045
0.000098
0.000161
0.000144
0.000047
-0.000014
-0.000010
0.000005
0.000033
0.000078
0.000069
-0.000029
-0.000133
-0.000155
-0.000122
-0.000102
-0.000084
-0.000030
-0.000005
-0.000084
-0.000201
-0.000199
-0.000042
0.000149
0.000259
0.000254
0.000175
0.000075
-0.000022
-0.000071
-0.000045
-0.000012
-0.000012
-0.000027
-0.000050
-0.000056
-0.000023
0.000019
0.000048
0.000052
0.000028
0.000005
0.000002
0.000001
-0.000014
-0.000027
-0.000011
0.000019
0.000022
0.000014
0.000016
-0.000011
-0.000070
-0.000063
0.000033
0.000090
0.000047
-0.000005
-0.000000
0.000025
0.000025
0.000014
0.000017
0.000013
-0.000020
-0.000052
-0.000052
-0.000039
-0.000032
-0.000002
0.000066
0.000098
0.000023
-0.000091
-0.000126
-0.000064
0.000002
-0.000038
-0.000135
-0.000066
0.000198
0.000388
0.000357
0.000236
0.000131
0.000022
-0.000067
-0.000080
-0.000059
-0.000084
-0.000139
-0.000161
-0.000171
-0.000213
-0.000242
-0.000197
-0.000109
-0.000043
-0.000018
-0.000006
0.000010
-0.000014
-0.000086
-0.000122
-0.000107
-0.000098
-0.000069
0.000041
0.000167
0.000207
0.000159
0.000110
0.000131
0.000170
0.000155
0.000123
0.000128
0.000126
0.000061
-0.000038
-0.000093
-0.000072
-0.000017
0.000016
-0.000010
-0.000058
-0.000063
-0.000050
-0.000076
-0.000106
-0.000087
-0.000041
0.000005
0.000058
0.000100
0.000093
0.000072
0.000100
0.000150
0.000147
0.000105
0.000071
0.000045
0.000013
-0.000033
-0.000093
-0.000152
-0.000204
-0.000226
-0.000165
-0.000053
-0.000001
-0.000015
-0.000008
0.000045
0.000083
0.000065
0.000028
0.000005
-0.000023
-0.000045
-0.000034
-0.000023
-0.000040
-0.000065
-0.000062
-0.000023
0.000010
0.000007
0.000001
0.000035
0.000107
0.000174
0.000185
0.000131
0.000070
0.000054
0.000051
0.000003
-0.000056
-0.000052
-0.000019
-0.000034
-0.000083
-0.000087
-0.000043
-0.000022
-0.000034
-0.000042
-0.000053
-0.000065
-0.000059
-0.000034
-0.000012
-0.000023
-0.000049
-0.000050
-0.000058
-0.000081
-0.000023
0.000114
0.000181
0.000113
0.000015
-0.000001
0.000054
0.000099
0.000101
0.000064
0.000012
-0.000020
-0.000031
-0.000049
-0.000046
0.000001
0.000036
0.000008
-0.000023
0.000018
0.000070
0.000030
-0.000063
-0.000076
-0.000003
0.000014
-0.000083
-0.000167
-0.000140
-0.000068
-0.000023
0.000009
0.000024
-0.000003
-0.000026
-0.000001
0.000052
0.000159
0.000269
0.000166
-0.000151
-0.000347
-0.000284
-0.000173
-0.000138
-0.000083
0.000044
0.000143
0.000130
0.000080
0.000098
0.000147
0.000145
0.000124
0.000170
0.000270
0.000296
0.000173
0.000004
-0.000077
-0.000081
-0.000073
-0.000057
-0.000019
0.000016
-0.000012
-0.000104
-0.000148
-0.000079
0.000012
0.000037
0.000022
0.000010
-0.000009
-0.000079
-0.000196
-0.000264
-0.000203
-0.000076
0.000011
0.000058
0.000105
0.000133
0.000114
0.000077
0.000068
0.000069
0.000047
0.000020
-0.000001
-0.000054
-0.000131
-0.000175
-0.000172
-0.000148
-0.000118
-0.000086
-0.000037
0.000055
0.000138
0.000138
0.000078
0.000043
0.000049
0.000040
0.000009
0.000011
0.000014
-0.000043
-0.000091
-0.000049
0.000016
0.000021
0.000032
0.000094
0.000105
0.000032
-0.000010
-0.000001
-0.000023
-0.000050
0.000009
0.000104
0.000100
0.000036
0.000055
0.000118
0.000101
0.000036
-0.000002
-0.000052
-0.000135
-0.000181
-0.000154
-0.000112
-0.000095
-0.000078
-0.000039
0.000010
0.000041
0.000046
0.000062
0.000088
0.000074
0.000053
0.000101
0.000140
0.000033
-0.000157
-0.000268
-0.000243
-0.000123
-0.000011
0.000017
0.000017
0.000054
0.000088
0.000089
0.000075
0.000030
-0.000025
-0.000024
0.000007
-0.000005
-0.000016
0.000059
0.000161
0.000174
0.000108
0.000051
0.000037
0.000034
0.000012
-0.000023
-0.000055
-0.000087
-0.000117
-0.000096
-0.000019
0.000000
-0.000094
-0.000157
-0.000100
-0.000035
-0.000046
-0.000064
-0.000018
0.000077
0.000151
0.000148
0.000090
0.000045
0.000028
0.000005
-0.000041
-0.000073
-0.000067
-0.000092
-0.000162
-0.000087
0.000201
0.000422
0.000386
0.000254
0.000171
0.000090
0.000009
-0.000018
-0.000042
-0.000136
-0.000244
-0.000278
-0.000240
-0.000203
-0.000217
-0.000237
-0.000196
-0.000111
-0.000050
-0.000042
-0.000057
-0.000056
-0.000036
-0.000012
0.000005
0.000017
0.000045
0.000101
0.000138
0.000136
0.000178
0.000278
0.000325
0.000254
0.000143
0.000093
0.000091
0.000049
-0.000034
-0.000058
-0.000030
-0.000084
-0.000215
-0.000270
-0.000206
-0.000125
-0.000080
-0.000052
-0.000026
-0.000008
0.000011
0.000028
0.000036
0.000057
0.000099
0.000121
0.000117
0.000122
0.000130
0.000127
0.000125
0.000082
-0.000031
-0.000111
-0.000075
0.000006
0.000028
-0.000017
-0.000080
-0.000113
-0.000101
-0.000090
-0.000118
-0.000134
-0.000091
-0.000019
0.000028
0.000020
-0.000036
-0.000071
-0.000037
-0.000014
-0.000075
-0.000127
-0.000070
0.000057
0.000170
0.000223
0.000194
0.000109
0.000040
0.000041
0.000068
0.000054
0.000022
0.000026
0.000046
0.000048
0.000012
-0.000066
-0.000122
-0.000103
-0.000059
-0.000025
0.000025
0.000078
0.000079
0.000034
0.000011
0.000013
-0.000013
-0.000085
-0.000149
-0.000143
-0.000089
-0.000051
-0.000031
-0.000020
-0.000043
-0.000068
-0.000022
0.000071
0.000114
0.000088
0.000042
0.000019
0.000033
0.000072
0.000095
0.000081
0.000040
0.000002
-0.000001
0.000039
0.000046
-0.000028
-0.000104
-0.000105
-0.000059
-0.000026
-0.000026
-0.000036
-0.000018
0.000030
0.000067
0.000054
-0.000009
-0.000057
-0.000038
-0.000017
-0.000067
-0.000113
-0.000050
0.000049
0.000061
0.000047
0.000138
0.000232
0.000091
-0.000240
-0.000439
-0.000396
-0.000293
-0.000217
-0.000093
0.000073
0.000181
0.000208
0.000224
0.000263
0.000299
0.000287
0.000231
0.000197
0.000206
0.000185
0.000105
0.000043
0.000022
-0.000012
-0.000065
-0.000124
-0.000187
-0.000197
-0.000151
-0.000160
-0.000222
-0.000190
-0.000057
0.000028
0.000003
-0.000046
-0.000029
0.000048
0.000108
0.000103
0.000073
0.000072
0.000082
0.000061
0.000015
-0.000028
-0.000067
-0.000104
-0.000088
-0.000008
0.000035
-0.000016
-0.000059
-0.000010
0.000053
0.000024
-0.000062
-0.000119
-0.000138
-0.000137
-0.000109
-0.000072
-0.000065
-0.000066
-0.000018
0.000038
0.000040
0.000040
0.000096
0.000168
0.000190
0.000143
0.000079
0.000054
0.000067
0.000060
-0.000006
-0.000064
-0.000037
0.000004
-0.000025
-0.000038
0.000039
0.000116
0.000083
-0.000037
-0.000137
-0.000145
-0.000064
0.000046
0.000095
0.000051
-0.000020
-0.000068
-0.000090
-0.000076
-0.000035
-0.000019
-0.000049
-0.000073
-0.000039
0.000028
0.000048
0.000019
0.000031
0.000090
0.000106
0.000074
0.000083
0.000132
0.000113
0.000001
-0.000098
-0.000122
-0.000107
-0.000091
-0.000103
-0.000133
-0.000106
-0.000003
0.000060
0.000003
-0.000059
-0.000005
0.000081
0.000073
0.000023
0.000036
0.000084
0.000077
0.000032
0.000020
0.000033
-0.000008
-0.000091
-0.000090
0.000020
0.000085
0.000025
-0.000047
-0.000029
0.000026
0.000050
0.000068
0.000100
0.000108
0.000058
-0.000028
-0.000082
-0.000068
-0.000037
-0.000036
-0.000059
-0.000081
-0.000077
-0.000042
-0.000004
0.000016
0.000024
0.000014
-0.000060
-0.000162
-0.000114
0.000134
0.000352
0.000373
0.000276
0.000173
0.000100
0.000067
0.000056
0.000031
-0.000038
-0.000153
-0.000266
-0.000331
-0.000351
-0.000335
-0.000284
-0.000223
-0.000172
-0.000106
-0.000019
0.000029
0.000011
-0.000003
0.000030
0.000076
0.000107
0.000132
0.000146
0.000148
0.000144
0.000134
0.000134
0.000146
0.000131
0.000086
0.000066
0.000076
0.000042
-0.000036
-0.000057
-0.000027
-0.000055
-0.000122
-0.000125
-0.000059
-0.000003
-0.000019
-0.000066
-0.000077
-0.000070
-0.000063
-0.000030
0.000007
0.000033
0.000097
0.000168
0.000146
0.000069
0.000054
0.000064
0.000020
-0.000007
0.000046
0.000072
-0.000019
-0.000125
-0.000104
-0.000006
0.000014
-0.000034
-0.000035
0.000014
0.000020
-0.000038
-0.000063
-0.000018
0.000006
-0.000030
-0.000062
-0.000056
-0.000034
-0.000014
-0.000030
-0.000115
-0.000190
-0.000154
-0.000056
-0.000002
0.000018
0.000057
0.000125
0.000195
0.000231
0.000217
0.000176
0.000137
0.000087
0.000007
-0.000060
-0.000048
-0.000008
-0.000037
-0.000099
-0.000083
-0.000020
0.000008
0.000046
0.000093
0.000035
-0.000096
-0.000129
-0.000043
0.000012
-0.000063
-0.000206
-0.000272
-0.000200
-0.000050
0.000080
0.000138
0.000131
0.000082
0.000037
0.000043
0.000076
0.000082
0.000072
0.000068
0.000055
0.000039
0.000048
0.000052
0.000024
-0.000021
-0.000056
-0.000057
-0.000021
-0.000005
-0.000048
-0.000107
-0.000125
-0.000095
-0.000054
-0.000036
-0.000042
-0.000041
-0.000019
-0.000005
-0.000001
0.000027
0.000077
0.000101
0.000111
0.000134
0.000105
0.000029
0.000058
0.000185
0.000151
-0.000133
-0.000395
-0.000404
-0.000274
-0.000218
-0.000223
-0.000151
-0.000007
0.000109
0.000173
0.000223
0.000269
0.000296
0.000277
0.000209
0.000147
0.000133
0.000118
0.000044
-0.000042
-0.000060
-0.000011
0.000038
0.000054
0.000056
0.000034
-0.000058
-0.000215
-0.000320
-0.000273
-0.000148
-0.000087
-0.000089
-0.000042
0.000077
0.000164
0.000166
0.000136
0.000094
0.000041
0.000016
0.000033
0.000070
0.000083
0.000042
-0.000035
-0.000081
-0.000084
-0.000105
-0.000158
-0.000168
-0.000115
-0.000075
-0.000088
-0.000104
-0.000084
-0.000054
-0.000053
-0.000073
-0.000070
-0.000014
0.000068
0.000116
0.000111
0.000090
0.000059
0.000025
0.000054
0.000132
0.000148
0.000084
0.000038
0.000056
0.000086
0.000057
-0.000043
-0.000117
-0.000084
-0.000037
-0.000065
-0.000076
-0.000019
0.000031
0.000042
0.000059
0.000080
0.000058
0.000026
0.000040
0.000056
0.000030
-0.000007
-0.000041
-0.000096
-0.000160
-0.000182
-0.000128
-0.000042
-0.000002
-0.000010
-0.000001
0.000051
0.000095
0.000092
0.000077
0.000072
0.000059
0.000073
0.000124
0.000139
0.000088
-0.000008
-0.000131
-0.000234
-0.000255
-0.000206
-0.000130
-0.000048
0.000018
0.000040
0.000022
0.000024
0.000077
0.000091
0.000009
-0.000058
0.000001
0.000132
0.000208
0.000189
0.000123
0.000058
-0.000008
-0.000066
-0.000063
-0.000008
0.000010
-0.000033
-0.000087
-0.000139
-0.000166
-0.000105
0.000007
0.000040
-0.000006
-0.000013
0.000032
0.000052
0.000031
-0.000014
-0.000078
-0.000093
0.000005
0.000118
0.000114
0.000057
0.000046
-0.000006
-0.000142
-0.000166
0.000038
0.000273
0.000352
0.000338
0.000325
0.000258
0.000103
-0.000067
-0.000179
-0.000235
-0.000260
-0.000272
-0.000287
-0.000308
-0.000311
-0.000270
-0.000186
-0.000099
-0.000055
-0.000025
0.000044
0.000110
0.000102
0.000033
-0.000020
0.000001
0.000060
0.000052
-0.000017
-0.000008
0.000111
0.000206
0.000190
0.000125
0.000109
0.000166
0.000216
0.000175
0.000077
0.000017
0.000013
-0.000000
-0.000059
-0.000113
-0.000132
-0.000158
-0.000200
-0.000200
-0.000137
-0.000059
-0.000003
0.000031
0.000063
0.000115
0.000169
0.000168
0.000109
0.000065
0.000066
0.000070
0.000035
-0.000038
-0.000095
-0.000080
-0.000035
-0.000027
-0.000045
-0.000047
-0.000014
0.000028
0.000043
0.000046
0.000039
-0.000004
-0.000053
-0.000069
-0.000058
-0.000044
-0.000056
-0.000113
-0.000165
-0.000133
-0.000034
0.000022
0.000001
-0.000022
-0.000004
0.000028
0.000035
0.000033
0.000069
0.000129
0.000143
0.000117
0.000122
0.000166
0.000169
0.000095
0.000007
-0.000031
-0.000044
-0.000070
-0.000098
-0.000111
-0.000122
-0.000122
-0.000066
0.000037
0.000085
0.000027
-0.000052
-0.000068
-0.000046
-0.000043
-0.000062
-0.000063
-0.000035
-0.000024
-0.000044
-0.000040
0.000004
0.000027
0.000015
0.000035
0.000098
0.000124
0.000090
0.000067
0.000087
0.000093
0.000063
0.000032
0.000012
-0.000008
-0.000032
-0.000058
-0.000096
-0.000138
-0.000148
-0.000118
-0.000084
-0.000075
-0.000064
-0.000014
0.000045
0.000069
0.000089
0.000131
0.000132
0.000058
-0.000020
-0.000041
-0.000018
0.000018
0.000053
0.000078
0.000119
0.000178
0.000118
-0.000134
-0.000369
-0.000405
-0.000326
-0.000260
-0.000205
-0.000086
0.000094
0.000217
0.000229
0.000201
0.000186
0.000173
0.000175
0.000212
0.000234
0.000202
0.000175
0.000157
0.000079
-0.000020
-0.000054
-0.000056
-0.000075
-0.000069
-0.000022
-0.000017
-0.000114
-0.000265
-0.000352
-0.000292
-0.000169
-0.000107
-0.000060
0.000041
0.000111
0.000082
0.000034
0.000040
0.000052
0.000024
0.000007
0.000052
0.000127
0.000177
0.000182
0.000129
0.000045
-0.000006
-0.000013
-0.000028
-0.000066
-0.000095
-0.000111
-0.000119
-0.000112
-0.000137
-0.000207
-0.000201
-0.000074
0.000009
-0.000038
-0.000072
0.000000
0.000077
0.000065
0.000008
-0.000008
0.000046
0.000117
0.000136
0.000111
0.000092
0.000093
0.000103
0.000103
0.000078
0.000037
-0.000010
-0.000055
-0.000054
0.000026
0.000106
0.000075
-0.000025
-0.000056
-0.000019
-0.000017
-0.000048
-0.000054
-0.000052
-0.000078
-0.000111
-0.000111
-0.000103
-0.000117
-0.000116
-0.000061
0.000012
0.000050
0.000060
0.000061
0.000069
0.000101
0.000124
0.000092
0.000033
0.000037
0.000119
0.000159
0.000062
-0.000072
-0.000106
-0.000068
-0.000053
-0.000081
-0.000108
-0.000110
-0.000104
-0.000095
-0.000060
-0.000014
0.000006
0.000007
0.000021
0.000036
0.000011
-0.000017
0.000035
0.000148
0.000206
0.000158
0.000093
0.000087
0.000098
0.000069
0.000018
-0.000015
-0.000018
-0.000028
-0.000083
-0.000152
-0.000161
-0.000111
-0.000053
-0.000009
0.000015
0.000006
-0.000033
-0.000078
-0.000099
-0.000058
0.000021
0.000032
-0.000060
-0.000121
-0.000065
-0.000008
-0.000039
0.000003
0.000240
0.000462
0.000479
0.000404
0.000348
0.000251
0.000068
-0.000137
-0.000270
-0.000305
-0.000293
-0.000287
-0.000276
-0.000233
-0.000182
-0.000186
-0.000226
-0.000215
-0.000128
-0.000013
0.000053
0.000046
0.000043
0.000077
0.000078
0.000022
-0.000036
-0.000060
-0.000056
-0.000013
0.000095
0.000215
0.000274
0.000282
0.000260
0.000203
0.000143
0.000110
0.000077
0.000009
-0.000061
-0.000081
-0.000091
-0.000147
-0.000208
-0.000204
-0.000135
-0.000067
-0.000048
-0.000059
-0.000064
-0.000040
0.000036
0.000135
0.000180
0.000149
0.000101
0.000078
0.000073
0.000066
0.000053
0.000041
0.000022
-0.000019
-0.000055
-0.000053
-0.000031
-0.000023
-0.000034
-0.000038
-0.000017
0.000004
-0.000015
-0.000072
-0.000113
-0.000095
-0.000036
0.000007
0.000006
-0.000017
-0.000051
-0.000103
-0.000131
-0.000087
-0.000018
0.000014
0.000030
0.000045
0.000030
-0.000005
-0.000012
0.000026
0.000108
0.000208
0.000250
0.000203
0.000132
0.000080
0.000025
-0.000035
-0.000084
-0.000119
-0.000135
-0.000135
-0.000143
-0.000128
-0.000035
0.000096
0.000154
0.000108
0.000034
0.000012
0.000024
0.000003
-0.000061
-0.000125
-0.000170
-0.000195
-0.000162
-0.000058
0.000032
0.000037
0.000042
0.000126
0.000189
0.000127
0.000018
-0.000016
0.000031
0.000075
0.000063
0.000034
0.000037
0.000050
0.000022
-0.000031
-0.000049
-0.000027
-0.000037
-0.000103
-0.000174
-0.000186
-0.000150
-0.000142
-0.000514
-0.002228
-0.005085
-0.005341
0.000393
0.008090
0.009654
0.004874
0.001717
0.002694
0.001827
-0.002403
-0.003845
-0.001038
-0.000010
-0.002606
-0.003767
-0.002162
-0.002339
-0.004588
-0.003987
-0.000387
0.001465
0.000909
0.001200
0.002496
0.002191
0.000323
-0.000530
0.000113
0.000243
-0.000378
0.000155
0.001766
0.002241
0.001480
0.001282
0.000626
-0.002159
-0.003406
0.000250
0.003824
0.002429
0.000390
0.001771
0.002680
0.000586
-0.000972
-0.000590
-0.000943
-0.002278
-0.002477
-0.001763
-0.001590
-0.001850
-0.001860
-0.001452
-0.000840
-0.000577
-0.000849
-0.000963
-0.000352
0.000871
0.002020
0.001933
0.000913
0.000853
0.001505
0.001004
0.000273
0.001036
0.001559
0.000381
-0.000176
0.000847
0.000831
-0.000607
-0.000904
-0.000134
-0.000193
-0.000553
-0.000356
-0.000519
-0.000941
-0.000532
-0.000021
-0.000357
-0.000694
-0.000626
-0.000787
-0.000863
-0.000255
0.000477
0.000690
0.000661
0.000773
0.000844
0.000600
0.000216
0.000038
-0.000121
-0.000518
-0.000520
0.000385
0.001209
0.001038
0.000597
0.000348
-0.000369
-0.001283
-0.001401
-0.000986
-0.000623
0.000050
0.000707
0.000317
-0.000475
-0.000396
-0.000100
-0.000474
-0.000573
0.000314
0.001106
0.000895
0.000266
-0.000022
-0.000161
-0.000591
-0.000957
-0.000583
0.000375
0.001104
0.001286
0.001234
0.001009
0.000294
-0.000657
-0.000901
-0.000199
0.000481
0.000413
0.000144
0.000376
0.000393
-0.000776
-0.001979
-0.001566
-0.000543
-0.000581
-0.000781
0.000121
0.001003
0.000532
-0.000386
-0.000358
0.000096
-0.000188
-0.000695
-0.000099
0.001159
0.001200
-0.000143
-0.000843
-0.000080
0.000535
0.000136
0.000100
0.001058
0.001421
0.000310
-0.000740
-0.000448
0.000005
-0.000685
-0.001248
-0.000111
0.001459
0.001458
0.000480
0.000231
0.000499
0.000017
-0.000909
-0.000929
-0.000148
0.000081
-0.000441
-0.000525
0.000220
0.000707
0.000258
-0.000285
-0.000104
0.000236
-0.000023
-0.000389
-0.000082
0.000466
0.000377
-0.000094
-0.000048
0.000384
0.000248
-0.000469
-0.000793
-0.000509
-0.000376
-0.000624
-0.000631
-0.000192
0.000063
-0.000164
-0.000318
-0.000044
0.000181
-0.000018
-0.000181
0.000197
0.000790
0.001067
0.001144
0.001316
0.001329
0.000783
-0.000069
-0.000529
-0.000475
-0.000551
-0.001053
-0.001340
-0.000862
-0.000114
0.000115
-0.000085
-0.000146
-0.000146
-0.000529
-0.001004
-0.000901
-0.000473
-0.000507
-0.000815
-0.000580
0.000145
0.000528
0.000267
-0.000030
0.000138
0.000272
-0.000484
-0.002265
-0.004049
-0.003824
-0.000762
0.002430
0.002821
0.002342
0.004177
0.006298
0.005456
0.003770
0.004080
0.003945
0.001100
-0.001132
0.000229
0.002339
0.001707
-0.000224
-0.000551
0.000048
-0.000739
-0.002681
-0.004071
-0.004899
-0.005987
-0.006760
-0.006253
-0.004749
-0.003235
-0.002589
-0.002943
-0.002927
-0.001369
0.000182
-0.000262
-0.001309
-0.000595
0.000962
0.001091
-0.000442
-0.001938
-0.000269
0.005846
0.011107
0.010197
0.007835
0.010211
0.012587
0.009315
0.005225
0.004395
0.002017
-0.003479
-0.005831
-0.003406
-0.002169
-0.004788
-0.007453
-0.007142
-0.005385
-0.005213
-0.007195
-0.008880
-0.008166
-0.005982
-0.004198
-0.002477
0.000192
0.002094
0.000882
-0.001206
0.000117
0.003295
0.003025
-0.000006
-0.000267
0.002847
0.005281
0.006104
0.007149
0.008045
0.007392
0.005717
0.004344
0.003599
0.002549
-0.000006
-0.003199
-0.004322
-0.003078
-0.002380
-0.003398
-0.004369
-0.005595
-0.009311
-0.012471
-0.008652
-0.000696
0.000847
-0.003756
-0.002608
0.005975
0.010359
0.007524
0.006549
0.008740
0.006378
0.000736
0.000656
0.005408
0.006273
0.002021
-0.000596
0.001219
0.003656
0.003365
0.000601
-0.003069
-0.006036
-0.007247
-0.007590
-0.008253
-0.008002
-0.006214
-0.005759
-0.007098
-0.005258
0.000519
0.002822
-0.001197
-0.004104
-0.001467
0.001405
0.000842
0.000669
0.003127
0.004780
0.004104
0.004434
0.007226
0.008862
0.006269
0.001720
-0.000052
0.001990
0.003983
0.002764
0.000592
0.001433
0.004326
0.005140
0.003622
0.002676
0.001831
-0.001511
-0.005626
-0.006666
-0.005743
-0.006839
-0.009554
-0.009999
-0.007235
-0.004259
-0.003479
-0.004023
-0.003658
-0.002105
-0.001099
-0.001063
-0.000263
0.001682
0.002840
0.002920
0.004246
0.007155
0.008605
0.007208
0.005585
0.005665
0.005609
0.003670
0.001454
0.000834
0.000703
-0.000574
-0.001923
-0.001504
-0.000216
-0.000418
-0.002046
-0.002825
-0.002111
-0.001889
-0.003431
-0.005235
-0.005550
-0.005076
-0.005305
-0.005691
-0.004951
-0.004541
-0.006977
-0.009555
-0.005979
0.002255
0.005617
0.002651
0.003231
0.010367
0.014719
0.012195
0.009984
0.011251
0.010239
0.005330
0.002676
0.004628
0.005771
0.002614
-0.001032
-0.000904
0.001259
0.001123
-0.002222
-0.006346
-0.008858
-0.009418
-0.009976
-0.011874
-0.012882
-0.011087
-0.009371
-0.009791
-0.008303
-0.002728
0.001126
-0.000645
-0.002619
0.000111
0.003786
0.003777
0.002242
0.003007
0.005112
0.005893
0.006394
0.009038
0.012107
0.011770
0.008693
0.006954
0.007169
0.006456
0.003873
0.001154
-0.000080
0.000455
0.001333
0.000814
-0.000417
-0.000902
-0.001930
-0.004805
-0.007393
-0.008148
-0.009237
-0.011862
-0.013424
-0.011961
-0.009108
-0.007116
-0.005871
-0.003962
-0.001237
0.000980
0.002026
0.002726
0.003673
0.004342
0.004441
0.004790
0.006139
0.007751
0.008274
0.008055
0.008614
0.009343
0.008012
0.005204
0.003641
0.002917
0.000504
-0.002785
-0.004122
-0.003742
-0.003774
-0.004385
-0.004413
-0.003657
-0.002937
-0.003191
-0.004417
-0.005353
-0.005369
-0.005615
-0.006661
-0.007052
-0.005850
-0.004793
-0.006283
-0.008928
-0.007197
0.000315
0.005960
0.004680
0.003859
0.010008
0.015941
0.014284
0.010857
0.012097
0.013066
0.008699
0.003921
0.004058
0.005667
0.003479
-0.000676
-0.001591
0.000587
0.000930
-0.002354
-0.005998
-0.007425
-0.007690
-0.008997
-0.011917
-0.014251
-0.013383
-0.010930
-0.010481
-0.010301
-0.006340
-0.001454
-0.001110
-0.002589
0.000106
0.004721
0.005129
0.002406
0.002154
0.004956
0.006723
0.005947
0.005512
0.007648
0.010245
0.010186
0.008615
0.008854
0.009951
0.007954
0.003437
0.001191
0.002041
0.001771
-0.001086
-0.002942
-0.001867
-0.000827
-0.002351
-0.004685
-0.005550
-0.006015
-0.008059
-0.010835
-0.011901
-0.010993
-0.010205
-0.010331
-0.009307
-0.005741
-0.001827
-0.000074
0.000835
0.003299
0.006042
0.006420
0.005366
0.005576
0.006746
0.006713
0.005654
0.005684
0.007218
0.008221
0.007246
0.005716
0.005715
0.006257
0.004493
0.000552
-0.002336
-0.003104
-0.004222
-0.006711
-0.008086
-0.006920
-0.005362
-0.005200
-0.005046
-0.003561
-0.002284
-0.002814
-0.003870
-0.003642
-0.002900
-0.003352
-0.004772
-0.006346
-0.008186
-0.008543
-0.004471
0.001651
0.004060
0.004145
0.008281
0.014818
0.016388
0.013762
0.013443
0.014433
0.011063
0.004998
0.002275
0.002526
0.001110
-0.001738
-0.002173
-0.000462
-0.000285
-0.002041
-0.003036
-0.003071
-0.004297
-0.007046
-0.010210
-0.013102
-0.014374
-0.013242
-0.011986
-0.012113
-0.010693
-0.006098
-0.001979
-0.000323
0.001983
0.005630
0.006723
0.004762
0.004050
0.005713
0.006096
0.003853
0.002236
0.003688
0.006637
0.008383
0.008592
0.009021
0.010390
0.010691
0.008076
0.004417
0.002860
0.002482
-0.000035
-0.003824
-0.004830
-0.003206
-0.003007
-0.004635
-0.004777
-0.003460
-0.004030
-0.006738
-0.008551
-0.008618
-0.009044
-0.010708
-0.011693
-0.010097
-0.006705
-0.003927
-0.002236
0.000376
0.004345
0.007069
0.007339
0.007388
0.008498
0.008623
0.006554
0.004584
0.004655
0.005303
0.004779
0.004067
0.004623
0.005748
0.005899
0.004756
0.003043
0.001408
-0.000348
-0.002912
-0.005767
-0.007231
-0.007237
-0.007596
-0.008394
-0.007578
-0.005046
-0.003255
-0.003027
-0.002598
-0.001298
-0.000671
-0.001446
-0.002373
-0.003135
-0.005646
-0.009534
-0.009660
-0.003904
0.001298
0.001466
0.002705
0.009813
0.016155
0.016139
0.015241
0.017676
0.017679
0.011410
0.004672
0.002527
0.001868
-0.001257
-0.004943
-0.005787
-0.004468
-0.003528
-0.003126
-0.002289
-0.001780
-0.002799
-0.005126
-0.008036
-0.010564
-0.011545
-0.011954
-0.013844
-0.015219
-0.012198
-0.006811
-0.004082
-0.002600
0.001997
0.007392
0.008679
0.007535
0.008293
0.009715
0.008034
0.004090
0.001913
0.002637
0.003685
0.003500
0.003961
0.006555
0.009070
0.009086
0.007920
0.007880
0.008161
0.006284
0.002227
-0.001183
-0.002381
-0.003509
-0.006465
-0.008952
-0.008506
-0.007301
-0.008058
-0.009037
-0.007892
-0.006289
-0.006641
-0.007978
-0.008011
-0.006618
-0.005390
-0.004905
-0.003773
-0.000992
0.002012
0.003697
0.005127
0.007645
0.009821
0.009771
0.008543
0.008242
0.008490
0.007468
0.005306
0.003937
0.003944
0.003780
0.002539
0.001384
0.001205
0.000857
-0.000814
-0.002906
-0.004033
-0.004529
-0.005528
-0.006864
-0.007321
-0.006656
-0.006018
-0.005976
-0.005537
-0.004061
-0.002618
-0.002169
-0.001969
-0.001400
-0.002087
-0.005483
-0.008489
-0.006270
-0.000827
0.000816
-0.000728
0.002514
0.010500
0.014449
0.013412
0.015125
0.019503
0.018339
0.011407
0.006947
0.006804
0.004756
-0.001214
-0.006044
-0.006709
-0.005988
-0.006492
-0.006862
-0.005547
-0.003971
-0.003978
-0.005362
-0.006904
-0.007630
-0.007765
-0.009232
-0.012422
-0.013796
-0.011342
-0.008713
-0.008199
-0.005879
0.000079
0.004702
0.005467
0.006872
0.011081
0.013483
0.011256
0.007990
0.006980
0.006614
0.004721
0.002651
0.002702
0.004241
0.004875
0.004355
0.004609
0.006101
0.006938
0.005855
0.003771
0.002091
0.000855
-0.001079
-0.004065
-0.006660
-0.007903
-0.008967
-0.010460
-0.010825
-0.009590
-0.008680
-0.008799
-0.008289
-0.006493
-0.004756
-0.003844
-0.003090
-0.001813
-0.000096
0.001450
0.002505
0.003656
0.005325
0.006718
0.007247
0.007711
0.008644
0.009139
0.008503
0.007463
0.006726
0.005852
0.004441
0.003049
0.001980
0.000593
-0.001256
-0.002717
-0.003538
-0.004367
-0.005250
-0.005653
-0.005665
-0.005608
-0.005308
-0.004760
-0.004274
-0.003864
-0.003577
-0.003625
-0.003598
-0.002979
-0.002245
-0.002184
-0.003436
-0.006274
-0.008089
-0.005060
0.000248
0.001343
0.000215
0.004353
0.011430
0.013340
0.012459
0.015967
0.019884
0.016347
0.009233
0.006985
0.007748
0.004448
-0.002116
-0.005743
-0.005659
-0.006162
-0.007972
-0.007696
-0.005210
-0.004303
-0.005828
-0.007004
-0.006844
-0.006534
-0.006881
-0.008727
-0.011681
-0.012528
-0.010110
-0.008071
-0.007604
-0.004872
0.000211
0.002836
0.003313
0.006660
0.011865
0.013048
0.010163
0.008387
0.008783
0.007931
0.005154
0.003499
0.003970
0.003976
0.002535
0.002358
0.004575
0.006101
0.005001
0.003588
0.003640
0.003523
0.001833
-0.000568
-0.002717
-0.004656
-0.006754
-0.008980
-0.010357
-0.010246
-0.009973
-0.010642
-0.010704
-0.008788
-0.006466
-0.005300
-0.004286
-0.002426
-0.000582
0.000603
0.001789
0.003376
0.004808
0.005532
0.005799
0.006364
0.007350
0.007914
0.007616
0.007205
0.007227
0.007038
0.006045
0.004886
0.004295
0.003509
0.001430
-0.001042
-0.002261
-0.002855
-0.004421
-0.006195
-0.006566
-0.006216
-0.006343
-0.006178
-0.005079
-0.004103
-0.003791
-0.003425
-0.002846
-0.002461
-0.002148
-0.001799
-0.001662
-0.002100
-0.004089
-0.007273
-0.007608
-0.003052
0.000839
-0.000043
0.000299
0.006654
0.012480
0.012638
0.013220
0.017889
0.019388
0.013882
0.008774
0.008848
0.008253
0.002343
-0.004086
-0.005964
-0.005981
-0.007893
-0.009374
-0.007521
-0.005199
-0.005759
-0.007077
-0.006343
-0.004986
-0.005072
-0.006514
-0.008853
-0.010878
-0.010630
-0.009071
-0.008761
-0.008222
-0.004796
-0.000934
0.000587
0.002907
0.008394
0.012514
0.011711
0.009782
0.010428
0.011082
0.008811
0.005668
0.004419
0.003954
0.002272
0.000670
0.001436
0.003401
0.003691
0.002569
0.002552
0.003907
0.004511
0.003214
0.000947
-0.000974
-0.002604
-0.005018
-0.007900
-0.009445
-0.009866
-0.011278
-0.012956
-0.012004
-0.009101
-0.007432
-0.006752
-0.004627
-0.001541
0.000489
0.001701
0.003251
0.004787
0.005455
0.005394
0.005434
0.006068
0.006712
0.006468
0.005797
0.005902
0.006456
0.006255
0.005630
0.005569
0.005393
0.003924
0.001761
0.000204
-0.000898
-0.002561
-0.004763
-0.006383
-0.006805
-0.006657
-0.006625
-0.006323
-0.005187
-0.003793
-0.003104
-0.002934
-0.002405
-0.001592
-0.001412
-0.001947
-0.002245
-0.002503
-0.004626
-0.008101
-0.008195
-0.003454
-0.000146
-0.001498
-0.000554
0.006608
0.012315
0.012238
0.013612
0.019042
0.019940
0.013862
0.009807
0.010841
0.009236
0.002177
-0.003638
-0.004950
-0.006062
-0.008929
-0.009953
-0.007893
-0.006466
-0.007320
-0.007410
-0.005301
-0.003685
-0.004179
-0.005601
-0.007336
-0.009124
-0.009565
-0.008842
-0.008847
-0.008800
-0.006616
-0.003758
-0.001952
0.001200
0.006621
0.010083
0.009892
0.010177
0.012433
0.012782
0.010035
0.007701
0.006958
0.005225
0.002155
0.000748
0.001797
0.002337
0.000944
0.000263
0.002145
0.004130
0.003721
0.002525
0.002568
0.002240
-0.000258
-0.003246
-0.004857
-0.006442
-0.009625
-0.012835
-0.013572
-0.012324
-0.011498
-0.011236
-0.009387
-0.005753
-0.002686
-0.000837
0.001591
0.004696
0.006340
0.006244
0.006435
0.007379
0.007386
0.005921
0.004566
0.004522
0.005040
0.004830
0.004174
0.004384
0.005365
0.005629
0.004824
0.004001
0.003248
0.001535
-0.000967
-0.002915
-0.004140
-0.005634
-0.007372
-0.008201
-0.007759
-0.006888
-0.006183
-0.005341
-0.004083
-0.002805
-0.001947
-0.001354
-0.000710
-0.000144
-0.000159
-0.001629
-0.004904
-0.007479
-0.005906
-0.002219
-0.001862
-0.003224
0.000338
0.007194
0.010083
0.010687
0.015257
0.019985
0.017821
0.012986
0.012658
0.013176
0.008304
0.001275
-0.002452
-0.004658
-0.008299
-0.010899
-0.010199
-0.008997
-0.009613
-0.009593
-0.006968
-0.004315
-0.003765
-0.003668
-0.003402
-0.004863
-0.007136
-0.007216
-0.006308
-0.007441
-0.008847
-0.007552
-0.005137
-0.003299
-0.000160
0.004363
0.007223
0.008343
0.010275
0.012447
0.012681
0.011656
0.010604
0.008657
0.005797
0.003864
0.003083
0.001807
0.000026
-0.000645
-0.000197
0.000065
0.000371
0.001616
0.002670
0.002014
0.000707
0.000328
-0.000161
-0.002281
-0.005195
-0.007643
-0.009792
-0.011625
-0.012464
-0.012379
-0.011725
-0.010263
-0.008072
-0.005480
-0.002173
0.001488
0.003988
0.005307
0.006968
0.008650
0.008718
0.007654
0.006996
0.006380
0.005033
0.003882
0.003649
0.003508
0.003095
0.003169
0.003749
0.003956
0.003609
0.003072
0.002135
0.000541
-0.001168
-0.002569
-0.004137
-0.005959
-0.007018
-0.006942
-0.006682
-0.006595
-0.006005
-0.005002
-0.004258
-0.003422
-0.001993
-0.000739
-0.000319
-0.000595
-0.002252
-0.005192
-0.005954
-0.002902
-0.000948
-0.003011
-0.003164
0.002312
0.007102
0.007598
0.009960
0.016006
0.018046
0.014334
0.012722
0.014919
0.013662
0.007245
0.001861
-0.000497
-0.003660
-0.007971
-0.009976
-0.009850
-0.010645
-0.011836
-0.010625
-0.007829
-0.006186
-0.005259
-0.003887
-0.003768
-0.005173
-0.004924
-0.003073
-0.003753
-0.006612
-0.006871
-0.004637
-0.003878
-0.003666
-0.000637
0.003244
0.004534
0.005170
0.008048
0.011188
0.011773
0.010786
0.010159
0.009617
0.008289
0.006491
0.004852
0.003310
0.001547
-0.000283
-0.001540
-0.001656
-0.000957
-0.000711
-0.001408
-0.001642
-0.000507
0.000236
-0.000911
-0.002406
-0.002980
-0.004157
-0.006507
-0.008004
-0.008243
-0.009119
-0.010473
-0.010282
-0.008570
-0.006705
-0.004728
-0.002320
0.000161
0.002757
0.005477
0.007420
0.008332
0.009028
0.009306
0.008341
0.006948
0.006274
0.005495
0.003760
0.002292
0.002059
0.001982
0.001188
0.000456
0.000370
0.000266
-0.000345
-0.001016
-0.001442
-0.002017
-0.002933
-0.003781
-0.004340
-0.004753
-0.004966
-0.004992
-0.005090
-0.004984
-0.004195
-0.003278
-0.002903
-0.002646
-0.002864
-0.004789
-0.006449
-0.004262
-0.000652
-0.001069
-0.002894
0.000451
0.006173
0.007570
0.007748
0.012251
0.016290
0.014243
0.011287
0.012772
0.013836
0.009643
0.004189
0.001632
-0.000362
-0.003864
-0.006631
-0.007573
-0.008671
-0.010231
-0.010295
-0.008892
-0.007794
-0.006804
-0.005166
-0.004621
-0.005852
-0.005660
-0.003142
-0.002686
-0.005417
-0.006159
-0.003591
-0.002695
-0.003990
-0.002479
0.001481
0.002738
0.001961
0.004019
0.008127
0.009698
0.008691
0.008301
0.008962
0.009007
0.008061
0.006779
0.005484
0.004138
0.002541
0.000839
-0.000069
0.000131
-0.000031
-0.001594
-0.002842
-0.001993
-0.000701
-0.001381
-0.002918
-0.003062
-0.002730
-0.003736
-0.005091
-0.005414
-0.005811
-0.007189
-0.008160
-0.007725
-0.006754
-0.005982
-0.005201
-0.004025
-0.001968
0.000828
0.003032
0.004167
0.005535
0.007332
0.007919
0.007286
0.007229
0.007550
0.006458
0.004498
0.003715
0.003801
0.002953
0.001256
0.000128
-0.000217
-0.000588
-0.001223
-0.001753
-0.002052
-0.002353
-0.002777
-0.003097
-0.003071
-0.002927
-0.003173
-0.003765
-0.003984
-0.003571
-0.003249
-0.003416
-0.003467
-0.003599
-0.005258
-0.007554
-0.006782
-0.003085
-0.001819
-0.003689
-0.002284
0.003613
0.007164
0.007106
0.009676
0.014570
0.015039
0.011991
0.012086
0.014153
0.011992
0.006497
0.002884
0.001137
-0.001624
-0.004785
-0.006609
-0.007838
-0.009249
-0.009848
-0.009170
-0.008068
-0.006847
-0.005412
-0.004739
-0.005196
-0.004732
-0.002453
-0.001491
-0.003639
-0.005210
-0.003707
-0.002628
-0.003999
-0.003941
-0.000966
0.000561
-0.000439
0.000660
0.004735
0.007252
0.006954
0.006990
0.008285
0.009079
0.008860
0.008129
0.006945
0.005611
0.004397
0.002923
0.001449
0.000819
0.000374
-0.001214
-0.003075
-0.003249
-0.002148
-0.001964
-0.003040
-0.003583
-0.002937
-0.002565
-0.003230
-0.003746
-0.003549
-0.003846
-0.004954
-0.005369
-0.004678
-0.004388
-0.005013
-0.005110
-0.003716
-0.001690
-0.000338
0.000315
0.001410
0.003289
0.004742
0.005228
0.005913
0.007034
0.007054
0.005866
0.005293
0.005546
0.004976
0.003375
0.001959
0.000942
-0.000070
-0.000937
-0.001786
-0.002855
-0.003546
-0.003585
-0.003660
-0.003680
-0.002976
-0.002272
-0.002488
-0.002683
-0.001938
-0.001276
-0.001596
-0.002172
-0.002828
-0.004719
-0.007074
-0.006810
-0.004169
-0.003690
-0.005764
-0.004637
0.000776
0.004312
0.004763
0.007826
0.013203
0.014403
0.012217
0.013174
0.015972
0.014100
0.008551
0.005025
0.003344
0.000056
-0.004020
-0.006500
-0.008172
-0.010166
-0.011284
-0.010673
-0.009284
-0.007855
-0.006382
-0.005311
-0.004693
-0.003238
-0.000814
0.000095
-0.001482
-0.002558
-0.001505
-0.001234
-0.003043
-0.003568
-0.001787
-0.001386
-0.002826
-0.001833
0.001986
0.004178
0.003865
0.004503
0.006853
0.008538
0.008933
0.009068
0.008886
0.007927
0.006535
0.005064
0.003630
0.002338
0.000749
-0.001517
-0.003428
-0.003830
-0.003609
-0.004212
-0.005060
-0.004827
-0.003895
-0.003337
-0.002959
-0.002237
-0.001747
-0.002019
-0.002379
-0.002211
-0.002094
-0.002704
-0.003621
-0.003982
-0.003602
-0.002973
-0.002582
-0.002278
-0.001348
0.000332
0.001903
0.003048
0.004423
0.005841
0.006294
0.006189
0.006705
0.007173
0.006249
0.004636
0.003571
0.002483
0.000717
-0.000929
-0.002048
-0.003218
-0.004255
-0.004458
-0.004141
-0.003870
-0.003396
-0.002670
-0.002173
-0.001756
-0.001008
-0.000380
-0.000492
-0.001540
-0.003675
-0.005826
-0.005716
-0.004034
-0.004528
-0.006683
-0.005422
-0.000836
0.001705
0.002373
0.005906
0.010678
0.011494
0.010446
0.012655
0.015641
0.013994
0.009402
0.006807
0.005703
0.002661
-0.001816
-0.004905
-0.006716
-0.009071
-0.011332
-0.011531
-0.010066
-0.008833
-0.008113
-0.007021
-0.005307
-0.003000
-0.000557
0.000475
-0.000183
-0.000237
0.000976
0.000832
-0.001076
-0.001652
-0.000767
-0.001617
-0.003525
-0.002630
0.000387
0.001481
0.000844
0.001869
0.004616
0.006467
0.006984
0.007610
0.008484
0.008512
0.007437
0.006220
0.005526
0.004592
0.002400
-0.000335
-0.001985
-0.002544
-0.003392
-0.004835
-0.005775
-0.005590
-0.004906
-0.004406
-0.003872
-0.002919
-0.002053
-0.001893
-0.001850
-0.001163
-0.000591
-0.001262
-0.002557
-0.003039
-0.002712
-0.002660
-0.003049
-0.002937
-0.001883
-0.000604
0.000384
0.001658
0.003471
0.004808
0.005207
0.005789
0.006946
0.007288
0.006216
0.004935
0.004065
0.002869
0.001142
-0.000469
-0.001744
-0.002811
-0.003575
-0.004032
-0.004241
-0.004018
-0.003419
-0.002911
-0.002550
-0.001911
-0.001286
-0.001927
-0.003973
-0.005050
-0.003550
-0.002336
-0.004292
-0.005945
-0.003127
0.000482
0.000310
0.000456
0.005151
0.009250
0.008412
0.007959
0.011686
0.013984
0.011065
0.007776
0.007501
0.006638
0.002808
-0.001084
-0.003075
-0.004907
-0.007600
-0.009631
-0.009930
-0.009347
-0.008866
-0.008425
-0.007587
-0.005977
-0.003492
-0.001260
-0.000763
-0.000957
0.000386
0.002046
0.001287
-0.000255
0.000501
0.001488
-0.000358
-0.002215
-0.000696
0.001240
0.000262
-0.000814
0.001019
0.003339
0.003645
0.003749
0.005300
0.006666
0.006510
0.006058
0.006372
0.006452
0.005157
0.003143
0.001738
0.000991
-0.000091
-0.001932
-0.003811
-0.004839
-0.005089
-0.005320
-0.005654
-0.005418
-0.004580
-0.004007
-0.003739
-0.002797
-0.001343
-0.000805
-0.001320
-0.001440
-0.000744
-0.000432
-0.001023
-0.001502
-0.001164
-0.000609
-0.000392
0.000043
0.001241
0.002498
0.002982
0.003344
0.004479
0.005532
0.005248
0.004289
0.003931
0.003751
0.002755
0.001383
0.000487
-0.000236
-0.001361
-0.002533
-0.003097
-0.003112
-0.003153
-0.003415
-0.003456
-0.003269
-0.003963
-0.005638
-0.005878
-0.003779
-0.002829
-0.004665
-0.004796
-0.000947
0.001877
0.001325
0.002482
0.006870
0.008854
0.007346
0.007943
0.011133
0.011280
0.007842
0.005803
0.005894
0.004394
0.000870
-0.001809
-0.003164
-0.004909
-0.006955
-0.007828
-0.007612
-0.007449
-0.007393
-0.006951
-0.006203
-0.004945
-0.002927
-0.001449
-0.001574
-0.001478
0.000312
0.001422
0.000204
-0.000531
0.000742
0.000926
-0.000941
-0.001190
0.000957
0.001679
0.000224
0.000081
0.002045
0.003499
0.003693
0.003988
0.004706
0.005307
0.005581
0.005378
0.004922
0.004660
0.003989
0.002261
0.000659
0.000285
-0.000175
-0.001993
-0.003741
-0.003783
-0.003180
-0.003636
-0.004512
-0.004234
-0.003215
-0.002927
-0.003100
-0.002460
-0.001480
-0.001635
-0.002459
-0.002256
-0.001265
-0.001133
-0.001801
-0.001741
-0.000710
0.000133
0.000427
0.000980
0.002077
0.002937
0.003159
0.003449
0.004227
0.004652
0.004089
0.003337
0.003131
0.002818
0.001726
0.000405
-0.000418
-0.000922
-0.001571
-0.002285
-0.002690
-0.002739
-0.002987
-0.004226
-0.005956
-0.006001
-0.003931
-0.003001
-0.004780
-0.005278
-0.001901
0.001120
0.000855
0.001621
0.005788
0.008265
0.006836
0.006857
0.010147
0.011044
0.007598
0.005031
0.005402
0.004600
0.001060
-0.001879
-0.002863
-0.004160
-0.006386
-0.007565
-0.007153
-0.006617
-0.006611
-0.006495
-0.005787
-0.004342
-0.002439
-0.001326
-0.001597
-0.001464
0.000306
0.001498
0.000441
-0.000387
0.000732
0.001068
-0.000675
-0.001100
0.000980
0.001756
-0.000024
-0.000543
0.001668
0.003355
0.002952
0.002749
0.004043
0.005211
0.005052
0.004607
0.004919
0.005105
0.003936
0.002141
0.001272
0.001009
-0.000181
-0.002210
-0.003484
-0.003484
-0.003340
-0.003897
-0.004443
-0.003978
-0.003073
-0.002949
-0.003132
-0.002344
-0.001297
-0.001584
-0.002421
-0.001952
-0.000838
-0.000916
-0.001628
-0.001221
-0.000029
0.000465
0.000430
0.001037
0.002137
0.002617
0.002515
0.002942
0.003864
0.003982
0.003187
0.002810
0.003003
0.002480
0.001156
0.000325
0.000107
-0.000585
-0.001723
-0.002312
-0.002547
-0.003682
-0.005666
-0.006522
-0.005260
-0.004111
-0.005005
-0.005420
-0.002644
0.000578
0.001157
0.001906
0.005398
0.008076
0.007516
0.007458
0.009797
0.010561
0.007949
0.005460
0.004754
0.003418
0.000565
-0.001969
-0.003562
-0.005140
-0.006696
-0.007517
-0.007594
-0.007270
-0.006688
-0.006061
-0.005359
-0.003966
-0.001855
-0.000413
-0.000413
-0.000326
0.001043
0.001971
0.001008
0.000094
0.000720
0.000785
-0.000831
-0.001477
-0.000064
0.000585
-0.000547
-0.000728
0.001109
0.002755
0.003114
0.003400
0.004310
0.005259
0.005635
0.005342
0.004834
0.004469
0.003691
0.002147
0.000910
0.000636
-0.000011
-0.001842
-0.003280
-0.003207
-0.002947
-0.003591
-0.004106
-0.003546
-0.002788
-0.002815
-0.003015
-0.002482
-0.001813
-0.002044
-0.002600
-0.002209
-0.001281
-0.001154
-0.001586
-0.001314
-0.000384
0.000186
0.000337
0.000826
0.001741
0.002442
0.002700
0.002975
0.003517
0.003775
0.003240
0.002476
0.002293
0.002232
0.001355
0.000138
-0.000310
-0.000382
-0.001475
-0.003608
-0.004977
-0.004442
-0.003656
-0.004695
-0.005921
-0.004232
-0.001126
-0.000322
-0.000338
0.002541
0.006177
0.006528
0.005880
0.007959
0.010051
0.008433
0.005618
0.005104
0.005020
0.002554
-0.000851
-0.002810
-0.003901
-0.005472
-0.007037
-0.007604
-0.007328
-0.006943
-0.006702
-0.006125
-0.004620
-0.002504
-0.001063
-0.000823
-0.000413
0.001234
0.002559
0.001884
0.000799
0.001303
0.001760
0.000267
-0.001097
-0.000304
0.000463
-0.000672
-0.001498
-0.000217
0.001367
0.001712
0.001873
0.002771
0.003920
0.004852
0.005349
0.005270
0.005093
0.004967
0.004007
0.002325
0.001488
0.001339
-0.000165
-0.002724
-0.003656
-0.002893
-0.003185
-0.004816
-0.005160
-0.003831
-0.003207
-0.003634
-0.003061
-0.001499
-0.001086
-0.001820
-0.001634
-0.000415
-0.000058
-0.000885
-0.001226
-0.000428
0.000295
0.000183
0.000045
0.000612
0.001326
0.001466
0.001398
0.001884
0.002683
0.002848
0.002343
0.002171
0.002569
0.002498
0.001468
0.000220
-0.000934
-0.002329
-0.003331
-0.003265
-0.003401
-0.004593
-0.004822
-0.002968
-0.001367
-0.000967
0.000570
0.003312
0.004550
0.004800
0.006654
0.008702
0.008088
0.006230
0.005602
0.004987
0.002765
0.000279
-0.001294
-0.003004
-0.005225
-0.006605
-0.006803
-0.006975
-0.007372
-0.007109
-0.006032
-0.004705
-0.003180
-0.001488
-0.000335
0.000213
0.001177
0.002533
0.002898
0.002286
0.002117
0.002144
0.001122
-0.000037
0.000084
0.000264
-0.000850
-0.001803
-0.001209
-0.000200
0.000206
0.000658
0.001443
0.002158
0.003070
0.004234
0.004735
0.004507
0.004531
0.004639
0.003942
0.002918
0.002262
0.001184
-0.000668
-0.001944
-0.002192
-0.002780
-0.004096
-0.004873
-0.004683
-0.004372
-0.004211
-0.003752
-0.003017
-0.002453
-0.002055
-0.001411
-0.000522
0.000025
-0.000002
0.000002
0.000489
0.000986
0.000982
0.000762
0.000720
0.000742
0.000766
0.000946
0.001104
0.001028
0.001022
0.001301
0.001525
0.001433
0.001028
0.000166
-0.000820
-0.000978
-0.000583
-0.001172
-0.002411
-0.002171
-0.000710
-0.000274
-0.000363
0.001112
0.003005
0.003144
0.002974
0.004460
0.005847
0.005137
0.003811
0.003582
0.003389
0.002015
0.000267
-0.000984
-0.002211
-0.003752
-0.004950
-0.005374
-0.005510
-0.005779
-0.005891
-0.005458
-0.004461
-0.003145
-0.002035
-0.001470
-0.000873
0.000385
0.001577
0.001795
0.001753
0.002235
0.002272
0.001288
0.000721
0.001194
0.001127
-0.000028
-0.000621
0.000036
0.000689
0.000716
0.000817
0.001343
0.002001
0.002655
0.003229
0.003533
0.003627
0.003642
0.003426
0.002964
0.002487
0.001807
0.000532
-0.000895
-0.001625
-0.001904
-0.002687
-0.003853
-0.004382
-0.004184
-0.004104
-0.004235
-0.003876
-0.003062
-0.002514
-0.002180
-0.001398
-0.000355
0.000114
0.000107
0.000565
0.001556
0.002101
0.001811
0.001391
0.001361
0.001395
0.001123
0.000745
0.000591
0.000620
0.000563
0.000316
-0.000051
-0.000516
-0.000875
-0.000765
-0.000519
-0.000875
-0.001313
-0.000705
0.000278
0.000384
0.000569
0.001923
0.002984
0.002771
0.002993
0.004283
0.004666
0.003578
0.002799
0.002724
0.001969
0.000459
-0.000667
-0.001402
-0.002467
-0.003641
-0.004292
-0.004494
-0.004633
-0.004744
-0.004636
-0.004136
-0.003267
-0.002371
-0.001736
-0.001128
-0.000170
0.000864
0.001302
0.001235
0.001453
0.001938
0.001838
0.001253
0.001118
0.001241
0.000725
-0.000085
-0.000215
0.000166
0.000321
0.000322
0.000638
0.001251
0.001836
0.002223
0.002532
0.002902
0.003130
0.002982
0.002717
0.002561
0.002094
0.001063
0.000042
-0.000513
-0.001013
-0.001864
-0.002745
-0.003235
-0.003391
-0.003452
-0.003445
-0.003216
-0.002769
-0.002395
-0.002142
-0.001578
-0.000683
-0.000146
-0.000104
0.000128
0.000667
0.000876
0.000634
0.000449
0.000464
0.000390
0.000187
0.000116
0.000284
0.000499
0.000518
0.000276
-0.000096
-0.000303
-0.000075
0.000269
0.000064
-0.000361
0.000047
0.000985
0.001208
0.001140
0.002063
0.003192
0.003104
0.002777
0.003531
0.004147
0.003391
0.002448
0.002290
0.001871
0.000546
-0.000765
-0.001536
-0.002282
-0.003200
-0.003922
-0.004340
-0.004615
-0.004811
-0.004887
-0.004627
-0.003809
-0.002748
-0.002029
-0.001558
-0.000763
0.000279
0.000921
0.001121
0.001456
0.001929
0.001938
0.001540
0.001448
0.001634
0.001386
0.000792
0.000603
0.000785
0.000768
0.000708
0.000993
0.001235
0.001108
0.001083
0.001445
0.001891
0.002286
0.002590
0.002548
0.002256
0.002092
0.001835
0.001017
-0.000070
-0.000857
-0.001462
-0.002251
-0.003076
-0.003570
-0.003715
-0.003747
-0.003656
-0.003150
-0.002326
-0.001735
-0.001385
-0.000666
0.000377
0.000976
0.001029
0.001119
0.001315
0.001235
0.000893
0.000589
0.000369
0.000096
-0.000230
-0.000470
-0.000561
-0.000597
-0.000726
-0.000970
-0.001007
-0.000488
0.000151
0.000132
-0.000112
0.000496
0.001502
0.001741
0.001784
0.002674
0.003475
0.003086
0.002584
0.003025
0.003293
0.002421
0.001417
0.001170
0.000962
0.000087
-0.000991
-0.001678
-0.002133
-0.002700
-0.003239
-0.003391
-0.003212
-0.003146
-0.003306
-0.003198
-0.002523
-0.001777
-0.001499
-0.001387
-0.000848
-0.000077
0.000275
0.000278
0.000540
0.000970
0.000947
0.000616
0.000703
0.001125
0.001140
0.000745
0.000668
0.001007
0.001104
0.000851
0.000926
0.001483
0.001845
0.001780
0.001843
0.002221
0.002380
0.002046
0.001620
0.001455
0.001320
0.000785
-0.000052
-0.000667
-0.001027
-0.001618
-0.002404
-0.002822
-0.002827
-0.002871
-0.003008
-0.002836
-0.002260
-0.001704
-0.001394
-0.000930
-0.000099
0.000551
0.000656
0.000709
0.001057
0.001252
0.000978
0.000631
0.000533
0.000397
-0.000024
-0.000418
-0.000456
-0.000428
-0.000793
-0.001263
-0.001119
-0.000524
-0.000395
-0.000689
-0.000356
0.000631
0.001170
0.001254
0.001931
0.003009
0.003367
0.003165
0.003344
0.003700
0.003413
0.002567
0.001844
0.001384
0.000686
-0.000490
-0.001607
-0.002185
-0.002608
-0.003319
-0.003939
-0.003951
-0.003522
-0.003105
-0.002739
-0.002166
-0.001438
-0.000950
-0.000725
-0.000320
0.000315
0.000631
0.000476
0.000399
0.000606
0.000635
0.000352
0.000223
0.000355
0.000268
-0.000094
-0.000143
0.000268
0.000571
0.000530
0.000615
0.001078
0.001514
0.001662
0.001876
0.002341
0.002645
0.002574
0.002418
0.002260
0.001901
0.001366
0.000763
0.000088
-0.000612
-0.001329
-0.002083
-0.002645
-0.002883
-0.003072
-0.003342
-0.003385
-0.003074
-0.002696
-0.002401
-0.001981
-0.001318
-0.000642
-0.000146
0.000364
0.001041
0.001612
0.001880
0.002109
0.002469
0.002642
0.002386
0.001985
0.001759
0.001530
0.000974
0.000195
-0.000478
-0.001001
-0.001480
-0.001889
-0.002192
-0.002327
-0.002125
-0.001670
-0.001224
-0.000663
0.000218
0.001128
0.001808
0.002471
0.003136
0.003441
0.003337
0.003125
0.002851
0.002277
0.001369
0.000387
-0.000497
-0.001371
-0.002271
-0.002989
-0.003391
-0.003606
-0.003714
-0.003564
-0.003055
-0.002349
-0.001651
-0.000995
-0.000342
0.000287
0.000815
0.001216
0.001550
0.001811
0.001865
0.001645
0.001298
0.001009
0.000755
0.000451
0.000187
0.000071
0.000041
0.000031
0.000125
0.000412
0.000793
0.001081
0.001203
0.001203
0.001150
0.001109
0.001086
0.000949
0.000586
0.000128
-0.000254
-0.000637
-0.001134
-0.001614
-0.001891
-0.002019
-0.002190
-0.002382
-0.002388
-0.002174
-0.001907
-0.001628
-0.001226
-0.000687
-0.000140
0.000281
0.000575
0.000914
0.001385
0.001757
0.001813
0.001719
0.001709
0.001695
0.001515
0.001255
0.001074
0.000934
0.000721
0.000506
0.000440
0.000434
0.000238
-0.000098
-0.000275
-0.000249
-0.000226
-0.000260
-0.000266
-0.000281
-0.000396
-0.000567
-0.000711
-0.000838
-0.000990
-0.001151
-0.001265
-0.001306
-0.001292
-0.001250
-0.001169
-0.000950
-0.000560
-0.000151
0.000131
0.000346
0.000625
0.000938
0.001127
0.001154
0.001143
0.001157
0.001116
0.000976
0.000839
0.000774
0.000698
0.000530
0.000332
0.000209
0.000122
-0.000053
-0.000230
-0.000213
-0.000104
-0.000143
-0.000232
-0.000184
-0.000115
-0.000135
-0.000087
0.000051
0.000032
-0.000165
-0.000290
-0.000328
-0.000493
-0.000786
-0.001020
-0.001184
-0.001364
-0.001492
-0.001481
-0.001393
-0.001337
-0.001323
-0.001232
-0.000958
-0.000605
-0.000359
-0.000131
0.000314
0.000891
0.001319
0.001628
0.002063
0.002597
0.002967
0.003095
0.003122
0.003094
0.002902
0.002503
0.001973
0.001370
0.000667
-0.000131
-0.000874
-0.001423
-0.001880
-0.002396
-0.002838
-0.002978
-0.002883
-0.002741
-0.002520
-0.002155
-0.001764
-0.001432
-0.001080
-0.000655
-0.000262
-0.000004
0.000150
0.000321
0.000565
0.000769
0.000772
0.000612
0.000509
0.000575
0.000709
0.000806
0.000894
0.001026
0.001192
0.001364
0.001516
0.001595
0.001571
0.001512
0.001497
0.001421
0.001096
0.000570
0.000063
-0.000333
-0.000695
-0.001074
-0.001411
-0.001636
-0.001779
-0.001907
-0.001960
-0.001847
-0.001661
-0.001538
-0.001401
-0.001109
-0.000734
-0.000433
-0.000218
0.000015
0.000313
0.000591
0.000726
0.000751
0.000814
0.000947
0.001049
0.001085
0.001091
0.001058
0.000975
0.000880
0.000795
0.000725
0.000677
0.000623
0.000551
0.000465
0.000328
0.000203
0.000235
0.000335
0.000237
-0.000061
-0.000305
-0.000441
-0.000672
-0.001049
-0.001338
-0.001381
-0.001319
-0.001330
-0.001339
-0.001162
-0.000843
-0.000589
-0.000466
-0.000341
-0.000124
0.000108
0.000274
0.000428
0.000603
0.000699
0.000671
0.000638
0.000677
0.000694
0.000622
0.000531
0.000483
0.000449
0.000383
0.000306
0.000282
0.000303
0.000299
0.000263
0.000203
0.000116
0.000042
0.000012
0.000006
-0.000026
-0.000146
-0.000346
-0.000498
-0.000506
-0.000480
-0.000548
-0.000630
-0.000612
-0.000546
-0.000518
-0.000515
-0.000452
-0.000287
-0.000082
0.000123
0.000345
0.000492
0.000459
0.000360
0.000348
0.000366
0.000326
0.000282
0.000282
0.000287
0.000251
0.000154
0.000050
0.000013
-0.000030
-0.000162
-0.000263
-0.000242
-0.000230
-0.000303
-0.000324
-0.000184
-0.000006
0.000061
0.000081
0.000183
0.000333
0.000420
0.000411
0.000367
0.000351
0.000342
0.000302
0.000276
0.000273
0.000190
0.000002
-0.000144
-0.000179
-0.000245
-0.000392
-0.000471
-0.000469
-0.000520
-0.000598
-0.000594
-0.000519
-0.000421
-0.000323
-0.000271
-0.000247
-0.000168
-0.000060
-0.000007
0.000020
0.000076
0.000123
0.000139
0.000208
0.000326
0.000348
0.000241
0.000134
0.000108
0.000140
0.000198
0.000289
0.000409
0.000472
0.000407
0.000317
0.000331
0.000371
0.000313
0.000244
0.000293
0.000391
0.000372
0.000226
0.000061
-0.000122
-0.000396
-0.000698
-0.000911
-0.001050
-0.001160
-0.001205
-0.001176
-0.001087
-0.000886
-0.000565
-0.000217
0.000121
0.000485
0.000828
0.001076
0.001250
0.001407
0.001513
0.001434
0.001133
0.000770
0.000493
0.000295
0.000124
-0.000059
-0.000274
-0.000474
-0.000610
-0.000697
-0.000748
-0.000755
-0.000706
-0.000596
-0.000484
-0.000437
-0.000417
-0.000352
-0.000266
-0.000194
-0.000104
-0.000011
-0.000016
-0.000109
-0.000143
-0.000059
-0.000002
-0.000118
-0.000308
-0.000353
-0.000252
-0.000175
-0.000135
-0.000006
0.000204
0.000396
0.000551
0.000719
0.000902
0.000988
0.000925
0.000841
0.000815
0.000734
0.000572
0.000443
0.000312
0.000074
-0.000164
-0.000316
-0.000501
-0.000751
-0.000938
-0.001003
-0.000988
-0.000911
-0.000777
-0.000632
-0.000501
-0.000335
-0.000122
0.000054
0.000165
0.000291
0.000418
0.000456
0.000454
0.000488
0.000477
0.000381
0.000301
0.000294
0.000301
0.000238
0.000090
-0.000045
-0.000060
0.000014
0.000103
0.000201
0.000275
0.000269
0.000226
0.000188
0.000091
-0.000087
-0.000274
-0.000405
-0.000460
-0.000484
-0.000546
-0.000639
-0.000711
-0.000727
-0.000679
-0.000584
-0.000439
-0.000247
-0.000104
-0.000067
-0.000031
0.000075
0.000196
0.000306
0.000428
0.000525
0.000548
0.000549
0.000591
0.000622
0.000555
0.000412
0.000278
0.000196
0.000170
0.000185
0.000191
0.000173
0.000218
0.000345
0.000376
0.000224
0.000054
-0.000055
-0.000204
-0.000366
-0.000430
-0.000484
-0.000634
-0.000766
-0.000785
-0.000800
-0.000842
-0.000769
-0.000553
-0.000318
-0.000125
0.000068
0.000291
0.000507
0.000666
0.000793
0.000926
0.000997
0.000919
0.000762
0.000631
0.000501
0.000296
0.000058
-0.000084
-0.000147
-0.000266
-0.000439
-0.000559
-0.000612
-0.000641
-0.000664
-0.000657
-0.000503
-0.000172
0.000115
0.000207
0.000200
0.000138
-0.000015
-0.000138
-0.000118
-0.000092
-0.000193
-0.000319
-0.000347
-0.000326
-0.000339
-0.000334
-0.000227
-0.000065
0.000055
0.000158
0.000323
0.000475
0.000516
0.000547
0.000655
0.000695
0.000572
0.000423
0.000361
0.000320
0.000238
0.000136
0.000022
-0.000112
-0.000218
-0.000218
-0.000144
-0.000149
-0.000290
-0.000431
-0.000463
-0.000430
-0.000394
-0.000380
-0.000400
-0.000400
-0.000350
-0.000328
-0.000349
-0.000307
-0.000184
-0.000063
0.000064
0.000270
0.000522
0.000714
0.000826
0.000918
0.000992
0.000986
0.000903
0.000813
0.000716
0.000545
0.000314
0.000098
-0.000093
-0.000313
-0.000576
-0.000807
-0.000940
-0.001021
-0.001099
-0.001128
-0.001066
-0.000944
-0.000813
-0.000668
-0.000486
-0.000321
-0.000241
-0.000183
-0.000040
0.000155
0.000270
0.000297
0.000371
0.000530
0.000662
0.000722
0.000793
0.000869
0.000815
0.000626
0.000490
0.000482
0.000447
0.000296
0.000163
0.000167
0.000244
0.000285
0.000266
0.000228
0.000222
0.000209
0.000088
-0.000139
-0.000373
-0.000584
-0.000805
-0.001006
-0.001088
-0.001054
-0.001067
-0.001162
-0.001111
-0.000811
-0.000474
-0.000255
-0.000069
0.000148
0.000353
0.000557
0.000782
0.000958
0.001005
0.000959
0.000939
0.000997
0.001000
0.000802
0.000492
0.000276
0.000175
0.000042
-0.000177
-0.000355
-0.000380
-0.000329
-0.000321
-0.000329
-0.000310
-0.000303
-0.000325
-0.000314
-0.000260
-0.000251
-0.000327
-0.000405
-0.000422
-0.000414
-0.000432
-0.000472
-0.000482
-0.000424
-0.000329
-0.000241
-0.000133
-0.000017
0.000023
0.000014
0.000066
0.000179
0.000294
0.000425
0.000595
0.000759
0.000851
0.000863
0.000857
0.000877
0.000862
0.000712
0.000436
0.000167
0.000014
-0.000063
-0.000168
-0.000353
-0.000554
-0.000653
-0.000643
-0.000648
-0.000697
-0.000688
-0.000601
-0.000512
-0.000440
-0.000380
-0.000345
-0.000308
-0.000189
0.000030
0.000256
0.000376
0.000389
0.000414
0.000554
0.000731
0.000757
0.000630
0.000554
0.000613
0.000667
0.000583
0.000403
0.000259
0.000158
0.000000
-0.000224
-0.000449
-0.000658
-0.000835
-0.000916
-0.000895
-0.000882
-0.000948
-0.000984
-0.000887
-0.000737
-0.000623
-0.000493
-0.000316
-0.000104
0.000163
0.000403
0.000498
0.000501
0.000565
0.000717
0.000855
0.000880
0.000824
0.000776
0.000719
0.000605
0.000526
0.000536
0.000505
0.000372
0.000257
0.000194
0.000056
-0.000178
-0.000361
-0.000402
-0.000401
-0.000491
-0.000638
-0.000703
-0.000647
-0.000530
-0.000434
-0.000419
-0.000465
-0.000445
-0.000312
-0.000170
-0.000104
-0.000100
-0.000129
-0.000170
-0.000223
-0.000304
-0.000384
-0.000386
-0.000260
-0.000038
0.000200
0.000426
0.000678
0.000935
0.001106
0.001193
0.001260
0.001292
0.001227
0.001073
0.000916
0.000775
0.000542
0.000167
-0.000243
-0.000590
-0.000898
-0.001213
-0.001464
-0.001535
-0.001442
-0.001302
-0.001155
-0.000983
-0.000805
-0.000640
-0.000472
-0.000288
-0.000125
0.000005
0.000160
0.000373
0.000581
0.000708
0.000753
0.000771
0.000776
0.000749
0.000714
0.000678
0.000598
0.000466
0.000343
0.000293
0.000294
0.000266
0.000188
0.000126
0.000102
0.000035
-0.000062
-0.000033
0.000099
0.000117
-0.000040
-0.000228
-0.000379
-0.000557
-0.000761
-0.000889
-0.000917
-0.000907
-0.000885
-0.000826
-0.000691
-0.000477
-0.000261
-0.000116
0.000016
0.000219
0.000444
0.000585
0.000634
0.000656
0.000675
0.000664
0.000625
0.000590
0.000539
0.000450
0.000342
0.000234
0.000131
0.000035
-0.000065
-0.000165
-0.000221
-0.000233
-0.000241
-0.000249
-0.000244
-0.000272
-0.000347
-0.000371
-0.000280
-0.000163
-0.000129
-0.000140
-0.000088
0.000021
0.000072
0.000039
0.000020
0.000033
0.000030
0.000045
0.000098
0.000137
0.000132
0.000097
0.000059
0.000052
0.000079
0.000079
0.000015
-0.000049
-0.000034
0.000036
0.000068
0.000022
-0.000039
-0.000048
-0.000031
-0.000045
-0.000067
-0.000052
-0.000008
0.000078
0.000202
0.000274
0.000253
0.000213
0.000184
0.000106
-0.000032
-0.000149
-0.000188
-0.000162
-0.000122
-0.000134
-0.000192
-0.000213
-0.000165
-0.000127
-0.000156
-0.000211
-0.000229
-0.000195
-0.000126
-0.000070
-0.000058
-0.000067
-0.000040
0.000060
0.000166
0.000195
0.000194
0.000231
0.000265
0.000260
0.000255
0.000271
0.000266
0.000217
0.000184
0.000190
0.000147
0.000009
-0.000122
-0.000132
-0.000026
0.000089
0.000097
-0.000005
-0.000128
-0.000206
-0.000245
-0.000290
-0.000337
-0.000325
-0.000261
-0.000239
-0.000275
-0.000279
-0.000224
-0.000166
-0.000103
0.000001
0.000116
0.000181
0.000206
0.000237
0.000272
0.000285
0.000259
0.000189
0.000101
0.000036
-0.000005
-0.000035
-0.000034
0.000019
0.000100
0.000166
0.000177
0.000155
0.000158
0.000207
0.000253
0.000185
-0.000055
-0.000335
-0.000497
-0.000530
-0.000460
-0.000289
-0.000112
-0.000057
-0.000072
-0.000010
0.000097
0.000109
0.000057
0.000054
0.000086
0.000091
0.000095
0.000101
0.000050
-0.000049
-0.000077
0.000023
0.000127
0.000114
0.000080
0.000145
0.000227
0.000191
0.000065
-0.000020
-0.000004
0.000041
0.000030
-0.000004
0.000005
0.000027
0.000021
0.000003
-0.000012
-0.000026
-0.000035
-0.000054
-0.000092
-0.000114
-0.000105
-0.000097
-0.000100
-0.000093
-0.000091
-0.000109
-0.000118
-0.000100
-0.000073
-0.000088
-0.000166
-0.000224
-0.000189
-0.000116
-0.000070
-0.000030
0.000021
0.000036
0.000022
0.000094
0.000253
0.000337
0.000291
0.000216
0.000170
0.000150
0.000161
0.000187
0.000191
0.000151
0.000076
-0.000013
-0.000080
-0.000103
-0.000102
-0.000105
-0.000114
-0.000115
-0.000078
-0.000021
0.000005
-0.000018
-0.000064
-0.000101
-0.000125
-0.000139
-0.000143
-0.000152
-0.000169
-0.000158
-0.000106
-0.000058
-0.000062
-0.000083
-0.000051
0.000030
0.000115
0.000162
0.000155
0.000150
0.000200
0.000235
0.000194
0.000162
0.000211
0.000249
0.000183
0.000071
-0.000006
-0.000068
-0.000138
-0.000168
-0.000122
-0.000061
-0.000056
-0.000072
-0.000024
0.000050
0.000011
-0.000147
-0.000263
-0.000250
-0.000197
-0.000182
-0.000177
-0.000139
-0.000064
-0.000000
-0.000008
-0.000101
-0.000238
-0.000334
-0.000297
-0.000079
0.000256
0.000532
0.000637
0.000669
0.000822
0.001110
0.001269
0.001056
0.000585
0.000199
0.000030
-0.000113
-0.000447
-0.000938
-0.001354
-0.001536
-0.001519
-0.001423
-0.001323
-0.001229
-0.001046
-0.000591
0.000098
0.000656
0.000892
0.001057
0.001333
0.001499
0.001347
0.001041
0.000856
0.000766
0.000535
0.000148
-0.000154
-0.000258
-0.000287
-0.000343
-0.000412
-0.000490
-0.000575
-0.000576
-0.000407
-0.000209
-0.000215
-0.000381
-0.000426
-0.000261
-0.000078
-0.000048
-0.000116
-0.000123
-0.000026
0.000055
0.000024
-0.000056
-0.000053
0.000067
0.000202
0.000239
0.000185
0.000123
0.000074
0.000038
0.000050
0.000099
0.000126
0.000149
0.000248
0.000388
0.000421
0.000325
0.000248
0.000278
0.000328
0.000276
0.000138
-0.000008
-0.000143
-0.000274
-0.000376
-0.000445
-0.000485
-0.000470
-0.000394
-0.000318
-0.000301
-0.000287
-0.000167
0.000043
0.000196
0.000214
0.000168
0.000145
0.000135
0.000080
-0.000007
-0.000050
-0.000030
0.000001
0.000013
0.000019
0.000004
-0.000051
-0.000069
0.000035
0.000190
0.000257
0.000233
0.000221
0.000253
0.000277
0.000239
0.000147
0.000067
0.000040
0.000021
-0.000071
-0.000241
-0.000383
-0.000382
-0.000297
-0.000302
-0.000394
-0.000401
-0.000261
-0.000099
-0.000019
0.000011
0.000073
0.000174
0.000271
0.000328
0.000316
0.000242
0.000174
0.000146
0.000111
0.000017
-0.000074
-0.000060
0.000024
0.000063
0.000060
0.000041
-0.000023
-0.000085
-0.000056
0.000015
0.000015
-0.000047
-0.000070
-0.000037
-0.000010
-0.000014
-0.000050
-0.000092
-0.000082
-0.000033
-0.000046
-0.000137
-0.000186
-0.000135
-0.000062
-0.000024
-0.000016
-0.000070
-0.000172
-0.000190
-0.000055
0.000129
0.000249
0.000295
0.000302
0.000316
0.000349
0.000334
0.000233
0.000149
0.000174
0.000148
-0.000135
-0.000496
-0.000615
-0.000531
-0.000451
-0.000376
-0.000215
-0.000025
0.000068
0.000086
0.000147
0.000250
0.000298
0.000282
0.000253
0.000197
0.000106
0.000058
0.000082
0.000076
-0.000013
-0.000094
-0.000101
-0.000071
-0.000023
0.000057
0.000132
0.000143
0.000100
0.000064
0.000066
0.000075
0.000028
-0.000072
-0.000121
-0.000089
-0.000104
-0.000207
-0.000274
-0.000254
-0.000212
-0.000173
-0.000144
-0.000133
-0.000092
-0.000003
0.000062
0.000059
0.000060
0.000132
0.000223
0.000228
0.000127
0.000030
0.000024
0.000034
-0.000007
-0.000035
0.000005
0.000068
0.000072
0.000004
-0.000052
-0.000068
-0.000100
-0.000156
-0.000152
-0.000043
0.000087
0.000134
0.000089
0.000006
-0.000037
0.000005
0.000057
0.000035
-0.000016
0.000009
0.000103
0.000163
0.000141
0.000080
0.000025
-0.000011
-0.000028
-0.000017
0.000019
0.000018
-0.000051
-0.000101
-0.000082
-0.000063
-0.000090
-0.000129
-0.000172
-0.000206
-0.000154
-0.000035
0.000007
-0.000052
-0.000082
-0.000026
0.000062
0.000139
0.000182
0.000157
0.000068
-0.000013
0.000005
0.000112
0.000171
0.000103
0.000012
-0.000013
-0.000016
-0.000028
-0.000031
-0.000036
-0.000057
-0.000077
-0.000061
0.000026
0.000132
0.000136
0.000034
-0.000037
-0.000029
-0.000032
-0.000070
-0.000073
-0.000055
-0.000072
-0.000055
0.000048
0.000136
0.000122
0.000027
-0.000059
-0.000053
0.000020
0.000048
0.000003
-0.000019
0.000031
0.000068
0.000022
-0.000045
-0.000058
-0.000043
-0.000049
-0.000051
-0.000021
-0.000004
-0.000012
-0.000009
-0.000004
-0.000040
-0.000109
-0.000173
-0.000166
-0.000012
0.000221
0.000366
0.000374
0.000322
0.000255
0.000153
0.000016
-0.000098
-0.000160
-0.000197
-0.000224
-0.000231
-0.000219
-0.000199
-0.000175
-0.000149
-0.000135
-0.000150
-0.000151
-0.000073
0.000063
0.000165
0.000190
0.000144
0.000051
-0.000021
-0.000027
0.000015
0.000066
0.000089
0.000079
0.000062
0.000019
-0.000036
-0.000029
0.000052
0.000135
0.000163
0.000114
0.000032
-0.000015
-0.000062
-0.000155
-0.000186
-0.000092
-0.000005
-0.000011
-0.000031
-0.000018
-0.000020
-0.000033
0.000003
0.000111
0.000218
0.000219
0.000145
0.000136
0.000224
0.000284
0.000211
0.000058
-0.000052
-0.000100
-0.000148
-0.000192
-0.000184
-0.000149
-0.000150
-0.000173
-0.000179
-0.000176
-0.000166
-0.000133
-0.000087
-0.000031
0.000035
0.000085
0.000105
0.000080
0.000008
-0.000053
-0.000042
-0.000000
-0.000004
-0.000021
0.000021
0.000089
0.000093
0.000038
0.000007
0.000034
0.000086
0.000123
0.000133
0.000103
0.000039
-0.000002
0.000015
0.000020
-0.000017
-0.000017
0.000064
0.000149
0.000133
0.000026
-0.000059
-0.000050
-0.000004
-0.000023
-0.000110
-0.000186
-0.000204
-0.000167
-0.000115
-0.000100
-0.000110
-0.000080
-0.000002
0.000057
0.000064
0.000095
0.000200
0.000236
0.000091
-0.000073
-0.000081
-0.000001
0.000030
0.000004
-0.000019
-0.000032
-0.000052
-0.000050
-0.000029
-0.000048
-0.000066
0.000004
0.000097
0.000092
0.000034
0.000024
0.000032
-0.000019
-0.000093
-0.000088
-0.000008
0.000035
0.000016
0.000014
0.000038
0.000022
-0.000023
-0.000015
0.000049
0.000066
0.000050
0.000128
0.000196
0.000019
-0.000295
-0.000449
-0.000404
-0.000289
-0.000167
-0.000053
0.000028
0.000076
0.000133
0.000222
0.000311
0.000349
0.000302
0.000203
0.000151
0.000165
0.000154
0.000077
0.000016
0.000020
0.000028
-0.000003
-0.000041
-0.000044
-0.000027
-0.000035
-0.000080
-0.000140
-0.000180
-0.000173
-0.000146
-0.000166
-0.000229
-0.000242
-0.000146
-0.000027
-0.000005
-0.000018
0.000062
0.000173
0.000204
0.000195
0.000165
0.000056
-0.000048
-0.000010
0.000101
0.000123
0.000034
-0.000082
-0.000131
-0.000086
-0.000019
-0.000004
-0.000024
-0.000041
-0.000062
-0.000046
0.000050
0.000135
0.000088
-0.000034
-0.000112
-0.000155
-0.000224
-0.000266
-0.000189
-0.000030
0.000081
0.000086
0.000054
0.000051
0.000066
0.000056
0.000022
0.000016
0.000083
0.000171
0.000190
0.000144
0.000107
0.000100
0.000085
0.000052
0.000031
0.000012
-0.000025
-0.000055
-0.000063
-0.000070
-0.000093
-0.000114
-0.000084
-0.000019
-0.000008
-0.000048
-0.000061
-0.000068
-0.000122
-0.000146
-0.000068
0.000010
0.000004
0.000002
0.000066
0.000117
0.000110
0.000083
0.000047
-0.000000
-0.000026
-0.000018
-0.000006
0.000005
0.000026
0.000041
0.000056
0.000105
0.000150
0.000123
0.000066
0.000067
0.000102
0.000064
-0.000079
-0.000222
-0.000249
-0.000179
-0.000121
-0.000130
-0.000160
-0.000156
-0.000096
0.000001
0.000059
0.000041
0.000038
0.000121
0.000188
0.000131
0.000029
0.000009
0.000030
0.000004
-0.000048
-0.000065
-0.000019
0.000073
0.000148
0.000151
0.000103
0.000060
0.000016
-0.000048
-0.000063
-0.000010
-0.000003
-0.000102
-0.000148
0.000029
0.000278
0.000332
0.000232
0.000141
0.000042
-0.000088
-0.000175
-0.000197
-0.000182
-0.000154
-0.000154
-0.000207
-0.000249
-0.000235
-0.000198
-0.000145
-0.000056
0.000027
0.000057
0.000035
0.000004
0.000019
0.000069
0.000092
0.000082
0.000088
0.000120
0.000123
0.000078
0.000050
0.000081
0.000114
0.000082
0.000003
-0.000055
-0.000048
-0.000009
-0.000007
-0.000046
-0.000055
-0.000013
-0.000011
-0.000116
-0.000250
-0.000260
-0.000095
0.000107
0.000183
0.000151
0.000143
0.000197
0.000247
0.000239
0.000207
0.000201
0.000154
0.000020
-0.000096
-0.000106
-0.000049
-0.000002
0.000005
-0.000027
-0.000103
-0.000199
-0.000236
-0.000191
-0.000157
-0.000176
-0.000146
-0.000022
0.000087
0.000094
0.000053
0.000032
0.000013
-0.000024
-0.000066
-0.000096
-0.000091
-0.000047
0.000016
0.000065
0.000060
0.000019
0.000020
0.000086
0.000134
0.000104
0.000055
0.000052
0.000072
0.000070
0.000054
0.000057
0.000054
0.000009
-0.000038
-0.000034
-0.000004
0.000014
0.000025
0.000013
-0.000041
-0.000106
-0.000157
-0.000174
-0.000115
-0.000010
0.000027
-0.000006
-0.000003
0.000044
0.000062
0.000041
0.000019
0.000015
0.000005
-0.000035
-0.000072
-0.000048
0.000048
0.000145
0.000140
0.000039
-0.000036
-0.000040
-0.000036
-0.000042
-0.000014
0.000034
0.000037
-0.000007
-0.000052
-0.000079
-0.000098
-0.000090
-0.000017
0.000097
0.000144
0.000072
-0.000040
-0.000095
-0.000081
-0.000038
0.000010
0.000048
0.000061
0.000052
0.000041
0.000039
0.000040
0.000031
0.000009
-0.000018
-0.000011
0.000077
0.000116
-0.000058
-0.000309
-0.000390
-0.000323
-0.000250
-0.000192
-0.000103
0.000015
0.000122
0.000206
0.000283
0.000360
0.000399
0.000356
0.000257
0.000170
0.000126
0.000113
0.000085
-0.000008
-0.000126
-0.000180
-0.000157
-0.000120
-0.000104
-0.000086
-0.000055
-0.000043
-0.000064
-0.000089
-0.000091
-0.000074
-0.000061
-0.000053
-0.000043
-0.000048
-0.000061
-0.000021
0.000086
0.000163
0.000147
0.000078
-0.000002
-0.000061
-0.000095
-0.000138
-0.000152
-0.000055
0.000077
0.000097
0.000037
0.000037
0.000096
0.000106
0.000044
-0.000001
0.000022
0.000044
-0.000013
-0.000098
-0.000113
-0.000076
-0.000067
-0.000084
-0.000078
-0.000054
-0.000051
-0.000055
-0.000031
0.000007
0.000028
0.000029
0.000038
0.000061
0.000058
0.000000
-0.000062
-0.000060
0.000013
0.000107
0.000168
0.000204
0.000235
0.000209
0.000115
0.000044
0.000049
0.000064
0.000017
-0.000067
-0.000139
-0.000200
-0.000224
-0.000161
-0.000077
-0.000095
-0.000174
-0.000172
-0.000086
-0.000015
0.000012
0.000032
0.000068
0.000099
0.000107
0.000100
0.000082
0.000063
0.000067
0.000077
0.000053
-0.000010
-0.000090
-0.000153
-0.000146
-0.000082
-0.000024
0.000017
0.000057
0.000077
0.000066
0.000054
0.000077
0.000114
0.000116
0.000085
0.000053
0.000014
-0.000043
-0.000111
-0.000176
-0.000204
-0.000173
-0.000129
-0.000110
-0.000081
-0.000011
0.000070
0.000109
0.000093
0.000068
0.000066
0.000082
0.000105
0.000123
0.000113
0.000080
0.000055
0.000037
0.000002
-0.000043
-0.000068
-0.000045
0.000012
0.000040
0.000008
-0.000043
-0.000091
-0.000178
-0.000256
-0.000159
0.000110
0.000330
0.000380
0.000316
0.000209
0.000093
-0.000008
-0.000087
-0.000163
-0.000233
-0.000269
-0.000261
-0.000236
-0.000190
-0.000112
-0.000031
0.000008
0.000013
0.000024
0.000049
0.000054
0.000036
0.000035
0.000026
-0.000031
-0.000069
-0.000032
0.000027
0.000064
0.000076
0.000057
0.000034
0.000050
0.000064
0.000018
-0.000046
-0.000047
-0.000027
-0.000051
-0.000064
-0.000027
-0.000015
-0.000049
-0.000043
0.000029
0.000082
0.000055
0.000009
0.000038
0.000115
0.000157
0.000161
0.000172
0.000200
0.000208
0.000178
0.000126
0.000046
-0.000048
-0.000101
-0.000120
-0.000147
-0.000155
-0.000113
-0.000075
-0.000081
-0.000081
-0.000063
-0.000091
-0.000159
-0.000174
-0.000118
-0.000077
-0.000071
-0.000047
0.000003
0.000065
0.000130
0.000139
0.000069
-0.000010
-0.000042
-0.000020
0.000039
0.000080
0.000062
0.000049
0.000083
0.000077
-0.000011
-0.000062
-0.000005
0.000069
0.000074
0.000034
0.000017
0.000048
0.000092
0.000077
-0.000024
-0.000140
-0.000193
-0.000190
-0.000167
-0.000115
-0.000023
0.000075
0.000138
0.000143
0.000114
0.000084
0.000029
-0.000042
-0.000043
0.000030
0.000073
0.000041
-0.000022
-0.000070
-0.000087
-0.000075
-0.000043
0.000008
0.000064
0.000100
0.000106
0.000091
0.000050
-0.000017
-0.000088
-0.000134
-0.000144
-0.000135
-0.000101
-0.000048
-0.000029
-0.000050
-0.000049
0.000001
0.000063
0.000087
0.000082
0.000102
0.000117
0.000062
-0.000017
-0.000024
0.000040
0.000078
0.000047
0.000004
-0.000018
-0.000044
-0.000043
0.000037
0.000131
0.000144
0.000067
-0.000077
-0.000219
-0.000282
-0.000294
-0.000310
-0.000309
-0.000250
-0.000133
-0.000010
0.000059
0.000099
0.000180
0.000290
0.000372
0.000408
0.000392
0.000327
0.000257
0.000206
0.000132
0.000014
-0.000090
-0.000151
-0.000181
-0.000152
-0.000058
0.000033
0.000038
-0.000067
-0.000200
-0.000238
-0.000182
-0.000182
