7681
0.000087
0.000034
-0.000024
-0.000037
-0.000036
-0.000067
-0.000117
-0.000134
-0.000091
-0.000030
0.000012
0.000064
0.000128
0.000113
0.000002
-0.000050
0.000030
0.000116
0.000108
0.000035
-0.000040
-0.000064
-0.000040
-0.000005
0.000050
0.000132
0.000174
0.000119
0.000037
0.000052
0.000129
0.000067
-0.000157
-0.000329
-0.000362
-0.000370
-0.000385
-0.000331
-0.000219
-0.000116
-0.000027
0.000083
0.000214
0.000307
0.000329
0.000344
0.000395
0.000401
0.000301
0.000158
0.000035
-0.000064
-0.000108
-0.000097
-0.000095
-0.000111
-0.000089
-0.000038
-0.000020
-0.000065
-0.000148
-0.000183
-0.000105
0.000023
0.000104
0.000119
0.000069
-0.000039
-0.000129
-0.000116
-0.000040
0.000003
0.000024
0.000073
0.000115
0.000117
0.000108
0.000090
0.000028
-0.000046
-0.000065
-0.000058
-0.000092
-0.000140
-0.000151
-0.000142
-0.000139
-0.000117
-0.000061
-0.000017
-0.000029
-0.000053
-0.000009
0.000108
0.000185
0.000138
0.000051
0.000015
0.000013
-0.000002
-0.000051
-0.000096
-0.000076
-0.000008
0.000010
-0.000052
-0.000094
-0.000022
0.000097
0.000146
0.000136
0.000142
0.000160
0.000132
0.000075
0.000055
0.000073
0.000080
0.000066
0.000037
-0.000026
-0.000129
-0.000219
-0.000220
-0.000119
-0.000021
-0.000036
-0.000104
-0.000082
0.000011
0.000042
0.000010
0.000008
0.000030
0.000020
-0.000000
0.000003
0.000016
0.000029
0.000050
0.000050
0.000003
-0.000047
-0.000054
-0.000036
-0.000014
0.000011
0.000015
-0.000015
-0.000048
-0.000059
-0.000052
-0.000024
0.000006
0.000032
0.000094
0.000179
0.000206
0.000153
0.000066
-0.000022
-0.000089
-0.000111
-0.000101
-0.000096
-0.000098
-0.000068
-0.000003
0.000041
0.000037
0.000022
-0.000001
-0.000049
-0.000108
-0.000138
-0.000068
0.000085
0.000159
0.000110
0.000083
0.000123
0.000132
0.000120
0.000124
0.000065
-0.000081
-0.000167
-0.000130
-0.000082
-0.000125
-0.000211
-0.000158
0.000089
0.000331
0.000387
0.000276
0.000127
0.000056
0.000047
0.000000
-0.000082
-0.000118
-0.000124
-0.000189
-0.000292
-0.000315
-0.000232
-0.000150
-0.000138
-0.000146
-0.000099
0.000005
0.000084
0.000078
0.000033
0.000002
-0.000033
-0.000055
-0.000012
0.000068
0.000139
0.000204
0.000244
0.000232
0.000184
0.000124
0.000073
0.000051
0.000026
-0.000056
-0.000150
-0.000157
-0.000093
-0.000065
-0.000111
-0.000169
-0.000175
-0.000114
-0.000007
0.000079
0.000090
0.000073
0.000100
0.000137
0.000126
0.000095
0.000076
0.000065
0.000074
0.000092
0.000084
0.000065
0.000079
0.000119
0.000122
0.000043
-0.000072
-0.000147
-0.000167
-0.000150
-0.000102
-0.000053
-0.000057
-0.000119
-0.000167
-0.000158
-0.000132
-0.000116
-0.000069
0.000013
0.000066
0.000055
0.000015
-0.000009
-0.000004
0.000001
-0.000019
-0.000033
0.000009
0.000076
0.000094
0.000070
0.000077
0.000137
0.000188
0.000192
0.000191
0.000226
0.000248
0.000177
0.000034
-0.000089
-0.000168
-0.000229
-0.000268
-0.000298
-0.000324
-0.000274
-0.000145
-0.000046
-0.000006
0.000045
0.000127
0.000166
0.000103
-0.000007
-0.000040
0.000018
0.000055
0.000048
0.000081
0.000120
0.000067
-0.000019
-0.000013
0.000057
0.000068
0.000000
-0.000035
0.000012
0.000017
-0.000094
-0.000186
-0.000147
-0.000044
0.000013
-0.000005
-0.000046
-0.000045
0.000002
0.000060
0.000100
0.000116
0.000095
0.000020
-0.000051
-0.000054
0.000008
0.000099
0.000141
0.000080
-0.000001
-0.000005
0.000021
-0.000018
-0.000076
-0.000048
0.000048
0.000142
0.000179
0.000051
-0.000240
-0.000451
-0.000427
-0.000309
-0.000245
-0.000197
-0.000126
-0.000046
0.000067
0.000210
0.000306
0.000319
0.000308
0.000332
0.000348
0.000273
0.000146
0.000079
0.000047
-0.000050
-0.000158
-0.000133
-0.000010
0.000046
0.000003
-0.000057
-0.000108
-0.000155
-0.000156
-0.000094
-0.000033
0.000007
0.000065
0.000097
0.000030
-0.000085
-0.000138
-0.000094
-0.000010
0.000050
0.000080
0.000091
0.000079
0.000062
0.000034
-0.000038
-0.000118
-0.000121
-0.000049
0.000003
-0.000014
-0.000049
-0.000055
-0.000059
-0.000082
-0.000080
-0.000047
-0.000061
-0.000132
-0.000115
0.000049
0.000202
0.000214
0.000127
0.000046
0.000012
-0.000013
-0.000047
-0.000042
-0.000013
-0.000028
-0.000067
-0.000071
-0.000052
-0.000047
-0.000053
-0.000045
0.000002
0.000088
0.000170
0.000190
0.000164
0.000150
0.000145
0.000105
0.000025
-0.000059
-0.000108
-0.000106
-0.000070
-0.000029
0.000005
0.000033
0.000029
-0.000042
-0.000123
-0.000129
-0.000090
-0.000082
-0.000077
0.000007
0.000138
0.000189
0.000129
0.000039
-0.000036
-0.000085
-0.000080
-0.000035
-0.000020
-0.000046
-0.000068
-0.000058
-0.000046
-0.000065
-0.000074
-0.000020
0.000047
0.000043
0.000008
0.000043
0.000128
0.000148
0.000079
0.000039
0.000088
0.000113
0.000035
-0.000042
-0.000046
-0.000062
-0.000097
-0.000046
0.000043
0.000032
-0.000064
-0.000127
-0.000116
-0.000075
-0.000039
-0.000009
0.000012
-0.000011
-0.000070
-0.000068
0.000039
0.000137
0.000151
0.000155
0.000184
0.000162
0.000084
0.000032
0.000012
-0.000017
-0.000046
-0.000080
-0.000158
-0.000250
-0.000222
-0.000011
0.000222
0.000289
0.000229
0.000192
0.000183
0.000112
-0.000011
-0.000100
-0.000144
-0.000175
-0.000184
-0.000178
-0.000211
-0.000283
-0.000283
-0.000147
-0.000008
-0.000009
-0.000073
-0.000055
0.000036
0.000105
0.000107
0.000059
0.000000
-0.000025
0.000019
0.000103
0.000132
0.000092
0.000080
0.000123
0.000145
0.000113
0.000073
0.000052
0.000029
-0.000004
-0.000061
-0.000156
-0.000224
-0.000168
-0.000027
0.000055
0.000014
-0.000056
-0.000040
0.000044
0.000091
0.000057
0.000009
0.000015
0.000056
0.000084
0.000083
0.000085
0.000094
0.000061
-0.000003
-0.000015
0.000058
0.000135
0.000132
0.000060
-0.000007
-0.000035
-0.000037
-0.000052
-0.000118
-0.000178
-0.000151
-0.000081
-0.000069
-0.000124
-0.000182
-0.000188
-0.000121
-0.000011
0.000051
0.000035
0.000017
0.000033
0.000040
0.000042
0.000090
0.000143
0.000116
0.000055
0.000060
0.000101
0.000082
0.000010
-0.000036
-0.000028
0.000009
0.000060
0.000125
0.000159
0.000101
-0.000009
-0.000065
-0.000060
-0.000072
-0.000103
-0.000097
-0.000070
-0.000096
-0.000173
-0.000208
-0.000165
-0.000089
-0.000017
0.000018
0.000006
0.000010
0.000086
0.000181
0.000177
0.000056
-0.000036
0.000014
0.000140
0.000202
0.000150
0.000040
-0.000033
-0.000032
-0.000008
-0.000008
-0.000022
-0.000041
-0.000069
-0.000090
-0.000102
-0.000102
-0.000054
0.000042
0.000102
0.000072
0.000009
-0.000035
-0.000089
-0.000142
-0.000109
0.000001
0.000071
0.000048
-0.000011
-0.000049
-0.000026
0.000063
0.000158
0.000194
0.000168
0.000107
0.000069
0.000090
0.000053
-0.000147
-0.000367
-0.000416
-0.000304
-0.000171
-0.000106
-0.000079
-0.000060
-0.000058
-0.000019
0.000098
0.000213
0.000247
0.000231
0.000227
0.000237
0.000219
0.000180
0.000159
0.000127
0.000044
-0.000047
-0.000101
-0.000107
-0.000049
0.000048
0.000084
-0.000002
-0.000142
-0.000229
-0.000225
-0.000149
-0.000047
0.000015
-0.000006
-0.000057
-0.000057
-0.000033
-0.000058
-0.000083
-0.000029
0.000076
0.000161
0.000191
0.000165
-0.000018
-0.000937
-0.002651
-0.002642
0.001635
0.006974
0.006452
-0.000732
-0.006596
-0.004445
0.002283
0.004903
0.000779
-0.004242
-0.004121
0.000164
0.002896
0.001130
-0.002258
-0.002884
-0.000237
0.002290
0.001901
-0.000389
-0.001481
-0.000284
0.001250
0.001102
-0.000247
-0.000896
-0.000217
0.000644
0.000648
0.000132
0.000008
0.000420
0.000686
0.000247
-0.000590
-0.000868
-0.000169
0.000650
0.000554
-0.000181
-0.000471
-0.000075
0.000294
0.000185
-0.000122
-0.000318
-0.000551
-0.000844
-0.000642
0.000385
0.001493
0.001606
0.000877
0.000443
0.000576
0.000376
-0.000490
-0.001168
-0.001100
-0.000886
-0.001149
-0.001498
-0.001250
-0.000620
-0.000370
-0.000542
-0.000501
-0.000285
-0.000593
-0.000866
0.000385
0.002514
0.002980
0.001491
0.000673
0.001706
0.002488
0.001335
-0.000230
-0.000094
0.001022
0.000903
-0.000614
-0.001594
-0.001178
-0.000807
-0.001575
-0.002367
-0.001951
-0.001046
-0.000768
-0.000806
-0.000425
0.000275
0.000735
0.000631
0.000161
-0.000030
0.000363
0.000621
0.000113
-0.000311
0.000349
0.001240
0.001083
0.000521
0.000711
0.001112
0.000749
-0.000035
-0.000444
-0.000397
-0.000180
-0.000032
-0.000095
-0.000187
-0.000076
0.000016
-0.000151
-0.000246
-0.000047
0.000008
-0.000281
-0.000469
-0.000399
-0.000400
-0.000445
-0.000258
-0.000013
0.000016
-0.000017
0.000026
0.000013
-0.000067
-0.000198
-0.000494
-0.000700
-0.000420
0.000021
0.000080
0.000001
0.000247
0.000589
0.000679
0.000654
0.000588
0.000358
0.000210
0.000389
0.000514
0.000309
0.000187
0.000338
0.000342
0.000068
-0.000153
-0.000263
-0.000446
-0.000631
-0.000681
-0.000664
-0.000596
-0.000395
-0.000163
-0.000076
-0.000092
-0.000097
-0.000091
-0.000029
0.000154
0.000306
0.000290
0.000237
0.000265
0.000327
0.000409
0.000472
0.000367
0.000113
-0.000019
0.000067
0.000124
-0.000050
-0.000344
-0.000507
-0.000471
-0.000431
-0.000516
-0.000509
-0.000234
0.000037
0.000025
-0.000076
-0.000011
0.000084
0.000068
0.000107
0.000271
0.000372
0.000371
0.000415
0.000471
0.000394
0.000268
0.000243
0.000268
0.000221
0.000085
-0.000090
-0.000229
-0.000260
-0.000205
-0.000171
-0.000212
-0.000272
-0.000311
-0.000333
-0.000314
-0.000243
-0.000176
-0.000138
-0.000089
-0.000037
-0.000009
0.000020
0.000063
0.000081
0.000086
0.000142
0.000221
0.000220
0.000153
0.000144
0.000202
0.000173
0.000013
-0.000091
-0.000011
0.000106
0.000113
0.000077
0.000081
0.000088
0.000103
0.000174
0.000243
0.000208
0.000083
-0.000028
-0.000025
0.000084
0.000118
-0.000056
-0.000276
-0.000355
-0.000413
-0.000617
-0.000854
-0.000890
-0.000708
-0.000518
-0.000423
-0.000257
0.000060
0.000282
0.000222
0.000097
0.000227
0.000507
0.000484
0.000078
-0.000220
-0.000180
-0.000124
-0.000199
-0.000155
0.000115
0.000428
0.000657
0.000811
0.000887
0.000876
0.000782
0.000572
0.000287
0.000100
0.000066
0.000029
-0.000059
-0.000072
-0.000019
-0.000073
-0.000276
-0.000430
-0.000361
-0.000226
-0.000288
-0.000477
-0.000504
-0.000333
-0.000204
-0.000216
-0.000180
0.000023
0.000214
0.000211
0.000112
0.000107
0.000174
0.000157
0.000050
0.000012
0.000081
0.000103
0.000021
-0.000013
0.000053
0.000070
0.000009
-0.000004
0.000037
0.000036
-0.000041
-0.000139
-0.000163
-0.000104
-0.000062
-0.000059
0.000038
0.000293
0.000510
0.000421
0.000008
-0.000465
-0.000712
-0.000774
-0.000943
-0.001205
-0.001200
-0.000835
-0.000391
-0.000026
0.000344
0.000708
0.000862
0.000730
0.000539
0.000481
0.000411
0.000148
-0.000148
-0.000188
0.000025
0.000226
0.000264
0.000274
0.000400
0.000520
0.000476
0.000338
0.000140
-0.000372
-0.001364
-0.002417
-0.002729
-0.001981
-0.000855
-0.000201
0.000237
0.001336
0.002857
0.003606
0.003356
0.002963
0.002637
0.001795
0.000527
-0.000321
-0.000493
-0.000557
-0.000823
-0.000875
-0.000322
0.000461
0.000780
0.000486
-0.000066
-0.000690
-0.001496
-0.002460
-0.003294
-0.003719
-0.003712
-0.003516
-0.003217
-0.002409
-0.000823
0.000844
0.001632
0.001739
0.002087
0.002563
0.002247
0.001236
0.000555
0.000467
0.000394
0.000243
0.000518
0.001285
0.002002
0.002295
0.002330
0.002334
0.002160
0.001577
0.000718
-0.000042
-0.000469
-0.000650
-0.000843
-0.001108
-0.001304
-0.001455
-0.001753
-0.002107
-0.002179
-0.002097
-0.002412
-0.002998
-0.002972
-0.002099
-0.001168
-0.000677
-0.000252
0.000427
0.001133
0.001643
0.001993
0.002141
0.001981
0.001631
0.001279
0.000906
0.000460
0.000091
-0.000032
0.000035
-0.000176
-0.001376
-0.003143
-0.003392
-0.001302
0.000580
0.000103
-0.000493
0.001654
0.004577
0.004733
0.003183
0.003193
0.004163
0.003214
0.000771
-0.000304
0.000250
0.000073
-0.001390
-0.002043
-0.000898
0.000276
-0.000031
-0.000862
-0.000958
-0.000774
-0.001154
-0.002021
-0.003025
-0.003930
-0.004324
-0.004165
-0.003976
-0.003734
-0.002813
-0.001514
-0.000915
-0.000892
-0.000257
0.001058
0.001833
0.001655
0.001542
0.002240
0.003202
0.003652
0.003733
0.003999
0.004378
0.004368
0.003956
0.003532
0.003112
0.002362
0.001243
0.000178
-0.000403
-0.000601
-0.000989
-0.001781
-0.002372
-0.002283
-0.002081
-0.002448
-0.002987
-0.003044
-0.002926
-0.003225
-0.003740
-0.003894
-0.003609
-0.003155
-0.002682
-0.002151
-0.001392
-0.000368
0.000611
0.001277
0.001811
0.002469
0.003119
0.003475
0.003535
0.003514
0.003436
0.003121
0.002628
0.002274
0.002007
0.001397
0.000519
-0.000094
-0.000887
-0.002997
-0.005458
-0.005423
-0.002880
-0.001456
-0.002326
-0.001866
0.001643
0.004462
0.003967
0.002970
0.003991
0.004751
0.002862
0.000233
-0.000498
-0.000224
-0.001021
-0.002242
-0.001919
-0.000294
0.000676
0.000477
0.000305
0.000674
0.000866
0.000316
-0.000989
-0.002822
-0.004362
-0.004743
-0.004529
-0.004845
-0.005079
-0.003869
-0.001919
-0.000938
-0.000598
0.000608
0.002384
0.003076
0.002519
0.002202
0.002791
0.003288
0.002929
0.002424
0.002624
0.003145
0.003180
0.002836
0.002761
0.002980
0.002870
0.002078
0.000993
0.000225
-0.000239
-0.000994
-0.002082
-0.002664
-0.002466
-0.002395
-0.002960
-0.003363
-0.002992
-0.002504
-0.002651
-0.003087
-0.003094
-0.002723
-0.002510
-0.002502
-0.002207
-0.001397
-0.000482
0.000149
0.000723
0.001664
0.002822
0.003625
0.003914
0.004020
0.004078
0.003863
0.003253
0.002472
0.001789
0.001141
0.000327
-0.000565
-0.001627
-0.003471
-0.005555
-0.005606
-0.003227
-0.001543
-0.002095
-0.001732
0.001547
0.004420
0.004124
0.003233
0.004394
0.005393
0.003546
0.000608
-0.000407
-0.000011
-0.000584
-0.002017
-0.002184
-0.000808
0.000128
-0.000078
0.000044
0.001006
0.001450
0.000633
-0.000799
-0.002303
-0.003582
-0.004200
-0.004494
-0.005249
-0.005851
-0.004982
-0.003171
-0.001991
-0.001293
0.000163
0.002122
0.003219
0.003266
0.003292
0.003755
0.003985
0.003393
0.002542
0.002382
0.002734
0.002648
0.002134
0.002098
0.002657
0.002918
0.002387
0.001579
0.001102
0.000829
0.000141
-0.001141
-0.002281
-0.002659
-0.002831
-0.003489
-0.004090
-0.003881
-0.003325
-0.003236
-0.003434
-0.003261
-0.002694
-0.002263
-0.002221
-0.002162
-0.001570
-0.000613
0.000098
0.000513
0.001202
0.002337
0.003400
0.003965
0.004177
0.004330
0.004350
0.003943
0.003108
0.002167
0.001299
0.000367
-0.001030
-0.003340
-0.005861
-0.006362
-0.004158
-0.002134
-0.002398
-0.002199
0.001234
0.004941
0.005093
0.003858
0.005092
0.006980
0.005471
0.001650
-0.000309
-0.000030
-0.000577
-0.002693
-0.003877
-0.002897
-0.001594
-0.001421
-0.001153
0.000378
0.001877
0.001755
0.000481
-0.000795
-0.001861
-0.002829
-0.003858
-0.005309
-0.006637
-0.006457
-0.004930
-0.003805
-0.003282
-0.001755
0.000912
0.002881
0.003505
0.004123
0.005271
0.005759
0.005002
0.004034
0.003671
0.003373
0.002546
0.001708
0.001598
0.001971
0.002108
0.001893
0.001714
0.001715
0.001593
0.000932
-0.000279
-0.001447
-0.002106
-0.002722
-0.003860
-0.004907
-0.004938
-0.004380
-0.004263
-0.004401
-0.003915
-0.002946
-0.002338
-0.002152
-0.001758
-0.000951
-0.000118
0.000421
0.000774
0.001255
0.001929
0.002590
0.003143
0.003652
0.004098
0.004343
0.004293
0.003922
0.003221
0.002335
0.001383
-0.000216
-0.003090
-0.005821
-0.005917
-0.003955
-0.003250
-0.004097
-0.002849
0.001325
0.004318
0.004232
0.004484
0.006990
0.008305
0.005751
0.002090
0.000802
0.000751
-0.001005
-0.003967
-0.005302
-0.004495
-0.003575
-0.003279
-0.002278
-0.000294
0.001184
0.001412
0.001096
0.000716
0.000138
-0.000702
-0.002070
-0.004130
-0.005853
-0.006048
-0.005406
-0.005267
-0.005035
-0.003233
-0.000380
0.001623
0.002626
0.004251
0.006633
0.007779
0.006864
0.005644
0.005464
0.005223
0.003699
0.001799
0.000931
0.000821
0.000477
-0.000068
-0.000161
0.000274
0.000665
0.000518
-0.000020
-0.000382
-0.000564
-0.001366
-0.002992
-0.004333
-0.004665
-0.004838
-0.005619
-0.006226
-0.005668
-0.004350
-0.003310
-0.002653
-0.001663
-0.000150
0.001158
0.001741
0.002030
0.002602
0.003316
0.003667
0.003541
0.003337
0.003428
0.003593
0.003292
0.002517
0.001895
0.001504
0.000138
-0.002696
-0.004749
-0.003960
-0.002358
-0.003015
-0.004272
-0.002246
0.001878
0.003582
0.003046
0.004368
0.007520
0.008110
0.005115
0.002520
0.002519
0.002390
-0.000275
-0.003562
-0.004688
-0.004218
-0.004249
-0.004639
-0.003907
-0.002226
-0.000958
-0.000492
-0.000314
-0.000163
-0.000027
-0.000184
-0.001322
-0.003260
-0.004456
-0.004281
-0.004143
-0.004858
-0.005046
-0.003518
-0.001240
0.000361
0.001612
0.003695
0.006350
0.007894
0.007697
0.007194
0.007488
0.007455
0.005738
0.003242
0.001718
0.001095
0.000129
-0.001279
-0.002088
-0.001888
-0.001423
-0.001447
-0.001719
-0.001517
-0.001006
-0.001194
-0.002270
-0.003203
-0.003494
-0.003864
-0.004721
-0.005372
-0.005219
-0.004613
-0.004170
-0.003835
-0.002965
-0.001360
0.000268
0.001327
0.002235
0.003553
0.004835
0.005258
0.004953
0.004737
0.004760
0.004331
0.003152
0.001870
0.000802
-0.000970
-0.003645
-0.005097
-0.003949
-0.002471
-0.002883
-0.003045
-0.000297
0.003156
0.004022
0.003885
0.005798
0.008120
0.007307
0.004198
0.002383
0.002226
0.000967
-0.002166
-0.004800
-0.005372
-0.005182
-0.005529
-0.005463
-0.004092
-0.002435
-0.001447
-0.000662
0.000236
0.000728
0.000726
0.000442
-0.000568
-0.002304
-0.003511
-0.003649
-0.003853
-0.004657
-0.004944
-0.003906
-0.002161
-0.000477
0.001298
0.003521
0.005802
0.007346
0.008014
0.008420
0.008750
0.008246
0.006499
0.004380
0.002748
0.001352
-0.000236
-0.001720
-0.002639
-0.002988
-0.003029
-0.002967
-0.002742
-0.002149
-0.001448
-0.001303
-0.001738
-0.002105
-0.002338
-0.002985
-0.004005
-0.004773
-0.005036
-0.005024
-0.004917
-0.004569
-0.003605
-0.001954
-0.000198
0.001147
0.002334
0.003756
0.005084
0.005744
0.005788
0.005636
0.005337
0.004650
0.003490
0.001754
-0.000814
-0.003585
-0.004828
-0.004139
-0.003553
-0.004200
-0.003920
-0.001019
0.002190
0.003292
0.004096
0.006827
0.009291
0.008403
0.005654
0.004460
0.004339
0.002247
-0.001822
-0.004858
-0.005688
-0.006165
-0.007344
-0.007704
-0.006209
-0.004217
-0.003064
-0.002154
-0.000663
0.000895
0.001756
0.001828
0.001170
-0.000003
-0.001047
-0.001795
-0.002877
-0.004333
-0.005228
-0.005065
-0.004181
-0.002685
-0.000419
0.002109
0.004170
0.005918
0.007770
0.009352
0.010058
0.009833
0.008851
0.007231
0.005154
0.002851
0.000552
-0.001520
-0.003235
-0.004548
-0.005317
-0.005376
-0.004809
-0.003887
-0.002914
-0.002162
-0.001638
-0.001188
-0.001010
-0.001430
-0.002233
-0.002956
-0.003589
-0.004275
-0.004743
-0.004697
-0.004242
-0.003471
-0.002265
-0.000707
0.000931
0.002571
0.004153
0.005392
0.006121
0.006483
0.006561
0.006143
0.004756
0.002029
-0.001142
-0.002801
-0.002782
-0.003320
-0.004998
-0.005104
-0.002424
0.000136
0.000772
0.002062
0.005709
0.008743
0.008411
0.006685
0.006542
0.006942
0.004944
0.000830
-0.002408
-0.003856
-0.005483
-0.007985
-0.009332
-0.008494
-0.007137
-0.006475
-0.005541
-0.003532
-0.001204
0.000623
0.001770
0.002112
0.001867
0.001673
0.001415
0.000291
-0.001524
-0.003003
-0.003839
-0.004190
-0.003772
-0.002573
-0.001182
0.000379
0.002619
0.005160
0.007168
0.008751
0.010123
0.010502
0.009410
0.007672
0.006035
0.004157
0.001657
-0.000976
-0.003138
-0.004831
-0.006142
-0.006791
-0.006575
-0.005811
-0.004940
-0.003992
-0.002848
-0.001787
-0.001213
-0.001084
-0.001207
-0.001620
-0.002219
-0.002671
-0.002987
-0.003312
-0.003298
-0.002657
-0.001780
-0.000922
0.000352
0.002123
0.003634
0.004488
0.005191
0.005962
0.005862
0.004078
0.001803
0.001020
0.001223
-0.000008
-0.002522
-0.003182
-0.001352
-0.000245
-0.000807
0.000121
0.003523
0.005916
0.005414
0.004735
0.005976
0.006980
0.005319
0.002275
0.000369
-0.000632
-0.002681
-0.005669
-0.007528
-0.007755
-0.007903
-0.008539
-0.008415
-0.006894
-0.004862
-0.003100
-0.001665
-0.000526
0.000536
0.001784
0.002645
0.002355
0.001379
0.000622
0.000052
-0.000655
-0.001106
-0.000917
-0.000438
0.000107
0.001104
0.002716
0.004557
0.006177
0.007315
0.007933
0.008104
0.007765
0.006847
0.005461
0.003674
0.001451
-0.000931
-0.002903
-0.004298
-0.005311
-0.005914
-0.006061
-0.005996
-0.005770
-0.005134
-0.004170
-0.003296
-0.002693
-0.002280
-0.002029
-0.001942
-0.001964
-0.002057
-0.002072
-0.001776
-0.001235
-0.000694
-0.000074
0.000808
0.001750
0.002519
0.003255
0.003952
0.003949
0.002784
0.001478
0.001485
0.002191
0.001603
-0.000109
-0.000423
0.001136
0.001902
0.001073
0.001397
0.003854
0.005384
0.004258
0.003142
0.004217
0.005345
0.003924
0.001218
-0.000122
-0.000394
-0.001746
-0.004138
-0.005513
-0.005482
-0.005741
-0.006889
-0.007528
-0.006796
-0.005504
-0.004489
-0.003724
-0.002947
-0.001922
-0.000573
0.000563
0.000848
0.000539
0.000360
0.000461
0.000558
0.000586
0.000705
0.001055
0.001693
0.002444
0.003168
0.004236
0.005817
0.007035
0.007212
0.007008
0.007025
0.006680
0.005441
0.003733
0.002019
0.000219
-0.001654
-0.003272
-0.004442
-0.005223
-0.005739
-0.006057
-0.006085
-0.005694
-0.005043
-0.004482
-0.004090
-0.003676
-0.003172
-0.002706
-0.002374
-0.002134
-0.001818
-0.001287
-0.000667
-0.000124
0.000503
0.001392
0.002295
0.002950
0.003469
0.003694
0.002995
0.001683
0.001270
0.001959
0.001910
0.000480
-0.000231
0.001027
0.002238
0.001809
0.001657
0.003566
0.005516
0.005065
0.003684
0.004077
0.005340
0.004600
0.002051
0.000422
0.000165
-0.000931
-0.003389
-0.005115
-0.005224
-0.005352
-0.006492
-0.007375
-0.006866
-0.005697
-0.004915
-0.004423
-0.003728
-0.002733
-0.001551
-0.000501
-0.000121
-0.000373
-0.000392
0.000270
0.000824
0.000531
0.000189
0.000963
0.002232
0.002595
0.002552
0.003734
0.005740
0.006528
0.005924
0.005799
0.006573
0.006572
0.005205
0.003845
0.003219
0.002359
0.000627
-0.001174
-0.002215
-0.002799
-0.003658
-0.004812
-0.005556
-0.005446
-0.004989
-0.005018
-0.005478
-0.005486
-0.004744
-0.004108
-0.004143
-0.004032
-0.002920
-0.001473
-0.000819
-0.000585
0.000433
0.002047
0.002959
0.003029
0.003211
0.003305
0.002363
0.001197
0.001322
0.001921
0.001227
0.000149
0.000809
0.002378
0.002588
0.002224
0.003568
0.005694
0.005869
0.004557
0.004551
0.005802
0.005454
0.002920
0.000836
0.000434
-0.000307
-0.002674
-0.004807
-0.005209
-0.005349
-0.006619
-0.007757
-0.007333
-0.006167
-0.005463
-0.004871
-0.003843
-0.002795
-0.001978
-0.001088
-0.000347
-0.000203
-0.000230
0.000147
0.000455
0.000074
-0.000301
0.000427
0.001733
0.002227
0.002206
0.003200
0.005028
0.005896
0.005576
0.005708
0.006624
0.006777
0.005664
0.004536
0.003974
0.003088
0.001391
-0.000305
-0.001279
-0.001860
-0.002688
-0.003759
-0.004511
-0.004647
-0.004590
-0.004921
-0.005529
-0.005733
-0.005302
-0.004859
-0.004854
-0.004723
-0.003800
-0.002562
-0.001881
-0.001426
-0.000217
0.001504
0.002560
0.002705
0.002559
0.002320
0.002075
0.002208
0.002373
0.001712
0.000741
0.000995
0.002192
0.002499
0.002135
0.003166
0.005367
0.006149
0.005126
0.004886
0.006314
0.006823
0.004767
0.002253
0.001472
0.001037
-0.001249
-0.004203
-0.005320
-0.005271
-0.006434
-0.008368
-0.008641
-0.007170
-0.006080
-0.005908
-0.005268
-0.003695
-0.002143
-0.001197
-0.000629
-0.000213
0.000140
0.000544
0.000854
0.000740
0.000448
0.000740
0.001550
0.001911
0.001809
0.002425
0.003878
0.004763
0.004656
0.004864
0.005823
0.006148
0.005243
0.004392
0.004274
0.003813
0.002335
0.000791
0.000017
-0.000523
-0.001548
-0.002784
-0.003570
-0.003836
-0.004122
-0.004815
-0.005553
-0.005713
-0.005386
-0.005269
-0.005510
-0.005369
-0.004405
-0.003223
-0.002471
-0.001798
-0.000543
0.001041
0.002033
0.002002
0.001450
0.001386
0.002158
0.002670
0.001881
0.000838
0.001372
0.002844
0.002993
0.002178
0.003017
0.005462
0.006495
0.005381
0.004954
0.006521
0.007468
0.005742
0.003271
0.002518
0.002357
0.000338
-0.002807
-0.004410
-0.004526
-0.005546
-0.007741
-0.008806
-0.007905
-0.006879
-0.006922
-0.006913
-0.005726
-0.003954
-0.002698
-0.002038
-0.001235
0.000109
0.001404
0.001759
0.001310
0.001259
0.002106
0.002745
0.002295
0.001774
0.002475
0.003670
0.003799
0.003232
0.003643
0.004915
0.005209
0.004231
0.003716
0.004210
0.004122
0.002688
0.001336
0.001097
0.000937
-0.000258
-0.001862
-0.002720
-0.002924
-0.003457
-0.004621
-0.005620
-0.005777
-0.005583
-0.005887
-0.006354
-0.005864
-0.004447
-0.003330
-0.002885
-0.002110
-0.000472
0.001016
0.001105
0.000337
0.000670
0.002334
0.002951
0.001432
0.000355
0.001854
0.003714
0.003274
0.002442
0.004103
0.006536
0.006456
0.004928
0.005355
0.007427
0.007718
0.005450
0.003445
0.003207
0.002672
0.000143
-0.002581
-0.003416
-0.003623
-0.005280
-0.007495
-0.008159
-0.007455
-0.007020
-0.007208
-0.007127
-0.006194
-0.004668
-0.003398
-0.002952
-0.002627
-0.001388
0.000207
0.000735
0.000437
0.000947
0.002446
0.003269
0.002822
0.002644
0.003701
0.004752
0.004579
0.004042
0.004486
0.005331
0.005070
0.003955
0.003518
0.003794
0.003406
0.002167
0.001324
0.001310
0.001135
0.000082
-0.001310
-0.002186
-0.002558
-0.003226
-0.004544
-0.005707
-0.005960
-0.005884
-0.006329
-0.006774
-0.006201
-0.004916
-0.003964
-0.003361
-0.002345
-0.001074
-0.000578
-0.000668
0.000163
0.001876
0.002475
0.001615
0.001616
0.003310
0.004400
0.003862
0.003962
0.005767
0.006888
0.005991
0.005401
0.006745
0.007872
0.006658
0.004522
0.003660
0.003391
0.001799
-0.000686
-0.002169
-0.002781
-0.004207
-0.006309
-0.007300
-0.006988
-0.006885
-0.007301
-0.007177
-0.006373
-0.005582
-0.004755
-0.003635
-0.002743
-0.002330
-0.001744
-0.000793
-0.000137
0.000207
0.001001
0.002143
0.002705
0.002715
0.003146
0.004110
0.004648
0.004478
0.004490
0.005081
0.005368
0.004836
0.004293
0.004241
0.003916
0.002883
0.001970
0.001709
0.001418
0.000505
-0.000677
-0.001613
-0.002304
-0.003019
-0.003942
-0.004922
-0.005526
-0.005682
-0.005877
-0.006219
-0.006098
-0.005271
-0.004312
-0.003597
-0.002957
-0.002495
-0.002307
-0.001676
-0.000286
0.000681
0.000516
0.000640
0.002216
0.003805
0.003960
0.004071
0.005696
0.007388
0.007179
0.006249
0.006923
0.008374
0.007850
0.005474
0.003976
0.003888
0.002865
0.000206
-0.001806
-0.002146
-0.002822
-0.004963
-0.006691
-0.006516
-0.005837
-0.006238
-0.006901
-0.006520
-0.005491
-0.004757
-0.004352
-0.003909
-0.003280
-0.002470
-0.001656
-0.001102
-0.000710
-0.000011
0.001018
0.001724
0.001944
0.002475
0.003639
0.004526
0.004542
0.004489
0.005087
0.005597
0.005182
0.004496
0.004402
0.004329
0.003446
0.002311
0.001880
0.001840
0.001220
-0.000011
-0.001091
-0.001772
-0.002511
-0.003567
-0.004603
-0.005235
-0.005547
-0.005861
-0.006154
-0.006030
-0.005337
-0.004431
-0.003706
-0.003307
-0.003239
-0.002995
-0.001856
-0.000350
0.000145
-0.000133
0.000637
0.002574
0.003567
0.003270
0.004021
0.006326
0.007533
0.006591
0.006062
0.007512
0.008637
0.007289
0.005123
0.004530
0.004501
0.002681
-0.000170
-0.001436
-0.001403
-0.002686
-0.005351
-0.006742
-0.006146
-0.005740
-0.006582
-0.007183
-0.006491
-0.005327
-0.004577
-0.004094
-0.003497
-0.002726
-0.001931
-0.001350
-0.001040
-0.000683
0.000071
0.000987
0.001476
0.001656
0.002301
0.003389
0.003959
0.003830
0.004012
0.004842
0.005257
0.004744
0.004327
0.004546
0.004399
0.003383
0.002570
0.002584
0.002401
0.001206
-0.000240
-0.001054
-0.001641
-0.002723
-0.004050
-0.004931
-0.005320
-0.005687
-0.006168
-0.006341
-0.005879
-0.005043
-0.004342
-0.004095
-0.004239
-0.003979
-0.002554
-0.000881
-0.000541
-0.000866
0.000315
0.002665
0.003595
0.003196
0.004340
0.007095
0.008166
0.006863
0.006481
0.008327
0.009302
0.007377
0.005021
0.004717
0.004764
0.002590
-0.000469
-0.001542
-0.001423
-0.002971
-0.005765
-0.006857
-0.005961
-0.005627
-0.006597
-0.007002
-0.006056
-0.004964
-0.004438
-0.004062
-0.003515
-0.002757
-0.001929
-0.001504
-0.001491
-0.001033
0.000158
0.000985
0.000822
0.000887
0.002215
0.003685
0.003889
0.003568
0.004202
0.005316
0.005378
0.004597
0.004474
0.005007
0.004740
0.003524
0.002796
0.002882
0.002415
0.000900
-0.000516
-0.001206
-0.001901
-0.003125
-0.004379
-0.005113
-0.005467
-0.005808
-0.006139
-0.006165
-0.005682
-0.004929
-0.004641
-0.005103
-0.005115
-0.003508
-0.001503
-0.001107
-0.001500
-0.000107
0.002695
0.003888
0.003415
0.004508
0.007477
0.008677
0.007083
0.006350
0.008241
0.009352
0.007178
0.004452
0.004145
0.004442
0.002384
-0.000740
-0.001821
-0.001471
-0.002651
-0.005237
-0.006355
-0.005442
-0.004870
-0.005645
-0.006227
-0.005643
-0.004709
-0.004226
-0.004096
-0.003887
-0.003170
-0.002028
-0.001385
-0.001650
-0.001595
-0.000243
0.001111
0.000995
0.000626
0.001873
0.003767
0.004163
0.003576
0.004077
0.005356
0.005340
0.004139
0.003851
0.004673
0.004641
0.003305
0.002447
0.002703
0.002507
0.001084
-0.000365
-0.001040
-0.001676
-0.002903
-0.004255
-0.005101
-0.005439
-0.005614
-0.005848
-0.006001
-0.005703
-0.005158
-0.005199
-0.005554
-0.004721
-0.002715
-0.001535
-0.001707
-0.001106
0.001261
0.003228
0.003442
0.003968
0.006302
0.008291
0.007892
0.006899
0.007745
0.009093
0.008204
0.005752
0.004507
0.004482
0.003183
0.000339
-0.001561
-0.001842
-0.002669
-0.004826
-0.006316
-0.005980
-0.005305
-0.005633
-0.006150
-0.005725
-0.004670
-0.003855
-0.003519
-0.003343
-0.002864
-0.002017
-0.001451
-0.001584
-0.001634
-0.000718
0.000466
0.000674
0.000511
0.001503
0.003146
0.003648
0.003214
0.003648
0.004984
0.005432
0.004654
0.004293
0.004874
0.004934
0.003862
0.002924
0.002781
0.002403
0.001142
-0.000272
-0.001255
-0.002133
-0.003202
-0.004247
-0.005062
-0.005619
-0.005859
-0.005887
-0.005933
-0.005880
-0.005626
-0.005494
-0.005253
-0.004142
-0.002587
-0.001841
-0.001613
-0.000344
0.001825
0.003132
0.003613
0.005046
0.007251
0.008110
0.007458
0.007467
0.008710
0.009052
0.007334
0.005349
0.004688
0.004038
0.001766
-0.000878
-0.001932
-0.002261
-0.003748
-0.005704
-0.006196
-0.005529
-0.005439
-0.005946
-0.005737
-0.004717
-0.003868
-0.003514
-0.003286
-0.002886
-0.002262
-0.001693
-0.001563
-0.001625
-0.001146
-0.000143
0.000436
0.000360
0.000744
0.002075
0.003156
0.003187
0.003231
0.004249
0.005252
0.004985
0.004201
0.004335
0.004875
0.004386
0.003250
0.002815
0.002788
0.001929
0.000365
-0.000878
-0.001615
-0.002317
-0.003135
-0.003980
-0.004842
-0.005511
-0.005720
-0.005669
-0.005752
-0.006088
-0.006481
-0.006282
-0.005076
-0.003708
-0.003145
-0.002646
-0.000919
0.001375
0.002616
0.003317
0.005167
0.007519
0.008275
0.007703
0.007967
0.009229
0.009359
0.007598
0.005762
0.005113
0.004337
0.002063
-0.000492
-0.001605
-0.002149
-0.003815
-0.005820
-0.006303
-0.005628
-0.005526
-0.006063
-0.005959
-0.004992
-0.004015
-0.003481
-0.003231
-0.002890
-0.002189
-0.001493
-0.001418
-0.001609
-0.001093
-0.000025
0.000421
0.000218
0.000729
0.002230
0.003255
0.003157
0.003218
0.004265
0.005158
0.004832
0.004240
0.004594
0.005101
0.004475
0.003337
0.002927
0.002791
0.001813
0.000313
-0.000801
-0.001676
-0.002799
-0.003930
-0.004772
-0.005498
-0.006071
-0.006198
-0.006106
-0.006397
-0.007044
-0.007068
-0.005778
-0.004135
-0.003517
-0.003279
-0.001609
0.001094
0.002573
0.002986
0.004784
0.007734
0.008894
0.008021
0.008079
0.009743
0.010163
0.008115
0.005951
0.005315
0.004638
0.002294
-0.000418
-0.001546
-0.001943
-0.003597
-0.005852
-0.006517
-0.005698
-0.005409
-0.006038
-0.006101
-0.005085
-0.003955
-0.003349
-0.003130
-0.002971
-0.002447
-0.001574
-0.001186
-0.001556
-0.001541
-0.000508
0.000312
0.000046
0.000007
0.001363
0.002855
0.003007
0.002772
0.003754
0.005258
0.005468
0.004612
0.004500
0.005268
0.005261
0.004104
0.003213
0.003046
0.002428
0.000899
-0.000646
-0.001731
-0.002714
-0.003789
-0.004916
-0.006013
-0.006629
-0.006460
-0.006195
-0.006716
-0.007561
-0.007231
-0.005470
-0.003972
-0.003759
-0.003410
-0.001368
0.001191
0.002172
0.002643
0.005115
0.008315
0.008939
0.007777
0.008408
0.010535
0.010444
0.007763
0.005924
0.005881
0.004850
0.001713
-0.000960
-0.001495
-0.001932
-0.004181
-0.006520
-0.006624
-0.005496
-0.005483
-0.006280
-0.005966
-0.004564
-0.003600
-0.003451
-0.003419
-0.003013
-0.002136
-0.001354
-0.001480
-0.001973
-0.001357
0.000074
0.000403
-0.000282
0.000337
0.002390
0.003304
0.002616
0.002832
0.004648
0.005655
0.004757
0.004021
0.004854
0.005617
0.004730
0.003334
0.002969
0.002935
0.001914
0.000273
-0.000957
-0.001801
-0.002785
-0.003979
-0.005200
-0.006168
-0.006487
-0.006371
-0.006899
-0.008254
-0.008568
-0.006711
-0.004753
-0.004669
-0.004682
-0.002283
0.001065
0.002241
0.002325
0.004856
0.008824
0.009847
0.008109
0.008233
0.010894
0.011485
0.008431
0.005896
0.006136
0.005775
0.002405
-0.001058
-0.001810
-0.001937
-0.004156
-0.006884
-0.007253
-0.005994
-0.005757
-0.006596
-0.006471
-0.004966
-0.003554
-0.003094
-0.003135
-0.002823
-0.001766
-0.000790
-0.001071
-0.001903
-0.001342
0.000273
0.000454
-0.000790
-0.000467
0.001914
0.003145
0.002223
0.002177
0.004274
0.005674
0.004755
0.003950
0.005095
0.006166
0.005152
0.003535
0.003314
0.003630
0.002674
0.000659
-0.000953
-0.001756
-0.002586
-0.004034
-0.005622
-0.006404
-0.006253
-0.006387
-0.007893
-0.009476
-0.008680
-0.006148
-0.005191
-0.006065
-0.005107
-0.001147
0.001950
0.002012
0.002775
0.006912
0.010423
0.009556
0.007791
0.009632
0.012379
0.010926
0.006857
0.005433
0.006263
0.004525
-0.000015
-0.002632
-0.002097
-0.002397
-0.005215
-0.007208
-0.006246
-0.004839
-0.005342
-0.006262
-0.005537
-0.003854
-0.002929
-0.003090
-0.003386
-0.002781
-0.001506
-0.001171
-0.002235
-0.002583
-0.000913
0.000479
-0.000446
-0.001309
0.000626
0.003142
0.002983
0.001918
0.003289
0.005678
0.005676
0.004217
0.004584
0.006284
0.006194
0.004263
0.003217
0.003604
0.003262
0.001233
-0.000932
-0.001883
-0.002313
-0.003543
-0.005453
-0.006674
-0.006621
-0.006609
-0.008095
-0.009813
-0.009002
-0.006227
-0.005117
-0.006078
-0.005126
-0.000915
0.002406
0.002489
0.003169
0.007180
0.010597
0.009794
0.008169
0.009985
0.012508
0.010864
0.006719
0.005112
0.005645
0.003833
-0.000471
-0.002944
-0.002635
-0.003193
-0.005919
-0.007696
-0.006724
-0.005267
-0.005402
-0.005935
-0.005096
-0.003365
-0.002329
-0.002529
-0.002977
-0.002357
-0.001036
-0.000937
-0.002236
-0.002416
-0.000559
0.000572
-0.000571
-0.001110
0.001106
0.003307
0.002836
0.002034
0.003684
0.005802
0.005498
0.004238
0.004836
0.006294
0.005863
0.003919
0.002963
0.003248
0.002708
0.000576
-0.001504
-0.002197
-0.002467
-0.003861
-0.005910
-0.006843
-0.006638
-0.007358
-0.009449
-0.010149
-0.007950
-0.005672
-0.005858
-0.006129
-0.003214
0.000994
0.002658
0.002957
0.005598
0.009513
0.010606
0.009204
0.009392
0.011474
0.011443
0.008284
0.005617
0.005185
0.004278
0.001120
-0.001959
-0.002890
-0.003292
-0.005008
-0.006799
-0.006829
-0.005717
-0.005143
-0.005253
-0.005010
-0.003924
-0.002551
-0.001969
-0.002432
-0.002570
-0.001486
-0.000681
-0.001554
-0.002531
-0.001586
-0.000063
-0.000390
-0.001402
-0.000362
0.001897
0.002582
0.002081
0.002889
0.004824
0.005534
0.004844
0.004791
0.005814
0.006133
0.004974
0.003740
0.003488
0.003254
0.001765
-0.000466
-0.001947
-0.002560
-0.003602
-0.005463
-0.006871
-0.007188
-0.007759
-0.009257
-0.009758
-0.008042
-0.006235
-0.006149
-0.005767
-0.002857
0.000654
0.002155
0.003172
0.006053
0.009128
0.009719
0.009090
0.010009
0.011526
0.010671
0.007825
0.005917
0.005302
0.003637
0.000501
-0.001867
-0.002718
-0.003771
-0.005596
-0.006666
-0.006342
-0.005759
-0.005585
-0.005298
-0.004608
-0.003671
-0.002603
-0.001930
-0.001996
-0.001905
-0.001044
-0.000630
-0.001456
-0.001913
-0.000842
0.000021
-0.000654
-0.000944
0.000713
0.002349
0.002182
0.001898
0.003176
0.004544
0.004405
0.003962
0.004750
0.005806
0.005480
0.004222
0.003560
0.003518
0.002838
0.001115
-0.000680
-0.001765
-0.002625
-0.004062
-0.005737
-0.006727
-0.007379
-0.008702
-0.009889
-0.009266
-0.007526
-0.006720
-0.006442
-0.004484
-0.001088
0.001354
0.002784
0.005206
0.008278
0.009699
0.009526
0.010018
0.011336
0.011187
0.009027
0.006906
0.005740
0.004091
0.001264
-0.001249
-0.002481
-0.003564
-0.005263
-0.006470
-0.006368
-0.005822
-0.005631
-0.005360
-0.004614
-0.003698
-0.002814
-0.002099
-0.001837
-0.001661
-0.001028
-0.000638
-0.001271
-0.001871
-0.001252
-0.000449
-0.000745
-0.001016
0.000122
0.001527
0.001727
0.001718
0.002878
0.004303
0.004597
0.004356
0.004848
0.005687
0.005580
0.004556
0.003781
0.003554
0.002942
0.001383
-0.000433
-0.001666
-0.002601
-0.004042
-0.005792
-0.006970
-0.007740
-0.008750
-0.009275
-0.008451
-0.007277
-0.006811
-0.005979
-0.003596
-0.000862
0.000863
0.002740
0.005823
0.008436
0.009151
0.009455
0.010748
0.011522
0.010180
0.007999
0.006672
0.005400
0.002889
0.000065
-0.001583
-0.002659
-0.004442
-0.006265
-0.006724
-0.006149
-0.005762
-0.005560
-0.004845
-0.003808
-0.002939
-0.002126
-0.001475
-0.001303
-0.001125
-0.000619
-0.000646
-0.001419
-0.001568
-0.000726
-0.000457
-0.001073
-0.000742
0.000842
0.001674
0.001374
0.001847
0.003445
0.004362
0.004113
0.004227
0.005233
0.005771
0.005097
0.004214
0.003948
0.003600
0.002287
0.000443
-0.000935
-0.001876
-0.003211
-0.005006
-0.006512
-0.007724
-0.009100
-0.009905
-0.009301
-0.008285
-0.007918
-0.007091
-0.004579
-0.001588
0.000440
0.002542
0.005772
0.008484
0.009237
0.009603
0.011136
0.012264
0.011072
0.008713
0.007205
0.006005
0.003545
0.000471
-0.001438
-0.002455
-0.004129
-0.006141
-0.006848
-0.006286
-0.005898
-0.005918
-0.005406
-0.004274
-0.003244
-0.002517
-0.001995
-0.001708
-0.001359
-0.000837
-0.000795
-0.001292
-0.001267
-0.000526
-0.000288
-0.000774
-0.000546
0.000771
0.001676
0.001633
0.002019
0.003357
0.004334
0.004298
0.004337
0.005141
0.005692
0.005077
0.004103
0.003774
0.003457
0.002128
0.000285
-0.000977
-0.001898
-0.003414
-0.005328
-0.006884
-0.008263
-0.009572
-0.009880
-0.009046
-0.008363
-0.007995
-0.006400
-0.003472
-0.001101
0.000537
0.003314
0.006927
0.008890
0.009195
0.010277
0.012126
0.012083
0.009867
0.008125
0.007525
0.005868
0.002590
-0.000078
-0.001206
-0.002689
-0.005390
-0.007296
-0.007159
-0.006490
-0.006513
-0.006367
-0.005293
-0.003944
-0.002966
-0.002305
-0.001864
-0.001413
-0.000728
-0.000436
-0.000960
-0.001164
-0.000346
0.000077
-0.000701
-0.000929
0.000415
0.001491
0.001204
0.001333
0.002857
0.004033
0.003902
0.003936
0.004937
0.005585
0.004990
0.004145
0.004008
0.003931
0.002897
0.001200
-0.000136
-0.001051
-0.002376
-0.004252
-0.006076
-0.007752
-0.009219
-0.009721
-0.009294
-0.009094
-0.008959
-0.007300
-0.004363
-0.002201
-0.000611
0.002478
0.006335
0.008260
0.008648
0.010102
0.012285
0.012421
0.010385
0.008755
0.008048
0.006240
0.002908
0.000130
-0.001150
-0.002560
-0.004995
-0.006783
-0.006728
-0.006113
-0.006152
-0.006119
-0.005207
-0.003952
-0.003018
-0.002412
-0.002006
-0.001548
-0.000888
-0.000662
-0.001188
-0.001336
-0.000496
-0.000093
-0.000863
-0.001060
0.000272
0.001345
0.001127
0.001239
0.002560
0.003563
0.003468
0.003602
0.004605
0.005253
0.004791
0.004174
0.004216
0.004160
0.003069
0.001434
0.000247
-0.000665
-0.002136
-0.004168
-0.006271
-0.008204
-0.009345
-0.009259
-0.009001
-0.009368
-0.008875
-0.006354
-0.003608
-0.002115
0.000047
0.004114
0.007377
0.008077
0.008824
0.011376
0.012990
0.011501
0.009250
0.008566
0.007752
0.004778
0.001180
-0.000722
-0.001740
-0.003884
-0.006446
-0.007272
-0.006563
-0.006219
-0.006468
-0.005993
-0.004561
-0.003199
-0.002462
-0.002070
-0.001520
-0.000628
-0.000078
-0.000537
-0.001064
-0.000491
0.000127
-0.000586
-0.001304
-0.000370
0.000893
0.000782
0.000525
0.001692
0.003101
0.003261
0.003130
0.004035
0.005265
0.005518
0.005030
0.004824
0.004781
0.003891
0.002093
0.000449
-0.000625
-0.001927
-0.004007
-0.006469
-0.008564
-0.009562
-0.009494
-0.009560
-0.010145
-0.009473
-0.006587
-0.003734
-0.002493
-0.000466
0.003934
0.007586
0.008257
0.008853
0.011560
0.013430
0.011949
0.009601
0.008963
0.008244
0.005220
0.001450
-0.000626
-0.001751
-0.003930
-0.006526
-0.007457
-0.006834
-0.006453
-0.006678
-0.006325
-0.004974
-0.003475
-0.002620
-0.002319
-0.001752
-0.000521
0.000305
-0.000232
-0.000828
-0.000031
0.000770
-0.000063
-0.000924
0.000034
0.001234
0.000878
0.000447
0.001543
0.002813
0.002863
0.002784
0.003645
0.004564
0.004623
0.004301
0.004247
0.004181
0.003491
0.002178
0.000794
-0.000395
-0.001770
-0.003853
-0.006504
-0.008546
-0.008959
-0.008659
-0.009329
-0.010208
-0.008799
-0.005484
-0.003373
-0.002495
0.000405
0.005044
0.007465
0.007584
0.009266
0.012509
0.013188
0.010773
0.009025
0.008910
0.007488
0.003860
0.000585
-0.000978
-0.002429
-0.004881
-0.006987
-0.007358
-0.006719
-0.006491
-0.006608
-0.005935
-0.004206
-0.002532
-0.001966
-0.001982
-0.001114
0.000451
0.000720
-0.000470
-0.000677
0.000573
0.000665
-0.000871
-0.001153
0.000408
0.000997
0.000072
0.000243
0.001931
0.002798
0.002464
0.002785
0.004011
0.004697
0.004462
0.004107
0.003971
0.003650
0.002726
0.001278
-0.000122
-0.001147
-0.002436
-0.004798
-0.007430
-0.008451
-0.007981
-0.008272
-0.009605
-0.009216
-0.006169
-0.003516
-0.002782
-0.000936
0.003484
0.006851
0.007191
0.007935
0.010968
0.012747
0.011032
0.008837
0.008382
0.007475
0.004416
0.001045
-0.000869
-0.002207
-0.004198
-0.006227
-0.007063
-0.006682
-0.006071
-0.005881
-0.005622
-0.004364
-0.002425
-0.001373
-0.001600
-0.001381
0.000159
0.001067
0.000006
-0.000862
0.000167
0.000858
-0.000541
-0.001508
-0.000097
0.001176
0.000357
-0.000226
0.001233
0.002757
0.002799
0.002755
0.003665
0.004529
0.004551
0.004148
0.003797
0.003488
0.002854
0.001469
-0.000326
-0.001600
-0.002557
-0.004592
-0.007482
-0.008834
-0.008069
-0.007822
-0.009185
-0.009293
-0.006404
-0.003371
-0.002428
-0.000930
0.003250
0.006991
0.007618
0.007901
0.010397
0.012364
0.011049
0.008711
0.007995
0.007369
0.004825
0.001568
-0.000616
-0.002120
-0.003952
-0.005825
-0.006838
-0.006729
-0.006115
-0.005840
-0.005797
-0.004895
-0.003062
-0.001887
-0.001960
-0.001582
0.000069
0.000984
0.000005
-0.000676
0.000363
0.000998
-0.000115
-0.000805
0.000270
0.001112
0.000525
0.000268
0.001383
0.002490
0.002738
0.002933
0.003513
0.004061
0.004282
0.004047
0.003470
0.003072
0.002766
0.001662
-0.000172
-0.001549
-0.002547
-0.004649
-0.007472
-0.008590
-0.007900
-0.008084
-0.009485
-0.009095
-0.006098
-0.003529
-0.002534
-0.000297
0.003985
0.006964
0.007443
0.008461
0.011019
0.012098
0.010526
0.008882
0.008351
0.007070
0.004234
0.001306
-0.000827
-0.002634
-0.004397
-0.005882
-0.006798
-0.006831
-0.006252
-0.005988
-0.005936
-0.004830
-0.002892
-0.001946
-0.002086
-0.001448
0.000116
0.000635
-0.000138
-0.000237
0.000645
0.000725
-0.000172
-0.000298
0.000657
0.001235
0.001014
0.001037
0.001714
0.002428
0.002933
0.003447
0.003989
0.004455
0.004555
0.003983
0.003180
0.002762
0.002200
0.000690
-0.001149
-0.002357
-0.003702
-0.006167
-0.008270
-0.008320
-0.007844
-0.008808
-0.009552
-0.007689
-0.004705
-0.003137
-0.001747
0.001600
0.005195
0.006708
0.007621
0.009839
0.011740
0.011373
0.009929
0.009039
0.007998
0.005830
0.003096
0.000588
-0.001586
-0.003485
-0.005135
-0.006487
-0.007114
-0.006805
-0.006328
-0.006245
-0.005644
-0.003926
-0.002460
-0.002165
-0.001660
-0.000140
0.000790
0.000322
0.000131
0.000918
0.001062
0.000181
-0.000008
0.000787
0.001025
0.000571
0.000672
0.001403
0.001969
0.002373
0.002872
0.003267
0.003607
0.003953
0.003793
0.003125
0.002739
0.002511
0.001479
-0.000115
-0.001334
-0.002745
-0.005229
-0.007385
-0.007610
-0.007394
-0.008610
-0.009552
-0.007872
-0.005097
-0.003716
-0.002405
0.000945
0.004532
0.006038
0.007091
0.009584
0.011614
0.011174
0.009767
0.009147
0.008331
0.006180
0.003436
0.000965
-0.001221
-0.003117
-0.004766
-0.006278
-0.007101
-0.006844
-0.006437
-0.006520
-0.005954
-0.004094
-0.002635
-0.002635
-0.002316
-0.000527
0.000758
0.000179
-0.000319
0.000648
0.001271
0.000395
-0.000128
0.000758
0.001394
0.000964
0.000833
0.001643
0.002476
0.002826
0.003048
0.003431
0.004052
0.004540
0.004125
0.003113
0.002690
0.002519
0.001212
-0.000762
-0.001943
-0.003014
-0.005400
-0.007761
-0.008039
-0.007566
-0.008533
-0.009456
-0.007836
-0.004943
-0.003332
-0.002033
0.001033
0.004470
0.006050
0.006997
0.009182
0.011230
0.011138
0.009777
0.008868
0.008068
0.006236
0.003468
0.000634
-0.001605
-0.003144
-0.004539
-0.006043
-0.006745
-0.006163
-0.005590
-0.005819
-0.005405
-0.003536
-0.002094
-0.002254
-0.002181
-0.000711
0.000273
-0.000389
-0.000897
-0.000172
0.000252
-0.000360
-0.000532
0.000340
0.001008
0.000946
0.001026
0.001730
0.002644
0.003263
0.003489
0.003721
0.004368
0.004897
0.004423
0.003451
0.003048
0.002630
0.001117
-0.000710
-0.001773
-0.003097
-0.005680
-0.007840
-0.008016
-0.007874
-0.009006
-0.009515
-0.007577
-0.004993
-0.003634
-0.001962
0.001433
0.004662
0.006193
0.007581
0.009830
0.011217
0.010645
0.009384
0.008421
0.007203
0.005274
0.002877
0.000391
-0.001678
-0.003112
-0.004461
-0.005832
-0.006278
-0.005735
-0.005484
-0.005616
-0.004703
-0.002831
-0.001941
-0.002333
-0.002021
-0.000463
0.000360
-0.000345
-0.000779
-0.000078
0.000219
-0.000592
-0.000980
-0.000145
0.000592
0.000398
0.000352
0.001416
0.002848
0.003451
0.003373
0.003733
0.004732
0.005144
0.004335
0.003493
0.003385
0.002799
0.000997
-0.000684
-0.001575
-0.003195
-0.006038
-0.007956
-0.007882
-0.007872
-0.009112
-0.009422
-0.007320
-0.004823
-0.003490
-0.001615
0.001883
0.004915
0.006232
0.007608
0.009938
0.011369
0.010706
0.009185
0.008081
0.007090
0.005326
0.002619
-0.000109
-0.001856
-0.003040
-0.004731
-0.006344
-0.006457
-0.005711
-0.005739
-0.005857
-0.004394
-0.002295
-0.001725
-0.002255
-0.001791
-0.000269
0.000389
-0.000407
-0.001058
-0.000564
-0.000086
-0.000648
-0.001105
-0.000249
0.000810
0.000731
0.000604
0.001913
0.003630
0.004024
0.003676
0.004132
0.005096
0.005234
0.004518
0.003941
0.003627
0.002632
0.000675
-0.001204
-0.002481
-0.004248
-0.006940
-0.008730
-0.008560
-0.008399
-0.009533
-0.009721
-0.007323
-0.004508
-0.003022
-0.001093
0.002438
0.005498
0.006827
0.008119
0.010256
0.011495
0.010673
0.009011
0.007868
0.006908
0.005073
0.002251
-0.000423
-0.002055
-0.003279
-0.004909
-0.006144
-0.005992
-0.005378
-0.005506
-0.005464
-0.003954
-0.002050
-0.001622
-0.002157
-0.001751
-0.000428
0.000024
-0.000824
-0.001398
-0.000877
-0.000395
-0.000751
-0.000908
-0.000017
0.000874
0.000823
0.000933
0.002334
0.003894
0.004155
0.003905
0.004515
0.005365
0.005086
0.003994
0.003307
0.002940
0.001870
0.000079
-0.001448
-0.002621
-0.004549
-0.007154
-0.008514
-0.008125
-0.008126
-0.009235
-0.009012
-0.006443
-0.003973
-0.002710
-0.000550
0.003057
0.005736
0.006810
0.008166
0.010162
0.011010
0.010053
0.008551
0.007478
0.006409
0.004446
0.001646
-0.000754
-0.002083
-0.003285
-0.004965
-0.005941
-0.005528
-0.005099
-0.005453
-0.005174
-0.003430
-0.001852
-0.001798
-0.002107
-0.001357
-0.000238
-0.000145
-0.000910
-0.001305
-0.000969
-0.000688
-0.000931
-0.000975
-0.000213
0.000551
0.000605
0.000981
0.002557
0.003980
0.004015
0.003855
0.004673
0.005419
0.005002
0.004150
0.003628
0.002915
0.001544
-0.000017
-0.001295
-0.002719
-0.004989
-0.007485
-0.008547
-0.008232
-0.008504
-0.009406
-0.008552
-0.005737
-0.003501
-0.002173
0.000357
0.003805
0.005922
0.006918
0.008550
0.010389
0.010719
0.009498
0.008041
0.006982
0.005709
0.003446
0.000678
-0.001208
-0.002147
-0.003535
-0.005410
-0.006131
-0.005566
-0.005326
-0.005496
-0.004578
-0.002709
-0.001623
-0.001502
-0.000990
0.000036
0.000476
0.000182
-0.000139
-0.000367
-0.000748
-0.001132
-0.001262
-0.001108
-0.000798
-0.000579
-0.000400
0.000339
0.001677
0.002643
0.003035
0.003809
0.004905
0.005204
0.004831
0.004713
0.004460
0.003279
0.001695
0.000374
-0.001213
-0.003517
-0.005734
-0.006993
-0.007668
-0.008498
-0.009052
-0.008321
-0.006539
-0.004744
-0.002878
-0.000273
0.002567
0.004719
0.006456
0.008283
0.009656
0.009918
0.009264
0.008196
0.006946
0.005307
0.002930
0.000279
-0.001660
-0.003020
-0.004639
-0.006066
-0.006281
-0.005779
-0.005494
-0.004989
-0.003708
-0.002288
-0.001361
-0.000672
0.000104
0.000940
0.001581
0.001593
0.001054
0.000666
0.000450
-0.000197
-0.000906
-0.000919
-0.000755
-0.001083
-0.001175
-0.000378
0.000555
0.000992
0.001465
0.002372
0.003298
0.003818
0.003945
0.003894
0.003717
0.003101
0.001859
0.000328
-0.001286
-0.003067
-0.004671
-0.005744
-0.006680
-0.007577
-0.007587
-0.006546
-0.005363
-0.004078
-0.001974
0.000560
0.002731
0.004793
0.006937
0.008469
0.009066
0.009047
0.008543
0.007603
0.006314
0.004432
0.001999
-0.000220
-0.001933
-0.003645
-0.005270
-0.006131
-0.006324
-0.006357
-0.006024
-0.005043
-0.003832
-0.002770
-0.001701
-0.000547
0.000457
0.001156
0.001526
0.001619
0.001577
0.001420
0.001044
0.000599
0.000322
0.000056
-0.000357
-0.000541
-0.000226
0.000171
0.000373
0.000779
0.001571
0.002318
0.002786
0.003143
0.003372
0.003281
0.002868
0.002156
0.000995
-0.000711
-0.002614
-0.004005
-0.004707
-0.005471
-0.006660
-0.007267
-0.006542
-0.005391
-0.004502
-0.002985
-0.000464
0.001886
0.003573
0.005345
0.007217
0.008357
0.008542
0.008175
0.007571
0.006728
0.005237
0.002943
0.000687
-0.000868
-0.002386
-0.004273
-0.005549
-0.005730
-0.005695
-0.005749
-0.005165
-0.003923
-0.002841
-0.002150
-0.001382
-0.000308
0.000752
0.001252
0.001092
0.000930
0.001148
0.001113
0.000468
-0.000038
-0.000055
-0.000247
-0.000635
-0.000367
0.000445
0.000824
0.000845
0.001387
0.002406
0.003116
0.003292
0.003333
0.003450
0.003349
0.002664
0.001549
0.000353
-0.001167
-0.003184
-0.004875
-0.005658
-0.006353
-0.007402
-0.007593
-0.006338
-0.004866
-0.003733
-0.001999
0.000470
0.002719
0.004545
0.006273
0.007667
0.008395
0.008424
0.007833
0.006964
0.006016
0.004396
0.001905
-0.000292
-0.001562
-0.002850
-0.004505
-0.005462
-0.005455
-0.005362
-0.005218
-0.004401
-0.003198
-0.002267
-0.001512
-0.000586
0.000407
0.001094
0.001206
0.000922
0.000775
0.000790
0.000458
-0.000169
-0.000492
-0.000553
-0.000798
-0.000939
-0.000491
0.000178
0.000562
0.000982
0.001817
0.002692
0.003158
0.003328
0.003481
0.003560
0.003226
0.002324
0.001200
0.000102
-0.001355
-0.003208
-0.004588
-0.005275
-0.006152
-0.007142
-0.006971
-0.005678
-0.004531
-0.003455
-0.001462
0.001071
0.003148
0.004857
0.006492
0.007669
0.008117
0.007910
0.007150
0.006132
0.004954
0.003168
0.000896
-0.000905
-0.002127
-0.003550
-0.004965
-0.005456
-0.005212
-0.004974
-0.004575
-0.003646
-0.002492
-0.001432
-0.000406
0.000577
0.001297
0.001491
0.001121
0.000629
0.000447
0.000270
-0.000333
-0.000952
-0.001050
-0.000967
-0.001041
-0.000818
-0.000065
0.000697
0.001239
0.001891
0.002644
0.003135
0.003293
0.003304
0.003255
0.003028
0.002428
0.001478
0.000402
-0.000846
-0.002459
-0.004032
-0.004986
-0.005603
-0.006311
-0.006499
-0.005595
-0.004307
-0.003279
-0.001959
0.000082
0.002244
0.003972
0.005398
0.006617
0.007334
0.007342
0.006787
0.005937
0.004833
0.003274
0.001325
-0.000480
-0.001880
-0.003193
-0.004439
-0.005090
-0.005029
-0.004728
-0.004339
-0.003563
-0.002399
-0.001247
-0.000316
0.000549
0.001390
0.001893
0.001849
0.001541
0.001315
0.001039
0.000435
-0.000322
-0.000816
-0.001004
-0.001139
-0.001221
-0.000997
-0.000452
0.000148
0.000688
0.001264
0.001837
0.002213
0.002383
0.002477
0.002427
0.002063
0.001391
0.000473
-0.000738
-0.002152
-0.003370
-0.004153
-0.004748
-0.005257
-0.005211
-0.004412
-0.003394
-0.002412
-0.001010
0.000933
0.002861
0.004451
0.005777
0.006717
0.007080
0.006944
0.006412
0.005452
0.004062
0.002301
0.000362
-0.001371
-0.002756
-0.004005
-0.005076
-0.005657
-0.005723
-0.005383
-0.004594
-0.003513
-0.002454
-0.001402
-0.000208
0.000963
0.001838
0.002306
0.002408
0.002327
0.002152
0.001674
0.000856
0.000113
-0.000319
-0.000660
-0.000932
-0.000857
-0.000480
-0.000096
0.000291
0.000845
0.001506
0.002006
0.002187
0.002185
0.002174
0.001993
0.001383
0.000482
-0.000396
-0.001323
-0.002505
-0.003649
-0.004359
-0.004848
-0.005352
-0.005390
-0.004562
-0.003398
-0.002396
-0.001128
0.000724
0.002579
0.004037
0.005431
0.006778
0.007525
0.007446
0.006841
0.005992
0.004839
0.003122
0.000965
-0.000953
-0.002326
-0.003641
-0.005008
-0.005759
-0.005695
-0.005355
-0.004889
-0.004009
-0.002788
-0.001566
-0.000502
0.000434
0.001324
0.002033
0.002222
0.001980
0.001811
0.001639
0.000971
0.000105
-0.000314
-0.000469
-0.000746
-0.000860
-0.000532
-0.000038
0.000370
0.000799
0.001385
0.002002
0.002347
0.002338
0.002278
0.002242
0.001802
0.000871
-0.000036
-0.000812
-0.001949
-0.003435
-0.004548
-0.005011
-0.005321
-0.005655
-0.005363
-0.004113
-0.002636
-0.001465
-0.000014
0.002117
0.004185
0.005543
0.006493
0.007321
0.007688
0.007276
0.006302
0.005151
0.003752
0.001782
-0.000405
-0.002021
-0.003158
-0.004430
-0.005530
-0.005794
-0.005504
-0.005184
-0.004612
-0.003532
-0.002283
-0.001228
-0.000306
0.000684
0.001603
0.002030
0.001941
0.001861
0.001910
0.001551
0.000739
0.000154
-0.000018
-0.000268
-0.000668
-0.000741
-0.000377
0.000033
0.000304
0.000722
0.001476
0.002177
0.002385
0.002329
0.002409
0.002413
0.001970
0.001231
0.000476
-0.000372
-0.001443
-0.002555
-0.003437
-0.004068
-0.004623
-0.005068
-0.005092
-0.004589
-0.003830
-0.002933
-0.001667
-0.000027
0.001553
0.002827
0.004005
0.005175
0.006028
0.006345
0.006241
0.005813
0.004951
0.003650
0.002181
0.000779
-0.000618
-0.002080
-0.003341
-0.004079
-0.004378
-0.004496
-0.004403
-0.003938
-0.003174
-0.002308
-0.001401
-0.000448
0.000446
0.001135
0.001574
0.001780
0.001771
0.001582
0.001296
0.000972
0.000522
-0.000037
-0.000336
-0.000165
0.000038
-0.000136
-0.000353
-0.000157
0.000308
0.000692
0.000952
0.001181
0.001340
0.001320
0.001101
0.000742
0.000242
-0.000566
-0.001763
-0.002880
-0.003394
-0.003718
-0.004425
-0.004802
-0.004013
-0.002821
-0.002055
-0.001016
0.000785
0.002587
0.003904
0.004993
0.005917
0.006518
0.006625
0.006184
0.005606
0.005019
0.003716
0.001673
0.000044
-0.000967
-0.002313
-0.003869
-0.004719
-0.004965
-0.005159
-0.005217
-0.004906
-0.004293
-0.003555
-0.002829
-0.001967
-0.000815
0.000102
0.000345
0.000554
0.001232
0.001647
0.001320
0.000944
0.000995
0.001059
0.000827
0.000604
0.000708
0.000979
0.001107
0.001203
0.001639
0.002306
0.002651
0.002582
0.002557
0.002622
0.002325
0.001669
0.001066
0.000494
-0.000328
-0.001240
-0.001970
-0.002666
-0.003525
-0.004295
-0.004520
-0.004226
-0.003931
-0.003705
-0.002882
-0.001381
-0.000177
0.000374
0.001069
0.002156
0.002917
0.003058
0.003001
0.002955
0.002726
0.002175
0.001483
0.000892
0.000309
-0.000366
-0.000782
-0.000707
-0.000501
-0.000410
-0.000173
0.000309
0.000717
0.000831
0.000799
0.000805
0.000738
0.000419
-0.000015
-0.000338
-0.000670
-0.001206
-0.001766
-0.002068
-0.002213
-0.002415
-0.002505
-0.002192
-0.001622
-0.001171
-0.000851
-0.000398
0.000195
0.000691
0.001033
0.001368
0.001710
0.001906
0.001920
0.001880
0.001795
0.001547
0.001224
0.001057
0.000999
0.000836
0.000607
0.000482
0.000389
0.000141
-0.000218
-0.000451
-0.000492
-0.000594
-0.000958
-0.001363
-0.001523
-0.001558
-0.001671
-0.001727
-0.001541
-0.001208
-0.000849
-0.000420
0.000071
0.000556
0.001112
0.001741
0.002191
0.002278
0.002102
0.001838
0.001533
0.001127
0.000608
0.000102
-0.000276
-0.000595
-0.000966
-0.001330
-0.001537
-0.001574
-0.001573
-0.001566
-0.001462
-0.001255
-0.001083
-0.001119
-0.001387
-0.001638
-0.001718
-0.001848
-0.001993
-0.001630
-0.000779
-0.000180
0.000056
0.000600
0.001656
0.002779
0.003609
0.004150
0.004662
0.005197
0.005337
0.004958
0.004459
0.003794
0.002598
0.001179
0.000008
-0.001142
-0.002518
-0.003783
-0.004608
-0.005071
-0.005408
-0.005670
-0.005597
-0.005045
-0.004286
-0.003481
-0.002427
-0.001208
-0.000210
0.000580
0.001453
0.002298
0.002766
0.002861
0.002876
0.002965
0.002970
0.002713
0.002340
0.002129
0.002013
0.001714
0.001336
0.001176
0.001114
0.000904
0.000675
0.000561
0.000359
-0.000058
-0.000485
-0.000779
-0.001077
-0.001511
-0.001984
-0.002292
-0.002422
-0.002575
-0.002758
-0.002712
-0.002464
-0.002314
-0.002184
-0.001777
-0.001180
-0.000635
-0.000074
0.000617
0.001287
0.001752
0.002044
0.002305
0.002568
0.002710
0.002659
0.002534
0.002427
0.002230
0.001851
0.001401
0.000988
0.000540
0.000015
-0.000426
-0.000665
-0.000859
-0.001151
-0.001377
-0.001375
-0.001305
-0.001361
-0.001469
-0.001454
-0.001305
-0.001176
-0.001134
-0.001060
-0.000899
-0.000784
-0.000760
-0.000679
-0.000468
-0.000266
-0.000149
0.000023
0.000336
0.000648
0.000839
0.000977
0.001129
0.001262
0.001356
0.001425
0.001455
0.001419
0.001289
0.001104
0.000944
0.000748
0.000377
-0.000075
-0.000387
-0.000567
-0.000749
-0.000938
-0.001087
-0.001149
-0.001020
-0.000773
-0.000692
-0.000823
-0.000925
-0.000894
-0.000797
-0.000641
-0.000400
-0.000134
0.000085
0.000257
0.000384
0.000452
0.000505
0.000555
0.000464
0.000182
-0.000019
0.000054
0.000133
0.000065
0.000245
0.000804
0.001189
0.001186
0.001245
0.001500
0.001616
0.001394
0.000893
0.000419
0.000155
-0.000267
-0.000973
-0.001454
-0.001716
-0.002163
-0.002471
-0.002255
-0.001901
-0.001745
-0.001545
-0.001060
-0.000402
0.000119
0.000403
0.000699
0.001104
0.001349
0.001331
0.001309
0.001391
0.001378
0.001191
0.000989
0.000785
0.000471
0.000144
-0.000031
-0.000050
-0.000036
-0.000154
-0.000328
-0.000319
-0.000216
-0.000274
-0.000359
-0.000257
-0.000146
-0.000205
-0.000291
-0.000275
-0.000243
-0.000319
-0.000503
-0.000624
-0.000542
-0.000409
-0.000434
-0.000497
-0.000398
-0.000209
-0.000039
0.000156
0.000364
0.000502
0.000604
0.000742
0.000863
0.000881
0.000799
0.000669
0.000538
0.000402
0.000211
0.000002
-0.000104
-0.000157
-0.000296
-0.000454
-0.000515
-0.000550
-0.000626
-0.000670
-0.000632
-0.000554
-0.000482
-0.000432
-0.000365
-0.000265
-0.000185
-0.000095
0.000095
0.000285
0.000309
0.000241
0.000268
0.000390
0.000439
0.000345
0.000263
0.000320
0.000373
0.000279
0.000159
0.000143
0.000138
0.000059
0.000034
0.000162
0.000300
0.000293
0.000207
0.000169
0.000150
0.000068
-0.000048
-0.000123
-0.000166
-0.000256
-0.000383
-0.000447
-0.000476
-0.000570
-0.000684
-0.000682
-0.000543
-0.000412
-0.000392
-0.000335
-0.000091
0.000184
0.000320
0.000431
0.000602
0.000705
0.000668
0.000587
0.000531
0.000463
0.000371
0.000394
0.000603
0.000750
0.000599
0.000270
-0.000007
-0.000216
-0.000454
-0.000696
-0.000835
-0.000872
-0.000914
-0.000999
-0.001035
-0.000957
-0.000841
-0.000741
-0.000579
-0.000318
-0.000097
-0.000009
0.000067
0.000235
0.000426
0.000564
0.000633
0.000646
0.000686
0.000813
0.000945
0.000992
0.000950
0.000834
0.000711
0.000662
0.000633
0.000518
0.000288
-0.000008
-0.000292
-0.000522
-0.000689
-0.000799
-0.000879
-0.000944
-0.000957
-0.000883
-0.000725
-0.000524
-0.000316
-0.000129
-0.000007
0.000040
0.000088
0.000147
0.000147
0.000134
0.000182
0.000225
0.000206
0.000199
0.000289
0.000444
0.000542
0.000542
0.000544
0.000622
0.000707
0.000677
0.000549
0.000458
0.000401
0.000204
-0.000189
-0.000596
-0.000823
-0.000892
-0.000981
-0.001184
-0.001472
-0.001766
-0.001960
-0.001981
-0.001834
-0.001505
-0.000995
-0.000397
0.000198
0.000774
0.001322
0.001870
0.002423
0.002836
0.002991
0.002959
0.002782
0.002407
0.001884
0.001295
0.000638
-0.000055
-0.000710
-0.001262
-0.001651
-0.001902
-0.002099
-0.002215
-0.002198
-0.002064
-0.001798
-0.001406
-0.000983
-0.000596
-0.000256
0.000032
0.000257
0.000409
0.000537
0.000700
0.000829
0.000838
0.000778
0.000723
0.000676
0.000629
0.000610
0.000641
0.000678
0.000642
0.000500
0.000276
0.000028
-0.000188
-0.000359
-0.000508
-0.000655
-0.000789
-0.000865
-0.000854
-0.000807
-0.000755
-0.000577
-0.000189
0.000232
0.000475
0.000591
0.000713
0.000834
0.000888
0.000860
0.000773
0.000666
0.000529
0.000302
-0.000002
-0.000289
-0.000523
-0.000658
-0.000628
-0.000584
-0.000760
-0.001028
-0.001079
-0.000912
-0.000746
-0.000662
-0.000554
-0.000349
-0.000097
0.000102
0.000225
0.000346
0.000507
0.000659
0.000789
0.000946
0.001100
0.001176
0.001210
0.001261
0.001271
0.001186
0.001043
0.000867
0.000624
0.000279
-0.000134
-0.000527
-0.000857
-0.001145
-0.001386
-0.001554
-0.001660
-0.001704
-0.001663
-0.001547
-0.001370
-0.001103
-0.000783
-0.000510
-0.000268
0.000031
0.000353
0.000593
0.000740
0.000838
0.000917
0.000980
0.001016
0.001058
0.001154
0.001256
0.001288
0.001222
0.001050
0.000838
0.000721
0.000691
0.000560
0.000209
-0.000244
-0.000583
-0.000764
-0.000914
-0.001101
-0.001299
-0.001463
-0.001540
-0.001528
-0.001474
-0.001385
-0.001237
-0.000997
-0.000673
-0.000325
0.000017
0.000348
0.000609
0.000760
0.000891
0.001085
0.001297
0.001434
0.001446
0.001350
0.001211
0.001055
0.000858
0.000645
0.000462
0.000283
0.000048
-0.000218
-0.000410
-0.000496
-0.000558
-0.000667
-0.000797
-0.000887
-0.000905
-0.000866
-0.000804
-0.000752
-0.000740
-0.000752
-0.000723
-0.000632
-0.000504
-0.000331
-0.000109
0.000096
0.000245
0.000381
0.000522
0.000639
0.000732
0.000824
0.000893
0.000909
0.000895
0.000885
0.000856
0.000758
0.000589
0.000400
0.000202
-0.000006
-0.000153
-0.000232
-0.000349
-0.000542
-0.000727
-0.000827
-0.000852
-0.000842
-0.000802
-0.000733
-0.000635
-0.000510
-0.000381
-0.000256
-0.000120
0.000028
0.000167
0.000251
0.000281
0.000335
0.000439
0.000491
0.000422
0.000336
0.000362
0.000457
0.000473
0.000376
0.000252
0.000145
0.000008
-0.000147
-0.000130
0.000163
0.000458
0.000447
0.000228
0.000059
-0.000048
-0.000181
-0.000310
-0.000427
-0.000549
-0.000622
-0.000627
-0.000611
-0.000558
-0.000425
-0.000252
-0.000131
-0.000090
-0.000066
-0.000003
0.000088
0.000167
0.000209
0.000202
0.000186
0.000225
0.000309
0.000348
0.000293
0.000231
0.000252
0.000299
0.000281
0.000222
0.000164
0.000093
0.000025
-0.000003
-0.000034
-0.000117
-0.000192
-0.000192
-0.000147
-0.000123
-0.000141
-0.000167
-0.000183
-0.000205
-0.000212
-0.000166
-0.000097
-0.000068
-0.000076
-0.000072
-0.000046
0.000002
0.000077
0.000127
0.000106
0.000086
0.000148
0.000242
0.000246
0.000142
0.000061
0.000092
0.000145
0.000137
0.000102
0.000083
0.000069
0.000041
-0.000023
-0.000119
-0.000183
-0.000139
-0.000017
0.000044
-0.000022
-0.000144
-0.000234
-0.000283
-0.000305
-0.000284
-0.000204
-0.000085
0.000021
0.000095
0.000144
0.000143
0.000085
0.000071
0.000153
0.000223
0.000215
0.000191
0.000187
0.000130
0.000001
-0.000075
-0.000052
-0.000043
-0.000069
-0.000051
-0.000009
-0.000012
-0.000041
-0.000049
-0.000012
0.000061
0.000102
0.000048
-0.000042
-0.000085
-0.000097
-0.000133
-0.000190
-0.000210
-0.000154
-0.000056
0.000020
0.000034
0.000014
0.000020
0.000041
0.000030
0.000047
0.000141
0.000221
0.000198
0.000115
0.000047
0.000011
-0.000030
-0.000098
-0.000168
-0.000183
-0.000120
-0.000007
0.000121
0.000208
0.000203
0.000152
0.000119
0.000088
0.000055
0.000052
0.000035
-0.000054
-0.000172
-0.000243
-0.000266
-0.000289
-0.000288
-0.000203
-0.000090
-0.000070
-0.000093
-0.000059
-0.000046
-0.000093
-0.000097
-0.000049
-0.000014
0.000030
0.000113
0.000213
0.000301
0.000341
0.000314
0.000279
0.000270
0.000242
0.000187
0.000134
0.000070
0.000017
0.000009
-0.000006
-0.000095
-0.000192
-0.000198
-0.000156
-0.000148
-0.000135
-0.000070
-0.000008
-0.000001
0.000001
0.000024
0.000007
-0.000054
-0.000087
-0.000072
-0.000052
-0.000071
-0.000091
-0.000022
0.000084
0.000067
-0.000059
-0.000116
-0.000042
0.000065
0.000121
0.000123
0.000090
0.000050
0.000012
-0.000050
-0.000117
-0.000118
-0.000070
-0.000048
-0.000056
-0.000040
-0.000002
0.000012
0.000017
0.000025
-0.000001
-0.000034
-0.000025
-0.000007
-0.000018
-0.000025
0.000027
0.000118
0.000178
0.000201
0.000232
0.000244
0.000180
0.000039
-0.000104
-0.000153
-0.000096
-0.000046
-0.000077
-0.000126
-0.000146
-0.000169
-0.000190
-0.000170
-0.000113
-0.000056
-0.000022
-0.000014
-0.000011
0.000007
0.000035
0.000074
0.000134
0.000172
0.000128
0.000034
-0.000018
0.000004
0.000057
0.000087
0.000087
0.000070
0.000049
0.000045
0.000074
0.000122
0.000167
0.000158
0.000071
-0.000019
-0.000058
-0.000107
-0.000220
-0.000328
-0.000328
-0.000240
-0.000175
-0.000183
-0.000189
-0.000118
-0.000022
0.000008
-0.000005
0.000029
0.000139
0.000265
0.000333
0.000320
0.000249
0.000156
0.000107
0.000132
0.000154
0.000120
0.000055
-0.000038
-0.000154
-0.000228
-0.000227
-0.000185
-0.000148
-0.000136
-0.000129
-0.000094
-0.000043
-0.000009
0.000015
0.000042
0.000041
-0.000016
-0.000081
-0.000059
0.000046
0.000107
0.000053
-0.000053
-0.000169
-0.000271
-0.000200
0.000127
0.000477
0.000614
0.000578
0.000503
0.000397
0.000228
0.000036
-0.000134
-0.000244
-0.000252
-0.000225
-0.000271
-0.000341
-0.000326
-0.000271
-0.000286
-0.000356
-0.000380
-0.000331
-0.000267
-0.000211
-0.000099
0.000059
0.000131
0.000110
0.000142
0.000262
0.000356
0.000365
0.000348
0.000350
0.000323
0.000227
0.000124
0.000062
-0.000001
-0.000093
-0.000178
-0.000226
-0.000250
-0.000245
-0.000190
-0.000107
-0.000023
0.000056
0.000111
0.000121
0.000099
0.000057
0.000003
-0.000014
0.000039
0.000098
0.000111
0.000135
0.000185
0.000176
0.000069
-0.000063
-0.000149
-0.000167
-0.000120
-0.000053
-0.000022
-0.000034
-0.000043
-0.000001
0.000070
0.000089
0.000037
-0.000026
-0.000061
-0.000069
-0.000078
-0.000117
-0.000104
0.000016
0.000090
-0.000014
-0.000166
-0.000195
-0.000122
-0.000073
-0.000077
-0.000054
-0.000014
-0.000024
-0.000012
0.000090
0.000155
0.000111
0.000101
0.000193
0.000260
0.000221
0.000150
0.000129
0.000120
0.000066
-0.000014
-0.000091
-0.000156
-0.000176
-0.000172
-0.000222
-0.000285
-0.000211
-0.000020
0.000105
0.000093
0.000035
0.000024
0.000060
0.000092
0.000098
0.000099
0.000114
0.000117
0.000081
0.000055
0.000073
0.000047
-0.000064
-0.000142
-0.000118
-0.000083
-0.000098
-0.000116
-0.000081
-0.000020
0.000005
-0.000005
0.000002
0.000009
-0.000023
-0.000057
-0.000030
0.000047
0.000079
0.000025
-0.000050
-0.000094
-0.000113
-0.000094
-0.000025
0.000051
0.000090
0.000095
0.000079
0.000075
0.000103
0.000113
0.000077
0.000073
0.000131
0.000152
0.000085
-0.000029
-0.000201
-0.000412
-0.000513
-0.000443
-0.000296
-0.000116
0.000090
0.000202
0.000145
0.000070
0.000125
0.000242
0.000310
0.000327
0.000320
0.000275
0.000188
0.000090
0.000017
-0.000016
-0.000028
-0.000053
-0.000110
-0.000170
-0.000174
-0.000130
-0.000105
-0.000093
-0.000044
0.000029
0.000077
0.000079
0.000055
0.000048
0.000057
0.000015
-0.000090
-0.000163
-0.000149
-0.000112
-0.000147
-0.000223
-0.000207
-0.000064
0.000070
0.000093
0.000081
0.000117
0.000135
0.000093
0.000077
0.000122
0.000158
0.000135
0.000057
-0.000048
-0.000123
-0.000137
-0.000122
-0.000098
-0.000027
0.000076
0.000099
-0.000004
-0.000128
-0.000177
-0.000176
-0.000169
-0.000143
-0.000091
-0.000046
-0.000028
-0.000022
0.000016
0.000118
0.000221
0.000232
0.000179
0.000168
0.000213
0.000228
0.000154
0.000054
0.000046
0.000121
0.000127
0.000001
-0.000137
-0.000177
-0.000162
-0.000166
-0.000181
-0.000192
-0.000192
-0.000141
-0.000050
-0.000007
-0.000022
-0.000015
0.000028
0.000052
0.000039
0.000012
0.000000
0.000005
-0.000007
-0.000037
-0.000036
0.000019
0.000107
0.000178
0.000153
0.000025
-0.000079
-0.000055
0.000034
0.000087
0.000087
0.000065
0.000052
0.000065
0.000094
0.000082
-0.000026
-0.000176
-0.000216
-0.000112
-0.000028
-0.000083
-0.000207
-0.000276
-0.000248
-0.000153
-0.000045
0.000067
0.000194
0.000287
0.000273
0.000187
0.000120
0.000071
0.000037
0.000089
0.000195
0.000214
0.000136
0.000067
0.000043
0.000044
0.000023
-0.000065
-0.000185
-0.000264
-0.000275
-0.000249
-0.000220
-0.000171
-0.000119
-0.000175
-0.000271
-0.000135
0.000205
0.000410
0.000413
0.000408
0.000430
0.000367
0.000216
0.000062
-0.000067
-0.000174
-0.000242
-0.000286
-0.000317
-0.000287
-0.000200
-0.000137
-0.000130
-0.000142
-0.000141
-0.000111
-0.000055
0.000002
0.000044
0.000036
-0.000029
-0.000069
-0.000006
0.000081
0.000073
0.000016
0.000047
0.000165
0.000254
0.000262
0.000220
0.000154
0.000080
0.000039
0.000014
-0.000067
-0.000142
-0.000109
-0.000032
-0.000002
0.000015
0.000044
0.000053
0.000029
-0.000001
-0.000019
-0.000034
-0.000050
-0.000055
-0.000038
-0.000008
0.000004
-0.000006
-0.000000
0.000020
0.000001
-0.000059
-0.000109
-0.000120
-0.000078
0.000016
0.000103
0.000121
0.000097
0.000100
0.000130
0.000103
-0.000003
-0.000080
-0.000062
-0.000022
-0.000019
0.000004
0.000084
0.000120
0.000020
-0.000133
-0.000213
-0.000213
-0.000185
-0.000148
-0.000112
-0.000079
-0.000021
0.000053
0.000098
0.000129
0.000184
0.000219
0.000174
0.000109
0.000088
0.000058
-0.000018
-0.000070
-0.000062
-0.000062
-0.000115
-0.000189
-0.000215
-0.000161
-0.000060
0.000035
0.000106
0.000127
0.000099
0.000090
0.000135
0.000184
0.000196
0.000184
0.000154
0.000100
0.000037
-0.000020
-0.000070
-0.000113
-0.000142
-0.000150
-0.000144
-0.000128
-0.000116
-0.000149
-0.000215
-0.000238
-0.000177
-0.000071
0.000021
0.000071
0.000099
0.000124
0.000151
0.000175
0.000163
0.000095
0.000031
0.000036
0.000062
0.000019
-0.000055
-0.000058
-0.000013
-0.000002
0.000003
0.000031
0.000016
-0.000062
-0.000106
-0.000059
0.000007
0.000013
0.000026
0.000125
0.000133
-0.000124
-0.000379
-0.000341
-0.000189
-0.000161
-0.000139
0.000007
0.000148
0.000161
0.000137
0.000192
0.000272
0.000280
0.000247
0.000243
0.000240
0.000184
0.000095
-0.000003
-0.000100
-0.000155
-0.000129
-0.000085
-0.000117
-0.000153
-0.000085
0.000005
0.000000
-0.000054
-0.000082
-0.000083
-0.000073
-0.000040
-0.000003
-0.000003
-0.000024
-0.000028
-0.000019
-0.000013
0.000019
0.000085
0.000121
0.000089
0.000039
0.000003
-0.000033
-0.000045
-0.000011
0.000015
-0.000000
-0.000019
-0.000029
-0.000042
-0.000048
-0.000042
-0.000032
-0.000044
-0.000088
-0.000119
-0.000100
-0.000060
-0.000012
0.000053
0.000095
0.000065
-0.000015
-0.000072
-0.000053
0.000008
0.000044
0.000056
0.000072
0.000086
0.000090
0.000088
0.000058
-0.000014
-0.000081
-0.000053
0.000076
0.000164
0.000119
0.000039
0.000009
-0.000010
-0.000037
-0.000036
-0.000008
0.000023
0.000004
-0.000069
-0.000085
-0.000004
0.000021
-0.000088
-0.000202
-0.000188
-0.000061
0.000062
0.000092
0.000056
0.000008
-0.000042
-0.000062
-0.000019
0.000028
0.000012
-0.000008
0.000061
0.000163
0.000181
0.000123
0.000075
0.000059
0.000013
-0.000104
-0.000201
-0.000169
-0.000062
0.000002
-0.000001
-0.000027
-0.000017
0.000032
0.000050
0.000023
0.000020
0.000061
0.000092
0.000100
0.000101
0.000066
-0.000017
-0.000097
-0.000128
-0.000104
-0.000065
-0.000054
-0.000057
-0.000046
-0.000027
-0.000027
-0.000039
-0.000013
0.000049
0.000080
0.000053
-0.000003
-0.000039
-0.000023
0.000020
0.000047
0.000049
0.000029
0.000004
0.000001
0.000024
0.000029
-0.000038
-0.000139
-0.000126
0.000066
0.000304
0.000427
0.000370
0.000202
0.000080
0.000063
0.000059
-0.000013
-0.000131
-0.000221
-0.000235
-0.000212
-0.000217
-0.000236
-0.000230
-0.000211
-0.000192
-0.000159
-0.000108
-0.000078
-0.000084
-0.000090
-0.000091
-0.000112
-0.000102
0.000002
0.000162
0.000280
0.000283
0.000194
0.000112
0.000102
0.000166
0.000262
0.000315
0.000269
0.000138
-0.000022
-0.000158
-0.000222
-0.000198
-0.000147
-0.000131
-0.000106
-0.000020
0.000051
0.000047
0.000022
0.000024
0.000011
-0.000052
-0.000087
-0.000029
0.000030
0.000020
0.000016
0.000071
0.000122
0.000132
0.000139
0.000150
0.000114
0.000046
-0.000005
-0.000053
-0.000104
-0.000108
-0.000065
-0.000046
-0.000071
-0.000098
-0.000099
-0.000061
-0.000016
-0.000022
-0.000049
0.000001
0.000106
0.000128
0.000030
-0.000073
-0.000122
-0.000171
-0.000210
-0.000165
-0.000069
-0.000031
-0.000040
0.000000
0.000071
0.000080
0.000070
0.000159
0.000298
0.000313
0.000190
0.000073
0.000042
0.000069
0.000079
0.000022
-0.000068
-0.000121
-0.000102
-0.000031
0.000052
0.000107
0.000102
0.000039
-0.000047
-0.000146
-0.000243
-0.000280
-0.000230
-0.000148
-0.000093
-0.000064
-0.000037
-0.000004
0.000022
0.000020
0.000001
0.000015
0.000075
0.000142
0.000188
0.000219
0.000215
0.000139
0.000016
-0.000055
-0.000030
0.000014
-0.000011
-0.000079
-0.000109
-0.000081
-0.000042
-0.000041
-0.000088
-0.000134
-0.000116
-0.000046
0.000005
0.000021
0.000045
0.000069
0.000043
-0.000012
0.000002
0.000113
0.000192
0.000116
-0.000040
-0.000092
0.000052
0.000227
0.000122
-0.000234
-0.000422
-0.000320
-0.000235
-0.000269
-0.000208
0.000028
0.000245
0.000260
0.000150
0.000129
0.000207
0.000235
0.000169
0.000070
0.000013
0.000046
0.000117
0.000149
0.000136
0.000107
0.000081
0.000055
0.000012
-0.000037
-0.000055
-0.000032
-0.000021
-0.000088
-0.000206
-0.000278
-0.000256
-0.000186
-0.000144
-0.000146
-0.000137
-0.000092
-0.000034
0.000043
0.000135
0.000202
0.000247
0.000277
0.000225
0.000077
-0.000049
-0.000096
-0.000111
-0.000093
-0.000042
-0.000030
-0.000075
-0.000110
-0.000107
-0.000104
-0.000102
-0.000070
-0.000006
0.000043
0.000021
-0.000061
-0.000102
-0.000026
0.000088
0.000111
0.000063
0.000060
0.000128
0.000175
0.000118
0.000008
-0.000023
0.000061
0.000137
0.000090
-0.000042
-0.000138
-0.000144
-0.000080
0.000027
0.000128
0.000147
0.000083
0.000013
-0.000020
-0.000055
-0.000124
-0.000187
-0.000195
-0.000161
-0.000116
-0.000054
0.000021
0.000084
0.000114
0.000115
0.000126
0.000135
0.000070
-0.000043
-0.000087
-0.000051
-0.000009
0.000017
0.000015
-0.000023
-0.000045
-0.000028
-0.000026
-0.000040
-0.000022
0.000010
0.000018
0.000015
0.000002
-0.000039
-0.000056
-0.000001
0.000065
0.000058
0.000018
0.000021
0.000057
0.000114
0.000175
0.000151
0.000021
-0.000092
-0.000095
-0.000031
0.000014
-0.000015
-0.000093
-0.000136
-0.000101
-0.000033
-0.000010
-0.000035
-0.000055
-0.000053
-0.000036
0.000004
0.000052
0.000049
0.000010
0.000012
0.000049
0.000049
0.000026
0.000037
0.000064
0.000077
0.000101
0.000114
0.000073
0.000040
0.000059
-0.000008
-0.000229
-0.000383
-0.000262
0.000024
0.000269
0.000410
0.000431
0.000303
0.000104
-0.000014
-0.000044
-0.000103
-0.000200
-0.000246
-0.000232
-0.000222
-0.000253
-0.000299
-0.000323
-0.000292
-0.000190
-0.000061
0.000034
0.000096
0.000161
0.000197
0.000138
0.000031
0.000014
0.000123
0.000237
0.000227
0.000109
0.000021
0.000036
0.000075
0.000041
-0.000039
-0.000082
-0.000066
-0.000027
-0.000020
-0.000060
-0.000100
-0.000109
-0.000088
-0.000033
0.000039
0.000095
0.000117
0.000111
0.000102
0.000090
0.000067
0.000077
0.000128
0.000155
0.000123
0.000064
-0.000017
-0.000116
-0.000163
-0.000102
-0.000026
-0.000054
-0.000133
-0.000130
-0.000047
0.000001
-0.000014
-0.000012
0.000023
-0.000004
-0.000107
-0.000168
-0.000123
-0.000043
0.000022
0.000089
0.000135
0.000155
0.000200
0.000229
0.000133
-0.000038
-0.000120
-0.000103
-0.000114
-0.000176
-0.000192
-0.000132
-0.000062
-0.000011
0.000042
0.000102
0.000144
0.000142
0.000105
0.000058
0.000007
-0.000035
-0.000042
-0.000030
-0.000039
-0.000067
-0.000086
-0.000080
-0.000023
0.000071
0.000145
0.000163
0.000138
0.000130
0.000159
0.000143
0.000039
-0.000064
-0.000098
-0.000081
-0.000034
0.000022
0.000051
0.000017
-0.000081
-0.000181
-0.000199
-0.000114
-0.000013
-0.000009
-0.000092
-0.000151
-0.000139
-0.000083
0.000006
0.000118
0.000173
0.000095
-0.000049
-0.000121
-0.000063
0.000072
0.000154
0.000104
-0.000011
-0.000081
-0.000079
-0.000053
-0.000047
-0.000047
