7521
-0.000074
-0.000155
-0.000203
-0.000228
-0.000225
-0.000205
-0.000190
-0.000150
-0.000065
0.000010
0.000050
0.000088
0.000103
0.000024
-0.000108
-0.000158
-0.000079
0.000049
0.000155
0.000212
0.000210
0.000154
0.000081
0.000016
-0.000028
-0.000030
-0.000010
-0.000028
-0.000092
-0.000149
-0.000153
-0.000114
-0.000062
0.000005
0.000079
0.000105
0.000058
-0.000002
-0.000007
0.000020
0.000009
-0.000020
-0.000006
-0.000002
-0.000078
-0.000167
-0.000142
-0.000013
0.000087
0.000109
0.000133
0.000169
0.000144
0.000072
0.000045
0.000077
0.000095
0.000062
0.000008
-0.000028
-0.000061
-0.000101
-0.000123
-0.000111
-0.000082
-0.000054
-0.000040
-0.000047
-0.000058
-0.000049
-0.000001
0.000079
0.000116
0.000047
-0.000047
-0.000057
-0.000025
-0.000029
-0.000035
0.000011
0.000075
0.000093
0.000062
0.000025
-0.000006
-0.000053
-0.000080
-0.000016
0.000090
0.000113
0.000026
-0.000046
0.000023
0.000187
0.000249
0.000121
-0.000051
-0.000120
-0.000123
-0.000127
-0.000134
-0.000141
-0.000138
-0.000098
-0.000059
-0.000072
-0.000096
-0.000054
0.000056
0.000164
0.000208
0.000138
-0.000007
-0.000074
0.000011
0.000120
0.000118
0.000031
-0.000022
0.000006
0.000033
-0.000006
-0.000061
-0.000084
-0.000093
-0.000079
-0.000017
0.000051
0.000004
-0.000169
-0.000212
0.000036
0.000334
0.000436
0.000385
0.000282
0.000133
-0.000042
-0.000151
-0.000144
-0.000097
-0.000108
-0.000171
-0.000204
-0.000195
-0.000186
-0.000185
-0.000170
-0.000138
-0.000088
-0.000032
0.000015
0.000063
0.000102
0.000076
-0.000023
-0.000094
-0.000061
0.000020
0.000074
0.000075
0.000026
-0.000038
-0.000037
0.000065
0.000170
0.000163
0.000084
0.000038
0.000030
0.000012
-0.000005
-0.000011
-0.000067
-0.000168
-0.000158
0.000000
0.000134
0.000148
0.000133
0.000140
0.000110
0.000049
0.000059
0.000157
0.000221
0.000191
0.000130
0.000077
0.000012
-0.000058
-0.000121
-0.000184
-0.000233
-0.000234
-0.000187
-0.000129
-0.000084
-0.000076
-0.000124
-0.000177
-0.000149
-0.000028
0.000100
0.000138
0.000099
0.000080
0.000120
0.000157
0.000121
0.000012
-0.000094
-0.000141
-0.000133
-0.000089
-0.000030
0.000007
-0.000018
-0.000080
-0.000098
-0.000059
-0.000047
-0.000052
0.000043
0.000229
0.000342
0.000295
0.000167
0.000085
0.000072
0.000067
0.000037
0.000003
-0.000022
-0.000049
-0.000078
-0.000079
-0.000041
-0.000024
-0.000077
-0.000150
-0.000167
-0.000151
-0.000174
-0.000208
-0.000155
-0.000019
0.000102
0.000155
0.000132
0.000052
0.000008
0.000063
0.000142
0.000132
0.000039
-0.000050
-0.000095
-0.000081
-0.000005
0.000066
0.000080
0.000082
0.000107
0.000138
0.000162
0.000148
0.000050
-0.000084
-0.000154
-0.000162
-0.000147
-0.000094
-0.000028
-0.000024
-0.000093
-0.000175
-0.000195
-0.000142
-0.000088
-0.000041
0.000046
0.000148
0.000195
0.000167
0.000106
0.000074
0.000097
0.000156
0.000148
-0.000025
-0.000243
-0.000323
-0.000277
-0.000217
-0.000173
-0.000104
0.000015
0.000141
0.000205
0.000202
0.000167
0.000146
0.000175
0.000241
0.000272
0.000211
0.000079
-0.000040
-0.000095
-0.000106
-0.000100
-0.000062
-0.000002
0.000011
-0.000031
-0.000061
-0.000084
-0.000109
-0.000070
0.000012
0.000031
0.000002
0.000001
-0.000031
-0.000144
-0.000222
-0.000181
-0.000080
0.000005
0.000055
0.000073
0.000039
-0.000066
-0.000168
-0.000127
0.000056
0.000218
0.000271
0.000240
0.000164
0.000088
0.000067
0.000088
0.000058
-0.000053
-0.000142
-0.000113
-0.000022
-0.000017
-0.000135
-0.000246
-0.000223
-0.000104
-0.000011
0.000002
-0.000012
0.000016
0.000049
0.000014
-0.000035
0.000002
0.000066
0.000041
-0.000024
-0.000008
0.000055
0.000069
0.000044
0.000039
0.000050
0.000048
0.000064
0.000152
0.000247
0.000233
0.000122
0.000017
-0.000062
-0.000152
-0.000228
-0.000207
-0.000095
0.000001
0.000015
-0.000036
-0.000114
-0.000164
-0.000147
-0.000095
-0.000058
-0.000025
0.000045
0.000122
0.000133
0.000081
0.000038
0.000020
0.000003
0.000010
0.000047
0.000046
-0.000022
-0.000092
-0.000106
-0.000060
0.000030
0.000094
0.000077
0.000047
0.000094
0.000150
0.000116
0.000058
0.000043
-0.000006
-0.000127
-0.000221
-0.000221
-0.000179
-0.000151
-0.000146
-0.000153
-0.000122
0.000012
0.000194
0.000278
0.000253
0.000230
0.000198
0.000081
-0.000042
-0.000054
-0.000012
-0.000010
-0.000032
-0.000022
0.000009
0.000009
-0.000001
0.000045
0.000098
0.000053
-0.000049
-0.000100
-0.000070
-0.000005
-0.000013
-0.000140
-0.000192
-0.000004
0.000246
0.000321
0.000268
0.000202
0.000114
-0.000003
-0.000108
-0.000182
-0.000217
-0.000212
-0.000191
-0.000165
-0.000142
-0.000153
-0.000180
-0.000168
-0.000120
-0.000068
0.000008
0.000106
0.000156
0.000122
0.000050
-0.000017
-0.000047
0.000012
0.000156
0.000266
0.000236
0.000096
-0.000014
0.000003
0.000085
0.000101
0.000024
-0.000067
-0.000106
-0.000097
-0.000104
-0.000162
-0.000216
-0.000210
-0.000183
-0.000155
-0.000062
0.000067
0.000140
0.000163
0.000185
0.000201
0.000205
0.000197
0.000179
0.000167
0.000146
0.000117
0.000112
0.000124
0.000090
0.000007
-0.000063
-0.000122
-0.000204
-0.000244
-0.000190
-0.000125
-0.000140
-0.000190
-0.000180
-0.000109
-0.000032
-0.000002
-0.000042
-0.000079
-0.000023
0.000061
0.000054
-0.000007
-0.000022
0.000011
0.000056
0.000099
0.000112
0.000084
0.000042
0.000024
0.000055
0.000104
0.000108
0.000096
0.000125
0.000136
0.000078
0.000022
0.000016
-0.000010
-0.000087
-0.000138
-0.000114
-0.000086
-0.000127
-0.000175
-0.000134
-0.000041
0.000013
0.000050
0.000108
0.000124
0.000059
-0.000022
-0.000079
-0.000126
-0.000124
-0.000018
0.000134
0.000199
0.000141
0.000035
-0.000056
-0.000110
-0.000113
-0.000046
0.000074
0.000167
0.000176
0.000141
0.000084
-0.000032
-0.000143
-0.000143
-0.000090
-0.000112
-0.000172
-0.000161
-0.000091
-0.000033
-0.000020
-0.000018
0.000027
0.000086
0.000109
0.000124
0.000133
0.000092
0.000011
-0.000064
-0.000099
-0.000064
0.000010
0.000028
-0.000035
-0.000055
0.000041
0.000153
0.000169
0.000136
0.000140
0.000099
-0.000080
-0.000267
-0.000321
-0.000310
-0.000316
-0.000279
-0.000143
0.000009
0.000060
0.000025
0.000041
0.000172
0.000295
0.000293
0.000229
0.000224
0.000288
0.000301
0.000164
-0.000021
-0.000051
0.000070
0.000151
0.000134
0.000102
0.000061
-0.000029
-0.000122
-0.000193
-0.000274
-0.000335
-0.000307
-0.000213
-0.000142
-0.000127
-0.000126
-0.000077
0.000025
0.000092
0.000061
-0.000001
0.000023
0.000142
0.000215
0.000112
-0.000085
-0.000150
-0.000045
0.000042
0.000051
0.000082
0.000107
0.000067
0.000056
0.000119
0.000116
-0.000024
-0.000156
-0.000154
-0.000084
-0.000066
-0.000117
-0.000163
-0.000161
-0.000151
-0.000159
-0.000129
-0.000041
0.000030
0.000038
0.000014
-0.000003
0.000016
0.000086
0.000202
0.000318
0.000363
0.000335
0.000280
0.000196
0.000049
-0.000114
-0.000195
-0.000146
-0.000018
0.000064
0.000030
-0.000042
-0.000046
-0.000031
-0.000121
-0.000263
-0.000295
-0.000223
-0.000172
-0.000163
-0.000154
-0.000133
-0.000065
0.000074
0.000223
0.000270
0.000190
0.000079
0.000042
0.000097
0.000175
0.000180
0.000114
0.000070
0.000068
0.000054
0.000016
-0.000025
-0.000068
-0.000133
-0.000201
-0.000185
-0.000071
-0.000012
-0.000104
-0.000223
-0.000195
-0.000018
0.000172
0.000247
0.000158
-0.000004
-0.000080
-0.000056
-0.000006
0.000066
0.000163
0.000203
0.000131
0.000030
-0.000006
-0.000018
-0.000061
-0.000074
-0.000029
-0.000028
-0.000098
-0.000114
-0.000033
0.000052
0.000089
0.000113
0.000125
0.000102
0.000060
-0.000016
-0.000153
-0.000274
-0.000246
-0.000068
0.000093
0.000085
-0.000077
-0.000199
-0.000072
0.000214
0.000386
0.000396
0.000362
0.000291
0.000119
-0.000093
-0.000206
-0.000205
-0.000179
-0.000173
-0.000195
-0.000245
-0.000265
-0.000219
-0.000158
-0.000128
-0.000113
-0.000084
-0.000039
0.000005
0.000059
0.000125
0.000149
0.000111
0.000055
0.000029
0.000050
0.000093
0.000122
0.000134
0.000119
0.000064
-0.000001
-0.000001
0.000068
0.000096
0.000030
-0.000071
-0.000171
-0.000250
-0.000229
-0.000104
-0.000041
-0.000088
-0.000071
0.000071
0.000206
0.000260
0.000263
0.000240
0.000192
0.000125
0.000056
0.000007
0.000001
0.000018
0.000004
-0.000063
-0.000149
-0.000178
-0.000099
0.000025
0.000079
0.000049
-0.000012
-0.000063
-0.000070
-0.000045
-0.000030
-0.000019
0.000031
0.000097
0.000083
-0.000055
-0.000220
-0.000267
-0.000175
-0.000061
-0.000025
-0.000037
0.000007
0.000119
0.000190
0.000146
0.000063
0.000040
0.000028
-0.000053
-0.000117
-0.000054
0.000044
0.000039
-0.000010
0.000009
0.000058
0.000058
0.000043
0.000052
0.000027
-0.000059
-0.000134
-0.000152
-0.000129
-0.000067
0.000059
0.000198
0.000250
0.000221
0.000173
0.000108
0.000022
-0.000049
-0.000099
-0.000155
-0.000179
-0.000125
-0.000063
-0.000040
-0.000015
0.000011
-0.000011
-0.000043
-0.000020
0.000008
-0.000032
-0.000085
-0.000075
-0.000035
-0.000013
0.000009
0.000043
0.000083
0.000118
0.000111
0.000053
0.000020
0.000052
0.000071
0.000021
-0.000056
-0.000142
-0.000215
-0.000189
-0.000059
0.000034
0.000030
0.000030
0.000097
0.000162
0.000149
0.000100
0.000080
0.000074
0.000068
0.000093
0.000155
0.000163
-0.000027
-0.000361
-0.000552
-0.000457
-0.000250
-0.000140
-0.000111
-0.000049
0.000056
0.000144
0.000188
0.000194
0.000177
0.000185
0.000239
0.000266
0.000207
0.000118
0.000082
0.000089
0.000088
0.000079
0.000065
-0.000001
-0.000089
-0.000097
-0.000039
-0.000028
-0.000079
-0.000110
-0.000100
-0.000110
-0.000146
-0.000159
-0.000149
-0.000137
-0.000108
-0.000077
-0.000066
-0.000054
-0.000037
-0.000028
-0.000011
0.000038
0.000098
0.000111
0.000080
0.000097
0.000180
0.000218
0.000153
0.000072
0.000040
0.000003
-0.000057
-0.000077
-0.000056
-0.000055
-0.000069
-0.000075
-0.000093
-0.000130
-0.000145
-0.000105
-0.000038
-0.000005
-0.000019
-0.000023
0.000026
0.000063
0.000036
0.000008
0.000028
0.000040
0.000010
-0.000023
-0.000024
-0.000006
0.000012
0.000033
0.000056
0.000067
0.000055
0.000036
0.000062
0.000141
0.000205
0.000189
0.000113
0.000049
0.000025
-0.000014
-0.000095
-0.000140
-0.000097
-0.000065
-0.000139
-0.000236
-0.000249
-0.000175
-0.000065
-0.000009
-0.000066
-0.000161
-0.000174
-0.000078
0.000072
0.000189
0.000208
0.000172
0.000192
0.000248
0.000209
0.000099
0.000079
0.000147
0.000122
-0.000043
-0.000179
-0.000192
-0.000180
-0.000189
-0.000145
-0.000038
0.000078
0.000187
0.000213
0.000086
-0.000072
-0.000113
-0.000095
-0.000143
-0.000232
-0.000230
-0.000095
0.000088
0.000205
0.000184
0.000069
-0.000004
-0.000006
-0.000022
-0.000040
0.000030
0.000119
0.000087
-0.000016
-0.000033
0.000030
0.000050
0.000014
0.000005
0.000048
0.000081
0.000046
-0.000018
-0.000033
-0.000005
-0.000016
-0.000089
-0.000113
-0.000015
0.000108
0.000173
0.000221
0.000267
0.000232
0.000076
-0.000119
-0.000246
-0.000274
-0.000238
-0.000203
-0.000210
-0.000221
-0.000167
-0.000051
0.000027
-0.000008
-0.000075
-0.000044
0.000044
0.000065
0.000014
-0.000028
-0.000032
-0.000006
0.000031
0.000053
0.000062
0.000098
0.000156
0.000180
0.000153
0.000114
0.000092
0.000080
0.000049
-0.000004
-0.000058
-0.000112
-0.000168
-0.000202
-0.000177
-0.000089
-0.000030
-0.000071
-0.000089
0.000033
0.000182
0.000218
0.000170
0.000141
0.000153
0.000167
0.000159
0.000127
0.000097
0.000104
0.000119
0.000070
-0.000037
-0.000111
-0.000104
-0.000075
-0.000080
-0.000109
-0.000158
-0.000233
-0.000282
-0.000256
-0.000198
-0.000145
-0.000060
0.000064
0.000143
0.000121
0.000070
0.000069
0.000093
0.000090
0.000062
0.000038
0.000030
0.000039
0.000041
0.000005
-0.000066
-0.000134
-0.000158
-0.000119
-0.000043
0.000001
0.000007
0.000044
0.000146
0.000240
0.000216
0.000091
-0.000030
-0.000102
-0.000136
-0.000142
-0.000133
-0.000124
-0.000099
-0.000014
0.000100
0.000144
0.000031
-0.000769
-0.002305
-0.001789
0.002727
0.005848
0.001742
-0.003895
-0.002034
0.003331
0.002463
-0.002264
-0.002001
0.001695
0.001139
-0.002469
-0.002343
0.000677
0.000594
-0.002019
-0.001724
0.001255
0.001810
-0.000639
-0.001652
0.000252
0.001507
0.000023
-0.001260
0.000014
0.001233
0.000031
-0.000987
0.000603
0.001867
-0.000084
-0.001923
0.000402
0.003846
0.003038
-0.000189
-0.000587
-0.000015
-0.002648
-0.004127
-0.000036
0.003179
0.000523
-0.001460
0.001172
0.001967
-0.001397
-0.002606
-0.000501
-0.000160
-0.001193
0.000041
0.001233
-0.000568
-0.002035
-0.000817
0.000121
-0.000411
-0.000208
0.000935
0.001450
0.001294
0.001238
0.001326
0.000977
-0.000061
-0.000662
-0.000046
0.000435
0.000117
0.000382
0.001111
0.000508
-0.000800
-0.000716
-0.000062
-0.000634
-0.001214
-0.000485
-0.000022
-0.000580
-0.000496
0.000222
-0.000042
-0.000898
-0.001061
-0.000447
0.000521
0.001114
0.000767
0.000266
0.000425
0.000504
-0.000012
-0.000301
-0.000077
-0.000044
-0.000169
0.000218
0.000747
0.000571
-0.000085
-0.000528
-0.000480
-0.000050
0.000180
-0.000052
-0.000096
0.000168
0.000046
-0.000225
-0.000020
0.000072
-0.000351
-0.000489
-0.000153
0.000027
0.000131
0.000391
0.000345
0.000011
-0.000019
0.000048
-0.000213
-0.000443
-0.000461
-0.000545
-0.000394
0.000262
0.000704
0.000493
0.000195
0.000119
0.000056
-0.000010
-0.000026
-0.000020
0.000119
0.000399
0.000556
0.000510
0.000404
0.000158
-0.000241
-0.000384
-0.000154
0.000024
0.000060
0.000117
0.000009
-0.000272
-0.000432
-0.000554
-0.000784
-0.000872
-0.000690
-0.000429
-0.000175
0.000023
-0.000001
-0.000172
-0.000230
-0.000215
-0.000234
-0.000080
0.000273
0.000462
0.000440
0.000519
0.000697
0.000784
0.000820
0.000820
0.000644
0.000317
0.000051
-0.000005
0.000133
0.000258
0.000159
-0.000024
0.000003
0.000139
0.000088
-0.000101
-0.000241
-0.000359
-0.000456
-0.000450
-0.000388
-0.000333
-0.000305
-0.000344
-0.000354
-0.000235
-0.000183
-0.000310
-0.000307
-0.000030
0.000151
0.000047
-0.000015
0.000138
0.000226
0.000134
0.000164
0.000485
0.000828
0.000892
0.000764
0.000729
0.000766
0.000513
-0.000088
-0.000598
-0.000764
-0.000778
-0.000830
-0.000889
-0.000843
-0.000661
-0.000473
-0.000425
-0.000478
-0.000497
-0.000497
-0.000558
-0.000557
-0.000380
-0.000207
-0.000178
-0.000097
0.000162
0.000410
0.000481
0.000401
0.000197
-0.000067
-0.000171
-0.000032
-0.000070
-0.000896
-0.002245
-0.002483
-0.000449
0.002270
0.003066
0.002265
0.002304
0.003214
0.002902
0.001573
0.001409
0.002202
0.001788
0.000434
0.000482
0.001897
0.002143
0.000453
-0.001195
-0.001494
-0.001361
-0.001954
-0.002923
-0.003014
-0.002017
-0.001598
-0.003132
-0.004532
-0.002834
-0.000615
-0.002670
-0.006342
-0.004714
0.000684
0.001804
-0.001051
0.000031
0.004958
0.005433
0.001019
0.000372
0.004731
0.005576
0.000829
-0.001278
0.002706
0.005659
0.003067
0.000183
0.001556
0.003559
0.001933
-0.000985
-0.001209
0.000197
-0.000321
-0.002759
-0.003763
-0.002231
-0.001212
-0.002831
-0.004753
-0.004208
-0.002467
-0.002269
-0.003246
-0.002994
-0.001170
0.000241
0.000242
0.000045
0.000643
0.001121
0.000410
-0.001245
-0.003647
-0.006303
-0.006340
-0.001756
0.003828
0.005783
0.005902
0.008076
0.010137
0.008352
0.005464
0.005533
0.005975
0.003018
-0.000335
0.000651
0.004095
0.004846
0.002707
0.001253
0.000920
-0.000900
-0.004230
-0.006456
-0.007110
-0.007977
-0.009129
-0.008919
-0.007128
-0.005100
-0.003904
-0.004047
-0.005187
-0.005758
-0.005021
-0.004355
-0.004450
-0.003785
-0.001547
0.001163
0.003924
0.007279
0.010241
0.011008
0.009913
0.008865
0.008468
0.007744
0.006120
0.004277
0.003194
0.003061
0.003290
0.003230
0.002601
0.001406
-0.000266
-0.002250
-0.004087
-0.005198
-0.005705
-0.006386
-0.007251
-0.007235
-0.006126
-0.005244
-0.005321
-0.005551
-0.005322
-0.004970
-0.004632
-0.003930
-0.002713
-0.001178
0.000509
0.002305
0.004186
0.005921
0.006981
0.007034
0.006429
0.005748
0.005059
0.004024
0.002660
0.001242
-0.000983
-0.004908
-0.008031
-0.005932
0.000241
0.003598
0.002214
0.002197
0.005794
0.006825
0.002980
0.000590
0.002213
0.002004
-0.002143
-0.003931
-0.000327
0.002920
0.001600
-0.000458
0.000646
0.002139
0.000303
-0.003042
-0.004463
-0.004617
-0.005606
-0.006642
-0.006162
-0.004841
-0.003907
-0.003376
-0.003150
-0.003115
-0.002393
-0.001141
-0.001258
-0.002674
-0.002207
0.001216
0.004259
0.004795
0.005266
0.007458
0.008915
0.007900
0.006773
0.007129
0.006633
0.003808
0.001258
0.001171
0.001834
0.001168
-0.000016
-0.000259
0.000004
-0.000450
-0.001858
-0.003504
-0.004605
-0.005135
-0.005880
-0.007015
-0.007427
-0.006620
-0.005831
-0.005777
-0.005190
-0.003254
-0.001463
-0.001136
-0.001053
0.000315
0.002082
0.002671
0.002596
0.003342
0.004674
0.005212
0.004837
0.004580
0.004504
0.002898
-0.001590
-0.006427
-0.006558
-0.001679
0.002063
0.001457
0.001618
0.006293
0.010077
0.008098
0.005085
0.005977
0.006392
0.001531
-0.003979
-0.004007
-0.001350
-0.001803
-0.003816
-0.002297
0.001617
0.002472
-0.000317
-0.002485
-0.002695
-0.003619
-0.006224
-0.008557
-0.009368
-0.008982
-0.007808
-0.006268
-0.004657
-0.002553
-0.000170
0.000887
0.000303
0.000199
0.001652
0.003002
0.003115
0.003285
0.004695
0.006617
0.008026
0.008972
0.009705
0.009792
0.008660
0.006567
0.004498
0.002887
0.001167
-0.000962
-0.002686
-0.003148
-0.002715
-0.002536
-0.003004
-0.003361
-0.003206
-0.003493
-0.004965
-0.006627
-0.007334
-0.007651
-0.008329
-0.008527
-0.007304
-0.005228
-0.003265
-0.001468
0.000505
0.002524
0.004024
0.004595
0.004589
0.004786
0.005161
0.004912
0.004032
0.003470
0.003147
0.001211
-0.002891
-0.005536
-0.003054
0.001719
0.002905
0.001460
0.003427
0.008111
0.008665
0.005031
0.004185
0.006693
0.005671
-0.000012
-0.003559
-0.002301
-0.001129
-0.002687
-0.003534
-0.001588
0.000067
-0.001068
-0.002827
-0.002650
-0.001866
-0.002969
-0.005762
-0.008274
-0.009134
-0.008183
-0.006610
-0.005936
-0.005649
-0.003979
-0.001534
-0.000370
0.000220
0.002155
0.004174
0.004149
0.003492
0.004500
0.006193
0.006765
0.006914
0.007777
0.008620
0.008374
0.007292
0.006252
0.005507
0.004426
0.002418
0.000013
-0.001597
-0.002155
-0.002580
-0.003496
-0.004373
-0.004517
-0.004267
-0.004555
-0.005407
-0.005965
-0.006204
-0.006974
-0.007976
-0.007892
-0.006742
-0.005723
-0.004827
-0.003063
-0.000616
0.001455
0.002949
0.004333
0.005616
0.006348
0.006244
0.005561
0.004883
0.003956
0.001273
-0.003197
-0.005828
-0.003589
0.000672
0.002165
0.002156
0.005293
0.010012
0.010515
0.007578
0.007168
0.008831
0.006221
-0.000775
-0.005056
-0.004182
-0.003262
-0.004941
-0.005654
-0.003305
-0.000977
-0.001036
-0.001542
-0.000693
-0.000116
-0.001755
-0.004958
-0.007836
-0.009237
-0.009210
-0.008851
-0.008951
-0.008541
-0.006271
-0.002828
0.000071
0.002339
0.004793
0.006876
0.007432
0.006747
0.006168
0.006328
0.006579
0.006100
0.005243
0.005155
0.005934
0.006381
0.005995
0.005578
0.005343
0.004366
0.002426
0.000556
-0.000667
-0.001917
-0.003749
-0.005469
-0.006086
-0.005873
-0.006007
-0.006720
-0.007058
-0.006686
-0.006462
-0.006842
-0.007101
-0.006497
-0.005304
-0.004235
-0.003317
-0.001914
0.000226
0.002497
0.004207
0.005394
0.006348
0.006846
0.006464
0.004774
0.001356
-0.002580
-0.003943
-0.001897
0.000204
0.000355
0.001722
0.006355
0.010120
0.009862
0.009326
0.011521
0.012144
0.007194
0.000636
-0.002059
-0.002403
-0.004688
-0.007971
-0.008406
-0.006259
-0.004886
-0.004651
-0.003192
-0.000624
0.000408
-0.000949
-0.003221
-0.005243
-0.006775
-0.007908
-0.009158
-0.010583
-0.010699
-0.008310
-0.004720
-0.001744
0.001115
0.004943
0.008595
0.010088
0.009722
0.009484
0.009664
0.008555
0.005862
0.003757
0.003493
0.003616
0.002973
0.002657
0.003511
0.004432
0.004327
0.003594
0.002966
0.002250
0.000711
-0.001760
-0.004198
-0.005621
-0.006437
-0.007729
-0.009152
-0.009360
-0.008450
-0.007772
-0.007512
-0.006589
-0.004792
-0.003252
-0.002599
-0.002008
-0.000629
0.001073
0.002156
0.002689
0.003434
0.004330
0.004171
0.001936
-0.001258
-0.002309
-0.000053
0.002408
0.002417
0.002611
0.006144
0.010002
0.010084
0.009123
0.011271
0.013309
0.010013
0.003909
0.001000
0.000809
-0.001335
-0.005497
-0.007628
-0.006803
-0.006061
-0.006644
-0.006331
-0.004022
-0.001981
-0.002334
-0.004251
-0.005663
-0.005864
-0.005851
-0.006964
-0.009163
-0.010534
-0.009384
-0.006683
-0.004485
-0.002417
0.001253
0.005661
0.008125
0.008633
0.009697
0.011526
0.011453
0.008797
0.006321
0.005752
0.005350
0.003509
0.001698
0.001780
0.002868
0.003043
0.002404
0.002379
0.003027
0.002860
0.001117
-0.001121
-0.002597
-0.003786
-0.005944
-0.008633
-0.010057
-0.009948
-0.009837
-0.010168
-0.009519
-0.007216
-0.004691
-0.003243
-0.002089
-0.000034
0.002245
0.003241
0.003096
0.003236
0.003573
0.001991
-0.001809
-0.004169
-0.002407
0.000640
0.001261
0.001436
0.005089
0.010214
0.012128
0.012008
0.013933
0.016187
0.013886
0.008073
0.004132
0.002783
0.000138
-0.004529
-0.007782
-0.008202
-0.007974
-0.008301
-0.007699
-0.005430
-0.003136
-0.002359
-0.002928
-0.003917
-0.004675
-0.005311
-0.006801
-0.009647
-0.012074
-0.011689
-0.009309
-0.007633
-0.006203
-0.002306
0.003320
0.006924
0.008213
0.010582
0.014097
0.014784
0.011844
0.009122
0.008415
0.007167
0.003958
0.001154
0.000654
0.001131
0.000943
0.000712
0.001719
0.003490
0.004197
0.003057
0.001264
0.000065
-0.001205
-0.003954
-0.007611
-0.010019
-0.010727
-0.011415
-0.012524
-0.012180
-0.009528
-0.006504
-0.004665
-0.002823
0.000237
0.003191
0.004349
0.004331
0.004282
0.003001
-0.000695
-0.004126
-0.003929
-0.001643
-0.001054
-0.001286
0.001527
0.006624
0.009936
0.011790
0.015247
0.018624
0.017626
0.013181
0.009783
0.007804
0.004186
-0.001148
-0.005464
-0.008013
-0.010035
-0.011424
-0.010865
-0.008529
-0.006098
-0.004451
-0.003314
-0.002539
-0.002148
-0.002192
-0.003399
-0.006429
-0.009917
-0.011392
-0.010845
-0.010370
-0.009907
-0.007241
-0.002503
0.001567
0.004422
0.008238
0.012893
0.015319
0.014629
0.013258
0.012508
0.010922
0.007636
0.004158
0.001983
0.000761
-0.000319
-0.001010
-0.000583
0.000847
0.002104
0.002304
0.001925
0.001768
0.001319
-0.000691
-0.004055
-0.007002
-0.008834
-0.010600
-0.012583
-0.013297
-0.011948
-0.009877
-0.008175
-0.005881
-0.002255
0.001298
0.003390
0.004442
0.004511
0.002560
-0.000286
-0.001095
-0.000152
-0.000595
-0.002107
-0.000929
0.002911
0.005577
0.007108
0.010991
0.016132
0.017564
0.015119
0.013360
0.013080
0.010574
0.005124
0.000148
-0.003046
-0.006450
-0.010263
-0.012027
-0.011142
-0.009790
-0.009095
-0.008055
-0.006237
-0.004429
-0.003062
-0.002359
-0.003164
-0.005306
-0.006738
-0.006743
-0.007226
-0.008594
-0.008323
-0.005616
-0.003040
-0.001489
0.001550
0.006547
0.010194
0.011082
0.011736
0.013425
0.013932
0.011896
0.009096
0.007102
0.005172
0.002586
0.000268
-0.000766
-0.000751
-0.000549
-0.000519
-0.000286
0.000408
0.000816
-0.000160
-0.002227
-0.003893
-0.004883
-0.006531
-0.009126
-0.010928
-0.010895
-0.010246
-0.009925
-0.008838
-0.006162
-0.003083
-0.000851
0.000462
0.000711
0.000092
0.000238
0.001822
0.002720
0.001698
0.001344
0.003520
0.005673
0.006045
0.007442
0.011381
0.014129
0.013002
0.011184
0.011701
0.012011
0.009029
0.004573
0.001644
-0.000579
-0.004046
-0.007502
-0.008714
-0.008459
-0.008817
-0.009593
-0.009361
-0.008089
-0.006666
-0.005636
-0.005461
-0.006202
-0.006623
-0.005889
-0.005376
-0.006014
-0.005951
-0.003919
-0.001918
-0.001353
-0.000109
0.003243
0.006333
0.007211
0.007657
0.009444
0.011049
0.010605
0.009029
0.008038
0.007346
0.005783
0.003618
0.002113
0.001666
0.001462
0.000754
-0.000137
-0.000447
-0.000316
-0.000854
-0.002489
-0.004099
-0.004779
-0.005441
-0.007079
-0.008672
-0.008843
-0.008287
-0.008280
-0.008158
-0.006672
-0.004438
-0.003007
-0.002952
-0.003620
-0.003480
-0.001612
0.000523
0.000916
0.000731
0.002721
0.005935
0.007230
0.007475
0.009911
0.013451
0.014076
0.012002
0.011129
0.011953
0.011064
0.007431
0.003853
0.001837
-0.000364
-0.003726
-0.006417
-0.007136
-0.007294
-0.008227
-0.009086
-0.008805
-0.007729
-0.006692
-0.006288
-0.006876
-0.007683
-0.007151
-0.005775
-0.005737
-0.006670
-0.005886
-0.003411
-0.002019
-0.001688
0.000502
0.004352
0.006430
0.006400
0.007418
0.009995
0.011155
0.009911
0.008543
0.008185
0.007404
0.005462
0.003596
0.002766
0.002454
0.001781
0.000652
-0.000287
-0.000600
-0.000832
-0.001909
-0.003616
-0.004685
-0.004933
-0.005710
-0.007376
-0.008419
-0.008078
-0.007568
-0.007634
-0.007160
-0.005514
-0.004320
-0.005107
-0.006277
-0.004996
-0.001829
-0.000114
-0.000363
0.000703
0.004173
0.006829
0.007343
0.008758
0.012210
0.014262
0.013063
0.011526
0.011788
0.011745
0.009297
0.005669
0.002822
0.000675
-0.001707
-0.004143
-0.005719
-0.006249
-0.006495
-0.007061
-0.007669
-0.007587
-0.006628
-0.005710
-0.006067
-0.007536
-0.008211
-0.007099
-0.006026
-0.006594
-0.007139
-0.005569
-0.003088
-0.001805
-0.000742
0.001976
0.005110
0.006422
0.006631
0.007741
0.009351
0.009556
0.008219
0.007023
0.006720
0.006266
0.004924
0.003583
0.003278
0.003455
0.002747
0.001197
0.000220
0.000171
-0.000362
-0.002237
-0.004258
-0.005110
-0.005496
-0.006693
-0.008112
-0.008277
-0.007410
-0.006940
-0.006888
-0.006011
-0.004708
-0.004993
-0.006578
-0.006364
-0.003572
-0.001376
-0.001385
-0.000684
0.002713
0.005980
0.006946
0.008218
0.011642
0.014215
0.013500
0.011953
0.012025
0.011900
0.009500
0.006118
0.003541
0.001311
-0.001374
-0.003817
-0.005205
-0.005910
-0.006512
-0.006948
-0.007095
-0.006902
-0.006167
-0.005287
-0.005392
-0.006659
-0.007402
-0.006530
-0.005698
-0.006391
-0.006935
-0.005501
-0.003535
-0.002850
-0.001959
0.000912
0.004014
0.005185
0.005658
0.007328
0.009213
0.009480
0.008492
0.007689
0.007242
0.006407
0.005055
0.003807
0.003184
0.002891
0.002047
0.000617
-0.000264
-0.000252
-0.000663
-0.002307
-0.003969
-0.004457
-0.004671
-0.005839
-0.007196
-0.007329
-0.006640
-0.006516
-0.006804
-0.006549
-0.006451
-0.007287
-0.007307
-0.005097
-0.002773
-0.002363
-0.001713
0.001505
0.004969
0.006238
0.007652
0.011271
0.014191
0.013796
0.012504
0.012829
0.012758
0.010077
0.006507
0.004137
0.001989
-0.001146
-0.004040
-0.005346
-0.005859
-0.006731
-0.007448
-0.007180
-0.006308
-0.005476
-0.004859
-0.004823
-0.005588
-0.006041
-0.005191
-0.004504
-0.005534
-0.006596
-0.005620
-0.004046
-0.003813
-0.003271
-0.000501
0.002533
0.003602
0.004349
0.006735
0.009121
0.009401
0.008533
0.008218
0.008060
0.007007
0.005384
0.004155
0.003498
0.002797
0.001485
-0.000066
-0.000781
-0.000632
-0.001016
-0.002494
-0.003778
-0.004051
-0.004436
-0.005790
-0.006921
-0.006676
-0.006007
-0.006132
-0.006516
-0.006664
-0.007346
-0.008072
-0.006942
-0.004452
-0.003265
-0.003155
-0.001025
0.002956
0.005433
0.006612
0.009597
0.013433
0.014298
0.012808
0.012820
0.013986
0.012602
0.008604
0.005330
0.003457
0.000749
-0.002951
-0.005389
-0.006095
-0.006840
-0.008077
-0.008409
-0.007423
-0.006128
-0.005155
-0.004677
-0.005054
-0.005746
-0.005319
-0.004180
-0.004394
-0.005559
-0.005126
-0.003371
-0.002893
-0.003154
-0.001371
0.001664
0.002915
0.002991
0.004682
0.007382
0.008374
0.007745
0.007535
0.007901
0.007526
0.006288
0.005190
0.004647
0.004137
0.002977
0.001212
-0.000165
-0.000639
-0.001297
-0.003075
-0.004873
-0.005330
-0.005271
-0.006140
-0.007259
-0.007071
-0.006021
-0.005671
-0.006044
-0.006386
-0.006778
-0.006864
-0.005666
-0.003870
-0.003244
-0.003106
-0.001011
0.002468
0.004593
0.005946
0.009049
0.012630
0.013440
0.012440
0.012980
0.014261
0.012853
0.009073
0.006092
0.004256
0.001398
-0.002427
-0.004980
-0.005903
-0.006984
-0.008629
-0.009356
-0.008585
-0.007276
-0.006271
-0.005783
-0.005776
-0.005545
-0.004259
-0.002965
-0.003418
-0.004553
-0.003991
-0.002545
-0.002568
-0.002942
-0.001108
0.001541
0.002181
0.002133
0.004155
0.006946
0.007663
0.007030
0.007286
0.007975
0.007492
0.006254
0.005580
0.005344
0.004566
0.002988
0.001240
0.000081
-0.000559
-0.001607
-0.003414
-0.005023
-0.005646
-0.005909
-0.006610
-0.007266
-0.007039
-0.006226
-0.006033
-0.007151
-0.008451
-0.007870
-0.005578
-0.004244
-0.004715
-0.004210
-0.000887
0.002708
0.004145
0.005632
0.009458
0.013010
0.013186
0.012031
0.012968
0.014553
0.013139
0.009201
0.006135
0.004593
0.002308
-0.001331
-0.004260
-0.005384
-0.006166
-0.007748
-0.009012
-0.008636
-0.007179
-0.006254
-0.006550
-0.007150
-0.006631
-0.004946
-0.003882
-0.004402
-0.004703
-0.003285
-0.001862
-0.002126
-0.002181
0.000025
0.002448
0.002550
0.002151
0.003964
0.006468
0.006793
0.005771
0.005912
0.006909
0.006804
0.005710
0.005327
0.005838
0.005645
0.003942
0.001970
0.001161
0.000862
-0.000653
-0.003233
-0.005005
-0.005451
-0.006019
-0.007371
-0.008262
-0.007827
-0.007134
-0.007713
-0.009293
-0.009574
-0.007295
-0.004710
-0.004386
-0.004644
-0.002075
0.002199
0.004234
0.004671
0.007405
0.011681
0.013043
0.011441
0.011248
0.013270
0.013507
0.010316
0.006778
0.005165
0.003849
0.001000
-0.002196
-0.003830
-0.004451
-0.005791
-0.007658
-0.008336
-0.007348
-0.006139
-0.006192
-0.007228
-0.007502
-0.006046
-0.004388
-0.004546
-0.005442
-0.004487
-0.002441
-0.002075
-0.002581
-0.000929
0.001942
0.002594
0.001742
0.002861
0.005554
0.006556
0.005745
0.005660
0.006688
0.007053
0.006281
0.005631
0.005734
0.005661
0.004453
0.002628
0.001487
0.001038
-0.000154
-0.002497
-0.004493
-0.005205
-0.005654
-0.006797
-0.007818
-0.007628
-0.007113
-0.008198
-0.010256
-0.010067
-0.007090
-0.005013
-0.005552
-0.005125
-0.001250
0.002672
0.003820
0.005243
0.009388
0.012860
0.012677
0.011700
0.012984
0.014256
0.012480
0.008965
0.006375
0.004573
0.002031
-0.001154
-0.003597
-0.004791
-0.005622
-0.006814
-0.007843
-0.007753
-0.006553
-0.005536
-0.005885
-0.006873
-0.006464
-0.004485
-0.003475
-0.004503
-0.004937
-0.003224
-0.001840
-0.002320
-0.002150
0.000110
0.001742
0.001209
0.001235
0.003518
0.005629
0.005627
0.005042
0.005588
0.006605
0.006855
0.006445
0.006157
0.006085
0.005549
0.004139
0.002485
0.001411
0.000454
-0.001362
-0.003594
-0.005014
-0.005618
-0.006395
-0.007486
-0.008037
-0.008141
-0.009105
-0.010640
-0.010303
-0.007662
-0.005758
-0.005936
-0.005013
-0.001033
0.002829
0.004359
0.006346
0.010341
0.013014
0.012485
0.011902
0.013240
0.013728
0.011366
0.008204
0.006096
0.004098
0.001335
-0.001284
-0.003048
-0.004510
-0.006041
-0.007153
-0.007437
-0.006999
-0.006209
-0.005768
-0.006193
-0.006732
-0.006025
-0.004410
-0.003860
-0.004588
-0.004413
-0.002862
-0.002088
-0.002366
-0.001401
0.000858
0.001847
0.001504
0.002361
0.004426
0.005297
0.004771
0.004675
0.005336
0.005786
0.005888
0.005990
0.005937
0.005507
0.004767
0.003769
0.002668
0.001686
0.000518
-0.001258
-0.003242
-0.004729
-0.005697
-0.006562
-0.007470
-0.008556
-0.010107
-0.011358
-0.010757
-0.008630
-0.007165
-0.006811
-0.005311
-0.001762
0.001442
0.003190
0.005864
0.010124
0.012688
0.012190
0.011899
0.013612
0.014352
0.012040
0.008912
0.006947
0.004851
0.001573
-0.001434
-0.003067
-0.004361
-0.006233
-0.007862
-0.008199
-0.007421
-0.006408
-0.005971
-0.006264
-0.006347
-0.005225
-0.003601
-0.003175
-0.003772
-0.003433
-0.002042
-0.001540
-0.001914
-0.001054
0.000826
0.001249
0.000469
0.001219
0.003343
0.004098
0.003381
0.003496
0.004710
0.005414
0.005428
0.005793
0.006480
0.006558
0.005785
0.004727
0.003827
0.002889
0.001345
-0.000880
-0.003043
-0.004587
-0.005803
-0.007055
-0.008311
-0.009781
-0.011471
-0.012161
-0.010956
-0.009085
-0.007971
-0.006706
-0.003824
-0.000347
0.002139
0.004677
0.008498
0.011798
0.012537
0.012159
0.013042
0.014156
0.013003
0.010000
0.007382
0.005426
0.002861
-0.000144
-0.002254
-0.003517
-0.005093
-0.006931
-0.007810
-0.007356
-0.006412
-0.005819
-0.005778
-0.005914
-0.005499
-0.004332
-0.003444
-0.003626
-0.003817
-0.002971
-0.002075
-0.002005
-0.001554
0.000084
0.001275
0.000920
0.000806
0.002366
0.004047
0.004245
0.003937
0.004497
0.005419
0.005772
0.005823
0.005969
0.005843
0.005218
0.004403
0.003500
0.002351
0.001020
-0.000405
-0.002113
-0.004046
-0.005574
-0.006441
-0.007623
-0.009996
-0.012174
-0.011905
-0.009865
-0.008846
-0.008912
-0.007205
-0.003281
-0.000126
0.001607
0.004748
0.009477
0.012247
0.012123
0.012341
0.014189
0.014837
0.012689
0.009779
0.007710
0.005483
0.002260
-0.000915
-0.002989
-0.004431
-0.006090
-0.007725
-0.008393
-0.007747
-0.006569
-0.006080
-0.006462
-0.006373
-0.004819
-0.003012
-0.002787
-0.003440
-0.002800
-0.001319
-0.001208
-0.001875
-0.000919
0.000972
0.001081
-0.000018
0.000603
0.002725
0.003603
0.003026
0.003102
0.004299
0.005319
0.005688
0.006012
0.006458
0.006506
0.005819
0.004650
0.003566
0.002699
0.001370
-0.000861
-0.003188
-0.004689
-0.005764
-0.007600
-0.010501
-0.012896
-0.012938
-0.011448
-0.010876
-0.010898
-0.008576
-0.003877
-0.000361
0.001415
0.004841
0.010044
0.012977
0.012767
0.013085
0.015131
0.015603
0.012963
0.009778
0.007760
0.005519
0.001991
-0.001558
-0.003718
-0.004924
-0.006379
-0.008018
-0.008607
-0.007646
-0.006211
-0.005682
-0.006027
-0.005857
-0.004366
-0.002675
-0.002401
-0.003054
-0.002726
-0.001591
-0.001532
-0.002168
-0.001398
0.000297
0.000503
-0.000364
0.000379
0.002589
0.003637
0.003260
0.003521
0.004912
0.006065
0.006343
0.006324
0.006470
0.006583
0.006083
0.004685
0.003056
0.001979
0.000904
-0.001168
-0.003714
-0.005393
-0.006533
-0.008879
-0.012131
-0.013367
-0.011803
-0.010575
-0.011266
-0.010725
-0.006673
-0.002209
-0.000115
0.002326
0.007393
0.011768
0.012608
0.012727
0.014854
0.016469
0.014788
0.011549
0.009247
0.007245
0.004154
0.000503
-0.002537
-0.004749
-0.006483
-0.007927
-0.008836
-0.008651
-0.007358
-0.006189
-0.006231
-0.006378
-0.004799
-0.002376
-0.001808
-0.002961
-0.002811
-0.000998
-0.000594
-0.002022
-0.002088
-0.000284
0.000242
-0.000997
-0.000839
0.001341
0.002601
0.002134
0.002314
0.004060
0.005824
0.006594
0.006731
0.006829
0.007165
0.007250
0.006187
0.004318
0.002984
0.002010
-0.000161
-0.003292
-0.005524
-0.007137
-0.010031
-0.013223
-0.013777
-0.012201
-0.011685
-0.012043
-0.009891
-0.005219
-0.001632
0.000450
0.004081
0.009175
0.012264
0.012904
0.014097
0.016094
0.015919
0.013149
0.010315
0.008103
0.005138
0.001495
-0.001512
-0.003849
-0.006120
-0.007842
-0.008489
-0.008480
-0.007957
-0.006738
-0.005705
-0.005568
-0.004981
-0.002809
-0.000933
-0.001329
-0.002144
-0.001036
0.000189
-0.000750
-0.001927
-0.001081
-0.000070
-0.000911
-0.001613
-0.000231
0.001335
0.001272
0.001121
0.002460
0.004360
0.005575
0.006135
0.006449
0.006872
0.007425
0.007160
0.005501
0.003713
0.002733
0.001179
-0.001931
-0.005009
-0.007116
-0.009683
-0.012647
-0.013604
-0.012501
-0.012040
-0.012293
-0.010287
-0.005854
-0.002031
0.000730
0.004670
0.009457
0.012416
0.013496
0.015016
0.016745
0.016162
0.013252
0.010316
0.007847
0.004606
0.000748
-0.002418
-0.004846
-0.007221
-0.008993
-0.009360
-0.008895
-0.008249
-0.007184
-0.006019
-0.005326
-0.004206
-0.001935
-0.000257
-0.000571
-0.000929
0.000284
0.001042
-0.000057
-0.000810
-0.000078
-0.000115
-0.001604
-0.001940
-0.000421
0.000435
-0.000039
0.000307
0.002104
0.003840
0.004902
0.005754
0.006431
0.006890
0.007202
0.006848
0.005538
0.004103
0.002892
0.000866
-0.002245
-0.005344
-0.008188
-0.011053
-0.012924
-0.013136
-0.012944
-0.013017
-0.011725
-0.008256
-0.004449
-0.001272
0.002655
0.007454
0.011117
0.013043
0.014846
0.016888
0.017176
0.014933
0.012002
0.009554
0.006611
0.002636
-0.001200
-0.004081
-0.006627
-0.009057
-0.010302
-0.009931
-0.008931
-0.008001
-0.007045
-0.006009
-0.004608
-0.002499
-0.000569
-0.000105
-0.000345
0.000379
0.001328
0.000882
0.000016
0.000200
0.000284
-0.000911
-0.001792
-0.000967
0.000063
-0.000070
-0.000113
0.001135
0.002855
0.004075
0.004903
0.005669
0.006431
0.006998
0.006864
0.005825
0.004506
0.003266
0.001395
-0.001418
-0.004445
-0.007452
-0.010405
-0.012293
-0.012805
-0.013165
-0.013490
-0.011983
-0.008302
-0.004607
-0.001617
0.002344
0.007216
0.010771
0.012649
0.014639
0.016881
0.017308
0.015250
0.012401
0.009801
0.006698
0.002654
-0.001342
-0.004409
-0.006930
-0.009267
-0.010616
-0.010369
-0.009300
-0.008389
-0.007711
-0.006692
-0.004699
-0.001984
-0.000034
0.000267
0.000329
0.001566
0.002522
0.001584
0.000450
0.000801
0.000820
-0.000901
-0.002090
-0.001127
-0.000190
-0.000844
-0.001117
0.000516
0.002609
0.003749
0.004408
0.005310
0.006368
0.007042
0.006803
0.005848
0.004995
0.004138
0.002141
-0.001108
-0.004631
-0.008032
-0.010961
-0.012594
-0.013246
-0.013989
-0.014156
-0.012162
-0.008670
-0.005381
-0.001680
0.003392
0.008177
0.011224
0.013785
0.016792
0.018611
0.017810
0.015459
0.013007
0.010212
0.006384
0.001914
-0.002187
-0.005498
-0.008322
-0.010627
-0.011671
-0.011226
-0.010159
-0.009264
-0.008382
-0.006781
-0.004133
-0.001353
0.000117
0.000481
0.001475
0.003091
0.003274
0.001999
0.001522
0.001766
0.000540
-0.001532
-0.001777
-0.000643
-0.000732
-0.001732
-0.001247
0.000813
0.002638
0.003640
0.004514
0.005662
0.006797
0.007241
0.006693
0.005836
0.005142
0.003688
0.000687
-0.003130
-0.006771
-0.009718
-0.011557
-0.012731
-0.014199
-0.015202
-0.013807
-0.010440
-0.007250
-0.003905
0.001151
0.006455
0.009822
0.012462
0.016091
0.018973
0.018852
0.016799
0.014780
0.012418
0.008660
0.004020
-0.000335
-0.004063
-0.007441
-0.010329
-0.011956
-0.011961
-0.011116
-0.010406
-0.009780
-0.008274
-0.005358
-0.002074
-0.000208
0.000225
0.001202
0.003220
0.004020
0.002739
0.001706
0.001778
0.000736
-0.001568
-0.002235
-0.001015
-0.000854
-0.002063
-0.001924
0.000131
0.002125
0.003298
0.004481
0.005987
0.007307
0.007896
0.007604
0.006918
0.006225
0.004815
0.001848
-0.002263
-0.006331
-0.009362
-0.011215
-0.012913
-0.015115
-0.016266
-0.014537
-0.011202
-0.008351
-0.004758
0.000971
0.006348
0.009372
0.012322
0.016701
0.019636
0.019002
0.016881
0.015156
0.012722
0.008687
0.004025
-0.000328
-0.004301
-0.007894
-0.010793
-0.012435
-0.012503
-0.011686
-0.011143
-0.010633
-0.008540
-0.004695
-0.001378
-0.000137
0.000547
0.002570
0.004661
0.004522
0.003202
0.003041
0.002961
0.000831
-0.001680
-0.001900
-0.001238
-0.002241
-0.003495
-0.002461
-0.000076
0.001487
0.002342
0.003701
0.005666
0.007292
0.007718
0.007213
0.006866
0.006562
0.004691
0.000742
-0.003627
-0.006736
-0.008736
-0.010924
-0.013720
-0.015699
-0.015113
-0.012582
-0.010172
-0.007378
-0.002292
0.003524
0.007165
0.009932
0.014500
0.018877
0.019520
0.017619
0.016261
0.014821
0.011296
0.006351
0.001691
-0.002426
-0.006415
-0.010047
-0.012503
-0.013172
-0.012573
-0.012101
-0.011958
-0.010388
-0.006563
-0.002619
-0.000705
0.000224
0.002326
0.004931
0.005623
0.004604
0.004186
0.004193
0.002430
-0.000453
-0.001562
-0.001136
-0.001978
-0.003821
-0.003773
-0.001675
0.000094
0.000912
0.002137
0.004277
0.006320
0.007293
0.007394
0.007425
0.007295
0.005759
0.002113
-0.002425
-0.005781
-0.007600
-0.009649
-0.012870
-0.015405
-0.015023
-0.012665
-0.010746
-0.008435
-0.003447
0.002480
0.006098
0.008744
0.013471
0.018456
0.019730
0.018110
0.016996
0.016012
0.012767
0.007706
0.002839
-0.001437
-0.005722
-0.009778
-0.012653
-0.013738
-0.013537
-0.013439
-0.013661
-0.012199
-0.008028
-0.003684
-0.001641
-0.000395
0.002514
0.005822
0.006689
0.005764
0.005606
0.005598
0.003548
0.000634
-0.000420
-0.000395
-0.001902
-0.004173
-0.004336
-0.002453
-0.000862
-0.000071
0.001221
0.003394
0.005397
0.006363
0.006645
0.007018
0.007185
0.005634
0.001633
-0.002839
-0.005145
-0.006160
-0.008941
-0.013163
-0.015041
-0.013396
-0.011432
-0.010529
-0.007611
-0.001743
0.003244
0.005819
0.009400
0.015148
0.018910
0.018369
0.016758
0.016393
0.015101
0.011257
0.006426
0.002097
-0.002078
-0.006524
-0.010541
-0.013062
-0.013781
-0.013667
-0.014012
-0.014115
-0.011640
-0.006831
-0.003167
-0.001923
-0.000149
0.003743
0.006765
0.006706
0.006022
0.006725
0.006445
0.003538
0.000828
0.000454
0.000052
-0.002377
-0.004419
-0.003596
-0.001549
-0.000726
-0.000493
0.000985
0.003475
0.005214
0.005618
0.005818
0.006461
0.006246
0.003496
-0.001007
-0.004222
-0.005215
-0.006863
-0.010821
-0.014077
-0.013597
-0.011372
-0.010532
-0.009204
-0.004379
0.001363
0.004270
0.006534
0.011676
0.017082
0.018244
0.016610
0.016190
0.016198
0.013575
0.008794
0.004325
0.000597
-0.003461
-0.007855
-0.011271
-0.012766
-0.013050
-0.013730
-0.014684
-0.013417
-0.009135
-0.005112
-0.003688
-0.002293
0.001613
0.005500
0.006259
0.005768
0.006763
0.007321
0.005020
0.002136
0.001465
0.001295
-0.000895
-0.003491
-0.003665
-0.002140
-0.001333
-0.001247
-0.000191
0.002023
0.003805
0.004318
0.004700
0.005911
0.006538
0.004395
0.000085
-0.003017
-0.003708
-0.005102
-0.009174
-0.012771
-0.012580
-0.010611
-0.010182
-0.009438
-0.005141
0.000266
0.002893
0.004866
0.009866
0.015457
0.017086
0.015868
0.015682
0.016051
0.014067
0.009849
0.005494
0.001616
-0.002463
-0.006813
-0.010368
-0.012035
-0.012353
-0.013163
-0.014559
-0.013885
-0.010042
-0.006145
-0.004660
-0.003357
0.000266
0.004225
0.005674
0.005795
0.006812
0.007448
0.005745
0.003302
0.002489
0.002208
0.000195
-0.002508
-0.003137
-0.001800
-0.000921
-0.001128
-0.000703
0.001211
0.003144
0.003777
0.004018
0.004987
0.005496
0.003525
-0.000324
-0.002966
-0.003475
-0.004857
-0.008817
-0.012155
-0.011761
-0.009845
-0.009558
-0.008815
-0.004635
0.000342
0.002718
0.004917
0.010029
0.015181
0.016340
0.015118
0.015029
0.015239
0.013143
0.009094
0.005037
0.001501
-0.002223
-0.006360
-0.009850
-0.011471
-0.011808
-0.012756
-0.014215
-0.013395
-0.009474
-0.005858
-0.004814
-0.003714
-0.000007
0.003982
0.005159
0.005028
0.006242
0.007243
0.005611
0.003225
0.002839
0.002953
0.000936
-0.001753
-0.002090
-0.000702
-0.000262
-0.000870
-0.000475
0.001421
0.003019
0.003204
0.003240
0.004226
0.004584
0.002130
-0.001936
-0.004002
-0.003883
-0.005432
-0.009571
-0.012065
-0.010663
-0.008862
-0.008983
-0.007649
-0.002809
0.001670
0.003374
0.005870
0.011261
0.015549
0.015622
0.014302
0.014522
0.014494
0.011923
0.007794
0.003996
0.000732
-0.002817
-0.006750
-0.009816
-0.010980
-0.011417
-0.012919
-0.014223
-0.012408
-0.008384
-0.006015
-0.005411
-0.003030
0.001426
0.004268
0.004460
0.004998
0.006719
0.006803
0.004593
0.002955
0.002909
0.002177
-0.000186
-0.001913
-0.001373
-0.000138
-0.000142
-0.000611
0.000360
0.002473
0.003599
0.003379
0.003658
0.004687
0.004026
0.000542
-0.003052
-0.004067
-0.004367
-0.007160
-0.010969
-0.011757
-0.009816
-0.008919
-0.008958
-0.006173
-0.001001
0.002237
0.003688
0.007375
0.012745
0.015240
0.014422
0.014009
0.014713
0.013788
0.010526
0.006821
0.003659
0.000349
-0.003667
-0.007569
-0.009905
-0.010719
-0.011784
-0.013495
-0.013410
-0.010327
-0.007158
-0.006238
-0.005294
-0.001903
0.001939
0.003520
0.004012
0.005498
0.006755
0.005894
0.004202
0.003768
0.003716
0.002002
-0.000624
-0.001549
-0.000599
-0.000155
-0.000941
-0.000951
0.000792
0.002365
0.002385
0.002429
0.003753
0.004463
0.002426
-0.001055
-0.002918
-0.003067
-0.004550
-0.008222
-0.010753
-0.009975
-0.008542
-0.008805
-0.008073
-0.003967
0.000338
0.002067
0.004210
0.009172
0.013474
0.013938
0.013099
0.013897
0.014477
0.012327
0.008609
0.005464
0.002757
-0.000727
-0.004764
-0.007673
-0.008775
-0.009669
-0.011706
-0.013246
-0.011901
-0.008820
-0.007149
-0.006693
-0.004653
-0.000996
0.001559
0.002390
0.003487
0.005188
0.005539
0.004291
0.003570
0.003936
0.003374
0.001166
-0.000422
0.000128
0.000966
0.000241
-0.000623
0.000428
0.002399
0.003010
0.002675
0.003366
0.004483
0.003533
0.000365
-0.002343
-0.003052
-0.003684
-0.006430
-0.009796
-0.010605
-0.009168
-0.008590
-0.008706
-0.006190
-0.001546
0.001184
0.002349
0.005869
0.010834
0.012727
0.011787
0.012086
0.013666
0.012992
0.009741
0.006688
0.004555
0.001726
-0.002222
-0.005644
-0.007229
-0.007935
-0.009619
-0.011782
-0.011719
-0.008976
-0.006712
-0.006462
-0.005467
-0.002067
0.001042
0.001891
0.002561
0.004496
0.005464
0.004130
0.002843
0.003153
0.003066
0.001095
-0.000889
-0.000874
0.000064
-0.000159
-0.001037
-0.000453
0.001551
0.002725
0.002462
0.002756
0.004239
0.004537
0.002240
-0.000622
-0.001821
-0.002291
-0.004341
-0.007708
-0.009657
-0.009123
-0.008390
-0.008813
-0.007844
-0.003866
-0.000066
0.001320
0.003479
0.008411
0.012233
0.012231
0.011658
0.013001
0.013433
0.010774
0.007307
0.005060
0.002819
-0.000687
-0.004384
-0.006619
-0.007540
-0.008807
-0.010869
-0.011675
-0.009791
-0.007331
-0.006659
-0.006134
-0.003345
0.000099
0.001535
0.001992
0.003603
0.005222
0.004846
0.003586
0.003432
0.003559
0.002125
-0.000166
-0.001057
-0.000309
0.000066
-0.000768
-0.001069
0.000367
0.001950
0.002071
0.002023
0.003370
0.004559
0.003414
0.000763
-0.001138
-0.001984
-0.003344
-0.005934
-0.008345
-0.008906
-0.008189
-0.008072
-0.007975
-0.005492
-0.001503
0.000753
0.002027
0.005597
0.010127
0.011654
0.011013
0.011799
0.013182
0.011888
0.008600
0.006087
0.004175
0.001174
-0.002588
-0.005446
-0.006863
-0.007881
-0.009456
-0.010847
-0.010476
-0.008535
-0.007108
-0.006641
-0.005062
-0.001915
0.000507
0.001395
0.002591
0.004547
0.005266
0.004354
0.003903
0.004355
0.003709
0.001565
-0.000009
-0.000023
0.000122
-0.000736
-0.001600
-0.001010
0.000523
0.001279
0.001199
0.001948
0.003508
0.003631
0.001689
-0.000297
-0.001143
-0.002053
-0.004213
-0.006838
-0.008224
-0.007965
-0.007459
-0.007493
-0.006447
-0.003263
-0.000156
0.001335
0.003610
0.007907
0.010944
0.010922
0.010812
0.012176
0.012200
0.009538
0.006642
0.004793
0.002507
-0.000851
-0.003980
-0.005863
-0.006960
-0.008384
-0.010126
-0.010569
-0.009027
-0.007363
-0.006900
-0.005963
-0.003327
-0.000813
0.000335
0.001588
0.003545
0.004550
0.004189
0.004028
0.004419
0.004086
0.002684
0.001292
0.000771
0.000856
0.000606
-0.000215
-0.000503
0.000342
0.001162
0.001147
0.001316
0.002232
0.002555
0.001459
-0.000141
-0.001525
-0.002768
-0.003907
-0.005224
-0.006930
-0.007982
-0.007509
-0.006751
-0.006501
-0.004997
-0.001699
0.000963
0.002474
0.005280
0.009116
0.010849
0.010516
0.010902
0.011820
0.010860
0.008267
0.005924
0.003829
0.001146
-0.001798
-0.004289
-0.006014
-0.007109
-0.008221
-0.009389
-0.009409
-0.008019
-0.006879
-0.006474
-0.005070
-0.002457
-0.000652
0.000114
0.001465
0.003124
0.003546
0.003233
0.003545
0.003952
0.003415
0.002364
0.001611
0.001266
0.001139
0.000831
0.000240
0.000182
0.000954
0.001423
0.001163
0.001383
0.002259
0.002260
0.001120
-0.000077
-0.001421
-0.003226
-0.004630
-0.005636
-0.007234
-0.008529
-0.007923
-0.006596
-0.006005
-0.004529
-0.001276
0.001412
0.002877
0.005440
0.008951
0.010660
0.010556
0.010798
0.011189
0.010134
0.007967
0.005741
0.003377
0.000840
-0.001539
-0.003811
-0.005647
-0.006598
-0.007439
-0.008640
-0.008848
-0.007482
-0.006228
-0.005747
-0.004539
-0.002499
-0.001215
-0.000592
0.000623
0.002012
0.002434
0.002281
0.002500
0.002871
0.002782
0.002258
0.001672
0.001445
0.001683
0.001720
0.001256
0.001255
0.002075
0.002475
0.001999
0.001915
0.002453
0.002183
0.000951
-0.000143
-0.001431
-0.003500
-0.005196
-0.006042
-0.007322
-0.008740
-0.008396
-0.006799
-0.005845
-0.004635
-0.001692
0.001336
0.003068
0.005169
0.008221
0.010123
0.010344
0.010501
0.010714
0.009806
0.007928
0.005821
0.003457
0.001011
-0.001186
-0.003458
-0.005556
-0.006555
-0.006958
-0.007812
-0.008209
-0.007106
-0.005773
-0.005263
-0.004330
-0.002427
-0.001024
-0.000440
0.000543
0.001762
0.002114
0.001882
0.001900
0.002003
0.001868
0.001660
0.001433
0.001270
0.001411
0.001586
0.001456
0.001519
0.002070
0.002364
0.002174
0.002357
0.002909
0.002678
0.001623
0.000725
-0.000419
-0.002736
-0.005020
-0.005787
-0.006290
-0.007908
-0.008959
-0.007766
-0.005945
-0.005071
-0.003631
-0.000601
0.002251
0.004025
0.006082
0.008648
0.010270
0.010515
0.010191
0.009718
0.008880
0.007255
0.004672
0.001955
0.000033
-0.001771
-0.004216
-0.006010
-0.006242
-0.006445
-0.007367
-0.007347
-0.005950
-0.004907
-0.004519
-0.003368
-0.001593
-0.000590
-0.000261
0.000371
0.001162
0.001440
0.001227
0.001012
0.001120
0.001373
0.001289
0.000985
0.001194
0.001874
0.002131
0.001997
0.002382
0.003082
0.003113
0.002717
0.002780
0.002962
0.002385
0.001276
0.000329
-0.000832
-0.002933
-0.005182
-0.006195
-0.006543
-0.007716
-0.008969
-0.008302
-0.006166
-0.004603
-0.003368
-0.000905
0.002133
0.004196
0.005876
0.008216
0.010147
0.010289
0.009218
0.008286
0.007579
0.006108
0.003575
0.001136
-0.000270
-0.001497
-0.003400
-0.004828
-0.004771
-0.004524
-0.005101
-0.005152
-0.003886
-0.002823
-0.002809
-0.002547
-0.001406
-0.000640
-0.000876
-0.001067
-0.000574
-0.000149
-0.000387
-0.000710
-0.000445
0.000064
0.000117
-0.000076
0.000311
0.001270
0.001933
0.002156
0.002733
0.003679
0.003975
0.003467
0.003169
0.003280
0.002848
0.001664
0.000528
-0.000472
-0.002174
-0.004550
-0.006204
-0.006538
-0.006828
-0.007839
-0.008160
-0.006637
-0.004573
-0.003227
-0.001489
0.001452
0.004130
0.005640
0.007170
0.009114
0.010079
0.009550
0.008647
0.008024
0.007041
0.005038
0.002413
0.000256
-0.001118
-0.002577
-0.004353
-0.005343
-0.005338
-0.005590
-0.006106
-0.005538
-0.004234
-0.003776
-0.003749
-0.002653
-0.001128
-0.000808
-0.001173
-0.000682
0.000290
0.000412
-0.000018
0.000145
0.000757
0.000991
0.000989
0.001461
0.002316
0.002780
0.002744
0.003015
0.003803
0.004084
0.003420
0.002905
0.003064
0.002782
0.001527
0.000389
-0.000200
-0.001350
-0.003566
-0.005766
-0.006822
-0.006997
-0.007456
-0.008352
-0.008196
-0.006268
-0.004178
-0.002927
-0.001026
0.002017
0.004268
0.005348
0.007090
0.009255
0.009725
0.008769
0.008297
0.008112
0.006757
0.004390
0.002210
0.000658
-0.000677
-0.002289
-0.003870
-0.004528
-0.004483
-0.004861
-0.005330
-0.004649
-0.003553
-0.003637
-0.004049
-0.003034
-0.001582
-0.001665
-0.002451
-0.002012
-0.000881
-0.000643
-0.000894
-0.000391
0.000457
0.000692
0.000818
0.001753
0.003010
0.003433
0.003105
0.003224
0.004057
0.004366
0.003592
0.002964
0.003192
0.003066
0.001830
0.000623
0.000040
-0.000954
-0.002693
-0.004308
-0.005445
-0.006298
-0.006890
-0.007336
-0.007483
-0.006619
-0.004885
-0.003293
-0.001626
0.000906
0.003373
0.004822
0.006379
0.008557
0.009627
0.008998
0.008290
0.007905
0.006553
0.004233
0.002202
0.000725
-0.000692
-0.002105
-0.003355
-0.004334
-0.004982
-0.005590
-0.006144
-0.005850
-0.004756
-0.004186
-0.004227
-0.003358
-0.001596
-0.000828
-0.001230
-0.001012
-0.000001
0.000308
-0.000050
0.000254
0.001135
0.001568
0.001739
0.002448
0.003424
0.003892
0.003907
0.004143
0.004796
0.005163
0.004635
0.003756
0.003249
0.002581
0.001080
-0.000555
-0.001649
-0.002899
-0.004675
-0.006046
-0.006729
-0.007412
-0.007857
-0.007494
-0.006902
-0.006436
-0.005321
-0.003453
-0.001671
0.000048
0.002128
0.003978
0.005185
0.006352
0.007426
0.007559
0.006941
0.006404
0.005816
0.004690
0.003290
0.001960
0.000606
-0.000665
-0.001571
-0.002226
-0.002742
-0.002909
-0.002823
-0.002768
-0.002514
-0.001995
-0.001839
-0.002089
-0.001841
-0.001006
-0.000592
-0.000699
-0.000359
0.000438
0.000834
0.000922
0.001335
0.001778
0.001753
0.001598
0.001680
0.001772
0.001623
0.001286
0.001012
0.000981
0.000864
0.000242
-0.000437
-0.000530
-0.000485
-0.000975
-0.001577
-0.001827
-0.002264
-0.003165
-0.003954
-0.004487
-0.005065
-0.005408
-0.005235
-0.004929
-0.004515
-0.003423
-0.001783
-0.000227
0.001413
0.003467
0.005361
0.006635
0.007722
0.008719
0.008965
0.008363
0.007501
0.006474
0.004976
0.003177
0.001479
-0.000046
-0.001504
-0.002904
-0.004031
-0.004579
-0.004669
-0.004789
-0.004904
-0.004470
-0.003628
-0.003151
-0.003028
-0.002541
-0.001732
-0.001324
-0.001331
-0.001144
-0.000693
-0.000358
-0.000169
0.000090
0.000363
0.000476
0.000501
0.000723
0.001292
0.001936
0.002259
0.002410
0.002852
0.003416
0.003527
0.003210
0.002871
0.002493
0.001891
0.001180
0.000383
-0.000710
-0.002086
-0.003461
-0.004513
-0.005101
-0.005450
-0.005765
-0.005619
-0.004546
-0.003038
-0.001768
-0.000422
0.001361
0.003032
0.004180
0.005137
0.005973
0.006287
0.005993
0.005357
0.004522
0.003420
0.001975
0.000377
-0.000915
-0.001770
-0.002559
-0.003299
-0.003504
-0.003207
-0.002967
-0.002762
-0.002154
-0.001372
-0.000998
-0.000898
-0.000573
-0.000171
-0.000109
-0.000174
0.000051
0.000358
0.000309
-0.000026
-0.000300
-0.000422
-0.000511
-0.000547
-0.000315
0.000220
0.000763
0.001160
0.001604
0.002085
0.002213
0.001948
0.001737
0.001650
0.001226
0.000341
-0.000596
-0.001427
-0.002413
-0.003434
-0.003972
-0.004075
-0.004201
-0.004137
-0.003308
-0.001962
-0.000761
0.000411
0.001973
0.003607
0.004749
0.005433
0.005938
0.006198
0.005945
0.005136
0.004070
0.002951
0.001534
-0.000261
-0.001805
-0.002670
-0.003321
-0.004059
-0.004353
-0.003962
-0.003486
-0.003196
-0.002631
-0.001718
-0.001022
-0.000735
-0.000466
-0.000046
0.000195
0.000090
0.000030
0.000352
0.000768
0.000829
0.000665
0.000751
0.001076
0.001152
0.000918
0.000796
0.000807
0.000628
0.000374
0.000347
0.000382
0.000223
0.000030
0.000029
0.000125
-0.000028
-0.000673
-0.001561
-0.002278
-0.002818
-0.003235
-0.003336
-0.003172
-0.002916
-0.002286
-0.001085
0.000159
0.001097
0.002150
0.003471
0.004534
0.005087
0.005392
0.005553
0.005401
0.004864
0.004056
0.003139
0.002092
0.000764
-0.000611
-0.001550
-0.002211
-0.003144
-0.004130
-0.004471
-0.004228
-0.004012
-0.003862
-0.003379
-0.002631
-0.001990
-0.001416
-0.000687
-0.000006
0.000363
0.000631
0.001071
0.001515
0.001636
0.001399
0.001081
0.000928
0.000857
0.000663
0.000401
0.000221
0.000069
-0.000083
-0.000109
-0.000080
-0.000192
-0.000317
-0.000209
-0.000004
0.000042
-0.000076
-0.000279
-0.000535
-0.000845
-0.001246
-0.001580
-0.001639
-0.001620
-0.001702
-0.001474
-0.000709
0.000048
0.000541
0.001303
0.002437
0.003327
0.003770
0.004081
0.004251
0.004046
0.003550
0.002950
0.002192
0.001155
-0.000072
-0.001163
-0.001865
-0.002343
-0.002879
-0.003284
-0.003224
-0.002936
-0.002841
-0.002747
-0.002286
-0.001704
-0.001365
-0.001039
-0.000486
-0.000045
0.000049
0.000185
0.000561
0.000748
0.000573
0.000488
0.000794
0.001257
0.001542
0.001602
0.001608
0.001605
0.001466
0.001279
0.001254
0.001194
0.000785
0.000285
0.000068
-0.000149
-0.000717
-0.001293
-0.001466
-0.001495
-0.001785
-0.002256
-0.002612
-0.002722
-0.002645
-0.002511
-0.002278
-0.001732
-0.000935
-0.000201
0.000547
0.001627
0.002758
0.003434
0.003818
0.004239
0.004430
0.004116
0.003548
0.002961
0.002213
0.001200
0.000108
-0.000828
-0.001554
-0.002199
-0.002808
-0.003121
-0.002951
-0.002587
-0.002323
-0.002015
-0.001534
-0.001114
-0.000909
-0.000671
-0.000207
0.000224
0.000353
0.000334
0.000388
0.000443
0.000371
0.000303
0.000475
0.000851
0.001154
0.001291
0.001459
0.001675
0.001684
0.001469
0.001294
0.001165
0.000829
0.000295
-0.000222
-0.000707
-0.001221
-0.001692
-0.002059
-0.002338
-0.002543
-0.002721
-0.002954
-0.003177
-0.003192
-0.003012
-0.002800
-0.002425
-0.001623
-0.000596
0.000265
0.001116
0.002307
0.003590
0.004506
0.005093
0.005561
0.005803
0.005658
0.005154
0.004364
0.003334
0.002099
0.000794
-0.000336
-0.001248
-0.002144
-0.002973
-0.003396
-0.003376
-0.003196
-0.002942
-0.002566
-0.002219
-0.001994
-0.001753
-0.001461
-0.001271
-0.001210
-0.001128
-0.000946
-0.000710
-0.000463
-0.000185
0.000193
0.000700
0.001188
0.001499
0.001714
0.001959
0.002167
0.002269
0.002275
0.002068
0.001563
0.000967
0.000477
-0.000004
-0.000565
-0.001125
-0.001638
-0.002103
-0.002456
-0.002673
-0.002827
-0.002958
-0.002969
-0.002721
-0.002257
-0.001771
-0.001204
-0.000261
0.000936
0.001860
0.002427
0.003063
0.003815
0.004229
0.004146
0.003845
0.003439
0.002790
0.001947
0.001144
0.000436
-0.000334
-0.001196
-0.001887
-0.002162
-0.002187
-0.002270
-0.002300
-0.001970
-0.001418
-0.001027
-0.000773
-0.000436
-0.000132
-0.000039
-0.000045
-0.000046
-0.000128
-0.000311
-0.000449
-0.000485
-0.000532
-0.000618
-0.000606
-0.000360
0.000080
0.000485
0.000743
0.001002
0.001318
0.001566
0.001699
0.001682
0.001466
0.001203
0.001077
0.000958
0.000611
0.000061
-0.000493
-0.000946
-0.001339
-0.001696
-0.001970
-0.002170
-0.002393
-0.002619
-0.002665
-0.002479
-0.002279
-0.002137
-0.001701
-0.000716
0.000448
0.001335
0.002115
0.003086
0.003978
0.004431
0.004566
0.004586
0.004366
0.003753
0.002863
0.001905
0.000896
-0.000259
-0.001418
-0.002267
-0.002770
-0.003195
-0.003564
-0.003560
-0.003111
-0.002544
-0.002044
-0.001507
-0.000960
-0.000545
-0.000199
0.000158
0.000366
0.000348
0.000290
0.000277
0.000176
-0.000003
-0.000051
0.000116
0.000373
0.000589
0.000806
0.001127
0.001453
0.001607
0.001660
0.001777
0.001849
0.001652
0.001253
0.000900
0.000565
0.000029
-0.000629
-0.001144
-0.001569
-0.002070
-0.002456
-0.002509
-0.002411
-0.002425
-0.002501
-0.002424
-0.002171
-0.001863
-0.001464
-0.000856
-0.000104
0.000606
0.001187
0.001726
0.002339
0.002947
0.003399
0.003692
0.003847
0.003776
0.003431
0.002924
0.002343
0.001591
0.000603
-0.000414
-0.001221
-0.001826
-0.002364
-0.002825
-0.003054
-0.002995
-0.002778
-0.002478
-0.002034
-0.001494
-0.001005
-0.000579
-0.000168
0.000159
0.000316
0.000346
0.000368
0.000410
0.000405
0.000347
0.000307
0.000323
0.000396
0.000530
0.000708
0.000914
0.001169
0.001431
0.001566
0.001530
0.001414
0.001314
0.001219
0.001001
0.000539
-0.000057
-0.000516
-0.000752
-0.000990
-0.001418
-0.001896
-0.002197
-0.002329
-0.002392
-0.002372
-0.002252
-0.002085
-0.001870
-0.001570
-0.001236
-0.000888
-0.000376
0.000396
0.001218
0.001809
0.002208
0.002653
0.003190
0.003640
0.003869
0.003869
0.003627
0.003123
0.002420
0.001622
0.000748
-0.000226
-0.001178
-0.001908
-0.002402
-0.002822
-0.003202
-0.003358
-0.003189
-0.002865
-0.002486
-0.001920
-0.001186
-0.000518
-0.000016
0.000330
0.000495
0.000544
0.000585
0.000577
0.000471
0.000334
0.000212
0.000184
0.000403
0.000813
0.001096
0.001179
0.001354
0.001714
0.001995
0.002009
0.001819
0.001526
0.001165
0.000774
0.000373
-0.000109
-0.000738
-0.001414
-0.001950
-0.002307
-0.002629
-0.002958
-0.003062
-0.002790
-0.002409
-0.002283
-0.002316
-0.002083
-0.001495
-0.000853
-0.000265
0.000442
0.001248
0.001931
0.002526
0.003240
0.003969
0.004391
0.004449
0.004355
0.004162
0.003670
0.002828
0.001849
0.000845
-0.000233
-0.001265
-0.002067
-0.002710
-0.003313
-0.003719
-0.003737
-0.003485
-0.003195
-0.002843
-0.002267
-0.001539
-0.000943
-0.000576
-0.000235
0.000221
0.000625
0.000771
0.000758
0.000795
0.000807
0.000659
0.000547
0.000677
0.000894
0.001011
0.001098
0.001263
0.001445
0.001508
0.001454
0.001426
0.001435
0.001302
0.000983
0.000621
0.000286
-0.000074
-0.000482
-0.000882
-0.001227
-0.001551
-0.001882
-0.002152
-0.002272
-0.002221
-0.002043
-0.001808
-0.001543
-0.001239
-0.000924
-0.000639
-0.000378
-0.000133
0.000098
0.000325
0.000569
0.000881
0.001285
0.001678
0.001939
0.002095
0.002252
0.002436
0.002596
0.002650
0.002536
0.002253
0.001841
0.001307
0.000650
-0.000045
-0.000678
-0.001278
-0.001883
-0.002432
-0.002854
-0.003129
-0.003215
-0.003059
-0.002714
-0.002335
-0.001958
-0.001486
-0.000935
-0.000419
0.000065
0.000569
0.001048
0.001414
0.001623
0.001690
0.001678
0.001639
0.001602
0.001564
0.001459
0.001268
0.001108
0.001059
0.001065
0.001079
0.001026
0.000718
0.000150
-0.000341
-0.000558
-0.000697
-0.000900
-0.001065
-0.001189
-0.001379
-0.001573
-0.001684
-0.001749
-0.001767
-0.001679
-0.001480
-0.001224
-0.000993
-0.000827
-0.000700
-0.000558
-0.000348
-0.000060
0.000229
0.000512
0.000946
0.001528
0.001972
0.002174
0.002386
0.002714
0.002935
0.002897
0.002668
0.002311
0.001833
0.001283
0.000709
0.000081
-0.000640
-0.001374
-0.001958
-0.002306
-0.002503
-0.002686
-0.002820
-0.002711
-0.002333
-0.001900
-0.001513
-0.001076
-0.000588
-0.000187
0.000044
0.000138
0.000214
0.000370
0.000570
0.000689
0.000725
0.000811
0.000966
0.001092
0.001197
0.001330
0.001418
0.001403
0.001329
0.001217
0.001043
0.000847
0.000712
0.000561
0.000207
-0.000310
-0.000736
-0.000979
-0.001175
-0.001426
-0.001673
-0.001807
-0.001791
-0.001622
-0.001331
-0.001045
-0.000879
-0.000736
-0.000415
0.000034
0.000376
0.000610
0.000887
0.001116
0.001117
0.000992
0.000952
0.000969
0.000899
0.000767
0.000697
0.000733
0.000828
0.000898
0.000915
0.000895
0.000754
0.000423
0.000026
-0.000276
-0.000494
-0.000693
-0.000855
-0.000955
-0.001048
-0.001164
-0.001236
-0.001200
-0.001070
-0.000882
-0.000652
-0.000390
-0.000144
0.000009
0.000066
0.000109
0.000177
0.000259
0.000367
0.000503
0.000589
0.000556
0.000485
0.000463
0.000409
0.000290
0.000227
0.000224
0.000164
0.000062
-0.000001
-0.000057
-0.000136
-0.000193
-0.000215
-0.000248
-0.000285
-0.000234
-0.000074
0.000064
0.000073
0.000000
-0.000074
-0.000101
-0.000042
0.000049
0.000050
-0.000058
-0.000133
-0.000060
0.000067
0.000118
0.000175
0.000314
0.000392
0.000346
0.000299
0.000276
0.000202
0.000106
0.000050
0.000005
-0.000056
-0.000101
-0.000103
-0.000074
-0.000055
-0.000097
-0.000175
-0.000174
-0.000062
0.000036
0.000013
-0.000070
-0.000080
-0.000014
-0.000034
-0.000212
-0.000364
-0.000330
-0.000193
-0.000090
-0.000031
0.000020
0.000051
0.000043
-0.000014
-0.000102
-0.000136
-0.000077
-0.000022
-0.000041
-0.000109
-0.000228
-0.000402
-0.000522
-0.000472
-0.000309
-0.000173
-0.000055
0.000139
0.000355
0.000443
0.000391
0.000320
0.000258
0.000143
0.000052
0.000112
0.000219
0.000224
0.000216
0.000326
0.000512
0.000684
0.000795
0.000806
0.000730
0.000598
0.000399
0.000193
0.000090
0.000039
-0.000111
-0.000370
-0.000628
-0.000822
-0.000945
-0.000968
-0.000861
-0.000686
-0.000596
-0.000636
-0.000635
-0.000449
-0.000211
-0.000110
-0.000070
0.000092
0.000355
0.000542
0.000526
0.000366
0.000264
0.000316
0.000420
0.000484
0.000460
0.000315
0.000148
0.000093
0.000091
0.000019
-0.000083
-0.000095
0.000010
0.000108
0.000076
-0.000066
-0.000236
-0.000373
-0.000426
-0.000390
-0.000330
-0.000309
-0.000303
-0.000223
-0.000080
-0.000008
-0.000041
-0.000068
-0.000013
0.000090
0.000159
0.000154
0.000114
0.000104
0.000150
0.000229
0.000286
0.000294
0.000307
0.000376
0.000447
0.000412
0.000286
0.000203
0.000218
0.000219
0.000115
-0.000056
-0.000226
-0.000361
-0.000433
-0.000406
-0.000337
-0.000360
-0.000449
-0.000412
-0.000257
-0.000195
-0.000259
-0.000240
-0.000070
0.000053
0.000010
-0.000053
0.000009
0.000125
0.000200
0.000250
0.000215
0.000034
-0.000139
-0.000155
-0.000117
-0.000122
-0.000079
0.000051
0.000151
0.000184
0.000232
0.000303
0.000347
0.000379
0.000406
0.000375
0.000282
0.000151
-0.000013
-0.000137
-0.000121
-0.000026
-0.000013
-0.000089
-0.000083
0.000071
0.000213
0.000179
-0.000028
-0.000268
-0.000416
-0.000474
-0.000471
-0.000390
-0.000245
-0.000129
-0.000122
-0.000152
-0.000086
0.000050
0.000127
0.000120
0.000114
0.000149
0.000178
0.000183
0.000229
0.000315
0.000329
0.000235
0.000128
0.000073
0.000041
-0.000007
-0.000051
-0.000071
-0.000098
-0.000186
-0.000329
-0.000436
-0.000398
-0.000232
-0.000114
-0.000149
-0.000205
-0.000145
-0.000054
-0.000024
0.000030
0.000160
0.000234
0.000141
-0.000004
-0.000008
0.000110
0.000166
0.000118
0.000105
0.000160
0.000168
0.000150
0.000215
0.000278
0.000196
0.000051
0.000018
0.000083
0.000121
0.000113
0.000140
0.000188
0.000147
0.000007
-0.000110
-0.000149
-0.000160
-0.000170
-0.000178
-0.000214
-0.000280
-0.000300
-0.000229
-0.000140
-0.000103
-0.000097
-0.000092
-0.000093
-0.000096
-0.000100
-0.000105
-0.000101
-0.000088
-0.000082
-0.000077
-0.000051
-0.000026
-0.000047
-0.000069
-0.000007
0.000111
0.000179
0.000166
0.000154
0.000223
0.000330
0.000365
0.000289
0.000143
0.000014
-0.000015
0.000029
0.000043
-0.000000
-0.000042
-0.000062
-0.000106
-0.000146
-0.000073
0.000081
0.000138
0.000073
0.000074
0.000186
0.000223
0.000098
-0.000028
-0.000047
-0.000048
-0.000100
-0.000134
-0.000080
0.000015
0.000024
-0.000112
-0.000261
-0.000254
-0.000125
-0.000050
-0.000084
-0.000133
-0.000054
0.000207
0.000465
0.000476
0.000304
0.000209
0.000206
0.000096
-0.000117
-0.000230
-0.000197
-0.000149
-0.000174
-0.000273
-0.000368
-0.000344
-0.000226
-0.000152
-0.000168
-0.000215
-0.000224
-0.000177
-0.000123
-0.000120
-0.000124
-0.000071
-0.000023
-0.000038
-0.000019
0.000092
0.000210
0.000284
0.000315
0.000271
0.000187
0.000162
0.000185
0.000156
0.000089
0.000091
0.000180
0.000280
0.000330
0.000315
0.000272
0.000236
0.000172
0.000068
0.000002
-0.000018
-0.000090
-0.000207
-0.000250
-0.000222
-0.000231
-0.000269
-0.000252
-0.000214
-0.000267
-0.000364
-0.000325
-0.000145
0.000020
0.000125
0.000227
0.000277
0.000200
0.000075
0.000047
0.000128
0.000186
0.000135
0.000062
0.000079
0.000131
0.000093
-0.000022
-0.000102
-0.000123
-0.000149
-0.000188
-0.000171
-0.000074
0.000033
0.000059
-0.000009
-0.000081
-0.000102
-0.000103
-0.000098
-0.000072
-0.000058
-0.000111
-0.000218
-0.000273
-0.000187
-0.000020
0.000075
0.000052
0.000002
0.000028
0.000131
0.000241
0.000305
0.000329
0.000320
0.000265
0.000180
0.000090
0.000027
0.000032
0.000109
0.000194
0.000197
0.000124
0.000073
0.000047
-0.000037
-0.000146
-0.000178
-0.000145
-0.000135
-0.000165
-0.000157
-0.000094
-0.000070
-0.000123
-0.000198
-0.000249
-0.000273
-0.000263
-0.000234
-0.000218
-0.000188
-0.000119
-0.000066
-0.000027
0.000079
0.000271
0.000454
0.000512
0.000432
0.000311
0.000238
0.000203
0.000128
0.000006
-0.000084
-0.000123
-0.000166
-0.000175
-0.000068
0.000061
0.000027
-0.000156
-0.000275
-0.000216
-0.000076
-0.000001
-0.000076
-0.000279
-0.000459
-0.000469
-0.000318
-0.000156
-0.000088
-0.000041
0.000099
0.000279
0.000367
0.000386
0.000434
0.000465
0.000394
0.000265
0.000174
0.000168
0.000204
0.000198
0.000137
0.000080
0.000044
-0.000023
-0.000092
-0.000059
0.000034
-0.000002
-0.000194
-0.000326
-0.000267
-0.000155
-0.000171
-0.000313
-0.000429
-0.000380
-0.000197
-0.000035
0.000018
0.000012
0.000025
0.000066
0.000098
0.000113
0.000133
0.000159
0.000221
0.000374
0.000513
0.000424
0.000113
-0.000163
-0.000214
-0.000125
-0.000113
-0.000219
-0.000289
-0.000240
-0.000164
-0.000180
-0.000255
-0.000229
-0.000063
0.000068
0.000048
-0.000001
0.000061
0.000177
0.000235
0.000232
0.000199
0.000123
0.000027
-0.000041
-0.000073
-0.000080
-0.000057
-0.000019
-0.000005
-0.000037
-0.000075
-0.000030
0.000102
0.000201
0.000185
0.000117
0.000090
0.000107
0.000109
0.000069
0.000020
-0.000016
-0.000057
-0.000106
-0.000146
-0.000168
-0.000176
-0.000225
-0.000318
-0.000323
-0.000179
-0.000045
-0.000023
0.000011
0.000147
0.000255
0.000233
0.000196
0.000242
0.000260
0.000136
-0.000015
-0.000026
0.000036
-0.000022
-0.000206
-0.000301
-0.000197
-0.000043
0.000033
0.000078
0.000105
0.000057
-0.000000
0.000024
0.000043
-0.000042
-0.000134
-0.000088
0.000059
0.000127
0.000037
-0.000081
-0.000099
-0.000040
0.000012
0.000035
0.000054
0.000072
0.000075
0.000056
0.000002
-0.000050
-0.000012
0.000112
0.000181
0.000130
0.000042
-0.000016
-0.000075
-0.000171
-0.000264
-0.000269
-0.000167
-0.000042
0.000018
0.000006
-0.000031
-0.000079
-0.000173
-0.000209
-0.000009
0.000325
0.000541
0.000591
0.000542
0.000410
0.000216
0.000029
-0.000101
-0.000181
-0.000236
-0.000292
-0.000357
-0.000380
-0.000326
-0.000246
-0.000194
-0.000181
-0.000192
-0.000161
-0.000040
0.000079
0.000092
0.000057
0.000089
0.000159
0.000158
0.000094
0.000072
0.000127
0.000199
0.000210
0.000152
0.000106
0.000099
0.000051
-0.000056
-0.000146
-0.000188
-0.000171
-0.000080
-0.000006
-0.000050
-0.000110
-0.000037
0.000112
0.000166
0.000092
0.000018
0.000027
0.000060
0.000051
0.000022
0.000011
0.000035
0.000076
0.000067
-0.000035
-0.000170
-0.000223
-0.000114
0.000104
0.000238
0.000189
0.000107
0.000123
0.000130
0.000017
-0.000129
-0.000171
-0.000110
-0.000051
-0.000060
-0.000108
-0.000133
-0.000122
-0.000118
-0.000111
-0.000053
0.000027
0.000060
0.000039
-0.000003
-0.000047
-0.000082
-0.000096
-0.000087
-0.000046
0.000033
0.000131
0.000199
0.000196
0.000158
0.000160
0.000182
0.000113
-0.000058
-0.000185
-0.000173
-0.000085
-0.000033
-0.000045
-0.000058
-0.000038
-0.000025
-0.000032
-0.000042
-0.000045
-0.000020
0.000041
0.000095
0.000099
0.000081
0.000091
0.000114
0.000074
-0.000041
-0.000131
-0.000117
-0.000042
0.000004
-0.000008
-0.000028
0.000032
0.000143
0.000165
0.000075
0.000007
0.000017
0.000025
-0.000024
-0.000078
-0.000086
-0.000082
-0.000106
-0.000104
-0.000018
0.000082
0.000107
0.000081
0.000040
-0.000052
-0.000190
-0.000254
-0.000155
0.000039
0.000178
0.000163
0.000035
-0.000067
-0.000056
0.000033
0.000114
0.000121
0.000047
-0.000049
-0.000042
0.000062
0.000044
-0.000159
-0.000301
-0.000267
-0.000236
-0.000280
-0.000258
-0.000122
0.000023
0.000136
0.000254
0.000348
0.000385
0.000365
0.000277
0.000169
0.000156
0.000230
0.000225
0.000049
-0.000151
-0.000181
-0.000076
-0.000025
-0.000074
-0.000108
-0.000076
-0.000043
-0.000047
-0.000072
-0.000063
0.000014
0.000060
-0.000029
-0.000144
-0.000112
0.000018
0.000051
-0.000080
-0.000233
-0.000222
-0.000043
0.000136
0.000215
0.000217
0.000165
0.000074
-0.000024
-0.000122
-0.000188
-0.000135
0.000023
0.000129
0.000070
-0.000072
-0.000174
-0.000218
-0.000229
-0.000183
-0.000061
0.000060
0.000094
0.000077
0.000087
0.000120
0.000154
0.000188
0.000218
0.000205
0.000122
0.000017
-0.000063
-0.000150
-0.000221
-0.000173
-0.000010
0.000116
0.000099
-0.000014
-0.000109
-0.000129
-0.000095
-0.000081
-0.000106
-0.000082
0.000032
0.000156
0.000215
0.000212
0.000166
0.000087
-0.000006
-0.000063
-0.000066
-0.000048
-0.000060
-0.000114
-0.000129
-0.000021
0.000109
0.000116
0.000049
0.000061
0.000139
0.000129
0.000005
-0.000078
-0.000042
-0.000005
-0.000053
-0.000121
-0.000155
-0.000168
-0.000125
-0.000021
0.000031
-0.000026
-0.000100
-0.000130
-0.000144
-0.000122
-0.000026
0.000092
0.000153
0.000135
0.000083
0.000084
0.000158
0.000213
0.000197
0.000177
0.000191
0.000186
0.000114
-0.000043
-0.000218
-0.000285
-0.000213
-0.000105
-0.000032
0.000036
0.000073
-0.000011
-0.000148
-0.000168
-0.000105
-0.000121
-0.000191
-0.000168
-0.000059
0.000001
-0.000009
0.000004
0.000086
0.000194
0.000262
0.000262
0.000208
0.000098
-0.000084
-0.000198
-0.000018
0.000337
0.000464
0.000271
0.000053
-0.000006
-0.000021
-0.000091
-0.000139
-0.000104
-0.000043
-0.000024
-0.000069
-0.000167
-0.000255
-0.000276
-0.000267
-0.000280
-0.000294
-0.000282
-0.000224
-0.000080
0.000112
0.000224
0.000180
0.000041
-0.000049
-0.000002
0.000115
0.000173
0.000174
0.000235
0.000342
0.000343
0.000237
0.000179
0.000170
0.000057
-0.000143
-0.000251
-0.000214
-0.000150
-0.000170
-0.000255
-0.000303
-0.000244
-0.000116
0.000002
0.000078
0.000125
0.000146
0.000147
0.000160
0.000209
0.000248
0.000216
0.000129
0.000052
-0.000006
-0.000111
-0.000246
-0.000243
-0.000058
0.000111
0.000135
0.000121
0.000161
0.000184
0.000101
-0.000060
-0.000194
-0.000230
-0.000187
-0.000132
-0.000107
-0.000094
-0.000059
-0.000044
-0.000093
-0.000110
-0.000038
-0.000009
-0.000078
-0.000091
0.000010
0.000068
0.000015
0.000000
0.000099
0.000173
0.000152
0.000149
0.000225
0.000286
0.000258
0.000201
0.000175
0.000117
-0.000017
-0.000177
-0.000299
-0.000334
-0.000274
-0.000188
-0.000138
-0.000110
-0.000089
-0.000084
-0.000115
-0.000161
-0.000139
-0.000020
0.000096
0.000116
0.000096
0.000120
0.000141
0.000095
0.000044
0.000047
0.000056
0.000041
0.000044
0.000093
0.000164
0.000217
0.000231
0.000186
0.000074
-0.000071
-0.000179
-0.000203
-0.000151
-0.000079
-0.000043
-0.000060
-0.000105
-0.000130
-0.000080
0.000051
0.000157
0.000124
-0.000008
-0.000126
-0.000190
-0.000197
-0.000179
-0.000179
-0.000151
-0.000034
0.000105
0.000158
0.000126
0.000066
0.000042
0.000087
0.000184
0.000282
0.000277
0.000104
-0.000101
-0.000171
-0.000168
-0.000226
-0.000301
-0.000260
-0.000127
-0.000066
-0.000097
-0.000052
0.000128
0.000303
0.000350
0.000311
0.000281
0.000219
0.000063
-0.000076
-0.000077
0.000011
0.000092
0.000119
0.000085
0.000056
0.000077
0.000041
-0.000110
-0.000203
-0.000130
-0.000023
0.000015
0.000004
-0.000044
-0.000105
-0.000125
-0.000126
-0.000163
-0.000211
-0.000197
-0.000123
-0.000040
0.000046
0.000116
0.000105
0.000044
0.000041
0.000097
0.000149
0.000187
0.000208
0.000183
0.000103
-0.000006
-0.000092
-0.000123
-0.000141
-0.000188
-0.000227
-0.000238
-0.000255
-0.000225
-0.000091
0.000035
0.000023
-0.000054
-0.000039
0.000057
0.000117
0.000120
0.000134
0.000202
0.000282
0.000275
0.000161
0.000046
0.000029
0.000097
0.000123
0.000016
-0.000132
-0.000164
-0.000094
-0.000079
-0.000147
-0.000163
-0.000067
0.000030
0.000032
-0.000015
-0.000043
-0.000073
-0.000111
-0.000082
0.000013
0.000061
0.000052
0.000085
0.000142
0.000134
0.000088
0.000071
0.000045
-0.000056
-0.000190
-0.000206
-0.000051
0.000116
0.000140
0.000064
-0.000007
-0.000031
-0.000016
-0.000018
-0.000098
-0.000173
-0.000104
0.000071
0.000177
0.000148
0.000056
-0.000015
-0.000037
-0.000052
-0.000097
-0.000108
-0.000045
0.000006
0.000042
0.000141
0.000213
0.000131
-0.000026
-0.000117
-0.000110
-0.000038
0.000040
0.000055
-0.000011
-0.000079
-0.000081
-0.000059
-0.000070
-0.000092
-0.000110
-0.000121
-0.000079
0.000025
0.000112
0.000119
0.000094
0.000116
0.000184
0.000227
0.000214
0.000181
0.000123
-0.000018
-0.000237
-0.000383
-0.000282
-0.000017
0.000149
0.000157
0.000148
0.000173
0.000160
0.000098
0.000056
0.000046
-0.000006
-0.000124
-0.000220
-0.000228
-0.000198
-0.000197
-0.000202
-0.000177
-0.000133
-0.000084
-0.000024
0.000024
0.000043
0.000025
-0.000047
-0.000143
-0.000174
-0.000113
-0.000018
0.000062
0.000131
0.000189
0.000203
0.000159
0.000112
0.000139
0.000194
0.000153
0.000039
0.000009
0.000082
0.000096
-0.000019
-0.000113
-0.000047
0.000085
0.000086
0.000086
