4800
-0.000025
-0.000009
-0.000074
-0.000073
0.000029
0.000073
-0.000050
-0.000152
-0.000020
0.000205
0.000248
0.000118
0.000045
0.000044
-0.000086
-0.000293
-0.000287
-0.000073
0.000054
0.000012
-0.000018
0.000057
0.000132
0.000066
-0.000113
-0.000179
-0.000008
0.000199
0.000221
0.000150
0.000186
0.000247
0.000089
-0.000241
-0.000417
-0.000284
-0.000028
0.000099
0.000041
-0.000097
-0.000205
-0.000226
-0.000182
-0.000118
0.000004
0.000184
0.000290
0.000276
0.000260
0.000254
0.000136
-0.000053
-0.000124
-0.000004
0.000161
0.000139
-0.000072
-0.000171
-0.000030
0.000075
-0.000080
-0.000293
-0.000263
-0.000061
-0.000012
-0.000133
-0.000099
0.000180
0.000367
0.000198
-0.000140
-0.000255
-0.000058
0.000134
0.000070
-0.000105
-0.000095
0.000100
0.000156
-0.000074
-0.000266
-0.000116
0.000191
0.000307
0.000210
0.000104
0.000083
0.000048
-0.000104
-0.000291
-0.000324
-0.000173
0.000015
0.000128
0.000158
0.000098
-0.000078
-0.000283
-0.000321
-0.000110
0.000173
0.000268
0.000132
-0.000020
-0.000009
0.000079
0.000064
-0.000015
0.000049
0.000254
0.000321
0.000131
-0.000088
-0.000149
-0.000131
-0.000113
-0.000045
0.000039
0.000010
-0.000085
-0.000094
-0.000052
-0.000097
-0.000192
-0.000192
-0.000058
0.000155
0.000342
0.000313
0.000038
-0.000196
-0.000167
-0.000036
-0.000020
-0.000023
0.000121
0.000273
0.000196
-0.000047
-0.000182
-0.000149
-0.000146
-0.000260
-0.000313
-0.000107
0.000268
0.000478
0.000369
0.000170
0.000120
0.000161
0.000123
-0.000035
-0.000234
-0.000372
-0.000390
-0.000293
-0.000110
0.000120
0.000275
0.000219
0.000004
-0.000155
-0.000146
-0.000068
-0.000059
-0.000129
-0.000196
-0.000189
-0.000085
0.000070
0.000158
0.000126
0.000079
0.000133
0.000275
0.000371
0.000279
0.000051
-0.000111
-0.000150
-0.000134
-0.000056
0.000094
0.000223
0.000249
0.000195
0.000138
0.000094
0.000012
-0.000159
-0.000409
-0.000613
-0.000573
-0.000257
0.000072
0.000173
0.000131
0.000141
0.000183
0.000129
-0.000020
-0.000157
-0.000209
-0.000173
-0.000048
0.000139
0.000246
0.000154
-0.000038
-0.000122
-0.000011
0.000169
0.000182
-0.000031
-0.000211
-0.000145
0.000006
0.000023
-0.000045
-0.000020
0.000143
0.000263
0.000169
0.000000
-0.000013
0.000045
-0.000049
-0.000211
-0.000163
0.000054
0.000126
0.000013
-0.000008
0.000157
0.000303
0.000240
0.000017
-0.000158
-0.000184
-0.000176
-0.000230
-0.000219
-0.000022
0.000144
0.000012
-0.000222
-0.000168
0.000133
0.000281
0.000160
0.000041
0.000080
0.000186
0.000222
0.000083
-0.000175
-0.000344
-0.000367
-0.000356
-0.000314
-0.000130
0.000138
0.000263
0.000174
0.000050
0.000077
0.000201
0.000197
0.000019
-0.000113
-0.000066
0.000015
-0.000024
-0.000091
-0.000000
0.000181
0.000187
0.000019
-0.000049
0.000013
-0.000010
-0.000099
-0.000066
0.000083
0.000179
0.000108
-0.000095
-0.000232
-0.000131
0.000083
0.000100
-0.000118
-0.000270
-0.000208
-0.000088
-0.000037
-0.000023
0.000002
0.000053
0.000130
0.000179
0.000156
0.000135
0.000176
0.000176
0.000042
-0.000079
-0.000024
0.000075
0.000050
-0.000010
-0.000020
-0.000060
-0.000149
-0.000215
-0.000218
-0.000113
0.000074
0.000159
0.000042
-0.000090
-0.000052
0.000039
-0.000000
-0.000085
-0.000041
0.000087
0.000137
0.000086
0.000018
-0.000020
-0.000024
-0.000030
-0.000101
-0.000188
-0.000161
-0.000030
0.000066
0.000088
0.000112
0.000174
0.000226
0.000200
0.000070
-0.000103
-0.000166
-0.000042
0.000106
0.000060
-0.000129
-0.000191
-0.000034
0.000114
0.000034
-0.000194
-0.000296
-0.000117
0.000166
0.000236
0.000051
-0.000104
-0.000044
0.000068
0.000069
0.000069
0.000154
0.000169
0.000038
-0.000046
0.000039
0.000117
0.000023
-0.000144
-0.000211
-0.000140
-0.000031
-0.000016
-0.000089
-0.000102
0.000014
0.000143
0.000119
-0.000068
-0.000206
-0.000117
0.000086
0.000163
0.000101
0.000047
0.000016
-0.000047
-0.000062
0.000027
0.000060
-0.000063
-0.000146
-0.000028
0.000135
0.000163
0.000113
0.000075
-0.000001
-0.000132
-0.000235
-0.000246
-0.000148
0.000038
0.000175
0.000146
0.000069
0.000094
0.000123
0.000046
-0.000024
0.000009
0.000063
0.000049
-0.000048
-0.000187
-0.000252
-0.000165
-0.000032
-0.000013
-0.000047
0.000006
0.000067
-0.000016
-0.000133
-0.000070
0.000134
0.000221
0.000096
-0.000029
0.000041
0.000200
0.000259
0.000200
0.000157
0.000200
0.000206
0.000078
-0.000051
-0.000073
-0.000102
-0.000197
-0.000206
-0.000086
-0.000052
-0.000231
-0.000420
-0.000340
-0.000047
0.000100
-0.000055
-0.000237
-0.000163
0.000041
0.000065
-0.000108
-0.000190
-0.000019
0.000210
0.000250
0.000163
0.000186
0.000343
0.000412
0.000290
0.000127
0.000060
0.000044
-0.000004
-0.000058
-0.000024
0.000061
0.000032
-0.000155
-0.000330
-0.000298
-0.000077
0.000071
-0.000065
-0.000328
-0.000374
-0.000181
-0.000058
-0.000110
-0.000065
0.000220
0.000456
0.000373
0.000113
-0.000064
-0.000116
-0.000069
0.000069
0.000162
0.000065
-0.000114
-0.000178
-0.000122
-0.000043
0.000011
0.000043
0.000085
0.000151
0.000181
0.000127
0.000028
-0.000045
-0.000050
-0.000032
-0.000084
-0.000201
-0.000274
-0.000198
0.000000
0.000148
0.000158
0.000115
0.000081
0.000019
-0.000094
-0.000179
-0.000122
0.000030
0.000105
0.000070
0.000076
0.000230
0.000409
0.000363
0.000025
-0.000335
-0.000403
-0.000215
-0.000029
0.000062
0.000184
0.000400
0.000545
0.000431
0.000136
-0.000117
-0.000254
-0.000340
-0.000372
-0.000260
-0.000051
0.000047
-0.000045
-0.000152
-0.000098
0.000029
0.000006
-0.000181
-0.000302
-0.000194
0.000004
0.000014
-0.000157
-0.000203
-0.000008
0.000169
0.000136
0.000055
0.000142
0.000307
0.000321
0.000183
0.000099
0.000179
0.000287
0.000212
-0.000028
-0.000190
-0.000190
-0.000193
-0.000261
-0.000228
-0.000028
0.000157
0.000148
-0.000004
-0.000130
-0.000178
-0.000214
-0.000265
-0.000275
-0.000196
-0.000089
-0.000050
-0.000063
-0.000049
0.000025
0.000134
0.000206
0.000207
0.000185
0.000148
0.000046
-0.000079
-0.000061
0.000149
0.000317
0.000185
-0.000139
-0.000244
0.000048
0.000350
0.000225
-0.000115
-0.000165
0.000042
0.000069
-0.000169
-0.000286
-0.000085
0.000117
-0.000022
-0.000433
-0.000913
-0.001288
-0.001079
0.000083
0.001431
0.001609
0.000554
-0.000341
-0.000141
0.000789
0.001568
0.001311
-0.000153
-0.001462
-0.001154
0.000180
0.000796
0.000282
-0.000361
-0.000343
0.000359
0.001275
0.001671
0.001086
-0.000112
-0.000924
-0.000728
-0.000064
0.000053
-0.000544
-0.001231
-0.001518
-0.001258
-0.000603
-0.000199
-0.000525
-0.000950
-0.000614
0.000098
0.000266
-0.000065
-0.000251
-0.000082
0.000278
0.000641
0.000775
0.000594
0.000390
0.000459
0.000658
0.000657
0.000414
0.000192
0.000198
0.000350
0.000415
0.000243
-0.000141
-0.000499
-0.000448
0.000111
0.000626
0.000430
-0.000262
-0.000587
-0.000297
0.000045
0.000050
-0.000145
-0.000335
-0.000405
-0.000277
-0.000086
-0.000086
-0.000258
-0.000366
-0.000330
-0.000225
-0.000104
-0.000013
-0.000025
-0.000134
-0.000204
-0.000095
0.000135
0.000278
0.000276
0.000320
0.000495
0.000579
0.000395
0.000117
0.000012
0.000110
0.000218
0.000167
0.000011
-0.000064
-0.000036
-0.000064
-0.000193
-0.000269
-0.000205
-0.000104
-0.000031
0.000057
0.000121
0.000053
-0.000071
-0.000046
0.000136
0.000279
0.000204
-0.000107
-0.000439
-0.000549
-0.000460
-0.000360
-0.000314
-0.000299
-0.000373
-0.000630
-0.000967
-0.001057
-0.000754
-0.000315
0.000112
0.000694
0.001242
0.001186
0.000579
0.000194
0.000378
0.000761
0.001023
0.000933
0.000247
-0.000539
-0.000432
0.000454
0.000945
0.000621
0.000224
0.000324
0.000716
0.001008
0.001021
0.000667
0.000009
-0.000526
-0.000538
-0.000334
-0.000543
-0.001056
-0.001317
-0.001355
-0.001394
-0.001149
-0.000619
-0.000491
-0.000883
-0.001026
-0.000624
-0.000170
0.000069
0.000251
0.000431
0.000552
0.000659
0.000720
0.000558
0.000275
0.000277
0.000584
0.000724
0.000510
0.000302
0.000326
0.000350
0.000155
-0.000096
-0.000157
-0.000037
0.000143
0.000277
0.000218
-0.000047
-0.000226
-0.000108
0.000042
-0.000097
-0.000409
-0.000597
-0.000569
-0.000438
-0.000360
-0.000361
-0.000324
-0.000134
0.000198
0.000488
0.000589
0.000599
0.000554
0.000291
-0.000080
-0.000201
-0.000124
-0.000173
-0.000292
-0.000217
-0.000075
-0.000156
-0.000337
-0.000290
-0.000040
0.000147
0.000215
0.000296
0.000392
0.000388
0.000261
0.000081
-0.000098
-0.000184
-0.000067
0.000149
0.000223
0.000177
0.000198
0.000171
-0.000096
-0.000353
-0.000228
0.000133
0.000265
0.000092
-0.000047
0.000011
0.000051
-0.000156
-0.000511
-0.000628
-0.000288
0.000193
0.000325
0.000060
-0.000261
-0.000402
-0.000375
-0.000288
-0.000234
-0.000222
-0.000190
-0.000117
-0.000016
0.000120
0.000155
-0.000226
-0.000988
-0.001404
-0.000885
0.000068
0.000526
0.000487
0.000618
0.000971
0.001093
0.000963
0.000775
0.000482
0.000263
0.000435
0.000582
0.000098
-0.000537
-0.000432
0.000204
0.000566
0.000604
0.000713
0.000843
0.000830
0.000860
0.001013
0.000893
0.000200
-0.000630
-0.000956
-0.000892
-0.001001
-0.001353
-0.001636
-0.001723
-0.001569
-0.001146
-0.000766
-0.000750
-0.000777
-0.000398
0.000087
0.000215
0.000205
0.000369
0.000487
0.000383
0.000333
0.000530
0.000753
0.000775
0.000690
0.000681
0.000741
0.000701
0.000440
0.000051
-0.000198
-0.000117
0.000151
0.000215
0.000012
-0.000038
0.000264
0.000498
0.000233
-0.000323
-0.000620
-0.000549
-0.000474
-0.000648
-0.000954
-0.001070
-0.000751
-0.000121
0.000422
0.000608
0.000430
0.000088
-0.000022
0.000300
0.000593
0.000320
-0.000242
-0.000379
0.000039
0.000514
0.000642
0.000438
0.000186
0.000172
0.000368
0.000390
0.000026
-0.000388
-0.000451
-0.000272
-0.000229
-0.000395
-0.000521
-0.000459
-0.000296
-0.000144
-0.000044
-0.000010
-0.000001
0.000086
0.000271
0.000460
0.000537
0.000434
0.000270
0.000276
0.000400
0.000322
-0.000011
-0.000253
-0.000184
-0.000013
-0.000035
-0.000226
-0.000349
-0.000296
-0.000165
-0.000123
-0.000254
-0.000442
-0.000476
-0.000346
-0.000286
-0.000370
-0.000367
-0.000155
0.000097
0.000216
0.000170
-0.000115
-0.000725
-0.001405
-0.001549
-0.000906
-0.000073
0.000272
0.000345
0.000723
0.001257
0.001436
0.001295
0.001134
0.000947
0.000740
0.000625
0.000411
-0.000041
-0.000302
-0.000020
0.000442
0.000647
0.000766
0.001057
0.001289
0.001141
0.000713
0.000331
0.000066
-0.000272
-0.000706
-0.001027
-0.001223
-0.001467
-0.001686
-0.001676
-0.001466
-0.001124
-0.000742
-0.000648
-0.000900
-0.000962
-0.000551
-0.000122
-0.000001
0.000100
0.000380
0.000611
0.000655
0.000652
0.000671
0.000617
0.000491
0.000444
0.000529
0.000619
0.000559
0.000368
0.000220
0.000187
0.000198
0.000216
0.000182
0.000039
-0.000033
0.000129
0.000302
0.000195
-0.000067
-0.000211
-0.000325
-0.000689
-0.001135
-0.001111
-0.000521
-0.000032
-0.000155
-0.000439
-0.000201
0.000389
0.000748
0.000798
0.000665
0.000287
-0.000095
-0.000053
0.000187
0.000072
-0.000276
-0.000412
-0.000367
-0.000215
0.000174
0.000512
0.000379
0.000106
0.000263
0.000634
0.000621
0.000190
-0.000226
-0.000359
-0.000259
-0.000121
-0.000116
-0.000253
-0.000382
-0.000378
-0.000270
-0.000122
0.000125
0.000400
0.000423
0.000223
0.000178
0.000330
0.000269
-0.000108
-0.000363
-0.000272
-0.000168
-0.000305
-0.000492
-0.000481
-0.000244
0.000048
0.000168
0.000093
0.000018
0.000040
0.000026
-0.000087
-0.000117
0.000049
0.000211
0.000116
-0.000215
-0.000492
-0.000489
-0.000326
-0.000343
-0.000735
-0.001365
-0.001790
-0.001483
-0.000360
0.000917
0.001474
0.001052
0.000256
0.000098
0.000991
0.002084
0.002137
0.001036
-0.000195
-0.000626
-0.000114
0.000788
0.001220
0.000749
-0.000037
-0.000104
0.000798
0.001846
0.002004
0.001059
-0.000161
-0.000700
-0.000443
-0.000007
-0.000097
-0.000973
-0.002061
-0.002361
-0.001696
-0.000963
-0.000850
-0.001144
-0.001424
-0.001456
-0.001068
-0.000411
0.000018
0.000024
-0.000081
0.000006
0.000303
0.000682
0.000933
0.000918
0.000814
0.000895
0.001062
0.000985
0.000634
0.000310
0.000171
0.000037
-0.000226
-0.000404
-0.000252
0.000131
0.000426
0.000461
0.000297
0.000080
-0.000051
-0.000047
-0.000038
-0.000217
-0.000615
-0.000985
-0.001038
-0.000803
-0.000597
-0.000553
-0.000377
0.000234
0.000935
0.001055
0.000563
0.000072
0.000053
0.000503
0.000949
0.000673
-0.000356
-0.001085
-0.000766
-0.000032
0.000188
-0.000088
-0.000306
-0.000136
0.000443
0.001083
0.001200
0.000688
0.000098
-0.000102
0.000060
0.000283
0.000207
-0.000282
-0.000771
-0.000750
-0.000303
-0.000012
-0.000208
-0.000542
-0.000429
0.000157
0.000593
0.000431
-0.000045
-0.000264
-0.000034
0.000346
0.000442
0.000168
-0.000154
-0.000271
-0.000243
-0.000204
-0.000241
-0.000399
-0.000580
-0.000574
-0.000336
-0.000084
-0.000062
-0.000263
-0.000418
-0.000328
-0.000155
-0.000230
-0.000568
-0.000793
-0.000578
-0.000025
0.000400
0.000220
-0.000676
-0.001902
-0.002902
-0.003275
-0.002815
-0.001560
0.000182
0.001997
0.003504
0.004577
0.005535
0.006732
0.007821
0.007828
0.006285
0.003850
0.001512
-0.000276
-0.001661
-0.003140
-0.004952
-0.006500
-0.006911
-0.006125
-0.004872
-0.003817
-0.003156
-0.002667
-0.001877
-0.000595
0.000657
0.001064
0.000384
-0.000709
-0.001187
-0.000708
0.000057
0.000308
0.000043
-0.000057
0.000643
0.002123
0.003655
0.004498
0.004702
0.004848
0.005093
0.004996
0.004184
0.002669
0.000718
-0.001173
-0.002502
-0.003179
-0.003490
-0.003725
-0.003929
-0.003855
-0.003280
-0.002394
-0.001588
-0.000949
-0.000347
0.000135
0.000211
-0.000211
-0.000902
-0.001567
-0.002072
-0.002369
-0.002436
-0.002324
-0.002028
-0.001306
0.000049
0.001786
0.003477
0.005035
0.006428
0.007242
0.007139
0.006409
0.005544
0.004507
0.002832
0.000463
-0.001801
-0.003125
-0.003746
-0.004435
-0.005104
-0.005088
-0.004378
-0.003455
-0.002510
-0.001681
-0.001356
-0.001567
-0.001678
-0.001202
-0.000485
-0.000235
-0.000567
-0.000816
-0.000397
0.000516
0.001388
0.001988
0.002421
0.002811
0.003091
0.003068
0.002755
0.002407
0.002079
0.001577
0.000940
0.000455
0.000229
0.000107
-0.000039
-0.000167
-0.000271
-0.000488
-0.000887
-0.001358
-0.001735
-0.002012
-0.002357
-0.002798
-0.003097
-0.003054
-0.002726
-0.002296
-0.001762
-0.001005
-0.000218
0.000259
0.000538
0.000923
0.001342
0.001607
0.001726
0.001564
0.000770
-0.000598
-0.001834
-0.002348
-0.002224
-0.001572
-0.000073
0.002196
0.004388
0.005988
0.007411
0.008941
0.009923
0.009536
0.007770
0.005123
0.001803
-0.002041
-0.005600
-0.008018
-0.009521
-0.010790
-0.011511
-0.010716
-0.008366
-0.005562
-0.003296
-0.001708
-0.000434
0.000816
0.001913
0.002386
0.001994
0.001134
0.000467
0.000357
0.000856
0.001898
0.003271
0.004627
0.005759
0.006794
0.007781
0.008158
0.007253
0.005243
0.002901
0.000582
-0.001781
-0.004015
-0.005780
-0.006980
-0.007490
-0.007022
-0.005681
-0.004039
-0.002465
-0.000992
0.000236
0.000919
0.000972
0.000567
-0.000123
-0.000991
-0.001819
-0.002292
-0.002259
-0.001783
-0.000936
0.000225
0.001486
0.002562
0.003338
0.003816
0.003984
0.003889
0.003586
0.003065
0.002417
0.001891
0.001657
0.001622
0.001607
0.001546
0.001399
0.001073
0.000550
-0.000122
-0.001028
-0.002277
-0.003743
-0.005115
-0.006094
-0.006484
-0.006247
-0.005505
-0.004430
-0.003088
-0.001447
0.000424
0.002190
0.003416
0.003945
0.003961
0.003721
0.003292
0.002594
0.001717
0.001043
0.000893
0.001154
0.001454
0.001610
0.001739
0.001932
0.002000
0.001771
0.001380
0.000867
-0.000030
-0.001334
-0.002569
-0.003287
-0.003559
-0.003744
-0.003903
-0.003666
-0.002822
-0.001751
-0.000942
-0.000397
0.000112
0.000590
0.000880
0.000864
0.000564
0.000195
-0.000018
-0.000090
-0.000103
0.000065
0.000566
0.001318
0.002067
0.002551
0.002479
0.001571
-0.000054
-0.001802
-0.003253
-0.004181
-0.003874
-0.001882
0.000717
0.002561
0.004014
0.006195
0.008743
0.010171
0.009832
0.008135
0.005339
0.001416
-0.002936
-0.006313
-0.008258
-0.009848
-0.011489
-0.011677
-0.009456
-0.006199
-0.003565
-0.001573
0.000262
0.001696
0.002414
0.002566
0.002288
0.001561
0.000500
-0.000477
-0.000572
0.000780
0.002970
0.004696
0.005522
0.006130
0.007019
0.007595
0.006829
0.004632
0.001975
-0.000480
-0.002949
-0.005378
-0.006968
-0.007341
-0.006939
-0.005977
-0.004225
-0.001947
0.000073
0.001376
0.001998
0.002077
0.001698
0.000855
-0.000409
-0.001654
-0.002305
-0.002362
-0.002220
-0.001827
-0.000807
0.000726
0.002188
0.003182
0.003696
0.003751
0.003190
0.002047
0.000753
-0.000423
-0.001483
-0.002003
-0.001440
-0.000151
0.001107
0.002354
0.003856
0.004958
0.004741
0.003395
0.001837
0.000336
-0.001630
-0.004196
-0.006424
-0.007364
-0.007213
-0.006561
-0.005307
-0.003242
-0.000836
0.001211
0.002652
0.003620
0.004131
0.003938
0.003000
0.001807
0.000830
0.000005
-0.000746
-0.001010
-0.000462
0.000595
0.001649
0.002446
0.002883
0.002881
0.002400
0.001493
0.000352
-0.000823
-0.001962
-0.002907
-0.003316
-0.003126
-0.002655
-0.001993
-0.000975
0.000153
0.000827
0.000852
0.000499
0.000041
-0.000499
-0.001178
-0.001860
-0.002152
-0.001791
-0.001074
-0.000449
0.000229
0.001307
0.002389
0.002767
0.002598
0.002562
0.002581
0.002034
0.001023
0.000179
-0.000687
-0.002357
-0.004471
-0.005589
-0.005223
-0.004054
-0.002178
0.000733
0.003799
0.005749
0.006924
0.008429
0.009816
0.009477
0.007008
0.003593
0.000330
-0.002627
-0.005311
-0.007281
-0.008267
-0.008600
-0.008284
-0.006791
-0.004366
-0.002194
-0.000952
-0.000378
-0.000183
-0.000248
-0.000358
-0.000571
-0.001076
-0.001416
-0.000917
0.000376
0.002073
0.004018
0.005904
0.007107
0.007347
0.007049
0.006603
0.005606
0.003472
0.000591
-0.001955
-0.003710
-0.004919
-0.005518
-0.005203
-0.004258
-0.003192
-0.001968
-0.000555
0.000481
0.000675
0.000204
-0.000546
-0.001317
-0.001971
-0.002493
-0.002774
-0.002544
-0.001711
-0.000484
0.000894
0.002259
0.003418
0.004094
0.004062
0.003284
0.001923
0.000223
-0.001472
-0.002596
-0.002790
-0.002353
-0.001523
0.000055
0.002311
0.004316
0.005496
0.006109
0.006178
0.005130
0.002781
-0.000129
-0.002674
-0.004628
-0.006288
-0.007532
-0.007691
-0.006562
-0.004721
-0.002655
-0.000545
0.001249
0.002346
0.002752
0.002717
0.002360
0.001586
0.000408
-0.000700
-0.001057
-0.000560
0.000202
0.000908
0.001792
0.002827
0.003498
0.003498
0.003005
0.002215
0.001111
-0.000203
-0.001353
-0.002030
-0.002335
-0.002513
-0.002392
-0.001612
-0.000413
0.000445
0.000613
0.000414
0.000228
-0.000011
-0.000642
-0.001700
-0.002684
-0.003025
-0.002707
-0.002137
-0.001400
-0.000213
0.001212
0.002173
0.002492
0.002599
0.002586
0.002095
0.001172
0.000402
0.000126
0.000102
0.000018
0.000016
0.000403
0.000926
0.000707
-0.000817
-0.002905
-0.004227
-0.004547
-0.004297
-0.003149
-0.000905
0.001445
0.003214
0.005118
0.007600
0.009514
0.009575
0.007847
0.005177
0.002225
-0.000812
-0.003814
-0.006270
-0.007844
-0.008731
-0.008702
-0.007168
-0.004519
-0.002019
-0.000415
0.000392
0.000728
0.000878
0.000827
0.000095
-0.001321
-0.002403
-0.002375
-0.001358
0.000419
0.002634
0.004540
0.005734
0.006548
0.007202
0.007248
0.006086
0.003720
0.000904
-0.001502
-0.003316
-0.004736
-0.005528
-0.005382
-0.004521
-0.003215
-0.001522
0.000219
0.001434
0.001839
0.001499
0.000629
-0.000461
-0.001526
-0.002510
-0.003300
-0.003564
-0.003006
-0.001679
0.000018
0.001592
0.002742
0.003454
0.003758
0.003480
0.002428
0.000801
-0.000815
-0.001896
-0.002260
-0.002106
-0.001639
-0.000521
0.001552
0.003751
0.004923
0.005245
0.005501
0.005287
0.003654
0.000919
-0.001719
-0.003742
-0.005440
-0.006895
-0.007530
-0.006785
-0.004977
-0.002972
-0.001118
0.000640
0.001987
0.002586
0.002702
0.002610
0.001974
0.000600
-0.000786
-0.001210
-0.000598
0.000209
0.000583
0.000874
0.001648
0.002616
0.003054
0.002799
0.002196
0.001478
0.000631
-0.000332
-0.001195
-0.001715
-0.001861
-0.001666
-0.001072
-0.000164
0.000641
0.000878
0.000479
-0.000209
-0.000887
-0.001565
-0.002320
-0.003035
-0.003407
-0.003170
-0.002364
-0.001329
-0.000300
0.000816
0.002078
0.003195
0.003718
0.003438
0.002554
0.001439
0.000326
-0.000632
-0.001174
-0.001168
-0.000784
-0.000118
0.000901
0.002064
0.002773
0.002390
0.000640
-0.001910
-0.004134
-0.005554
-0.006335
-0.006109
-0.004293
-0.001319
0.001826
0.004805
0.007651
0.009927
0.010945
0.010341
0.008138
0.004724
0.000755
-0.003090
-0.006169
-0.008157
-0.009227
-0.009331
-0.008017
-0.005441
-0.002581
-0.000299
0.001049
0.001433
0.001192
0.000705
-0.000151
-0.001500
-0.002780
-0.003310
-0.002853
-0.001319
0.001130
0.003775
0.005879
0.007246
0.007920
0.007805
0.006730
0.004652
0.001897
-0.000854
-0.003051
-0.004548
-0.005261
-0.005068
-0.004132
-0.002809
-0.001265
0.000310
0.001448
0.001816
0.001411
0.000314
-0.001247
-0.002830
-0.004051
-0.004666
-0.004455
-0.003430
-0.001904
-0.000093
0.001979
0.004012
0.005253
0.005203
0.004287
0.003269
0.002163
0.000588
-0.000950
-0.001483
-0.001071
-0.000434
0.000332
0.001471
0.002680
0.003316
0.003098
0.002212
0.000883
-0.000857
-0.002865
-0.004572
-0.005476
-0.005735
-0.005569
-0.004632
-0.002763
-0.000603
0.001096
0.002214
0.003016
0.003471
0.003252
0.002344
0.001138
-0.000076
-0.001176
-0.001860
-0.001750
-0.000944
0.000011
0.000798
0.001570
0.002456
0.003152
0.003193
0.002531
0.001539
0.000502
-0.000487
-0.001298
-0.001797
-0.001974
-0.001888
-0.001555
-0.000975
-0.000274
0.000270
0.000397
0.000043
-0.000610
-0.001286
-0.001823
-0.002193
-0.002388
-0.002345
-0.001950
-0.001124
-0.000015
0.001062
0.002002
0.002855
0.003340
0.003037
0.002131
0.001346
0.000934
0.000379
-0.000570
-0.001213
-0.000827
0.000185
0.000829
0.000942
0.001120
0.001272
0.000539
-0.001150
-0.002881
-0.004350
-0.005882
-0.006679
-0.005266
-0.002118
0.000640
0.002561
0.005098
0.008274
0.010152
0.009890
0.008597
0.006876
0.003988
-0.000075
-0.003766
-0.005910
-0.007042
-0.007991
-0.008246
-0.006925
-0.004516
-0.002240
-0.000491
0.000776
0.001266
0.000867
-0.000048
-0.001040
-0.001794
-0.002247
-0.002550
-0.002370
-0.000892
0.001757
0.004237
0.005717
0.006556
0.007038
0.006776
0.005487
0.003482
0.001279
-0.000836
-0.002739
-0.004111
-0.004562
-0.004201
-0.003503
-0.002556
-0.001214
0.000152
0.000930
0.001010
0.000630
-0.000100
-0.001115
-0.002175
-0.002927
-0.003073
-0.002530
-0.001458
-0.000089
0.001391
0.002803
0.003882
0.004194
0.003371
0.001771
0.000567
0.000219
-0.000467
-0.002129
-0.003136
-0.002137
-0.000356
0.000682
0.001500
0.002937
0.004129
0.003888
0.002536
0.001172
0.000049
-0.001477
-0.003497
-0.004952
-0.005138
-0.004631
-0.003907
-0.002516
-0.000389
0.001422
0.002182
0.002506
0.003038
0.003152
0.002000
0.000131
-0.001038
-0.001118
-0.001024
-0.001284
-0.001334
-0.000761
0.000065
0.000802
0.001533
0.002202
0.002365
0.001784
0.000926
0.000430
0.000173
-0.000423
-0.001218
-0.001410
-0.000849
-0.000282
-0.000126
0.000003
0.000306
0.000383
0.000048
-0.000379
-0.000693
-0.001044
-0.001514
-0.001796
-0.001534
-0.000892
-0.000365
-0.000074
0.000312
0.000962
0.001618
0.001986
0.002001
0.001671
0.001076
0.000407
-0.000257
-0.000965
-0.001592
-0.001784
-0.001411
-0.000806
-0.000206
0.000486
0.001204
0.001692
0.001850
0.001616
0.000737
-0.000893
-0.002886
-0.004715
-0.005953
-0.005825
-0.003848
-0.001104
0.000974
0.002853
0.005677
0.008493
0.009432
0.008781
0.007956
0.006520
0.003207
-0.001070
-0.003959
-0.005021
-0.005964
-0.007332
-0.007491
-0.005627
-0.003153
-0.001361
-0.000074
0.000868
0.000952
0.000161
-0.000856
-0.001728
-0.002477
-0.003149
-0.003610
-0.003267
-0.001504
0.001217
0.003554
0.004841
0.005618
0.006398
0.006690
0.005769
0.003846
0.001749
-0.000170
-0.001895
-0.002956
-0.002945
-0.002382
-0.001868
-0.001097
0.000155
0.001194
0.001519
0.001425
0.000971
-0.000190
-0.001776
-0.002995
-0.003666
-0.004129
-0.004324
-0.003828
-0.002570
-0.000941
0.000629
0.001833
0.002505
0.002679
0.002547
0.002246
0.001623
0.000549
-0.000440
-0.000631
-0.000247
-0.000059
-0.000094
0.000374
0.001613
0.002926
0.003523
0.003413
0.003059
0.002489
0.001312
-0.000364
-0.001842
-0.002884
-0.003818
-0.004558
-0.004541
-0.003635
-0.002450
-0.001587
-0.000895
0.000039
0.000965
0.001307
0.001146
0.001031
0.000934
0.000361
-0.000490
-0.000778
-0.000262
0.000420
0.000760
0.000998
0.001557
0.002254
0.002526
0.002267
0.001827
0.001327
0.000601
-0.000259
-0.000866
-0.001075
-0.001129
-0.001183
-0.001078
-0.000699
-0.000216
0.000102
0.000118
-0.000108
-0.000450
-0.000830
-0.001191
-0.001510
-0.001778
-0.001833
-0.001487
-0.000855
-0.000241
0.000282
0.000841
0.001371
0.001593
0.001453
0.001178
0.000896
0.000576
0.000199
-0.000174
-0.000388
-0.000358
-0.000172
0.000086
0.000465
0.000990
0.001449
0.001589
0.001461
0.001153
0.000419
-0.000963
-0.002722
-0.004388
-0.005676
-0.006119
-0.005093
-0.002878
-0.000545
0.001618
0.004138
0.006764
0.008422
0.008742
0.008247
0.007017
0.004561
0.001198
-0.001784
-0.003690
-0.005060
-0.006306
-0.006739
-0.005714
-0.003825
-0.002045
-0.000626
0.000446
0.000903
0.000622
-0.000129
-0.001055
-0.001963
-0.002717
-0.003291
-0.003408
-0.002511
-0.000643
0.001366
0.002978
0.004407
0.005751
0.006479
0.006161
0.005065
0.003661
0.002050
0.000158
-0.001669
-0.002747
-0.002954
-0.002829
-0.002549
-0.001799
-0.000661
0.000316
0.000818
0.000914
0.000643
-0.000088
-0.001244
-0.002526
-0.003455
-0.003737
-0.003568
-0.003263
-0.002721
-0.001644
-0.000199
0.001069
0.002004
0.002855
0.003445
0.003343
0.002769
0.002299
0.001961
0.001497
0.001117
0.001133
0.001307
0.001293
0.001121
0.000901
0.000630
0.000191
-0.000567
-0.001513
-0.002316
-0.002842
-0.003122
-0.003176
-0.002995
-0.002506
-0.001663
-0.000578
0.000502
0.001332
0.001749
0.001757
0.001560
0.001303
0.000863
0.000163
-0.000562
-0.000984
-0.000929
-0.000451
0.000196
0.000762
0.001202
0.001575
0.001815
0.001784
0.001443
0.000836
0.000079
-0.000597
-0.001032
-0.001281
-0.001450
-0.001462
-0.001159
-0.000608
-0.000067
0.000301
0.000474
0.000499
0.000434
0.000268
-0.000057
-0.000480
-0.000883
-0.001233
-0.001359
-0.001009
-0.000428
-0.000146
-0.000065
0.000355
0.000979
0.001131
0.000774
0.000488
0.000434
0.000274
-0.000144
-0.000564
-0.000631
-0.000397
-0.000231
-0.000028
0.000594
0.001303
0.001415
0.000918
0.000176
-0.000866
-0.002341
-0.003656
-0.003837
-0.002738
-0.001282
-0.000189
0.001066
0.003174
0.005434
0.006696
0.007034
0.006931
0.005936
0.003669
0.000970
-0.001207
-0.003049
-0.005075
-0.006840
-0.007278
-0.006127
-0.004323
-0.002774
-0.001483
-0.000294
0.000435
0.000507
0.000266
-0.000061
-0.000598
-0.001385
-0.002176
-0.002418
-0.001560
0.000148
0.001801
0.003039
0.004150
0.005126
0.005642
0.005599
0.004972
0.003637
0.001766
-0.000102
-0.001595
-0.002646
-0.003203
-0.003231
-0.002812
-0.002061
-0.001143
-0.000268
0.000430
0.000794
0.000609
-0.000128
-0.001155
-0.002198
-0.003075
-0.003639
-0.003770
-0.003309
-0.002161
-0.000617
0.000773
0.001692
0.002265
0.002820
0.003333
0.003257
0.002461
0.001701
0.001364
0.000834
-0.000023
-0.000224
0.000595
0.001419
0.001581
0.001697
0.002218
0.002434
0.001625
0.000229
-0.000911
-0.001851
-0.003199
-0.004711
-0.005349
-0.004810
-0.003850
-0.002974
-0.001872
-0.000304
0.001224
0.002113
0.002504
0.002761
0.002663
0.001877
0.000752
0.000014
-0.000172
-0.000230
-0.000314
-0.000095
0.000605
0.001451
0.001928
0.001894
0.001657
0.001398
0.000902
0.000051
-0.000887
-0.001614
-0.002028
-0.002062
-0.001671
-0.001033
-0.000458
-0.000048
0.000336
0.000724
0.000908
0.000753
0.000321
-0.000289
-0.000985
-0.001619
-0.001990
-0.002012
-0.001773
-0.001289
-0.000420
0.000748
0.001710
0.002098
0.002089
0.001943
0.001616
0.001031
0.000272
-0.000502
-0.001021
-0.001064
-0.000825
-0.000571
-0.000138
0.000603
0.001274
0.001405
0.000828
-0.000371
-0.001871
-0.003227
-0.004094
-0.004136
-0.003149
-0.001570
0.000012
0.001874
0.004387
0.006734
0.007849
0.007773
0.007001
0.005504
0.003146
0.000331
-0.002244
-0.004196
-0.005637
-0.006646
-0.006788
-0.005724
-0.003983
-0.002307
-0.000861
0.000256
0.000725
0.000570
0.000097
-0.000620
-0.001582
-0.002553
-0.003173
-0.003032
-0.001846
0.000045
0.001923
0.003546
0.005063
0.006310
0.006819
0.006367
0.005149
0.003552
0.001861
0.000127
-0.001546
-0.002746
-0.003236
-0.003247
-0.002925
-0.002181
-0.001159
-0.000260
0.000230
0.000239
-0.000181
-0.000889
-0.001705
-0.002473
-0.003043
-0.003323
-0.003281
-0.002820
-0.001860
-0.000552
0.000842
0.002106
0.003057
0.003593
0.003651
0.003152
0.002245
0.001382
0.000758
0.000058
-0.000776
-0.001086
-0.000412
0.000682
0.001351
0.001598
0.001884
0.002086
0.001696
0.000727
-0.000351
-0.001348
-0.002396
-0.003395
-0.003927
-0.003761
-0.003126
-0.002376
-0.001542
-0.000456
0.000702
0.001491
0.001827
0.001976
0.001990
0.001658
0.001003
0.000375
-0.000017
-0.000250
-0.000338
-0.000159
0.000251
0.000653
0.000942
0.001201
0.001366
0.001189
0.000624
-0.000038
-0.000509
-0.000810
-0.001041
-0.001108
-0.000916
-0.000582
-0.000276
-0.000039
0.000173
0.000300
0.000202
-0.000071
-0.000338
-0.000599
-0.000986
-0.001412
-0.001561
-0.001269
-0.000720
-0.000189
0.000268
0.000721
0.001054
0.001157
0.001184
0.001168
0.000868
0.000362
0.000108
0.000150
0.000045
-0.000274
-0.000349
-0.000020
0.000372
0.000629
0.000866
0.001080
0.001025
0.000453
-0.000649
-0.001983
-0.003205
-0.004172
-0.004747
-0.004533
-0.003177
-0.001055
0.000971
0.002697
0.004584
0.006523
0.007594
0.007335
0.006307
0.005012
0.003225
0.000929
-0.001237
-0.002857
-0.004125
-0.005096
-0.005350
-0.004736
-0.003748
-0.002812
-0.001884
-0.000945
-0.000319
-0.000325
-0.000821
-0.001369
-0.001770
-0.002134
-0.002453
-0.002333
-0.001386
0.000151
0.001637
0.002809
0.003899
0.004990
0.005692
0.005593
0.004775
0.003606
0.002263
0.000797
-0.000550
-0.001502
-0.002052
-0.002294
-0.002148
-0.001584
-0.000843
-0.000220
0.000113
0.000042
-0.000427
-0.001071
-0.001693
-0.002349
-0.003040
-0.003459
-0.003344
-0.002772
-0.001986
-0.001118
-0.000156
0.000834
0.001686
0.002317
0.002683
0.002694
0.002335
0.001719
0.001014
0.000434
0.000113
-0.000017
0.000049
0.000484
0.001207
0.001879
0.002367
0.002692
0.002685
0.002180
0.001321
0.000307
-0.000865
-0.002110
-0.003168
-0.003919
-0.004298
-0.004116
-0.003357
-0.002285
-0.001228
-0.000361
0.000359
0.000958
0.001277
0.001208
0.000897
0.000586
0.000366
0.000237
0.000235
0.000394
0.000697
0.001055
0.001370
0.001651
0.001880
0.001871
0.001518
0.000994
0.000517
0.000078
-0.000487
-0.001128
-0.001524
-0.001544
-0.001413
-0.001233
-0.000824
-0.000237
0.000150
0.000213
0.000198
0.000213
0.000088
-0.000292
-0.000823
-0.001296
-0.001566
-0.001575
-0.001294
-0.000753
-0.000094
0.000537
0.001068
0.001393
0.001503
0.001580
0.001636
0.001438
0.000956
0.000404
-0.000039
-0.000289
-0.000367
-0.000490
-0.000921
-0.001539
-0.001931
-0.002090
-0.002319
-0.002371
-0.001667
-0.000384
0.000729
0.001608
0.002841
0.004317
0.005180
0.005187
0.004855
0.004295
0.003057
0.001170
-0.000664
-0.002054
-0.003221
-0.004214
-0.004675
-0.004464
-0.003869
-0.003149
-0.002355
-0.001596
-0.001024
-0.000644
-0.000405
-0.000311
-0.000370
-0.000539
-0.000733
-0.000755
-0.000332
0.000468
0.001184
0.001667
0.002283
0.003112
0.003705
0.003806
0.003611
0.003235
0.002545
0.001614
0.000765
0.000035
-0.000797
-0.001630
-0.002053
-0.001958
-0.001664
-0.001394
-0.001146
-0.001017
-0.001102
-0.001259
-0.001376
-0.001590
-0.001983
-0.002305
-0.002281
-0.001932
-0.001381
-0.000668
0.000110
0.000746
0.001175
0.001538
0.001932
0.002259
0.002353
0.002141
0.001735
0.001398
0.001288
0.001224
0.000944
0.000558
0.000360
0.000314
0.000120
-0.000228
-0.000407
-0.000361
-0.000424
-0.000699
-0.000935
-0.001080
-0.001310
-0.001588
-0.001702
-0.001590
-0.001343
-0.001034
-0.000655
-0.000191
0.000257
0.000543
0.000678
0.000776
0.000854
0.000862
0.000792
0.000684
0.000611
0.000641
0.000730
0.000746
0.000645
0.000465
0.000219
-0.000070
-0.000324
-0.000458
-0.000448
-0.000366
-0.000302
-0.000263
-0.000214
-0.000144
-0.000048
0.000076
0.000176
0.000211
0.000227
0.000223
0.000071
-0.000258
-0.000567
-0.000698
-0.000724
-0.000759
-0.000717
-0.000496
-0.000292
-0.000303
-0.000370
-0.000268
-0.000042
0.000161
0.000299
0.000405
0.000491
0.000500
0.000401
0.000274
0.000225
0.000177
-0.000134
-0.000737
-0.001204
-0.001256
-0.001219
-0.001256
-0.000820
0.000340
0.001544
0.002321
0.003110
0.004083
0.004493
0.003933
0.003069
0.002460
0.001678
0.000229
-0.001462
-0.002655
-0.003354
-0.003957
-0.004300
-0.004021
-0.003356
-0.002714
-0.002093
-0.001492
-0.001115
-0.000957
-0.000854
-0.000814
-0.000839
-0.000782
-0.000570
-0.000163
0.000570
0.001542
0.002433
0.003166
0.003866
0.004428
0.004573
0.004271
0.003743
0.003072
0.002103
0.000810
-0.000458
-0.001323
-0.001858
-0.002338
-0.002723
-0.002787
-0.002502
-0.002021
-0.001527
-0.001209
-0.001154
-0.001279
-0.001488
-0.001786
-0.002109
-0.002253
-0.002111
-0.001715
-0.001073
-0.000202
0.000766
0.001652
0.002326
0.002770
0.003000
0.002968
0.002694
0.002348
0.002020
0.001598
0.000977
0.000277
-0.000225
-0.000340
-0.000141
0.000039
-0.000023
-0.000119
-0.000070
-0.000185
-0.000740
-0.001475
-0.002046
-0.002469
-0.002777
-0.002724
-0.002176
-0.001404
-0.000738
-0.000171
0.000498
0.001247
0.001817
0.002037
0.001925
0.001594
0.001115
0.000502
-0.000085
-0.000355
-0.000279
-0.000146
-0.000072
0.000144
0.000561
0.000912
0.001053
0.001099
0.001057
0.000756
0.000158
-0.000480
-0.000875
-0.001091
-0.001353
-0.001576
-0.001532
-0.001223
-0.000789
-0.000300
0.000223
0.000646
0.000789
0.000686
0.000549
0.000423
0.000103
-0.000489
-0.001053
-0.001224
-0.000947
-0.000445
0.000045
0.000413
0.000696
0.000953
0.001100
0.001015
0.000767
0.000513
0.000245
-0.000174
-0.000814
-0.001510
-0.001906
-0.001910
-0.001817
-0.001632
-0.000943
0.000244
0.001408
0.002290
0.002957
0.003395
0.003541
0.003380
0.002864
0.002045
0.001158
0.000315
-0.000568
-0.001409
-0.001945
-0.002143
-0.002197
-0.002193
-0.002067
-0.001839
-0.001699
-0.001805
-0.002044
-0.002131
-0.001983
-0.001787
-0.001627
-0.001346
-0.000830
-0.000148
0.000607
0.001374
0.002062
0.002580
0.002914
0.003117
0.003193
0.003059
0.002698
0.002178
0.001542
0.000888
0.000417
0.000163
-0.000094
-0.000423
-0.000618
-0.000645
-0.000780
-0.001145
-0.001532
-0.001759
-0.001895
-0.002090
-0.002337
-0.002435
-0.002213
-0.001815
-0.001540
-0.001365
-0.000966
-0.000210
0.000641
0.001228
0.001524
0.001764
0.001953
0.001895
0.001648
0.001438
0.001325
0.001246
0.001155
0.001049
0.000968
0.000920
0.000811
0.000551
0.000217
-0.000068
-0.000339
-0.000718
-0.001154
-0.001448
-0.001584
-0.001777
-0.002013
-0.001994
-0.001749
-0.001598
-0.001463
-0.001001
-0.000318
0.000230
0.000654
0.001119
0.001524
0.001687
0.001641
0.001536
0.001417
0.001220
0.000925
0.000581
0.000267
0.000071
-0.000046
-0.000182
-0.000215
0.000019
0.000353
0.000509
0.000431
0.000162
-0.000263
-0.000694
-0.000952
-0.001113
-0.001394
-0.001703
-0.001685
-0.001254
-0.000692
-0.000261
0.000022
0.000312
0.000711
0.001091
0.001201
0.000988
0.000665
0.000397
0.000144
-0.000148
-0.000384
-0.000416
-0.000252
-0.000057
0.000076
0.000219
0.000432
0.000610
0.000634
0.000533
0.000354
0.000049
-0.000365
-0.000768
-0.001136
-0.001442
-0.001496
-0.001279
-0.001036
-0.000723
-0.000030
0.000909
0.001605
0.001948
0.002155
0.002243
0.002037
0.001556
0.001020
0.000524
-0.000003
-0.000525
-0.000865
-0.000947
-0.000861
-0.000721
-0.000610
-0.000568
-0.000587
-0.000669
-0.000875
-0.001207
-0.001477
-0.001556
-0.001599
-0.001671
-0.001524
-0.001055
-0.000477
0.000073
0.000640
0.001218
0.001669
0.001890
0.001900
0.001772
0.001579
0.001400
0.001266
0.001125
0.000894
0.000604
0.000409
0.000372
0.000427
0.000505
0.000478
0.000146
-0.000500
-0.001138
-0.001469
-0.001572
-0.001723
-0.001974
-0.002093
-0.001921
-0.001541
-0.001089
-0.000637
-0.000240
0.000072
0.000298
0.000426
0.000489
0.000582
0.000710
0.000742
0.000690
0.000787
0.001078
0.001294
0.001292
0.001248
0.001325
0.001389
0.001192
0.000754
0.000317
-0.000058
-0.000580
-0.001312
-0.001860
-0.001832
-0.001504
-0.001422
-0.001408
-0.000851
0.000097
0.000702
0.000804
0.000820
0.000857
0.000684
0.000309
-0.000037
-0.000264
-0.000435
-0.000591
-0.000659
-0.000540
-0.000294
-0.000070
0.000102
0.000272
0.000462
0.000671
0.000851
0.000907
0.000814
0.000601
0.000275
-0.000050
-0.000178
-0.000138
-0.000174
-0.000340
-0.000434
-0.000343
-0.000204
-0.000162
-0.000211
-0.000316
-0.000447
-0.000527
-0.000526
-0.000460
-0.000314
-0.000140
-0.000029
0.000055
0.000225
0.000440
0.000527
0.000427
0.000199
-0.000158
-0.000696
-0.001343
-0.001814
-0.001801
-0.001317
-0.000669
-0.000055
0.000611
0.001427
0.002256
0.002911
0.003356
0.003551
0.003358
0.002744
0.001917
0.001048
0.000085
-0.000913
-0.001675
-0.002131
-0.002451
-0.002637
-0.002516
-0.002067
-0.001519
-0.001131
-0.000997
-0.001035
-0.001111
-0.001216
-0.001433
-0.001696
-0.001809
-0.001670
-0.001255
-0.000552
0.000361
0.001323
0.002149
0.002778
0.003293
0.003696
0.003830
0.003594
0.003028
0.002271
0.001529
0.000902
0.000276
-0.000470
-0.001175
-0.001529
-0.001520
-0.001420
-0.001374
-0.001377
-0.001460
-0.001633
-0.001815
-0.001941
-0.002072
-0.002257
-0.002363
-0.002188
-0.001744
-0.001209
-0.000675
-0.000075
0.000685
0.001527
0.002173
0.002444
0.002476
0.002495
0.002535
0.002473
0.002224
0.001853
0.001488
0.001168
0.000855
0.000529
0.000238
0.000039
-0.000128
-0.000393
-0.000763
-0.001148
-0.001550
-0.002020
-0.002514
-0.002859
-0.002881
-0.002581
-0.002140
-0.001703
-0.001267
-0.000776
-0.000202
0.000446
0.001073
0.001497
0.001603
0.001532
0.001523
0.001589
0.001565
0.001384
0.001113
0.000897
0.000866
0.001009
0.001160
0.001119
0.000847
0.000538
0.000347
0.000140
-0.000268
-0.000828
-0.001329
-0.001658
-0.001854
-0.001931
-0.001787
-0.001395
-0.000970
-0.000721
-0.000563
-0.000291
0.000080
0.000363
0.000407
0.000245
0.000076
0.000014
-0.000023
-0.000097
-0.000122
0.000011
0.000315
0.000742
0.001212
0.001611
0.001831
0.001809
0.001569
0.001238
0.000883
0.000436
-0.000115
-0.000648
-0.001037
-0.001214
-0.001194
-0.001072
-0.000921
-0.000727
-0.000513
-0.000371
-0.000382
-0.000575
-0.000855
-0.001014
-0.000980
-0.000904
-0.000849
-0.000626
-0.000143
0.000416
0.000888
0.001283
0.001584
0.001665
0.001483
0.001212
0.001007
0.000788
0.000439
0.000049
-0.000252
-0.000462
-0.000593
-0.000624
-0.000547
-0.000334
-0.000063
0.000054
-0.000037
-0.000182
-0.000260
-0.000272
-0.000275
-0.000300
-0.000345
-0.000376
-0.000337
-0.000281
-0.000285
-0.000228
0.000000
0.000216
0.000243
0.000199
0.000211
0.000165
0.000011
-0.000082
-0.000038
-0.000011
-0.000087
-0.000119
0.000008
0.000231
0.000474
0.000671
0.000710
0.000595
0.000461
0.000339
0.000135
-0.000160
-0.000394
-0.000467
-0.000475
-0.000482
-0.000396
-0.000183
0.000056
0.000253
0.000369
0.000311
0.000070
-0.000226
-0.000434
-0.000516
-0.000552
-0.000590
-0.000581
-0.000489
-0.000330
-0.000108
0.000133
0.000302
0.000373
0.000429
0.000564
0.000745
0.000848
0.000800
0.000639
0.000437
0.000213
-0.000045
-0.000264
-0.000333
-0.000282
-0.000262
-0.000330
-0.000405
-0.000428
-0.000403
-0.000361
-0.000355
-0.000396
-0.000429
-0.000416
-0.000346
-0.000173
0.000104
0.000364
0.000467
0.000435
0.000417
0.000454
0.000470
0.000504
0.000674
0.000871
0.000825
0.000468
0.000035
-0.000263
-0.000464
-0.000640
-0.000703
-0.000580
-0.000382
-0.000273
-0.000293
-0.000421
-0.000600
-0.000677
-0.000566
-0.000411
-0.000365
-0.000354
-0.000262
-0.000100
0.000150
0.000550
0.000999
0.001243
0.001167
0.000930
0.000741
0.000625
0.000504
0.000342
0.000178
0.000054
-0.000054
-0.000179
-0.000314
-0.000448
-0.000582
-0.000707
-0.000760
-0.000690
-0.000568
-0.000481
-0.000407
-0.000310
-0.000234
-0.000215
-0.000189
-0.000059
0.000135
0.000228
0.000160
0.000082
0.000142
0.000294
0.000419
0.000515
0.000603
0.000599
0.000443
0.000251
0.000198
0.000269
0.000298
0.000207
0.000030
-0.000200
-0.000416
-0.000506
-0.000441
-0.000308
-0.000200
-0.000142
-0.000132
-0.000151
-0.000177
-0.000212
-0.000250
-0.000274
-0.000283
-0.000278
-0.000231
-0.000097
0.000145
0.000394
0.000500
0.000449
0.000332
0.000209
0.000124
0.000098
0.000065
-0.000007
-0.000034
0.000017
0.000087
0.000146
0.000190
0.000206
0.000202
0.000204
0.000225
0.000247
0.000218
0.000107
-0.000073
-0.000248
-0.000346
-0.000451
-0.000674
-0.000860
-0.000783
-0.000497
-0.000233
-0.000106
-0.000027
0.000124
0.000297
0.000367
0.000345
0.000306
0.000234
0.000062
-0.000142
-0.000177
0.000020
0.000247
0.000315
0.000281
0.000298
0.000373
0.000379
0.000267
0.000109
-0.000040
-0.000172
-0.000297
-0.000381
-0.000346
-0.000239
-0.000207
-0.000207
-0.000063
0.000195
0.000331
0.000197
-0.000101
-0.000293
-0.000230
-0.000093
-0.000142
-0.000295
-0.000241
0.000067
0.000329
0.000345
0.000254
0.000238
0.000242
0.000161
0.000075
0.000096
0.000144
0.000050
-0.000210
-0.000453
-0.000480
-0.000306
-0.000105
0.000031
0.000156
0.000269
0.000263
0.000151
0.000084
0.000087
0.000046
-0.000040
-0.000043
0.000023
-0.000047
-0.000287
-0.000423
-0.000285
-0.000042
0.000117
0.000178
0.000156
0.000046
-0.000066
-0.000063
0.000018
0.000029
-0.000050
-0.000067
0.000038
0.000115
0.000085
0.000118
0.000306
0.000440
0.000327
0.000088
-0.000048
-0.000083
-0.000168
-0.000294
-0.000311
-0.000201
-0.000103
-0.000090
-0.000125
-0.000135
-0.000045
0.000107
0.000194
0.000194
0.000143
0.000006
-0.000194
-0.000349
-0.000421
-0.000410
-0.000258
0.000021
0.000292
0.000437
0.000467
0.000449
0.000397
0.000314
0.000240
0.000137
-0.000067
-0.000277
-0.000314
-0.000186
-0.000045
0.000040
0.000107
0.000124
-0.000001
-0.000182
-0.000241
-0.000172
-0.000095
-0.000140
-0.000303
-0.000362
-0.000199
0.000002
0.000089
0.000098
0.000049
-0.000048
-0.000079
0.000021
0.000125
0.000103
0.000046
0.000132
0.000348
0.000531
0.000543
0.000367
0.000137
0.000040
0.000084
0.000087
-0.000038
-0.000197
-0.000320
-0.000389
-0.000347
-0.000194
-0.000101
-0.000207
-0.000376
-0.000377
-0.000199
-0.000018
0.000046
0.000010
-0.000025
0.000042
0.000187
0.000258
0.000178
0.000049
0.000043
0.000197
0.000307
0.000190
0.000010
0.000006
0.000099
0.000096
0.000005
-0.000098
-0.000216
-0.000279
-0.000177
0.000000
0.000076
0.000029
-0.000031
-0.000046
-0.000049
-0.000048
0.000017
0.000126
0.000177
0.000142
0.000078
0.000067
0.000137
0.000138
-0.000064
-0.000311
-0.000335
-0.000130
0.000041
-0.000028
-0.000210
-0.000229
-0.000078
0.000029
0.000052
0.000118
0.000265
0.000398
0.000398
0.000258
0.000091
-0.000037
-0.000142
-0.000210
-0.000140
0.000091
0.000285
0.000235
0.000022
-0.000110
-0.000117
-0.000149
-0.000283
-0.000464
-0.000596
-0.000600
-0.000500
-0.000376
-0.000185
0.000164
0.000537
0.000697
0.000645
0.000547
0.000481
0.000443
0.000390
0.000256
0.000038
-0.000174
-0.000324
-0.000447
-0.000514
-0.000426
-0.000219
-0.000057
0.000004
0.000067
0.000169
0.000179
-0.000005
-0.000295
-0.000464
-0.000374
-0.000165
-0.000102
-0.000190
-0.000183
0.000029
0.000317
0.000512
0.000571
0.000556
0.000509
0.000384
0.000181
0.000004
-0.000123
-0.000250
-0.000335
-0.000281
-0.000110
0.000057
0.000146
0.000170
0.000134
0.000081
0.000121
0.000232
0.000228
0.000029
-0.000188
-0.000243
-0.000214
-0.000270
-0.000437
-0.000623
-0.000670
-0.000482
-0.000200
-0.000066
-0.000096
-0.000106
0.000014
0.000196
0.000285
0.000228
0.000163
0.000213
0.000297
0.000318
0.000317
0.000360
0.000435
0.000494
0.000519
0.000500
0.000406
0.000241
0.000044
-0.000123
-0.000195
-0.000231
-0.000349
-0.000535
-0.000689
-0.000742
-0.000659
-0.000485
-0.000336
-0.000252
-0.000192
-0.000137
-0.000088
-0.000045
-0.000009
0.000023
0.000058
0.000069
0.000056
0.000142
0.000367
0.000548
0.000587
0.000565
0.000514
0.000433
0.000374
0.000321
0.000223
0.000131
0.000054
-0.000097
-0.000232
-0.000193
-0.000096
-0.000115
-0.000203
-0.000273
-0.000350
-0.000438
-0.000485
-0.000439
-0.000299
-0.000161
-0.000130
-0.000169
-0.000138
-0.000012
0.000086
0.000096
0.000050
-0.000024
-0.000033
0.000093
0.000226
0.000287
0.000384
0.000487
0.000392
0.000106
-0.000080
-0.000013
0.000132
0.000184
0.000162
0.000109
0.000012
-0.000096
-0.000116
-0.000056
-0.000032
-0.000034
0.000022
0.000065
-0.000022
-0.000193
-0.000321
-0.000348
-0.000303
-0.000237
-0.000186
-0.000118
0.000001
0.000074
-0.000007
-0.000129
-0.000108
0.000001
0.000018
-0.000027
0.000012
0.000121
0.000191
0.000211
0.000230
0.000247
0.000216
0.000170
0.000194
0.000301
0.000408
0.000398
0.000197
-0.000122
-0.000379
-0.000445
-0.000341
-0.000215
-0.000198
-0.000244
-0.000210
-0.000065
0.000097
0.000167
0.000099
-0.000003
-0.000019
-0.000029
-0.000108
-0.000147
-0.000091
-0.000032
-0.000031
-0.000087
-0.000151
-0.000140
-0.000061
0.000019
0.000105
0.000209
0.000318
0.000435
0.000467
0.000331
0.000177
0.000110
-0.000034
-0.000317
-0.000492
-0.000386
-0.000141
0.000029
0.000043
-0.000052
-0.000133
-0.000089
0.000057
0.000172
0.000204
0.000226
0.000263
0.000202
-0.000009
-0.000211
-0.000215
-0.000040
0.000101
0.000053
-0.000130
-0.000322
-0.000429
-0.000392
-0.000248
-0.000135
-0.000141
-0.000191
-0.000113
0.000104
0.000237
0.000168
0.000044
0.000031
0.000154
0.000311
0.000367
0.000329
0.000324
0.000377
0.000361
0.000225
0.000100
0.000069
0.000039
-0.000050
-0.000097
-0.000011
0.000072
-0.000058
-0.000310
-0.000391
-0.000255
-0.000128
-0.000166
-0.000308
-0.000408
-0.000410
-0.000374
-0.000316
-0.000184
-0.000033
-0.000013
-0.000097
-0.000086
0.000093
0.000313
0.000424
0.000390
0.000341
0.000396
0.000431
0.000296
0.000103
0.000063
0.000183
0.000282
0.000223
0.000056
-0.000056
-0.000079
-0.000144
-0.000283
-0.000392
-0.000402
-0.000355
-0.000331
-0.000290
-0.000127
0.000061
0.000066
-0.000080
-0.000156
-0.000068
0.000078
0.000152
0.000122
0.000048
0.000019
0.000079
0.000165
0.000213
0.000248
0.000296
0.000332
0.000316
0.000230
0.000104
0.000024
0.000041
0.000111
0.000133
0.000028
-0.000192
-0.000414
-0.000527
-0.000517
-0.000469
-0.000441
-0.000394
-0.000287
-0.000161
-0.000053
0.000063
0.000179
0.000199
0.000108
0.000059
0.000141
0.000246
0.000270
0.000268
0.000294
0.000292
0.000259
0.000276
0.000306
0.000223
0.000036
-0.000109
-0.000154
-0.000181
-0.000214
-0.000141
0.000048
0.000170
0.000109
-0.000078
-0.000277
-0.000394
-0.000404
-0.000365
-0.000335
-0.000336
-0.000361
-0.000320
-0.000153
0.000034
0.000134
0.000205
0.000345
0.000542
0.000649
0.000541
0.000317
0.000200
0.000225
0.000255
0.000207
0.000097
-0.000034
-0.000150
-0.000210
-0.000196
-0.000127
-0.000078
-0.000147
-0.000302
-0.000371
-0.000311
-0.000256
-0.000242
-0.000186
-0.000152
-0.000206
-0.000249
-0.000235
-0.000211
-0.000145
-0.000035
0.000058
0.000166
0.000320
0.000411
0.000394
0.000424
0.000556
0.000627
0.000547
0.000394
0.000235
0.000059
-0.000133
-0.000288
-0.000341
-0.000292
-0.000199
-0.000099
-0.000002
0.000078
0.000106
0.000025
-0.000157
-0.000300
-0.000297
-0.000237
-0.000295
-0.000455
-0.000480
