5440
0.000236
0.000291
0.000206
0.000017
-0.000067
0.000016
0.000114
0.000148
0.000171
0.000130
-0.000045
-0.000216
-0.000233
-0.000173
-0.000189
-0.000252
-0.000211
-0.000049
0.000086
0.000076
-0.000050
-0.000175
-0.000205
-0.000101
0.000098
0.000266
0.000294
0.000243
0.000221
0.000200
0.000124
0.000030
-0.000048
-0.000104
-0.000070
0.000047
0.000057
-0.000103
-0.000196
-0.000107
-0.000038
-0.000081
-0.000101
-0.000105
-0.000172
-0.000150
0.000063
0.000230
0.000166
0.000037
0.000016
0.000028
0.000005
0.000026
0.000086
0.000062
-0.000035
-0.000056
-0.000010
-0.000042
-0.000106
-0.000043
0.000082
0.000104
0.000066
0.000077
0.000068
-0.000028
-0.000090
-0.000044
-0.000015
-0.000070
-0.000083
-0.000004
0.000056
0.000058
0.000036
-0.000001
-0.000006
0.000060
0.000102
0.000029
-0.000076
-0.000085
-0.000013
0.000034
0.000006
-0.000043
-0.000037
0.000014
0.000036
0.000016
-0.000018
-0.000051
-0.000053
0.000013
0.000107
0.000091
-0.000079
-0.000241
-0.000225
-0.000058
0.000091
0.000122
0.000051
-0.000076
-0.000125
0.000012
0.000168
0.000135
0.000025
0.000043
0.000143
0.000160
0.000066
-0.000002
0.000056
0.000132
0.000073
-0.000079
-0.000202
-0.000256
-0.000218
-0.000098
0.000006
0.000032
0.000016
-0.000003
-0.000020
-0.000023
0.000013
0.000046
0.000003
-0.000056
0.000004
0.000129
0.000139
0.000022
-0.000095
-0.000136
-0.000067
0.000073
0.000113
0.000022
-0.000015
0.000041
0.000048
-0.000008
-0.000068
-0.000130
-0.000130
-0.000027
0.000030
-0.000056
-0.000123
-0.000020
0.000148
0.000224
0.000254
0.000294
0.000226
0.000042
-0.000086
-0.000141
-0.000202
-0.000186
-0.000076
-0.000079
-0.000229
-0.000263
-0.000081
0.000110
0.000171
0.000174
0.000156
0.000083
-0.000004
-0.000035
-0.000001
0.000070
0.000117
0.000099
0.000041
-0.000014
-0.000033
-0.000044
-0.000107
-0.000161
-0.000106
-0.000007
0.000006
-0.000039
-0.000014
0.000081
0.000119
0.000051
-0.000050
-0.000138
-0.000210
-0.000232
-0.000161
-0.000028
0.000071
0.000103
0.000131
0.000179
0.000153
0.000012
-0.000117
-0.000104
0.000016
0.000134
0.000195
0.000186
0.000093
-0.000037
-0.000114
-0.000109
-0.000057
0.000008
0.000059
0.000092
0.000101
0.000070
0.000043
0.000064
0.000068
0.000007
-0.000031
0.000001
0.000016
-0.000034
-0.000099
-0.000121
-0.000087
-0.000053
-0.000069
-0.000117
-0.000156
-0.000161
-0.000154
-0.000145
-0.000078
-0.000001
-0.000027
-0.000041
0.000067
0.000117
0.000021
-0.000002
0.000122
0.000186
0.000155
0.000195
0.000255
0.000177
0.000058
0.000032
0.000008
-0.000046
-0.000020
0.000036
-0.000019
-0.000092
-0.000070
-0.000089
-0.000203
-0.000183
0.000047
0.000216
0.000155
0.000042
0.000050
0.000077
0.000020
-0.000056
-0.000093
-0.000123
-0.000156
-0.000159
-0.000123
-0.000107
-0.000146
-0.000173
-0.000106
0.000056
0.000214
0.000213
0.000081
0.000037
0.000105
0.000075
-0.000083
-0.000180
-0.000131
-0.000035
0.000074
0.000214
0.000271
0.000178
0.000075
0.000065
0.000079
0.000051
-0.000027
-0.000127
-0.000152
-0.000056
0.000033
0.000009
-0.000050
-0.000045
-0.000017
-0.000051
-0.000095
-0.000084
-0.000114
-0.000224
-0.000249
-0.000136
-0.000043
-0.000033
-0.000015
0.000032
0.000066
0.000109
0.000169
0.000173
0.000118
0.000092
0.000126
0.000168
0.000164
0.000117
0.000069
0.000031
-0.000009
-0.000042
-0.000059
-0.000054
-0.000033
-0.000046
-0.000091
-0.000051
0.000103
0.000208
0.000149
0.000009
-0.000086
-0.000124
-0.000133
-0.000131
-0.000147
-0.000169
-0.000125
-0.000024
0.000009
-0.000059
-0.000117
-0.000098
-0.000063
-0.000066
-0.000083
-0.000079
-0.000058
-0.000033
0.000052
0.000264
0.000479
0.000465
0.000264
0.000134
0.000122
0.000084
-0.000003
-0.000103
-0.000228
-0.000273
-0.000138
0.000016
0.000009
-0.000089
-0.000163
-0.000194
-0.000143
-0.000026
0.000004
-0.000120
-0.000212
-0.000085
0.000134
0.000181
0.000059
-0.000014
0.000043
0.000144
0.000231
0.000264
0.000212
0.000140
0.000121
0.000113
0.000067
0.000029
0.000004
-0.000077
-0.000159
-0.000132
-0.000078
-0.000150
-0.000274
-0.000274
-0.000181
-0.000134
-0.000112
-0.000056
0.000013
0.000111
0.000198
0.000128
-0.000032
-0.000036
0.000095
0.000127
0.000033
-0.000051
-0.000097
-0.000095
0.000015
0.000161
0.000199
0.000155
0.000116
0.000068
0.000045
0.000097
0.000104
0.000002
-0.000043
0.000020
0.000025
-0.000089
-0.000234
-0.000326
-0.000272
-0.000090
0.000025
0.000032
0.000092
0.000142
0.000014
-0.000123
-0.000075
-0.000027
-0.000141
-0.000226
-0.000145
-0.000052
-0.000030
0.000062
0.000241
0.000339
0.000317
0.000273
0.000207
0.000074
-0.000033
0.000006
0.000128
0.000163
0.000069
-0.000017
-0.000053
-0.000124
-0.000186
-0.000162
-0.000169
-0.000250
-0.000233
-0.000121
-0.000133
-0.000230
-0.000166
0.000012
0.000063
-0.000004
-0.000038
-0.000021
0.000069
0.000291
0.000450
0.000297
0.000018
-0.000027
0.000103
0.000131
0.000076
0.000073
0.000026
-0.000117
-0.000167
-0.000069
-0.000020
-0.000070
-0.000041
0.000108
0.000183
0.000058
-0.000150
-0.000281
-0.000294
-0.000210
-0.000082
-0.000022
-0.000093
-0.000187
-0.000169
-0.000022
0.000192
0.000360
0.000371
0.000244
0.000119
0.000077
0.000033
-0.000066
-0.000084
0.000029
0.000093
0.000040
0.000036
0.000102
0.000046
-0.000132
-0.000185
-0.000076
-0.000054
-0.000163
-0.000186
-0.000134
-0.000160
-0.000125
0.000068
0.000150
0.000019
-0.000047
0.000047
0.000133
0.000198
0.000286
0.000238
-0.000008
-0.000181
-0.000128
-0.000073
-0.000126
-0.000086
0.000050
0.000055
-0.000047
-0.000080
-0.000042
0.000048
0.000227
0.000354
0.000236
-0.000008
-0.000113
-0.000090
-0.000132
-0.000236
-0.000269
-0.000217
-0.000107
0.000090
0.000262
0.000190
-0.000078
-0.000233
-0.000160
-0.000008
0.000091
0.000110
0.000087
0.000071
0.000050
0.000036
0.000085
0.000122
0.000031
-0.000065
0.000006
0.000156
0.000234
0.000236
0.000154
-0.000011
-0.000121
-0.000097
-0.000089
-0.000214
-0.000349
-0.000321
-0.000164
-0.000066
-0.000082
-0.000101
-0.000070
-0.000031
0.000000
0.000027
0.000029
0.000055
0.000175
0.000280
0.000231
0.000119
0.000108
0.000147
0.000104
0.000046
0.000068
0.000052
-0.000092
-0.000187
-0.000102
0.000000
-0.000047
-0.000156
-0.000169
-0.000102
-0.000046
0.000006
0.000041
-0.000025
-0.000149
-0.000158
-0.000025
0.000087
0.000101
0.000076
0.000037
0.000013
0.000088
0.000200
0.000151
-0.000025
-0.000128
-0.000132
-0.000091
0.000003
0.000106
0.000166
0.000231
0.000258
0.000089
-0.000201
-0.000316
-0.000212
-0.000108
-0.000069
-0.000005
0.000065
0.000080
0.000122
0.000255
0.000329
0.000198
-0.000022
-0.000153
-0.000189
-0.000188
-0.000206
-0.000279
-0.000328
-0.000254
-0.000148
-0.000132
-0.000114
-0.000000
0.000116
0.000195
0.000284
0.000317
0.000244
0.000167
0.000138
0.000099
0.000051
0.000063
0.000108
0.000076
-0.000025
-0.000064
-0.000022
0.000013
0.000035
0.000048
-0.000030
-0.000173
-0.000231
-0.000193
-0.000176
-0.000199
-0.000177
-0.000074
0.000045
0.000092
0.000060
0.000017
0.000014
0.000054
0.000121
0.000153
0.000059
-0.000104
-0.000130
-0.000013
0.000034
0.000009
0.000091
0.000212
0.000190
0.000097
0.000055
0.000010
-0.000037
-0.000024
-0.000038
-0.000120
-0.000129
-0.000074
-0.000153
-0.000303
-0.000250
-0.000040
0.000041
-0.000015
0.000024
0.000154
0.000176
0.000108
0.000108
0.000139
0.000107
0.000055
0.000032
-0.000007
-0.000066
-0.000028
0.000137
0.000228
0.000115
-0.000011
0.000022
0.000063
-0.000018
-0.000065
0.000003
0.000014
-0.000061
-0.000042
0.000020
-0.000075
-0.000223
-0.000239
-0.000257
-0.000355
-0.000293
-0.000047
0.000041
-0.000104
-0.000177
-0.000055
0.000085
0.000130
0.000106
0.000093
0.000196
0.000372
0.000373
0.000149
0.000044
0.000252
0.000456
0.000346
0.000082
-0.000091
-0.000159
-0.000113
-0.000028
-0.000190
-0.000509
-0.000457
-0.000060
0.000076
-0.000128
-0.000237
-0.000192
-0.000106
0.000109
0.000260
0.000032
-0.000272
-0.000212
0.000035
0.000170
0.000200
0.000131
0.000031
0.000116
0.000294
0.000329
0.000332
0.000327
0.000068
-0.000225
-0.000142
-0.000007
-0.000179
-0.000258
-0.000104
-0.000176
-0.000338
-0.000110
0.000113
-0.000143
-0.000378
-0.000172
0.000066
0.000076
0.000044
0.000006
0.000005
0.000206
0.000418
0.000339
0.000128
0.000033
0.000037
0.000085
-0.000060
-0.000605
-0.000898
-0.000166
0.000886
0.001002
0.000304
-0.000310
-0.000556
-0.000441
0.000013
0.000304
0.000014
-0.000358
-0.000180
0.000288
0.000415
0.000136
-0.000157
-0.000143
0.000197
0.000599
0.000720
0.000437
-0.000015
-0.000241
-0.000118
0.000015
-0.000199
-0.000604
-0.000762
-0.000583
-0.000330
-0.000223
-0.000297
-0.000371
-0.000179
0.000210
0.000418
0.000290
0.000058
-0.000011
0.000128
0.000286
0.000252
0.000075
-0.000024
0.000052
0.000215
0.000310
0.000221
0.000013
-0.000059
0.000092
0.000202
0.000108
-0.000048
-0.000190
-0.000337
-0.000354
-0.000168
-0.000001
0.000005
-0.000030
-0.000099
-0.000240
-0.000272
-0.000118
0.000028
0.000091
0.000199
0.000288
0.000178
0.000016
0.000039
0.000086
-0.000052
-0.000167
-0.000058
0.000089
0.000105
0.000106
0.000117
0.000038
-0.000013
0.000105
0.000198
0.000088
-0.000019
0.000080
0.000252
0.000280
0.000131
-0.000065
-0.000187
-0.000259
-0.000342
-0.000375
-0.000321
-0.000263
-0.000184
-0.000003
0.000138
0.000112
0.000145
0.000342
0.000345
0.000034
-0.000128
0.000018
0.000048
-0.000101
-0.000093
-0.000031
-0.000128
-0.000056
0.000308
0.000458
0.000265
0.000182
0.000260
0.000154
-0.000086
-0.000208
-0.000302
-0.000501
-0.000590
-0.000394
-0.000135
-0.000078
-0.000136
-0.000107
-0.000018
0.000053
0.000162
0.000295
0.000309
0.000205
0.000151
0.000177
0.000165
0.000140
0.000151
0.000124
0.000079
0.000067
0.000002
-0.000117
-0.000152
-0.000132
-0.000232
-0.000417
-0.000453
-0.000309
-0.000186
-0.000159
-0.000130
-0.000065
0.000039
0.000201
0.000310
0.000208
-0.000044
-0.000185
-0.000011
0.000345
0.000423
0.000004
-0.000415
-0.000268
0.000214
0.000462
0.000423
0.000244
-0.000150
-0.000484
-0.000187
0.000416
0.000367
-0.000181
-0.000272
0.000010
0.000004
-0.000067
0.000028
-0.000292
-0.000904
-0.000815
-0.000323
-0.000613
-0.001105
-0.000387
0.000786
0.000813
0.000349
0.000649
0.000866
0.000271
0.000187
0.000941
0.000714
-0.000505
-0.000468
0.000688
0.000662
-0.000186
0.000165
0.000974
0.000687
0.000442
0.001169
0.001228
0.000117
-0.000265
0.000276
-0.000121
-0.001333
-0.001606
-0.001147
-0.001264
-0.001511
-0.001009
-0.000497
-0.000645
-0.000663
-0.000182
-0.000063
-0.000467
-0.000470
0.000053
0.000283
0.000132
0.000207
0.000461
0.000472
0.000455
0.000717
0.000925
0.000847
0.000838
0.001056
0.001139
0.000855
0.000417
0.000089
-0.000132
-0.000349
-0.000534
-0.000626
-0.000655
-0.000654
-0.000599
-0.000522
-0.000499
-0.000453
-0.000231
0.000037
0.000050
-0.000078
-0.000008
0.000158
0.000184
0.000224
0.000324
0.000168
-0.000207
-0.000309
-0.000014
0.000291
0.000352
0.000160
-0.000251
-0.000612
-0.000536
-0.000073
0.000343
0.000467
0.000332
0.000057
-0.000148
-0.000135
-0.000010
0.000089
0.000216
0.000391
0.000439
0.000287
0.000108
0.000024
0.000012
0.000077
0.000194
0.000215
0.000015
-0.000348
-0.000668
-0.000749
-0.000586
-0.000325
-0.000042
0.000223
0.000291
0.000052
-0.000194
-0.000112
0.000098
0.000112
0.000012
-0.000262
-0.001016
-0.001809
-0.001774
-0.001213
-0.000911
-0.000303
0.001157
0.002058
0.001364
0.000577
0.000884
0.001107
0.000674
0.000786
0.001251
0.000600
-0.000393
-0.000010
0.000709
0.000233
-0.000061
0.000975
0.001627
0.001061
0.000823
0.000999
0.000153
-0.001059
-0.001084
-0.000725
-0.001298
-0.001988
-0.001846
-0.001526
-0.001438
-0.001024
-0.000422
-0.000387
-0.000710
-0.000612
-0.000185
-0.000037
-0.000136
-0.000066
0.000145
0.000256
0.000377
0.000683
0.000933
0.000853
0.000715
0.000877
0.001083
0.000970
0.000738
0.000649
0.000566
0.000385
0.000173
-0.000025
0.000003
0.000349
0.000434
-0.000151
-0.000712
-0.000597
-0.000354
-0.000539
-0.000791
-0.000941
-0.001218
-0.001177
-0.000400
0.000256
0.000011
-0.000397
-0.000179
0.000206
0.000285
0.000299
0.000224
-0.000140
-0.000280
0.000188
0.000577
0.000301
-0.000084
0.000029
0.000327
0.000384
0.000333
0.000336
0.000317
0.000357
0.000525
0.000474
0.000037
-0.000217
0.000048
0.000227
-0.000050
-0.000222
0.000014
0.000208
0.000192
0.000192
0.000100
-0.000187
-0.000293
-0.000092
-0.000035
-0.000304
-0.000574
-0.000617
-0.000470
-0.000290
-0.000288
-0.000448
-0.000465
-0.000210
0.000105
0.000328
0.000346
-0.000032
-0.000481
-0.000274
0.000451
0.000758
0.000429
0.000068
-0.000102
-0.000371
-0.000850
-0.001457
-0.002224
-0.002910
-0.002567
-0.000513
0.002059
0.002863
0.001597
0.000419
0.000652
0.001406
0.001876
0.002036
0.001283
-0.000421
-0.001130
0.000183
0.001440
0.001039
0.000454
0.000969
0.001688
0.002051
0.002332
0.001756
-0.000130
-0.001562
-0.001234
-0.000687
-0.001464
-0.002615
-0.002930
-0.002726
-0.002310
-0.001421
-0.000611
-0.000773
-0.001401
-0.001260
-0.000427
0.000015
-0.000165
-0.000280
-0.000078
0.000195
0.000594
0.001155
0.001349
0.000976
0.000800
0.001303
0.001856
0.001866
0.001513
0.001111
0.000810
0.000752
0.000804
0.000552
-0.000074
-0.000615
-0.000700
-0.000455
-0.000283
-0.000476
-0.000931
-0.001308
-0.001437
-0.001332
-0.001058
-0.000867
-0.000924
-0.000872
-0.000401
0.000098
0.000202
0.000133
0.000145
0.000112
0.000071
0.000245
0.000446
0.000398
0.000348
0.000559
0.000787
0.000828
0.000851
0.000925
0.000880
0.000714
0.000580
0.000425
0.000112
-0.000234
-0.000400
-0.000435
-0.000483
-0.000495
-0.000370
-0.000187
-0.000074
-0.000044
-0.000050
-0.000043
0.000021
0.000054
-0.000138
-0.000504
-0.000716
-0.000633
-0.000441
-0.000278
-0.000100
0.000055
0.000061
0.000008
0.000095
0.000227
0.000201
0.000112
0.000133
0.000134
-0.000043
-0.000234
-0.000209
-0.000030
0.000155
0.000332
0.000406
0.000192
-0.000270
-0.000880
-0.001755
-0.002807
-0.003302
-0.002328
0.000130
0.002597
0.003120
0.001521
-0.000067
0.000089
0.001323
0.002217
0.002261
0.001226
-0.000552
-0.001324
-0.000147
0.001152
0.000935
0.000450
0.001085
0.002023
0.002460
0.002631
0.001953
-0.000052
-0.001654
-0.001333
-0.000557
-0.001175
-0.002524
-0.003229
-0.003160
-0.002488
-0.001318
-0.000497
-0.000772
-0.001442
-0.001287
-0.000339
0.000325
0.000142
-0.000387
-0.000569
-0.000271
0.000281
0.000837
0.001084
0.000935
0.000886
0.001391
0.002032
0.002105
0.001709
0.001412
0.001286
0.001068
0.000770
0.000442
-0.000085
-0.000642
-0.000689
-0.000297
-0.000225
-0.000712
-0.001244
-0.001498
-0.001555
-0.001447
-0.001215
-0.001072
-0.001037
-0.000813
-0.000306
0.000150
0.000289
0.000237
0.000177
0.000144
0.000229
0.000443
0.000511
0.000310
0.000169
0.000340
0.000623
0.000783
0.000854
0.000895
0.000923
0.001017
0.001058
0.000745
0.000151
-0.000289
-0.000437
-0.000498
-0.000524
-0.000419
-0.000279
-0.000204
-0.000062
0.000150
0.000150
-0.000110
-0.000296
-0.000275
-0.000284
-0.000456
-0.000662
-0.000771
-0.000737
-0.000548
-0.000284
-0.000087
-0.000001
0.000079
0.000223
0.000330
0.000306
0.000235
0.000207
0.000213
0.000257
0.000286
0.000119
-0.000234
-0.000418
-0.000232
0.000027
0.000076
0.000058
0.000105
0.000013
-0.000339
-0.000807
-0.001383
-0.002160
-0.002659
-0.001843
0.000481
0.002643
0.002646
0.000825
-0.000451
0.000021
0.001193
0.001975
0.002091
0.001030
-0.000861
-0.001339
0.000432
0.001888
0.001331
0.000597
0.001106
0.001687
0.001801
0.002130
0.001761
-0.000356
-0.002258
-0.001888
-0.000848
-0.001293
-0.002363
-0.002660
-0.002526
-0.002140
-0.001008
0.000050
-0.000291
-0.001335
-0.001394
-0.000522
-0.000027
-0.000213
-0.000407
-0.000345
-0.000108
0.000503
0.001377
0.001723
0.001277
0.000955
0.001423
0.002034
0.002010
0.001555
0.001123
0.000729
0.000413
0.000294
0.000098
-0.000428
-0.000899
-0.000879
-0.000643
-0.000660
-0.000824
-0.000801
-0.000695
-0.000790
-0.001007
-0.001096
-0.001032
-0.000901
-0.000635
-0.000233
0.000029
0.000063
0.000231
0.000653
0.000897
0.000748
0.000500
0.000342
0.000240
0.000285
0.000518
0.000652
0.000469
0.000239
0.000285
0.000469
0.000504
0.000336
0.000056
-0.000173
-0.000221
-0.000197
-0.000317
-0.000524
-0.000534
-0.000256
0.000047
0.000131
0.000044
-0.000027
0.000048
0.000216
0.000270
0.000084
-0.000262
-0.000586
-0.000659
-0.000390
-0.000067
0.000049
0.000361
0.001221
0.001894
0.001643
0.000961
0.000439
-0.000198
-0.001039
-0.001534
-0.001595
-0.001822
-0.002490
-0.003351
-0.004332
-0.005614
-0.006933
-0.007306
-0.005750
-0.002236
0.002160
0.006014
0.008299
0.008862
0.008748
0.009334
0.010531
0.010784
0.009014
0.005502
0.001294
-0.002142
-0.003741
-0.004354
-0.005710
-0.007407
-0.007423
-0.005637
-0.003792
-0.002549
-0.001677
-0.001592
-0.002005
-0.001512
-0.000338
-0.000494
-0.002268
-0.003709
-0.003721
-0.002815
-0.001443
0.000036
0.000867
0.001115
0.001911
0.003534
0.004882
0.005140
0.004505
0.003438
0.002320
0.001527
0.001026
0.000313
-0.000744
-0.001462
-0.001102
0.000208
0.001590
0.002416
0.002816
0.003024
0.002850
0.002170
0.001132
-0.000294
-0.002119
-0.003854
-0.004939
-0.005406
-0.005633
-0.005699
-0.005383
-0.004562
-0.003359
-0.002071
-0.001065
-0.000490
-0.000155
0.000169
0.000489
0.000719
0.000846
0.001010
0.001514
0.002577
0.004036
0.005370
0.006137
0.006411
0.006598
0.006772
0.006496
0.005404
0.003653
0.001639
-0.000399
-0.002299
-0.003865
-0.005115
-0.006178
-0.006841
-0.006724
-0.005907
-0.004926
-0.004152
-0.003490
-0.002745
-0.001954
-0.001199
-0.000498
-0.000005
0.000231
0.000582
0.001309
0.002149
0.002812
0.003293
0.003601
0.003676
0.003551
0.003237
0.002582
0.001593
0.000653
0.000069
-0.000278
-0.000509
-0.000468
-0.000108
0.000278
0.000505
0.000687
0.000782
0.000532
-0.000053
-0.000755
-0.001561
-0.002446
-0.003116
-0.003394
-0.003441
-0.003325
-0.002823
-0.002039
-0.001708
-0.002318
-0.003565
-0.005087
-0.006532
-0.006651
-0.004177
0.000113
0.004213
0.007576
0.010741
0.013112
0.013804
0.013595
0.013441
0.012281
0.008567
0.002939
-0.002176
-0.005173
-0.006700
-0.008100
-0.009063
-0.008499
-0.007040
-0.005964
-0.004834
-0.003403
-0.003427
-0.005254
-0.006268
-0.005467
-0.005004
-0.005510
-0.004960
-0.002741
-0.000132
0.002675
0.005979
0.008504
0.009094
0.008528
0.007730
0.006444
0.004561
0.002532
0.000493
-0.001331
-0.002056
-0.001307
0.000000
0.000923
0.001587
0.002383
0.002946
0.002713
0.001812
0.000595
-0.001035
-0.003015
-0.004529
-0.005000
-0.005000
-0.005144
-0.004944
-0.003850
-0.002451
-0.001659
-0.001567
-0.001791
-0.002218
-0.002832
-0.003254
-0.002970
-0.001874
-0.000272
0.001538
0.003487
0.005563
0.007463
0.008602
0.008739
0.008183
0.007118
0.005421
0.003325
0.001446
-0.000008
-0.001316
-0.002446
-0.002988
-0.002992
-0.002995
-0.003202
-0.003395
-0.003539
-0.003838
-0.004308
-0.004723
-0.004825
-0.004477
-0.003787
-0.002974
-0.002017
-0.000759
0.000613
0.001644
0.002254
0.002739
0.003123
0.003154
0.002981
0.003032
0.003257
0.003329
0.003405
0.003737
0.003883
0.003361
0.002575
0.001970
0.001134
-0.000228
-0.001552
-0.002379
-0.003009
-0.003734
-0.004207
-0.004046
-0.003517
-0.003178
-0.003277
-0.003980
-0.005835
-0.009107
-0.012588
-0.013884
-0.011253
-0.005020
0.002825
0.010230
0.016274
0.020691
0.022787
0.022078
0.019512
0.016141
0.011128
0.003529
-0.004622
-0.009922
-0.011629
-0.011485
-0.010540
-0.008776
-0.006845
-0.005646
-0.004962
-0.004393
-0.004836
-0.007233
-0.010217
-0.011117
-0.009290
-0.006291
-0.002936
0.001287
0.006044
0.010085
0.012993
0.014671
0.014080
0.010554
0.005431
0.000826
-0.002339
-0.004250
-0.005226
-0.005354
-0.004385
-0.001987
0.001299
0.003858
0.004585
0.003881
0.002514
0.000724
-0.001120
-0.002297
-0.002636
-0.002557
-0.001999
-0.000466
0.001758
0.003441
0.003695
0.002658
0.000770
-0.001813
-0.004853
-0.007744
-0.009934
-0.011133
-0.010934
-0.008928
-0.005484
-0.001683
0.001652
0.004250
0.005996
0.006939
0.007347
0.007269
0.006602
0.005804
0.005644
0.006221
0.007205
0.008500
0.009680
0.009719
0.008096
0.005202
0.001322
-0.003547
-0.008757
-0.013080
-0.015795
-0.016926
-0.016549
-0.014520
-0.010979
-0.006678
-0.002552
0.000900
0.003533
0.005164
0.005763
0.005758
0.005697
0.005755
0.005822
0.005909
0.006159
0.006456
0.006338
0.005491
0.004060
0.002264
0.000108
-0.002229
-0.004186
-0.005349
-0.005692
-0.005243
-0.004001
-0.002231
-0.000514
0.000661
0.001262
0.001450
0.001145
0.000250
-0.000939
-0.001968
-0.002603
-0.002754
-0.002377
-0.001633
-0.000792
0.000067
0.000946
0.001627
0.001804
0.001186
-0.000770
-0.004724
-0.010294
-0.014808
-0.014475
-0.008317
0.000186
0.007495
0.014044
0.020722
0.024666
0.023458
0.019843
0.016858
0.012362
0.003947
-0.005203
-0.010659
-0.012583
-0.013086
-0.012194
-0.009828
-0.007929
-0.007756
-0.008003
-0.007711
-0.008402
-0.011245
-0.014182
-0.014182
-0.010951
-0.006233
-0.000811
0.005355
0.011234
0.015454
0.018014
0.019244
0.018271
0.014311
0.008437
0.002837
-0.000897
-0.002483
-0.002845
-0.003004
-0.002745
-0.001395
0.000261
0.000590
-0.000699
-0.002761
-0.005248
-0.007901
-0.009450
-0.008784
-0.006565
-0.004156
-0.001667
0.001454
0.004672
0.006699
0.006946
0.005584
0.002947
-0.000307
-0.003163
-0.005008
-0.005990
-0.006399
-0.006091
-0.004605
-0.001812
0.001329
0.003326
0.004020
0.004616
0.005301
0.005048
0.004230
0.004410
0.005369
0.005565
0.005152
0.005351
0.005689
0.004681
0.002293
-0.000377
-0.002920
-0.005568
-0.007999
-0.009416
-0.009607
-0.009064
-0.008001
-0.006148
-0.003737
-0.001705
-0.000586
-0.000070
0.000272
0.000533
0.000706
0.000921
0.001442
0.002412
0.003657
0.004944
0.006237
0.007341
0.007681
0.006904
0.005349
0.003512
0.001550
-0.000384
-0.001954
-0.002995
-0.003520
-0.003503
-0.003031
-0.002446
-0.002116
-0.002139
-0.002419
-0.002933
-0.003593
-0.004060
-0.004131
-0.003904
-0.003227
-0.001800
-0.000021
0.001377
0.002357
0.002539
-0.000094
-0.006480
-0.012805
-0.013305
-0.007266
0.000460
0.006609
0.012686
0.019438
0.023477
0.022740
0.020209
0.018102
0.013555
0.004565
-0.004989
-0.010725
-0.013140
-0.014071
-0.013140
-0.010596
-0.008697
-0.008211
-0.007598
-0.006644
-0.007260
-0.010011
-0.012705
-0.013061
-0.010793
-0.006678
-0.001318
0.004623
0.010088
0.014219
0.016886
0.018161
0.017546
0.014321
0.008782
0.002822
-0.001171
-0.002385
-0.002286
-0.002445
-0.002394
-0.001186
0.000235
0.000337
-0.000776
-0.002436
-0.004888
-0.007824
-0.009393
-0.008363
-0.005772
-0.003161
-0.000672
0.002109
0.004770
0.006413
0.006527
0.005026
0.002154
-0.001267
-0.004122
-0.005760
-0.006182
-0.005641
-0.004416
-0.002710
-0.000557
0.001717
0.003021
0.002450
0.000870
0.000276
0.001145
0.002251
0.003403
0.005590
0.008262
0.009689
0.009836
0.009742
0.008820
0.005765
0.001070
-0.003632
-0.007526
-0.010476
-0.012166
-0.012328
-0.011205
-0.009277
-0.006836
-0.004081
-0.001526
0.000046
0.000340
-0.000053
-0.000286
0.000028
0.000856
0.002049
0.003446
0.004939
0.006430
0.007694
0.008396
0.008114
0.006555
0.004087
0.001607
-0.000355
-0.001832
-0.002777
-0.003046
-0.002785
-0.002185
-0.001324
-0.000629
-0.000694
-0.001504
-0.002607
-0.003701
-0.004484
-0.004629
-0.004255
-0.003719
-0.002972
-0.001802
-0.000388
0.001020
0.002386
0.003395
0.003487
0.002525
0.000483
-0.003279
-0.008926
-0.014011
-0.014203
-0.007830
0.001430
0.008746
0.013895
0.019251
0.023500
0.023122
0.019085
0.015131
0.010593
0.002551
-0.006551
-0.011397
-0.011831
-0.011306
-0.010426
-0.008269
-0.006490
-0.006842
-0.008035
-0.008684
-0.010007
-0.012949
-0.015557
-0.015244
-0.011690
-0.006200
0.000203
0.006857
0.012647
0.016484
0.018323
0.018613
0.017155
0.013468
0.008068
0.002724
-0.000657
-0.001466
-0.000838
-0.000335
-0.000162
0.000362
0.000794
-0.000169
-0.002514
-0.005138
-0.007861
-0.010828
-0.012569
-0.011314
-0.007663
-0.003735
-0.000458
0.002520
0.005110
0.006601
0.006651
0.005414
0.003129
0.000275
-0.002242
-0.003619
-0.003698
-0.002789
-0.001309
0.000306
0.001713
0.002676
0.002769
0.001595
-0.000264
-0.001413
-0.001400
-0.000969
-0.000093
0.002090
0.005044
0.007141
0.008167
0.008837
0.008569
0.006321
0.002618
-0.001252
-0.004796
-0.007838
-0.009721
-0.009932
-0.008837
-0.007289
-0.005723
-0.004084
-0.002520
-0.001531
-0.001294
-0.001397
-0.001394
-0.001118
-0.000387
0.001021
0.002988
0.004970
0.006467
0.007382
0.007796
0.007545
0.006345
0.004354
0.002281
0.000682
-0.000450
-0.001216
-0.001509
-0.001409
-0.001285
-0.001336
-0.001497
-0.001823
-0.002558
-0.003789
-0.005103
-0.005741
-0.005394
-0.004553
-0.003534
-0.001942
0.000194
0.001902
0.002592
0.002645
0.002353
0.001660
0.000913
0.000555
0.000323
-0.000374
-0.002167
-0.005893
-0.010838
-0.012847
-0.008058
0.000918
0.007473
0.010439
0.014290
0.019166
0.019965
0.016538
0.013999
0.012201
0.006330
-0.002315
-0.007433
-0.008289
-0.009000
-0.010051
-0.009431
-0.008487
-0.009255
-0.010102
-0.009444
-0.009318
-0.011363
-0.013488
-0.013146
-0.010421
-0.006349
-0.001164
0.004597
0.009530
0.012912
0.015280
0.016926
0.017115
0.015180
0.011389
0.006768
0.002876
0.001074
0.000880
0.000303
-0.001160
-0.002005
-0.001977
-0.002735
-0.004617
-0.006279
-0.007701
-0.009810
-0.011487
-0.010629
-0.007553
-0.004328
-0.001726
0.000818
0.003355
0.005355
0.006528
0.006633
0.005445
0.003399
0.001428
0.000089
-0.000564
-0.000589
-0.000217
0.000067
0.000128
0.000340
0.000611
0.000153
-0.001179
-0.002534
-0.003299
-0.003316
-0.002267
-0.000207
0.002044
0.003942
0.005593
0.006790
0.007096
0.006586
0.005288
0.002920
-0.000044
-0.002547
-0.004365
-0.005776
-0.006443
-0.006174
-0.005593
-0.004986
-0.003998
-0.002853
-0.002288
-0.002311
-0.002299
-0.001953
-0.001309
-0.000291
0.001125
0.002649
0.003970
0.005078
0.005993
0.006420
0.006065
0.005061
0.003760
0.002419
0.001248
0.000351
-0.000322
-0.000731
-0.000843
-0.000958
-0.001335
-0.001720
-0.001972
-0.002565
-0.003608
-0.004312
-0.004281
-0.004123
-0.004073
-0.003413
-0.001923
-0.000440
0.000455
0.001029
0.001506
0.001630
0.001260
0.000669
0.000046
-0.001119
-0.004044
-0.009105
-0.013309
-0.011448
-0.002850
0.006010
0.010363
0.013753
0.019502
0.022915
0.020200
0.016104
0.014042
0.009299
-0.000092
-0.007532
-0.009176
-0.009291
-0.010511
-0.010287
-0.008568
-0.008468
-0.009622
-0.009500
-0.009226
-0.011315
-0.014476
-0.015507
-0.013598
-0.009805
-0.004680
0.001474
0.007534
0.012338
0.015826
0.018321
0.019310
0.017946
0.014234
0.009119
0.004229
0.001441
0.001072
0.001027
-0.000209
-0.001242
-0.000862
-0.000802
-0.002563
-0.004882
-0.006866
-0.009611
-0.012769
-0.013703
-0.011469
-0.008032
-0.004904
-0.001747
0.001653
0.004662
0.006812
0.007827
0.007296
0.005378
0.003048
0.001151
-0.000046
-0.000476
-0.000255
0.000231
0.000750
0.001374
0.001921
0.001823
0.000795
-0.000825
-0.002578
-0.004143
-0.004905
-0.004124
-0.002030
0.000184
0.002130
0.004539
0.007089
0.008086
0.007140
0.005568
0.003740
0.000929
-0.002281
-0.004298
-0.004908
-0.005123
-0.005253
-0.004838
-0.003860
-0.002882
-0.002354
-0.002300
-0.002510
-0.002857
-0.003227
-0.003207
-0.002355
-0.000750
0.001103
0.002861
0.004555
0.006114
0.007030
0.006961
0.006193
0.004967
0.003207
0.001297
0.000033
-0.000454
-0.000683
-0.000785
-0.000573
-0.000317
-0.000403
-0.000780
-0.001381
-0.002292
-0.003360
-0.004374
-0.005211
-0.005480
-0.004846
-0.003677
-0.002498
-0.001208
0.000320
0.001623
0.002363
0.002735
0.002707
0.001945
0.000663
-0.000800
-0.003508
-0.008833
-0.014171
-0.013072
-0.004045
0.005158
0.008799
0.011907
0.018886
0.023401
0.020483
0.016330
0.015139
0.010717
0.000641
-0.007079
-0.008431
-0.008724
-0.010311
-0.009887
-0.007953
-0.008065
-0.009210
-0.008826
-0.008854
-0.011626
-0.014993
-0.016057
-0.014815
-0.011875
-0.006864
-0.000252
0.006119
0.011088
0.015018
0.018122
0.019531
0.018564
0.015483
0.010864
0.005917
0.002807
0.002265
0.002086
0.000741
-0.000055
0.000664
0.000480
-0.001931
-0.004492
-0.006341
-0.009337
-0.013228
-0.014841
-0.013132
-0.010218
-0.007393
-0.004185
-0.000611
0.002630
0.005212
0.006790
0.006832
0.005595
0.004006
0.002553
0.001438
0.001145
0.001702
0.002253
0.002315
0.002520
0.003269
0.003642
0.002621
0.000508
-0.001813
-0.003997
-0.005585
-0.005632
-0.004208
-0.002569
-0.001037
0.001157
0.003748
0.005515
0.006087
0.005731
0.004328
0.002032
-0.000294
-0.002059
-0.003222
-0.003728
-0.003689
-0.003428
-0.002914
-0.002087
-0.001439
-0.001404
-0.001777
-0.002254
-0.002789
-0.003187
-0.003027
-0.002136
-0.000750
0.000815
0.002477
0.004263
0.005797
0.006380
0.005857
0.004761
0.003478
0.002077
0.000782
-0.000097
-0.000464
-0.000420
-0.000190
0.000037
0.000303
0.000538
0.000198
-0.001004
-0.002407
-0.003370
-0.004171
-0.004962
-0.005073
-0.004322
-0.003499
-0.002835
-0.001657
-0.000015
0.001097
0.001352
0.001358
0.001249
0.000283
-0.002613
-0.008037
-0.013466
-0.012834
-0.004255
0.004795
0.008182
0.011009
0.018327
0.023737
0.021599
0.017902
0.016932
0.012333
0.001739
-0.006478
-0.008252
-0.008969
-0.010773
-0.010337
-0.008425
-0.008435
-0.009006
-0.007900
-0.007650
-0.010623
-0.014414
-0.016092
-0.015677
-0.013606
-0.009247
-0.002930
0.003525
0.008928
0.013583
0.017665
0.020159
0.020050
0.017358
0.012687
0.007407
0.003891
0.002996
0.002485
0.000871
0.000105
0.001227
0.001597
-0.000329
-0.002624
-0.004598
-0.008094
-0.012652
-0.015091
-0.014460
-0.012584
-0.010369
-0.007389
-0.003785
-0.000006
0.003668
0.006329
0.007060
0.006293
0.005035
0.003617
0.002330
0.001894
0.002343
0.002824
0.003088
0.003761
0.004769
0.005055
0.004177
0.002571
0.000244
-0.002846
-0.005468
-0.006263
-0.005599
-0.004578
-0.003312
-0.001389
0.001063
0.003351
0.004571
0.004278
0.003088
0.001739
0.000092
-0.001754
-0.002771
-0.002649
-0.002278
-0.001904
-0.000920
0.000458
0.001293
0.001281
0.000632
-0.000624
-0.002289
-0.003721
-0.004389
-0.004234
-0.003417
-0.002034
-0.000126
0.002155
0.004307
0.005612
0.005786
0.005143
0.004017
0.002519
0.000968
-0.000064
-0.000357
-0.000203
0.000204
0.000992
0.001980
0.002481
0.002077
0.000930
-0.000783
-0.002885
-0.004775
-0.005892
-0.006295
-0.006136
-0.005264
-0.003841
-0.002447
-0.001208
0.000186
0.001439
0.001782
0.001206
-0.000064
-0.003239
-0.009098
-0.013568
-0.010409
-0.001067
0.005723
0.007886
0.012509
0.020535
0.023738
0.020624
0.018339
0.016888
0.009665
-0.001020
-0.006746
-0.007725
-0.009411
-0.011076
-0.010032
-0.008712
-0.008980
-0.008446
-0.007033
-0.008237
-0.012243
-0.015446
-0.016231
-0.015388
-0.012794
-0.007979
-0.002036
0.003688
0.009143
0.014406
0.018438
0.020106
0.019356
0.016540
0.012009
0.007429
0.005091
0.004519
0.003095
0.001016
0.000869
0.002058
0.001491
-0.000839
-0.002899
-0.005383
-0.009729
-0.013960
-0.015373
-0.014479
-0.012951
-0.010841
-0.007776
-0.004122
-0.000268
0.003280
0.005541
0.006151
0.005843
0.005162
0.004131
0.003252
0.003155
0.003533
0.003848
0.004375
0.005351
0.006045
0.005721
0.004534
0.002631
-0.000325
-0.003802
-0.006121
-0.006638
-0.006447
-0.005913
-0.003990
-0.000891
0.001489
0.002453
0.002990
0.003402
0.002925
0.001293
-0.000823
-0.002342
-0.002586
-0.002071
-0.001636
-0.000968
0.000344
0.001384
0.001461
0.001256
0.001023
-0.000041
-0.001899
-0.003386
-0.003925
-0.003749
-0.002903
-0.001345
0.000545
0.002250
0.003533
0.004359
0.004636
0.004122
0.002843
0.001374
0.000284
-0.000327
-0.000510
-0.000212
0.000521
0.001445
0.002199
0.002421
0.002013
0.001093
-0.000442
-0.002571
-0.004477
-0.005304
-0.005314
-0.005191
-0.004811
-0.003726
-0.002104
-0.000491
0.000696
0.001300
0.001537
0.001611
0.000851
-0.002207
-0.007939
-0.013065
-0.012145
-0.004758
0.002395
0.005521
0.009446
0.016871
0.021749
0.020703
0.018898
0.018045
0.012665
0.002884
-0.003934
-0.006074
-0.008021
-0.010134
-0.009929
-0.008873
-0.008801
-0.008016
-0.006387
-0.006972
-0.010193
-0.013207
-0.014786
-0.015302
-0.013992
-0.010295
-0.005390
-0.000293
0.005157
0.010806
0.015639
0.018772
0.019699
0.018028
0.014185
0.010022
0.007337
0.005722
0.003590
0.001353
0.000867
0.001694
0.001534
0.000131
-0.001250
-0.003231
-0.007040
-0.011285
-0.013718
-0.014345
-0.014198
-0.013281
-0.011237
-0.008069
-0.003934
0.000396
0.003658
0.005460
0.006302
0.006329
0.005552
0.004720
0.004514
0.004593
0.004454
0.004414
0.004928
0.005567
0.005516
0.004708
0.003573
0.002048
-0.000069
-0.002195
-0.003597
-0.004420
-0.004981
-0.004919
-0.004037
-0.002863
-0.001812
-0.000881
-0.000204
0.000078
0.000029
-0.000456
-0.001263
-0.001640
-0.001356
-0.001098
-0.000875
0.000029
0.001293
0.001986
0.002251
0.002550
0.002362
0.001278
-0.000026
-0.000866
-0.001282
-0.001443
-0.001274
-0.000726
0.000058
0.000879
0.001592
0.001987
0.001842
0.001282
0.000667
0.000126
-0.000284
-0.000298
0.000092
0.000504
0.000890
0.001482
0.001931
0.001656
0.000825
-0.000138
-0.001322
-0.002661
-0.003557
-0.003858
-0.003992
-0.003878
-0.003084
-0.001919
-0.000969
-0.000084
0.000911
0.001476
0.001169
-0.000350
-0.004188
-0.010128
-0.013642
-0.010055
-0.002282
0.002623
0.004944
0.010556
0.018260
0.021290
0.020020
0.019494
0.017736
0.010419
0.001553
-0.003022
-0.005219
-0.008255
-0.010097
-0.009579
-0.009189
-0.009070
-0.007392
-0.006023
-0.007855
-0.011355
-0.013640
-0.014748
-0.015113
-0.013542
-0.009817
-0.005285
-0.000353
0.005443
0.011456
0.016243
0.018995
0.019381
0.017243
0.013545
0.010343
0.008431
0.006365
0.003404
0.001372
0.001459
0.001864
0.001023
-0.000176
-0.001427
-0.004215
-0.008439
-0.011863
-0.013519
-0.014193
-0.014121
-0.012939
-0.010682
-0.007323
-0.003017
0.000998
0.003577
0.005036
0.005875
0.005761
0.004891
0.004312
0.004248
0.004070
0.003914
0.004483
0.005623
0.006542
0.006796
0.006021
0.003855
0.001009
-0.001092
-0.002360
-0.003821
-0.005240
-0.005324
-0.004146
-0.002827
-0.001455
0.000044
0.000470
-0.000601
-0.001541
-0.001564
-0.001942
-0.003004
-0.003330
-0.002527
-0.001497
-0.000341
0.001220
0.002524
0.003037
0.003115
0.002819
0.001878
0.000726
-0.000157
-0.000961
-0.001534
-0.001253
-0.000317
0.000550
0.001365
0.002295
0.002738
0.002292
0.001456
0.000606
-0.000448
-0.001518
-0.001930
-0.001581
-0.001022
-0.000460
0.000326
0.001174
0.001546
0.001332
0.000931
0.000456
-0.000413
-0.001611
-0.002511
-0.002712
-0.002438
-0.002067
-0.001670
-0.001086
-0.000318
0.000282
0.000325
-0.000408
-0.002647
-0.007564
-0.013536
-0.014738
-0.008371
-0.000547
0.002771
0.005608
0.012975
0.019954
0.021079
0.020276
0.020609
0.016954
0.007872
0.000433
-0.002393
-0.004905
-0.008060
-0.009004
-0.008694
-0.009123
-0.008394
-0.006087
-0.006041
-0.009433
-0.012907
-0.014745
-0.015782
-0.015471
-0.012826
-0.008926
-0.004832
0.000163
0.006370
0.012467
0.017063
0.019454
0.019009
0.015846
0.012009
0.009785
0.008642
0.006341
0.003221
0.001855
0.002393
0.002514
0.001613
0.000555
-0.001471
-0.005449
-0.009743
-0.012389
-0.013748
-0.014628
-0.014628
-0.013365
-0.010784
-0.006720
-0.002012
0.001545
0.003489
0.004792
0.005619
0.005482
0.004940
0.004736
0.004462
0.003846
0.003727
0.004657
0.006004
0.006935
0.007064
0.006087
0.003968
0.001469
-0.000628
-0.002481
-0.004331
-0.005435
-0.005149
-0.004014
-0.002729
-0.001336
-0.000128
0.000144
-0.000616
-0.001739
-0.002700
-0.003310
-0.003582
-0.003671
-0.003248
-0.001650
0.000653
0.002350
0.003242
0.003909
0.004089
0.003365
0.002210
0.001018
-0.000354
-0.001561
-0.001926
-0.001544
-0.000865
0.000134
0.001319
0.002066
0.002224
0.002197
0.001964
0.001226
0.000244
-0.000496
-0.000934
-0.001086
-0.000789
-0.000210
0.000159
0.000265
0.000458
0.000577
0.000065
-0.000916
-0.001678
-0.002213
-0.002833
-0.003163
-0.002896
-0.002467
-0.001980
-0.001120
-0.000828
-0.003160
-0.008292
-0.012380
-0.010651
-0.003985
0.001279
0.003101
0.006841
0.014262
0.019209
0.019197
0.018956
0.018855
0.013980
0.005832
0.000662
-0.001692
-0.004888
-0.007745
-0.008376
-0.008683
-0.009102
-0.007706
-0.006038
-0.007281
-0.010283
-0.012270
-0.013492
-0.014506
-0.013943
-0.011399
-0.008010
-0.003980
0.001102
0.006662
0.011748
0.015627
0.017383
0.016529
0.014051
0.011726
0.010188
0.008361
0.005545
0.003172
0.002701
0.002976
0.002257
0.001017
-0.000074
-0.002135
-0.005541
-0.008679
-0.010693
-0.012157
-0.013100
-0.013080
-0.012037
-0.009654
-0.005881
-0.002121
0.000398
0.002234
0.003861
0.004536
0.004261
0.004081
0.004118
0.003857
0.003716
0.004308
0.005272
0.006033
0.006424
0.006191
0.005087
0.003323
0.001320
-0.000639
-0.002398
-0.003905
-0.004941
-0.004932
-0.003736
-0.002215
-0.001103
-0.000094
0.000951
0.001220
0.000325
-0.001106
-0.002590
-0.003833
-0.004045
-0.003061
-0.002002
-0.001251
0.000150
0.002115
0.003261
0.003368
0.003197
0.002444
0.000703
-0.000931
-0.001529
-0.001659
-0.001709
-0.001189
-0.000147
0.000880
0.001934
0.002974
0.003230
0.002502
0.001626
0.000980
0.000251
-0.000366
-0.000521
-0.000539
-0.000530
-0.000044
0.000669
0.000842
0.000525
0.000026
-0.000956
-0.002307
-0.003184
-0.003432
-0.003597
-0.003537
-0.002779
-0.001678
-0.000875
-0.000955
-0.003179
-0.007757
-0.011108
-0.009086
-0.003441
0.000480
0.002594
0.007265
0.013923
0.017636
0.018216
0.018895
0.018178
0.012903
0.005772
0.001045
-0.002119
-0.005499
-0.007716
-0.008313
-0.008852
-0.008835
-0.007095
-0.005652
-0.006684
-0.008953
-0.010837
-0.012610
-0.013906
-0.013319
-0.010913
-0.007766
-0.003899
0.001005
0.006321
0.011235
0.015144
0.017019
0.016192
0.013719
0.011375
0.009504
0.007222
0.004590
0.002867
0.002331
0.001876
0.001150
0.000735
0.000156
-0.001789
-0.004900
-0.007887
-0.010143
-0.011690
-0.012464
-0.012485
-0.011606
-0.009293
-0.005765
-0.002288
0.000489
0.002808
0.004419
0.004944
0.004954
0.004961
0.004555
0.003680
0.003194
0.003542
0.004326
0.005182
0.005869
0.005814
0.004612
0.002691
0.000864
-0.000602
-0.002049
-0.003502
-0.004292
-0.004108
-0.003443
-0.002499
-0.001106
0.000112
0.000327
-0.000104
-0.000569
-0.001327
-0.002383
-0.003038
-0.003215
-0.003360
-0.003134
-0.001865
0.000193
0.002097
0.003228
0.003647
0.003683
0.003356
0.002493
0.001289
0.000147
-0.000803
-0.001412
-0.001358
-0.000682
0.000130
0.000667
0.000817
0.000729
0.000637
0.000519
0.000189
-0.000246
-0.000460
-0.000329
0.000095
0.000794
0.001597
0.002046
0.001857
0.001279
0.000623
-0.000235
-0.001415
-0.002512
-0.003186
-0.003738
-0.004301
-0.004161
-0.002980
-0.002076
-0.003295
-0.006606
-0.009184
-0.007774
-0.003004
0.000803
0.002246
0.004938
0.010089
0.013774
0.014598
0.015436
0.015800
0.012313
0.006595
0.002965
0.000941
-0.001819
-0.004326
-0.005694
-0.007123
-0.008037
-0.007069
-0.006024
-0.007007
-0.008794
-0.009918
-0.010852
-0.011428
-0.010639
-0.008872
-0.006875
-0.004159
-0.000451
0.003554
0.007474
0.010939
0.012727
0.012329
0.011083
0.010272
0.009492
0.007845
0.005635
0.004044
0.003419
0.002950
0.002227
0.001548
0.000524
-0.001577
-0.004231
-0.006363
-0.007890
-0.009097
-0.009870
-0.010191
-0.009858
-0.008167
-0.005388
-0.003010
-0.001506
-0.000083
0.001272
0.002034
0.002613
0.003373
0.003722
0.003575
0.003712
0.004295
0.004891
0.005428
0.005752
0.005322
0.004084
0.002627
0.001361
0.000241
-0.000898
-0.002034
-0.002826
-0.002980
-0.002671
-0.002204
-0.001682
-0.001236
-0.001055
-0.001171
-0.001485
-0.001777
-0.001899
-0.002097
-0.002521
-0.002593
-0.001761
-0.000461
0.000559
0.001289
0.002020
0.002574
0.002573
0.001942
0.001006
0.000302
-0.000017
-0.000305
-0.000534
-0.000160
0.000728
0.001328
0.001456
0.001627
0.001798
0.001444
0.000679
0.000059
-0.000384
-0.000920
-0.001407
-0.001495
-0.001172
-0.000651
-0.000063
0.000373
0.000377
0.000110
-0.000001
-0.000088
-0.000593
-0.001234
-0.001373
-0.001193
-0.001406
-0.002330
-0.004070
-0.006505
-0.008318
-0.007560
-0.004226
-0.000649
0.001786
0.004333
0.007923
0.011032
0.012354
0.012625
0.012028
0.009380
0.005281
0.002076
0.000202
-0.001610
-0.003318
-0.004159
-0.004457
-0.004415
-0.003661
-0.003048
-0.003957
-0.005934
-0.007677
-0.008994
-0.009850
-0.009644
-0.008452
-0.006827
-0.004482
-0.001036
0.002818
0.006152
0.008576
0.009704
0.009281
0.007927
0.006584
0.005440
0.004214
0.003063
0.002513
0.002721
0.003294
0.003754
0.003786
0.003039
0.001292
-0.001077
-0.003381
-0.005334
-0.006948
-0.008086
-0.008560
-0.008226
-0.006889
-0.004695
-0.002393
-0.000651
0.000445
0.000993
0.001082
0.000954
0.000736
0.000345
0.000021
0.000290
0.001205
0.002356
0.003500
0.004492
0.005081
0.005199
0.004923
0.004167
0.002889
0.001327
-0.000203
-0.001404
-0.002006
-0.002092
-0.002056
-0.001955
-0.001566
-0.001193
-0.001326
-0.001694
-0.001845
-0.002062
-0.002612
-0.002994
-0.002703
-0.001918
-0.001017
-0.000064
0.000957
0.001883
0.002491
0.002600
0.002138
0.001325
0.000604
0.000199
-0.000039
-0.000157
0.000016
0.000310
0.000371
0.000408
0.000715
0.000789
0.000265
-0.000177
-0.000167
-0.000282
-0.000565
-0.000454
-0.000148
-0.000021
0.000301
0.000803
0.000813
0.000458
0.000337
0.000212
-0.000263
-0.000739
-0.000986
-0.001110
-0.001013
-0.000744
-0.000642
-0.000615
-0.000301
0.000028
-0.000101
-0.000391
-0.000376
-0.000328
-0.000574
-0.000725
-0.000380
0.000162
0.000520
0.000855
0.001380
0.001843
0.001967
0.001897
0.001733
0.001239
0.000410
-0.000437
-0.001247
-0.002163
-0.003003
-0.003278
-0.002694
-0.001594
-0.000617
0.000164
0.001134
0.002137
0.002603
0.002573
0.002449
0.002118
0.001398
0.000707
0.000437
0.000393
0.000304
0.000198
0.000103
-0.000061
-0.000350
-0.000816
-0.001489
-0.002240
-0.002855
-0.003183
-0.003131
-0.002737
-0.002180
-0.001506
-0.000602
0.000439
0.001292
0.001796
0.002033
0.002070
0.001926
0.001707
0.001547
0.001429
0.001247
0.001062
0.001089
0.001337
0.001527
0.001416
0.000932
0.000111
-0.000806
-0.001512
-0.001988
-0.002323
-0.002433
-0.002268
-0.001887
-0.001268
-0.000460
0.000278
0.000696
0.000713
0.000431
0.000115
-0.000090
-0.000395
-0.000884
-0.001054
-0.000502
0.000402
0.001188
0.001866
0.002390
0.002437
0.001973
0.001301
0.000609
-0.000067
-0.000681
-0.001200
-0.001496
-0.001394
-0.001019
-0.000639
-0.000276
0.000015
-0.000015
-0.000278
-0.000389
-0.000342
-0.000399
-0.000503
-0.000451
-0.000304
-0.000086
0.000384
0.001021
0.001378
0.001175
0.000606
0.000055
-0.000562
-0.001969
-0.004483
-0.006879
-0.007157
-0.004895
-0.001879
0.000433
0.002753
0.005822
0.008370
0.009236
0.009205
0.008793
0.007053
0.004026
0.001330
-0.000313
-0.001445
-0.002249
-0.002686
-0.003023
-0.003061
-0.002482
-0.002056
-0.002692
-0.004061
-0.005484
-0.006856
-0.007866
-0.007890
-0.007017
-0.005757
-0.004026
-0.001609
0.001185
0.003973
0.006387
0.007755
0.007735
0.006919
0.006042
0.005141
0.004044
0.003075
0.002635
0.002565
0.002559
0.002677
0.002845
0.002458
0.001122
-0.000773
-0.002635
-0.004253
-0.005567
-0.006534
-0.007135
-0.007049
-0.005940
-0.004234
-0.002683
-0.001410
-0.000278
0.000466
0.000673
0.000669
0.000687
0.000619
0.000517
0.000659
0.001161
0.002020
0.003154
0.004152
0.004604
0.004553
0.004141
0.003300
0.002079
0.000752
-0.000450
-0.001349
-0.001769
-0.001758
-0.001537
-0.001177
-0.000725
-0.000450
-0.000494
-0.000697
-0.001036
-0.001660
-0.002408
-0.002887
-0.002955
-0.002688
-0.002044
-0.000974
0.000240
0.001153
0.001635
0.001909
0.002073
0.001901
0.001325
0.000694
0.000278
0.000005
-0.000078
0.000207
0.000712
0.001122
0.001354
0.001422
0.001286
0.000976
0.000589
0.000125
-0.000441
-0.000990
-0.001350
-0.001437
-0.001223
-0.000806
-0.000420
-0.000131
0.000161
0.000354
0.000238
-0.000161
-0.000607
-0.000955
-0.001217
-0.001348
-0.001184
-0.000678
-0.000050
0.000413
0.000642
0.000728
0.000704
0.000550
0.000264
-0.000147
-0.000567
-0.000750
-0.000563
-0.000164
0.000227
0.000579
0.000903
0.001112
0.001280
0.001615
0.001963
0.001870
0.001350
0.000937
0.000815
0.000659
0.000346
-0.000009
-0.000458
-0.000955
-0.001298
-0.001618
-0.002070
-0.002377
-0.002466
-0.002644
-0.002734
-0.002354
-0.001810
-0.001393
-0.000728
0.000197
0.000818
0.001195
0.001789
0.002291
0.002237
0.002013
0.002036
0.002092
0.002080
0.002163
0.002129
0.001744
0.001340
0.001171
0.000824
0.000003
-0.000881
-0.001421
-0.001756
-0.002111
-0.002433
-0.002607
-0.002592
-0.002380
-0.002021
-0.001618
-0.001220
-0.000850
-0.000596
-0.000480
-0.000381
-0.000197
0.000097
0.000530
0.001064
0.001601
0.002119
0.002561
0.002738
0.002598
0.002320
0.002005
0.001619
0.001183
0.000724
0.000179
-0.000439
-0.000912
-0.001084
-0.001100
-0.001170
-0.001324
-0.001526
-0.001746
-0.001851
-0.001729
-0.001516
-0.001360
-0.001135
-0.000757
-0.000412
-0.000169
0.000137
0.000457
0.000580
0.000614
0.000787
0.001011
0.001137
0.001243
0.001360
0.001377
0.001298
0.001172
0.000936
0.000626
0.000365
0.000111
-0.000203
-0.000477
-0.000713
-0.001115
-0.001490
-0.001162
-0.000244
0.000129
-0.000238
-0.000226
0.000270
0.000231
-0.000242
-0.000341
-0.000339
-0.000608
-0.000590
-0.000174
0.000064
0.000160
0.000315
0.000237
0.000129
0.000436
0.000572
0.000034
-0.000390
-0.000238
-0.000161
-0.000285
-0.000189
-0.000145
-0.000267
0.000100
0.000758
0.000676
0.000127
0.000144
0.000359
-0.000010
-0.000375
-0.000132
0.000105
-0.000004
0.000105
0.000479
0.000599
0.000463
0.000211
-0.000335
-0.000902
-0.000987
-0.000912
-0.001163
-0.001308
-0.000841
-0.000166
0.000236
0.000606
0.001176
0.001630
0.001751
0.001733
0.001649
0.001342
0.000902
0.000531
0.000093
-0.000477
-0.000843
-0.000950
-0.001142
-0.001339
-0.001192
-0.000898
-0.000780
-0.000682
-0.000579
-0.000754
-0.001041
-0.001041
-0.000881
-0.000767
-0.000564
-0.000312
-0.000167
0.000119
0.000757
0.001386
0.001651
0.001694
0.001697
0.001583
0.001367
0.001142
0.000838
0.000420
0.000045
-0.000179
-0.000198
0.000042
0.000310
0.000244
-0.000051
-0.000219
-0.000298
-0.000513
-0.000798
-0.001049
-0.001332
-0.001579
-0.001580
-0.001309
-0.000936
-0.000590
-0.000296
-0.000048
0.000193
0.000479
0.000672
0.000555
0.000260
0.000122
0.000175
0.000279
0.000392
0.000423
0.000334
0.000395
0.000747
0.001013
0.000901
0.000667
0.000526
0.000310
-0.000010
-0.000183
-0.000241
-0.000450
-0.000756
-0.000906
-0.000884
-0.000727
-0.000366
0.000024
0.000179
0.000178
0.000144
0.000043
0.000044
0.000216
0.000140
-0.000256
-0.000345
0.000041
0.000346
0.000351
0.000296
0.000208
0.000088
0.000114
0.000122
-0.000240
-0.000762
-0.000976
-0.000879
-0.000607
-0.000115
0.000446
0.000756
0.000771
0.000700
0.000682
0.000721
0.000700
0.000459
0.000025
-0.000317
-0.000364
-0.000265
-0.000230
-0.000171
-0.000024
-0.000018
-0.000226
-0.000388
-0.000399
-0.000416
-0.000482
-0.000513
-0.000486
-0.000327
0.000013
0.000328
0.000444
0.000523
0.000671
0.000719
0.000610
0.000488
0.000332
0.000056
-0.000162
-0.000143
-0.000070
-0.000179
-0.000362
-0.000407
-0.000377
-0.000419
-0.000480
-0.000482
-0.000468
-0.000433
-0.000313
-0.000100
0.000170
0.000401
0.000456
0.000365
0.000328
0.000391
0.000391
0.000243
0.000053
-0.000036
-0.000004
0.000040
0.000018
0.000010
0.000070
0.000050
-0.000116
-0.000248
-0.000224
-0.000147
-0.000155
-0.000277
-0.000419
-0.000419
-0.000177
0.000213
0.000529
0.000636
0.000613
0.000582
0.000531
0.000413
0.000268
0.000110
-0.000095
-0.000305
-0.000422
-0.000404
-0.000281
-0.000160
-0.000143
-0.000204
-0.000254
-0.000265
-0.000265
-0.000285
-0.000356
-0.000426
-0.000343
-0.000086
0.000123
0.000156
0.000180
0.000312
0.000378
0.000291
0.000291
0.000437
0.000413
0.000206
0.000085
-0.000053
-0.000248
-0.000164
0.000085
0.000071
0.000005
0.000184
0.000266
0.000113
0.000090
0.000152
-0.000031
-0.000299
-0.000380
-0.000406
-0.000495
-0.000528
-0.000540
-0.000614
-0.000472
0.000036
0.000420
0.000351
0.000305
0.000546
0.000500
0.000021
-0.000154
0.000063
-0.000052
-0.000380
-0.000200
0.000290
0.000497
0.000542
0.000623
0.000562
0.000402
0.000318
0.000203
-0.000046
-0.000336
-0.000580
-0.000699
-0.000647
-0.000533
-0.000436
-0.000255
-0.000010
0.000134
0.000202
0.000309
0.000353
0.000195
-0.000027
-0.000119
-0.000147
-0.000216
-0.000207
-0.000030
0.000205
0.000398
0.000490
0.000421
0.000321
0.000298
0.000124
-0.000296
-0.000597
-0.000647
-0.000743
-0.000837
-0.000620
-0.000275
-0.000055
0.000261
0.000659
0.000722
0.000601
0.000724
0.000713
0.000157
-0.000342
-0.000310
-0.000263
-0.000434
-0.000318
0.000032
0.000057
-0.000067
0.000125
0.000368
0.000307
0.000149
-0.000023
-0.000362
-0.000600
-0.000472
-0.000325
-0.000358
-0.000229
0.000056
0.000175
0.000306
0.000644
0.000762
0.000462
0.000216
0.000173
0.000015
-0.000136
-0.000014
0.000060
-0.000086
-0.000049
0.000204
0.000242
0.000109
0.000111
0.000068
-0.000223
-0.000440
-0.000380
-0.000355
-0.000526
-0.000683
-0.000740
-0.000716
-0.000501
-0.000181
-0.000068
-0.000111
0.000013
0.000273
0.000460
0.000638
0.000816
0.000795
0.000694
0.000780
0.000808
0.000505
0.000199
0.000110
-0.000024
-0.000176
-0.000112
-0.000067
-0.000235
-0.000302
-0.000190
-0.000247
-0.000442
-0.000491
-0.000500
-0.000615
-0.000659
-0.000574
-0.000527
-0.000489
-0.000270
0.000110
0.000460
0.000682
0.000721
0.000518
0.000252
0.000171
0.000160
-0.000000
-0.000169
-0.000159
-0.000081
0.000018
0.000241
0.000413
0.000296
0.000100
0.000123
0.000245
0.000248
0.000150
0.000010
-0.000161
-0.000290
-0.000292
-0.000181
-0.000055
-0.000010
-0.000076
-0.000222
-0.000316
-0.000212
-0.000005
0.000056
-0.000065
-0.000192
-0.000249
-0.000254
-0.000174
0.000007
0.000241
0.000462
0.000566
0.000521
0.000432
0.000310
0.000091
-0.000113
-0.000195
-0.000251
-0.000340
-0.000371
-0.000311
-0.000192
-0.000015
0.000141
0.000142
0.000032
-0.000019
0.000018
0.000019
-0.000096
-0.000260
-0.000364
-0.000386
-0.000355
-0.000259
-0.000072
0.000173
0.000379
0.000481
0.000509
0.000476
0.000349
0.000202
0.000163
0.000201
0.000152
-0.000015
-0.000138
-0.000144
-0.000116
-0.000056
0.000083
0.000229
0.000276
0.000195
0.000027
-0.000137
-0.000224
-0.000250
-0.000299
-0.000399
-0.000458
-0.000424
-0.000363
-0.000270
-0.000068
0.000156
0.000229
0.000164
0.000115
0.000143
0.000167
0.000094
-0.000079
-0.000266
-0.000351
-0.000272
-0.000040
0.000243
0.000399
0.000354
0.000232
0.000137
0.000034
-0.000066
-0.000071
0.000005
0.000080
0.000133
0.000165
0.000163
0.000115
0.000041
0.000017
0.000080
0.000126
0.000034
-0.000148
-0.000272
-0.000266
-0.000166
-0.000050
0.000038
0.000117
0.000194
0.000207
0.000109
-0.000076
-0.000248
-0.000318
-0.000349
-0.000427
-0.000457
-0.000324
-0.000136
-0.000048
0.000007
0.000176
0.000409
0.000545
0.000537
0.000428
0.000310
0.000249
0.000180
0.000049
-0.000061
-0.000092
-0.000079
-0.000016
0.000072
0.000014
-0.000198
-0.000273
-0.000136
-0.000077
-0.000188
-0.000266
-0.000260
-0.000274
-0.000286
-0.000235
-0.000178
-0.000139
-0.000062
0.000014
0.000006
-0.000007
0.000085
0.000222
0.000313
0.000356
0.000369
0.000373
0.000388
0.000391
0.000366
0.000312
0.000198
0.000009
-0.000160
-0.000185
-0.000079
0.000021
-0.000001
-0.000180
-0.000434
-0.000570
-0.000508
-0.000451
-0.000571
-0.000701
-0.000631
-0.000414
-0.000164
0.000140
0.000476
0.000689
0.000723
0.000751
0.000862
0.000892
0.000736
0.000469
0.000112
-0.000301
-0.000527
-0.000427
-0.000194
-0.000034
0.000021
-0.000016
-0.000070
-0.000054
-0.000070
-0.000234
-0.000449
-0.000654
-0.000887
-0.000983
-0.000758
-0.000326
0.000131
0.000548
0.000813
0.000853
0.000804
0.000754
0.000575
0.000226
-0.000102
-0.000306
-0.000463
-0.000520
-0.000334
-0.000001
0.000231
0.000307
0.000358
0.000427
0.000400
0.000180
-0.000187
-0.000535
-0.000702
-0.000710
-0.000681
-0.000607
-0.000387
-0.000041
0.000268
0.000423
0.000497
0.000582
0.000583
0.000409
0.000166
-0.000007
-0.000073
-0.000027
0.000078
0.000119
0.000066
-0.000015
-0.000057
-0.000013
0.000077
0.000041
-0.000190
-0.000427
-0.000456
-0.000302
-0.000146
-0.000088
-0.000058
0.000056
0.000226
0.000310
0.000271
0.000208
0.000132
-0.000016
-0.000150
-0.000150
-0.000099
-0.000116
-0.000146
-0.000113
-0.000029
0.000112
0.000281
0.000349
0.000256
0.000089
-0.000052
-0.000105
-0.000062
-0.000040
-0.000161
-0.000337
-0.000378
-0.000306
-0.000263
-0.000216
-0.000127
-0.000133
-0.000190
-0.000046
0.000243
0.000413
0.000495
0.000632
0.000732
0.000674
0.000517
0.000369
0.000254
0.000146
-0.000014
-0.000246
-0.000445
-0.000506
-0.000503
-0.000541
-0.000593
-0.000572
-0.000478
-0.000367
-0.000250
-0.000156
-0.000145
-0.000146
-0.000074
0.000001
0.000046
0.000129
0.000222
0.000295
0.000413
0.000558
0.000604
0.000518
0.000407
0.000330
0.000246
0.000155
0.000119
0.000146
0.000171
0.000123
-0.000010
-0.000123
-0.000115
-0.000089
-0.000198
-0.000378
-0.000487
-0.000563
-0.000642
-0.000577
-0.000320
-0.000082
-0.000030
-0.000090
-0.000112
-0.000021
0.000168
0.000291
0.000191
0.000014
-0.000006
0.000041
-0.000023
-0.000077
0.000026
0.000209
0.000386
0.000555
0.000642
0.000543
0.000294
0.000063
-0.000032
-0.000035
-0.000064
-0.000143
-0.000224
-0.000311
-0.000417
-0.000435
-0.000272
-0.000037
0.000075
0.000017
-0.000125
-0.000228
-0.000210
-0.000141
-0.000136
-0.000156
-0.000082
0.000095
0.000271
0.000388
0.000463
0.000481
0.000405
0.000287
0.000213
0.000173
0.000080
-0.000126
-0.000405
-0.000596
-0.000561
-0.000397
-0.000313
-0.000317
-0.000275
-0.000163
-0.000008
0.000214
0.000436
0.000512
0.000463
0.000445
0.000444
0.000326
0.000122
-0.000055
-0.000241
-0.000444
-0.000506
-0.000372
-0.000194
