6880
-0.000063
-0.000286
-0.000489
-0.000500
-0.000344
-0.000086
0.000230
0.000462
0.000480
0.000321
0.000119
-0.000071
-0.000243
-0.000356
-0.000360
-0.000248
-0.000058
0.000139
0.000255
0.000240
0.000148
0.000105
0.000149
0.000176
0.000087
-0.000056
-0.000114
-0.000054
0.000041
0.000081
0.000023
-0.000096
-0.000193
-0.000191
-0.000126
-0.000119
-0.000136
-0.000043
0.000110
0.000176
0.000160
0.000158
0.000173
0.000156
0.000104
0.000039
-0.000036
-0.000113
-0.000170
-0.000167
-0.000082
-0.000013
-0.000078
-0.000205
-0.000214
-0.000062
0.000114
0.000216
0.000294
0.000336
0.000199
-0.000095
-0.000316
-0.000348
-0.000281
-0.000201
-0.000113
0.000016
0.000218
0.000431
0.000466
0.000235
-0.000070
-0.000180
-0.000077
0.000056
0.000111
0.000119
0.000124
0.000073
-0.000120
-0.000373
-0.000471
-0.000375
-0.000252
-0.000173
-0.000032
0.000211
0.000419
0.000471
0.000388
0.000206
-0.000075
-0.000285
-0.000230
-0.000052
-0.000008
-0.000088
-0.000169
-0.000211
-0.000167
0.000017
0.000247
0.000311
0.000125
-0.000103
-0.000115
0.000067
0.000228
0.000271
0.000239
0.000160
0.000061
-0.000029
-0.000142
-0.000278
-0.000341
-0.000267
-0.000101
0.000060
0.000118
0.000046
-0.000064
-0.000136
-0.000206
-0.000248
-0.000186
-0.000077
0.000010
0.000117
0.000217
0.000200
0.000119
0.000140
0.000270
0.000361
0.000363
0.000325
0.000240
0.000101
-0.000029
-0.000121
-0.000211
-0.000317
-0.000421
-0.000495
-0.000499
-0.000375
-0.000154
0.000044
0.000173
0.000267
0.000293
0.000194
0.000016
-0.000097
-0.000078
-0.000036
-0.000076
-0.000132
-0.000115
-0.000038
0.000079
0.000214
0.000278
0.000226
0.000143
0.000120
0.000185
0.000284
0.000299
0.000190
0.000035
-0.000119
-0.000289
-0.000432
-0.000410
-0.000198
-0.000019
-0.000044
-0.000117
-0.000035
0.000121
0.000119
-0.000085
-0.000252
-0.000188
-0.000051
-0.000098
-0.000239
-0.000145
0.000206
0.000464
0.000441
0.000270
0.000113
0.000091
0.000204
0.000208
0.000014
-0.000052
0.000141
0.000258
0.000100
-0.000103
-0.000140
-0.000125
-0.000207
-0.000340
-0.000447
-0.000516
-0.000503
-0.000370
-0.000155
0.000043
0.000120
0.000092
0.000096
0.000193
0.000282
0.000294
0.000287
0.000246
0.000069
-0.000150
-0.000153
0.000062
0.000225
0.000219
0.000199
0.000305
0.000471
0.000491
0.000254
-0.000130
-0.000435
-0.000515
-0.000425
-0.000342
-0.000326
-0.000288
-0.000195
-0.000105
-0.000011
0.000089
0.000066
-0.000121
-0.000283
-0.000264
-0.000106
0.000099
0.000284
0.000370
0.000370
0.000375
0.000326
0.000126
-0.000050
-0.000029
0.000039
-0.000019
-0.000116
-0.000131
-0.000117
-0.000146
-0.000148
-0.000039
0.000122
0.000216
0.000226
0.000204
0.000156
0.000014
-0.000246
-0.000492
-0.000542
-0.000406
-0.000270
-0.000178
-0.000020
0.000208
0.000390
0.000414
0.000257
0.000061
-0.000041
-0.000123
-0.000250
-0.000275
-0.000065
0.000280
0.000546
0.000592
0.000416
0.000188
0.000162
0.000317
0.000306
-0.000025
-0.000389
-0.000500
-0.000438
-0.000430
-0.000454
-0.000346
-0.000187
-0.000182
-0.000269
-0.000192
0.000109
0.000439
0.000576
0.000446
0.000165
-0.000072
-0.000164
-0.000113
0.000009
0.000055
-0.000080
-0.000268
-0.000278
-0.000084
0.000139
0.000255
0.000259
0.000203
0.000144
0.000123
0.000104
0.000025
-0.000082
-0.000143
-0.000136
-0.000108
-0.000109
-0.000123
-0.000099
-0.000040
0.000010
0.000037
0.000051
0.000076
0.000157
0.000252
0.000222
0.000029
-0.000222
-0.000416
-0.000471
-0.000323
-0.000048
0.000122
0.000088
0.000053
0.000192
0.000382
0.000406
0.000241
0.000048
-0.000048
-0.000061
-0.000060
-0.000081
-0.000122
-0.000147
-0.000093
0.000057
0.000203
0.000204
0.000047
-0.000135
-0.000227
-0.000250
-0.000261
-0.000201
-0.000013
0.000162
0.000169
0.000041
-0.000106
-0.000206
-0.000234
-0.000186
-0.000082
-0.000000
-0.000003
0.000018
0.000199
0.000442
0.000516
0.000409
0.000330
0.000329
0.000225
-0.000040
-0.000279
-0.000325
-0.000211
-0.000046
0.000077
0.000025
-0.000266
-0.000598
-0.000670
-0.000434
-0.000113
0.000125
0.000283
0.000367
0.000368
0.000309
0.000159
-0.000068
-0.000170
-0.000094
-0.000073
-0.000161
-0.000111
0.000133
0.000305
0.000290
0.000242
0.000227
0.000141
-0.000028
-0.000144
-0.000148
-0.000135
-0.000134
-0.000083
-0.000007
0.000013
-0.000048
-0.000158
-0.000216
-0.000137
0.000011
0.000093
0.000095
0.000077
0.000024
-0.000081
-0.000183
-0.000257
-0.000294
-0.000214
0.000043
0.000352
0.000469
0.000341
0.000172
0.000089
0.000043
0.000007
-0.000032
-0.000104
-0.000156
-0.000107
-0.000016
-0.000003
-0.000001
0.000123
0.000269
0.000239
0.000029
-0.000181
-0.000241
-0.000182
-0.000142
-0.000139
-0.000086
0.000020
0.000067
-0.000014
-0.000107
-0.000039
0.000093
0.000040
-0.000117
-0.000083
0.000112
0.000236
0.000269
0.000303
0.000334
0.000331
0.000249
0.000013
-0.000302
-0.000468
-0.000392
-0.000216
-0.000119
-0.000162
-0.000238
-0.000157
0.000104
0.000293
0.000203
-0.000025
-0.000136
-0.000132
-0.000143
-0.000128
-0.000033
0.000005
-0.000078
-0.000126
-0.000031
0.000123
0.000242
0.000318
0.000361
0.000371
0.000312
0.000163
0.000009
-0.000105
-0.000269
-0.000436
-0.000375
-0.000088
0.000105
0.000069
0.000010
0.000052
0.000104
0.000104
0.000067
-0.000016
-0.000167
-0.000344
-0.000424
-0.000326
-0.000158
-0.000082
-0.000058
0.000061
0.000243
0.000311
0.000208
0.000059
0.000058
0.000257
0.000446
0.000396
0.000176
0.000044
0.000101
0.000180
0.000089
-0.000110
-0.000199
-0.000140
-0.000121
-0.000242
-0.000370
-0.000357
-0.000221
-0.000101
-0.000084
-0.000105
-0.000080
-0.000038
0.000047
0.000260
0.000502
0.000527
0.000297
0.000048
-0.000075
-0.000149
-0.000175
-0.000041
0.000135
0.000090
-0.000130
-0.000269
-0.000229
-0.000084
0.000060
0.000130
0.000128
0.000089
0.000008
-0.000108
-0.000196
-0.000208
-0.000163
-0.000083
0.000025
0.000151
0.000257
0.000287
0.000205
-0.000003
-0.000299
-0.000520
-0.000505
-0.000295
-0.000061
0.000100
0.000233
0.000398
0.000501
0.000391
0.000128
-0.000062
-0.000052
0.000104
0.000245
0.000232
0.000075
-0.000079
-0.000128
-0.000135
-0.000171
-0.000193
-0.000160
-0.000100
-0.000072
-0.000114
-0.000164
-0.000167
-0.000175
-0.000189
-0.000134
-0.000036
0.000001
-0.000038
-0.000099
-0.000123
-0.000018
0.000194
0.000272
0.000104
-0.000063
-0.000013
0.000132
0.000178
0.000115
0.000031
0.000003
0.000076
0.000183
0.000190
0.000106
0.000034
-0.000081
-0.000287
-0.000417
-0.000405
-0.000425
-0.000474
-0.000290
0.000134
0.000428
0.000383
0.000174
0.000067
0.000159
0.000321
0.000364
0.000297
0.000261
0.000288
0.000325
0.000360
0.000350
0.000213
0.000028
0.000008
0.000188
0.000352
0.000304
0.000086
-0.000092
-0.000116
-0.000084
-0.000128
-0.000247
-0.000366
-0.000426
-0.000417
-0.000435
-0.000541
-0.000628
-0.000623
-0.000609
-0.000574
-0.000404
-0.000169
-0.000034
0.000019
0.000089
0.000202
0.000364
0.000487
0.000424
0.000251
0.000208
0.000303
0.000340
0.000290
0.000299
0.000380
0.000393
0.000291
0.000184
0.000134
0.000064
-0.000057
-0.000159
-0.000230
-0.000308
-0.000355
-0.000330
-0.000271
-0.000193
-0.000088
-0.000007
-0.000015
-0.000128
-0.000285
-0.000360
-0.000282
-0.000123
-0.000018
-0.000052
-0.000173
-0.000202
0.000019
0.000435
0.000702
0.000493
-0.000027
-0.000331
-0.000201
0.000111
0.000312
0.000271
0.000012
-0.000257
-0.000272
-0.000035
0.000153
0.000120
0.000057
0.000138
0.000277
0.000359
0.000339
0.000148
-0.000198
-0.000619
-0.001145
-0.001616
-0.001521
-0.000739
0.000084
0.000430
0.000488
0.000566
0.000759
0.001152
0.001494
0.001180
0.000263
-0.000352
-0.000181
0.000292
0.000484
0.000306
-0.000005
-0.000017
0.000571
0.001347
0.001560
0.001118
0.000563
0.000270
0.000151
-0.000062
-0.000495
-0.001041
-0.001502
-0.001755
-0.001818
-0.001824
-0.001842
-0.001707
-0.001230
-0.000599
-0.000207
-0.000086
0.000056
0.000295
0.000441
0.000403
0.000263
0.000139
0.000185
0.000472
0.000784
0.000890
0.000870
0.000901
0.001003
0.001113
0.001148
0.001041
0.000831
0.000566
0.000174
-0.000349
-0.000772
-0.000899
-0.000714
-0.000320
-0.000025
-0.000159
-0.000617
-0.000953
-0.000903
-0.000550
-0.000171
-0.000098
-0.000353
-0.000362
0.000265
0.000891
0.000709
-0.000015
-0.000465
-0.000431
-0.000236
-0.000111
-0.000157
-0.000339
-0.000332
0.000022
0.000338
0.000329
0.000277
0.000409
0.000539
0.000546
0.000529
0.000470
0.000248
0.000012
0.000054
0.000254
0.000196
-0.000127
-0.000285
-0.000086
0.000223
0.000390
0.000388
0.000311
0.000225
0.000112
-0.000075
-0.000319
-0.000517
-0.000556
-0.000456
-0.000332
-0.000253
-0.000239
-0.000266
-0.000270
-0.000261
-0.000256
-0.000192
-0.000130
-0.000230
-0.000363
-0.000267
-0.000110
-0.000277
-0.000619
-0.000618
-0.000221
0.000162
0.000362
0.000511
0.000553
0.000212
-0.000599
-0.001486
-0.001766
-0.001162
-0.000198
0.000504
0.000962
0.001345
0.001463
0.001384
0.001520
0.001671
0.001288
0.000622
0.000247
-0.000001
-0.000401
-0.000565
-0.000219
0.000207
0.000427
0.000717
0.001169
0.001474
0.001484
0.001312
0.000925
0.000186
-0.000709
-0.001384
-0.001801
-0.002111
-0.002291
-0.002260
-0.002090
-0.001846
-0.001432
-0.000862
-0.000432
-0.000275
-0.000157
0.000077
0.000288
0.000365
0.000451
0.000631
0.000742
0.000724
0.000717
0.000728
0.000673
0.000651
0.000813
0.001106
0.001251
0.001069
0.000729
0.000509
0.000420
0.000311
0.000166
0.000006
-0.000260
-0.000572
-0.000732
-0.000795
-0.000935
-0.001056
-0.001024
-0.000944
-0.000942
-0.000944
-0.000766
-0.000386
-0.000021
0.000120
0.000075
0.000106
0.000385
0.000681
0.000575
0.000038
-0.000499
-0.000642
-0.000333
0.000216
0.000644
0.000727
0.000646
0.000735
0.001026
0.001245
0.001163
0.000788
0.000345
0.000115
0.000089
-0.000099
-0.000579
-0.000932
-0.000791
-0.000351
-0.000008
0.000147
0.000206
0.000210
0.000195
0.000106
-0.000190
-0.000505
-0.000433
-0.000015
0.000240
0.000066
-0.000334
-0.000660
-0.000739
-0.000573
-0.000340
-0.000215
-0.000228
-0.000232
-0.000027
0.000375
0.000681
0.000611
0.000242
-0.000112
-0.000247
-0.000148
0.000010
-0.000030
-0.000284
-0.000466
-0.000356
-0.000056
0.000137
0.000079
-0.000122
-0.000512
-0.001307
-0.002171
-0.002223
-0.001304
-0.000291
0.000375
0.001113
0.001769
0.001601
0.000996
0.001128
0.001824
0.001913
0.001391
0.000999
0.000537
-0.000168
-0.000193
0.000709
0.001283
0.000930
0.000587
0.000857
0.001184
0.001111
0.000778
0.000187
-0.000736
-0.001551
-0.001754
-0.001598
-0.001707
-0.002112
-0.002336
-0.002158
-0.001749
-0.001319
-0.001023
-0.000962
-0.000986
-0.000709
-0.000064
0.000476
0.000604
0.000631
0.000841
0.000996
0.000910
0.000857
0.000973
0.001048
0.001072
0.001206
0.001322
0.001221
0.001025
0.000900
0.000720
0.000362
0.000037
-0.000039
-0.000021
-0.000152
-0.000320
-0.000315
-0.000322
-0.000632
-0.001146
-0.001584
-0.001785
-0.001652
-0.001330
-0.001201
-0.001246
-0.000920
-0.000035
0.000855
0.001239
0.001138
0.000736
0.000299
0.000199
0.000380
0.000341
-0.000068
-0.000436
-0.000423
-0.000026
0.000585
0.001069
0.001158
0.001032
0.001003
0.001023
0.000859
0.000473
0.000001
-0.000432
-0.000746
-0.000860
-0.000737
-0.000473
-0.000271
-0.000208
-0.000094
0.000203
0.000472
0.000467
0.000215
-0.000085
-0.000263
-0.000282
-0.000225
-0.000213
-0.000308
-0.000441
-0.000476
-0.000370
-0.000194
-0.000032
0.000048
0.000046
0.000069
0.000168
0.000218
0.000121
-0.000055
-0.000206
-0.000318
-0.000379
-0.000315
-0.000201
-0.000259
-0.000411
-0.000297
0.000074
0.000258
0.000005
-0.000666
-0.001778
-0.002977
-0.003298
-0.002190
-0.000169
0.001920
0.003295
0.003092
0.001529
0.000607
0.001589
0.002935
0.002667
0.001066
-0.000573
-0.001598
-0.001441
0.000119
0.001703
0.001748
0.000930
0.000984
0.001926
0.002422
0.001885
0.000718
-0.000564
-0.001515
-0.001812
-0.001752
-0.002012
-0.002612
-0.002848
-0.002379
-0.001727
-0.001486
-0.001521
-0.001388
-0.001055
-0.000646
-0.000170
0.000138
0.000096
0.000163
0.000731
0.001245
0.001025
0.000394
0.000142
0.000517
0.001221
0.001800
0.001928
0.001662
0.001344
0.001226
0.001204
0.000926
0.000286
-0.000286
-0.000345
-0.000063
0.000039
-0.000189
-0.000576
-0.001047
-0.001492
-0.001630
-0.001522
-0.001530
-0.001483
-0.000940
-0.000275
-0.000238
-0.000671
-0.000787
-0.000270
0.000623
0.001293
0.001076
0.000153
-0.000327
0.000253
0.001127
0.001272
0.000544
-0.000436
-0.000818
-0.000169
0.000931
0.001354
0.000806
0.000163
0.000228
0.000814
0.001141
0.000775
0.000102
-0.000155
0.000146
0.000485
0.000437
0.000088
-0.000203
-0.000225
-0.000105
-0.000133
-0.000414
-0.000789
-0.001018
-0.000981
-0.000764
-0.000608
-0.000637
-0.000707
-0.000661
-0.000535
-0.000439
-0.000427
-0.000422
-0.000189
0.000304
0.000633
0.000440
0.000009
-0.000090
0.000241
0.000598
0.000656
0.000430
0.000145
0.000105
0.000398
0.000620
0.000339
-0.000312
-0.001122
-0.002464
-0.004535
-0.006440
-0.006986
-0.005918
-0.003657
-0.000528
0.002830
0.005154
0.006033
0.006930
0.009082
0.011189
0.011200
0.009186
0.006357
0.003081
-0.000081
-0.001833
-0.002440
-0.003850
-0.006190
-0.007246
-0.006219
-0.004767
-0.004062
-0.003779
-0.003664
-0.003614
-0.002975
-0.001718
-0.001110
-0.001794
-0.002662
-0.002676
-0.002240
-0.001935
-0.001397
-0.000287
0.000961
0.002043
0.003305
0.004790
0.005854
0.006254
0.006489
0.006607
0.005914
0.004247
0.002400
0.001009
-0.000007
-0.000850
-0.001549
-0.002179
-0.002633
-0.002515
-0.001821
-0.001185
-0.001092
-0.001405
-0.001773
-0.002007
-0.002077
-0.002149
-0.002541
-0.003368
-0.004301
-0.004778
-0.004491
-0.003706
-0.002929
-0.002175
-0.001020
0.000614
0.002309
0.003748
0.004833
0.005449
0.005609
0.005501
0.005140
0.004346
0.003166
0.002017
0.001349
0.001271
0.001474
0.001559
0.001442
0.001177
0.000638
-0.000164
-0.000971
-0.001808
-0.002879
-0.003907
-0.004492
-0.004847
-0.005275
-0.005389
-0.004749
-0.003658
-0.002541
-0.001343
-0.000134
0.000686
0.001186
0.001823
0.002430
0.002479
0.002149
0.002006
0.002030
0.001916
0.001795
0.001924
0.002195
0.002407
0.002550
0.002625
0.002494
0.002068
0.001458
0.000781
0.000029
-0.000720
-0.001271
-0.001624
-0.001970
-0.002377
-0.002780
-0.003148
-0.003388
-0.003390
-0.003252
-0.003082
-0.002700
-0.001966
-0.001149
-0.000740
-0.001337
-0.003531
-0.007082
-0.010091
-0.010045
-0.006295
-0.000649
0.004615
0.008330
0.010640
0.012825
0.016175
0.020047
0.021845
0.019556
0.013495
0.005851
-0.000372
-0.003452
-0.005176
-0.008765
-0.013773
-0.016186
-0.014228
-0.010465
-0.007680
-0.006189
-0.005418
-0.004966
-0.004141
-0.002738
-0.001878
-0.002593
-0.004272
-0.005358
-0.004873
-0.002941
-0.000474
0.001690
0.003696
0.006329
0.009535
0.011979
0.012485
0.011482
0.010291
0.009125
0.006863
0.003132
-0.000643
-0.002995
-0.003943
-0.004078
-0.003609
-0.002813
-0.002042
-0.001208
-0.000165
0.000639
0.000467
-0.001015
-0.003434
-0.005812
-0.007195
-0.007541
-0.007631
-0.007885
-0.007745
-0.006446
-0.004027
-0.001376
0.000767
0.002571
0.004376
0.005743
0.006158
0.005970
0.005714
0.005226
0.004273
0.003347
0.003086
0.003413
0.003834
0.004168
0.004455
0.004441
0.003798
0.002698
0.001563
0.000448
-0.000922
-0.002697
-0.004597
-0.006086
-0.006873
-0.007029
-0.006701
-0.006044
-0.005243
-0.004364
-0.003294
-0.002025
-0.000894
-0.000281
-0.000193
-0.000256
-0.000015
0.000651
0.001440
0.002114
0.002852
0.003851
0.004923
0.005754
0.006229
0.006222
0.005529
0.004232
0.002697
0.001208
-0.000150
-0.001322
-0.002182
-0.002667
-0.002918
-0.003072
-0.002991
-0.002472
-0.001708
-0.001182
-0.001079
-0.001263
-0.001728
-0.002558
-0.003516
-0.004110
-0.004076
-0.003584
-0.002943
-0.002120
-0.000804
0.000693
0.000980
-0.001191
-0.005392
-0.009571
-0.011129
-0.008139
-0.000982
0.006997
0.012229
0.014625
0.016891
0.020428
0.023939
0.025447
0.023222
0.015746
0.004198
-0.005991
-0.010314
-0.011210
-0.014396
-0.020173
-0.023296
-0.020653
-0.014449
-0.008432
-0.004813
-0.004114
-0.004924
-0.004683
-0.002717
-0.001184
-0.001824
-0.003621
-0.004381
-0.002700
0.001612
0.007103
0.011171
0.012775
0.013670
0.015329
0.016210
0.014023
0.009328
0.004722
0.001320
-0.001776
-0.004946
-0.007214
-0.007874
-0.007130
-0.005233
-0.002499
0.000040
0.001302
0.001265
0.000627
-0.000267
-0.001682
-0.004023
-0.007103
-0.009609
-0.009934
-0.008091
-0.005906
-0.004585
-0.003165
-0.000399
0.002951
0.005075
0.005466
0.004888
0.003782
0.002163
0.000669
0.000337
0.001322
0.002787
0.004235
0.006028
0.008273
0.010065
0.010328
0.009040
0.007180
0.005273
0.002401
-0.002332
-0.007559
-0.010641
-0.011080
-0.010766
-0.010600
-0.009423
-0.006587
-0.003266
-0.000764
0.000729
0.001397
0.001148
0.000153
-0.000777
-0.001050
-0.001132
-0.001641
-0.001943
-0.000794
0.001803
0.004388
0.005778
0.006354
0.007109
0.007916
0.007620
0.005753
0.003277
0.001314
-0.000125
-0.001515
-0.002640
-0.002966
-0.002679
-0.002399
-0.002256
-0.002012
-0.001844
-0.002182
-0.002939
-0.003557
-0.003742
-0.003804
-0.004137
-0.004374
-0.003630
-0.001818
0.000058
0.001233
0.001982
0.002809
0.003558
0.003749
0.003400
0.002881
0.001945
-0.000368
-0.004640
-0.010282
-0.015518
-0.017541
-0.013677
-0.004212
0.006521
0.014084
0.018386
0.022033
0.025566
0.027364
0.026673
0.023080
0.014699
0.001368
-0.011567
-0.017746
-0.017813
-0.018054
-0.021048
-0.022702
-0.019051
-0.011493
-0.004334
-0.000639
-0.001097
-0.004071
-0.006500
-0.006612
-0.005324
-0.004281
-0.003803
-0.002956
-0.000152
0.005864
0.013802
0.019620
0.020617
0.018557
0.016638
0.014811
0.010693
0.004049
-0.002493
-0.006864
-0.009232
-0.010242
-0.009778
-0.007905
-0.005326
-0.002527
0.000298
0.002433
0.002964
0.001770
-0.000558
-0.003265
-0.005566
-0.007119
-0.008255
-0.008810
-0.007451
-0.003548
0.001143
0.004226
0.005307
0.005480
0.005071
0.003534
0.001129
-0.001053
-0.002639
-0.003924
-0.004367
-0.002857
0.000354
0.003538
0.005675
0.007408
0.009386
0.010831
0.010420
0.007997
0.004781
0.001928
-0.000585
-0.003217
-0.005466
-0.006202
-0.005556
-0.005146
-0.005665
-0.005756
-0.004451
-0.003082
-0.003245
-0.004372
-0.004924
-0.004685
-0.004266
-0.003464
-0.001674
0.000760
0.002815
0.004156
0.005353
0.006682
0.007417
0.006772
0.005144
0.003718
0.002839
0.001707
0.000002
-0.001298
-0.001298
-0.000487
0.000064
0.000244
0.000644
0.001056
0.000570
-0.000885
-0.002438
-0.003599
-0.004547
-0.005205
-0.005063
-0.004024
-0.002667
-0.001560
-0.000706
0.000271
0.001398
0.002087
0.001933
0.001393
0.001118
0.001052
0.000791
0.000438
0.000430
0.000784
0.000948
-0.000134
-0.003806
-0.010305
-0.017013
-0.019213
-0.013996
-0.003615
0.006250
0.012357
0.016618
0.021801
0.027052
0.029923
0.029758
0.025956
0.016452
0.002201
-0.010164
-0.015209
-0.015744
-0.018251
-0.023356
-0.025524
-0.021101
-0.012584
-0.005161
-0.002085
-0.003284
-0.006216
-0.007873
-0.007111
-0.005190
-0.003986
-0.004034
-0.003924
-0.000888
0.006760
0.016425
0.022443
0.022311
0.019396
0.017619
0.016212
0.012095
0.005034
-0.002195
-0.007347
-0.010134
-0.010897
-0.009832
-0.007551
-0.005089
-0.002967
-0.000928
0.000990
0.001742
0.000250
-0.003069
-0.006262
-0.007720
-0.007852
-0.007948
-0.007606
-0.005046
-0.000235
0.004281
0.006401
0.006583
0.006254
0.005626
0.004015
0.001336
-0.001798
-0.004754
-0.006678
-0.006454
-0.003894
-0.000223
0.003280
0.006271
0.008735
0.010402
0.010975
0.010128
0.007569
0.003821
0.000298
-0.001974
-0.003127
-0.003783
-0.004249
-0.004456
-0.004171
-0.003263
-0.002188
-0.001962
-0.003164
-0.005184
-0.006824
-0.007348
-0.006809
-0.005697
-0.004411
-0.002871
-0.000618
0.002452
0.005457
0.007194
0.007442
0.006953
0.006283
0.005384
0.004098
0.002504
0.000936
-0.000136
-0.000430
-0.000078
0.000607
0.001345
0.001771
0.001623
0.001016
0.000071
-0.001311
-0.002949
-0.004281
-0.005036
-0.005429
-0.005592
-0.005285
-0.004207
-0.002490
-0.000804
0.000284
0.000842
0.001201
0.001483
0.001669
0.001663
0.001370
0.001087
0.001410
0.002259
0.002734
0.002516
0.002452
0.003112
0.003781
0.003444
0.001676
-0.001890
-0.007858
-0.015927
-0.023148
-0.024158
-0.015899
-0.002733
0.007182
0.012078
0.017701
0.026272
0.032057
0.031309
0.027540
0.022700
0.012839
-0.002317
-0.014591
-0.018002
-0.017022
-0.018652
-0.022035
-0.021268
-0.014523
-0.005878
-0.000382
-0.000001
-0.003099
-0.006507
-0.008428
-0.009106
-0.008824
-0.007335
-0.005382
-0.003566
0.000416
0.009136
0.019611
0.024975
0.023107
0.018853
0.016286
0.013641
0.007943
0.000266
-0.006102
-0.009731
-0.011083
-0.010461
-0.007941
-0.004442
-0.001476
0.000091
0.000691
0.001213
0.001273
-0.000797
-0.005242
-0.009307
-0.010138
-0.008422
-0.006868
-0.005661
-0.002508
0.002727
0.007036
0.008545
0.008429
0.007830
0.005961
0.002313
-0.001733
-0.004634
-0.006375
-0.007530
-0.007516
-0.004936
0.000071
0.005065
0.008012
0.009452
0.010603
0.010863
0.008918
0.005131
0.001263
-0.001539
-0.003340
-0.004343
-0.004199
-0.002812
-0.001312
-0.001132
-0.001998
-0.002264
-0.001612
-0.001828
-0.004030
-0.006605
-0.007390
-0.006580
-0.005574
-0.004285
-0.001833
0.001206
0.003416
0.004635
0.005617
0.006229
0.005599
0.003711
0.001681
0.000533
0.000261
0.000188
0.000078
0.000507
0.001803
0.003129
0.003480
0.003154
0.002955
0.002458
0.000724
-0.001753
-0.003508
-0.004151
-0.004489
-0.004937
-0.005042
-0.004464
-0.003472
-0.002458
-0.001545
-0.000641
0.000227
0.000736
0.000731
0.000584
0.000691
0.000955
0.001081
0.001172
0.001580
0.002209
0.002589
0.002698
0.002937
0.003230
0.002996
0.002221
0.001443
0.000144
-0.003573
-0.010634
-0.018788
-0.023268
-0.020096
-0.009994
0.001170
0.008317
0.013007
0.019553
0.026916
0.030395
0.029383
0.026181
0.019391
0.006829
-0.006867
-0.014088
-0.014698
-0.015260
-0.018690
-0.021008
-0.018082
-0.010856
-0.003754
-0.000610
-0.002153
-0.006126
-0.009644
-0.011308
-0.011020
-0.009142
-0.006778
-0.005093
-0.002756
0.003644
0.014128
0.022896
0.024671
0.021140
0.017600
0.015460
0.012037
0.006069
-0.000608
-0.005916
-0.009013
-0.009519
-0.007475
-0.004091
-0.001326
-0.000372
-0.000754
-0.000960
-0.000392
-0.000661
-0.003713
-0.008604
-0.011927
-0.011859
-0.009906
-0.007959
-0.005535
-0.001413
0.003512
0.007098
0.008716
0.009079
0.008221
0.005726
0.002353
-0.000304
-0.001589
-0.002100
-0.002419
-0.002391
-0.001418
0.000972
0.004301
0.006883
0.007413
0.006489
0.005247
0.003270
-0.000004
-0.002781
-0.002944
-0.001758
-0.001950
-0.002966
-0.002117
0.000363
0.001523
0.000409
-0.001248
-0.002617
-0.004524
-0.006850
-0.008128
-0.007651
-0.006113
-0.004362
-0.002358
0.000538
0.004147
0.006881
0.007393
0.006320
0.005213
0.004235
0.002496
0.000306
-0.000960
-0.001083
-0.000986
-0.000673
0.000669
0.002676
0.003834
0.003564
0.002734
0.002031
0.001089
-0.000634
-0.002845
-0.004458
-0.004701
-0.004003
-0.003319
-0.002847
-0.002187
-0.001506
-0.001414
-0.001760
-0.001879
-0.001823
-0.002030
-0.002264
-0.001928
-0.000834
0.000869
0.002828
0.004502
0.005572
0.006053
0.005879
0.004982
0.003689
0.002291
0.000730
-0.000747
-0.001470
-0.001245
-0.000625
-0.000429
-0.001523
-0.004467
-0.009066
-0.014623
-0.019344
-0.019243
-0.011682
-0.001031
0.005321
0.007948
0.014039
0.023894
0.029542
0.028160
0.024775
0.020630
0.011668
-0.000664
-0.009100
-0.011581
-0.013013
-0.016331
-0.018999
-0.017759
-0.012454
-0.006041
-0.002532
-0.003391
-0.006042
-0.007613
-0.008419
-0.009578
-0.009906
-0.008223
-0.006004
-0.004164
-0.000014
0.008412
0.017383
0.021277
0.019844
0.017565
0.016670
0.014924
0.010255
0.003834
-0.001842
-0.005318
-0.006498
-0.006082
-0.004837
-0.003306
-0.002201
-0.002140
-0.002596
-0.002479
-0.002388
-0.004457
-0.008847
-0.012431
-0.012485
-0.009918
-0.007215
-0.004830
-0.001585
0.002582
0.006310
0.008675
0.009775
0.009657
0.007955
0.004924
0.001855
-0.000032
-0.000616
-0.000682
-0.000853
-0.000747
0.000388
0.002293
0.003766
0.003973
0.003088
0.001758
0.000333
-0.001290
-0.003102
-0.004419
-0.004307
-0.002862
-0.001353
-0.000513
0.000350
0.001680
0.002395
0.001502
-0.000264
-0.001686
-0.002783
-0.004097
-0.005202
-0.005065
-0.003509
-0.001401
0.000490
0.002177
0.003826
0.004988
0.004999
0.003941
0.002548
0.001259
-0.000095
-0.001523
-0.002385
-0.002214
-0.001452
-0.000654
0.000387
0.001933
0.003329
0.003621
0.002727
0.001326
-0.000064
-0.001345
-0.002425
-0.003014
-0.002937
-0.002461
-0.001996
-0.001558
-0.000856
0.000060
0.000607
0.000367
-0.000347
-0.000955
-0.001277
-0.001367
-0.001132
-0.000454
0.000514
0.001384
0.001908
0.002270
0.002658
0.002646
0.001836
0.000883
0.000702
0.000961
0.000708
0.000089
0.000085
0.000691
0.000501
-0.001535
-0.004922
-0.009014
-0.014058
-0.018409
-0.017015
-0.007908
0.002300
0.006873
0.009411
0.016581
0.025189
0.027561
0.024475
0.021182
0.016432
0.006744
-0.004177
-0.010142
-0.011549
-0.012822
-0.015224
-0.016541
-0.014513
-0.009027
-0.003308
-0.001680
-0.004227
-0.006881
-0.007872
-0.009275
-0.011441
-0.011495
-0.008649
-0.005746
-0.003623
0.001053
0.009611
0.017516
0.020028
0.018344
0.016716
0.016016
0.013734
0.008740
0.002852
-0.001610
-0.003812
-0.004263
-0.003697
-0.002339
-0.000490
0.000553
-0.000338
-0.002075
-0.002763
-0.003190
-0.005867
-0.010401
-0.013234
-0.012563
-0.010342
-0.008605
-0.006641
-0.003135
0.001164
0.004584
0.006700
0.007918
0.008123
0.006873
0.004422
0.001927
0.000595
0.000527
0.000684
0.000593
0.001370
0.003667
0.005734
0.005672
0.004318
0.003535
0.003061
0.001383
-0.001462
-0.003959
-0.005258
-0.005593
-0.005017
-0.003362
-0.001277
0.000127
0.000551
0.000519
0.000407
0.000001
-0.001152
-0.003046
-0.004783
-0.005263
-0.004464
-0.003333
-0.002150
-0.000164
0.002664
0.004989
0.005913
0.006044
0.005906
0.004857
0.002594
0.000260
-0.001029
-0.001528
-0.001980
-0.002365
-0.002125
-0.001077
0.000273
0.001235
0.001684
0.001948
0.001893
0.000962
-0.000661
-0.001876
-0.002119
-0.002047
-0.002112
-0.001692
-0.000479
0.000609
0.000750
0.000314
-0.000051
-0.000445
-0.001185
-0.001971
-0.002259
-0.002061
-0.001830
-0.001732
-0.001341
-0.000178
0.001456
0.002660
0.003093
0.003232
0.003281
0.002867
0.002083
0.001599
0.001470
0.001048
0.000314
0.000121
0.000686
0.000725
-0.001060
-0.004185
-0.007729
-0.012542
-0.018081
-0.018641
-0.010303
0.000180
0.003915
0.004608
0.011710
0.022635
0.027045
0.024465
0.021861
0.018978
0.011068
0.000593
-0.006145
-0.008760
-0.010972
-0.014023
-0.016230
-0.015206
-0.009938
-0.003649
-0.001777
-0.004577
-0.006841
-0.006586
-0.007396
-0.010647
-0.012482
-0.010771
-0.008446
-0.006979
-0.002867
0.005756
0.014405
0.017981
0.017318
0.016537
0.016769
0.015780
0.012014
0.006490
0.001562
-0.001180
-0.002217
-0.002779
-0.002513
-0.000708
0.000906
0.000128
-0.001752
-0.002083
-0.001940
-0.004571
-0.009610
-0.013197
-0.013492
-0.012363
-0.011531
-0.010142
-0.006928
-0.002602
0.001169
0.003911
0.006233
0.008196
0.008803
0.007340
0.004832
0.003350
0.003516
0.003794
0.003166
0.002954
0.004366
0.005989
0.006027
0.005177
0.004621
0.003339
0.000343
-0.002792
-0.004339
-0.004992
-0.006070
-0.007402
-0.007947
-0.006815
-0.003959
-0.000977
0.000279
0.000347
0.000932
0.001576
0.000748
-0.000907
-0.001711
-0.001919
-0.002514
-0.002695
-0.001212
0.001276
0.003227
0.004381
0.005422
0.006412
0.006632
0.005474
0.003121
0.000527
-0.001483
-0.003040
-0.004487
-0.005132
-0.004200
-0.002536
-0.001464
-0.000704
0.000610
0.001925
0.002158
0.001530
0.000872
0.000247
-0.000508
-0.001109
-0.001361
-0.001283
-0.000770
-0.000027
0.000306
0.000189
0.000246
0.000412
-0.000013
-0.000855
-0.001346
-0.001642
-0.002204
-0.002344
-0.001273
0.000244
0.000997
0.001339
0.002417
0.003853
0.004120
0.003151
0.002453
0.002427
0.001833
0.000266
-0.000974
-0.001033
-0.000697
-0.001081
-0.002499
-0.004448
-0.006271
-0.008836
-0.013694
-0.017918
-0.014761
-0.004435
0.003381
0.004517
0.007390
0.017142
0.025516
0.025476
0.022055
0.020279
0.016228
0.007140
-0.001918
-0.006441
-0.008207
-0.010432
-0.013511
-0.015457
-0.013538
-0.007904
-0.003593
-0.004449
-0.007168
-0.007129
-0.006305
-0.008647
-0.011911
-0.011416
-0.008313
-0.006726
-0.005571
-0.000544
0.007621
0.013474
0.014662
0.014130
0.014715
0.015546
0.014249
0.010295
0.005724
0.002971
0.001997
0.000824
-0.000696
-0.000523
0.001218
0.001398
-0.000947
-0.002774
-0.002483
-0.002957
-0.006578
-0.011042
-0.012940
-0.012429
-0.011737
-0.011292
-0.009707
-0.006424
-0.002556
0.000590
0.002848
0.004868
0.006608
0.006978
0.005715
0.004498
0.004778
0.005509
0.004954
0.003823
0.004226
0.005996
0.006843
0.006054
0.005124
0.004557
0.003066
0.000281
-0.002430
-0.004137
-0.005276
-0.006391
-0.007298
-0.007453
-0.006560
-0.004844
-0.002905
-0.001278
-0.000216
0.000194
0.000017
-0.000419
-0.000701
-0.000692
-0.000664
-0.000857
-0.000853
0.000037
0.001649
0.003047
0.003739
0.004018
0.004128
0.003841
0.003029
0.002015
0.001127
0.000361
-0.000318
-0.000694
-0.000556
-0.000151
-0.000005
-0.000247
-0.000521
-0.000600
-0.000774
-0.001388
-0.002194
-0.002642
-0.002637
-0.002439
-0.002080
-0.001431
-0.000611
0.000055
0.000480
0.000897
0.001338
0.001397
0.000786
-0.000143
-0.000794
-0.001027
-0.001023
-0.000716
0.000038
0.000981
0.001684
0.002113
0.002506
0.002812
0.002772
0.002401
0.001791
0.000804
-0.000414
-0.001193
-0.001245
-0.001198
-0.001526
-0.001618
-0.000971
-0.000692
-0.002201
-0.004824
-0.006833
-0.008721
-0.012029
-0.014329
-0.010728
-0.002298
0.003915
0.006053
0.010120
0.018279
0.024183
0.023735
0.020601
0.017735
0.012912
0.005163
-0.002376
-0.007265
-0.009995
-0.011867
-0.013541
-0.014144
-0.011644
-0.006618
-0.003474
-0.004512
-0.006369
-0.006034
-0.005817
-0.008293
-0.011022
-0.010680
-0.008416
-0.006774
-0.004702
0.000185
0.006807
0.011736
0.013662
0.014157
0.014770
0.015057
0.013469
0.009640
0.005503
0.003243
0.002354
0.000897
-0.000692
-0.000426
0.001050
0.001056
-0.000598
-0.001628
-0.001720
-0.003153
-0.006736
-0.010368
-0.012054
-0.012061
-0.011661
-0.011089
-0.009440
-0.006237
-0.002436
0.000591
0.002688
0.004540
0.005913
0.005845
0.004629
0.003887
0.004230
0.004418
0.003686
0.003344
0.004643
0.006512
0.007089
0.006229
0.005186
0.004530
0.003402
0.001009
-0.001895
-0.004024
-0.005438
-0.006810
-0.007302
-0.005645
-0.003067
-0.002010
-0.002180
-0.001347
0.000451
0.000929
-0.000636
-0.002573
-0.003530
-0.003761
-0.003821
-0.003487
-0.002130
0.000237
0.002624
0.004254
0.005509
0.006824
0.007325
0.005960
0.003520
0.001712
0.000568
-0.001100
-0.003072
-0.003857
-0.003136
-0.002075
-0.001306
-0.000331
0.000999
0.001899
0.001803
0.001032
0.000164
-0.000632
-0.001538
-0.002502
-0.002939
-0.002400
-0.001394
-0.000780
-0.000450
0.000321
0.001368
0.001782
0.001371
0.000743
0.000152
-0.000620
-0.001409
-0.001683
-0.001270
-0.000457
0.000433
0.001268
0.002067
0.002733
0.002823
0.002112
0.001207
0.000682
0.000098
-0.000961
-0.001837
-0.001931
-0.001611
-0.001127
-0.000283
0.000164
-0.001066
-0.003374
-0.004981
-0.006310
-0.009015
-0.011249
-0.008945
-0.002791
0.002020
0.004305
0.008368
0.015319
0.020259
0.020241
0.017984
0.015636
0.011522
0.004924
-0.001622
-0.006033
-0.008680
-0.010627
-0.012163
-0.012396
-0.010046
-0.005987
-0.003534
-0.004117
-0.005179
-0.004825
-0.005086
-0.007585
-0.009916
-0.009634
-0.008014
-0.006793
-0.004720
-0.000194
0.005509
0.009930
0.012315
0.013462
0.014095
0.014035
0.012440
0.009181
0.005757
0.003620
0.002199
0.000384
-0.000984
-0.000574
0.000548
0.000328
-0.000927
-0.001493
-0.001614
-0.003049
-0.005978
-0.008829
-0.010583
-0.011382
-0.011427
-0.010591
-0.008727
-0.005914
-0.002710
0.000133
0.002537
0.004849
0.006584
0.006734
0.005569
0.004578
0.004371
0.004191
0.003664
0.003454
0.003954
0.004660
0.005045
0.005083
0.004795
0.003805
0.001697
-0.000958
-0.002736
-0.003420
-0.004501
-0.006473
-0.007617
-0.006485
-0.003792
-0.001280
0.000137
0.000894
0.001736
0.002401
0.002018
0.000639
-0.000857
-0.002192
-0.003588
-0.004523
-0.004160
-0.002747
-0.001283
0.000032
0.001889
0.004365
0.006300
0.006613
0.005500
0.003919
0.002442
0.000963
-0.000683
-0.002191
-0.002982
-0.002887
-0.002317
-0.001547
-0.000431
0.000793
0.001378
0.001207
0.001046
0.001171
0.000790
-0.000529
-0.001933
-0.002516
-0.002472
-0.002377
-0.002197
-0.001576
-0.000577
0.000324
0.000819
0.001048
0.001184
0.000989
0.000224
-0.000671
-0.000998
-0.000734
-0.000311
0.000135
0.000726
0.001414
0.001997
0.002353
0.002495
0.002407
0.001924
0.001028
0.000114
-0.000474
-0.000863
-0.001221
-0.001364
-0.001374
-0.002144
-0.004251
-0.006675
-0.008232
-0.009397
-0.010304
-0.008734
-0.003596
0.002059
0.005523
0.008778
0.013994
0.018600
0.019418
0.017479
0.014849
0.011052
0.005585
0.000020
-0.004291
-0.007517
-0.009809
-0.010931
-0.010945
-0.009710
-0.007227
-0.004987
-0.004562
-0.005168
-0.005176
-0.005095
-0.006339
-0.008141
-0.008503
-0.007333
-0.005953
-0.004219
-0.000802
0.004007
0.008159
0.010549
0.011914
0.012882
0.012916
0.011440
0.008763
0.005808
0.003423
0.001747
0.000402
-0.000533
-0.000538
0.000150
0.000484
0.000085
-0.000426
-0.000862
-0.001984
-0.004201
-0.006774
-0.008665
-0.009612
-0.010001
-0.009900
-0.008847
-0.006657
-0.003907
-0.001323
0.000951
0.003089
0.004791
0.005417
0.005032
0.004539
0.004437
0.004259
0.003612
0.002988
0.003059
0.003732
0.004428
0.004825
0.004888
0.004538
0.003666
0.002252
0.000307
-0.002145
-0.004826
-0.006920
-0.007556
-0.006898
-0.005976
-0.005176
-0.003991
-0.002231
-0.000175
0.001998
0.003705
0.003926
0.002763
0.001603
0.001055
0.000351
-0.000907
-0.001948
-0.002039
-0.001351
-0.000339
0.000803
0.001868
0.002560
0.002765
0.002552
0.002095
0.001558
0.000839
-0.000245
-0.001362
-0.001819
-0.001563
-0.001293
-0.001310
-0.001140
-0.000526
0.000130
0.000420
0.000356
0.000141
-0.000074
-0.000276
-0.000567
-0.000884
-0.000915
-0.000546
-0.000029
0.000424
0.000783
0.000959
0.000831
0.000543
0.000384
0.000296
-0.000029
-0.000549
-0.000879
-0.000879
-0.000726
-0.000506
-0.000147
0.000351
0.000840
0.001063
0.000832
0.000331
-0.000008
-0.000072
-0.000102
-0.000080
0.000283
0.000763
0.000545
-0.000853
-0.003031
-0.005172
-0.006926
-0.008526
-0.009466
-0.008013
-0.003631
0.001393
0.005068
0.008733
0.013869
0.018228
0.018884
0.016613
0.013672
0.009943
0.004473
-0.001592
-0.006260
-0.009136
-0.010970
-0.012087
-0.012020
-0.010171
-0.006975
-0.004201
-0.003168
-0.003202
-0.003072
-0.003149
-0.004433
-0.006257
-0.006948
-0.006313
-0.005349
-0.003808
-0.000452
0.004261
0.008157
0.010206
0.011325
0.012245
0.012383
0.010982
0.008239
0.005140
0.002622
0.000802
-0.000798
-0.002058
-0.002256
-0.001545
-0.001060
-0.001185
-0.001211
-0.001041
-0.001686
-0.003632
-0.005960
-0.007500
-0.008053
-0.008098
-0.007794
-0.006823
-0.005080
-0.002896
-0.000587
0.001698
0.003680
0.004913
0.005106
0.004473
0.003744
0.003440
0.003225
0.002611
0.001962
0.001929
0.002467
0.003145
0.003755
0.004134
0.003973
0.003106
0.001735
0.000257
-0.001212
-0.003142
-0.005633
-0.007065
-0.005822
-0.003438
-0.002681
-0.002870
-0.001391
0.001178
0.002133
0.001314
0.000457
-0.000204
-0.001240
-0.002016
-0.001855
-0.001288
-0.000822
-0.000123
0.001131
0.002778
0.004376
0.005127
0.004427
0.002954
0.001837
0.000821
-0.000906
-0.002683
-0.003271
-0.002941
-0.002656
-0.002124
-0.000651
0.001142
0.002174
0.002391
0.002258
0.001867
0.001098
-0.000085
-0.001548
-0.002799
-0.003304
-0.003194
-0.002888
-0.002147
-0.000655
0.000921
0.001768
0.002068
0.002194
0.001812
0.000735
-0.000392
-0.001002
-0.001196
-0.001121
-0.000719
-0.000090
0.000647
0.001496
0.002168
0.002211
0.001726
0.001146
0.000500
-0.000298
-0.000889
-0.000983
-0.000910
-0.000949
-0.000734
-0.000142
-0.000245
-0.002513
-0.007017
-0.011547
-0.012805
-0.009489
-0.004219
-0.000579
0.001750
0.006071
0.012729
0.018099
0.020051
0.019889
0.018229
0.013793
0.007106
0.000988
-0.003349
-0.007267
-0.011545
-0.014767
-0.014970
-0.011857
-0.007526
-0.004678
-0.003715
-0.002968
-0.001960
-0.002056
-0.003590
-0.005077
-0.005818
-0.006683
-0.007543
-0.006418
-0.002414
0.002490
0.005931
0.007928
0.009957
0.012320
0.013627
0.012583
0.009541
0.006048
0.003152
0.000792
-0.001160
-0.002282
-0.002465
-0.002380
-0.002256
-0.001282
0.000661
0.001915
0.001001
-0.001404
-0.003593
-0.005014
-0.006281
-0.007675
-0.008659
-0.008657
-0.007607
-0.005726
-0.003203
-0.000297
0.002458
0.004392
0.005290
0.005650
0.005843
0.005389
0.003849
0.001956
0.000857
0.000673
0.000786
0.001033
0.001681
0.002611
0.003315
0.003524
0.003347
0.002848
0.001787
0.000005
-0.002129
-0.003883
-0.004793
-0.005075
-0.005153
-0.004883
-0.003873
-0.002377
-0.001096
-0.000301
0.000071
-0.000136
-0.000712
-0.000648
0.000239
0.000501
-0.000284
-0.000254
0.001408
0.002844
0.002847
0.002614
0.003020
0.003260
0.002940
0.002774
0.002890
0.002602
0.001756
0.000787
-0.000022
-0.000563
-0.000955
-0.001709
-0.002891
-0.003678
-0.003689
-0.003625
-0.003775
-0.003463
-0.002520
-0.001664
-0.001095
-0.000276
0.000780
0.001422
0.001470
0.001335
0.001273
0.001303
0.001377
0.001257
0.000822
0.000485
0.000597
0.000798
0.000776
0.000849
0.001084
0.000954
0.000336
-0.000211
-0.000340
-0.000281
-0.000362
-0.000671
-0.001037
-0.001092
-0.000654
-0.000019
0.000496
0.000923
0.001207
0.000735
-0.001361
-0.005121
-0.008867
-0.010260
-0.008791
-0.006159
-0.003621
-0.000458
0.004194
0.009551
0.014005
0.016617
0.017268
0.015944
0.012508
0.007433
0.002148
-0.002189
-0.005733
-0.008921
-0.011065
-0.011072
-0.009082
-0.006403
-0.004152
-0.002604
-0.001612
-0.001225
-0.001693
-0.002925
-0.004428
-0.005890
-0.007235
-0.007910
-0.006946
-0.004120
-0.000354
0.003299
0.006480
0.009235
0.011386
0.012420
0.011951
0.010104
0.007280
0.003962
0.000915
-0.001094
-0.001971
-0.002229
-0.002258
-0.001969
-0.001163
-0.000087
0.000587
0.000311
-0.000859
-0.002415
-0.003974
-0.005413
-0.006542
-0.007124
-0.007158
-0.006732
-0.005707
-0.003854
-0.001308
0.001249
0.003082
0.004126
0.004819
0.005253
0.005016
0.003943
0.002535
0.001407
0.000720
0.000419
0.000583
0.001191
0.001928
0.002484
0.002841
0.003070
0.002999
0.002278
0.000832
-0.000924
-0.002415
-0.003364
-0.003861
-0.004028
-0.003828
-0.003228
-0.002355
-0.001410
-0.000514
0.000285
0.000830
0.000865
0.000375
-0.000275
-0.000738
-0.001037
-0.001314
-0.001451
-0.001181
-0.000549
0.000054
0.000535
0.001277
0.002229
0.002625
0.002335
0.002388
0.003160
0.003438
0.002518
0.001552
0.001469
0.001437
0.000617
-0.000447
-0.001064
-0.001472
-0.002102
-0.002778
-0.002980
-0.002605
-0.002242
-0.002411
-0.002636
-0.002061
-0.000886
-0.000133
-0.000033
0.000144
0.000623
0.000825
0.000618
0.000571
0.000842
0.000877
0.000449
0.000150
0.000483
0.001109
0.001386
0.001194
0.000825
0.000475
0.000191
0.000036
0.000062
0.000140
0.000065
-0.000032
0.000235
0.000783
0.001012
0.000718
0.000268
-0.000286
-0.001382
-0.002910
-0.003954
-0.004050
-0.003710
-0.003269
-0.002305
-0.000581
0.001394
0.003096
0.004518
0.005655
0.006136
0.005700
0.004576
0.003212
0.001895
0.000574
-0.000916
-0.002296
-0.002914
-0.002568
-0.001844
-0.001361
-0.001117
-0.000925
-0.000960
-0.001387
-0.001903
-0.002194
-0.002477
-0.003084
-0.003813
-0.004060
-0.003498
-0.002343
-0.000997
0.000318
0.001578
0.002806
0.003844
0.004430
0.004479
0.004071
0.003352
0.002579
0.001968
0.001474
0.000923
0.000329
-0.000046
0.000014
0.000412
0.000781
0.000812
0.000494
-0.000025
-0.000683
-0.001483
-0.002365
-0.003195
-0.003856
-0.004291
-0.004397
-0.003998
-0.003072
-0.001916
-0.000859
0.000046
0.000880
0.001598
0.002034
0.002065
0.001760
0.001366
0.001113
0.001019
0.000965
0.001030
0.001443
0.002084
0.002550
0.002785
0.002959
0.002905
0.002362
0.001523
0.000760
0.000005
-0.001026
-0.002149
-0.002864
-0.003062
-0.003038
-0.002935
-0.002649
-0.002146
-0.001597
-0.001194
-0.000872
-0.000380
0.000218
0.000517
0.000447
0.000416
0.000615
0.000761
0.000684
0.000614
0.000723
0.000815
0.000651
0.000277
-0.000035
-0.000047
0.000170
0.000288
0.000204
0.000180
0.000409
0.000765
0.001046
0.001027
0.000167
-0.002248
-0.005881
-0.008456
-0.007618
-0.004205
-0.001528
-0.000400
0.001899
0.006321
0.010079
0.011538
0.012210
0.012546
0.010621
0.006066
0.001319
-0.001778
-0.003880
-0.006371
-0.009271
-0.011056
-0.010306
-0.007612
-0.005050
-0.003544
-0.002286
-0.001037
-0.000781
-0.001578
-0.002101
-0.002000
-0.002567
-0.004065
-0.004384
-0.001839
0.002216
0.005240
0.006747
0.008083
0.009851
0.011079
0.010679
0.008707
0.005956
0.002945
-0.000159
-0.002859
-0.004395
-0.004770
-0.004939
-0.005324
-0.004999
-0.003345
-0.001464
-0.000830
-0.001387
-0.002010
-0.002215
-0.002483
-0.003180
-0.003963
-0.004302
-0.004042
-0.003180
-0.001546
0.000832
0.003217
0.004572
0.004772
0.004851
0.005435
0.005659
0.004479
0.002358
0.000648
-0.000171
-0.000640
-0.001052
-0.001122
-0.000769
-0.000361
-0.000071
0.000332
0.000839
0.000911
0.000165
-0.001060
-0.002086
-0.002600
-0.002849
-0.003144
-0.003272
-0.002784
-0.001720
-0.000533
0.000543
0.001577
0.002444
0.002732
0.002326
0.001642
0.001018
0.000308
-0.000679
-0.001663
-0.002073
-0.001698
-0.000929
-0.000194
0.000557
0.001436
0.002103
0.002184
0.001866
0.001531
0.001098
0.000220
-0.000941
-0.001691
-0.001723
-0.001447
-0.001206
-0.000778
0.000117
0.001253
0.002047
0.002195
0.001979
0.001746
0.001283
0.000182
-0.001309
-0.002442
-0.002867
-0.002832
-0.002558
-0.001980
-0.001152
-0.000401
0.000056
0.000353
0.000679
0.000941
0.000940
0.000707
0.000422
0.000150
-0.000144
-0.000424
-0.000486
-0.000094
0.000640
0.001304
0.001701
0.001949
0.002114
0.002072
0.001734
0.001206
0.000625
-0.000042
-0.000837
-0.001566
-0.001940
-0.001952
-0.001860
-0.001760
-0.001506
-0.001032
-0.000516
-0.000234
-0.000232
-0.000287
-0.000273
-0.000297
-0.000384
-0.000394
-0.000251
-0.000051
0.000108
0.000284
0.000612
0.001094
0.001594
0.001975
0.002139
0.002041
0.001686
0.001096
0.000395
-0.000186
-0.000528
-0.000720
-0.000832
-0.000829
-0.000733
-0.000637
-0.000607
-0.000664
-0.000781
-0.000946
-0.001158
-0.001346
-0.001433
-0.001391
-0.001150
-0.000680
-0.000110
0.000432
0.000945
0.001421
0.001731
0.001726
0.001450
0.001205
0.001177
0.001117
0.000790
0.000467
0.000407
0.000344
0.000035
-0.000271
-0.000341
-0.000383
-0.000668
-0.001085
-0.001316
-0.001259
-0.001117
-0.001090
-0.001131
-0.000998
-0.000602
-0.000262
-0.000228
-0.000153
0.000283
0.000745
0.000852
0.000740
0.000643
0.000540
0.000401
0.000351
0.000433
0.000519
0.000417
0.000024
-0.000328
-0.000129
0.000475
0.000861
0.000837
0.000753
0.000838
0.000828
0.000495
0.000028
-0.000420
-0.000858
-0.001129
-0.001168
-0.001143
-0.001074
-0.000899
-0.000731
-0.000659
-0.000556
-0.000304
-0.000050
0.000090
0.000282
0.000504
0.000464
0.000259
0.000264
0.000420
0.000339
-0.000086
-0.000487
-0.000487
-0.000144
0.000248
0.000509
0.000649
0.000844
0.001148
0.001334
0.001261
0.001024
0.000680
0.000210
-0.000317
-0.000739
-0.000986
-0.001148
-0.001307
-0.001397
-0.001247
-0.000773
-0.000232
-0.000037
-0.000211
-0.000354
-0.000228
-0.000027
0.000045
0.000073
0.000119
0.000086
-0.000008
-0.000047
-0.000016
0.000083
0.000336
0.000770
0.001229
0.001482
0.001389
0.001018
0.000643
0.000429
0.000240
-0.000021
-0.000198
-0.000209
-0.000233
-0.000342
-0.000321
-0.000117
-0.000077
-0.000409
-0.000806
-0.000916
-0.000909
-0.001137
-0.001467
-0.001453
-0.001002
-0.000421
0.000019
0.000275
0.000438
0.000527
0.000525
0.000587
0.000834
0.001003
0.000804
0.000469
0.000467
0.000772
0.000935
0.000755
0.000419
0.000100
-0.000200
-0.000465
-0.000585
-0.000537
-0.000463
-0.000447
-0.000414
-0.000336
-0.000325
-0.000445
-0.000594
-0.000556
-0.000212
0.000236
0.000435
0.000348
0.000217
0.000141
0.000052
-0.000069
-0.000168
-0.000168
-0.000030
0.000167
0.000323
0.000452
0.000591
0.000674
0.000645
0.000565
0.000522
0.000482
0.000333
0.000078
-0.000202
-0.000533
-0.000958
-0.001328
-0.001458
-0.001360
-0.001170
-0.000931
-0.000598
-0.000216
0.000056
0.000139
0.000190
0.000441
0.000863
0.001188
0.001265
0.001187
0.001067
0.000853
0.000469
0.000056
-0.000156
-0.000153
-0.000074
0.000049
0.000261
0.000508
0.000702
0.000796
0.000678
0.000333
-0.000019
-0.000299
-0.000661
-0.001099
-0.001449
-0.001662
-0.001767
-0.001717
-0.001479
-0.001145
-0.000767
-0.000311
0.000169
0.000602
0.000992
0.001231
0.001126
0.000754
0.000429
0.000303
0.000306
0.000383
0.000524
0.000645
0.000656
0.000564
0.000443
0.000326
0.000185
0.000011
-0.000163
-0.000254
-0.000173
-0.000015
-0.000121
-0.000824
-0.002068
-0.003259
-0.003769
-0.003550
-0.002841
-0.001709
-0.000293
0.001116
0.002477
0.003967
0.005485
0.006550
0.006679
0.005747
0.004070
0.002139
0.000301
-0.001370
-0.002901
-0.004170
-0.004916
-0.004953
-0.004268
-0.003012
-0.001637
-0.000797
-0.000641
-0.000532
-0.000008
0.000446
0.000124
-0.000860
-0.001685
-0.001735
-0.001094
-0.000250
0.000506
0.001293
0.002277
0.003304
0.004029
0.004203
0.003748
0.002769
0.001567
0.000435
-0.000544
-0.001416
-0.002166
-0.002666
-0.002728
-0.002251
-0.001389
-0.000524
0.000059
0.000382
0.000579
0.000643
0.000464
0.000011
-0.000599
-0.001138
-0.001393
-0.001334
-0.001097
-0.000823
-0.000536
-0.000136
0.000475
0.001170
0.001592
0.001527
0.001134
0.000686
0.000281
-0.000068
-0.000317
-0.000457
-0.000459
-0.000303
-0.000112
0.000055
0.000318
0.000682
0.001013
0.001272
0.001445
0.001392
0.000989
0.000376
-0.000109
-0.000326
-0.000486
-0.000812
-0.001224
-0.001485
-0.001501
-0.001339
-0.001118
-0.000937
-0.000783
-0.000572
-0.000318
-0.000147
-0.000138
-0.000236
-0.000297
-0.000186
0.000141
0.000540
0.000767
0.000779
0.000798
0.001029
0.001438
0.001795
0.001897
0.001765
0.001511
0.001138
0.000620
0.000014
-0.000634
-0.001272
-0.001728
-0.001821
-0.001591
-0.001250
-0.000952
-0.000728
-0.000558
-0.000416
-0.000305
-0.000235
-0.000267
-0.000499
-0.000861
-0.001068
-0.000975
-0.000660
-0.000162
0.000490
0.001112
0.001485
0.001601
0.001607
0.001551
0.001392
0.001135
0.000805
0.000476
0.000246
0.000088
-0.000097
-0.000269
-0.000288
-0.000148
0.000010
0.000063
-0.000032
-0.000239
-0.000503
-0.000824
-0.001168
-0.001412
-0.001438
-0.001256
-0.001005
-0.000818
-0.000673
-0.000466
-0.000159
0.000227
0.000679
0.001125
0.001359
0.001190
0.000743
0.000400
0.000295
0.000232
0.000141
0.000190
0.000440
0.000784
0.001094
0.001243
0.001137
0.000863
0.000547
0.000163
-0.000319
-0.000800
-0.001195
-0.001498
-0.001705
-0.001756
-0.001578
-0.001237
-0.000939
-0.000750
-0.000510
-0.000112
0.000313
0.000586
0.000688
0.000711
0.000690
0.000587
0.000443
0.000388
0.000420
0.000407
0.000368
0.000495
0.000825
0.001116
0.001093
0.000744
0.000316
0.000011
-0.000204
-0.000429
-0.000672
-0.000900
-0.001051
-0.001022
-0.000855
-0.000754
-0.000772
-0.000735
-0.000524
-0.000180
0.000172
0.000364
0.000367
0.000355
0.000419
0.000452
0.000385
0.000337
0.000427
0.000537
0.000477
0.000276
0.000086
-0.000059
-0.000162
-0.000132
0.000033
0.000187
0.000277
0.000326
0.000266
0.000050
-0.000207
-0.000397
-0.000527
-0.000609
-0.000594
-0.000483
-0.000341
-0.000183
0.000011
0.000210
0.000308
0.000219
0.000048
0.000013
0.000115
0.000129
-0.000051
-0.000271
-0.000295
-0.000074
0.000168
0.000203
0.000048
-0.000069
0.000082
0.000483
0.000803
0.000761
0.000479
0.000285
0.000264
0.000241
0.000043
-0.000303
-0.000558
-0.000550
-0.000454
-0.000515
-0.000665
-0.000705
-0.000624
-0.000497
-0.000314
-0.000142
-0.000141
-0.000251
-0.000219
0.000017
0.000305
0.000527
0.000656
0.000715
0.000770
0.000828
0.000777
0.000579
0.000418
0.000462
0.000562
0.000397
-0.000081
-0.000538
-0.000670
-0.000546
-0.000454
-0.000489
-0.000479
-0.000364
-0.000334
-0.000479
-0.000623
-0.000614
-0.000556
-0.000561
-0.000450
-0.000050
0.000381
0.000481
0.000381
0.000459
0.000665
0.000653
0.000395
0.000116
-0.000058
-0.000090
-0.000002
0.000114
0.000226
0.000331
0.000332
0.000174
0.000019
0.000088
0.000349
0.000502
0.000334
-0.000006
-0.000245
-0.000353
-0.000437
-0.000473
-0.000387
-0.000174
0.000105
0.000277
0.000182
-0.000088
-0.000333
-0.000480
-0.000563
-0.000594
-0.000513
-0.000360
-0.000331
-0.000422
-0.000371
-0.000103
0.000187
0.000399
0.000608
0.000824
0.000903
0.000738
0.000441
0.000219
0.000137
0.000107
0.000077
0.000073
0.000090
0.000097
0.000164
0.000344
0.000452
0.000251
-0.000184
-0.000531
-0.000648
-0.000691
-0.000829
-0.000996
-0.000967
-0.000656
-0.000235
0.000102
0.000328
0.000468
0.000469
0.000347
0.000256
0.000274
0.000308
0.000265
0.000170
0.000072
-0.000009
-0.000011
0.000143
0.000414
0.000613
0.000552
0.000286
0.000066
-0.000034
-0.000190
-0.000504
-0.000861
-0.001089
-0.001049
-0.000686
-0.000148
0.000263
0.000401
0.000431
0.000520
0.000573
0.000442
0.000162
-0.000156
-0.000432
-0.000543
-0.000384
-0.000082
0.000122
0.000217
0.000335
0.000491
0.000629
0.000727
0.000778
0.000732
0.000479
-0.000005
-0.000513
-0.000802
-0.000850
-0.000797
-0.000737
-0.000648
-0.000483
-0.000253
-0.000049
0.000005
-0.000098
-0.000196
-0.000125
0.000105
0.000322
0.000372
0.000260
0.000162
0.000242
0.000453
0.000579
0.000508
0.000333
0.000194
0.000196
0.000352
0.000436
0.000168
-0.000328
-0.000651
-0.000667
-0.000543
-0.000388
-0.000216
-0.000040
0.000138
0.000286
0.000330
0.000211
-0.000068
-0.000424
-0.000682
-0.000718
-0.000649
-0.000622
-0.000509
-0.000167
0.000227
0.000478
0.000634
0.000726
0.000672
0.000514
0.000380
0.000317
0.000342
0.000476
0.000576
0.000434
0.000092
-0.000170
-0.000168
-0.000054
-0.000125
-0.000377
-0.000560
-0.000604
-0.000556
-0.000386
-0.000122
0.000066
0.000020
-0.000212
-0.000383
-0.000334
-0.000159
-0.000006
0.000096
0.000156
0.000155
0.000088
0.000019
0.000027
0.000104
0.000183
0.000254
0.000327
0.000351
0.000347
0.000398
0.000412
0.000163
-0.000332
-0.000721
-0.000759
-0.000591
-0.000418
-0.000207
0.000105
0.000434
0.000666
0.000731
0.000635
0.000432
0.000183
-0.000027
-0.000159
-0.000317
-0.000578
-0.000773
-0.000682
-0.000379
-0.000126
0.000007
0.000119
0.000174
0.000073
-0.000036
0.000098
0.000384
0.000465
0.000219
-0.000134
-0.000337
-0.000320
-0.000169
0.000005
0.000151
0.000261
0.000345
0.000432
0.000520
0.000528
0.000393
0.000172
-0.000037
-0.000208
-0.000382
-0.000587
-0.000746
-0.000746
-0.000629
-0.000502
-0.000311
0.000046
0.000435
0.000589
0.000485
0.000365
0.000299
0.000112
-0.000136
-0.000156
0.000066
0.000289
0.000379
0.000366
0.000331
0.000316
0.000255
0.000062
-0.000230
-0.000508
-0.000668
-0.000668
-0.000595
-0.000545
-0.000459
-0.000231
0.000083
0.000293
0.000276
0.000130
0.000060
0.000124
0.000242
0.000365
0.000456
0.000464
0.000369
0.000194
0.000010
-0.000111
-0.000174
-0.000202
-0.000164
-0.000075
-0.000093
-0.000295
-0.000485
-0.000437
-0.000197
0.000021
0.000100
0.000101
0.000157
0.000303
0.000404
0.000293
0.000037
-0.000084
0.000013
0.000087
-0.000043
-0.000241
-0.000260
-0.000052
0.000222
0.000371
0.000291
0.000006
-0.000345
-0.000575
-0.000573
-0.000396
-0.000192
-0.000027
0.000126
0.000262
0.000331
0.000342
0.000411
0.000606
0.000776
0.000689
0.000363
0.000038
-0.000162
-0.000288
-0.000325
-0.000225
-0.000124
-0.000221
-0.000454
-0.000598
-0.000576
-0.000458
-0.000320
-0.000261
-0.000373
-0.000570
-0.000631
-0.000511
-0.000375
-0.000253
0.000044
0.000528
0.000923
0.001106
0.001236
0.001366
0.001333
0.001036
0.000551
0.000039
-0.000341
-0.000537
-0.000613
-0.000576
-0.000407
-0.000212
-0.000132
-0.000142
-0.000136
-0.000091
-0.000064
-0.000101
-0.000230
-0.000450
-0.000694
-0.000856
-0.000843
-0.000608
-0.000234
0.000079
0.000289
0.000570
0.000941
0.001111
0.000878
0.000455
0.000173
0.000057
-0.000090
-0.000348
-0.000553
-0.000490
-0.000162
0.000201
0.000391
0.000434
0.000462
0.000425
0.000187
-0.000137
-0.000289
-0.000274
-0.000337
-0.000491
-0.000485
-0.000284
-0.000152
-0.000200
-0.000222
-0.000047
0.000229
0.000406
0.000386
0.000214
0.000024
-0.000093
-0.000152
-0.000195
-0.000178
-0.000008
0.000206
0.000257
0.000193
0.000184
0.000197
0.000101
-0.000065
-0.000124
-0.000009
0.000145
0.000161
0.000015
-0.000164
-0.000256
-0.000246
-0.000169
-0.000057
0.000022
-0.000015
-0.000180
-0.000372
-0.000423
-0.000215
0.000189
0.000560
0.000717
0.000675
0.000516
0.000282
0.000056
-0.000100
-0.000236
-0.000385
-0.000494
-0.000537
-0.000498
-0.000337
-0.000106
0.000045
0.000051
0.000009
0.000049
0.000145
0.000131
-0.000045
-0.000197
-0.000145
0.000090
0.000345
0.000447
0.000378
0.000338
0.000438
0.000523
0.000445
0.000231
-0.000012
-0.000204
-0.000388
-0.000638
-0.000845
-0.000823
-0.000602
-0.000347
-0.000136
0.000027
0.000149
0.000261
0.000375
0.000443
0.000416
0.000341
0.000346
0.000442
0.000488
0.000380
0.000090
-0.000288
-0.000511
-0.000467
-0.000305
-0.000198
-0.000152
-0.000107
-0.000076
-0.000086
-0.000090
-0.000041
-0.000004
-0.000114
-0.000372
-0.000577
-0.000571
-0.000391
-0.000137
0.000170
0.000525
0.000856
0.001034
0.000965
0.000659
0.000265
-0.000031
-0.000180
-0.000231
-0.000219
-0.000245
-0.000373
-0.000397
-0.000122
0.000224
0.000284
0.000104
-0.000002
0.000058
0.000049
-0.000207
-0.000553
-0.000707
-0.000653
-0.000586
-0.000540
-0.000382
-0.000101
0.000187
0.000461
0.000734
0.000872
0.000746
0.000429
0.000100
-0.000090
-0.000063
0.000119
0.000295
0.000371
0.000367
0.000309
0.000199
0.000095
0.000001
-0.000194
-0.000448
-0.000567
-0.000540
-0.000489
-0.000428
-0.000342
-0.000292
-0.000267
-0.000166
0.000012
0.000184
0.000266
0.000166
-0.000105
-0.000311
-0.000255
-0.000018
0.000206
0.000291
0.000226
0.000140
0.000177
0.000321
0.000428
0.000416
0.000345
0.000315
0.000332
0.000255
-0.000047
-0.000419
-0.000552
-0.000369
-0.000066
0.000108
0.000076
-0.000031
-0.000081
-0.000083
-0.000083
-0.000106
-0.000197
-0.000339
-0.000400
-0.000305
-0.000130
0.000025
0.000130
0.000180
0.000170
0.000113
0.000045
0.000015
0.000026
0.000033
0.000052
0.000123
0.000193
0.000221
0.000253
0.000259
0.000154
-0.000012
-0.000097
-0.000059
-0.000044
-0.000226
-0.000491
-0.000521
-0.000285
-0.000053
0.000037
0.000056
0.000044
0.000028
0.000136
0.000399
0.000581
0.000498
0.000240
-0.000058
-0.000350
-0.000591
-0.000689
-0.000585
-0.000335
-0.000009
0.000357
0.000674
0.000850
0.000885
0.000773
0.000504
0.000155
-0.000187
-0.000490
-0.000709
-0.000803
-0.000804
-0.000733
-0.000560
-0.000308
-0.000061
0.000148
0.000312
0.000388
0.000359
0.000255
0.000094
-0.000112
-0.000287
-0.000319
-0.000183
0.000039
0.000281
0.000510
0.000675
0.000710
0.000579
0.000317
0.000036
-0.000176
-0.000329
-0.000422
-0.000390
-0.000285
-0.000266
-0.000310
-0.000237
-0.000039
0.000111
0.000124
0.000054
-0.000011
-0.000011
0.000065
0.000168
0.000165
-0.000014
-0.000217
-0.000270
-0.000187
-0.000057
0.000091
0.000229
0.000305
0.000331
0.000308
0.000153
-0.000107
-0.000280
-0.000252
-0.000065
0.000155
0.000254
0.000166
0.000023
0.000006
0.000121
0.000239
0.000260
0.000122
-0.000146
-0.000359
-0.000353
-0.000225
-0.000179
-0.000236
-0.000277
-0.000248
-0.000168
-0.000095
-0.000081
-0.000132
-0.000171
-0.000100
0.000060
0.000177
0.000144
-0.000032
-0.000182
-0.000108
0.000174
0.000419
0.000465
0.000441
0.000505
0.000557
0.000409
0.000126
-0.000067
-0.000102
-0.000079
-0.000080
-0.000116
-0.000143
-0.000121
-0.000118
-0.000258
-0.000516
-0.000672
-0.000572
-0.000318
-0.000112
0.000003
0.000134
0.000336
0.000504
0.000451
0.000164
-0.000122
-0.000230
-0.000198
-0.000103
0.000048
0.000220
0.000312
0.000287
0.000218
0.000131
-0.000001
-0.000092
-0.000033
0.000062
-0.000011
-0.000225
-0.000336
-0.000213
-0.000027
0.000003
-0.000078
-0.000035
0.000220
0.000505
0.000599
0.000470
0.000246
0.000026
-0.000198
-0.000462
-0.000732
-0.000867
-0.000796
-0.000638
-0.000491
-0.000301
-0.000045
0.000192
0.000420
0.000724
0.000948
0.000857
0.000576
0.000335
0.000112
-0.000063
-0.000033
0.000091
0.000071
-0.000032
-0.000034
0.000004
-0.000074
-0.000209
-0.000260
-0.000262
-0.000317
-0.000424
-0.000543
-0.000619
-0.000559
-0.000355
-0.000154
-0.000041
0.000075
0.000270
0.000479
0.000612
0.000681
0.000722
0.000723
0.000656
0.000528
0.000351
0.000118
-0.000163
-0.000430
-0.000594
-0.000583
-0.000432
-0.000291
-0.000255
-0.000263
-0.000255
-0.000253
-0.000255
-0.000211
-0.000096
0.000057
0.000142
0.000071
-0.000041
0.000043
0.000337
0.000500
0.000264
-0.000061
-0.000002
0.000307
0.000379
0.000126
-0.000107
-0.000096
-0.000011
-0.000053
-0.000166
-0.000236
-0.000271
-0.000258
-0.000120
0.000051
0.000071
0.000027
0.000119
0.000287
0.000336
0.000197
-0.000032
-0.000165
-0.000133
-0.000036
0.000064
0.000109
-0.000022
-0.000252
-0.000325
-0.000198
-0.000061
-0.000028
-0.000057
-0.000045
0.000090
0.000276
0.000333
0.000240
0.000135
0.000049
-0.000068
-0.000135
-0.000053
0.000068
0.000066
0.000022
0.000100
0.000212
0.000151
-0.000048
-0.000157
-0.000121
-0.000124
-0.000280
-0.000515
-0.000692
-0.000667
-0.000390
-0.000007
0.000303
0.000479
0.000519
0.000457
0.000418
0.000483
0.000518
0.000394
0.000216
0.000078
-0.000119
-0.000383
-0.000494
-0.000335
-0.000126
-0.000140
-0.000321
-0.000378
-0.000174
0.000121
0.000245
0.000134
-0.000053
-0.000143
-0.000130
-0.000136
-0.000222
-0.000293
-0.000240
-0.000034
0.000276
0.000555
0.000637
0.000500
0.000276
0.000108
0.000038
-0.000005
-0.000088
-0.000179
-0.000237
-0.000274
-0.000273
-0.000148
0.000111
0.000318
0.000287
0.000115
0.000055
0.000136
0.000172
0.000092
-0.000008
-0.000060
-0.000099
-0.000186
-0.000329
-0.000475
-0.000558
-0.000569
-0.000550
-0.000456
-0.000183
0.000226
0.000580
0.000727
0.000671
0.000473
0.000197
-0.000014
-0.000026
0.000082
0.000140
0.000126
0.000081
-0.000025
-0.000150
-0.000137
0.000025
0.000140
0.000106
0.000033
0.000032
0.000080
0.000083
-0.000031
-0.000238
-0.000376
-0.000302
-0.000093
0.000067
0.000106
0.000093
0.000080
0.000002
-0.000194
-0.000374
-0.000366
-0.000237
-0.000207
-0.000328
-0.000378
-0.000147
0.000231
0.000414
0.000309
0.000177
0.000241
0.000471
0.000681
0.000643
0.000337
0.000038
-0.000055
-0.000010
0.000029
-0.000038
-0.000214
-0.000384
-0.000436
-0.000372
-0.000333
-0.000434
-0.000533
-0.000393
-0.000057
0.000174
0.000133
0.000010
0.000070
0.000282
0.000427
0.000397
0.000259
0.000159
0.000150
0.000148
0.000129
0.000204
0.000353
0.000361
0.000155
-0.000089
-0.000251
-0.000368
-0.000460
-0.000471
-0.000379
-0.000251
-0.000165
-0.000099
0.000017
0.000176
0.000297
0.000305
0.000163
-0.000118
-0.000412
-0.000532
-0.000398
-0.000101
0.000149
0.000166
0.000011
-0.000058
0.000065
0.000227
0.000272
0.000202
0.000138
0.000190
0.000331
0.000432
0.000415
0.000331
0.000267
0.000189
0.000030
-0.000124
-0.000131
-0.000023
-0.000016
-0.000266
-0.000626
-0.000757
-0.000566
-0.000329
-0.000295
-0.000399
-0.000401
-0.000163
0.000198
0.000453
0.000498
0.000367
0.000175
0.000067
0.000058
0.000008
-0.000125
-0.000185
-0.000073
0.000064
0.000062
0.000033
0.000194
0.000492
0.000677
0.000642
0.000485
0.000329
0.000198
0.000079
-0.000080
-0.000313
-0.000516
-0.000588
-0.000638
-0.000778
-0.000855
-0.000660
-0.000293
-0.000010
0.000087
0.000081
0.000137
0.000319
0.000458
0.000368
0.000142
0.000052
0.000145
0.000172
0.000018
-0.000092
0.000079
0.000438
0.000651
0.000550
0.000291
0.000050
-0.000145
-0.000280
-0.000320
-0.000301
-0.000296
-0.000323
-0.000331
-0.000265
-0.000125
0.000012
0.000053
0.000013
0.000014
0.000145
0.000334
0.000426
0.000337
0.000109
-0.000125
-0.000252
-0.000312
-0.000380
-0.000366
-0.000205
-0.000035
0.000030
0.000011
-0.000064
-0.000127
-0.000032
0.000228
0.000377
0.000244
0.000092
0.000188
0.000335
0.000225
-0.000086
-0.000306
-0.000287
-0.000144
-0.000021
0.000114
0.000266
0.000272
0.000066
-0.000187
-0.000300
-0.000268
-0.000220
-0.000186
-0.000090
0.000065
0.000213
0.000338
0.000408
0.000377
0.000284
0.000185
0.000108
0.000058
-0.000027
-0.000227
-0.000514
-0.000717
-0.000671
-0.000436
-0.000190
0.000035
0.000263
0.000379
0.000314
0.000160
0.000017
-0.000050
0.000028
0.000192
0.000260
0.000153
0.000007
-0.000011
0.000058
0.000083
0.000062
0.000054
0.000073
0.000127
0.000193
0.000215
0.000154
0.000020
-0.000121
-0.000243
-0.000402
-0.000611
-0.000745
-0.000659
-0.000376
-0.000097
0.000046
0.000115
0.000163
0.000164
0.000148
0.000156
0.000162
0.000187
0.000288
0.000427
0.000488
0.000413
0.000282
0.000168
0.000059
-0.000020
-0.000014
0.000020
-0.000027
-0.000189
-0.000381
-0.000465
-0.000431
-0.000384
-0.000340
-0.000217
0.000024
0.000327
0.000539
0.000505
0.000224
-0.000101
-0.000210
-0.000066
0.000112
0.000160
0.000097
-0.000014
-0.000130
-0.000203
-0.000189
-0.000116
-0.000090
-0.000172
-0.000281
-0.000302
-0.000236
-0.000147
-0.000025
0.000161
0.000309
0.000302
0.000222
0.000232
0.000324
0.000374
0.000330
0.000206
0.000048
-0.000059
-0.000057
0.000012
0.000041
-0.000011
-0.000111
-0.000215
-0.000271
-0.000272
-0.000297
-0.000368
-0.000438
-0.000462
-0.000381
-0.000188
0.000026
0.000167
0.000232
0.000319
0.000534
0.000825
0.000940
0.000695
0.000206
-0.000191
-0.000282
-0.000174
-0.000112
-0.000161
-0.000206
-0.000179
-0.000163
-0.000244
-0.000356
-0.000385
-0.000328
-0.000211
-0.000048
0.000076
0.000122
0.000172
0.000192
0.000061
-0.000126
-0.000110
0.000120
0.000295
0.000237
0.000024
-0.000157
-0.000170
-0.000030
0.000142
0.000245
0.000225
0.000110
0.000031
0.000051
0.000066
-0.000001
-0.000049
0.000043
0.000153
0.000072
-0.000129
-0.000194
-0.000055
0.000094
0.000042
-0.000190
-0.000346
-0.000248
-0.000047
0.000026
0.000005
0.000008
-0.000034
-0.000127
-0.000097
0.000077
0.000165
0.000026
-0.000178
-0.000238
-0.000183
-0.000129
-0.000044
0.000150
0.000378
0.000474
0.000398
0.000238
0.000065
-0.000025
0.000076
0.000279
0.000343
0.000171
-0.000116
-0.000333
-0.000376
-0.000282
-0.000179
-0.000179
-0.000285
-0.000373
-0.000305
-0.000100
0.000094
0.000193
0.000232
0.000233
0.000180
0.000075
-0.000023
-0.000031
0.000038
0.000059
0.000020
0.000063
0.000202
0.000277
0.000212
0.000050
-0.000157
-0.000325
-0.000331
-0.000178
-0.000075
-0.000187
-0.000371
-0.000384
-0.000239
-0.000097
0.000019
0.000167
0.000318
0.000382
0.000340
0.000298
0.000329
0.000341
0.000273
0.000216
0.000259
0.000365
0.000382
0.000175
-0.000204
-0.000567
-0.000760
-0.000720
-0.000527
-0.000375
-0.000374
-0.000407
-0.000324
-0.000149
0.000052
0.000282
0.000468
0.000482
0.000366
0.000283
0.000307
0.000368
0.000356
0.000274
0.000190
0.000064
-0.000121
-0.000206
-0.000102
0.000005
-0.000065
-0.000250
-0.000391
-0.000411
-0.000305
-0.000140
-0.000047
-0.000112
-0.000262
-0.000322
-0.000206
0.000029
0.000280
0.000429
0.000362
0.000120
-0.000072
-0.000065
0.000059
0.000151
0.000177
0.000195
0.000246
0.000281
0.000217
0.000023
-0.000241
-0.000434
-0.000408
-0.000146
0.000145
0.000187
-0.000013
-0.000192
-0.000207
-0.000065
0.000165
0.000289
0.000190
0.000016
-0.000077
-0.000105
-0.000112
-0.000093
-0.000035
0.000059
0.000126
0.000122
0.000108
0.000138
0.000153
0.000099
0.000047
0.000048
0.000013
-0.000108
-0.000216
-0.000221
-0.000149
-0.000075
-0.000032
0.000014
0.000048
0.000014
-0.000053
-0.000099
-0.000161
-0.000226
-0.000214
-0.000124
-0.000017
0.000053
0.000108
0.000224
0.000367
0.000421
0.000381
0.000299
0.000121
-0.000181
-0.000437
-0.000451
-0.000265
-0.000048
0.000098
0.000131
0.000061
-0.000021
-0.000006
0.000141
0.000297
0.000258
0.000048
-0.000104
-0.000164
-0.000284
-0.000424
-0.000390
-0.000189
-0.000035
-0.000038
-0.000070
0.000007
0.000129
0.000180
0.000191
0.000232
0.000256
0.000216
0.000167
0.000167
0.000181
0.000136
0.000044
0.000007
0.000019
-0.000056
-0.000262
-0.000473
-0.000547
-0.000453
-0.000233
0.000020
0.000170
0.000225
0.000333
0.000474
0.000435
0.000176
-0.000042
-0.000060
-0.000035
-0.000088
-0.000124
-0.000136
-0.000265
-0.000462
-0.000482
-0.000288
-0.000075
0.000047
0.000143
0.000310
0.000501
0.000545
0.000394
0.000203
0.000115
0.000109
0.000075
-0.000015
-0.000112
-0.000213
-0.000307
-0.000302
-0.000181
-0.000061
-0.000007
0.000043
0.000110
0.000082
-0.000112
-0.000323
-0.000334
-0.000149
0.000060
0.000193
0.000228
0.000199
0.000187
0.000182
0.000102
-0.000070
-0.000250
-0.000332
-0.000290
-0.000182
-0.000094
-0.000064
-0.000055
-0.000032
-0.000016
0.000012
0.000137
0.000353
0.000483
0.000386
0.000158
0.000046
0.000230
0.000564
0.000638
0.000294
-0.000235
-0.000644
-0.000709
-0.000415
-0.000052
0.000034
-0.000165
-0.000284
-0.000163
-0.000106
-0.000311
-0.000514
-0.000417
-0.000122
0.000110
0.000241
0.000308
0.000285
0.000256
0.000344
0.000527
0.000671
0.000640
0.000407
0.000099
-0.000156
-0.000376
-0.000628
-0.000851
-0.000847
-0.000562
-0.000221
0.000014
0.000230
0.000501
0.000695
0.000633
0.000367
0.000166
0.000129
0.000080
-0.000074
-0.000235
-0.000339
-0.000415
-0.000423
-0.000290
-0.000109
-0.000072
-0.000181
-0.000269
-0.000216
-0.000035
0.000156
0.000235
0.000217
0.000184
0.000144
0.000105
0.000145
0.000205
0.000119
-0.000045
-0.000049
0.000097
0.000177
0.000157
0.000183
0.000271
0.000263
0.000077
-0.000109
-0.000055
0.000181
0.000247
-0.000071
-0.000550
-0.000770
-0.000611
-0.000372
-0.000315
-0.000348
-0.000302
-0.000173
0.000006
0.000201
0.000338
0.000363
0.000314
0.000317
0.000448
0.000603
0.000637
0.000528
0.000336
0.000078
-0.000214
-0.000399
-0.000397
-0.000346
-0.000381
-0.000431
-0.000392
-0.000291
-0.000194
-0.000127
-0.000097
-0.000091
-0.000097
-0.000103
-0.000053
0.000082
0.000244
0.000349
0.000369
0.000319
0.000254
0.000212
0.000149
0.000064
0.000062
0.000200
0.000410
0.000511
0.000320
-0.000110
-0.000492
-0.000587
-0.000401
-0.000194
-0.000203
-0.000333
-0.000361
-0.000288
-0.000221
-0.000109
0.000142
0.000411
0.000444
0.000219
0.000013
-0.000006
0.000023
-0.000053
-0.000225
-0.000389
-0.000461
-0.000439
-0.000299
-0.000016
0.000269
0.000372
0.000338
0.000366
0.000513
0.000609
0.000519
0.000343
0.000232
0.000150
0.000007
-0.000199
-0.000402
-0.000531
-0.000549
-0.000457
-0.000271
-0.000022
0.000207
0.000266
0.000097
-0.000137
-0.000210
-0.000073
0.000120
0.000215
0.000216
0.000157
-0.000018
-0.000280
-0.000412
-0.000274
-0.000022
0.000112
0.000092
0.000055
0.000127
0.000280
0.000362
0.000262
0.000035
-0.000140
-0.000144
-0.000035
0.000049
0.000070
0.000036
-0.000082
-0.000217
-0.000232
-0.000163
-0.000153
-0.000175
-0.000105
0.000018
0.000043
-0.000024
-0.000030
0.000081
0.000203
0.000208
0.000094
0.000006
0.000082
0.000256
0.000304
0.000159
0.000001
-0.000043
-0.000048
-0.000123
-0.000281
-0.000407
-0.000365
-0.000156
0.000085
0.000222
0.000207
0.000122
0.000068
0.000036
-0.000019
-0.000059
-0.000062
-0.000080
-0.000102
-0.000048
0.000064
0.000114
0.000112
0.000151
0.000178
0.000079
-0.000057
-0.000064
0.000022
0.000026
-0.000098
-0.000211
-0.000170
-0.000005
0.000140
0.000182
0.000161
0.000145
0.000126
0.000085
0.000034
-0.000044
-0.000137
-0.000198
-0.000269
-0.000396
-0.000456
-0.000324
-0.000118
-0.000056
-0.000145
-0.000164
0.000016
0.000239
0.000276
0.000128
0.000005
0.000043
0.000195
0.000400
0.000624
0.000705
0.000509
0.000196
0.000018
-0.000032
-0.000093
-0.000159
-0.000167
-0.000189
-0.000302
-0.000395
-0.000310
-0.000112
0.000009
-0.000032
-0.000181
-0.000298
-0.000245
-0.000035
0.000145
0.000150
0.000062
0.000063
0.000167
0.000194
0.000020
-0.000230
-0.000299
-0.000118
