5280
0.000263
0.000206
0.000139
0.000058
0.000029
0.000082
0.000123
0.000046
-0.000122
-0.000266
-0.000304
-0.000240
-0.000163
-0.000155
-0.000183
-0.000163
-0.000103
-0.000092
-0.000138
-0.000119
0.000011
0.000124
0.000140
0.000167
0.000254
0.000294
0.000235
0.000136
0.000051
-0.000032
-0.000148
-0.000278
-0.000336
-0.000226
0.000046
0.000325
0.000418
0.000291
0.000107
0.000029
0.000049
0.000059
-0.000005
-0.000118
-0.000209
-0.000236
-0.000223
-0.000212
-0.000194
-0.000119
0.000019
0.000158
0.000236
0.000245
0.000191
0.000085
-0.000019
-0.000061
-0.000079
-0.000136
-0.000181
-0.000139
-0.000065
-0.000053
-0.000073
-0.000036
0.000037
0.000079
0.000103
0.000130
0.000152
0.000182
0.000191
0.000120
-0.000006
-0.000096
-0.000115
-0.000084
-0.000031
-0.000004
-0.000057
-0.000165
-0.000209
-0.000120
-0.000006
0.000006
-0.000040
-0.000038
0.000030
0.000117
0.000173
0.000183
0.000173
0.000163
0.000161
0.000140
0.000059
-0.000060
-0.000151
-0.000185
-0.000177
-0.000168
-0.000164
-0.000098
0.000041
0.000143
0.000127
0.000037
-0.000017
0.000018
0.000056
-0.000022
-0.000166
-0.000192
-0.000047
0.000124
0.000174
0.000108
0.000012
-0.000063
-0.000130
-0.000215
-0.000263
-0.000175
-0.000003
0.000087
0.000062
0.000042
0.000075
0.000074
0.000018
0.000011
0.000075
0.000109
0.000089
0.000108
0.000187
0.000211
0.000125
0.000009
-0.000047
-0.000046
-0.000047
-0.000040
0.000016
0.000060
0.000030
-0.000004
0.000018
0.000029
-0.000028
-0.000077
-0.000039
0.000014
-0.000042
-0.000187
-0.000287
-0.000263
-0.000144
0.000011
0.000145
0.000195
0.000118
-0.000063
-0.000215
-0.000180
0.000012
0.000158
0.000171
0.000102
-0.000007
-0.000098
-0.000077
0.000005
-0.000022
-0.000122
-0.000091
0.000046
0.000107
0.000096
0.000125
0.000166
0.000105
-0.000046
-0.000166
-0.000196
-0.000160
-0.000066
0.000083
0.000232
0.000311
0.000298
0.000208
0.000092
0.000021
0.000019
0.000010
-0.000076
-0.000181
-0.000229
-0.000205
-0.000105
0.000043
0.000129
0.000098
0.000020
-0.000054
-0.000151
-0.000231
-0.000222
-0.000145
-0.000062
-0.000002
0.000023
-0.000009
-0.000112
-0.000186
-0.000067
0.000220
0.000407
0.000338
0.000165
0.000088
0.000088
0.000072
0.000047
0.000037
0.000009
-0.000004
0.000065
0.000121
0.000033
-0.000117
-0.000195
-0.000231
-0.000277
-0.000276
-0.000178
-0.000040
0.000041
0.000034
0.000028
0.000065
0.000032
-0.000088
-0.000132
-0.000053
0.000033
0.000071
0.000102
0.000128
0.000098
0.000030
0.000035
0.000130
0.000166
0.000107
0.000090
0.000132
0.000104
0.000004
-0.000021
0.000041
0.000038
-0.000082
-0.000179
-0.000140
-0.000035
0.000002
-0.000061
-0.000171
-0.000238
-0.000161
0.000033
0.000176
0.000180
0.000118
0.000038
-0.000089
-0.000205
-0.000204
-0.000146
-0.000140
-0.000111
0.000037
0.000182
0.000148
0.000021
0.000038
0.000209
0.000321
0.000249
0.000065
-0.000061
-0.000036
0.000026
-0.000015
-0.000085
-0.000067
-0.000055
-0.000140
-0.000181
-0.000078
0.000043
0.000070
0.000028
-0.000006
-0.000016
-0.000076
-0.000209
-0.000278
-0.000157
0.000072
0.000240
0.000301
0.000304
0.000261
0.000178
0.000099
0.000039
-0.000001
-0.000013
-0.000036
-0.000087
-0.000141
-0.000213
-0.000299
-0.000328
-0.000260
-0.000116
0.000060
0.000183
0.000179
0.000062
-0.000056
-0.000048
0.000073
0.000143
0.000090
0.000022
0.000027
0.000047
0.000031
0.000022
0.000041
0.000061
0.000071
0.000062
0.000057
0.000107
0.000160
0.000088
-0.000085
-0.000193
-0.000177
-0.000151
-0.000181
-0.000166
-0.000053
0.000037
0.000040
0.000044
0.000076
0.000068
0.000024
-0.000021
-0.000088
-0.000166
-0.000153
-0.000037
0.000017
-0.000063
-0.000125
-0.000038
0.000152
0.000293
0.000269
0.000123
-0.000006
-0.000044
-0.000011
0.000048
0.000090
0.000121
0.000175
0.000173
0.000023
-0.000171
-0.000263
-0.000272
-0.000259
-0.000214
-0.000094
0.000089
0.000245
0.000296
0.000233
0.000105
-0.000044
-0.000178
-0.000204
-0.000076
0.000059
0.000039
-0.000049
-0.000016
0.000108
0.000165
0.000133
0.000043
-0.000119
-0.000257
-0.000204
0.000003
0.000165
0.000161
0.000031
-0.000111
-0.000205
-0.000233
-0.000200
-0.000136
-0.000047
0.000044
0.000050
-0.000037
-0.000070
0.000061
0.000255
0.000333
0.000279
0.000209
0.000161
0.000074
-0.000046
-0.000089
-0.000031
0.000037
0.000068
0.000075
0.000039
-0.000041
-0.000124
-0.000170
-0.000177
-0.000164
-0.000147
-0.000145
-0.000145
-0.000076
0.000074
0.000175
0.000150
0.000086
0.000058
0.000031
-0.000016
-0.000036
-0.000032
-0.000070
-0.000152
-0.000183
-0.000129
-0.000035
0.000089
0.000213
0.000243
0.000175
0.000114
0.000094
0.000077
0.000078
0.000103
0.000065
-0.000062
-0.000155
-0.000140
-0.000082
-0.000047
-0.000026
-0.000034
-0.000072
-0.000066
0.000034
0.000152
0.000154
0.000037
-0.000085
-0.000149
-0.000145
-0.000043
0.000110
0.000185
0.000095
-0.000132
-0.000342
-0.000358
-0.000181
0.000009
0.000086
0.000084
0.000053
-0.000010
-0.000049
0.000012
0.000105
0.000108
0.000025
-0.000045
-0.000008
0.000131
0.000228
0.000170
0.000027
-0.000081
-0.000105
-0.000030
0.000096
0.000211
0.000324
0.000411
0.000349
0.000093
-0.000193
-0.000314
-0.000299
-0.000307
-0.000391
-0.000479
-0.000468
-0.000298
-0.000067
0.000058
0.000081
0.000137
0.000249
0.000312
0.000299
0.000273
0.000224
0.000091
-0.000055
-0.000061
0.000050
0.000087
0.000000
-0.000081
-0.000084
-0.000054
-0.000028
0.000023
0.000103
0.000147
0.000074
-0.000098
-0.000200
-0.000105
0.000050
0.000061
-0.000042
-0.000112
-0.000118
-0.000107
-0.000110
-0.000110
-0.000051
0.000035
0.000018
-0.000075
-0.000048
0.000091
0.000097
-0.000042
-0.000060
0.000077
0.000125
0.000055
0.000038
0.000056
0.000015
-0.000005
0.000051
0.000081
0.000033
-0.000004
0.000032
0.000093
0.000101
0.000034
-0.000056
-0.000082
-0.000045
-0.000027
-0.000052
-0.000081
-0.000074
-0.000020
0.000033
0.000070
0.000142
0.000186
0.000074
-0.000082
-0.000057
0.000094
0.000153
0.000084
-0.000066
-0.000303
-0.000501
-0.000459
-0.000220
-0.000039
-0.000006
0.000020
0.000124
0.000217
0.000206
0.000116
0.000063
0.000117
0.000191
0.000175
0.000080
-0.000022
-0.000055
0.000012
0.000087
0.000076
0.000046
0.000101
0.000202
0.000226
0.000116
-0.000090
-0.000301
-0.000426
-0.000418
-0.000313
-0.000207
-0.000135
-0.000030
0.000103
0.000143
0.000066
-0.000015
-0.000035
-0.000027
-0.000035
-0.000057
-0.000031
0.000071
0.000203
0.000274
0.000206
0.000077
0.000092
0.000252
0.000304
0.000150
0.000017
0.000032
-0.000001
-0.000159
-0.000232
-0.000158
-0.000102
-0.000114
-0.000103
-0.000052
-0.000024
-0.000057
-0.000121
-0.000167
-0.000155
-0.000097
-0.000080
-0.000146
-0.000146
0.000041
0.000228
0.000184
0.000024
-0.000040
-0.000022
-0.000037
-0.000110
-0.000161
-0.000056
0.000180
0.000281
0.000128
-0.000011
0.000104
0.000347
0.000492
0.000458
0.000240
-0.000088
-0.000345
-0.000384
-0.000226
0.000008
0.000164
0.000102
-0.000125
-0.000283
-0.000261
-0.000175
-0.000121
-0.000040
0.000109
0.000219
0.000193
0.000124
0.000100
0.000019
-0.000174
-0.000297
-0.000219
-0.000059
0.000021
0.000011
-0.000013
0.000012
0.000088
0.000140
0.000090
0.000001
0.000018
0.000131
0.000142
-0.000003
-0.000057
0.000093
0.000185
0.000043
-0.000137
-0.000180
-0.000153
-0.000123
-0.000054
0.000030
0.000008
-0.000139
-0.000229
-0.000112
0.000090
0.000136
0.000007
-0.000087
-0.000033
0.000053
0.000057
0.000041
0.000114
0.000235
0.000268
0.000169
-0.000001
-0.000150
-0.000184
-0.000080
0.000080
0.000205
0.000218
0.000106
-0.000010
-0.000030
-0.000017
-0.000062
-0.000146
-0.000208
-0.000239
-0.000237
-0.000156
0.000012
0.000170
0.000218
0.000152
0.000019
-0.000107
-0.000158
-0.000116
-0.000002
0.000125
0.000213
0.000262
0.000244
0.000127
-0.000060
-0.000247
-0.000340
-0.000299
-0.000230
-0.000224
-0.000196
-0.000059
0.000110
0.000186
0.000186
0.000224
0.000318
0.000356
0.000276
0.000193
0.000193
0.000149
-0.000018
-0.000163
-0.000224
-0.000313
-0.000434
-0.000487
-0.000456
-0.000386
-0.000285
-0.000140
0.000039
0.000207
0.000324
0.000361
0.000300
0.000191
0.000126
0.000102
0.000065
0.000030
0.000048
0.000109
0.000150
0.000145
0.000118
0.000071
0.000005
-0.000066
-0.000158
-0.000289
-0.000413
-0.000463
-0.000407
-0.000254
-0.000063
0.000082
0.000119
0.000088
0.000108
0.000225
0.000333
0.000306
0.000160
0.000019
-0.000045
-0.000023
0.000055
0.000113
0.000081
0.000022
0.000065
0.000190
0.000273
0.000302
0.000317
0.000228
-0.000002
-0.000157
-0.000088
0.000037
0.000026
-0.000086
-0.000176
-0.000187
-0.000133
-0.000061
-0.000035
-0.000074
-0.000103
-0.000079
-0.000109
-0.000265
-0.000402
-0.000362
-0.000217
-0.000140
-0.000121
-0.000048
0.000061
0.000124
0.000163
0.000193
0.000140
0.000014
-0.000074
-0.000060
0.000021
0.000083
0.000076
0.000038
0.000039
0.000093
0.000141
0.000122
0.000057
0.000023
0.000047
0.000082
0.000102
0.000117
0.000091
-0.000009
-0.000097
-0.000052
0.000081
0.000129
0.000047
-0.000050
-0.000085
-0.000116
-0.000194
-0.000253
-0.000261
-0.000305
-0.000390
-0.000365
-0.000160
0.000078
0.000184
0.000142
0.000068
0.000092
0.000186
0.000201
0.000119
0.000073
0.000104
0.000106
0.000037
-0.000010
0.000018
0.000073
0.000136
0.000210
0.000229
0.000129
-0.000103
-0.000446
-0.000770
-0.000825
-0.000542
-0.000246
-0.000234
-0.000335
-0.000200
0.000241
0.000781
0.001117
0.000988
0.000487
0.000120
0.000188
0.000421
0.000451
0.000194
-0.000213
-0.000435
-0.000184
0.000313
0.000572
0.000543
0.000549
0.000689
0.000762
0.000603
0.000192
-0.000364
-0.000771
-0.000771
-0.000529
-0.000450
-0.000613
-0.000784
-0.000856
-0.000863
-0.000800
-0.000694
-0.000648
-0.000650
-0.000561
-0.000332
-0.000049
0.000168
0.000218
0.000135
0.000115
0.000251
0.000401
0.000443
0.000449
0.000492
0.000546
0.000574
0.000559
0.000483
0.000414
0.000472
0.000582
0.000497
0.000230
0.000057
0.000049
0.000042
-0.000007
-0.000046
-0.000137
-0.000283
-0.000316
-0.000187
-0.000123
-0.000269
-0.000391
-0.000275
-0.000139
-0.000231
-0.000445
-0.000622
-0.000690
-0.000555
-0.000281
-0.000124
-0.000178
-0.000251
-0.000174
-0.000000
0.000145
0.000214
0.000226
0.000244
0.000313
0.000394
0.000434
0.000425
0.000375
0.000314
0.000313
0.000382
0.000400
0.000320
0.000265
0.000263
0.000230
0.000177
0.000119
-0.000002
-0.000106
-0.000027
0.000094
-0.000038
-0.000282
-0.000297
-0.000183
-0.000225
-0.000349
-0.000360
-0.000331
-0.000439
-0.000595
-0.000536
-0.000282
-0.000138
-0.000171
-0.000151
-0.000050
-0.000056
-0.000081
0.000019
-0.000061
-0.000501
-0.000756
-0.000470
-0.000199
-0.000321
-0.000360
-0.000130
-0.000124
-0.000226
0.000295
0.001210
0.001441
0.000923
0.000626
0.000750
0.000698
0.000551
0.000700
0.000669
0.000100
-0.000188
0.000342
0.000851
0.000710
0.000507
0.000615
0.000555
0.000245
0.000154
0.000203
-0.000036
-0.000422
-0.000590
-0.000669
-0.000909
-0.001144
-0.001144
-0.001071
-0.001159
-0.001294
-0.001251
-0.001068
-0.000913
-0.000804
-0.000598
-0.000268
-0.000021
0.000075
0.000263
0.000608
0.000816
0.000791
0.000749
0.000727
0.000648
0.000662
0.000825
0.000878
0.000679
0.000383
0.000136
0.000037
0.000243
0.000591
0.000540
0.000011
-0.000313
-0.000045
0.000302
0.000232
-0.000054
-0.000258
-0.000410
-0.000463
-0.000311
-0.000220
-0.000423
-0.000608
-0.000514
-0.000425
-0.000498
-0.000394
-0.000067
0.000053
-0.000106
-0.000139
-0.000001
-0.000095
-0.000401
-0.000450
-0.000246
-0.000166
-0.000129
0.000132
0.000378
0.000298
0.000177
0.000360
0.000586
0.000530
0.000371
0.000335
0.000345
0.000331
0.000329
0.000287
0.000110
-0.000089
-0.000088
0.000048
0.000077
0.000069
0.000231
0.000422
0.000375
0.000163
0.000008
-0.000077
-0.000159
-0.000207
-0.000244
-0.000377
-0.000528
-0.000502
-0.000343
-0.000271
-0.000317
-0.000297
-0.000142
0.000009
0.000038
-0.000035
-0.000117
-0.000126
-0.000093
-0.000118
-0.000214
-0.000299
-0.000302
-0.000238
-0.000120
0.000081
0.000274
0.000251
-0.000009
-0.000308
-0.000446
-0.000321
-0.000073
-0.000066
-0.000364
-0.000611
-0.000617
-0.000437
0.000070
0.000905
0.001412
0.001117
0.000704
0.000895
0.001186
0.000961
0.000610
0.000438
0.000075
-0.000321
-0.000054
0.000567
0.000560
0.000101
0.000112
0.000486
0.000536
0.000411
0.000487
0.000396
-0.000123
-0.000585
-0.000691
-0.000799
-0.001148
-0.001476
-0.001484
-0.001202
-0.000935
-0.000926
-0.001027
-0.000916
-0.000593
-0.000285
-0.000056
0.000096
0.000109
0.000095
0.000269
0.000529
0.000580
0.000460
0.000427
0.000518
0.000613
0.000654
0.000631
0.000626
0.000724
0.000781
0.000626
0.000384
0.000223
0.000106
0.000053
0.000175
0.000324
0.000262
0.000098
0.000038
-0.000017
-0.000232
-0.000507
-0.000671
-0.000719
-0.000686
-0.000580
-0.000467
-0.000447
-0.000517
-0.000586
-0.000540
-0.000322
-0.000049
0.000064
-0.000029
-0.000165
-0.000187
-0.000095
0.000007
0.000072
0.000160
0.000313
0.000446
0.000463
0.000403
0.000331
0.000218
0.000083
0.000033
0.000109
0.000227
0.000265
0.000205
0.000154
0.000164
0.000194
0.000226
0.000243
0.000247
0.000269
0.000278
0.000238
0.000220
0.000284
0.000308
0.000124
-0.000212
-0.000433
-0.000394
-0.000298
-0.000390
-0.000523
-0.000452
-0.000305
-0.000286
-0.000297
-0.000249
-0.000271
-0.000359
-0.000317
-0.000170
-0.000137
-0.000204
-0.000183
-0.000059
0.000070
0.000211
0.000349
0.000314
0.000021
-0.000348
-0.000561
-0.000574
-0.000453
-0.000290
-0.000274
-0.000497
-0.000763
-0.000803
-0.000459
0.000330
0.001231
0.001524
0.001078
0.000722
0.000969
0.001268
0.001092
0.000672
0.000263
-0.000153
-0.000288
0.000151
0.000669
0.000640
0.000382
0.000495
0.000780
0.000835
0.000795
0.000711
0.000289
-0.000327
-0.000626
-0.000644
-0.000808
-0.001108
-0.001274
-0.001312
-0.001356
-0.001401
-0.001386
-0.001306
-0.001204
-0.001052
-0.000776
-0.000475
-0.000328
-0.000249
-0.000008
0.000336
0.000537
0.000597
0.000691
0.000812
0.000825
0.000782
0.000782
0.000755
0.000716
0.000832
0.001054
0.001129
0.000975
0.000731
0.000486
0.000236
0.000012
-0.000142
-0.000228
-0.000195
-0.000033
0.000047
-0.000139
-0.000422
-0.000515
-0.000465
-0.000555
-0.000804
-0.000975
-0.000997
-0.000969
-0.000842
-0.000555
-0.000345
-0.000389
-0.000415
-0.000185
0.000095
0.000182
0.000112
-0.000031
-0.000201
-0.000238
-0.000009
0.000330
0.000513
0.000566
0.000707
0.000900
0.000963
0.000994
0.001121
0.001171
0.001010
0.000811
0.000696
0.000555
0.000297
-0.000028
-0.000360
-0.000620
-0.000694
-0.000614
-0.000551
-0.000552
-0.000503
-0.000408
-0.000438
-0.000649
-0.000857
-0.000897
-0.000792
-0.000646
-0.000537
-0.000487
-0.000440
-0.000309
-0.000072
0.000176
0.000294
0.000278
0.000286
0.000412
0.000568
0.000655
0.000694
0.000737
0.000773
0.000769
0.000770
0.000771
0.000566
0.000004
-0.000779
-0.001580
-0.002289
-0.002854
-0.003372
-0.004010
-0.004595
-0.004570
-0.003605
-0.001880
0.000381
0.003090
0.005708
0.007334
0.007889
0.008339
0.009205
0.009656
0.008566
0.005877
0.002557
-0.000386
-0.002663
-0.004722
-0.006920
-0.008707
-0.009248
-0.008639
-0.007568
-0.006184
-0.004376
-0.002564
-0.001181
-0.000032
0.001154
0.002088
0.002327
0.001858
0.001089
0.000524
0.000334
0.000185
-0.000182
-0.000415
0.000022
0.001065
0.002076
0.002674
0.003153
0.003838
0.004425
0.004414
0.003848
0.003107
0.002255
0.001108
-0.000303
-0.001703
-0.002836
-0.003607
-0.004028
-0.004060
-0.003610
-0.002736
-0.001758
-0.000987
-0.000391
0.000190
0.000631
0.000690
0.000423
0.000055
-0.000353
-0.000810
-0.001172
-0.001277
-0.001166
-0.000918
-0.000451
0.000276
0.001042
0.001590
0.001951
0.002275
0.002466
0.002322
0.001884
0.001335
0.000748
0.000186
-0.000241
-0.000528
-0.000706
-0.000634
-0.000206
0.000314
0.000587
0.000660
0.000704
0.000579
0.000103
-0.000546
-0.001127
-0.001667
-0.002152
-0.002387
-0.002349
-0.002193
-0.001870
-0.001205
-0.000348
0.000346
0.000797
0.001151
0.001450
0.001629
0.001606
0.001342
0.000955
0.000653
0.000466
0.000275
0.000109
0.000103
0.000262
0.000502
0.000783
0.001058
0.001162
0.000894
0.000255
-0.000477
-0.001023
-0.001369
-0.001602
-0.001646
-0.001371
-0.000853
-0.000332
0.000021
0.000218
0.000399
0.000614
0.000592
0.000089
-0.000651
-0.001327
-0.002100
-0.003092
-0.003933
-0.004382
-0.004789
-0.005370
-0.005519
-0.004356
-0.001843
0.001222
0.004456
0.008138
0.011765
0.013829
0.013897
0.013360
0.013122
0.012048
0.008684
0.003305
-0.002364
-0.006737
-0.009565
-0.011723
-0.013629
-0.014454
-0.013435
-0.011012
-0.008033
-0.004888
-0.001947
0.000237
0.001484
0.002077
0.002382
0.002542
0.002213
0.001002
-0.000436
-0.000735
0.000323
0.001526
0.002164
0.002865
0.004229
0.005877
0.006996
0.007112
0.006381
0.005264
0.003876
0.002023
-0.000147
-0.002116
-0.003583
-0.004578
-0.005061
-0.004868
-0.004043
-0.002971
-0.002066
-0.001381
-0.000636
0.000159
0.000400
-0.000242
-0.001099
-0.001393
-0.001326
-0.001573
-0.002144
-0.002351
-0.001730
-0.000579
0.000478
0.001317
0.002234
0.003164
0.003661
0.003605
0.003239
0.002628
0.001654
0.000468
-0.000476
-0.000917
-0.001050
-0.001167
-0.001180
-0.000737
0.000161
0.000970
0.001253
0.001235
0.001326
0.001362
0.000856
-0.000170
-0.001154
-0.001769
-0.002197
-0.002572
-0.002673
-0.002301
-0.001658
-0.001107
-0.000697
-0.000241
0.000276
0.000657
0.000790
0.000803
0.000839
0.000831
0.000664
0.000399
0.000273
0.000490
0.000912
0.001167
0.001147
0.001158
0.001406
0.001561
0.001217
0.000516
-0.000104
-0.000501
-0.000841
-0.001191
-0.001391
-0.001342
-0.001191
-0.001143
-0.001144
-0.000839
-0.000096
0.000619
0.000872
0.000860
0.000879
0.000743
0.000228
-0.000427
-0.000893
-0.001298
-0.002066
-0.003246
-0.004222
-0.004423
-0.004267
-0.004755
-0.005873
-0.006041
-0.003915
-0.000331
0.002799
0.005412
0.009065
0.013471
0.016024
0.015693
0.014459
0.013712
0.012003
0.007671
0.001485
-0.004313
-0.008327
-0.010986
-0.013447
-0.015553
-0.015765
-0.013575
-0.010458
-0.007642
-0.004730
-0.001459
0.001070
0.001904
0.001649
0.001574
0.001958
0.001855
0.000650
-0.000621
-0.000327
0.001562
0.003468
0.004471
0.005332
0.006849
0.008346
0.008539
0.007237
0.005374
0.003545
0.001407
-0.001197
-0.003472
-0.004697
-0.005197
-0.005501
-0.005366
-0.004328
-0.002616
-0.001055
-0.000257
-0.000010
0.000310
0.000604
-0.000002
-0.001626
-0.003017
-0.003234
-0.002929
-0.002940
-0.002742
-0.001446
0.000581
0.002247
0.003209
0.003880
0.004470
0.004657
0.004110
0.003017
0.001921
0.001060
0.000134
-0.001058
-0.002044
-0.002231
-0.001794
-0.001330
-0.000877
-0.000126
0.000692
0.001023
0.000867
0.000695
0.000681
0.000507
-0.000066
-0.000726
-0.000961
-0.000796
-0.000744
-0.001027
-0.001263
-0.001035
-0.000512
-0.000261
-0.000477
-0.000744
-0.000710
-0.000549
-0.000545
-0.000623
-0.000529
-0.000193
0.000275
0.000777
0.001322
0.001903
0.002303
0.002309
0.002004
0.001568
0.000996
0.000268
-0.000486
-0.001052
-0.001314
-0.001321
-0.001116
-0.000681
-0.000150
0.000243
0.000463
0.000659
0.000803
0.000575
-0.000196
-0.001074
-0.001391
-0.001213
-0.001293
-0.001797
-0.001936
-0.001254
-0.000365
0.000053
0.000298
0.001063
0.002159
0.002421
0.001048
-0.001202
-0.002701
-0.003090
-0.003776
-0.005636
-0.007438
-0.007377
-0.005094
-0.001652
0.001844
0.005437
0.009800
0.014260
0.016696
0.016337
0.014793
0.013140
0.010200
0.004940
-0.001422
-0.006842
-0.010541
-0.012954
-0.014495
-0.014853
-0.013486
-0.010736
-0.007698
-0.004858
-0.001952
0.000715
0.002087
0.001728
0.000545
-0.000150
-0.000083
-0.000112
-0.000685
-0.000872
0.000388
0.002722
0.004939
0.006621
0.008021
0.009000
0.009045
0.007920
0.005869
0.003429
0.000964
-0.001584
-0.004060
-0.005676
-0.005908
-0.005261
-0.004526
-0.003724
-0.002396
-0.000680
0.000591
0.000922
0.000616
0.000032
-0.000942
-0.002320
-0.003601
-0.004281
-0.004231
-0.003487
-0.002144
-0.000427
0.001443
0.003306
0.004851
0.005675
0.005737
0.005361
0.004637
0.003299
0.001411
-0.000378
-0.001594
-0.002387
-0.002945
-0.003079
-0.002627
-0.001788
-0.000925
-0.000300
0.000076
0.000387
0.000671
0.000708
0.000401
-0.000019
-0.000321
-0.000541
-0.000730
-0.000722
-0.000402
0.000062
0.000448
0.000682
0.000794
0.000824
0.000722
0.000353
-0.000268
-0.000846
-0.001156
-0.001319
-0.001442
-0.001333
-0.000837
-0.000108
0.000575
0.001083
0.001496
0.001839
0.001879
0.001424
0.000706
0.000113
-0.000258
-0.000500
-0.000594
-0.000471
-0.000207
0.000051
0.000302
0.000596
0.000858
0.000928
0.000658
0.000012
-0.000763
-0.001264
-0.001482
-0.001892
-0.002546
-0.002632
-0.001637
-0.000349
0.000237
0.000359
0.000854
0.001686
0.002018
0.001527
0.000863
0.000523
-0.000083
-0.001558
-0.003126
-0.003593
-0.003252
-0.003443
-0.004461
-0.005055
-0.003970
-0.001336
0.001606
0.004056
0.006531
0.009603
0.012284
0.012996
0.011863
0.010400
0.008951
0.006228
0.001743
-0.003036
-0.006521
-0.008697
-0.010401
-0.011712
-0.011804
-0.010280
-0.007915
-0.005740
-0.003913
-0.002047
-0.000349
0.000349
-0.000165
-0.000879
-0.000768
-0.000151
0.000001
-0.000213
0.000349
0.002138
0.004263
0.005781
0.006711
0.007435
0.007869
0.007577
0.006351
0.004522
0.002604
0.000692
-0.001390
-0.003285
-0.004206
-0.004063
-0.003663
-0.003518
-0.003232
-0.002377
-0.001356
-0.000893
-0.001097
-0.001630
-0.002435
-0.003559
-0.004451
-0.004401
-0.003613
-0.002715
-0.001454
0.000694
0.003119
0.004838
0.005901
0.006706
0.006926
0.006137
0.004598
0.002772
0.000864
-0.000897
-0.002207
-0.003034
-0.003476
-0.003436
-0.002899
-0.002140
-0.001333
-0.000455
0.000235
0.000287
-0.000203
-0.000609
-0.000708
-0.000911
-0.001351
-0.001556
-0.001241
-0.000616
0.000163
0.001109
0.002012
0.002511
0.002559
0.002377
0.002034
0.001458
0.000667
-0.000231
-0.001035
-0.001434
-0.001312
-0.001015
-0.000941
-0.000966
-0.000720
-0.000225
0.000159
0.000245
0.000157
0.000042
-0.000138
-0.000391
-0.000531
-0.000444
-0.000227
0.000065
0.000455
0.000871
0.001226
0.001479
0.001517
0.001235
0.000727
0.000179
-0.000347
-0.000881
-0.001417
-0.001877
-0.002089
-0.001841
-0.001158
-0.000403
0.000107
0.000424
0.000766
0.001150
0.001348
0.001141
0.000546
-0.000145
-0.000609
-0.000962
-0.001606
-0.002391
-0.002651
-0.002241
-0.001760
-0.001661
-0.001906
-0.002311
-0.002362
-0.001304
0.000684
0.002401
0.003570
0.005315
0.007845
0.009724
0.010165
0.009855
0.009090
0.007292
0.004361
0.000850
-0.002774
-0.006062
-0.008551
-0.010191
-0.011082
-0.010941
-0.009577
-0.007487
-0.005329
-0.003316
-0.001459
0.000024
0.000819
0.000912
0.000696
0.000511
0.000359
0.000282
0.000597
0.001440
0.002526
0.003597
0.004649
0.005666
0.006482
0.006845
0.006535
0.005544
0.004107
0.002459
0.000648
-0.001262
-0.002898
-0.003853
-0.004194
-0.004283
-0.004200
-0.003756
-0.003001
-0.002290
-0.001848
-0.001625
-0.001592
-0.001790
-0.002176
-0.002716
-0.003196
-0.002922
-0.001554
0.000031
0.001069
0.002284
0.004340
0.006210
0.006747
0.006444
0.006160
0.005524
0.003893
0.001660
-0.000396
-0.002091
-0.003518
-0.004556
-0.005051
-0.004936
-0.004195
-0.003067
-0.002072
-0.001424
-0.000783
-0.000030
0.000331
0.000113
-0.000070
0.000112
0.000216
0.000105
0.000302
0.000927
0.001458
0.001700
0.001981
0.002384
0.002588
0.002410
0.001955
0.001336
0.000650
-0.000027
-0.000769
-0.001535
-0.001934
-0.001776
-0.001420
-0.001171
-0.000898
-0.000499
-0.000229
-0.000296
-0.000528
-0.000703
-0.000858
-0.001035
-0.001117
-0.001002
-0.000660
-0.000118
0.000437
0.000791
0.001085
0.001596
0.002090
0.002028
0.001505
0.001221
0.001282
0.000930
-0.000037
-0.000710
-0.000603
-0.000425
-0.000680
-0.000861
-0.000614
-0.000396
-0.000502
-0.000632
-0.000720
-0.001030
-0.001378
-0.001418
-0.001507
-0.001995
-0.002222
-0.001641
-0.000960
-0.000796
-0.000531
0.000191
0.000425
-0.000208
-0.000309
0.001119
0.002927
0.003766
0.004167
0.005216
0.006589
0.007190
0.006639
0.005295
0.003606
0.001860
-0.000025
-0.002379
-0.004860
-0.006417
-0.006853
-0.007152
-0.007523
-0.006879
-0.004977
-0.003179
-0.002316
-0.001590
-0.000309
0.000820
0.000949
0.000482
0.000300
0.000486
0.000619
0.000642
0.000833
0.001406
0.002349
0.003329
0.003944
0.004273
0.004606
0.004665
0.003948
0.002683
0.001594
0.000796
-0.000234
-0.001541
-0.002445
-0.002634
-0.002560
-0.002612
-0.002658
-0.002459
-0.002052
-0.001723
-0.001808
-0.002332
-0.002786
-0.002636
-0.002047
-0.001476
-0.000764
0.000491
0.001978
0.003044
0.003713
0.004405
0.004904
0.004561
0.003378
0.002025
0.000820
-0.000454
-0.001748
-0.002664
-0.003058
-0.003011
-0.002546
-0.001824
-0.001093
-0.000363
0.000312
0.000562
0.000285
-0.000049
-0.000232
-0.000665
-0.001388
-0.001753
-0.001447
-0.000908
-0.000426
0.000273
0.001316
0.002348
0.003018
0.003210
0.002930
0.002346
0.001642
0.000791
-0.000226
-0.001133
-0.001611
-0.001677
-0.001567
-0.001324
-0.000848
-0.000350
-0.000193
-0.000265
-0.000161
0.000021
-0.000192
-0.000763
-0.001160
-0.001167
-0.001012
-0.000813
-0.000476
-0.000015
0.000485
0.001046
0.001559
0.001751
0.001653
0.001525
0.001299
0.000815
0.000367
0.000244
0.000121
-0.000350
-0.000790
-0.000661
-0.000202
0.000008
-0.000039
-0.000055
-0.000123
-0.000474
-0.001026
-0.001550
-0.001921
-0.002016
-0.001776
-0.001468
-0.001414
-0.001413
-0.000975
-0.000190
0.000276
0.000244
0.000324
0.000753
0.000905
0.000482
0.000202
0.000687
0.001498
0.001922
0.002102
0.002734
0.003958
0.005045
0.005267
0.004772
0.004159
0.003356
0.001772
-0.000491
-0.002554
-0.003917
-0.004846
-0.005589
-0.005923
-0.005638
-0.004858
-0.003807
-0.002688
-0.001678
-0.000789
-0.000026
0.000303
-0.000052
-0.000675
-0.000835
-0.000502
-0.000246
-0.000111
0.000456
0.001520
0.002512
0.003217
0.003926
0.004573
0.004643
0.003984
0.002968
0.001972
0.001142
0.000414
-0.000382
-0.001167
-0.001577
-0.001606
-0.001726
-0.001989
-0.001858
-0.001264
-0.000869
-0.001046
-0.001456
-0.001810
-0.002276
-0.002816
-0.002903
-0.002380
-0.001781
-0.001318
-0.000406
0.001206
0.002746
0.003505
0.003755
0.003954
0.003919
0.003323
0.002312
0.001239
0.000267
-0.000613
-0.001391
-0.001888
-0.001889
-0.001509
-0.001151
-0.000993
-0.000784
-0.000336
0.000008
-0.000206
-0.000830
-0.001368
-0.001690
-0.001933
-0.002011
-0.001765
-0.001255
-0.000542
0.000451
0.001609
0.002556
0.003060
0.003119
0.002756
0.002127
0.001522
0.000941
0.000175
-0.000613
-0.000953
-0.000837
-0.000723
-0.000688
-0.000375
0.000175
0.000500
0.000448
0.000183
-0.000341
-0.001147
-0.001839
-0.002110
-0.002166
-0.002141
-0.001728
-0.000845
0.000068
0.000738
0.001346
0.001959
0.002325
0.002275
0.001860
0.001224
0.000622
0.000213
-0.000206
-0.000740
-0.001045
-0.000948
-0.000786
-0.000724
-0.000436
0.000191
0.000635
0.000448
-0.000090
-0.000469
-0.000692
-0.001036
-0.001417
-0.001497
-0.001148
-0.000518
0.000049
0.000205
0.000076
0.000194
0.000635
0.000805
0.000383
-0.000170
-0.000358
-0.000312
-0.000332
-0.000323
-0.000016
0.000614
0.001367
0.002004
0.002407
0.002711
0.003104
0.003361
0.002970
0.001973
0.001056
0.000409
-0.000529
-0.001783
-0.002566
-0.002710
-0.002895
-0.003231
-0.003085
-0.002365
-0.001691
-0.001344
-0.001068
-0.000783
-0.000622
-0.000501
-0.000369
-0.000387
-0.000438
-0.000201
0.000171
0.000325
0.000498
0.001104
0.001792
0.001952
0.001795
0.001879
0.002016
0.001713
0.001159
0.000820
0.000660
0.000460
0.000257
0.000083
-0.000130
-0.000285
-0.000302
-0.000411
-0.000818
-0.001346
-0.001691
-0.001699
-0.001428
-0.001186
-0.001211
-0.001214
-0.000762
-0.000023
0.000487
0.000675
0.000813
0.000963
0.000912
0.000604
0.000300
0.000197
0.000155
0.000001
-0.000160
-0.000128
0.000113
0.000406
0.000576
0.000633
0.000749
0.000872
0.000675
0.000148
-0.000307
-0.000603
-0.001045
-0.001552
-0.001671
-0.001393
-0.001105
-0.000865
-0.000444
0.000137
0.000691
0.001152
0.001476
0.001588
0.001536
0.001431
0.001200
0.000691
0.000018
-0.000528
-0.000847
-0.001051
-0.001145
-0.001018
-0.000751
-0.000494
-0.000185
0.000209
0.000457
0.000448
0.000417
0.000508
0.000484
0.000183
-0.000155
-0.000293
-0.000311
-0.000308
-0.000229
-0.000119
-0.000133
-0.000163
0.000035
0.000293
0.000284
0.000129
0.000084
0.000018
-0.000213
-0.000376
-0.000267
-0.000044
0.000061
0.000032
-0.000053
-0.000180
-0.000311
-0.000335
-0.000286
-0.000347
-0.000420
-0.000164
0.000372
0.000735
0.000761
0.000711
0.000744
0.000747
0.000617
0.000339
-0.000153
-0.000762
-0.001140
-0.001253
-0.001514
-0.001928
-0.001938
-0.001372
-0.000623
0.000116
0.000975
0.001873
0.002472
0.002630
0.002507
0.002256
0.001848
0.001282
0.000725
0.000266
-0.000199
-0.000614
-0.000760
-0.000679
-0.000627
-0.000639
-0.000632
-0.000709
-0.000895
-0.000929
-0.000779
-0.000839
-0.001182
-0.001348
-0.001168
-0.000996
-0.000947
-0.000750
-0.000394
-0.000133
0.000071
0.000399
0.000712
0.000800
0.000814
0.000956
0.001063
0.000962
0.000829
0.000796
0.000728
0.000616
0.000631
0.000732
0.000715
0.000579
0.000408
0.000033
-0.000680
-0.001310
-0.001298
-0.000866
-0.000763
-0.001010
-0.000878
-0.000231
0.000209
0.000104
-0.000057
0.000078
0.000229
0.000103
-0.000163
-0.000321
-0.000353
-0.000359
-0.000328
-0.000148
0.000254
0.000755
0.001030
0.000921
0.000723
0.000722
0.000673
0.000248
-0.000305
-0.000558
-0.000623
-0.000895
-0.001267
-0.001246
-0.000769
-0.000299
-0.000064
0.000187
0.000616
0.001012
0.001115
0.000935
0.000717
0.000633
0.000549
0.000255
-0.000167
-0.000405
-0.000379
-0.000380
-0.000566
-0.000616
-0.000269
0.000146
0.000192
-0.000002
-0.000043
0.000031
-0.000091
-0.000320
-0.000242
0.000143
0.000386
0.000278
0.000096
0.000103
0.000167
0.000033
-0.000234
-0.000344
-0.000216
-0.000089
-0.000223
-0.000545
-0.000646
-0.000316
0.000091
0.000181
0.000115
0.000261
0.000536
0.000581
0.000399
0.000305
0.000338
0.000269
0.000088
-0.000023
-0.000058
-0.000179
-0.000444
-0.000703
-0.000712
-0.000445
-0.000160
-0.000040
0.000026
0.000215
0.000482
0.000664
0.000745
0.000785
0.000669
0.000195
-0.000485
-0.000902
-0.000936
-0.001022
-0.001389
-0.001611
-0.001325
-0.000717
-0.000065
0.000529
0.000999
0.001390
0.001746
0.001853
0.001583
0.001249
0.001076
0.000779
0.000132
-0.000541
-0.000831
-0.000789
-0.000729
-0.000717
-0.000554
-0.000200
0.000109
0.000246
0.000362
0.000560
0.000695
0.000582
0.000203
-0.000287
-0.000669
-0.000855
-0.000988
-0.001168
-0.001197
-0.000917
-0.000586
-0.000461
-0.000349
0.000009
0.000424
0.000530
0.000369
0.000302
0.000401
0.000445
0.000403
0.000400
0.000424
0.000416
0.000426
0.000505
0.000586
0.000569
0.000442
0.000256
0.000074
-0.000069
-0.000195
-0.000361
-0.000620
-0.000889
-0.000971
-0.000818
-0.000615
-0.000497
-0.000359
-0.000097
0.000140
0.000171
0.000083
0.000073
0.000137
0.000142
0.000080
0.000031
0.000037
0.000072
0.000088
0.000098
0.000205
0.000441
0.000667
0.000723
0.000641
0.000542
0.000420
0.000232
0.000056
-0.000061
-0.000205
-0.000420
-0.000627
-0.000757
-0.000781
-0.000713
-0.000623
-0.000522
-0.000314
0.000029
0.000365
0.000551
0.000629
0.000686
0.000649
0.000470
0.000275
0.000169
0.000074
-0.000132
-0.000415
-0.000564
-0.000467
-0.000250
-0.000106
-0.000097
-0.000125
-0.000088
0.000009
0.000132
0.000228
0.000195
0.000010
-0.000184
-0.000250
-0.000199
-0.000118
-0.000089
-0.000117
-0.000054
0.000194
0.000477
0.000602
0.000601
0.000580
0.000487
0.000278
0.000051
-0.000156
-0.000382
-0.000511
-0.000436
-0.000326
-0.000377
-0.000476
-0.000392
-0.000135
0.000118
0.000271
0.000297
0.000150
-0.000104
-0.000279
-0.000314
-0.000267
-0.000119
0.000108
0.000270
0.000311
0.000284
0.000148
-0.000134
-0.000385
-0.000435
-0.000364
-0.000289
-0.000167
0.000062
0.000310
0.000436
0.000460
0.000483
0.000450
0.000347
0.000348
0.000454
0.000390
0.000110
-0.000055
-0.000008
-0.000031
-0.000157
-0.000149
-0.000044
-0.000027
-0.000008
0.000141
0.000261
0.000205
0.000118
0.000104
-0.000009
-0.000298
-0.000565
-0.000719
-0.000870
-0.000972
-0.000856
-0.000576
-0.000332
-0.000151
0.000052
0.000266
0.000393
0.000446
0.000541
0.000671
0.000682
0.000523
0.000274
0.000043
-0.000070
-0.000062
-0.000015
0.000053
0.000153
0.000234
0.000221
0.000098
-0.000079
-0.000225
-0.000285
-0.000222
-0.000077
-0.000015
-0.000085
-0.000118
-0.000087
-0.000174
-0.000341
-0.000347
-0.000199
-0.000153
-0.000242
-0.000267
-0.000211
-0.000180
-0.000124
0.000037
0.000252
0.000415
0.000434
0.000330
0.000254
0.000282
0.000332
0.000343
0.000357
0.000388
0.000351
0.000155
-0.000172
-0.000463
-0.000565
-0.000499
-0.000422
-0.000402
-0.000361
-0.000253
-0.000125
0.000018
0.000204
0.000360
0.000387
0.000338
0.000333
0.000340
0.000249
0.000091
-0.000041
-0.000136
-0.000176
-0.000148
-0.000114
-0.000099
-0.000062
-0.000047
-0.000126
-0.000227
-0.000239
-0.000196
-0.000174
-0.000125
0.000052
0.000327
0.000497
0.000414
0.000222
0.000136
0.000092
-0.000053
-0.000220
-0.000265
-0.000209
-0.000162
-0.000149
-0.000106
-0.000037
-0.000014
-0.000014
0.000059
0.000167
0.000141
-0.000081
-0.000303
-0.000262
0.000013
0.000191
0.000161
0.000271
0.000664
0.000890
0.000657
0.000328
0.000234
0.000115
-0.000357
-0.000995
-0.001385
-0.001470
-0.001453
-0.001336
-0.000942
-0.000272
0.000452
0.001033
0.001425
0.001683
0.001825
0.001718
0.001227
0.000455
-0.000340
-0.000995
-0.001452
-0.001665
-0.001550
-0.001068
-0.000428
0.000034
0.000315
0.000721
0.001235
0.001393
0.001032
0.000597
0.000407
0.000214
-0.000212
-0.000623
-0.000728
-0.000622
-0.000533
-0.000453
-0.000234
0.000109
0.000397
0.000496
0.000417
0.000298
0.000244
0.000144
-0.000153
-0.000502
-0.000605
-0.000458
-0.000304
-0.000177
0.000072
0.000354
0.000393
0.000164
-0.000057
-0.000116
-0.000173
-0.000380
-0.000592
-0.000583
-0.000387
-0.000208
-0.000102
0.000065
0.000386
0.000743
0.000878
0.000723
0.000514
0.000416
0.000236
-0.000217
-0.000725
-0.000886
-0.000647
-0.000318
-0.000107
0.000072
0.000320
0.000552
0.000649
0.000633
0.000570
0.000379
-0.000010
-0.000422
-0.000665
-0.000792
-0.000889
-0.000910
-0.000817
-0.000609
-0.000246
0.000220
0.000617
0.000854
0.000954
0.000922
0.000745
0.000519
0.000355
0.000208
0.000015
-0.000165
-0.000257
-0.000246
-0.000195
-0.000226
-0.000340
-0.000361
-0.000220
-0.000061
0.000002
-0.000009
-0.000087
-0.000258
-0.000439
-0.000466
-0.000324
-0.000178
-0.000070
0.000154
0.000500
0.000703
0.000611
0.000395
0.000242
0.000132
0.000036
0.000001
-0.000024
-0.000183
-0.000452
-0.000588
-0.000432
-0.000132
0.000096
0.000256
0.000405
0.000480
0.000464
0.000433
0.000389
0.000294
0.000174
0.000043
-0.000171
-0.000440
-0.000559
-0.000487
-0.000446
-0.000459
-0.000351
-0.000220
-0.000276
-0.000360
-0.000211
0.000050
0.000132
0.000058
0.000063
0.000156
0.000167
0.000106
0.000094
0.000114
0.000146
0.000270
0.000456
0.000551
0.000491
0.000305
0.000080
-0.000072
-0.000143
-0.000232
-0.000378
-0.000493
-0.000469
-0.000290
-0.000041
0.000167
0.000263
0.000273
0.000307
0.000417
0.000473
0.000317
0.000044
-0.000139
-0.000230
-0.000310
-0.000321
-0.000230
-0.000156
-0.000181
-0.000229
-0.000214
-0.000177
-0.000169
-0.000150
-0.000056
0.000088
0.000207
0.000261
0.000240
0.000164
0.000091
0.000036
-0.000019
-0.000023
0.000047
0.000058
-0.000064
-0.000186
-0.000199
-0.000151
-0.000095
-0.000042
0.000017
0.000131
0.000291
0.000343
0.000193
-0.000005
-0.000058
0.000006
0.000035
0.000006
0.000011
0.000052
0.000033
-0.000053
-0.000075
0.000027
0.000146
0.000179
0.000132
0.000048
-0.000066
-0.000200
-0.000257
-0.000186
-0.000170
-0.000317
-0.000417
-0.000319
-0.000153
-0.000027
0.000059
0.000089
0.000079
0.000125
0.000216
0.000224
0.000154
0.000122
0.000101
-0.000009
-0.000129
-0.000093
0.000078
0.000223
0.000272
0.000276
0.000269
0.000242
0.000193
0.000098
-0.000091
-0.000326
-0.000469
-0.000479
-0.000397
-0.000243
-0.000104
-0.000082
-0.000055
0.000127
0.000281
0.000203
0.000049
0.000030
0.000073
0.000037
-0.000037
-0.000022
0.000058
0.000082
0.000083
0.000208
0.000427
0.000551
0.000477
0.000261
0.000016
-0.000146
-0.000230
-0.000369
-0.000626
-0.000855
-0.000873
-0.000688
-0.000481
-0.000336
-0.000137
0.000181
0.000508
0.000708
0.000725
0.000614
0.000505
0.000427
0.000261
-0.000005
-0.000218
-0.000285
-0.000187
0.000037
0.000224
0.000229
0.000100
-0.000018
-0.000058
-0.000065
-0.000122
-0.000225
-0.000312
-0.000369
-0.000419
-0.000462
-0.000464
-0.000393
-0.000265
-0.000106
0.000098
0.000331
0.000484
0.000467
0.000325
0.000220
0.000239
0.000263
0.000175
0.000093
0.000184
0.000397
0.000560
0.000597
0.000533
0.000389
0.000183
-0.000069
-0.000386
-0.000727
-0.000973
-0.001092
-0.001102
-0.000951
-0.000608
-0.000173
0.000174
0.000321
0.000336
0.000361
0.000388
0.000353
0.000264
0.000109
-0.000079
-0.000189
-0.000236
-0.000295
-0.000287
-0.000101
0.000201
0.000486
0.000658
0.000652
0.000498
0.000364
0.000369
0.000407
0.000308
0.000073
-0.000150
-0.000244
-0.000246
-0.000286
-0.000379
-0.000393
-0.000295
-0.000248
-0.000341
-0.000430
-0.000364
-0.000174
0.000033
0.000188
0.000240
0.000180
0.000114
0.000142
0.000190
0.000157
0.000131
0.000156
0.000090
-0.000131
-0.000349
-0.000420
-0.000413
-0.000434
-0.000404
-0.000223
0.000024
0.000209
0.000342
0.000503
0.000675
0.000738
0.000635
0.000471
0.000348
0.000191
-0.000101
-0.000437
-0.000618
-0.000591
-0.000476
-0.000340
-0.000150
0.000063
0.000196
0.000234
0.000241
0.000199
0.000052
-0.000138
-0.000271
-0.000367
-0.000441
-0.000412
-0.000278
-0.000135
-0.000012
0.000135
0.000307
0.000451
0.000495
0.000410
0.000260
0.000161
0.000150
0.000115
-0.000034
-0.000217
-0.000308
-0.000296
-0.000220
-0.000063
0.000121
0.000177
0.000084
0.000003
0.000002
-0.000029
-0.000100
-0.000098
-0.000030
0.000018
0.000038
0.000047
0.000061
0.000120
0.000232
0.000324
0.000298
0.000152
-0.000017
-0.000159
-0.000309
-0.000453
-0.000493
-0.000431
-0.000361
-0.000308
-0.000224
-0.000063
0.000156
0.000317
0.000320
0.000204
0.000104
0.000099
0.000093
-0.000016
-0.000113
-0.000054
0.000103
0.000219
0.000255
0.000228
0.000175
0.000166
0.000184
0.000120
-0.000026
-0.000121
-0.000114
-0.000109
-0.000158
-0.000160
-0.000076
-0.000026
-0.000047
-0.000026
0.000066
0.000104
0.000021
-0.000102
-0.000145
-0.000063
0.000070
0.000091
-0.000055
-0.000202
-0.000184
-0.000071
-0.000002
0.000051
0.000156
0.000219
0.000156
0.000066
0.000040
-0.000012
-0.000181
-0.000353
-0.000353
-0.000223
-0.000146
-0.000143
-0.000097
-0.000028
-0.000025
-0.000012
0.000100
0.000237
0.000303
0.000318
0.000357
0.000468
0.000601
0.000616
0.000445
0.000220
0.000092
0.000032
-0.000078
-0.000236
-0.000340
-0.000382
-0.000517
-0.000785
-0.000957
-0.000846
-0.000544
-0.000233
-0.000007
0.000135
0.000233
0.000301
0.000320
0.000292
0.000268
0.000273
0.000263
0.000229
0.000210
0.000208
0.000193
0.000167
0.000154
0.000163
0.000200
0.000260
0.000262
0.000114
-0.000126
-0.000320
-0.000413
-0.000429
-0.000402
-0.000372
-0.000365
-0.000367
-0.000350
-0.000300
-0.000183
0.000014
0.000218
0.000327
0.000353
0.000409
0.000479
0.000439
0.000300
0.000148
-0.000017
-0.000195
-0.000313
-0.000325
-0.000264
-0.000183
-0.000089
0.000041
0.000167
0.000227
0.000239
0.000247
0.000248
0.000209
0.000109
-0.000012
-0.000089
-0.000111
-0.000140
-0.000227
-0.000351
-0.000435
-0.000411
-0.000280
-0.000109
0.000042
0.000146
0.000218
0.000272
0.000266
0.000203
0.000187
0.000208
0.000073
-0.000210
-0.000324
-0.000152
0.000038
0.000060
0.000059
0.000154
0.000182
0.000004
-0.000186
-0.000147
0.000010
0.000046
-0.000034
-0.000081
-0.000094
-0.000194
-0.000351
-0.000339
-0.000050
0.000343
0.000639
0.000766
0.000679
0.000402
0.000118
-0.000065
-0.000226
-0.000387
-0.000435
-0.000348
-0.000234
-0.000149
-0.000077
-0.000016
-0.000014
-0.000088
-0.000192
-0.000238
-0.000177
-0.000089
-0.000071
-0.000119
-0.000170
-0.000157
-0.000067
0.000037
0.000114
0.000196
0.000306
0.000406
0.000438
0.000398
0.000331
0.000244
0.000110
-0.000044
-0.000116
-0.000038
0.000118
0.000244
0.000314
0.000318
0.000253
0.000188
0.000081
-0.000208
-0.000581
-0.000761
-0.000711
-0.000628
-0.000593
-0.000512
-0.000340
-0.000131
0.000070
0.000201
0.000169
0.000068
0.000132
0.000323
0.000361
0.000183
-0.000016
-0.000098
-0.000086
-0.000017
0.000109
0.000261
0.000383
0.000456
0.000479
0.000448
0.000367
0.000206
-0.000054
-0.000299
-0.000414
-0.000449
-0.000482
-0.000494
-0.000430
-0.000273
-0.000055
0.000180
0.000378
0.000467
0.000424
0.000307
0.000181
0.000048
-0.000114
-0.000289
-0.000378
-0.000279
-0.000040
0.000157
0.000177
0.000025
-0.000156
-0.000232
-0.000180
-0.000057
0.000079
0.000162
0.000150
0.000105
0.000106
0.000098
0.000004
-0.000107
-0.000137
-0.000116
-0.000122
-0.000157
-0.000159
-0.000115
-0.000116
-0.000239
-0.000360
-0.000262
0.000054
0.000350
0.000455
0.000444
0.000463
0.000527
0.000563
0.000518
0.000382
0.000151
-0.000151
-0.000421
-0.000545
-0.000525
-0.000448
-0.000362
-0.000290
-0.000291
-0.000346
-0.000306
-0.000091
0.000157
0.000231
0.000146
0.000106
0.000168
0.000163
0.000057
0.000030
0.000116
0.000191
0.000248
0.000323
0.000355
0.000311
0.000251
0.000229
0.000172
-0.000047
-0.000343
-0.000490
-0.000462
-0.000409
-0.000397
-0.000359
-0.000243
-0.000090
0.000033
0.000117
0.000170
0.000156
0.000083
0.000036
0.000004
-0.000082
-0.000139
-0.000064
0.000040
0.000049
0.000037
0.000112
0.000211
0.000209
0.000112
0.000058
0.000145
0.000277
0.000281
0.000164
0.000073
0.000056
0.000061
0.000069
0.000043
-0.000053
-0.000150
-0.000169
-0.000177
-0.000263
-0.000351
-0.000348
-0.000302
-0.000279
-0.000258
-0.000230
-0.000194
-0.000117
-0.000002
0.000118
0.000247
0.000337
0.000310
0.000251
0.000285
0.000332
0.000282
0.000195
0.000142
0.000104
0.000055
-0.000006
-0.000039
0.000024
0.000150
0.000188
0.000057
-0.000146
-0.000286
-0.000331
-0.000317
-0.000321
-0.000393
-0.000418
-0.000264
-0.000048
0.000036
0.000013
0.000005
0.000041
0.000102
0.000174
0.000216
0.000173
0.000052
-0.000034
-0.000020
0.000032
0.000107
0.000250
0.000359
0.000310
0.000202
0.000186
0.000178
0.000031
-0.000187
-0.000306
-0.000294
-0.000236
-0.000220
-0.000241
-0.000239
-0.000205
-0.000178
-0.000164
-0.000130
-0.000038
0.000107
0.000250
0.000346
0.000366
0.000308
0.000244
0.000233
0.000216
0.000126
-0.000005
-0.000103
-0.000180
-0.000254
-0.000253
-0.000146
-0.000044
-0.000048
-0.000091
-0.000039
0.000100
0.000171
0.000090
-0.000058
-0.000140
-0.000106
-0.000028
-0.000050
-0.000187
-0.000290
-0.000289
-0.000268
-0.000264
-0.000180
0.000039
0.000253
0.000335
0.000356
0.000398
0.000444
0.000467
0.000451
0.000389
0.000292
0.000161
-0.000006
-0.000191
-0.000331
-0.000371
-0.000358
-0.000371
-0.000394
-0.000356
-0.000272
-0.000205
-0.000142
-0.000036
0.000087
0.000186
0.000217
0.000140
-0.000015
-0.000127
-0.000111
-0.000014
0.000061
0.000115
0.000178
0.000199
0.000181
0.000197
0.000204
0.000129
0.000063
0.000098
0.000139
0.000100
0.000036
-0.000038
-0.000176
-0.000323
-0.000342
-0.000239
-0.000143
-0.000111
-0.000090
-0.000034
0.000029
0.000075
0.000118
0.000146
0.000107
0.000007
-0.000093
-0.000175
-0.000233
-0.000208
-0.000092
0.000007
0.000042
0.000103
0.000253
0.000396
0.000404
0.000289
0.000156
0.000039
-0.000074
-0.000129
-0.000081
0.000009
0.000066
0.000081
0.000042
-0.000043
-0.000107
-0.000117
-0.000112
-0.000114
-0.000131
-0.000190
-0.000299
-0.000386
-0.000367
-0.000264
-0.000152
-0.000028
0.000129
0.000238
0.000215
0.000128
0.000101
0.000169
0.000297
0.000394
0.000362
0.000226
0.000113
0.000106
0.000135
0.000062
-0.000088
-0.000160
-0.000116
-0.000064
-0.000069
-0.000113
-0.000150
-0.000141
-0.000106
-0.000105
-0.000141
-0.000179
-0.000209
-0.000204
-0.000142
-0.000040
0.000080
0.000168
0.000174
0.000109
0.000018
-0.000051
-0.000040
0.000064
0.000160
0.000102
-0.000073
-0.000160
-0.000082
0.000067
0.000218
0.000362
0.000438
0.000352
0.000155
0.000015
-0.000019
-0.000036
-0.000095
-0.000180
-0.000256
-0.000277
-0.000188
-0.000069
-0.000072
-0.000133
-0.000108
-0.000086
-0.000154
-0.000195
-0.000169
-0.000184
-0.000224
-0.000140
0.000083
0.000283
0.000355
0.000352
0.000341
0.000281
0.000159
0.000084
0.000104
0.000158
0.000197
0.000173
0.000011
-0.000235
-0.000351
-0.000260
-0.000180
-0.000262
-0.000339
-0.000236
-0.000052
0.000062
0.000136
0.000235
0.000283
0.000195
0.000046
-0.000025
-0.000017
-0.000020
-0.000062
-0.000118
-0.000170
-0.000211
-0.000219
-0.000152
0.000011
0.000212
0.000360
0.000397
0.000304
0.000109
-0.000106
-0.000243
-0.000263
-0.000210
-0.000139
-0.000062
0.000015
0.000074
0.000110
0.000152
0.000180
0.000118
-0.000045
-0.000182
-0.000201
-0.000176
-0.000172
-0.000108
0.000071
0.000246
0.000252
0.000118
0.000055
0.000178
0.000326
0.000272
0.000038
-0.000141
-0.000134
-0.000038
-0.000003
-0.000067
-0.000180
-0.000275
-0.000247
-0.000082
0.000030
-0.000040
-0.000136
-0.000085
0.000025
0.000038
-0.000015
-0.000019
0.000055
0.000165
0.000262
0.000269
0.000113
-0.000142
-0.000315
-0.000316
-0.000219
-0.000118
-0.000029
0.000087
0.000238
0.000363
0.000379
0.000298
0.000208
0.000126
0.000002
-0.000122
-0.000181
-0.000201
-0.000225
-0.000234
-0.000215
-0.000164
-0.000100
-0.000062
-0.000040
0.000029
0.000144
0.000201
0.000112
-0.000055
-0.000133
-0.000050
0.000090
0.000148
0.000115
0.000094
0.000118
0.000079
-0.000066
-0.000198
-0.000220
-0.000124
0.000053
0.000199
0.000220
0.000151
0.000076
0.000031
-0.000021
-0.000127
-0.000221
-0.000184
-0.000055
0.000013
-0.000007
-0.000009
0.000046
0.000063
-0.000046
-0.000199
-0.000218
-0.000058
0.000148
0.000254
0.000254
0.000200
0.000065
-0.000141
-0.000225
-0.000066
0.000116
0.000104
0.000038
0.000082
0.000099
-0.000027
-0.000118
-0.000039
0.000037
-0.000025
-0.000066
0.000021
0.000067
0.000010
-0.000011
-0.000027
-0.000157
-0.000283
-0.000241
-0.000097
-0.000009
-0.000009
-0.000008
0.000035
0.000068
0.000056
0.000031
0.000049
0.000093
0.000096
0.000068
0.000099
0.000208
0.000282
0.000226
0.000090
-0.000032
-0.000136
-0.000210
-0.000157
-0.000011
0.000011
-0.000130
-0.000168
0.000030
0.000217
0.000153
-0.000032
-0.000107
-0.000109
-0.000177
-0.000265
-0.000241
-0.000144
-0.000108
-0.000109
-0.000029
0.000124
0.000220
0.000197
0.000155
0.000197
0.000267
0.000242
0.000125
0.000020
-0.000013
-0.000003
-0.000036
-0.000133
-0.000161
-0.000004
0.000215
0.000281
0.000164
-0.000012
-0.000140
-0.000195
-0.000242
-0.000310
-0.000313
-0.000208
-0.000101
-0.000080
-0.000064
0.000063
0.000211
0.000161
-0.000073
-0.000241
-0.000239
-0.000171
-0.000085
0.000080
0.000299
0.000440
0.000438
0.000324
0.000164
0.000061
0.000066
0.000087
0.000031
-0.000052
-0.000085
-0.000093
-0.000140
-0.000206
-0.000190
-0.000062
0.000052
0.000030
-0.000080
-0.000156
-0.000142
-0.000050
0.000050
0.000094
0.000107
0.000121
0.000102
0.000028
-0.000048
-0.000056
0.000028
0.000140
0.000144
-0.000000
-0.000146
-0.000145
-0.000036
0.000046
0.000049
0.000019
-0.000024
-0.000101
-0.000166
-0.000184
-0.000208
-0.000221
-0.000112
0.000092
0.000206
0.000115
-0.000079
-0.000177
-0.000083
0.000126
0.000260
0.000215
0.000141
0.000219
0.000348
0.000320
0.000151
0.000010
-0.000021
-0.000022
-0.000065
-0.000084
-0.000027
-0.000007
-0.000126
-0.000267
-0.000287
-0.000229
-0.000164
-0.000082
-0.000032
-0.000090
-0.000173
-0.000107
0.000086
0.000185
0.000085
-0.000061
-0.000059
0.000076
0.000163
0.000102
0.000009
0.000024
0.000092
0.000089
0.000027
-0.000002
0.000036
0.000123
0.000235
0.000297
0.000205
-0.000026
-0.000272
-0.000460
-0.000560
-0.000496
-0.000262
-0.000006
0.000137
0.000210
0.000314
0.000384
0.000315
0.000183
0.000096
0.000010
-0.000123
-0.000216
-0.000161
0.000015
0.000151
0.000124
0.000002
-0.000053
-0.000002
0.000069
0.000103
0.000067
-0.000063
-0.000191
-0.000177
-0.000092
-0.000095
-0.000160
-0.000139
-0.000022
0.000045
-0.000000
-0.000032
0.000030
0.000093
0.000106
0.000112
0.000095
0.000063
0.000118
0.000256
0.000287
0.000105
-0.000137
-0.000282
-0.000343
-0.000325
-0.000214
-0.000113
-0.000072
0.000019
0.000173
0.000247
0.000190
0.000083
-0.000008
-0.000059
-0.000050
0.000013
0.000040
-0.000017
-0.000040
0.000041
0.000130
0.000157
0.000162
0.000160
0.000125
0.000057
-0.000013
-0.000076
-0.000119
-0.000126
-0.000142
-0.000206
-0.000273
-0.000279
-0.000194
-0.000058
0.000015
-0.000028
-0.000111
-0.000118
0.000001
0.000168
0.000260
0.000260
0.000227
0.000172
0.000092
0.000042
0.000035
0.000001
-0.000064
-0.000086
-0.000059
-0.000062
-0.000084
-0.000024
0.000097
0.000180
0.000237
0.000281
0.000220
0.000038
-0.000115
-0.000133
-0.000096
-0.000108
-0.000156
-0.000207
-0.000226
-0.000150
-0.000003
0.000109
0.000154
0.000141
0.000019
-0.000197
-0.000339
-0.000301
-0.000191
-0.000125
-0.000070
0.000038
0.000153
0.000185
0.000165
0.000187
0.000203
0.000135
0.000056
0.000048
0.000038
-0.000057
-0.000154
-0.000092
0.000144
0.000348
0.000339
0.000178
0.000029
-0.000090
-0.000229
-0.000315
-0.000255
-0.000100
0.000043
0.000101
0.000051
-0.000025
-0.000008
0.000040
-0.000034
-0.000208
-0.000298
-0.000215
-0.000052
0.000073
0.000145
0.000197
0.000219
0.000162
0.000022
-0.000126
-0.000191
-0.000167
-0.000122
-0.000095
-0.000058
0.000027
0.000161
0.000287
0.000291
0.000176
0.000097
0.000106
0.000089
0.000004
-0.000062
-0.000054
-0.000020
-0.000058
-0.000172
-0.000217
-0.000094
0.000081
0.000144
0.000094
-0.000010
-0.000161
-0.000278
-0.000234
-0.000084
-0.000019
-0.000055
-0.000065
-0.000032
-0.000010
0.000051
0.000215
0.000365
0.000326
0.000168
0.000094
0.000076
-0.000037
-0.000188
-0.000198
-0.000066
0.000063
0.000125
0.000139
0.000090
-0.000004
-0.000043
-0.000041
-0.000135
-0.000282
-0.000301
-0.000214
-0.000185
-0.000211
-0.000170
-0.000060
0.000046
0.000133
0.000204
0.000251
0.000286
0.000291
0.000247
0.000189
0.000124
0.000015
-0.000101
-0.000147
-0.000128
-0.000115
-0.000114
-0.000039
0.000123
0.000227
0.000135
-0.000110
-0.000297
-0.000260
-0.000067
0.000087
0.000097
-0.000004
-0.000109
-0.000126
-0.000056
0.000014
0.000011
-0.000028
-0.000002
0.000090
0.000126
0.000072
0.000072
0.000167
0.000181
0.000078
-0.000005
-0.000079
-0.000241
-0.000372
-0.000311
-0.000135
0.000018
0.000130
0.000197
0.000192
0.000166
0.000171
0.000168
0.000134
0.000097
0.000022
-0.000139
-0.000254
-0.000132
0.000157
0.000321
0.000235
0.000047
-0.000093
-0.000191
-0.000326
-0.000481
-0.000524
-0.000357
-0.000044
0.000224
0.000301
0.000212
0.000095
0.000050
0.000082
0.000127
0.000121
0.000058
-0.000020
-0.000082
-0.000105
-0.000068
0.000003
0.000020
-0.000020
0.000001
0.000117
0.000230
0.000279
0.000279
0.000214
0.000063
-0.000090
-0.000133
-0.000115
-0.000162
-0.000266
-0.000307
-0.000266
-0.000216
-0.000150
-0.000004
0.000153
0.000176
0.000058
-0.000057
-0.000085
-0.000101
-0.000157
-0.000153
0.000013
0.000264
0.000407
0.000331
0.000125
-0.000040
-0.000048
0.000068
0.000123
0.000005
-0.000134
-0.000106
0.000029
0.000099
0.000058
-0.000031
-0.000136
-0.000255
-0.000309
-0.000209
-0.000012
0.000148
0.000240
0.000317
0.000393
0.000398
0.000245
0.000011
-0.000140
-0.000203
-0.000280
-0.000377
-0.000412
-0.000333
-0.000162
0.000008
0.000111
0.000159
0.000165
0.000117
0.000036
-0.000021
-0.000030
0.000004
0.000047
0.000054
0.000051
0.000100
0.000140
0.000062
-0.000060
-0.000051
0.000074
0.000154
0.000140
0.000117
0.000104
0.000057
-0.000024
-0.000134
-0.000269
-0.000354
-0.000290
-0.000131
-0.000054
-0.000131
-0.000253
-0.000274
-0.000127
0.000096
0.000226
0.000250
0.000272
0.000318
0.000342
0.000308
0.000188
0.000016
-0.000065
0.000009
0.000070
-0.000009
-0.000088
-0.000031
0.000068
0.000047
-0.000104
-0.000270
-0.000360
-0.000384
-0.000347
