7520
-0.000095
-0.000213
-0.000170
-0.000074
-0.000014
0.000019
0.000049
0.000102
0.000164
0.000174
0.000149
0.000149
0.000126
0.000005
-0.000181
-0.000313
-0.000295
-0.000143
0.000043
0.000189
0.000255
0.000219
0.000116
0.000053
0.000057
0.000053
0.000040
0.000058
0.000013
-0.000133
-0.000239
-0.000295
-0.000412
-0.000438
-0.000186
0.000141
0.000251
0.000207
0.000209
0.000214
0.000097
-0.000049
-0.000062
0.000029
0.000105
0.000139
0.000153
0.000138
0.000079
-0.000018
-0.000125
-0.000180
-0.000140
-0.000078
-0.000114
-0.000231
-0.000253
-0.000074
0.000165
0.000250
0.000192
0.000145
0.000124
0.000055
-0.000005
0.000017
0.000037
-0.000015
-0.000065
-0.000053
-0.000032
-0.000030
-0.000005
0.000055
0.000132
0.000205
0.000208
0.000092
-0.000048
-0.000105
-0.000142
-0.000227
-0.000284
-0.000259
-0.000229
-0.000224
-0.000170
-0.000068
0.000001
0.000041
0.000110
0.000168
0.000118
0.000006
-0.000037
-0.000033
-0.000059
-0.000022
0.000169
0.000362
0.000378
0.000256
0.000126
0.000034
-0.000027
-0.000067
-0.000089
-0.000071
-0.000032
-0.000057
-0.000128
-0.000094
0.000036
0.000112
0.000143
0.000188
0.000155
0.000014
-0.000105
-0.000174
-0.000280
-0.000381
-0.000381
-0.000308
-0.000208
-0.000077
0.000038
0.000090
0.000127
0.000174
0.000202
0.000202
0.000190
0.000193
0.000192
0.000094
-0.000070
-0.000117
-0.000006
0.000121
0.000179
0.000145
0.000060
0.000040
0.000020
-0.000175
-0.000365
-0.000250
-0.000015
-0.000010
-0.000117
-0.000044
0.000125
0.000152
0.000089
0.000104
0.000107
-0.000103
-0.000399
-0.000430
-0.000128
0.000203
0.000297
0.000190
0.000057
-0.000029
-0.000062
-0.000040
-0.000015
-0.000029
-0.000043
-0.000029
0.000001
0.000031
0.000042
0.000056
0.000106
0.000137
0.000103
0.000080
0.000083
0.000009
-0.000085
-0.000034
0.000043
-0.000086
-0.000291
-0.000236
0.000074
0.000298
0.000268
0.000139
0.000042
-0.000053
-0.000175
-0.000235
-0.000175
-0.000100
-0.000107
-0.000106
0.000008
0.000144
0.000155
0.000067
0.000006
0.000006
0.000010
-0.000054
-0.000179
-0.000246
-0.000164
-0.000015
0.000031
-0.000033
0.000010
0.000239
0.000385
0.000261
0.000088
0.000125
0.000254
0.000176
-0.000112
-0.000328
-0.000352
-0.000304
-0.000226
-0.000075
0.000087
0.000175
0.000218
0.000240
0.000208
0.000150
0.000111
0.000023
-0.000134
-0.000187
-0.000014
0.000176
0.000100
-0.000135
-0.000189
-0.000043
0.000032
-0.000039
-0.000111
-0.000161
-0.000267
-0.000346
-0.000264
-0.000070
0.000081
0.000150
0.000193
0.000176
0.000054
-0.000071
-0.000079
0.000028
0.000166
0.000240
0.000203
0.000084
-0.000050
-0.000172
-0.000250
-0.000190
0.000008
0.000178
0.000166
0.000037
-0.000006
0.000088
0.000176
0.000153
0.000056
-0.000005
0.000029
0.000064
-0.000032
-0.000179
-0.000162
-0.000012
-0.000000
-0.000167
-0.000218
-0.000018
0.000211
0.000249
0.000114
-0.000063
-0.000167
-0.000133
-0.000020
0.000051
0.000050
0.000044
0.000081
0.000112
0.000065
-0.000040
-0.000125
-0.000178
-0.000227
-0.000241
-0.000179
-0.000057
0.000066
0.000119
0.000048
-0.000095
-0.000169
-0.000114
0.000009
0.000140
0.000244
0.000295
0.000296
0.000244
0.000125
0.000002
-0.000016
0.000085
0.000201
0.000210
0.000120
0.000058
0.000061
0.000025
-0.000108
-0.000309
-0.000504
-0.000576
-0.000474
-0.000289
-0.000141
-0.000050
0.000047
0.000187
0.000329
0.000380
0.000272
0.000077
-0.000049
-0.000064
-0.000026
0.000030
0.000042
-0.000034
-0.000113
-0.000070
0.000072
0.000160
0.000099
-0.000063
-0.000176
-0.000115
0.000059
0.000172
0.000185
0.000183
0.000171
0.000071
-0.000081
-0.000167
-0.000224
-0.000320
-0.000315
-0.000140
-0.000017
-0.000059
-0.000070
0.000066
0.000210
0.000238
0.000194
0.000163
0.000143
0.000094
0.000058
0.000090
0.000089
-0.000030
-0.000112
-0.000040
0.000060
0.000096
0.000112
0.000117
0.000055
-0.000084
-0.000220
-0.000265
-0.000237
-0.000222
-0.000239
-0.000221
-0.000148
-0.000084
-0.000037
0.000033
0.000089
0.000097
0.000090
0.000086
0.000085
0.000137
0.000249
0.000287
0.000180
0.000062
0.000037
0.000038
0.000006
-0.000060
-0.000135
-0.000157
-0.000112
-0.000080
-0.000067
0.000020
0.000121
0.000052
-0.000156
-0.000314
-0.000359
-0.000308
-0.000164
0.000012
0.000143
0.000220
0.000262
0.000301
0.000344
0.000324
0.000208
0.000103
0.000105
0.000152
0.000135
0.000059
-0.000015
-0.000103
-0.000233
-0.000319
-0.000263
-0.000091
0.000101
0.000212
0.000148
-0.000032
-0.000161
-0.000207
-0.000285
-0.000408
-0.000435
-0.000312
-0.000161
-0.000113
-0.000163
-0.000210
-0.000213
-0.000123
0.000194
0.000604
0.000663
0.000329
0.000134
0.000348
0.000594
0.000542
0.000358
0.000198
-0.000034
-0.000237
-0.000169
0.000034
0.000065
-0.000055
-0.000165
-0.000266
-0.000324
-0.000205
-0.000048
-0.000157
-0.000407
-0.000405
-0.000177
-0.000041
-0.000027
0.000018
0.000043
-0.000060
-0.000169
-0.000074
0.000149
0.000204
0.000076
0.000023
0.000086
0.000090
0.000024
-0.000001
0.000026
0.000049
0.000064
0.000094
0.000157
0.000264
0.000368
0.000382
0.000298
0.000197
0.000109
-0.000010
-0.000154
-0.000256
-0.000297
-0.000314
-0.000320
-0.000272
-0.000167
-0.000064
0.000009
0.000023
-0.000075
-0.000231
-0.000268
-0.000112
0.000078
0.000133
0.000100
0.000083
0.000052
-0.000033
-0.000096
-0.000047
0.000055
0.000088
0.000052
0.000026
0.000026
0.000049
0.000107
0.000174
0.000214
0.000266
0.000334
0.000314
0.000158
-0.000030
-0.000113
-0.000063
-0.000024
-0.000133
-0.000281
-0.000280
-0.000209
-0.000245
-0.000322
-0.000285
-0.000159
-0.000034
0.000072
0.000146
0.000147
0.000067
-0.000024
-0.000030
0.000075
0.000208
0.000237
0.000182
0.000211
0.000346
0.000447
0.000406
0.000238
0.000039
-0.000148
-0.000329
-0.000458
-0.000501
-0.000493
-0.000439
-0.000324
-0.000182
-0.000078
-0.000014
0.000054
0.000103
0.000098
0.000072
0.000058
0.000045
0.000035
0.000047
0.000106
0.000190
0.000226
0.000204
0.000155
0.000084
0.000039
0.000093
0.000206
0.000220
0.000091
-0.000027
-0.000037
-0.000038
-0.000097
-0.000153
-0.000186
-0.000216
-0.000208
-0.000165
-0.000148
-0.000131
-0.000065
0.000001
0.000025
0.000019
0.000012
0.000032
0.000062
0.000050
0.000028
0.000067
0.000132
0.000146
0.000120
0.000116
0.000147
0.000191
0.000198
0.000099
-0.000080
-0.000208
-0.000233
-0.000246
-0.000271
-0.000210
-0.000059
0.000035
-0.000000
-0.000055
-0.000041
-0.000031
-0.000068
-0.000060
0.000007
-0.000011
-0.000123
-0.000084
0.000174
0.000349
0.000276
0.000161
0.000153
0.000163
0.000117
0.000042
-0.000039
-0.000122
-0.000173
-0.000176
-0.000128
-0.000030
0.000053
0.000030
-0.000063
-0.000095
-0.000015
0.000122
0.000225
0.000107
-0.000405
-0.000953
-0.000733
0.000271
0.000957
0.000674
0.000045
-0.000197
-0.000066
0.000281
0.000794
0.000948
0.000267
-0.000661
-0.000863
-0.000320
0.000202
0.000268
0.000020
-0.000328
-0.000584
-0.000515
-0.000169
0.000120
0.000192
0.000133
0.000042
-0.000021
0.000004
0.000103
0.000110
-0.000039
-0.000118
-0.000000
0.000087
-0.000047
-0.000229
-0.000217
-0.000070
0.000016
0.000026
0.000043
0.000063
0.000104
0.000262
0.000474
0.000539
0.000426
0.000265
0.000117
-0.000013
-0.000075
-0.000064
-0.000106
-0.000261
-0.000377
-0.000362
-0.000389
-0.000564
-0.000699
-0.000615
-0.000361
-0.000069
0.000164
0.000260
0.000219
0.000132
0.000081
0.000126
0.000289
0.000419
0.000327
0.000129
0.000092
0.000191
0.000196
0.000080
0.000026
0.000112
0.000216
0.000221
0.000097
-0.000112
-0.000262
-0.000274
-0.000228
-0.000146
0.000023
0.000195
0.000217
0.000105
0.000024
0.000050
0.000058
-0.000063
-0.000190
-0.000174
-0.000078
-0.000028
-0.000043
-0.000083
-0.000124
-0.000169
-0.000206
-0.000197
-0.000106
0.000038
0.000138
0.000119
0.000033
0.000050
0.000196
0.000237
0.000084
0.000001
0.000129
0.000247
0.000211
0.000103
-0.000013
-0.000087
-0.000047
0.000014
-0.000056
-0.000168
-0.000160
-0.000092
-0.000106
-0.000178
-0.000184
-0.000104
-0.000025
0.000015
0.000032
0.000020
-0.000025
-0.000076
-0.000078
-0.000012
0.000051
0.000055
0.000037
0.000019
-0.000049
-0.000156
-0.000189
-0.000103
0.000031
0.000150
0.000245
0.000288
0.000258
0.000194
0.000135
0.000055
-0.000051
-0.000117
-0.000104
-0.000060
-0.000033
0.000003
0.000054
0.000067
0.000045
0.000029
0.000003
-0.000057
-0.000132
-0.000164
-0.000137
-0.000105
-0.000096
-0.000097
-0.000101
-0.000054
0.000101
0.000275
0.000269
0.000006
-0.000322
-0.000371
-0.000039
0.000367
0.000501
0.000309
-0.000068
-0.000411
-0.000404
0.000075
0.000623
0.000750
0.000491
0.000164
-0.000091
-0.000258
-0.000319
-0.000321
-0.000323
-0.000277
-0.000147
-0.000090
-0.000243
-0.000396
-0.000259
0.000073
0.000280
0.000312
0.000330
0.000321
0.000160
-0.000086
-0.000211
-0.000161
-0.000084
-0.000096
-0.000124
-0.000084
-0.000061
-0.000149
-0.000269
-0.000262
-0.000061
0.000208
0.000291
0.000103
-0.000148
-0.000227
-0.000103
0.000095
0.000261
0.000388
0.000473
0.000451
0.000289
0.000046
-0.000191
-0.000326
-0.000243
0.000054
0.000334
0.000350
0.000122
-0.000127
-0.000239
-0.000219
-0.000160
-0.000134
-0.000136
-0.000121
-0.000101
-0.000136
-0.000203
-0.000190
-0.000092
0.000003
0.000074
0.000125
0.000115
0.000039
-0.000037
-0.000041
0.000049
0.000198
0.000288
0.000191
-0.000028
-0.000110
0.000051
0.000261
0.000303
0.000191
0.000088
0.000063
0.000021
-0.000121
-0.000308
-0.000413
-0.000404
-0.000329
-0.000198
-0.000019
0.000134
0.000212
0.000270
0.000371
0.000434
0.000320
0.000037
-0.000269
-0.000484
-0.000561
-0.000454
-0.000196
0.000034
0.000093
0.000046
0.000028
0.000051
0.000091
0.000179
0.000306
0.000415
0.000441
0.000332
0.000117
-0.000082
-0.000204
-0.000266
-0.000259
-0.000181
-0.000097
-0.000043
-0.000009
-0.000058
-0.000230
-0.000404
-0.000395
-0.000182
0.000015
0.000001
-0.000107
-0.000051
0.000183
0.000361
0.000361
0.000289
0.000249
0.000213
0.000097
-0.000082
-0.000170
-0.000085
0.000082
0.000195
0.000216
0.000168
0.000066
-0.000000
0.000051
0.000141
0.000167
0.000110
-0.000043
-0.000257
-0.000430
-0.000453
-0.000319
-0.000170
-0.000071
0.000036
0.000073
-0.000058
-0.000197
-0.000108
0.000161
0.000326
0.000253
0.000080
-0.000016
0.000024
0.000068
-0.000068
-0.000235
-0.000180
-0.000004
0.000067
0.000018
-0.000037
-0.000062
-0.000077
0.000019
0.000242
0.000336
0.000212
0.000117
0.000164
0.000137
-0.000087
-0.000249
-0.000173
-0.000120
-0.000243
-0.000318
-0.000255
-0.000211
-0.000180
-0.000012
0.000226
0.000319
0.000245
0.000154
0.000122
0.000110
0.000082
0.000003
-0.000161
-0.000282
-0.000180
0.000079
0.000243
0.000179
0.000062
0.000109
0.000189
0.000095
-0.000084
-0.000152
-0.000108
-0.000096
-0.000129
-0.000113
-0.000064
-0.000022
0.000069
0.000232
0.000379
0.000380
0.000156
-0.000199
-0.000392
-0.000216
0.000087
0.000066
-0.000246
-0.000397
-0.000282
-0.000201
-0.000258
-0.000241
-0.000063
0.000101
0.000153
0.000231
0.000349
0.000323
0.000127
-0.000037
-0.000021
0.000121
0.000242
0.000252
0.000181
0.000150
0.000192
0.000202
0.000129
0.000025
-0.000109
-0.000293
-0.000356
-0.000183
-0.000051
-0.000191
-0.000385
-0.000327
-0.000069
0.000079
0.000022
-0.000063
-0.000102
-0.000112
-0.000052
0.000059
0.000103
0.000031
0.000002
0.000119
0.000223
0.000188
0.000083
-0.000023
-0.000141
-0.000228
-0.000129
0.000151
0.000327
0.000247
0.000101
0.000116
0.000269
0.000327
0.000181
-0.000006
-0.000081
-0.000103
-0.000179
-0.000261
-0.000245
-0.000170
-0.000152
-0.000170
-0.000147
-0.000127
-0.000134
-0.000051
0.000091
0.000073
-0.000057
-0.000013
0.000184
0.000241
0.000113
0.000021
0.000005
-0.000053
-0.000127
-0.000145
-0.000152
-0.000156
-0.000091
0.000047
0.000176
0.000227
0.000200
0.000108
0.000004
-0.000031
-0.000029
-0.000065
-0.000091
-0.000062
-0.000013
0.000046
0.000091
0.000102
0.000161
0.000289
0.000305
0.000092
-0.000205
-0.000374
-0.000365
-0.000284
-0.000222
-0.000140
0.000059
0.000320
0.000398
0.000215
0.000019
-0.000035
-0.000022
0.000074
0.000266
0.000254
-0.000128
-0.000425
-0.000194
0.000205
0.000164
-0.000193
-0.000319
-0.000151
0.000002
0.000080
0.000155
0.000111
-0.000127
-0.000329
-0.000214
0.000131
0.000329
0.000185
-0.000096
-0.000193
-0.000063
0.000092
0.000096
-0.000006
-0.000018
0.000061
0.000025
-0.000107
-0.000099
0.000019
0.000012
-0.000036
0.000144
0.000421
0.000435
0.000184
-0.000041
-0.000121
-0.000172
-0.000245
-0.000276
-0.000256
-0.000196
-0.000116
-0.000062
0.000012
0.000118
0.000115
-0.000030
-0.000122
-0.000018
0.000170
0.000261
0.000246
0.000205
0.000121
-0.000045
-0.000177
-0.000132
0.000008
0.000038
-0.000054
-0.000083
-0.000007
0.000007
-0.000075
-0.000097
0.000001
0.000076
-0.000036
-0.000239
-0.000222
0.000077
0.000325
0.000257
0.000026
-0.000085
-0.000075
-0.000096
-0.000123
-0.000020
0.000184
0.000278
0.000114
-0.000182
-0.000313
-0.000152
0.000084
0.000121
0.000044
0.000090
0.000206
0.000175
-0.000034
-0.000290
-0.000449
-0.000446
-0.000334
-0.000163
0.000045
0.000181
0.000161
0.000029
-0.000110
-0.000129
-0.000006
0.000124
0.000154
0.000125
0.000080
-0.000045
-0.000206
-0.000134
0.000241
0.000585
0.000595
0.000364
0.000188
0.000142
0.000087
0.000005
-0.000022
-0.000012
-0.000043
-0.000100
-0.000130
-0.000156
-0.000178
-0.000126
0.000000
0.000149
0.000251
0.000183
-0.000083
-0.000390
-0.000580
-0.000567
-0.000331
-0.000051
-0.000015
-0.000193
-0.000217
0.000059
0.000385
0.000520
0.000467
0.000319
0.000164
0.000061
0.000036
0.000131
0.000296
0.000324
0.000174
0.000096
0.000177
0.000158
-0.000103
-0.000367
-0.000413
-0.000365
-0.000399
-0.000406
-0.000257
-0.000093
-0.000065
-0.000115
-0.000160
-0.000222
-0.000292
-0.000233
0.000028
0.000313
0.000455
0.000528
0.000587
0.000522
0.000295
-0.000007
-0.000281
-0.000442
-0.000463
-0.000391
-0.000300
-0.000220
-0.000136
-0.000054
0.000035
0.000180
0.000288
0.000193
-0.000044
-0.000184
-0.000165
-0.000132
-0.000110
0.000020
0.000220
0.000344
0.000380
0.000336
0.000189
0.000013
-0.000092
-0.000120
-0.000139
-0.000217
-0.000330
-0.000337
-0.000153
0.000119
0.000283
0.000244
0.000115
0.000072
0.000134
0.000143
-0.000029
-0.000247
-0.000288
-0.000192
-0.000138
-0.000145
-0.000143
-0.000113
-0.000073
-0.000035
-0.000032
-0.000099
-0.000100
0.000142
0.000475
0.000623
0.000558
0.000420
0.000334
0.000313
0.000293
0.000251
0.000183
0.000111
0.000088
0.000116
0.000105
-0.000046
-0.000314
-0.000510
-0.000553
-0.000578
-0.000627
-0.000581
-0.000426
-0.000289
-0.000205
-0.000084
0.000103
0.000275
0.000364
0.000328
0.000170
0.000007
-0.000038
0.000050
0.000199
0.000299
0.000318
0.000347
0.000427
0.000457
0.000350
0.000160
-0.000015
-0.000171
-0.000326
-0.000397
-0.000361
-0.000330
-0.000310
-0.000182
0.000012
0.000045
-0.000137
-0.000331
-0.000420
-0.000443
-0.000359
-0.000117
0.000156
0.000282
0.000264
0.000247
0.000275
0.000251
0.000160
0.000122
0.000123
-0.000009
-0.000241
-0.000300
-0.000122
0.000064
0.000129
0.000119
0.000056
-0.000013
0.000010
0.000078
0.000035
-0.000118
-0.000217
-0.000179
-0.000094
-0.000033
0.000084
0.000238
0.000209
-0.000075
-0.000346
-0.000349
-0.000162
0.000001
0.000091
0.000156
0.000174
0.000120
0.000087
0.000144
0.000221
0.000274
0.000331
0.000312
0.000093
-0.000244
-0.000422
-0.000315
-0.000147
-0.000166
-0.000373
-0.000653
-0.000830
-0.000724
-0.000357
0.000074
0.000356
0.000400
0.000303
0.000268
0.000432
0.000648
0.000587
0.000256
0.000027
0.000111
0.000376
0.000593
0.000618
0.000466
0.000283
0.000241
0.000349
0.000373
0.000180
-0.000024
-0.000087
-0.000160
-0.000355
-0.000546
-0.000636
-0.000675
-0.000622
-0.000354
-0.000000
0.000178
0.000171
0.000094
-0.000087
-0.000338
-0.000472
-0.000465
-0.000463
-0.000458
-0.000317
-0.000066
0.000141
0.000232
0.000270
0.000324
0.000381
0.000413
0.000438
0.000411
0.000251
0.000044
-0.000080
-0.000149
-0.000208
-0.000218
-0.000165
-0.000097
-0.000052
0.000009
0.000121
0.000200
0.000151
0.000040
-0.000012
-0.000034
-0.000134
-0.000300
-0.000369
-0.000229
0.000007
0.000161
0.000212
0.000213
0.000133
-0.000051
-0.000260
-0.000404
-0.000450
-0.000404
-0.000296
-0.000179
-0.000101
-0.000069
0.000000
0.000155
0.000261
0.000189
0.000093
0.000207
0.000464
0.000642
0.000672
0.000535
0.000226
-0.000091
-0.000219
-0.000157
-0.000044
0.000059
0.000136
0.000119
0.000015
-0.000087
-0.000203
-0.000387
-0.000515
-0.000405
-0.000130
-0.000044
-0.000401
-0.000944
-0.001090
-0.000591
0.000222
0.000740
0.000561
-0.000090
-0.000546
-0.000381
0.000262
0.000852
0.000902
0.000408
-0.000095
-0.000109
0.000283
0.000689
0.000903
0.000923
0.000850
0.000759
0.000570
0.000271
0.000074
0.000077
0.000065
-0.000125
-0.000355
-0.000429
-0.000340
-0.000250
-0.000298
-0.000449
-0.000583
-0.000623
-0.000504
-0.000240
-0.000047
-0.000214
-0.000636
-0.000802
-0.000526
-0.000168
-0.000008
0.000028
0.000055
0.000014
-0.000133
-0.000171
0.000083
0.000410
0.000513
0.000439
0.000363
0.000269
0.000116
0.000060
0.000241
0.000483
0.000489
0.000264
0.000111
0.000164
0.000180
-0.000036
-0.000278
-0.000289
-0.000174
-0.000184
-0.000312
-0.000358
-0.000298
-0.000287
-0.000349
-0.000331
-0.000198
-0.000094
-0.000065
-0.000034
-0.000051
-0.000202
-0.000348
-0.000293
-0.000100
0.000001
-0.000092
-0.000238
-0.000176
0.000169
0.000577
0.000756
0.000595
0.000270
0.000137
0.000356
0.000706
0.000851
0.000648
0.000241
-0.000082
-0.000157
-0.000109
-0.000171
-0.000294
-0.000184
0.000148
0.000218
-0.000224
-0.000706
-0.000673
-0.000247
0.000100
0.000146
-0.000176
-0.000793
-0.001193
-0.000907
-0.000325
-0.000200
-0.000478
-0.000586
-0.000504
-0.000562
-0.000617
-0.000323
0.000184
0.000481
0.000509
0.000576
0.000853
0.001191
0.001425
0.001527
0.001458
0.001246
0.001134
0.001258
0.001353
0.001177
0.000887
0.000633
0.000367
0.000142
-0.000012
-0.000278
-0.000682
-0.000984
-0.001155
-0.001404
-0.001652
-0.001619
-0.001424
-0.001401
-0.001425
-0.001217
-0.000971
-0.000933
-0.000873
-0.000587
-0.000300
-0.000146
0.000050
0.000233
0.000203
0.000152
0.000346
0.000620
0.000758
0.000893
0.001169
0.001487
0.001715
0.001747
0.001506
0.001127
0.000865
0.000707
0.000453
0.000146
-0.000056
-0.000262
-0.000563
-0.000750
-0.000714
-0.000670
-0.000788
-0.000972
-0.001053
-0.001018
-0.000946
-0.000898
-0.000952
-0.001127
-0.001267
-0.001144
-0.000731
-0.000297
-0.000076
0.000047
0.000288
0.000602
0.000782
0.000774
0.000733
0.000780
0.000821
0.000735
0.000612
0.000653
0.000886
0.001036
0.000880
0.000740
0.001030
0.001377
0.001043
0.000205
-0.000269
-0.000267
-0.000402
-0.000745
-0.000864
-0.000768
-0.000721
-0.000607
-0.000319
-0.000226
-0.000549
-0.000793
-0.000510
-0.000181
-0.000639
-0.001770
-0.002484
-0.002016
-0.000844
-0.000057
-0.000119
-0.000618
-0.001027
-0.001081
-0.000563
0.000407
0.001173
0.001408
0.001534
0.001851
0.002042
0.001886
0.001702
0.001759
0.001903
0.001846
0.001538
0.001306
0.001398
0.001504
0.001233
0.000747
0.000386
0.000165
-0.000068
-0.000420
-0.000863
-0.001289
-0.001705
-0.002115
-0.002345
-0.002297
-0.002166
-0.002113
-0.002034
-0.001891
-0.001835
-0.001800
-0.001480
-0.000890
-0.000404
-0.000161
-0.000007
0.000169
0.000419
0.000791
0.001222
0.001510
0.001553
0.001562
0.001805
0.002185
0.002329
0.002093
0.001745
0.001535
0.001359
0.001040
0.000622
0.000182
-0.000257
-0.000631
-0.000945
-0.001219
-0.001337
-0.001226
-0.001009
-0.000867
-0.000897
-0.001071
-0.001279
-0.001413
-0.001444
-0.001402
-0.001327
-0.001217
-0.001017
-0.000694
-0.000328
-0.000019
0.000273
0.000578
0.000767
0.000823
0.000974
0.001276
0.001427
0.001277
0.001094
0.001095
0.001109
0.000966
0.000797
0.000715
0.000644
0.000590
0.000619
0.000591
0.000357
0.000108
0.000118
0.000261
0.000147
-0.000328
-0.000818
-0.001009
-0.001014
-0.001122
-0.001333
-0.001421
-0.001340
-0.001148
-0.000759
-0.000263
-0.000057
-0.000410
-0.001231
-0.001940
-0.001694
-0.000593
0.000029
-0.000564
-0.001633
-0.002353
-0.002234
-0.000600
0.002074
0.003578
0.002909
0.001804
0.001713
0.002015
0.002193
0.002555
0.002661
0.001980
0.001361
0.001646
0.002146
0.001999
0.001537
0.001289
0.001134
0.000828
0.000309
-0.000456
-0.001305
-0.001940
-0.002399
-0.002933
-0.003484
-0.003798
-0.003700
-0.003134
-0.002404
-0.002110
-0.002309
-0.002216
-0.001387
-0.000439
-0.000034
-0.000122
-0.000293
-0.000130
0.000505
0.001300
0.001856
0.002132
0.002269
0.002321
0.002403
0.002617
0.002737
0.002535
0.002212
0.002011
0.001731
0.001169
0.000529
0.000029
-0.000400
-0.000854
-0.001243
-0.001410
-0.001327
-0.001162
-0.001117
-0.001231
-0.001405
-0.001528
-0.001568
-0.001588
-0.001665
-0.001791
-0.001769
-0.001424
-0.000952
-0.000653
-0.000450
-0.000131
0.000240
0.000506
0.000706
0.000933
0.001153
0.001309
0.001414
0.001423
0.001274
0.001088
0.001067
0.001211
0.001326
0.001298
0.001132
0.000807
0.000387
0.000118
0.000086
0.000064
-0.000081
-0.000186
-0.000177
-0.000234
-0.000360
-0.000330
-0.000224
-0.000351
-0.000653
-0.000802
-0.000783
-0.000843
-0.001119
-0.001521
-0.001687
-0.001231
-0.000273
0.000526
0.000555
-0.000407
-0.002029
-0.003071
-0.002267
-0.000369
0.000259
-0.001249
-0.003198
-0.003490
-0.001349
0.002303
0.004902
0.004364
0.001994
0.000969
0.001982
0.003159
0.003323
0.002524
0.001051
0.000085
0.000899
0.002598
0.003216
0.002594
0.001982
0.001919
0.002026
0.001737
0.000599
-0.001132
-0.002416
-0.002817
-0.003166
-0.004048
-0.004834
-0.004766
-0.003933
-0.002986
-0.002500
-0.002527
-0.002550
-0.002037
-0.001080
-0.000282
-0.000076
-0.000348
-0.000550
-0.000107
0.000956
0.001904
0.002170
0.002028
0.002130
0.002787
0.003685
0.004060
0.003479
0.002525
0.002049
0.001934
0.001466
0.000534
-0.000389
-0.000982
-0.001166
-0.000978
-0.000721
-0.000729
-0.000905
-0.000921
-0.000721
-0.000638
-0.001008
-0.001647
-0.002016
-0.001974
-0.001841
-0.001812
-0.001797
-0.001648
-0.001229
-0.000535
0.000105
0.000379
0.000428
0.000550
0.000737
0.000822
0.000759
0.000617
0.000489
0.000485
0.000653
0.000877
0.001002
0.001021
0.001070
0.001245
0.001451
0.001514
0.001372
0.001078
0.000719
0.000422
0.000253
0.000102
-0.000142
-0.000376
-0.000409
-0.000280
-0.000245
-0.000427
-0.000674
-0.000861
-0.001007
-0.001028
-0.000833
-0.000652
-0.000774
-0.001138
-0.001434
-0.001358
-0.000794
-0.000088
-0.000145
-0.001619
-0.003465
-0.003441
-0.001090
0.000919
-0.000300
-0.003849
-0.005368
-0.002064
0.003715
0.007015
0.005740
0.002224
-0.000047
0.000633
0.003508
0.005554
0.004012
0.000225
-0.001409
0.000701
0.003624
0.004485
0.003272
0.001497
0.000853
0.001914
0.002817
0.001370
-0.001520
-0.003244
-0.003340
-0.003209
-0.003567
-0.004284
-0.005024
-0.004918
-0.003476
-0.001918
-0.001777
-0.002722
-0.003112
-0.002057
-0.000259
0.000725
0.000042
-0.001280
-0.001306
0.000348
0.002028
0.002277
0.001515
0.001202
0.002117
0.003692
0.004654
0.004297
0.003105
0.002118
0.002008
0.002487
0.002332
0.000669
-0.001592
-0.002589
-0.001878
-0.000786
-0.000514
-0.000980
-0.001326
-0.000962
-0.000192
0.000074
-0.000585
-0.001498
-0.001741
-0.001264
-0.000826
-0.001026
-0.001646
-0.001946
-0.001484
-0.000604
-0.000057
-0.000159
-0.000438
-0.000200
0.000569
0.001142
0.000965
0.000309
-0.000079
0.000224
0.000921
0.001331
0.001135
0.000672
0.000478
0.000725
0.001137
0.001320
0.001165
0.000960
0.001057
0.001377
0.001389
0.000796
0.000001
-0.000374
-0.000261
-0.000165
-0.000463
-0.000926
-0.001049
-0.000682
-0.000216
-0.000111
-0.000386
-0.000759
-0.001015
-0.001089
-0.001102
-0.001264
-0.001561
-0.001663
-0.001277
-0.000614
-0.000400
-0.001262
-0.002728
-0.003034
-0.001188
0.000660
-0.000761
-0.004379
-0.004814
-0.000114
0.004942
0.005881
0.003882
0.001754
0.000401
0.000987
0.004023
0.005936
0.003306
-0.000814
-0.001124
0.001959
0.004313
0.004423
0.003141
0.001598
0.001475
0.003026
0.003439
0.000875
-0.002294
-0.003474
-0.003424
-0.003528
-0.003712
-0.004167
-0.005124
-0.005197
-0.003484
-0.001824
-0.002090
-0.003275
-0.003305
-0.001895
-0.000420
-0.000099
-0.000894
-0.001572
-0.000883
0.000885
0.002187
0.002216
0.001728
0.001916
0.003080
0.004396
0.004831
0.004177
0.003037
0.002096
0.001724
0.001674
0.001096
-0.000364
-0.001696
-0.001754
-0.000996
-0.000673
-0.000888
-0.000933
-0.000657
-0.000420
-0.000446
-0.000750
-0.001166
-0.001377
-0.001297
-0.001176
-0.001220
-0.001397
-0.001440
-0.001019
-0.000163
0.000544
0.000535
0.000044
-0.000123
0.000348
0.000870
0.000747
0.000135
-0.000283
-0.000268
-0.000054
0.000090
0.000048
-0.000031
0.000134
0.000505
0.000705
0.000618
0.000548
0.000705
0.001003
0.001338
0.001563
0.001397
0.000901
0.000567
0.000521
0.000407
0.000089
-0.000213
-0.000314
-0.000228
-0.000152
-0.000327
-0.000677
-0.000821
-0.000609
-0.000389
-0.000538
-0.000928
-0.001155
-0.001127
-0.001066
-0.001150
-0.001330
-0.001330
-0.000878
-0.000010
0.000716
0.000368
-0.001449
-0.003469
-0.003426
-0.001093
0.000158
-0.002360
-0.005429
-0.003530
0.002574
0.006542
0.005614
0.002873
0.000909
0.000103
0.001700
0.005106
0.005429
0.000875
-0.002656
-0.000478
0.003815
0.005229
0.004121
0.002697
0.001905
0.002639
0.004178
0.003399
-0.000281
-0.003240
-0.003550
-0.003237
-0.003674
-0.004250
-0.005068
-0.006059
-0.005455
-0.003081
-0.001849
-0.003043
-0.004063
-0.002790
-0.000522
0.000524
-0.000096
-0.001280
-0.001557
-0.000287
0.001440
0.002048
0.001587
0.001384
0.002197
0.003722
0.005083
0.005310
0.004256
0.002962
0.002407
0.002441
0.002100
0.000621
-0.001510
-0.002650
-0.001990
-0.000906
-0.000969
-0.001587
-0.001407
-0.000655
-0.000274
-0.000294
-0.000441
-0.000896
-0.001518
-0.001671
-0.001341
-0.001285
-0.001695
-0.001760
-0.000952
0.000203
0.000845
0.000744
0.000540
0.000909
0.001554
0.001584
0.000842
0.000090
-0.000218
-0.000295
-0.000270
-0.000133
-0.000095
-0.000265
-0.000309
0.000074
0.000629
0.000837
0.000564
0.000273
0.000435
0.000815
0.000805
0.000369
0.000122
0.000423
0.000819
0.000750
0.000310
-0.000098
-0.000307
-0.000261
0.000060
0.000326
0.000114
-0.000390
-0.000614
-0.000400
-0.000141
-0.000270
-0.000780
-0.001210
-0.001147
-0.000761
-0.000573
-0.000656
-0.000634
-0.000402
-0.000226
-0.000147
0.000155
0.000708
0.000710
-0.000735
-0.003129
-0.004456
-0.003546
-0.002237
-0.002991
-0.004528
-0.003441
0.000191
0.003089
0.004097
0.004462
0.004006
0.002633
0.003145
0.006228
0.007108
0.003232
-0.000567
0.000215
0.002928
0.003411
0.002392
0.002166
0.002702
0.003332
0.003880
0.003696
0.002288
0.000137
-0.002212
-0.004331
-0.005516
-0.006100
-0.007618
-0.009817
-0.010185
-0.008304
-0.007084
-0.007696
-0.007384
-0.004392
-0.000947
0.000672
0.001447
0.002941
0.004457
0.004956
0.005080
0.005558
0.005686
0.004795
0.003930
0.004544
0.006180
0.006990
0.006431
0.005825
0.005936
0.005774
0.004288
0.001862
-0.000489
-0.002551
-0.004784
-0.007120
-0.008685
-0.008902
-0.008316
-0.007575
-0.006272
-0.004183
-0.002601
-0.002481
-0.002550
-0.001384
0.000065
0.000097
-0.000909
-0.001211
-0.000375
0.000545
0.001098
0.002128
0.003941
0.005342
0.005635
0.005749
0.006179
0.005847
0.004180
0.002428
0.001691
0.001308
0.000324
-0.000837
-0.001073
-0.000346
0.000165
-0.000143
-0.000548
-0.000578
-0.000855
-0.001841
-0.003045
-0.003851
-0.004286
-0.004623
-0.004693
-0.004112
-0.003059
-0.002096
-0.001286
-0.000195
0.001128
0.001951
0.001989
0.001818
0.001747
0.001408
0.000812
0.000685
0.001333
0.002166
0.002777
0.003558
0.004654
0.005109
0.004140
0.002572
0.001616
0.000840
-0.000869
-0.002941
-0.004209
-0.005907
-0.010046
-0.014708
-0.015702
-0.013843
-0.014123
-0.015608
-0.010889
0.000824
0.010717
0.015105
0.020420
0.028373
0.030802
0.024884
0.018982
0.017649
0.013885
0.002688
-0.008730
-0.011850
-0.009774
-0.010659
-0.013881
-0.013020
-0.008639
-0.007033
-0.008917
-0.009616
-0.008673
-0.010047
-0.013728
-0.014918
-0.011543
-0.006925
-0.004119
-0.001378
0.004411
0.011717
0.015670
0.015181
0.014056
0.014048
0.012187
0.007072
0.002283
0.000627
0.000006
-0.001545
-0.001717
0.001158
0.003973
0.003704
0.002199
0.002261
0.002543
0.000257
-0.003737
-0.006255
-0.006579
-0.006688
-0.007269
-0.006596
-0.003930
-0.001311
-0.000458
-0.000198
0.000827
0.001108
-0.001242
-0.004723
-0.006289
-0.005821
-0.005649
-0.006411
-0.006183
-0.003466
0.000676
0.003911
0.005726
0.007686
0.010080
0.011071
0.010286
0.009662
0.009763
0.008988
0.006738
0.004463
0.003334
0.002458
0.000251
-0.002769
-0.004648
-0.005626
-0.007481
-0.009699
-0.010313
-0.009334
-0.008365
-0.007701
-0.006155
-0.003595
-0.001358
-0.000202
0.000354
0.000970
0.001479
0.001234
0.000593
0.000659
0.001392
0.001990
0.002664
0.003999
0.005506
0.006298
0.006339
0.006109
0.005560
0.004302
0.002600
0.001206
0.000384
-0.000351
-0.001439
-0.002347
-0.002403
-0.002094
-0.002194
-0.002499
-0.002519
-0.002413
-0.002575
-0.002917
-0.002856
-0.002317
-0.002346
-0.003328
-0.003644
-0.002185
-0.000939
-0.002946
-0.008110
-0.012884
-0.014890
-0.015762
-0.016570
-0.013096
-0.001808
0.011945
0.020695
0.026397
0.034344
0.040696
0.038214
0.028967
0.020331
0.013167
0.003196
-0.008801
-0.016397
-0.017271
-0.016557
-0.018099
-0.018654
-0.015094
-0.011387
-0.012451
-0.016164
-0.017833
-0.017816
-0.018690
-0.019041
-0.015309
-0.007552
0.000535
0.006893
0.013151
0.020166
0.024774
0.024014
0.019813
0.015955
0.012638
0.007908
0.002788
0.000596
0.001586
0.002568
0.002150
0.002204
0.003304
0.002854
-0.000570
-0.004678
-0.007350
-0.009587
-0.012286
-0.013521
-0.011600
-0.007997
-0.005023
-0.002632
0.000386
0.003299
0.003949
0.002125
-0.000044
-0.001412
-0.003051
-0.005341
-0.006356
-0.004745
-0.002039
0.000003
0.002074
0.004985
0.006867
0.005716
0.003405
0.003204
0.004189
0.003400
0.002041
0.003407
0.006969
0.009625
0.010204
0.009912
0.009856
0.008686
0.004147
-0.002173
-0.006545
-0.009526
-0.013459
-0.016317
-0.015539
-0.012716
-0.009914
-0.007184
-0.004243
-0.001340
0.000339
0.000023
-0.000517
0.000415
0.001389
0.001084
0.001409
0.003973
0.006861
0.007962
0.008112
0.008578
0.008666
0.007278
0.004663
0.002190
0.000805
-0.000154
-0.001374
-0.001849
-0.000882
0.000133
-0.000087
-0.000880
-0.001418
-0.002345
-0.004192
-0.005984
-0.006732
-0.006555
-0.005758
-0.004304
-0.002285
-0.000242
0.001147
0.001903
0.002484
0.002470
0.001360
0.000263
0.000254
-0.000264
-0.004157
-0.011220
-0.016956
-0.017987
-0.016744
-0.015551
-0.009828
0.003888
0.018543
0.026309
0.030701
0.037363
0.041421
0.036001
0.024804
0.015408
0.007677
-0.002430
-0.013236
-0.018913
-0.018632
-0.017868
-0.019411
-0.019621
-0.016683
-0.015021
-0.017663
-0.021138
-0.021459
-0.019760
-0.018518
-0.016067
-0.009131
0.000981
0.009491
0.015005
0.020323
0.025819
0.027569
0.024061
0.019143
0.015765
0.012204
0.006958
0.002482
0.001353
0.002047
0.001385
-0.000642
-0.001756
-0.002178
-0.004516
-0.008903
-0.012372
-0.013524
-0.013967
-0.014370
-0.012797
-0.008327
-0.003162
0.000447
0.002948
0.005576
0.007428
0.006613
0.003664
0.001183
0.000016
-0.001265
-0.002904
-0.003172
-0.001458
0.000581
0.001588
0.002215
0.003227
0.003613
0.002160
-0.000473
-0.002800
-0.004161
-0.004109
-0.001867
0.002348
0.006648
0.009263
0.010355
0.011215
0.011873
0.010642
0.006792
0.002039
-0.002019
-0.005705
-0.009185
-0.011383
-0.011895
-0.011544
-0.010806
-0.009343
-0.007079
-0.004882
-0.003677
-0.003046
-0.001895
-0.000322
0.000897
0.002171
0.004398
0.006971
0.008402
0.008522
0.008314
0.007891
0.006407
0.003859
0.001444
-0.000114
-0.001239
-0.002131
-0.002078
-0.000852
0.000491
0.000999
0.000920
0.000722
0.000004
-0.001773
-0.004004
-0.005410
-0.005650
-0.005417
-0.004978
-0.003771
-0.001627
0.000672
0.002425
0.003613
0.004238
0.004095
0.003282
0.002061
0.000531
-0.001000
-0.002172
-0.004041
-0.009328
-0.018497
-0.026175
-0.026254
-0.019773
-0.011477
-0.001411
0.012027
0.025390
0.034639
0.040404
0.043357
0.041279
0.033196
0.021247
0.008802
-0.001362
-0.008970
-0.015330
-0.019751
-0.020484
-0.018740
-0.017575
-0.017643
-0.017717
-0.018253
-0.020689
-0.024037
-0.025226
-0.022677
-0.017671
-0.011679
-0.003888
0.006350
0.016463
0.023520
0.027594
0.029552
0.028773
0.024737
0.018602
0.012530
0.007911
0.004504
0.001863
0.000498
0.000456
0.000245
-0.001438
-0.004122
-0.007010
-0.010360
-0.014029
-0.016662
-0.017415
-0.016539
-0.014138
-0.010054
-0.004727
0.000658
0.004827
0.007394
0.008865
0.009289
0.007950
0.004937
0.001765
-0.000220
-0.001133
-0.001618
-0.001494
-0.000299
0.001446
0.002575
0.002600
0.001930
0.000924
-0.000563
-0.002358
-0.003545
-0.003555
-0.002944
-0.002314
-0.001007
0.001955
0.005580
0.007474
0.007229
0.006812
0.007149
0.007032
0.005638
0.003663
0.001874
0.000050
-0.002333
-0.004868
-0.006668
-0.007986
-0.009673
-0.011274
-0.011660
-0.010892
-0.009671
-0.007751
-0.004575
-0.000777
0.002525
0.005255
0.007814
0.009815
0.010403
0.009389
0.007609
0.005978
0.004421
0.002612
0.001163
0.000732
0.000815
0.000647
0.000400
0.000476
0.000404
-0.000563
-0.002208
-0.003544
-0.004079
-0.004296
-0.004695
-0.004822
-0.004064
-0.002933
-0.002164
-0.001378
-0.000166
0.000847
0.001311
0.001774
0.002165
0.001776
0.001241
0.001744
0.002341
0.001606
0.000796
0.001224
-0.000271
-0.008644
-0.021926
-0.029858
-0.026331
-0.017563
-0.010398
-0.001211
0.013873
0.028805
0.037557
0.042254
0.044681
0.041553
0.031110
0.016698
0.003749
-0.005177
-0.012409
-0.019590
-0.023210
-0.020936
-0.017203
-0.016515
-0.016860
-0.015623
-0.015773
-0.020083
-0.024999
-0.025645
-0.022306
-0.018014
-0.012584
-0.003113
0.009512
0.019921
0.025932
0.030226
0.033237
0.031848
0.025517
0.017837
0.011899
0.007307
0.002576
-0.001235
-0.001958
-0.000701
-0.000965
-0.003304
-0.005197
-0.006527
-0.010020
-0.015494
-0.019239
-0.019627
-0.018309
-0.016230
-0.012320
-0.005899
0.001416
0.006953
0.010069
0.012108
0.013055
0.011406
0.007595
0.004089
0.001905
0.000059
-0.001502
-0.001332
0.000654
0.002387
0.002555
0.002065
0.001760
0.000645
-0.002238
-0.005533
-0.007145
-0.007108
-0.006638
-0.005503
-0.002561
0.001694
0.004623
0.004756
0.004993
0.008147
0.010437
0.007282
0.002431
0.001425
0.001822
-0.000303
-0.002216
-0.000824
0.001330
0.001065
-0.001060
-0.002795
-0.003584
-0.005590
-0.009570
-0.011715
-0.009925
-0.007938
-0.007498
-0.004811
0.001123
0.005924
0.007430
0.008087
0.009492
0.010037
0.008126
0.004829
0.002502
0.001496
0.000030
-0.001858
-0.001623
0.000610
0.001340
-0.000009
-0.000412
0.000499
-0.000138
-0.003029
-0.005655
-0.006156
-0.005469
-0.005295
-0.005176
-0.003303
-0.000184
0.001565
0.001696
0.002443
0.003817
0.003794
0.002758
0.002627
0.003115
0.002839
0.001799
0.000841
0.000658
0.001030
0.000464
-0.002439
-0.008787
-0.019216
-0.028989
-0.028353
-0.016136
-0.004172
0.001350
0.009316
0.024557
0.036954
0.039163
0.037048
0.034961
0.027590
0.012837
-0.001067
-0.007566
-0.010784
-0.016454
-0.021591
-0.020134
-0.013881
-0.010330
-0.011763
-0.013685
-0.013816
-0.015492
-0.020396
-0.023980
-0.021719
-0.015708
-0.010202
-0.003845
0.006881
0.019061
0.026276
0.028168
0.029163
0.029489
0.025167
0.016260
0.008265
0.004452
0.002272
-0.001029
-0.003708
-0.003225
-0.001442
-0.002093
-0.004866
-0.006817
-0.008367
-0.012247
-0.017326
-0.019278
-0.017179
-0.014334
-0.012193
-0.008264
-0.001301
0.005678
0.009644
0.011415
0.012880
0.013203
0.010604
0.006107
0.002623
0.000963
-0.000520
-0.002254
-0.002304
0.000077
0.002444
0.002634
0.001915
0.002049
0.001678
-0.001090
-0.004752
-0.006462
-0.006198
-0.005789
-0.005186
-0.002754
0.001263
0.004469
0.005769
0.006374
0.006607
0.004741
0.000778
-0.002024
-0.002089
-0.002085
-0.003656
-0.004165
-0.001407
0.002666
0.004907
0.004782
0.003999
0.003255
0.000997
-0.003175
-0.006526
-0.007474
-0.007878
-0.008430
-0.007003
-0.003271
0.000251
0.002292
0.003969
0.005966
0.007064
0.005932
0.003416
0.001717
0.001341
0.000846
-0.000028
0.000340
0.002205
0.003576
0.003522
0.003110
0.002602
0.000903
-0.002115
-0.005044
-0.006686
-0.007232
-0.007413
-0.007067
-0.005454
-0.002872
-0.000602
0.000819
0.001905
0.002831
0.003131
0.002756
0.002364
0.002443
0.002653
0.002510
0.002370
0.002508
0.002074
0.001025
0.000938
0.001696
0.001160
-0.000524
-0.002001
-0.006697
-0.018599
-0.029473
-0.024548
-0.007761
-0.000096
-0.003040
0.005212
0.026470
0.036442
0.030489
0.028762
0.033042
0.025556
0.007143
-0.004230
-0.005325
-0.008079
-0.016521
-0.022214
-0.018404
-0.009937
-0.007437
-0.011984
-0.013657
-0.009889
-0.010803
-0.019310
-0.024005
-0.018841
-0.012195
-0.010382
-0.006718
0.005630
0.019843
0.025207
0.024415
0.027092
0.031064
0.026548
0.014901
0.006813
0.004862
0.002125
-0.003775
-0.007050
-0.004319
-0.000574
-0.001673
-0.005190
-0.005056
-0.003635
-0.008390
-0.017026
-0.020051
-0.016967
-0.015288
-0.016038
-0.013183
-0.005084
0.003094
0.007566
0.010282
0.013856
0.016212
0.013954
0.008977
0.006237
0.005733
0.003387
-0.000495
-0.001172
0.002096
0.004500
0.003224
0.001251
0.001678
0.002031
-0.001510
-0.006919
-0.009407
-0.009255
-0.009897
-0.010800
-0.008666
-0.003740
0.000404
0.002459
0.004594
0.007810
0.009519
0.007514
0.003949
0.002251
0.001797
-0.000294
-0.003666
-0.005037
-0.002882
0.000479
0.001519
0.000489
0.001225
0.003749
0.003223
-0.000719
-0.002703
-0.001625
-0.001664
-0.003362
-0.003172
-0.000519
0.001571
0.001464
0.000898
0.001935
0.003197
0.001746
-0.001227
-0.001785
-0.000429
-0.000875
-0.002418
-0.001420
0.001440
0.002718
0.002289
0.002322
0.002860
0.001926
-0.001110
-0.004016
-0.004580
-0.004211
-0.005423
-0.006683
-0.004826
-0.001091
0.001017
0.001686
0.003148
0.004848
0.004817
0.003394
0.002482
0.002525
0.002122
0.000731
0.000293
0.002100
0.003762
0.002898
0.001463
0.001878
0.002175
-0.000075
-0.002939
-0.003734
-0.003498
-0.004513
-0.006899
-0.010015
-0.014816
-0.021234
-0.023462
-0.015484
-0.003187
0.002288
0.004437
0.014816
0.028842
0.033067
0.029835
0.029094
0.027429
0.017781
0.005580
-0.001222
-0.004480
-0.009174
-0.014908
-0.017510
-0.014560
-0.009665
-0.009116
-0.012356
-0.013233
-0.011823
-0.013881
-0.018788
-0.019939
-0.015964
-0.011567
-0.008283
-0.002153
0.008288
0.017590
0.021105
0.022031
0.024515
0.025371
0.020260
0.012301
0.007123
0.004621
0.001377
-0.002900
-0.005321
-0.004379
-0.002539
-0.002907
-0.004295
-0.004090
-0.004486
-0.008592
-0.013297
-0.014045
-0.012467
-0.012178
-0.011943
-0.008529
-0.002330
0.003505
0.007245
0.009797
0.012153
0.013041
0.010912
0.007213
0.004533
0.002616
-0.000149
-0.002838
-0.003168
-0.001291
0.000276
0.000176
-0.000130
0.000676
0.000956
-0.001138
-0.004147
-0.005765
-0.006396
-0.007146
-0.006933
-0.004463
-0.000901
0.001758
0.003534
0.005856
0.008680
0.009869
0.008182
0.005435
0.003786
0.002414
-0.000368
-0.003695
-0.005733
-0.006204
-0.005430
-0.003924
-0.003197
-0.003555
-0.002768
-0.000044
0.002119
0.002280
0.001862
0.001836
0.001810
0.001636
0.001201
0.000395
-0.000287
-0.000653
-0.000908
-0.000689
-0.000218
-0.000690
-0.001649
-0.001140
0.000650
0.001662
0.001619
0.001900
0.002782
0.003389
0.003149
0.002112
0.000790
-0.000410
-0.001724
-0.003088
-0.003756
-0.003920
-0.004504
-0.004924
-0.003912
-0.002084
-0.000905
-0.000267
0.000696
0.001887
0.002730
0.003056
0.002972
0.002779
0.002796
0.002930
0.003093
0.003416
0.003399
0.002434
0.001205
0.000559
-0.000187
-0.001845
-0.003627
-0.004477
-0.004914
-0.006726
-0.011551
-0.018678
-0.023027
-0.018989
-0.008947
-0.001500
0.002227
0.009967
0.022255
0.029656
0.029765
0.029637
0.029432
0.022395
0.010483
0.002385
-0.001107
-0.005774
-0.012468
-0.016558
-0.015438
-0.011767
-0.010200
-0.011749
-0.012983
-0.012456
-0.013459
-0.017117
-0.019125
-0.017093
-0.014072
-0.011636
-0.006485
0.003025
0.012613
0.017864
0.020372
0.023713
0.026253
0.023868
0.017601
0.012194
0.008824
0.005138
0.000787
-0.001976
-0.002260
-0.001927
-0.002798
-0.004064
-0.004098
-0.004311
-0.007538
-0.012487
-0.015005
-0.014867
-0.015288
-0.016281
-0.014605
-0.009556
-0.003767
0.001013
0.005378
0.009739
0.012729
0.012985
0.011407
0.009961
0.008636
0.005949
0.002503
0.000955
0.001917
0.003001
0.002666
0.002138
0.002530
0.002463
0.000298
-0.002972
-0.005417
-0.007327
-0.009813
-0.011708
-0.010956
-0.008040
-0.005227
-0.003043
0.000015
0.004330
0.007880
0.008801
0.007843
0.006939
0.006178
0.004155
0.000780
-0.002285
-0.003844
-0.004418
-0.004505
-0.002733
0.001501
0.005147
0.005763
0.005642
0.006663
0.006210
0.002469
-0.002297
-0.005758
-0.007785
-0.009098
-0.010007
-0.009477
-0.006550
-0.002802
-0.000092
0.002447
0.005498
0.007137
0.006431
0.005291
0.004762
0.003500
0.000919
-0.001417
-0.001912
-0.000761
0.000334
0.000314
0.000188
0.000833
0.000964
-0.000349
-0.001767
-0.002494
-0.003680
-0.005425
-0.005964
-0.004678
-0.002840
-0.001221
0.000721
0.003354
0.005841
0.006846
0.006286
0.005460
0.004655
0.002718
-0.000098
-0.001916
-0.002264
-0.002315
-0.002546
-0.002531
-0.002474
-0.003867
-0.008586
-0.015749
-0.019576
-0.015291
-0.007540
-0.004279
-0.002518
0.006466
0.019410
0.025856
0.026644
0.028832
0.029289
0.021702
0.010703
0.003884
-0.000427
-0.006987
-0.014279
-0.017509
-0.015317
-0.011295
-0.009999
-0.011087
-0.010504
-0.008542
-0.009845
-0.014270
-0.016377
-0.014723
-0.013127
-0.012349
-0.008232
0.000655
0.009623
0.014735
0.018202
0.022899
0.026053
0.023809
0.018044
0.013109
0.009371
0.004701
-0.000585
-0.003943
-0.004380
-0.003902
-0.004585
-0.005254
-0.004015
-0.003098
-0.005863
-0.010371
-0.012368
-0.012354
-0.013343
-0.014611
-0.013213
-0.008937
-0.003850
0.000951
0.005702
0.010182
0.012952
0.012932
0.011231
0.009658
0.007809
0.004299
0.000332
-0.001294
-0.000361
0.000682
0.000721
0.001220
0.002906
0.003890
0.002471
-0.000372
-0.002998
-0.005561
-0.008546
-0.010795
-0.010859
-0.009001
-0.006504
-0.003757
-0.000195
0.003806
0.006171
0.005536
0.003499
0.002660
0.003168
0.003380
0.003247
0.004224
0.006231
0.007751
0.008408
0.008604
0.007580
0.004411
-0.000210
-0.004745
-0.008423
-0.011505
-0.014142
-0.015138
-0.013207
-0.009392
-0.005765
-0.002397
0.001505
0.004990
0.006626
0.006690
0.006220
0.005358
0.003820
0.002134
0.001463
0.002154
0.003203
0.003745
0.004201
0.004897
0.004820
0.003172
0.000707
-0.001643
-0.003883
-0.005955
-0.007136
-0.006936
-0.005687
-0.004074
-0.002420
-0.000478
0.001716
0.003019
0.002547
0.001424
0.001002
0.000572
-0.000597
-0.001425
-0.002050
-0.005481
-0.012895
-0.019258
-0.017511
-0.008313
-0.000815
0.001022
0.005298
0.016778
0.026260
0.026877
0.025596
0.026800
0.023035
0.011843
0.002505
-0.000411
-0.003070
-0.009411
-0.015249
-0.015789
-0.012010
-0.009398
-0.011099
-0.013552
-0.012974
-0.012581
-0.016088
-0.019539
-0.017953
-0.013873
-0.011543
-0.008519
-0.000341
0.010498
0.017244
0.019104
0.021530
0.025720
0.026159
0.020721
0.014437
0.010809
0.007589
0.002924
-0.001120
-0.002470
-0.002351
-0.003412
-0.005644
-0.006210
-0.004966
-0.006246
-0.011469
-0.015575
-0.015323
-0.014280
-0.015243
-0.015086
-0.011007
-0.005236
-0.000665
0.003159
0.007659
0.011753
0.012916
0.011200
0.009649
0.009548
0.008433
0.004944
0.001985
0.002344
0.004349
0.004704
0.003452
0.003040
0.003497
0.002181
-0.001438
-0.004735
-0.006567
-0.008690
-0.011407
-0.012222
-0.010063
-0.007044
-0.005016
-0.003120
0.000145
0.003879
0.005178
0.002932
-0.000043
-0.000610
0.000282
0.000304
0.000849
0.004163
0.008203
0.010214
0.011422
0.012991
0.012587
0.008642
0.003064
-0.001779
-0.005480
-0.009142
-0.013109
-0.015102
-0.013193
-0.009614
-0.007193
-0.004768
-0.000845
0.002490
0.003291
0.002848
0.002625
0.002050
0.000554
-0.000869
-0.000666
0.001348
0.003354
0.004080
0.004959
0.007147
0.008510
0.006996
0.004157
0.002062
0.000049
-0.002703
-0.004847
-0.005190
-0.004596
-0.004239
-0.003698
-0.001916
0.000400
0.001087
-0.000045
-0.000744
-0.000477
-0.001174
-0.003019
-0.004647
-0.008014
-0.015719
-0.022096
-0.017547
-0.005136
0.001660
0.002002
0.008611
0.022093
0.029059
0.027338
0.026611
0.026447
0.018916
0.006988
-0.000176
-0.002329
-0.005204
-0.010391
-0.014473
-0.013494
-0.008415
-0.006004
-0.009333
-0.012506
-0.011894
-0.012924
-0.018281
-0.021378
-0.018192
-0.013896
-0.012178
-0.008154
0.002146
0.013253
0.018253
0.019222
0.021840
0.024837
0.023134
0.017178
0.011663
0.008339
0.005503
0.002222
-0.000025
0.000418
0.001863
0.000487
-0.003145
-0.004461
-0.004119
-0.007819
-0.015040
-0.018978
-0.018139
-0.017150
-0.017226
-0.015093
-0.009723
-0.003601
0.001401
0.005708
0.010021
0.013180
0.013197
0.010712
0.008934
0.008801
0.007682
0.004612
0.002629
0.003798
0.005723
0.005529
0.004182
0.003698
0.002839
-0.000367
-0.004505
-0.007478
-0.010121
-0.013243
-0.015043
-0.014171
-0.011152
-0.006393
-0.000879
0.003424
0.006795
0.010601
0.012867
0.011448
0.008457
0.005764
0.002293
-0.001368
-0.003188
-0.003636
-0.003619
-0.002557
-0.000865
0.000526
0.001695
0.001860
0.000194
-0.001654
-0.002495
-0.003823
-0.005827
-0.006338
-0.005005
-0.003279
-0.001290
0.001210
0.003425
0.004969
0.005842
0.005592
0.004520
0.003399
0.001799
-0.000367
-0.001398
-0.000557
0.000601
0.001260
0.002312
0.003545
0.003393
0.001788
0.000144
-0.001173
-0.002940
-0.005493
-0.008762
-0.013279
-0.019287
-0.023523
-0.020251
-0.010138
-0.001894
0.001694
0.008355
0.019773
0.026714
0.026534
0.026162
0.025756
0.019407
0.009565
0.003508
0.001271
-0.001350
-0.005114
-0.008095
-0.008280
-0.005695
-0.004240
-0.006934
-0.010903
-0.013103
-0.015819
-0.020439
-0.022935
-0.020721
-0.017009
-0.014392
-0.009920
-0.000782
0.009280
0.014779
0.016726
0.019249
0.021258
0.019231
0.014492
0.010666
0.008156
0.005840
0.003913
0.003074
0.003758
0.005158
0.004692
0.001812
-0.000414
-0.001552
-0.005410
-0.011915
-0.015969
-0.016246
-0.016082
-0.015980
-0.013434
-0.008574
-0.003895
-0.000267
0.003158
0.006456
0.008242
0.007423
0.005098
0.003640
0.003711
0.003749
0.002889
0.002643
0.004513
0.007209
0.008243
0.007599
0.006897
0.005515
0.001700
-0.003171
-0.006166
-0.007558
-0.009446
-0.011223
-0.010558
-0.007462
-0.004100
-0.001513
0.001010
0.003666
0.005155
0.004469
0.002665
0.001724
0.001735
0.001015
-0.000411
-0.000228
0.002110
0.004219
0.004731
0.004800
0.005001
0.004068
0.001364
-0.001806
-0.004067
-0.005702
-0.007453
-0.008537
-0.007606
-0.005192
-0.002991
-0.001211
0.001079
0.003497
0.004513
0.003887
0.003010
0.002598
0.001833
0.000358
-0.000508
0.000308
0.001773
0.002368
0.002419
0.003013
0.003665
0.002999
0.001088
-0.000728
-0.002082
-0.003693
-0.005302
-0.005662
-0.004693
-0.003564
-0.002651
-0.001270
0.000578
0.001597
0.000644
-0.001867
-0.004345
-0.005783
-0.006570
-0.006883
-0.005554
-0.002126
0.001963
0.005982
0.010751
0.015428
0.017514
0.016839
0.015221
0.012769
0.008622
0.003668
-0.000634
-0.003994
-0.006453
-0.007963
-0.008750
-0.008758
-0.008015
-0.007692
-0.008680
-0.009976
-0.010588
-0.011174
-0.012089
-0.012163
-0.010518
-0.007590
-0.003980
0.000326
0.005235
0.009870
0.013314
0.015490
0.016545
0.016154
0.014214
0.011387
0.008475
0.005889
0.003689
0.001737
0.000086
-0.000903
-0.001365
-0.002172
-0.003662
-0.005269
-0.006860
-0.008796
-0.010664
-0.011722
-0.011938
-0.011377
-0.009764
-0.007197
-0.004074
-0.000646
0.002573
0.004946
0.006470
0.007240
0.006887
0.005689
0.004740
0.004204
0.003376
0.002544
0.002731
0.003901
0.004967
0.005160
0.004594
0.003832
0.003061
0.001730
-0.000572
-0.003135
-0.004946
-0.005945
-0.006483
-0.006425
-0.005749
-0.004900
-0.003943
-0.002623
-0.001295
-0.000642
-0.000698
-0.000815
-0.000432
0.000320
0.000885
0.001326
0.002346
0.003851
0.004875
0.005162
0.005176
0.004793
0.003622
0.001993
0.000508
-0.000729
-0.001904
-0.002974
-0.003556
-0.003432
-0.003105
-0.003071
-0.002825
-0.001837
-0.000802
-0.000538
-0.000602
-0.000093
0.000369
-0.001989
-0.008723
-0.015098
-0.013649
-0.005748
-0.000782
-0.000086
0.004905
0.014939
0.020775
0.020854
0.021777
0.022275
0.016096
0.006319
0.000346
-0.002216
-0.005618
-0.009994
-0.012757
-0.012020
-0.008416
-0.005829
-0.006667
-0.007984
-0.007634
-0.008893
-0.013073
-0.015321
-0.013202
-0.010906
-0.010450
-0.007268
0.001146
0.009769
0.013797
0.015492
0.018337
0.020277
0.018164
0.013588
0.009632
0.006532
0.003427
0.000695
-0.000547
0.000124
0.001024
-0.000153
-0.002299
-0.002605
-0.002684
-0.006245
-0.011541
-0.014030
-0.014100
-0.014583
-0.014481
-0.011546
-0.006963
-0.003035
0.000352
0.004352
0.008433
0.010586
0.009843
0.007844
0.006841
0.006578
0.005290
0.003367
0.003020
0.004447
0.005427
0.005021
0.004581
0.004466
0.002961
-0.000396
-0.003636
-0.005743
-0.007910
-0.010376
-0.011367
-0.009992
-0.007463
-0.004991
-0.002396
0.000671
0.003289
0.004200
0.003833
0.003684
0.003720
0.002738
0.001158
0.000703
0.001533
0.002251
0.002459
0.003018
0.003960
0.004149
0.003067
0.001434
-0.000092
-0.001797
-0.003962
-0.005709
-0.005931
-0.005036
-0.004304
-0.003722
-0.002275
-0.000181
0.001172
0.001402
0.001457
0.001884
0.002220
0.002017
0.001555
0.001388
0.001538
0.001579
0.001616
0.002228
0.002989
0.002675
0.001379
0.000367
-0.000439
-0.002505
-0.005814
-0.008280
-0.008776
-0.008315
-0.007412
-0.005141
-0.001587
0.001830
0.004717
0.007536
0.009743
0.010431
0.009668
0.007933
0.005693
0.003658
0.002035
0.000480
-0.000569
-0.000468
-0.000007
-0.000130
-0.000327
-0.000409
-0.001604
-0.004221
-0.006799
-0.008432
-0.009618
-0.010622
-0.010784
-0.009460
-0.006775
-0.003434
-0.000082
0.002961
0.005372
0.006741
0.007093
0.006962
0.006661
0.006005
0.004969
0.004145
0.004090
0.004465
0.004483
0.004112
0.003879
0.003588
0.002485
0.000558
-0.001614
-0.003783
-0.005786
-0.007217
-0.007886
-0.007886
-0.007228
-0.006007
-0.004481
-0.002708
-0.000774
0.000685
0.001139
0.001089
0.001215
0.001306
0.001077
0.000946
0.001232
0.001815
0.002760
0.004071
0.005104
0.005188
0.004430
0.003382
0.002352
0.001349
0.000261
-0.000976
-0.002050
-0.002507
-0.002445
-0.002219
-0.001771
-0.001173
-0.000966
-0.001126
-0.001030
-0.000805
-0.001152
-0.001938
-0.002389
-0.002204
-0.001587
-0.000798
0.000023
0.000860
0.001592
0.001971
0.002059
0.002096
0.001846
0.001003
0.000083
-0.000196
0.000029
0.000165
0.000003
-0.000174
0.000045
0.000496
0.000543
0.000164
-0.000857
-0.004402
-0.010754
-0.014823
-0.011899
-0.005776
-0.002898
-0.001168
0.005036
0.012931
0.016332
0.016927
0.018644
0.018241
0.012430
0.005634
0.002387
0.000752
-0.002164
-0.005561
-0.007244
-0.006266
-0.004149
-0.003927
-0.005908
-0.007379
-0.008336
-0.011363
-0.014971
-0.015111
-0.012909
-0.012262
-0.011624
-0.006753
0.000899
0.006236
0.008502
0.010788
0.013663
0.014755
0.013417
0.011493
0.010044
0.008480
0.006582
0.005391
0.005794
0.006720
0.005821
0.002940
0.000764
0.000049
-0.002234
-0.007213
-0.011459
-0.012875
-0.013551
-0.014532
-0.013844
-0.011027
-0.008156
-0.006016
-0.003429
-0.000059
0.002781
0.003815
0.003361
0.003143
0.004100
0.005093
0.005191
0.005587
0.007248
0.008892
0.009284
0.009069
0.008804
0.007591
0.004867
0.001624
-0.000950
-0.002846
-0.004751
-0.006648
-0.007510
-0.006856
-0.005831
-0.005547
-0.005416
-0.004656
-0.004021
-0.004262
-0.004450
-0.003606
-0.002320
-0.001327
-0.000194
0.001681
0.004017
0.005862
0.006563
0.006573
0.006595
0.006089
0.004382
0.002534
0.001655
0.000954
-0.000212
-0.000915
-0.000860
-0.001060
-0.001725
-0.002074
-0.002050
-0.002437
-0.003636
-0.005040
-0.005448
-0.004510
-0.003352
-0.002713
-0.001690
0.000249
0.001924
0.002571
0.003110
0.003978
0.004095
0.003128
0.002309
0.002144
0.001832
0.001274
0.001253
0.001605
0.001271
0.000112
-0.000848
-0.001049
-0.001249
-0.002245
-0.003539
-0.004171
-0.004111
-0.003787
-0.003108
-0.001836
-0.000244
0.001134
0.002093
0.002936
0.003921
0.004513
0.003984
0.002811
0.002110
0.001857
0.001336
0.000682
0.000389
0.000267
0.000029
-0.000144
-0.000213
-0.000549
-0.001384
-0.002452
-0.003251
-0.003674
-0.004155
-0.004779
-0.004863
-0.004023
-0.002781
-0.001611
-0.000339
0.001170
0.002491
0.003087
0.003003
0.002827
0.002770
0.002312
0.001354
0.000794
0.001213
0.002054
0.002678
0.003197
0.003897
0.004436
0.004051
0.002698
0.001282
0.000166
-0.001393
-0.003528
-0.005092
-0.005420
-0.005130
-0.004830
-0.004383
-0.003545
-0.002455
-0.001526
-0.001025
-0.000771
-0.000547
-0.000426
-0.000208
0.000578
0.001750
0.002617
0.003054
0.003422
0.003717
0.003583
0.002931
0.002126
0.001506
0.001023
0.000611
0.000411
0.000330
0.000136
-0.000056
-0.000497
-0.002661
-0.007467
-0.012505
-0.013681
-0.010678
-0.007380
-0.005242
-0.001202
0.005503
0.011009
0.013630
0.015542
0.016560
0.014071
0.008998
0.004938
0.002759
0.000866
-0.001372
-0.003106
-0.003188
-0.001618
-0.000326
-0.000868
-0.002353
-0.004050
-0.007061
-0.010954
-0.013119
-0.013190
-0.013355
-0.013551
-0.011179
-0.005913
-0.000548
0.003114
0.005821
0.008285
0.009751
0.009597
0.008540
0.007532
0.006552
0.005347
0.004654
0.005578
0.007625
0.008650
0.007730
0.006453
0.005814
0.004156
0.000294
-0.004061
-0.007147
-0.009537
-0.011749
-0.012497
-0.011145
-0.009213
-0.007999
-0.006867
-0.004837
-0.002453
-0.001186
-0.001381
-0.001705
-0.001071
0.000000
0.000932
0.002434
0.004859
0.007086
0.008441
0.009709
0.011123
0.011298
0.009346
0.006451
0.004109
0.002130
-0.000250
-0.002561
-0.003905
-0.004386
-0.004567
-0.004532
-0.004263
-0.004143
-0.004559
-0.005369
-0.006003
-0.006088
-0.005901
-0.005877
-0.005615
-0.004139
-0.001539
0.000922
0.002716
0.004426
0.006033
0.006738
0.006556
0.006193
0.005628
0.004472
0.003077
0.002123
0.001811
0.001771
0.001333
0.000483
0.000135
0.000271
-0.000490
-0.002277
-0.003683
-0.004448
-0.005272
-0.005713
-0.005152
-0.004166
-0.003177
-0.001966
-0.000661
0.000633
0.001831
0.002147
0.001613
0.001640
0.002269
0.002140
0.001657
0.002014
0.002447
0.002189
0.002171
0.002539
0.002207
0.001157
-0.000029
-0.001365
-0.002435
-0.002765
-0.003055
-0.003558
-0.003261
-0.002210
-0.001465
-0.000774
0.000454
0.001253
0.000970
0.000791
0.001386
0.001672
0.001160
0.000874
0.001275
0.001575
0.001415
0.001321
0.001400
0.001166
0.000485
-0.000259
-0.000638
-0.000672
-0.001015
-0.001885
-0.002236
-0.001520
-0.000918
-0.001092
-0.001033
-0.000512
-0.000605
-0.001195
-0.001168
-0.000732
-0.000742
-0.000933
-0.000665
0.000047
0.000903
0.001595
0.002026
0.002557
0.003211
0.003330
0.002843
0.002411
0.001945
0.000855
-0.000423
-0.001003
-0.001043
-0.001335
-0.001974
-0.002262
-0.001783
-0.001119
-0.001017
-0.001192
-0.000985
-0.000746
-0.001083
-0.001522
-0.001462
-0.001311
-0.001381
-0.001079
-0.000054
0.001117
0.001810
0.002061
0.002167
0.002185
0.002038
0.001753
0.001446
0.001182
0.000806
0.000199
-0.000192
0.000048
0.000292
-0.000162
-0.000745
-0.000762
-0.000674
-0.000924
-0.001156
-0.001275
-0.001462
-0.001425
-0.001064
-0.000804
-0.000680
-0.000467
-0.000249
0.000088
0.000656
0.000942
0.000777
0.000799
0.001078
0.001045
0.000786
0.000652
0.000492
0.000323
0.000452
0.000758
0.000946
0.000925
0.000543
-0.000120
-0.000574
-0.000802
-0.001283
-0.001943
-0.002315
-0.002346
-0.002117
-0.001562
-0.000807
-0.000091
0.000511
0.000957
0.001293
0.001663
0.001873
0.001580
0.001000
0.000645
0.000634
0.000811
0.001051
0.001177
0.001084
0.000974
0.001001
0.000954
0.000563
-0.000189
-0.001086
-0.001772
-0.002045
-0.002126
-0.002301
-0.002356
-0.001886
-0.001098
-0.000546
-0.000205
0.000296
0.000856
0.001130
0.001135
0.001052
0.000868
0.000515
0.000076
-0.000209
-0.000193
-0.000082
-0.000125
-0.000153
0.000121
0.000594
0.001001
0.001308
0.001523
0.001510
0.001206
0.000637
-0.000484
-0.002896
-0.006562
-0.009235
-0.008516
-0.005719
-0.003877
-0.002338
0.001251
0.005543
0.008111
0.009668
0.010742
0.009726
0.006890
0.004406
0.002757
0.001524
0.000748
-0.000154
-0.001030
-0.000378
0.001077
0.000928
-0.000416
-0.001632
-0.003995
-0.007745
-0.010175
-0.010470
-0.010503
-0.010493
-0.009094
-0.006127
-0.002281
0.001354
0.003476
0.004324
0.005095
0.005465
0.004889
0.004433
0.004534
0.004236
0.003960
0.005132
0.007106
0.007902
0.007159
0.006004
0.004956
0.003361
0.000600
-0.002665
-0.005070
-0.006358
-0.007289
-0.007716
-0.006816
-0.005135
-0.004076
-0.003703
-0.003117
-0.002366
-0.002234
-0.002757
-0.003283
-0.003391
-0.002879
-0.001561
0.000406
0.002473
0.004178
0.005481
0.006631
0.007628
0.007854
0.006746
0.004749
0.002864
0.001445
0.000277
-0.000602
-0.001053
-0.001243
-0.001238
-0.000857
-0.000334
-0.000354
-0.001216
-0.002546
-0.003828
-0.004857
-0.005648
-0.005993
-0.005466
-0.004114
-0.002539
-0.001016
0.000722
0.002509
0.003596
0.003716
0.003332
0.002856
0.002366
0.001808
0.001209
0.000905
0.001269
0.002050
0.002613
0.002773
0.002723
0.002366
0.001472
0.000233
-0.001006
-0.002201
-0.003334
-0.004094
-0.004068
-0.003261
-0.002297
-0.001679
-0.001121
-0.000223
0.000666
0.000914
0.000560
0.000172
-0.000017
-0.000224
-0.000465
-0.000377
0.000269
0.001246
0.002043
0.002339
0.002341
0.002416
0.002341
0.001477
-0.000135
-0.001542
-0.002096
-0.002143
-0.002206
-0.002170
-0.001641
-0.000748
-0.000080
0.000223
0.000569
0.000899
0.000692
0.000182
0.000105
0.000323
0.000214
-0.000020
0.000195
0.000739
0.001152
0.001275
0.001168
0.000958
0.000669
0.000112
-0.000624
-0.001052
-0.001137
-0.001344
-0.001653
-0.001638
-0.001355
-0.001099
-0.000732
-0.000112
0.000398
0.000504
0.000524
0.000855
0.001280
0.001300
0.000967
0.000841
0.001080
0.001228
0.000979
0.000554
0.000275
0.000197
0.000108
-0.000276
-0.000954
-0.001516
-0.001633
-0.001432
-0.001252
-0.001257
-0.001236
-0.000831
-0.000122
0.000381
0.000540
0.000698
0.000856
0.000711
0.000402
0.000284
0.000296
0.000191
0.000013
0.000043
0.000363
0.000716
0.000949
0.001158
0.001219
0.000894
0.000424
0.000079
-0.000505
-0.001455
-0.002068
-0.001983
-0.001689
-0.001510
-0.001194
-0.000479
0.000492
0.001182
0.001220
0.000996
0.000993
0.000821
0.000154
-0.000266
0.000053
0.000367
0.000195
0.000158
0.000559
0.000792
0.000526
0.000188
0.000156
0.000265
0.000100
-0.000518
-0.001280
-0.001616
-0.001359
-0.000941
-0.000723
-0.000547
-0.000145
0.000362
0.000573
0.000379
0.000260
0.000573
0.000826
0.000466
-0.000060
-0.000082
0.000216
0.000400
0.000463
0.000405
0.000242
0.000314
0.000733
0.001053
0.000906
0.000323
-0.000416
-0.000825
-0.000690
-0.000487
-0.000633
-0.000814
-0.000686
-0.000428
-0.000228
-0.000111
-0.000189
-0.000349
-0.000263
-0.000155
-0.000506
-0.000991
-0.000993
-0.000733
-0.000687
-0.000586
0.000025
0.000958
0.001696
0.001887
0.001651
0.001623
0.001931
0.001730
0.000781
0.000018
-0.000264
-0.000724
-0.001230
-0.001036
-0.000432
-0.000284
-0.000521
-0.000529
-0.000309
-0.000285
-0.000579
-0.000955
-0.001166
-0.001203
-0.001187
-0.001030
-0.000565
0.000096
0.000807
0.001614
0.002206
0.002091
0.001641
0.001547
0.001414
0.000618
-0.000309
-0.000708
-0.000887
-0.001243
-0.001639
-0.001755
-0.001229
-0.000126
0.000680
0.000653
0.000342
0.000077
-0.000461
-0.001003
-0.001025
-0.000850
-0.000827
-0.000611
-0.000008
0.000768
0.001526
0.001966
0.001878
0.001580
0.001257
0.000573
-0.000343
-0.000840
-0.000824
-0.000642
-0.000467
-0.000307
0.000068
0.000825
0.001340
0.000912
0.000041
-0.000385
-0.000580
-0.001245
-0.002255
-0.002902
-0.002793
-0.002090
-0.001204
-0.000258
0.000921
0.002044
0.002511
0.002471
0.002385
0.001854
0.000535
-0.000565
-0.000544
-0.000119
-0.000139
-0.000184
0.000289
0.000991
0.001410
0.001314
0.000764
-0.000002
-0.000788
-0.001395
-0.001610
-0.001605
-0.001837
-0.002149
-0.001915
-0.001177
-0.000479
0.000171
0.000965
0.001454
0.001209
0.000626
0.000231
-0.000024
-0.000337
-0.000527
-0.000184
0.000691
0.001513
0.001963
0.002246
0.002140
0.001186
0.000055
-0.000244
-0.000270
-0.001025
-0.001941
-0.002008
-0.001449
-0.000990
-0.000831
-0.000757
-0.000419
0.000192
0.000517
0.000361
0.000175
-0.000002
-0.000435
-0.000791
-0.000710
-0.000426
-0.000124
0.000275
0.000667
0.001008
0.001522
0.002113
0.002270
0.001760
0.000879
0.000105
-0.000326
-0.000621
-0.000965
-0.001111
-0.000948
-0.000875
-0.000978
-0.000725
-0.000127
-0.000058
-0.000774
-0.001289
-0.000952
-0.000427
-0.000490
-0.000845
-0.000642
0.000281
0.001162
0.001469
0.001522
0.001563
0.001340
0.000916
0.000726
0.000748
0.000466
-0.000206
-0.000710
-0.000719
-0.000455
-0.000162
0.000032
-0.000018
-0.000300
-0.000648
-0.000923
-0.000998
-0.000887
-0.000862
-0.001020
-0.001025
-0.000649
-0.000099
0.000410
0.000893
0.001238
0.001217
0.001036
0.001155
0.001427
0.001323
0.000753
0.000037
-0.000383
-0.000326
-0.000350
-0.000851
-0.001013
-0.000269
0.000380
0.000178
-0.000102
0.000090
0.000080
-0.000644
-0.001630
-0.002117
-0.001770
-0.001077
-0.000756
-0.000533
0.000298
0.001311
0.001730
0.001900
0.002252
0.002181
0.001331
0.000457
0.000147
0.000075
-0.000225
-0.000739
-0.000955
-0.000436
0.000298
0.000379
0.000025
-0.000124
-0.000286
-0.000820
-0.001463
-0.001889
-0.001908
-0.001404
-0.000724
-0.000373
-0.000143
0.000535
0.001493
0.001922
0.001499
0.000786
0.000450
0.000475
0.000313
-0.000308
-0.000925
-0.000923
-0.000337
0.000324
0.000786
0.001108
0.001286
0.001183
0.000774
0.000116
-0.000755
-0.001665
-0.002161
-0.001828
-0.000906
-0.000250
-0.000228
-0.000140
0.000696
0.001758
0.001930
0.001011
-0.000091
-0.000582
-0.000603
-0.000673
-0.000760
-0.000390
0.000380
0.000795
0.000538
0.000302
0.000549
0.000659
0.000107
-0.000619
-0.000927
-0.000889
-0.000734
-0.000416
-0.000048
-0.000052
-0.000345
-0.000204
0.000463
0.000701
-0.000000
-0.000799
-0.000782
-0.000219
0.000234
0.000544
0.000832
0.000979
0.001060
0.001264
0.001360
0.000848
-0.000220
-0.001008
-0.000861
-0.000264
-0.000208
-0.000628
-0.000458
0.000422
0.000741
0.000012
-0.000665
-0.000675
-0.000762
-0.001326
-0.001726
-0.001513
-0.000990
-0.000507
0.000029
0.000813
0.001566
0.001772
0.001557
0.001442
0.001235
0.000483
-0.000348
-0.000523
-0.000238
-0.000113
-0.000218
-0.000193
0.000241
0.000956
0.001336
0.000915
0.000000
-0.000803
-0.001293
-0.001620
-0.001888
-0.001943
-0.001458
-0.000419
0.000530
0.000788
0.000722
0.000997
0.001307
0.000876
-0.000189
-0.001057
-0.001239
-0.000875
-0.000340
0.000226
0.000956
0.001688
0.001933
0.001794
0.001886
0.001947
0.000981
-0.000811
-0.001942
-0.001835
-0.001436
-0.001451
-0.001473
-0.000961
-0.000062
0.000593
0.000517
-0.000109
-0.000710
-0.001076
-0.001243
-0.001103
-0.000746
-0.000346
0.000200
0.000775
0.001077
0.001374
0.001930
0.002254
0.001909
0.001153
0.000357
-0.000236
-0.000430
-0.000428
-0.000658
-0.001021
-0.000976
-0.000338
0.000535
0.001105
0.000921
0.000110
-0.000546
-0.000724
-0.001005
-0.001691
-0.002325
-0.002365
-0.001527
-0.000119
0.000902
0.001126
0.001220
0.001530
0.001538
0.001070
0.000587
0.000321
0.000105
-0.000178
-0.000381
-0.000185
0.000386
0.000725
0.000532
0.000346
0.000434
0.000223
-0.000513
-0.001132
-0.001286
-0.001369
-0.001507
-0.001248
-0.000456
0.000342
0.000689
0.000711
0.000751
0.000900
0.001034
0.000935
0.000429
-0.000303
-0.000671
-0.000281
0.000356
0.000362
-0.000074
0.000021
0.000550
0.000489
-0.000175
-0.000538
-0.000506
-0.000738
-0.001279
-0.001399
-0.000751
-0.000006
0.000115
-0.000003
0.000343
0.000821
0.000727
0.000320
0.000321
0.000650
0.000715
0.000488
0.000373
0.000419
0.000385
0.000152
-0.000232
-0.000493
-0.000331
0.000017
-0.000015
-0.000433
-0.000666
-0.000398
0.000020
0.000026
-0.000321
-0.000355
-0.000009
0.000002
-0.000368
-0.000384
-0.000093
-0.000229
-0.000668
-0.000635
-0.000099
0.000272
0.000205
0.000125
0.000411
0.000766
0.000724
0.000476
0.000488
0.000593
0.000368
0.000085
0.000314
0.000944
0.001297
0.000930
0.000124
-0.000442
-0.000599
-0.000820
-0.001349
-0.001835
-0.001846
-0.001233
-0.000315
0.000189
-0.000024
-0.000345
-0.000146
0.000354
0.000621
0.000571
0.000397
0.000258
0.000259
0.000387
0.000597
0.000841
0.000843
0.000441
0.000043
0.000011
0.000066
-0.000099
-0.000305
-0.000299
-0.000082
0.000120
0.000062
-0.000103
-0.000022
0.000062
-0.000388
-0.001060
-0.001089
-0.000473
-0.000060
-0.000214
-0.000393
-0.000011
0.000724
0.001023
0.000650
0.000262
0.000206
0.000049
-0.000283
-0.000299
-0.000033
0.000034
-0.000072
0.000055
0.000426
0.000614
0.000342
-0.000113
-0.000267
-0.000175
-0.000336
-0.000784
-0.001014
-0.000810
-0.000435
-0.000102
0.000166
0.000407
0.000764
0.001187
0.001233
0.000767
0.000336
0.000287
0.000232
-0.000146
-0.000538
-0.000577
-0.000338
-0.000132
-0.000146
-0.000247
-0.000229
-0.000233
-0.000489
-0.000784
-0.000775
-0.000568
-0.000514
-0.000595
-0.000445
-0.000004
0.000358
0.000469
0.000567
0.000881
0.001304
0.001452
0.001183
0.000893
0.000898
0.000827
0.000245
-0.000497
-0.000748
-0.000536
-0.000405
-0.000569
-0.000703
-0.000572
-0.000487
-0.000720
-0.000920
-0.000809
-0.000690
-0.000674
-0.000412
0.000123
0.000552
0.000672
0.000502
0.000212
0.000170
0.000412
0.000392
-0.000062
-0.000286
0.000146
0.000733
0.000876
0.000687
0.000621
0.000738
0.000627
0.000029
-0.000674
-0.000918
-0.000766
-0.000680
-0.000727
-0.000606
-0.000272
0.000025
0.000158
0.000202
0.000193
0.000138
0.000088
0.000015
-0.000121
-0.000231
-0.000209
-0.000054
0.000140
0.000290
0.000440
0.000582
0.000564
0.000433
0.000388
0.000275
-0.000170
-0.000652
-0.000694
-0.000420
-0.000331
-0.000516
-0.000557
-0.000188
0.000323
0.000545
0.000410
0.000271
0.000387
0.000444
0.000002
-0.000682
-0.000925
-0.000603
-0.000237
-0.000182
-0.000220
-0.000001
0.000388
0.000608
0.000631
0.000616
0.000454
0.000046
-0.000289
-0.000228
0.000038
0.000086
-0.000129
-0.000213
0.000140
0.000676
0.000808
0.000426
0.000037
-0.000080
-0.000233
-0.000646
-0.001059
-0.001150
-0.000905
-0.000528
-0.000213
0.000032
0.000343
0.000723
0.000929
0.000785
0.000442
0.000194
0.000078
-0.000149
-0.000495
-0.000584
-0.000311
-0.000042
0.000047
0.000169
0.000411
0.000566
0.000443
0.000101
-0.000201
-0.000326
-0.000369
-0.000362
-0.000208
0.000042
0.000126
-0.000044
-0.000192
-0.000112
0.000053
0.000157
0.000224
0.000251
0.000273
0.000395
0.000504
0.000346
0.000042
-0.000033
0.000032
-0.000167
-0.000531
-0.000618
-0.000465
-0.000441
-0.000499
-0.000336
-0.000031
0.000133
0.000136
0.000062
-0.000066
-0.000143
-0.000061
0.000107
0.000203
0.000176
0.000147
0.000237
0.000333
0.000232
-0.000017
-0.000189
-0.000164
0.000049
0.000319
0.000370
0.000127
-0.000068
0.000051
0.000296
0.000378
0.000228
0.000031
0.000079
0.000278
0.000129
-0.000411
-0.000765
-0.000700
-0.000574
-0.000542
-0.000408
-0.000190
-0.000055
0.000029
0.000102
0.000148
0.000268
0.000428
0.000409
0.000287
0.000315
0.000434
0.000394
0.000095
-0.000281
-0.000354
-0.000071
0.000086
-0.000108
-0.000221
-0.000008
0.000161
0.000043
-0.000097
-0.000053
0.000034
-0.000014
-0.000188
-0.000331
-0.000348
-0.000365
-0.000451
-0.000412
-0.000194
-0.000048
-0.000046
0.000018
0.000171
0.000273
0.000367
0.000562
0.000770
0.000849
0.000830
0.000812
0.000711
0.000344
-0.000182
-0.000541
-0.000708
-0.000900
-0.001056
-0.000892
-0.000485
-0.000222
-0.000150
-0.000002
0.000200
0.000168
-0.000113
-0.000316
-0.000210
0.000009
-0.000036
-0.000252
-0.000145
0.000330
0.000737
0.000935
0.001072
0.001031
0.000661
0.000247
0.000057
-0.000199
-0.000761
-0.001151
-0.000883
-0.000307
-0.000062
-0.000132
0.000015
0.000470
0.000711
0.000475
0.000087
-0.000188
-0.000362
-0.000369
-0.000241
-0.000262
-0.000416
-0.000301
0.000063
0.000161
-0.000075
-0.000191
-0.000090
-0.000086
-0.000259
-0.000409
-0.000364
-0.000094
0.000261
0.000546
0.000743
0.000789
0.000676
0.000702
0.000972
0.000958
0.000294
-0.000479
-0.000680
-0.000499
-0.000536
-0.000804
-0.000822
-0.000461
-0.000158
-0.000214
-0.000376
-0.000351
-0.000256
-0.000227
-0.000149
-0.000016
0.000043
0.000129
0.000447
0.000838
0.000912
0.000670
0.000517
0.000582
0.000555
0.000267
-0.000110
-0.000393
-0.000533
-0.000570
-0.000565
-0.000524
-0.000421
-0.000253
-0.000007
0.000243
0.000289
0.000073
-0.000156
-0.000188
-0.000103
-0.000004
0.000190
0.000438
0.000449
0.000187
0.000069
0.000292
0.000443
0.000137
-0.000364
-0.000532
-0.000335
-0.000188
-0.000250
-0.000320
-0.000333
-0.000373
-0.000376
-0.000267
-0.000127
-0.000032
0.000063
0.000186
0.000254
0.000248
0.000304
0.000435
0.000452
0.000303
0.000201
0.000326
0.000507
0.000446
0.000252
0.000258
0.000360
0.000221
-0.000087
-0.000289
-0.000452
-0.000757
-0.000988
-0.000821
-0.000431
-0.000239
-0.000297
-0.000331
-0.000209
-0.000082
-0.000072
-0.000042
0.000131
0.000254
0.000158
0.000058
0.000183
0.000383
0.000376
0.000242
0.000362
0.000714
0.000776
0.000465
0.000346
0.000561
0.000488
-0.000117
-0.000599
-0.000539
-0.000429
-0.000674
-0.000939
-0.000869
-0.000586
-0.000367
-0.000323
-0.000341
-0.000222
0.000030
0.000223
0.000271
0.000284
0.000400
0.000571
0.000604
0.000473
0.000359
0.000354
0.000413
0.000516
0.000625
0.000592
0.000309
-0.000126
-0.000446
-0.000453
-0.000296
-0.000351
-0.000687
-0.000864
-0.000629
-0.000391
-0.000521
-0.000721
-0.000527
0.000001
0.000355
0.000216
-0.000155
-0.000245
0.000102
0.000472
0.000457
0.000300
0.000456
0.000836
0.001013
0.000845
0.000589
0.000500
0.000448
0.000160
-0.000290
-0.000595
-0.000748
-0.000975
-0.001108
-0.000769
-0.000276
-0.000327
-0.000723
-0.000591
0.000114
0.000447
-0.000019
-0.000480
-0.000135
0.000611
0.000854
0.000590
0.000595
0.001080
0.001332
0.000863
0.000180
-0.000025
0.000082
-0.000092
-0.000534
-0.000755
-0.000642
-0.000511
-0.000496
-0.000447
-0.000322
-0.000277
-0.000366
-0.000438
-0.000367
-0.000205
-0.000080
-0.000050
-0.000042
0.000068
0.000252
0.000342
0.000312
0.000353
0.000570
0.000734
0.000532
0.000129
0.000099
0.000509
0.000656
0.000164
-0.000374
-0.000353
-0.000020
-0.000018
-0.000457
-0.000777
-0.000543
-0.000040
0.000164
-0.000066
-0.000377
-0.000413
-0.000173
0.000042
0.000006
-0.000142
-0.000103
0.000112
0.000231
0.000165
0.000042
-0.000101
-0.000263
-0.000246
0.000077
0.000412
0.000395
0.000186
0.000276
0.000701
0.000906
0.000554
0.000033
-0.000143
-0.000057
-0.000153
-0.000485
-0.000641
-0.000431
-0.000197
-0.000257
-0.000434
-0.000374
-0.000128
-0.000058
-0.000240
-0.000370
-0.000246
0.000003
0.000153
0.000119
0.000050
0.000205
0.000534
0.000608
0.000338
0.000206
0.000443
0.000637
0.000491
0.000271
0.000216
0.000111
-0.000222
-0.000459
-0.000220
0.000186
0.000085
-0.000536
-0.000954
-0.000759
-0.000374
-0.000317
-0.000464
-0.000370
0.000027
0.000351
0.000287
0.000005
-0.000072
0.000052
-0.000035
-0.000306
-0.000272
0.000117
0.000426
0.000519
0.000645
0.000901
0.001040
0.000805
0.000318
0.000010
0.000020
-0.000024
-0.000335
-0.000591
-0.000622
-0.000700
-0.000782
-0.000526
-0.000142
-0.000079
-0.000214
-0.000230
-0.000180
-0.000189
-0.000159
-0.000044
0.000009
-0.000017
0.000143
0.000566
0.000823
0.000628
0.000393
0.000496
0.000580
0.000276
-0.000034
0.000039
0.000104
-0.000262
-0.000683
-0.000625
-0.000279
-0.000194
-0.000356
-0.000269
0.000075
0.000141
-0.000130
-0.000238
-0.000110
-0.000137
-0.000311
-0.000250
-0.000005
0.000034
-0.000067
0.000103
0.000490
0.000664
0.000600
0.000624
0.000746
0.000677
0.000341
-0.000098
-0.000493
-0.000717
-0.000642
-0.000347
-0.000132
-0.000106
-0.000012
0.000250
0.000285
-0.000148
-0.000581
-0.000553
-0.000380
-0.000556
-0.000862
-0.000681
-0.000005
0.000497
0.000528
0.000564
0.000897
0.001123
0.000943
0.000610
0.000347
0.000055
-0.000251
-0.000328
-0.000218
-0.000292
-0.000543
-0.000504
-0.000108
0.000123
-0.000055
-0.000293
-0.000280
-0.000160
-0.000207
-0.000366
-0.000403
-0.000300
-0.000130
0.000174
0.000544
0.000727
0.000716
0.000743
0.000764
0.000438
-0.000241
-0.000751
-0.000710
-0.000440
-0.000473
-0.000705
-0.000595
-0.000084
0.000328
0.000417
0.000443
0.000524
0.000482
0.000333
0.000289
0.000244
-0.000058
-0.000377
-0.000284
0.000027
0.000003
-0.000323
-0.000412
-0.000151
0.000033
-0.000082
-0.000278
-0.000335
-0.000274
-0.000222
-0.000215
-0.000207
-0.000143
0.000074
0.000494
0.000877
0.000884
0.000633
0.000645
0.000991
0.001022
0.000356
-0.000444
-0.000694
-0.000567
-0.000699
-0.001145
-0.001306
-0.000911
-0.000420
-0.000181
0.000075
0.000470
0.000600
0.000304
0.000004
-0.000011
0.000020
-0.000116
-0.000187
0.000079
0.000493
0.000690
0.000701
0.000764
0.000800
0.000542
0.000027
-0.000404
-0.000575
-0.000634
-0.000699
-0.000667
-0.000470
-0.000224
-0.000029
0.000101
0.000099
-0.000054
-0.000153
-0.000043
0.000048
-0.000136
-0.000367
-0.000263
0.000094
0.000318
0.000327
0.000375
0.000527
0.000593
0.000528
0.000434
0.000303
0.000096
-0.000129
-0.000278
-0.000327
-0.000377
-0.000488
-0.000542
-0.000447
-0.000273
-0.000052
0.000229
0.000380
0.000182
-0.000190
-0.000355
-0.000281
-0.000217
-0.000173
0.000095
0.000525
0.000707
0.000483
0.000177
0.000083
0.000076
-0.000050
-0.000207
-0.000252
-0.000241
-0.000212
-0.000082
0.000062
0.000029
-0.000071
0.000023
0.000256
0.000360
0.000283
0.000195
0.000145
-0.000009
-0.000286
-0.000446
-0.000272
0.000121
0.000372
0.000307
0.000147
0.000140
0.000185
0.000073
-0.000214
-0.000559
-0.000860
-0.000989
-0.000835
-0.000508
-0.000301
-0.000221
0.000075
0.000598
0.000870
0.000727
0.000527
0.000480
0.000407
0.000157
-0.000131
-0.000242
-0.000164
-0.000006
0.000182
0.000365
0.000439
0.000348
0.000231
0.000194
0.000056
-0.000280
-0.000473
-0.000301
-0.000173
-0.000413
-0.000609
-0.000384
-0.000083
-0.000098
-0.000232
-0.000166
-0.000005
0.000033
0.000048
0.000195
0.000337
0.000289
0.000147
0.000113
0.000176
0.000202
0.000181
0.000163
0.000099
-0.000006
-0.000022
-0.000000
-0.000130
-0.000264
-0.000115
0.000101
-0.000025
-0.000310
