6080
-0.000102
-0.000095
-0.000073
-0.000021
0.000056
0.000069
-0.000001
-0.000034
0.000043
0.000163
0.000219
0.000190
0.000093
-0.000052
-0.000135
-0.000078
0.000025
0.000048
0.000004
-0.000018
0.000023
0.000085
0.000072
-0.000043
-0.000127
-0.000081
-0.000029
-0.000083
-0.000164
-0.000186
-0.000167
-0.000128
-0.000053
0.000066
0.000183
0.000212
0.000117
-0.000011
-0.000049
-0.000010
0.000002
-0.000005
0.000056
0.000147
0.000156
0.000082
0.000004
-0.000024
0.000001
0.000014
-0.000019
-0.000037
-0.000005
0.000022
0.000019
0.000015
-0.000010
-0.000075
-0.000091
-0.000000
0.000068
-0.000007
-0.000132
-0.000143
-0.000037
0.000064
0.000091
0.000084
0.000068
0.000024
-0.000026
-0.000037
-0.000041
-0.000100
-0.000155
-0.000078
0.000076
0.000104
-0.000023
-0.000127
-0.000100
-0.000013
0.000033
0.000036
0.000067
0.000129
0.000183
0.000229
0.000239
0.000179
0.000086
0.000019
-0.000013
-0.000041
-0.000089
-0.000161
-0.000243
-0.000291
-0.000269
-0.000205
-0.000157
-0.000123
-0.000066
-0.000031
-0.000077
-0.000135
-0.000084
0.000084
0.000267
0.000360
0.000331
0.000239
0.000172
0.000148
0.000130
0.000120
0.000123
0.000087
0.000012
-0.000046
-0.000082
-0.000108
-0.000090
-0.000049
-0.000065
-0.000121
-0.000113
-0.000071
-0.000137
-0.000256
-0.000239
-0.000081
0.000074
0.000141
0.000119
0.000047
-0.000020
-0.000050
-0.000033
0.000003
0.000019
0.000016
0.000023
0.000042
0.000066
0.000083
0.000062
0.000000
-0.000083
-0.000149
-0.000123
-0.000016
0.000034
-0.000002
0.000012
0.000097
0.000135
0.000120
0.000128
0.000142
0.000105
0.000034
-0.000004
0.000008
0.000007
-0.000057
-0.000136
-0.000168
-0.000177
-0.000196
-0.000178
-0.000107
-0.000030
0.000050
0.000134
0.000179
0.000162
0.000109
0.000045
-0.000013
-0.000053
-0.000072
-0.000049
0.000030
0.000136
0.000198
0.000161
0.000064
0.000012
0.000014
-0.000012
-0.000071
-0.000106
-0.000145
-0.000244
-0.000320
-0.000241
-0.000073
0.000022
0.000050
0.000097
0.000114
0.000052
-0.000026
-0.000061
-0.000050
0.000004
0.000083
0.000165
0.000199
0.000142
0.000059
0.000066
0.000148
0.000161
0.000022
-0.000178
-0.000295
-0.000279
-0.000165
-0.000008
0.000121
0.000162
0.000103
0.000003
-0.000036
0.000031
0.000134
0.000183
0.000149
0.000071
0.000001
-0.000041
-0.000045
-0.000029
-0.000061
-0.000145
-0.000188
-0.000163
-0.000124
-0.000072
-0.000008
0.000025
0.000005
-0.000045
-0.000060
0.000002
0.000078
0.000053
-0.000051
-0.000076
0.000012
0.000099
0.000123
0.000121
0.000113
0.000092
0.000086
0.000090
0.000029
-0.000095
-0.000167
-0.000131
-0.000041
0.000009
-0.000041
-0.000131
-0.000129
-0.000049
-0.000018
-0.000023
0.000045
0.000132
0.000105
0.000046
0.000135
0.000260
0.000186
-0.000021
-0.000099
0.000013
0.000123
0.000075
-0.000064
-0.000156
-0.000143
-0.000039
0.000059
0.000034
-0.000094
-0.000207
-0.000226
-0.000170
-0.000119
-0.000134
-0.000173
-0.000131
-0.000001
0.000098
0.000092
0.000068
0.000134
0.000263
0.000330
0.000264
0.000115
0.000006
0.000020
0.000116
0.000156
0.000086
-0.000018
-0.000090
-0.000150
-0.000196
-0.000172
-0.000083
-0.000027
-0.000047
-0.000054
-0.000011
-0.000010
-0.000076
-0.000120
-0.000111
-0.000128
-0.000175
-0.000126
0.000070
0.000289
0.000401
0.000414
0.000350
0.000187
-0.000009
-0.000099
-0.000090
-0.000131
-0.000252
-0.000299
-0.000173
0.000008
0.000072
0.000019
0.000007
0.000077
0.000073
-0.000064
-0.000188
-0.000183
-0.000097
0.000003
0.000084
0.000100
0.000056
0.000023
0.000057
0.000137
0.000139
-0.000008
-0.000153
-0.000127
-0.000015
-0.000006
-0.000077
-0.000043
0.000081
0.000076
-0.000040
-0.000014
0.000175
0.000262
0.000133
-0.000029
-0.000063
-0.000020
0.000023
0.000056
0.000032
-0.000055
-0.000087
-0.000031
0.000014
0.000014
-0.000002
-0.000060
-0.000143
-0.000165
-0.000152
-0.000196
-0.000223
-0.000113
0.000052
0.000131
0.000132
0.000112
0.000061
-0.000008
-0.000022
0.000046
0.000148
0.000227
0.000192
0.000065
0.000061
0.000210
0.000228
0.000019
-0.000173
-0.000178
-0.000072
0.000024
0.000041
-0.000068
-0.000249
-0.000338
-0.000264
-0.000136
-0.000085
-0.000111
-0.000134
-0.000079
0.000065
0.000182
0.000151
0.000034
-0.000010
0.000036
0.000091
0.000168
0.000266
0.000280
0.000185
0.000100
0.000069
0.000017
-0.000052
-0.000056
-0.000044
-0.000124
-0.000231
-0.000222
-0.000091
0.000040
0.000083
0.000077
0.000090
0.000103
0.000082
0.000037
-0.000019
-0.000059
-0.000031
0.000045
0.000071
0.000002
-0.000081
-0.000102
-0.000096
-0.000106
-0.000127
-0.000155
-0.000165
-0.000116
-0.000035
0.000024
0.000049
0.000011
-0.000071
-0.000080
0.000030
0.000166
0.000242
0.000243
0.000221
0.000224
0.000214
0.000173
0.000150
0.000100
-0.000024
-0.000085
-0.000033
-0.000036
-0.000134
-0.000188
-0.000169
-0.000152
-0.000163
-0.000221
-0.000331
-0.000378
-0.000235
0.000001
0.000102
0.000036
0.000001
0.000110
0.000244
0.000262
0.000154
-0.000008
-0.000095
0.000000
0.000211
0.000310
0.000153
-0.000133
-0.000279
-0.000177
0.000042
0.000171
0.000095
-0.000092
-0.000171
-0.000090
-0.000023
-0.000073
-0.000157
-0.000178
-0.000109
0.000038
0.000210
0.000331
0.000358
0.000273
0.000089
-0.000056
-0.000029
0.000059
0.000023
-0.000095
-0.000146
-0.000112
-0.000083
-0.000103
-0.000106
-0.000035
0.000079
0.000166
0.000157
0.000041
-0.000083
-0.000146
-0.000149
-0.000079
0.000020
0.000050
0.000043
0.000106
0.000202
0.000211
0.000143
0.000084
0.000029
-0.000074
-0.000180
-0.000225
-0.000245
-0.000265
-0.000231
-0.000160
-0.000118
-0.000090
-0.000049
-0.000016
0.000020
0.000097
0.000182
0.000195
0.000139
0.000110
0.000156
0.000218
0.000218
0.000155
0.000096
0.000083
0.000098
0.000103
0.000066
-0.000001
-0.000047
-0.000064
-0.000109
-0.000181
-0.000189
-0.000106
-0.000029
-0.000022
-0.000021
0.000002
-0.000007
-0.000040
-0.000031
-0.000004
-0.000026
-0.000098
-0.000193
-0.000275
-0.000290
-0.000231
-0.000150
-0.000051
0.000080
0.000166
0.000135
0.000050
0.000013
0.000017
0.000027
0.000062
0.000103
0.000067
-0.000009
0.000051
0.000242
0.000323
0.000236
0.000179
0.000158
0.000033
-0.000067
0.000008
0.000055
-0.000080
-0.000201
-0.000173
-0.000127
-0.000162
-0.000245
-0.000342
-0.000365
-0.000205
0.000020
0.000093
0.000041
0.000041
0.000145
0.000277
0.000343
0.000278
0.000100
-0.000037
0.000008
0.000142
0.000145
-0.000001
-0.000110
-0.000060
0.000087
0.000173
0.000142
0.000078
0.000003
-0.000119
-0.000207
-0.000164
-0.000084
-0.000099
-0.000155
-0.000152
-0.000139
-0.000160
-0.000094
0.000107
0.000247
0.000192
0.000070
0.000026
0.000041
0.000038
-0.000004
-0.000033
0.000007
0.000076
0.000078
0.000034
0.000009
-0.000038
-0.000134
-0.000198
-0.000168
-0.000092
-0.000053
-0.000059
-0.000067
-0.000048
0.000015
0.000126
0.000247
0.000306
0.000278
0.000222
0.000186
0.000144
0.000044
-0.000123
-0.000275
-0.000292
-0.000169
-0.000002
0.000117
0.000137
0.000062
-0.000036
-0.000072
-0.000030
-0.000008
-0.000096
-0.000207
-0.000210
-0.000155
-0.000148
-0.000149
-0.000091
-0.000018
0.000030
0.000072
0.000099
0.000111
0.000137
0.000141
0.000098
0.000063
0.000029
-0.000045
-0.000073
-0.000029
-0.000052
-0.000147
-0.000167
-0.000128
-0.000140
-0.000115
0.000065
0.000206
0.000160
0.000148
0.000294
0.000355
0.000227
0.000120
0.000116
0.000078
-0.000034
-0.000141
-0.000240
-0.000328
-0.000311
-0.000153
0.000039
0.000158
0.000152
0.000030
-0.000078
-0.000049
0.000012
-0.000070
-0.000189
-0.000121
0.000060
0.000097
-0.000017
-0.000091
-0.000100
-0.000119
-0.000092
0.000043
0.000198
0.000243
0.000148
0.000025
0.000020
0.000150
0.000281
0.000245
0.000012
-0.000216
-0.000244
-0.000141
-0.000077
-0.000052
0.000020
0.000138
0.000247
0.000307
0.000254
0.000067
-0.000105
-0.000115
-0.000041
-0.000047
-0.000132
-0.000172
-0.000144
-0.000103
-0.000084
-0.000117
-0.000192
-0.000236
-0.000225
-0.000199
-0.000151
-0.000040
0.000088
0.000145
0.000155
0.000195
0.000215
0.000165
0.000150
0.000191
0.000145
0.000013
-0.000037
-0.000002
-0.000028
-0.000103
-0.000090
0.000030
0.000172
0.000255
0.000214
0.000088
0.000007
-0.000039
-0.000162
-0.000270
-0.000208
-0.000077
-0.000060
-0.000130
-0.000169
-0.000179
-0.000183
-0.000094
0.000116
0.000262
0.000224
0.000135
0.000112
0.000090
0.000017
-0.000075
-0.000153
-0.000176
-0.000127
-0.000083
-0.000094
-0.000054
0.000114
0.000280
0.000312
0.000273
0.000218
0.000077
-0.000125
-0.000232
-0.000213
-0.000163
-0.000088
-0.000007
-0.000056
-0.000196
-0.000189
-0.000026
0.000076
0.000071
0.000085
0.000153
0.000185
0.000128
0.000021
-0.000075
-0.000111
-0.000056
0.000036
0.000061
-0.000022
-0.000133
-0.000132
0.000027
0.000203
0.000201
0.000021
-0.000127
-0.000096
0.000036
0.000076
-0.000025
-0.000110
-0.000091
-0.000092
-0.000163
-0.000146
-0.000023
-0.000010
-0.000110
-0.000104
-0.000022
-0.000039
-0.000027
0.000161
0.000284
0.000148
0.000004
0.000078
0.000230
0.000301
0.000243
0.000054
-0.000087
-0.000038
0.000019
-0.000044
-0.000025
0.000123
0.000140
-0.000004
-0.000086
-0.000098
-0.000157
-0.000204
-0.000171
-0.000124
-0.000119
-0.000128
-0.000089
0.000014
0.000126
0.000199
0.000246
0.000294
0.000355
0.000381
0.000283
0.000071
-0.000135
-0.000257
-0.000270
-0.000217
-0.000223
-0.000300
-0.000295
-0.000160
-0.000027
0.000017
0.000019
0.000025
0.000001
-0.000059
-0.000105
-0.000132
-0.000147
-0.000064
0.000162
0.000375
0.000413
0.000332
0.000230
0.000123
0.000069
0.000087
0.000061
-0.000063
-0.000160
-0.000163
-0.000153
-0.000187
-0.000232
-0.000212
-0.000083
0.000037
-0.000032
-0.000264
-0.000437
-0.000422
-0.000289
-0.000118
0.000102
0.000280
0.000264
0.000160
0.000240
0.000447
0.000458
0.000252
0.000102
0.000084
0.000038
-0.000103
-0.000220
-0.000200
-0.000101
-0.000063
-0.000092
-0.000092
-0.000042
-0.000024
-0.000114
-0.000200
-0.000060
0.000284
0.000512
0.000353
-0.000096
-0.000380
-0.000215
0.000066
0.000026
-0.000208
-0.000252
-0.000062
0.000159
0.000295
0.000294
0.000130
-0.000048
-0.000043
0.000067
0.000046
-0.000110
-0.000232
-0.000297
-0.000340
-0.000265
-0.000057
0.000081
0.000062
0.000078
0.000225
0.000346
0.000391
0.000397
0.000195
-0.000199
-0.000351
-0.000140
0.000027
-0.000017
-0.000035
0.000029
0.000012
-0.000008
0.000101
0.000153
0.000046
0.000022
0.000143
0.000192
0.000159
0.000187
0.000220
0.000182
0.000150
0.000099
-0.000065
-0.000206
-0.000198
-0.000192
-0.000274
-0.000308
-0.000264
-0.000242
-0.000276
-0.000325
-0.000283
-0.000064
0.000172
0.000183
0.000061
0.000050
0.000081
-0.000018
-0.000143
-0.000148
-0.000109
-0.000081
0.000052
0.000243
0.000281
0.000233
0.000318
0.000422
0.000339
0.000205
0.000177
0.000086
-0.000149
-0.000277
-0.000220
-0.000230
-0.000323
-0.000258
-0.000105
-0.000111
-0.000201
-0.000185
-0.000122
-0.000078
-0.000000
-0.000013
-0.000234
-0.000397
-0.000258
-0.000042
-0.000022
-0.000076
0.000020
0.000186
0.000248
0.000306
0.000472
0.000605
0.000565
0.000351
0.000030
-0.000206
-0.000191
-0.000080
-0.000090
-0.000055
0.000216
0.000428
0.000302
0.000130
0.000190
0.000216
-0.000017
-0.000276
-0.000386
-0.000458
-0.000456
-0.000223
0.000030
-0.000092
-0.000476
-0.000552
-0.000162
0.000159
0.000055
-0.000145
-0.000103
0.000026
0.000066
0.000094
0.000097
-0.000005
0.000007
0.000293
0.000478
0.000261
-0.000032
-0.000105
-0.000106
-0.000064
0.000135
0.000228
-0.000001
-0.000157
0.000027
0.000122
-0.000047
0.000032
0.000378
0.000327
-0.000078
-0.000160
0.000007
-0.000047
-0.000058
0.000252
0.000346
-0.000019
-0.000165
0.000167
0.000354
0.000188
0.000118
0.000144
-0.000069
-0.000285
-0.000190
-0.000096
-0.000229
-0.000293
-0.000200
-0.000197
-0.000262
-0.000205
-0.000148
-0.000243
-0.000301
-0.000184
-0.000075
-0.000086
-0.000079
0.000030
0.000139
0.000200
0.000266
0.000277
0.000178
0.000095
0.000123
0.000191
0.000235
0.000254
0.000224
0.000130
0.000041
0.000029
0.000020
-0.000090
-0.000237
-0.000286
-0.000233
-0.000189
-0.000240
-0.000325
-0.000262
-0.000032
0.000119
0.000059
-0.000054
-0.000083
-0.000071
-0.000063
-0.000068
-0.000079
-0.000047
0.000022
0.000049
0.000034
0.000050
0.000095
0.000101
0.000096
0.000188
0.000372
0.000463
0.000356
0.000156
-0.000005
-0.000052
0.000013
0.000020
-0.000141
-0.000255
-0.000122
0.000079
0.000108
0.000017
-0.000061
-0.000066
0.000034
0.000178
0.000197
0.000025
-0.000214
-0.000401
-0.000519
-0.000498
-0.000338
-0.000271
-0.000420
-0.000578
-0.000593
-0.000474
-0.000135
0.000409
0.000842
0.000977
0.000946
0.000870
0.000776
0.000686
0.000503
0.000184
-0.000022
0.000003
0.000003
-0.000099
-0.000107
-0.000145
-0.000435
-0.000550
0.000010
0.000710
0.000651
-0.000043
-0.000576
-0.000676
-0.000547
-0.000354
-0.000385
-0.000889
-0.001386
-0.001125
-0.000367
-0.000030
-0.000121
0.000002
0.000292
0.000452
0.000712
0.000933
0.000567
0.000051
0.000204
0.000526
0.000291
0.000079
0.000366
0.000489
0.000269
0.000388
0.000669
0.000453
0.000185
0.000357
0.000327
-0.000172
-0.000370
-0.000168
-0.000277
-0.000660
-0.000808
-0.000863
-0.000943
-0.000670
-0.000243
-0.000290
-0.000564
-0.000370
0.000122
0.000303
0.000227
0.000194
0.000101
-0.000013
0.000128
0.000332
0.000212
-0.000049
-0.000045
0.000158
0.000278
0.000319
0.000361
0.000341
0.000332
0.000474
0.000552
0.000278
-0.000135
-0.000286
-0.000221
-0.000212
-0.000272
-0.000306
-0.000276
-0.000109
0.000126
0.000200
0.000059
-0.000195
-0.000429
-0.000428
-0.000137
0.000130
0.000152
0.000168
0.000318
0.000248
-0.000138
-0.000302
-0.000093
-0.000065
-0.000308
-0.000276
0.000026
0.000067
-0.000126
-0.000163
-0.000153
-0.000286
-0.000184
0.000359
0.000708
0.000368
-0.000142
-0.000181
0.000013
0.000044
0.000154
0.000498
0.000650
0.000422
0.000199
0.000135
0.000004
-0.000065
0.000165
0.000267
-0.000139
-0.000576
-0.000681
-0.000723
-0.000650
-0.000230
0.000041
-0.000133
0.000015
0.000632
0.000560
-0.000415
-0.000954
-0.000442
0.000357
0.000734
0.000467
-0.000183
-0.000265
0.000451
0.000628
-0.000301
-0.000882
-0.000221
0.000627
0.000755
0.000475
0.000108
-0.000160
0.000091
0.000486
0.000138
-0.000514
-0.000409
0.000168
0.000322
0.000132
0.000081
0.000079
0.000005
0.000034
0.000013
-0.000318
-0.000605
-0.000397
0.000057
0.000207
-0.000010
-0.000275
-0.000442
-0.000437
-0.000167
0.000062
-0.000099
-0.000338
-0.000186
0.000151
0.000235
0.000156
0.000169
0.000153
0.000075
0.000136
0.000184
0.000032
0.000036
0.000364
0.000484
0.000162
-0.000107
-0.000128
-0.000201
-0.000263
-0.000146
-0.000143
-0.000290
-0.000112
0.000299
0.000305
-0.000053
-0.000186
-0.000056
0.000027
0.000110
0.000213
0.000073
-0.000216
-0.000265
-0.000128
-0.000138
-0.000265
-0.000265
-0.000116
0.000038
0.000141
0.000210
0.000216
0.000166
0.000183
0.000284
0.000291
0.000102
-0.000137
-0.000211
-0.000107
0.000002
0.000049
0.000148
0.000362
0.000536
0.000450
0.000144
-0.000113
-0.000205
-0.000246
-0.000360
-0.000548
-0.000638
-0.000475
-0.000213
-0.000109
-0.000122
-0.000030
0.000196
0.000404
0.000476
0.000398
0.000308
0.000346
0.000275
-0.000182
-0.000690
-0.000748
-0.000422
-0.000031
0.000280
0.000343
0.000100
-0.000014
0.000324
0.000624
0.000353
-0.000194
-0.000378
0.000001
0.000531
0.000557
-0.000043
-0.000607
-0.000595
-0.000331
-0.000331
-0.000409
-0.000156
0.000365
0.000888
0.001091
0.000572
-0.000387
-0.000802
-0.000451
-0.000182
-0.000319
-0.000258
0.000099
0.000195
0.000051
0.000085
0.000186
0.000136
0.000179
0.000392
0.000357
-0.000043
-0.000379
-0.000564
-0.000897
-0.001128
-0.000782
-0.000166
0.000144
0.000344
0.000753
0.000913
0.000565
0.000386
0.000627
0.000568
0.000034
-0.000306
-0.000315
-0.000433
-0.000579
-0.000368
-0.000038
0.000022
0.000111
0.000527
0.000842
0.000707
0.000451
0.000343
0.000141
-0.000262
-0.000566
-0.000691
-0.000844
-0.000944
-0.000757
-0.000374
-0.000046
0.000148
0.000272
0.000364
0.000381
0.000282
0.000086
-0.000140
-0.000284
-0.000288
-0.000264
-0.000326
-0.000389
-0.000264
0.000066
0.000370
0.000481
0.000520
0.000652
0.000767
0.000644
0.000340
0.000065
-0.000229
-0.000567
-0.000578
-0.000074
0.000405
0.000301
-0.000067
-0.000073
0.000170
0.000153
-0.000063
-0.000106
-0.000037
-0.000085
-0.000151
-0.000180
-0.000365
-0.000576
-0.000419
-0.000053
0.000026
-0.000065
0.000112
0.000375
0.000335
0.000154
0.000094
-0.000009
-0.000273
-0.000474
-0.000488
-0.000414
-0.000181
0.000282
0.000495
-0.000053
-0.000767
-0.000546
0.000340
0.000576
0.000034
-0.000196
0.000148
0.000365
0.000325
0.000340
0.000188
-0.000165
-0.000019
0.000693
0.000989
0.000571
0.000248
0.000328
0.000341
0.000227
0.000254
0.000200
-0.000119
-0.000264
-0.000027
0.000088
-0.000161
-0.000332
-0.000213
-0.000206
-0.000510
-0.000750
-0.000663
-0.000450
-0.000300
-0.000184
-0.000168
-0.000301
-0.000357
-0.000212
-0.000139
-0.000301
-0.000413
-0.000214
0.000117
0.000297
0.000316
0.000258
0.000153
0.000124
0.000237
0.000310
0.000234
0.000207
0.000352
0.000500
0.000515
0.000432
0.000268
0.000087
0.000038
0.000096
0.000099
0.000025
-0.000051
-0.000116
-0.000209
-0.000331
-0.000442
-0.000514
-0.000518
-0.000424
-0.000278
-0.000168
-0.000130
-0.000128
-0.000107
-0.000071
-0.000072
-0.000125
-0.000158
-0.000101
-0.000012
0.000003
-0.000001
0.000116
0.000344
0.000523
0.000530
0.000386
0.000237
0.000219
0.000284
0.000257
0.000107
0.000014
0.000060
0.000067
-0.000084
-0.000211
-0.000187
-0.000190
-0.000233
-0.000025
0.000353
0.000333
-0.000178
-0.000478
-0.000201
0.000088
0.000008
0.000016
0.000168
-0.000318
-0.001233
-0.001119
0.000027
0.000467
-0.000086
-0.000261
-0.000028
-0.000222
-0.000033
0.001150
0.001498
0.000045
-0.000951
-0.000088
0.000816
0.000581
0.000307
0.000270
-0.000185
-0.000116
0.001239
0.001957
0.000598
-0.000868
-0.000494
0.000488
0.000412
-0.000194
-0.000570
-0.001054
-0.001342
-0.000624
0.000307
0.000049
-0.000817
-0.000763
-0.000010
0.000208
-0.000063
-0.000124
-0.000173
-0.000454
-0.000402
0.000130
0.000381
0.000153
0.000144
0.000430
0.000374
0.000066
0.000115
0.000318
0.000117
-0.000208
-0.000142
0.000072
0.000096
0.000146
0.000295
0.000207
-0.000102
-0.000229
-0.000118
-0.000055
-0.000154
-0.000259
-0.000243
-0.000167
-0.000108
-0.000057
-0.000039
-0.000093
-0.000154
-0.000118
0.000002
0.000073
0.000038
-0.000001
0.000038
0.000082
0.000076
0.000067
0.000020
-0.000121
-0.000152
0.000080
0.000275
0.000200
0.000125
0.000227
0.000261
0.000145
0.000135
0.000244
0.000230
0.000145
0.000150
0.000121
-0.000003
-0.000032
0.000035
-0.000026
-0.000210
-0.000313
-0.000316
-0.000298
-0.000181
0.000008
-0.000002
-0.000182
-0.000163
0.000033
0.000013
-0.000179
-0.000228
-0.000307
-0.000620
-0.000643
0.000025
0.000612
0.000303
-0.000271
-0.000193
0.000036
-0.000351
-0.000777
-0.000428
0.000240
0.000348
0.000001
0.000032
0.000729
0.001256
0.000698
-0.000359
-0.000442
0.000514
0.001217
0.001052
0.000334
-0.000361
-0.000117
0.001085
0.001427
0.000139
-0.000746
-0.000179
0.000254
0.000186
0.000611
0.000362
-0.001412
-0.001937
0.000006
0.000898
-0.000686
-0.001513
-0.000654
-0.000404
-0.000472
0.000330
0.000055
-0.001833
-0.001966
0.000290
0.001253
0.000076
-0.000380
0.000390
0.000684
0.000685
0.001022
0.000688
-0.000304
-0.000288
0.000722
0.001021
0.000427
0.000131
0.000299
0.000334
0.000235
0.000185
0.000005
-0.000328
-0.000468
-0.000338
-0.000339
-0.000585
-0.000600
-0.000218
0.000039
-0.000166
-0.000489
-0.000552
-0.000476
-0.000432
-0.000336
-0.000192
-0.000135
-0.000130
-0.000024
0.000129
0.000056
-0.000225
-0.000247
0.000206
0.000639
0.000589
0.000377
0.000426
0.000519
0.000486
0.000569
0.000621
0.000307
0.000050
0.000311
0.000523
0.000156
-0.000218
-0.000110
0.000014
-0.000141
-0.000261
-0.000330
-0.000492
-0.000470
-0.000177
-0.000053
-0.000236
-0.000353
-0.000257
-0.000140
-0.000010
0.000146
0.000061
-0.000255
-0.000298
0.000123
0.000448
0.000105
-0.000541
-0.000585
0.000047
0.000453
0.000189
-0.000070
0.000256
0.000661
0.000381
-0.000519
-0.001245
-0.001002
0.000106
0.000894
0.000530
-0.000416
-0.001112
-0.001458
-0.001248
-0.000078
0.001267
0.001540
0.001158
0.001025
0.000623
-0.000145
0.000087
0.001220
0.001291
0.000226
-0.000131
0.000227
-0.000022
-0.000428
-0.000036
0.000395
0.000225
0.000268
0.000765
0.000723
-0.000084
-0.000645
-0.000437
-0.000142
-0.000470
-0.001082
-0.001257
-0.001148
-0.001236
-0.001094
-0.000445
-0.000259
-0.000782
-0.000690
0.000137
0.000223
-0.000403
-0.000396
0.000045
0.000059
0.000213
0.000849
0.000974
0.000539
0.000692
0.001242
0.001119
0.000692
0.000745
0.000793
0.000482
0.000485
0.000840
0.000732
0.000162
-0.000185
-0.000288
-0.000485
-0.000670
-0.000716
-0.000812
-0.000980
-0.001019
-0.000925
-0.000892
-0.000909
-0.000722
-0.000322
-0.000068
-0.000075
-0.000061
0.000031
0.000002
-0.000061
0.000027
0.000080
-0.000020
0.000047
0.000361
0.000552
0.000586
0.000747
0.000904
0.000805
0.000632
0.000588
0.000538
0.000384
0.000223
0.000062
-0.000152
-0.000306
-0.000258
-0.000110
-0.000065
-0.000121
-0.000113
-0.000036
-0.000096
-0.000318
-0.000406
-0.000241
-0.000135
-0.000306
-0.000551
-0.000618
-0.000492
-0.000273
-0.000075
0.000021
-0.000033
-0.000184
-0.000174
0.000142
0.000370
0.000113
-0.000257
-0.000159
0.000168
0.000161
-0.000044
-0.000072
0.000000
0.000039
0.000039
-0.000078
-0.000139
0.000126
0.000305
-0.000071
-0.000461
-0.000394
-0.000435
-0.000632
-0.000130
0.000742
0.000763
0.000265
0.000413
0.000807
0.000569
0.000296
0.000557
0.000631
0.000357
0.000604
0.001155
0.000892
0.000106
0.000036
0.000606
0.000803
0.000487
0.000177
-0.000057
-0.000338
-0.000469
-0.000474
-0.000833
-0.001556
-0.001894
-0.001537
-0.001124
-0.001054
-0.000982
-0.000752
-0.000550
-0.000262
0.000117
0.000112
-0.000253
-0.000286
0.000062
0.000192
0.000118
0.000215
0.000355
0.000476
0.000919
0.001448
0.001383
0.000963
0.000935
0.001114
0.000922
0.000582
0.000459
0.000311
0.000048
-0.000026
-0.000035
-0.000309
-0.000585
-0.000500
-0.000303
-0.000322
-0.000454
-0.000592
-0.000801
-0.000970
-0.000960
-0.000919
-0.000938
-0.000828
-0.000541
-0.000331
-0.000323
-0.000313
-0.000134
0.000118
0.000337
0.000504
0.000561
0.000528
0.000572
0.000712
0.000716
0.000504
0.000360
0.000468
0.000602
0.000559
0.000433
0.000313
0.000209
0.000212
0.000320
0.000304
0.000062
-0.000175
-0.000216
-0.000168
-0.000205
-0.000325
-0.000384
-0.000289
-0.000189
-0.000319
-0.000584
-0.000665
-0.000556
-0.000506
-0.000470
-0.000197
0.000166
0.000224
0.000049
0.000017
0.000082
-0.000004
-0.000057
0.000121
0.000167
-0.000157
-0.000364
-0.000086
0.000208
0.000026
-0.000340
-0.000362
-0.000030
0.000279
0.000245
-0.000256
-0.001121
-0.001843
-0.001547
-0.000004
0.001408
0.001208
0.000153
0.000112
0.001053
0.001566
0.001495
0.001369
0.000767
-0.000151
0.000019
0.000992
0.000785
-0.000345
-0.000289
0.000802
0.001279
0.001323
0.001547
0.001025
-0.000239
-0.000549
0.000007
-0.000464
-0.001822
-0.002324
-0.002022
-0.001998
-0.001984
-0.001486
-0.001086
-0.001008
-0.000616
0.000009
0.000100
-0.000249
-0.000305
-0.000009
0.000205
0.000201
0.000095
0.000031
0.000212
0.000717
0.001335
0.001703
0.001611
0.001277
0.001158
0.001318
0.001354
0.001032
0.000489
-0.000024
-0.000235
-0.000116
-0.000082
-0.000396
-0.000667
-0.000508
-0.000192
-0.000128
-0.000315
-0.000598
-0.000871
-0.000980
-0.000927
-0.000974
-0.001190
-0.001259
-0.000997
-0.000617
-0.000330
-0.000149
-0.000061
-0.000008
0.000128
0.000289
0.000322
0.000299
0.000358
0.000443
0.000486
0.000547
0.000625
0.000633
0.000589
0.000594
0.000633
0.000581
0.000426
0.000325
0.000381
0.000467
0.000424
0.000314
0.000240
0.000161
0.000056
-0.000033
-0.000164
-0.000379
-0.000538
-0.000534
-0.000463
-0.000401
-0.000345
-0.000345
-0.000424
-0.000494
-0.000557
-0.000685
-0.000742
-0.000579
-0.000339
-0.000189
-0.000059
0.000066
0.000081
0.000106
0.000365
0.000669
0.000607
0.000320
0.000323
0.000480
0.000213
-0.000373
-0.000662
-0.000562
-0.000397
-0.000288
-0.000433
-0.001253
-0.002284
-0.001924
0.000305
0.002309
0.002043
0.000519
0.000056
0.000768
0.001259
0.001345
0.001369
0.000728
-0.000313
-0.000049
0.001304
0.001400
0.000146
-0.000092
0.001024
0.001717
0.001727
0.001703
0.000966
-0.000537
-0.001070
-0.000392
-0.000555
-0.002022
-0.002876
-0.002418
-0.001864
-0.001674
-0.001407
-0.001293
-0.001485
-0.001252
-0.000479
-0.000176
-0.000645
-0.000952
-0.000560
0.000032
0.000370
0.000572
0.000783
0.000967
0.001228
0.001684
0.002009
0.001745
0.001109
0.000810
0.000992
0.001105
0.000847
0.000534
0.000460
0.000464
0.000297
-0.000028
-0.000345
-0.000513
-0.000525
-0.000501
-0.000625
-0.001065
-0.001622
-0.001669
-0.001076
-0.000596
-0.000631
-0.000605
-0.000178
0.000177
0.000233
0.000275
0.000221
-0.000118
-0.000284
0.000014
0.000227
0.000055
0.000008
0.000335
0.000600
0.000640
0.000735
0.000786
0.000567
0.000405
0.000511
0.000444
0.000009
-0.000312
-0.000271
-0.000193
-0.000258
-0.000266
-0.000128
0.000031
0.000186
0.000379
0.000498
0.000415
0.000233
0.000140
0.000066
-0.000186
-0.000483
-0.000562
-0.000484
-0.000407
-0.000307
-0.000205
-0.000212
-0.000234
-0.000085
0.000104
0.000031
-0.000277
-0.000527
-0.000563
-0.000406
-0.000162
-0.000031
-0.000103
-0.000184
-0.000049
0.000243
0.000461
0.000539
0.000595
0.000704
0.000828
0.000831
0.000501
-0.000242
-0.001086
-0.001422
-0.001049
-0.000737
-0.001465
-0.002795
-0.002849
-0.000785
0.001585
0.002024
0.000855
0.000026
0.000291
0.001087
0.001888
0.001995
0.000741
-0.000739
-0.000370
0.001412
0.002115
0.001298
0.000809
0.001311
0.001978
0.002597
0.002893
0.001791
-0.000248
-0.001002
-0.000218
-0.000161
-0.001583
-0.002810
-0.002963
-0.002710
-0.002302
-0.001708
-0.001616
-0.002169
-0.002234
-0.001365
-0.000657
-0.000817
-0.001163
-0.000999
-0.000426
0.000262
0.000823
0.000975
0.000773
0.000782
0.001400
0.002178
0.002316
0.001800
0.001439
0.001627
0.001858
0.001633
0.001052
0.000405
-0.000149
-0.000417
-0.000334
-0.000277
-0.000521
-0.000671
-0.000452
-0.000367
-0.000777
-0.001213
-0.001270
-0.001228
-0.001315
-0.001329
-0.001227
-0.001086
-0.000618
0.000232
0.000767
0.000554
0.000193
0.000294
0.000599
0.000703
0.000635
0.000426
0.000101
0.000032
0.000401
0.000682
0.000486
0.000262
0.000402
0.000613
0.000661
0.000624
0.000365
-0.000174
-0.000508
-0.000353
-0.000193
-0.000401
-0.000587
-0.000389
-0.000073
0.000058
0.000120
0.000222
0.000222
0.000118
0.000092
0.000123
0.000073
0.000014
0.000021
-0.000019
-0.000133
-0.000204
-0.000260
-0.000378
-0.000432
-0.000306
-0.000181
-0.000246
-0.000329
-0.000210
-0.000066
-0.000162
-0.000340
-0.000345
-0.000304
-0.000302
-0.000076
0.000347
0.000505
0.000380
0.000460
0.000823
0.001002
0.000632
-0.000313
-0.001397
-0.001753
-0.001280
-0.001334
-0.002519
-0.002877
-0.000829
0.001653
0.001956
0.000934
0.000682
0.000866
0.000721
0.001248
0.002241
0.001397
-0.000915
-0.001236
0.000769
0.001788
0.001185
0.001280
0.002086
0.002126
0.002321
0.003375
0.003008
0.000501
-0.001054
-0.000414
-0.000266
-0.001727
-0.002779
-0.002784
-0.002976
-0.003053
-0.002120
-0.001379
-0.001989
-0.002636
-0.002061
-0.001252
-0.001282
-0.001527
-0.001257
-0.000810
-0.000419
0.000307
0.001231
0.001612
0.001507
0.001812
0.002676
0.003139
0.002698
0.002079
0.001901
0.001771
0.001346
0.000937
0.000619
0.000097
-0.000384
-0.000299
0.000029
-0.000161
-0.000799
-0.001245
-0.001406
-0.001576
-0.001690
-0.001635
-0.001637
-0.001672
-0.001341
-0.000700
-0.000272
-0.000156
-0.000084
-0.000066
-0.000179
-0.000120
0.000285
0.000572
0.000375
0.000125
0.000361
0.000872
0.001174
0.001251
0.001275
0.001190
0.000989
0.000875
0.000844
0.000623
0.000213
-0.000063
-0.000124
-0.000183
-0.000304
-0.000418
-0.000492
-0.000401
-0.000087
0.000163
0.000085
-0.000165
-0.000331
-0.000407
-0.000465
-0.000503
-0.000513
-0.000496
-0.000376
-0.000124
0.000070
0.000048
-0.000046
-0.000047
-0.000031
-0.000093
-0.000168
-0.000214
-0.000302
-0.000381
-0.000293
-0.000106
-0.000064
-0.000170
-0.000187
-0.000009
0.000334
0.000945
0.001797
0.002377
0.002267
0.001741
0.001196
0.000578
-0.000193
-0.000960
-0.001803
-0.003060
-0.004692
-0.006255
-0.007485
-0.008243
-0.007951
-0.005870
-0.002236
0.001431
0.003941
0.005939
0.008452
0.010636
0.011249
0.011158
0.011227
0.009620
0.005342
0.001498
0.000292
-0.000901
-0.003961
-0.006220
-0.006084
-0.005701
-0.005490
-0.003670
-0.001709
-0.002170
-0.002951
-0.001455
-0.000306
-0.002016
-0.003912
-0.003870
-0.004084
-0.005301
-0.004860
-0.002669
-0.001652
-0.001712
-0.000207
0.002551
0.004231
0.004842
0.005567
0.005868
0.005122
0.004373
0.004136
0.003246
0.001446
0.000279
0.000406
0.000665
0.000406
0.000421
0.001100
0.001647
0.001613
0.001480
0.001330
0.000529
-0.000904
-0.002149
-0.003045
-0.004157
-0.005346
-0.005892
-0.005841
-0.005644
-0.005039
-0.003773
-0.002457
-0.001497
-0.000430
0.000810
0.001521
0.001613
0.001785
0.002168
0.002301
0.002264
0.002473
0.002804
0.002964
0.003192
0.003780
0.004436
0.004668
0.004377
0.003770
0.003022
0.002133
0.001009
-0.000280
-0.001459
-0.002358
-0.002985
-0.003389
-0.003651
-0.003790
-0.003651
-0.003233
-0.002907
-0.002906
-0.002995
-0.002929
-0.002769
-0.002623
-0.002390
-0.001929
-0.001268
-0.000446
0.000606
0.001819
0.002925
0.003774
0.004410
0.004747
0.004629
0.004155
0.003501
0.002690
0.001824
0.001119
0.000561
0.000009
-0.000442
-0.000597
-0.000516
-0.000427
-0.000427
-0.000469
-0.000532
-0.000723
-0.001160
-0.001788
-0.002401
-0.002790
-0.002929
-0.003137
-0.003857
-0.005263
-0.007350
-0.010050
-0.012442
-0.012374
-0.008441
-0.002245
0.003133
0.006903
0.010753
0.015262
0.018694
0.019869
0.019630
0.018345
0.014485
0.007793
0.001486
-0.001837
-0.004054
-0.007589
-0.010639
-0.010548
-0.008463
-0.006523
-0.004685
-0.003412
-0.004178
-0.005628
-0.005240
-0.004617
-0.006752
-0.009839
-0.010282
-0.008794
-0.007465
-0.005100
-0.000776
0.002976
0.004743
0.006685
0.009694
0.011394
0.010552
0.008654
0.006646
0.004361
0.002503
0.001652
0.000835
-0.000307
-0.000265
0.001558
0.003454
0.004142
0.004274
0.004293
0.003405
0.001398
-0.000831
-0.002921
-0.005277
-0.007611
-0.008883
-0.008722
-0.007780
-0.006653
-0.005340
-0.003824
-0.002376
-0.001216
-0.000527
-0.000584
-0.001197
-0.001620
-0.001566
-0.001506
-0.001527
-0.000935
0.000613
0.002691
0.004976
0.007409
0.009474
0.010489
0.010538
0.010116
0.009125
0.007160
0.004423
0.001604
-0.000839
-0.002803
-0.004233
-0.005091
-0.005448
-0.005383
-0.004989
-0.004492
-0.004151
-0.004094
-0.004325
-0.004786
-0.005351
-0.005769
-0.005741
-0.005156
-0.004119
-0.002703
-0.000921
0.001093
0.003031
0.004600
0.005693
0.006303
0.006368
0.005867
0.005002
0.004111
0.003349
0.002654
0.002094
0.001884
0.001996
0.002147
0.002081
0.001630
0.000796
-0.000250
-0.001402
-0.002604
-0.003687
-0.004487
-0.004957
-0.005034
-0.004677
-0.004045
-0.003335
-0.002535
-0.001628
-0.000810
-0.000176
0.000295
-0.000012
-0.002289
-0.006760
-0.011744
-0.014526
-0.012994
-0.007241
0.000119
0.006400
0.011517
0.016734
0.021572
0.024311
0.024668
0.023199
0.019038
0.011331
0.002276
-0.004395
-0.007892
-0.010504
-0.013300
-0.014552
-0.012845
-0.009313
-0.005978
-0.004003
-0.004013
-0.005806
-0.007780
-0.008762
-0.009634
-0.011228
-0.012189
-0.010902
-0.007636
-0.003103
0.002640
0.008440
0.012081
0.013299
0.013909
0.014396
0.013208
0.009671
0.005211
0.001505
-0.000728
-0.001281
-0.000498
0.000638
0.001629
0.002877
0.004379
0.005191
0.004579
0.002618
-0.000340
-0.003786
-0.006849
-0.008838
-0.009861
-0.010223
-0.009609
-0.007578
-0.004506
-0.001435
0.000735
0.001639
0.001373
0.000333
-0.001061
-0.002627
-0.004171
-0.005063
-0.004594
-0.002808
-0.000473
0.001895
0.004436
0.007152
0.009441
0.010782
0.011177
0.010599
0.008831
0.006181
0.003620
0.001848
0.000730
-0.000126
-0.000799
-0.001267
-0.001658
-0.002092
-0.002630
-0.003511
-0.005004
-0.006838
-0.008273
-0.008934
-0.009016
-0.008606
-0.007524
-0.005793
-0.003629
-0.001204
0.001182
0.003028
0.004037
0.004396
0.004501
0.004502
0.004325
0.004006
0.003770
0.003834
0.004257
0.004879
0.005343
0.005310
0.004741
0.003788
0.002513
0.000950
-0.000698
-0.002182
-0.003427
-0.004401
-0.004914
-0.004850
-0.004418
-0.003854
-0.003144
-0.002363
-0.001897
-0.002009
-0.002482
-0.002886
-0.002940
-0.002548
-0.001681
-0.000353
0.001053
0.001278
-0.001476
-0.007502
-0.013472
-0.014206
-0.008368
-0.000660
0.004365
0.008322
0.014586
0.021109
0.023738
0.023551
0.023716
0.022077
0.014674
0.004005
-0.003702
-0.007235
-0.010005
-0.013216
-0.015077
-0.014672
-0.012408
-0.008882
-0.005930
-0.005950
-0.008427
-0.010366
-0.010833
-0.011319
-0.011847
-0.010836
-0.008301
-0.005242
-0.000771
0.006113
0.012972
0.016224
0.015944
0.014871
0.013990
0.012232
0.009105
0.005180
0.001362
-0.000979
-0.000811
0.000923
0.002184
0.002477
0.002643
0.002548
0.001358
-0.000618
-0.002663
-0.005144
-0.008217
-0.010394
-0.010340
-0.008759
-0.006987
-0.005150
-0.002884
-0.000466
0.001544
0.002663
0.002368
0.000660
-0.001481
-0.003008
-0.003767
-0.003917
-0.003241
-0.001770
0.000050
0.002321
0.005291
0.007865
0.008487
0.007421
0.006107
0.004780
0.002998
0.001558
0.001436
0.001876
0.001890
0.002288
0.003859
0.005218
0.004714
0.002773
0.000566
-0.001858
-0.004717
-0.007436
-0.009433
-0.010652
-0.010945
-0.010043
-0.008194
-0.005930
-0.003484
-0.001127
0.000519
0.001234
0.001537
0.001822
0.001996
0.002144
0.002674
0.003687
0.004874
0.006032
0.007111
0.007831
0.007816
0.006963
0.005354
0.003179
0.000908
-0.000957
-0.002338
-0.003363
-0.003876
-0.003677
-0.003029
-0.002452
-0.002196
-0.002212
-0.002444
-0.002895
-0.003524
-0.004181
-0.004660
-0.004813
-0.004536
-0.003703
-0.002244
-0.000325
0.001762
0.003802
0.005486
0.006093
0.004312
-0.001343
-0.010322
-0.017641
-0.017073
-0.009030
-0.000869
0.003695
0.009176
0.018286
0.025588
0.026746
0.025238
0.023853
0.018614
0.007535
-0.003407
-0.009014
-0.011459
-0.013868
-0.015162
-0.014129
-0.011723
-0.008315
-0.004388
-0.002844
-0.005546
-0.009765
-0.012235
-0.013496
-0.014638
-0.014033
-0.010617
-0.006055
-0.001216
0.005254
0.013010
0.018664
0.019885
0.017800
0.014627
0.011381
0.008167
0.004822
0.001329
-0.001296
-0.001430
0.000904
0.003521
0.004631
0.004387
0.003260
0.000900
-0.002514
-0.005775
-0.008352
-0.010798
-0.012839
-0.012901
-0.010314
-0.006432
-0.002885
-0.000118
0.001999
0.003413
0.003940
0.003289
0.001293
-0.001388
-0.003429
-0.004094
-0.003539
-0.001962
0.000489
0.003141
0.005099
0.006209
0.006983
0.007342
0.006376
0.003840
0.000897
-0.001154
-0.001963
-0.001690
-0.000451
0.001438
0.003375
0.004917
0.005792
0.005623
0.004201
0.001837
-0.000954
-0.003848
-0.006521
-0.008399
-0.009019
-0.008504
-0.007296
-0.005661
-0.003816
-0.002179
-0.001171
-0.000897
-0.001108
-0.001400
-0.001431
-0.000999
-0.000011
0.001548
0.003504
0.005449
0.007000
0.008019
0.008427
0.007980
0.006499
0.004272
0.001940
-0.000026
-0.001467
-0.002264
-0.002332
-0.001864
-0.001244
-0.000736
-0.000502
-0.000779
-0.001739
-0.003191
-0.004650
-0.005701
-0.006195
-0.006073
-0.005204
-0.003607
-0.001581
0.000529
0.002404
0.003652
0.003999
0.003488
0.002437
0.001452
0.001083
0.000806
-0.001104
-0.005618
-0.011143
-0.014400
-0.012830
-0.006503
0.001375
0.007147
0.010922
0.015447
0.020412
0.022310
0.020411
0.017326
0.013413
0.006867
-0.000746
-0.005493
-0.007159
-0.008663
-0.010591
-0.011210
-0.010269
-0.008948
-0.007838
-0.007575
-0.009190
-0.011980
-0.013589
-0.013182
-0.011837
-0.009859
-0.006553
-0.002190
0.002307
0.006881
0.011506
0.014855
0.015554
0.013981
0.011665
0.009659
0.008064
0.006462
0.004616
0.003041
0.002587
0.003263
0.003937
0.003493
0.001816
-0.000606
-0.003407
-0.006225
-0.008463
-0.009781
-0.010389
-0.010466
-0.009651
-0.007523
-0.004502
-0.001719
0.000034
0.000766
0.000923
0.000925
0.000780
0.000216
-0.000553
-0.000790
-0.000247
0.000704
0.001953
0.003598
0.005094
0.005600
0.005105
0.004356
0.003665
0.002482
0.000516
-0.001239
-0.001569
-0.000665
0.000509
0.001714
0.003060
0.004020
0.003990
0.003205
0.002176
0.000786
-0.001249
-0.003497
-0.005167
-0.005968
-0.006065
-0.005560
-0.004512
-0.003216
-0.002088
-0.001357
-0.001042
-0.001059
-0.001248
-0.001464
-0.001569
-0.001371
-0.000764
0.000235
0.001579
0.003052
0.004274
0.005031
0.005324
0.005178
0.004561
0.003471
0.002155
0.001050
0.000372
0.000036
-0.000060
0.000094
0.000452
0.000729
0.000579
0.000004
-0.000747
-0.001648
-0.002843
-0.004212
-0.005338
-0.005805
-0.005463
-0.004491
-0.003168
-0.001671
-0.000233
0.000797
0.001301
0.001485
0.001514
0.001422
0.001414
0.001777
0.002475
0.003040
0.002547
-0.000110
-0.005051
-0.010385
-0.012785
-0.010042
-0.003931
0.001107
0.003930
0.008125
0.014943
0.019877
0.019922
0.017997
0.016073
0.011395
0.003553
-0.002825
-0.005634
-0.007726
-0.010315
-0.011338
-0.010310
-0.008704
-0.006860
-0.005144
-0.005477
-0.008008
-0.009968
-0.010273
-0.010587
-0.010892
-0.009250
-0.005801
-0.002219
0.001667
0.006666
0.011363
0.013727
0.013770
0.012567
0.010709
0.008790
0.007203
0.005389
0.003213
0.001971
0.002385
0.003218
0.003154
0.002356
0.001243
-0.000574
-0.003201
-0.005735
-0.007450
-0.008617
-0.009591
-0.009871
-0.008721
-0.006348
-0.003791
-0.001772
-0.000361
0.000531
0.001005
0.001155
0.000873
0.000204
-0.000293
-0.000174
0.000372
0.001153
0.002357
0.003847
0.004921
0.005141
0.004754
0.004156
0.003469
0.002558
0.001141
-0.000651
-0.001719
-0.001152
0.000251
0.001091
0.001397
0.001930
0.002335
0.001810
0.000661
-0.000438
-0.001670
-0.003216
-0.004419
-0.004803
-0.004655
-0.004159
-0.003238
-0.002177
-0.001302
-0.000500
0.000186
0.000265
-0.000304
-0.000815
-0.000856
-0.000704
-0.000445
0.000206
0.001159
0.002027
0.002781
0.003474
0.003791
0.003492
0.002796
0.002014
0.001272
0.000686
0.000357
0.000202
0.000164
0.000450
0.001117
0.001671
0.001579
0.000872
-0.000151
-0.001380
-0.002708
-0.003850
-0.004608
-0.004899
-0.004603
-0.003764
-0.002672
-0.001471
-0.000183
0.000816
0.001095
0.000913
0.000912
0.001087
0.000909
0.000468
0.000375
0.000301
-0.001056
-0.004009
-0.007348
-0.009560
-0.008899
-0.004236
0.002109
0.006148
0.008347
0.012391
0.017363
0.018543
0.015915
0.013368
0.010597
0.004972
-0.001194
-0.004139
-0.005321
-0.007398
-0.008990
-0.008607
-0.007809
-0.007390
-0.006338
-0.005731
-0.007590
-0.010308
-0.011062
-0.010547
-0.010322
-0.009215
-0.006209
-0.002695
0.000521
0.004360
0.008491
0.011074
0.011665
0.011186
0.009977
0.008381
0.007300
0.006615
0.005417
0.004128
0.003978
0.004673
0.004729
0.003624
0.001941
-0.000014
-0.002341
-0.004757
-0.006666
-0.007862
-0.008613
-0.008973
-0.008514
-0.007033
-0.005034
-0.003230
-0.002049
-0.001561
-0.001404
-0.001151
-0.000952
-0.001107
-0.001171
-0.000530
0.000620
0.001882
0.003410
0.005167
0.006411
0.006629
0.006163
0.005510
0.004714
0.003652
0.002321
0.000928
-0.000111
-0.000603
-0.000772
-0.000715
-0.000347
0.000034
-0.000050
-0.000538
-0.001090
-0.001788
-0.002741
-0.003491
-0.003690
-0.003634
-0.003474
-0.002873
-0.001908
-0.001215
-0.000933
-0.000533
0.000067
0.000320
0.000133
-0.000017
0.000035
0.000163
0.000496
0.001141
0.001816
0.002237
0.002427
0.002445
0.002251
0.001911
0.001538
0.001071
0.000505
0.000111
0.000055
0.000137
0.000206
0.000417
0.000780
0.001007
0.000984
0.000808
0.000386
-0.000395
-0.001337
-0.002220
-0.003048
-0.003719
-0.003915
-0.003586
-0.003057
-0.002440
-0.001601
-0.000713
-0.000032
0.000630
0.001374
0.001761
0.001666
0.001665
0.001903
0.001863
0.001683
0.002021
0.002499
0.001876
-0.000376
-0.003539
-0.006437
-0.008451
-0.009301
-0.007908
-0.003488
0.002063
0.006011
0.008830
0.012513
0.015700
0.015363
0.012130
0.008689
0.005049
0.000394
-0.003568
-0.005363
-0.006151
-0.006760
-0.006291
-0.004819
-0.003796
-0.003586
-0.003749
-0.004932
-0.007429
-0.009580
-0.010121
-0.009760
-0.008990
-0.007061
-0.003790
-0.000053
0.003633
0.007093
0.009516
0.010236
0.009715
0.008482
0.006562
0.004604
0.003571
0.003284
0.003078
0.003195
0.004054
0.004991
0.004984
0.003947
0.002353
0.000294
-0.002259
-0.004826
-0.006769
-0.007904
-0.008350
-0.008142
-0.007259
-0.005808
-0.004107
-0.002679
-0.001963
-0.001854
-0.001822
-0.001676
-0.001646
-0.001544
-0.000804
0.000558
0.002055
0.003610
0.005352
0.006936
0.007758
0.007500
0.006311
0.004746
0.003315
0.001948
0.000425
-0.000773
-0.000928
-0.000290
0.000233
0.000363
0.000371
0.000121
-0.000770
-0.002200
-0.003702
-0.005004
-0.005998
-0.006466
-0.006192
-0.005148
-0.003449
-0.001452
0.000281
0.001488
0.002307
0.002752
0.002642
0.002096
0.001515
0.001033
0.000615
0.000541
0.001056
0.001873
0.002582
0.003087
0.003282
0.002897
0.001974
0.000909
-0.000156
-0.001262
-0.002076
-0.002222
-0.001890
-0.001438
-0.000821
0.000045
0.000781
0.000966
0.000661
0.000081
-0.000718
-0.001573
-0.002220
-0.002589
-0.002696
-0.002385
-0.001518
-0.000329
0.000704
0.001319
0.001537
0.001473
0.001307
0.001114
0.000733
0.000142
-0.000256
-0.000099
0.000393
0.000751
0.000717
-0.000137
-0.002409
-0.005817
-0.009055
-0.010560
-0.008844
-0.004032
0.000873
0.003704
0.006723
0.012037
0.016538
0.016727
0.014380
0.012048
0.008434
0.003045
-0.001096
-0.002869
-0.004495
-0.006364
-0.006711
-0.005710
-0.004761
-0.003846
-0.003284
-0.004735
-0.007792
-0.009757
-0.010096
-0.010513
-0.010844
-0.009473
-0.006586
-0.003299
0.000454
0.004542
0.007591
0.008981
0.009382
0.008942
0.007597
0.006313
0.005647
0.004864
0.003984
0.004243
0.005699
0.006793
0.006654
0.005767
0.004453
0.002448
-0.000228
-0.003093
-0.005671
-0.007711
-0.009054
-0.009498
-0.008992
-0.007819
-0.006380
-0.005033
-0.004032
-0.003332
-0.002725
-0.002282
-0.002198
-0.002144
-0.001476
-0.000138
0.001450
0.003189
0.005083
0.006759
0.007809
0.008093
0.007689
0.006859
0.005830
0.004561
0.003001
0.001524
0.000604
0.000142
-0.000235
-0.000592
-0.001057
-0.001988
-0.003294
-0.004403
-0.005066
-0.005585
-0.006099
-0.006250
-0.005711
-0.004551
-0.003036
-0.001488
-0.000162
0.000914
0.001785
0.002325
0.002440
0.002330
0.002252
0.002176
0.002042
0.002148
0.002710
0.003317
0.003459
0.003207
0.002818
0.002229
0.001333
0.000242
-0.000918
-0.002023
-0.002777
-0.002973
-0.002761
-0.002358
-0.001845
-0.001349
-0.001022
-0.000793
-0.000479
-0.000185
-0.000175
-0.000402
-0.000548
-0.000432
-0.000110
0.000291
0.000629
0.000818
0.000921
0.000998
0.000983
0.000947
0.001048
0.001060
0.000681
0.000211
0.000134
0.000288
0.000206
-0.000054
-0.000224
-0.000488
-0.000967
-0.001195
-0.000827
-0.000172
0.000039
-0.001320
-0.004996
-0.009277
-0.010445
-0.007364
-0.003344
-0.001080
0.001142
0.005516
0.010545
0.013670
0.014691
0.014247
0.011942
0.007933
0.003863
0.000862
-0.001392
-0.003317
-0.004866
-0.005822
-0.005554
-0.003759
-0.001910
-0.002061
-0.004073
-0.006082
-0.007318
-0.008325
-0.009187
-0.009422
-0.008854
-0.007387
-0.004821
-0.001424
0.002030
0.004858
0.006608
0.007061
0.006650
0.006241
0.005997
0.005259
0.004019
0.003417
0.004147
0.005437
0.006271
0.006525
0.006279
0.005242
0.003423
0.001284
-0.000955
-0.003308
-0.005523
-0.007159
-0.007952
-0.007812
-0.006852
-0.005575
-0.004548
-0.003812
-0.003114
-0.002569
-0.002494
-0.002751
-0.002893
-0.002777
-0.002391
-0.001424
0.000287
0.002280
0.004045
0.005592
0.006978
0.007856
0.007864
0.007058
0.005716
0.004075
0.002452
0.001242
0.000511
0.000019
-0.000318
-0.000481
-0.000713
-0.001311
-0.002188
-0.003067
-0.003949
-0.004914
-0.005666
-0.005810
-0.005355
-0.004522
-0.003390
-0.001995
-0.000499
0.000887
0.001973
0.002576
0.002642
0.002369
0.001981
0.001545
0.001206
0.001199
0.001494
0.001852
0.002180
0.002504
0.002739
0.002715
0.002338
0.001659
0.000777
-0.000225
-0.001202
-0.001929
-0.002286
-0.002346
-0.002188
-0.001809
-0.001321
-0.000947
-0.000780
-0.000766
-0.000867
-0.001037
-0.001212
-0.001354
-0.001329
-0.000965
-0.000346
0.000273
0.000818
0.001355
0.001853
0.002171
0.002189
0.001915
0.001500
0.001047
0.000466
-0.000258
-0.000853
-0.001085
-0.001037
-0.000873
-0.000622
-0.000334
-0.000084
0.000229
0.000701
0.001076
0.000682
-0.001565
-0.005884
-0.009329
-0.008046
-0.003541
-0.001231
-0.001275
0.001334
0.006810
0.010101
0.010254
0.010486
0.010340
0.007258
0.003141
0.001168
0.000325
-0.001230
-0.002628
-0.003180
-0.003428
-0.002757
-0.000911
-0.000310
-0.002410
-0.004804
-0.005542
-0.006104
-0.007511
-0.008265
-0.007644
-0.006595
-0.005072
-0.002344
0.000770
0.003027
0.004461
0.005154
0.004796
0.004137
0.004128
0.004052
0.003006
0.002046
0.002562
0.003935
0.004805
0.005149
0.005418
0.005176
0.004036
0.002501
0.000927
-0.000940
-0.002971
-0.004538
-0.005401
-0.005657
-0.005275
-0.004499
-0.003934
-0.003595
-0.002940
-0.002148
-0.001993
-0.002402
-0.002559
-0.002266
-0.001855
-0.001219
-0.000148
0.001019
0.001966
0.002844
0.003673
0.004206
0.004429
0.004375
0.003834
0.002928
0.002224
0.001819
0.001238
0.000489
0.000167
0.000336
0.000373
0.000032
-0.000339
-0.000681
-0.001270
-0.002021
-0.002631
-0.003057
-0.003265
-0.003101
-0.002667
-0.002168
-0.001513
-0.000696
-0.000088
0.000194
0.000470
0.000734
0.000689
0.000529
0.000643
0.000890
0.001020
0.001221
0.001628
0.001954
0.002009
0.001943
0.001815
0.001475
0.000890
0.000171
-0.000587
-0.001210
-0.001477
-0.001441
-0.001357
-0.001255
-0.000979
-0.000605
-0.000384
-0.000333
-0.000249
-0.000118
-0.000117
-0.000219
-0.000172
0.000073
0.000337
0.000562
0.000785
0.000934
0.000932
0.000765
0.000369
-0.000212
-0.000748
-0.001139
-0.001428
-0.001476
-0.001146
-0.000626
-0.000122
0.000426
0.001016
0.001427
0.001462
0.000638
-0.001959
-0.005890
-0.008164
-0.006682
-0.003724
-0.002268
-0.000993
0.002611
0.007109
0.009735
0.010799
0.011331
0.010197
0.006974
0.003676
0.001503
-0.000387
-0.002258
-0.003396
-0.003827
-0.003670
-0.002368
-0.000625
-0.000537
-0.002275
-0.003832
-0.004635
-0.005850
-0.007375
-0.008022
-0.007770
-0.007051
-0.005381
-0.002636
0.000164
0.002322
0.003849
0.004522
0.004331
0.004039
0.003932
0.003368
0.002383
0.002099
0.002936
0.004076
0.004948
0.005679
0.006098
0.005719
0.004601
0.003187
0.001543
-0.000474
-0.002633
-0.004463
-0.005561
-0.005621
-0.004834
-0.004044
-0.003706
-0.003255
-0.002410
-0.001968
-0.002358
-0.002915
-0.003209
-0.003468
-0.003500
-0.002753
-0.001369
0.000052
0.001402
0.002788
0.003990
0.004837
0.005331
0.005250
0.004498
0.003551
0.002787
0.002041
0.001299
0.000913
0.000915
0.000962
0.000944
0.000913
0.000629
-0.000181
-0.001374
-0.002640
-0.003790
-0.004539
-0.004655
-0.004336
-0.003805
-0.002842
-0.001424
-0.000212
0.000340
0.000619
0.000996
0.001182
0.000916
0.000524
0.000379
0.000450
0.000644
0.001063
0.001687
0.002260
0.002599
0.002653
0.002378
0.001832
0.001133
0.000312
-0.000476
-0.000956
-0.001145
-0.001270
-0.001296
-0.001047
-0.000623
-0.000298
-0.000172
-0.000228
-0.000511
-0.000984
-0.001401
-0.001566
-0.001500
-0.001250
-0.000839
-0.000371
0.000101
0.000693
0.001374
0.001779
0.001660
0.001221
0.000756
0.000324
-0.000054
-0.000294
-0.000445
-0.000610
-0.000699
-0.000561
-0.000209
0.000205
0.000424
0.000213
-0.000153
-0.000047
0.000413
0.000110
-0.001903
-0.004945
-0.006489
-0.004845
-0.001971
-0.000716
-0.000200
0.002135
0.005551
0.007526
0.008148
0.008601
0.007924
0.005313
0.002537
0.001085
0.000164
-0.001094
-0.002346
-0.003194
-0.003333
-0.002314
-0.000861
-0.000795
-0.002280
-0.003551
-0.004044
-0.004800
-0.005856
-0.006237
-0.005922
-0.005451
-0.004451
-0.002407
0.000079
0.002092
0.003337
0.003851
0.003918
0.003979
0.003943
0.003315
0.002258
0.001714
0.002172
0.003012
0.003568
0.004013
0.004532
0.004617
0.003915
0.002824
0.001654
0.000173
-0.001646
-0.003328
-0.004449
-0.004820
-0.004566
-0.004310
-0.004375
-0.004120
-0.003133
-0.002241
-0.002151
-0.002298
-0.002115
-0.001949
-0.001927
-0.001488
-0.000539
0.000411
0.001266
0.002296
0.003414
0.004354
0.005004
0.005096
0.004404
0.003421
0.002771
0.002197
0.001251
0.000317
-0.000070
-0.000135
-0.000281
-0.000443
-0.000571
-0.000914
-0.001541
-0.002286
-0.003072
-0.003734
-0.003909
-0.003584
-0.003140
-0.002546
-0.001463
-0.000181
0.000651
0.001070
0.001504
0.001827
0.001675
0.001244
0.000939
0.000799
0.000863
0.001296
0.001868
0.002153
0.002206
0.002270
0.002179
0.001688
0.000934
0.000126
-0.000725
-0.001514
-0.002019
-0.002247
-0.002306
-0.002113
-0.001645
-0.001160
-0.000865
-0.000738
-0.000775
-0.001000
-0.001207
-0.001172
-0.000991
-0.000776
-0.000365
0.000293
0.000992
0.001649
0.002280
0.002663
0.002569
0.002147
0.001671
0.001181
0.000632
0.000097
-0.000323
-0.000618
-0.000776
-0.000728
-0.000521
-0.000329
-0.000225
-0.000161
-0.000267
-0.001135
-0.003352
-0.006036
-0.006843
-0.005110
-0.003104
-0.002111
-0.000392
0.002934
0.005948
0.007481
0.008471
0.008953
0.007767
0.005280
0.003003
0.001280
-0.000294
-0.001613
-0.002526
-0.002977
-0.002445
-0.000888
0.000286
-0.000086
-0.001258
-0.002182
-0.003163
-0.004580
-0.005844
-0.006506
-0.006678
-0.006173
-0.004708
-0.002666
-0.000598
0.001272
0.002612
0.003185
0.003416
0.003692
0.003613
0.002857
0.002067
0.002010
0.002549
0.003159
0.003743
0.004311
0.004562
0.004312
0.003721
0.002821
0.001498
-0.000060
-0.001572
-0.003001
-0.004081
-0.004379
-0.004151
-0.003975
-0.003744
-0.003142
-0.002480
-0.002172
-0.002110
-0.002118
-0.002282
-0.002458
-0.002289
-0.001825
-0.001261
-0.000450
0.000583
0.001487
0.002361
0.003560
0.004646
0.004849
0.004394
0.003986
0.003617
0.003029
0.002389
0.001783
0.001043
0.000359
0.000068
-0.000063
-0.000446
-0.000969
-0.001463
-0.002133
-0.002912
-0.003362
-0.003523
-0.003770
-0.003890
-0.003431
-0.002618
-0.001962
-0.001461
-0.000859
-0.000155
0.000549
0.001189
0.001622
0.001845
0.002136
0.002546
0.002782
0.002798
0.002818
0.002770
0.002430
0.001999
0.001767
0.001488
0.000832
0.000033
-0.000571
-0.001049
-0.001469
-0.001720
-0.001861
-0.002000
-0.001979
-0.001734
-0.001551
-0.001554
-0.001501
-0.001356
-0.001348
-0.001411
-0.001241
-0.000830
-0.000406
-0.000000
0.000473
0.000942
0.001363
0.001786
0.002103
0.002176
0.002064
0.001834
0.001486
0.001117
0.000850
0.000616
0.000292
-0.000032
-0.000198
-0.000282
-0.000419
-0.000547
-0.000629
-0.000805
-0.001108
-0.001364
-0.001476
-0.001477
-0.001356
-0.001124
-0.000837
-0.000528
-0.000543
-0.001532
-0.003126
-0.003578
-0.002324
-0.001112
-0.000741
0.000362
0.002738
0.004752
0.005682
0.006370
0.006761
0.006021
0.004468
0.002947
0.001451
-0.000126
-0.001370
-0.002162
-0.002691
-0.002660
-0.001898
-0.001242
-0.001421
-0.001929
-0.002181
-0.002515
-0.003187
-0.003820
-0.004260
-0.004587
-0.004421
-0.003449
-0.002110
-0.000814
0.000567
0.001928
0.002810
0.003247
0.003581
0.003640
0.003128
0.002465
0.002264
0.002378
0.002349
0.002278
0.002434
0.002556
0.002284
0.001774
0.001258
0.000604
-0.000287
-0.001223
-0.002069
-0.002755
-0.003095
-0.003095
-0.003041
-0.002978
-0.002666
-0.002152
-0.001731
-0.001450
-0.001198
-0.001016
-0.000919
-0.000775
-0.000500
-0.000120
0.000337
0.000823
0.001163
0.001292
0.001579
0.002316
0.002958
0.002811
0.002235
0.002077
0.002241
0.002003
0.001354
0.000835
0.000455
-0.000055
-0.000490
-0.000683
-0.000923
-0.001270
-0.001438
-0.001455
-0.001563
-0.001674
-0.001648
-0.001646
-0.001704
-0.001517
-0.001064
-0.000791
-0.000840
-0.000804
-0.000487
-0.000139
0.000113
0.000374
0.000687
0.001027
0.001329
0.001451
0.001396
0.001417
0.001642
0.001865
0.001876
0.001689
0.001394
0.001053
0.000714
0.000395
0.000054
-0.000345
-0.000754
-0.001091
-0.001387
-0.001681
-0.001823
-0.001735
-0.001628
-0.001640
-0.001625
-0.001463
-0.001227
-0.000971
-0.000618
-0.000148
0.000308
0.000665
0.000944
0.001129
0.001202
0.001229
0.001205
0.001067
0.000936
0.000961
0.000977
0.000777
0.000480
0.000222
-0.000309
-0.001742
-0.003915
-0.005046
-0.003761
-0.001704
-0.001033
-0.000571
0.001647
0.004407
0.005697
0.005993
0.006167
0.005396
0.003362
0.001360
0.000102
-0.000912
-0.001857
-0.002457
-0.002696
-0.002408
-0.001346
-0.000298
-0.000467
-0.001497
-0.002124
-0.002405
-0.003074
-0.003787
-0.003984
-0.003927
-0.003686
-0.002744
-0.001143
0.000435
0.001721
0.002715
0.003143
0.003061
0.002986
0.002875
0.002193
0.001187
0.000740
0.000988
0.001357
0.001725
0.002286
0.002732
0.002688
0.002376
0.002006
0.001307
0.000188
-0.000977
-0.001978
-0.002776
-0.003114
-0.002983
-0.002820
-0.002696
-0.002266
-0.001648
-0.001338
-0.001351
-0.001339
-0.001316
-0.001466
-0.001605
-0.001475
-0.001066
-0.000394
0.000485
0.001311
0.001965
0.002613
0.003210
0.003356
0.002952
0.002393
0.001942
0.001510
0.001083
0.000772
0.000529
0.000306
0.000240
0.000310
0.000211
-0.000124
-0.000451
-0.000796
-0.001345
-0.001883
-0.002136
-0.002321
-0.002628
-0.002693
-0.002196
-0.001442
-0.000846
-0.000392
0.000063
0.000403
0.000463
0.000366
0.000380
0.000514
0.000588
0.000626
0.000827
0.001239
0.001706
0.002042
0.002172
0.002155
0.002032
0.001724
0.001191
0.000577
0.000001
-0.000522
-0.000902
-0.001099
-0.001252
-0.001383
-0.001366
-0.001249
-0.001138
-0.001008
-0.000933
-0.001054
-0.001248
-0.001286
-0.001165
-0.000985
-0.000725
-0.000363
0.000029
0.000385
0.000695
0.000910
0.000987
0.001022
0.001105
0.001113
0.000954
0.000782
0.000708
0.000674
0.000695
0.000796
0.000836
0.000726
0.000600
0.000536
0.000382
0.000035
-0.000361
-0.000658
-0.000886
-0.001073
-0.001149
-0.001106
-0.001033
-0.000977
-0.000912
-0.000838
-0.000784
-0.000769
-0.000790
-0.000818
-0.000798
-0.000657
-0.000334
0.000126
0.000596
0.001012
0.001394
0.001714
0.001868
0.001824
0.001657
0.001430
0.001141
0.000766
0.000329
-0.000046
-0.000279
-0.000422
-0.000552
-0.000677
-0.000720
-0.000654
-0.000622
-0.000711
-0.000785
-0.000786
-0.000813
-0.000837
-0.000774
-0.000685
-0.000576
-0.000331
0.000010
0.000288
0.000484
0.000663
0.000805
0.000847
0.000758
0.000543
0.000279
0.000089
0.000022
0.000022
0.000020
0.000020
0.000031
0.000033
0.000060
0.000110
0.000046
-0.000154
-0.000303
-0.000291
-0.000211
-0.000165
-0.000097
0.000028
0.000082
0.000016
-0.000024
0.000022
0.000030
-0.000080
-0.000262
-0.000433
-0.000503
-0.000420
-0.000271
-0.000200
-0.000155
0.000033
0.000298
0.000444
0.000496
0.000550
0.000530
0.000442
0.000439
0.000471
0.000364
0.000169
0.000034
-0.000095
-0.000282
-0.000351
-0.000195
-0.000047
-0.000065
-0.000086
-0.000050
-0.000113
-0.000264
-0.000350
-0.000345
-0.000283
-0.000198
-0.000199
-0.000307
-0.000309
-0.000051
0.000287
0.000451
0.000463
0.000470
0.000474
0.000433
0.000384
0.000310
0.000119
-0.000154
-0.000369
-0.000484
-0.000528
-0.000532
-0.000563
-0.000642
-0.000648
-0.000441
-0.000059
0.000293
0.000486
0.000580
0.000633
0.000607
0.000533
0.000486
0.000406
0.000210
0.000023
-0.000003
0.000065
0.000061
-0.000034
-0.000083
-0.000035
-0.000025
-0.000139
-0.000300
-0.000416
-0.000484
-0.000544
-0.000618
-0.000668
-0.000569
-0.000260
0.000105
0.000351
0.000447
0.000424
0.000314
0.000159
0.000005
-0.000121
-0.000184
-0.000122
0.000056
0.000240
0.000372
0.000513
0.000664
0.000671
0.000451
0.000159
-0.000029
-0.000157
-0.000392
-0.000741
-0.001027
-0.001329
-0.002002
-0.002723
-0.002426
-0.001070
0.000011
0.000374
0.001058
0.002335
0.003197
0.003324
0.003354
0.003308
0.002680
0.001716
0.001016
0.000513
-0.000058
-0.000576
-0.001015
-0.001459
-0.001569
-0.001175
-0.000938
-0.001381
-0.002030
-0.002359
-0.002535
-0.002681
-0.002588
-0.002356
-0.002228
-0.001946
-0.001188
-0.000200
0.000694
0.001477
0.002012
0.002104
0.002003
0.002078
0.002191
0.002002
0.001614
0.001405
0.001449
0.001564
0.001667
0.001681
0.001446
0.001035
0.000699
0.000422
-0.000005
-0.000562
-0.001133
-0.001710
-0.002143
-0.002197
-0.002054
-0.002121
-0.002306
-0.002223
-0.001870
-0.001502
-0.001174
-0.000888
-0.000799
-0.000869
-0.000775
-0.000398
0.000105
0.000684
0.001317
0.001789
0.002028
0.002267
0.002568
0.002641
0.002345
0.001974
0.001789
0.001587
0.001155
0.000821
0.000857
0.000836
0.000392
-0.000108
-0.000334
-0.000585
-0.001123
-0.001755
-0.002300
-0.002813
-0.003232
-0.003357
-0.003195
-0.002872
-0.002337
-0.001572
-0.000772
-0.000009
0.000757
0.001366
0.001678
0.001819
0.001858
0.001681
0.001377
0.001258
0.001354
0.001394
0.001369
0.001443
0.001473
0.001311
0.001122
0.000927
0.000465
-0.000221
-0.000762
-0.001111
-0.001507
-0.001843
-0.001791
-0.001450
-0.001192
-0.001007
-0.000629
-0.000123
0.000144
0.000083
-0.000020
-0.000003
-0.000038
-0.000242
-0.000457
-0.000508
-0.000394
-0.000186
0.000081
0.000432
0.000862
0.001149
0.000989
0.000460
0.000003
-0.000247
-0.000627
-0.001189
-0.001394
-0.000962
-0.000322
0.000236
0.001011
0.002012
0.002678
0.002802
0.002678
0.002343
0.001668
0.000855
0.000119
-0.000607
-0.001250
-0.001541
-0.001548
-0.001575
-0.001538
-0.001223
-0.000882
-0.000821
-0.000915
-0.001017
-0.001238
-0.001580
-0.001871
-0.002033
-0.002006
-0.001636
-0.000916
-0.000075
0.000713
0.001465
0.002147
0.002551
0.002598
0.002442
0.002132
0.001648
0.001178
0.000893
0.000736
0.000650
0.000643
0.000650
0.000628
0.000596
0.000500
0.000239
-0.000222
-0.000825
-0.001403
-0.001788
-0.001983
-0.002097
-0.002149
-0.002022
-0.001623
-0.001111
-0.000763
-0.000592
-0.000421
-0.000256
-0.000203
-0.000208
-0.000162
-0.000033
0.000214
0.000605
0.001050
0.001410
0.001656
0.001853
0.002001
0.002037
0.001953
0.001798
0.001591
0.001273
0.000824
0.000305
-0.000208
-0.000605
-0.000823
-0.000991
-0.001219
-0.001375
-0.001350
-0.001311
-0.001461
-0.001741
-0.001946
-0.001961
-0.001812
-0.001556
-0.001213
-0.000767
-0.000207
0.000390
0.000901
0.001311
0.001659
0.001887
0.001919
0.001790
0.001607
0.001438
0.001281
0.001071
0.000750
0.000431
0.000288
0.000248
0.000068
-0.000274
-0.000585
-0.000804
-0.001034
-0.001310
-0.001508
-0.001458
-0.001191
-0.000948
-0.000793
-0.000527
-0.000140
0.000108
0.000093
-0.000131
-0.000509
-0.000857
-0.000973
-0.001033
-0.001279
-0.001412
-0.000972
0.000024
0.001246
0.002374
0.003147
0.003528
0.003730
0.003784
0.003437
0.002645
0.001702
0.000788
-0.000130
-0.000897
-0.001211
-0.001152
-0.001101
-0.001154
-0.001168
-0.001227
-0.001505
-0.001943
-0.002445
-0.003058
-0.003694
-0.004061
-0.003960
-0.003361
-0.002385
-0.001315
-0.000323
0.000698
0.001795
0.002745
0.003281
0.003346
0.003097
0.002762
0.002495
0.002362
0.002336
0.002289
0.002175
0.002076
0.002003
0.001859
0.001572
0.001078
0.000314
-0.000641
-0.001570
-0.002279
-0.002751
-0.003093
-0.003335
-0.003351
-0.003073
-0.002622
-0.002160
-0.001778
-0.001515
-0.001362
-0.001232
-0.001019
-0.000693
-0.000249
0.000303
0.000855
0.001357
0.001938
0.002578
0.002990
0.003051
0.002922
0.002707
0.002361
0.001844
0.001209
0.000635
0.000276
0.000048
-0.000179
-0.000292
-0.000221
-0.000223
-0.000453
-0.000679
-0.000808
-0.001088
-0.001564
-0.001958
-0.002137
-0.002170
-0.002069
-0.001828
-0.001513
-0.001137
-0.000706
-0.000324
-0.000058
0.000190
0.000500
0.000783
0.000937
0.001005
0.001021
0.000965
0.000978
0.001191
0.001415
0.001461
0.001448
0.001451
0.001332
0.001120
0.000979
0.000726
0.000119
-0.000537
-0.000834
-0.000933
-0.001116
-0.001262
-0.001267
-0.001285
-0.001283
-0.001088
-0.000872
-0.000910
-0.001072
-0.001036
-0.000770
-0.000467
-0.000254
-0.000132
0.000055
0.000497
0.001095
0.001544
0.001705
0.001633
0.001403
0.001109
0.000850
0.000621
0.000358
0.000086
-0.000136
-0.000302
-0.000327
-0.000123
0.000095
0.000031
-0.000219
-0.000398
