6080
0.000097
0.000188
0.000132
0.000159
0.000242
0.000131
-0.000127
-0.000207
-0.000064
0.000000
-0.000156
-0.000319
-0.000253
-0.000047
0.000003
-0.000109
-0.000053
0.000254
0.000432
0.000253
0.000030
0.000073
0.000184
0.000080
-0.000080
-0.000039
0.000072
0.000047
-0.000015
0.000041
0.000134
0.000123
0.000053
0.000064
0.000124
0.000023
-0.000246
-0.000380
-0.000272
-0.000209
-0.000326
-0.000359
-0.000179
-0.000052
-0.000144
-0.000219
-0.000078
0.000133
0.000245
0.000305
0.000359
0.000322
0.000204
0.000150
0.000192
0.000222
0.000148
-0.000033
-0.000213
-0.000247
-0.000151
-0.000089
-0.000093
-0.000034
0.000098
0.000160
0.000128
0.000130
0.000198
0.000214
0.000115
-0.000048
-0.000196
-0.000234
-0.000149
-0.000098
-0.000226
-0.000408
-0.000380
-0.000122
0.000069
-0.000009
-0.000183
-0.000179
0.000002
0.000186
0.000283
0.000264
0.000128
-0.000009
-0.000012
0.000093
0.000200
0.000282
0.000368
0.000470
0.000503
0.000329
-0.000015
-0.000305
-0.000417
-0.000395
-0.000346
-0.000381
-0.000441
-0.000317
-0.000006
0.000205
0.000135
-0.000042
-0.000097
-0.000078
-0.000107
-0.000101
0.000031
0.000190
0.000262
0.000251
0.000198
0.000123
0.000029
-0.000062
-0.000092
-0.000042
0.000019
-0.000010
-0.000113
-0.000120
-0.000003
-0.000002
-0.000179
-0.000228
-0.000015
0.000186
0.000155
0.000028
-0.000001
0.000050
0.000057
0.000023
0.000059
0.000163
0.000199
0.000109
0.000000
-0.000050
-0.000093
-0.000112
-0.000021
0.000105
0.000110
0.000028
-0.000008
-0.000009
-0.000047
-0.000054
0.000045
0.000133
0.000071
-0.000085
-0.000235
-0.000336
-0.000333
-0.000201
-0.000028
0.000041
-0.000011
0.000004
0.000187
0.000348
0.000287
0.000044
-0.000183
-0.000226
-0.000114
0.000012
0.000094
0.000117
0.000074
0.000034
0.000066
0.000105
0.000022
-0.000133
-0.000164
-0.000034
0.000083
0.000074
0.000017
0.000007
0.000013
-0.000008
-0.000041
-0.000083
-0.000126
-0.000126
-0.000088
-0.000072
-0.000088
-0.000073
0.000003
0.000079
0.000115
0.000190
0.000350
0.000440
0.000323
0.000112
-0.000057
-0.000182
-0.000190
-0.000039
0.000045
-0.000079
-0.000184
-0.000114
-0.000038
-0.000097
-0.000186
-0.000187
-0.000147
-0.000142
-0.000101
0.000013
0.000037
-0.000074
-0.000103
0.000024
0.000108
0.000060
0.000017
0.000085
0.000238
0.000313
0.000157
-0.000095
-0.000139
0.000075
0.000291
0.000288
0.000107
-0.000052
-0.000079
-0.000053
-0.000063
-0.000036
0.000090
0.000202
0.000187
0.000073
-0.000060
-0.000141
-0.000110
-0.000025
-0.000046
-0.000210
-0.000343
-0.000285
-0.000130
-0.000099
-0.000243
-0.000374
-0.000312
-0.000115
0.000034
0.000066
0.000080
0.000176
0.000294
0.000294
0.000200
0.000190
0.000297
0.000311
0.000136
-0.000030
-0.000046
-0.000006
-0.000016
-0.000087
-0.000163
-0.000133
-0.000012
0.000031
-0.000021
-0.000027
0.000047
0.000122
0.000146
0.000140
0.000151
0.000178
0.000161
0.000048
-0.000144
-0.000299
-0.000333
-0.000312
-0.000293
-0.000212
-0.000097
-0.000102
-0.000192
-0.000159
0.000016
0.000150
0.000158
0.000104
0.000051
0.000062
0.000196
0.000354
0.000358
0.000244
0.000206
0.000246
0.000206
0.000061
-0.000089
-0.000198
-0.000326
-0.000483
-0.000506
-0.000292
-0.000006
0.000144
0.000156
0.000131
0.000078
-0.000013
-0.000064
-0.000041
-0.000031
-0.000117
-0.000236
-0.000243
-0.000108
0.000046
0.000156
0.000270
0.000362
0.000326
0.000185
0.000066
0.000008
-0.000040
-0.000092
-0.000135
-0.000160
-0.000104
0.000070
0.000244
0.000256
0.000119
-0.000002
-0.000027
-0.000074
-0.000232
-0.000339
-0.000223
-0.000027
-0.000028
-0.000196
-0.000238
-0.000060
0.000121
0.000113
-0.000013
-0.000041
0.000106
0.000283
0.000348
0.000297
0.000164
-0.000010
-0.000132
-0.000149
-0.000140
-0.000189
-0.000206
-0.000064
0.000136
0.000217
0.000218
0.000208
0.000114
-0.000036
-0.000083
-0.000028
-0.000031
-0.000127
-0.000191
-0.000185
-0.000186
-0.000183
-0.000096
0.000038
0.000117
0.000151
0.000217
0.000269
0.000155
-0.000091
-0.000232
-0.000167
-0.000073
-0.000099
-0.000150
-0.000060
0.000153
0.000284
0.000197
-0.000016
-0.000137
-0.000053
0.000107
0.000153
0.000091
0.000035
0.000003
-0.000021
-0.000005
0.000024
-0.000019
-0.000121
-0.000161
-0.000117
-0.000096
-0.000121
-0.000071
0.000048
0.000078
0.000008
-0.000050
-0.000115
-0.000194
-0.000128
0.000082
0.000172
0.000065
0.000023
0.000178
0.000282
0.000133
-0.000101
-0.000183
-0.000085
0.000093
0.000201
0.000129
-0.000001
0.000031
0.000179
0.000210
0.000082
-0.000068
-0.000122
-0.000075
-0.000042
-0.000116
-0.000195
-0.000113
0.000032
0.000013
-0.000105
-0.000078
0.000067
0.000103
0.000024
0.000006
0.000052
0.000054
0.000033
0.000031
-0.000039
-0.000237
-0.000417
-0.000377
-0.000161
-0.000019
-0.000003
0.000071
0.000244
0.000331
0.000217
0.000032
-0.000022
0.000066
0.000155
0.000195
0.000240
0.000293
0.000328
0.000303
0.000130
-0.000143
-0.000346
-0.000459
-0.000548
-0.000578
-0.000484
-0.000253
0.000024
0.000142
0.000072
0.000078
0.000282
0.000462
0.000403
0.000202
0.000084
0.000046
-0.000045
-0.000092
0.000024
0.000101
-0.000020
-0.000118
0.000011
0.000192
0.000130
-0.000140
-0.000292
-0.000217
-0.000153
-0.000252
-0.000401
-0.000460
-0.000368
-0.000116
0.000174
0.000317
0.000294
0.000264
0.000294
0.000258
0.000098
-0.000046
-0.000051
0.000039
0.000107
0.000101
0.000050
0.000009
-0.000010
-0.000028
-0.000051
-0.000096
-0.000134
-0.000077
0.000031
0.000015
-0.000128
-0.000208
-0.000107
0.000089
0.000202
0.000184
0.000131
0.000082
-0.000011
-0.000136
-0.000193
-0.000088
0.000140
0.000290
0.000209
-0.000026
-0.000195
-0.000150
0.000050
0.000171
0.000089
0.000002
0.000141
0.000351
0.000357
0.000232
0.000142
0.000017
-0.000180
-0.000283
-0.000250
-0.000301
-0.000508
-0.000586
-0.000321
0.000082
0.000268
0.000152
-0.000068
-0.000185
-0.000172
-0.000116
-0.000059
0.000039
0.000193
0.000321
0.000343
0.000291
0.000211
0.000095
-0.000015
-0.000037
0.000001
0.000012
-0.000013
-0.000012
0.000046
0.000076
-0.000004
-0.000088
0.000007
0.000206
0.000200
-0.000080
-0.000326
-0.000266
-0.000020
0.000048
-0.000188
-0.000427
-0.000368
-0.000128
-0.000017
-0.000041
-0.000017
0.000039
0.000043
0.000043
0.000038
-0.000032
-0.000065
0.000085
0.000309
0.000368
0.000255
0.000206
0.000316
0.000376
0.000220
-0.000045
-0.000274
-0.000417
-0.000414
-0.000294
-0.000299
-0.000588
-0.000913
-0.000918
-0.000626
-0.000332
-0.000180
-0.000088
0.000107
0.000485
0.000855
0.000925
0.000772
0.000691
0.000698
0.000603
0.000359
0.000116
0.000084
0.000273
0.000420
0.000387
0.000358
0.000440
0.000509
0.000502
0.000437
0.000282
0.000032
-0.000230
-0.000441
-0.000605
-0.000718
-0.000775
-0.000816
-0.000874
-0.000960
-0.001031
-0.000961
-0.000675
-0.000313
-0.000121
-0.000135
-0.000133
0.000021
0.000173
0.000132
-0.000023
-0.000057
0.000112
0.000358
0.000501
0.000486
0.000456
0.000577
0.000756
0.000727
0.000497
0.000363
0.000411
0.000412
0.000226
-0.000020
-0.000149
-0.000108
0.000054
0.000216
0.000217
-0.000001
-0.000282
-0.000434
-0.000473
-0.000545
-0.000707
-0.000854
-0.000795
-0.000490
-0.000176
-0.000108
-0.000208
-0.000181
0.000038
0.000180
0.000095
0.000010
0.000130
0.000287
0.000236
-0.000026
-0.000271
-0.000207
0.000168
0.000474
0.000468
0.000346
0.000328
0.000341
0.000307
0.000285
0.000268
0.000218
0.000228
0.000329
0.000336
0.000154
-0.000018
-0.000010
0.000080
0.000093
-0.000005
-0.000181
-0.000363
-0.000436
-0.000375
-0.000275
-0.000245
-0.000320
-0.000380
-0.000271
-0.000069
-0.000031
-0.000214
-0.000340
-0.000196
0.000039
0.000136
0.000136
0.000094
0.000003
0.000016
0.000193
0.000296
0.000189
0.000039
-0.000029
-0.000043
-0.000001
0.000069
-0.000002
-0.000176
-0.000122
0.000173
0.000304
0.000164
-0.000003
-0.000066
0.000023
0.000236
0.000284
0.000014
-0.000232
-0.000136
0.000114
0.000228
0.000250
0.000260
0.000124
-0.000171
-0.000371
-0.000369
-0.000322
-0.000309
-0.000240
-0.000081
0.000029
-0.000034
-0.000136
-0.000103
-0.000020
-0.000019
-0.000032
0.000035
0.000102
0.000089
0.000083
0.000100
0.000023
-0.000067
0.000045
0.000290
0.000397
0.000315
0.000202
0.000132
0.000060
-0.000032
-0.000093
-0.000095
-0.000048
-0.000010
-0.000045
-0.000110
-0.000135
-0.000113
-0.000031
0.000077
0.000070
-0.000095
-0.000249
-0.000239
-0.000123
-0.000023
0.000035
0.000072
0.000151
0.000331
0.000466
0.000351
0.000063
-0.000199
-0.000361
-0.000392
-0.000309
-0.000207
-0.000125
-0.000037
0.000051
0.000083
0.000032
-0.000010
0.000048
0.000131
0.000097
-0.000086
-0.000306
-0.000338
-0.000072
0.000250
0.000299
0.000071
-0.000159
-0.000167
0.000045
0.000274
0.000297
0.000154
0.000092
0.000153
0.000163
0.000091
0.000041
-0.000007
-0.000128
-0.000278
-0.000324
-0.000215
-0.000067
0.000007
0.000074
0.000218
0.000316
0.000198
-0.000025
-0.000088
0.000002
0.000050
-0.000012
-0.000135
-0.000260
-0.000310
-0.000253
-0.000190
-0.000219
-0.000217
0.000007
0.000344
0.000480
0.000361
0.000231
0.000238
0.000308
0.000351
0.000346
0.000277
0.000150
0.000039
-0.000007
-0.000091
-0.000344
-0.000627
-0.000652
-0.000410
-0.000171
-0.000102
-0.000082
0.000026
0.000147
0.000147
0.000013
-0.000165
-0.000250
-0.000187
-0.000046
0.000117
0.000268
0.000339
0.000331
0.000274
0.000133
-0.000060
-0.000152
-0.000103
-0.000028
-0.000011
-0.000053
-0.000092
-0.000065
-0.000022
-0.000065
-0.000195
-0.000315
-0.000286
-0.000039
0.000258
0.000356
0.000220
0.000024
-0.000032
0.000056
0.000082
-0.000038
-0.000130
-0.000044
0.000115
0.000144
0.000050
-0.000011
-0.000056
-0.000200
-0.000367
-0.000416
-0.000339
-0.000130
0.000171
0.000359
0.000317
0.000184
0.000136
0.000144
0.000019
-0.000283
-0.000543
-0.000561
-0.000375
-0.000132
0.000060
0.000127
0.000092
0.000099
0.000224
0.000331
0.000262
0.000132
0.000157
0.000266
0.000291
0.000321
0.000461
0.000610
0.000663
0.000628
0.000541
0.000420
0.000283
0.000166
0.000085
-0.000007
-0.000178
-0.000411
-0.000572
-0.000586
-0.000563
-0.000605
-0.000637
-0.000544
-0.000417
-0.000440
-0.000556
-0.000573
-0.000476
-0.000355
-0.000259
-0.000232
-0.000269
-0.000258
-0.000083
0.000199
0.000412
0.000515
0.000569
0.000564
0.000508
0.000470
0.000491
0.000573
0.000594
0.000350
-0.000068
-0.000227
0.000092
0.000538
0.000623
0.000295
-0.000112
-0.000330
-0.000338
-0.000240
-0.000213
-0.000392
-0.000646
-0.000659
-0.000354
-0.000028
0.000035
-0.000100
-0.000176
-0.000077
0.000052
0.000010
-0.000174
-0.000246
-0.000098
0.000061
0.000026
-0.000120
-0.000197
-0.000144
-0.000002
0.000161
0.000284
0.000367
0.000459
0.000560
0.000577
0.000446
0.000233
0.000059
-0.000032
-0.000095
-0.000181
-0.000200
-0.000038
0.000214
0.000338
0.000301
0.000252
0.000255
0.000218
0.000058
-0.000181
-0.000366
-0.000409
-0.000411
-0.000715
-0.001579
-0.002600
-0.002908
-0.002256
-0.001168
0.000000
0.001064
0.001509
0.001233
0.001027
0.001301
0.001436
0.001144
0.000921
0.000775
0.000358
0.000058
0.000255
0.000481
0.000543
0.000915
0.001518
0.001815
0.001869
0.001887
0.001534
0.000707
-0.000072
-0.000608
-0.001165
-0.001616
-0.001713
-0.001748
-0.002006
-0.002261
-0.002263
-0.002040
-0.001700
-0.001342
-0.001037
-0.000765
-0.000548
-0.000469
-0.000416
-0.000152
0.000257
0.000527
0.000635
0.000775
0.001016
0.001312
0.001567
0.001640
0.001572
0.001618
0.001778
0.001732
0.001374
0.000961
0.000652
0.000303
-0.000145
-0.000503
-0.000677
-0.000742
-0.000716
-0.000650
-0.000675
-0.000782
-0.000892
-0.001048
-0.001248
-0.001298
-0.001130
-0.000926
-0.000733
-0.000414
-0.000040
0.000191
0.000284
0.000342
0.000368
0.000342
0.000275
0.000166
0.000035
-0.000065
-0.000097
-0.000044
0.000095
0.000260
0.000394
0.000510
0.000618
0.000669
0.000618
0.000491
0.000361
0.000263
0.000155
0.000037
-0.000062
-0.000269
-0.000607
-0.000636
-0.000088
0.000462
0.000448
0.000154
0.000018
0.000041
0.000249
0.000672
0.000816
0.000234
-0.000519
-0.000607
-0.000211
-0.000034
-0.000153
-0.000290
-0.000355
-0.000228
0.000071
0.000146
-0.000137
-0.000333
-0.000211
-0.000075
-0.000097
-0.000143
-0.000236
-0.000419
-0.000472
-0.000336
-0.000259
-0.000289
-0.000236
-0.000024
0.000267
0.000405
0.000214
-0.000075
-0.000083
0.000190
0.000423
0.000396
0.000218
0.000163
0.000352
0.000590
0.000568
0.000242
-0.000107
-0.000238
-0.000183
-0.000071
0.000029
0.000058
-0.000004
-0.000096
-0.000146
-0.000141
-0.000148
-0.000246
-0.000334
-0.000237
-0.000063
-0.000080
-0.000221
-0.000164
0.000109
0.000311
0.000283
-0.000083
-0.000914
-0.001860
-0.002172
-0.001607
-0.000645
0.000210
0.000725
0.000780
0.000602
0.000775
0.001349
0.001593
0.001154
0.000547
0.000241
0.000160
0.000183
0.000317
0.000446
0.000476
0.000550
0.000787
0.001073
0.001265
0.001271
0.001024
0.000672
0.000442
0.000213
-0.000255
-0.000830
-0.001208
-0.001304
-0.001293
-0.001408
-0.001659
-0.001761
-0.001545
-0.001252
-0.001148
-0.001164
-0.001113
-0.000916
-0.000586
-0.000220
0.000069
0.000283
0.000500
0.000684
0.000767
0.000835
0.000958
0.001049
0.001080
0.001162
0.001307
0.001361
0.001227
0.000992
0.000722
0.000410
0.000175
0.000108
0.000032
-0.000157
-0.000263
-0.000238
-0.000293
-0.000469
-0.000618
-0.000721
-0.000840
-0.000982
-0.001132
-0.001227
-0.001154
-0.000864
-0.000425
-0.000029
0.000116
0.000030
-0.000063
-0.000016
0.000113
0.000173
0.000097
-0.000037
-0.000097
-0.000003
0.000208
0.000423
0.000611
0.000823
0.001056
0.001223
0.001218
0.000993
0.000674
0.000490
0.000404
0.000129
-0.000295
-0.000485
-0.000365
-0.000206
-0.000161
-0.000261
-0.000474
-0.000566
-0.000360
-0.000080
0.000002
-0.000005
0.000094
0.000200
0.000111
-0.000178
-0.000487
-0.000619
-0.000537
-0.000412
-0.000376
-0.000398
-0.000477
-0.000652
-0.000944
-0.001415
-0.001922
-0.002151
-0.002145
-0.001899
-0.000767
0.001228
0.002450
0.001900
0.000936
0.001021
0.001657
0.002049
0.002313
0.002002
0.000575
-0.000518
0.000283
0.001709
0.001907
0.001421
0.001347
0.001460
0.001647
0.002077
0.001903
0.000609
-0.000563
-0.000779
-0.001029
-0.001912
-0.002709
-0.003157
-0.003498
-0.003429
-0.002923
-0.002621
-0.002526
-0.002004
-0.001122
-0.000496
-0.000275
-0.000239
-0.000191
0.000142
0.000846
0.001461
0.001559
0.001312
0.001112
0.001202
0.001659
0.002099
0.001952
0.001470
0.001465
0.001932
0.002072
0.001591
0.000900
0.000336
-0.000018
-0.000133
-0.000186
-0.000428
-0.000753
-0.000917
-0.001016
-0.001215
-0.001467
-0.001744
-0.001987
-0.001933
-0.001510
-0.001079
-0.000895
-0.000764
-0.000439
0.000027
0.000441
0.000651
0.000599
0.000440
0.000413
0.000487
0.000436
0.000185
-0.000126
-0.000285
-0.000148
0.000203
0.000455
0.000376
0.000117
0.000105
0.000521
0.000949
0.000869
0.000401
0.000056
-0.000015
0.000027
0.000122
0.000179
0.000053
-0.000072
0.000130
0.000549
0.000791
0.000768
0.000666
0.000581
0.000556
0.000568
0.000433
0.000114
-0.000106
-0.000116
-0.000235
-0.000676
-0.001165
-0.001353
-0.001232
-0.001014
-0.000894
-0.000910
-0.000873
-0.000610
-0.000255
-0.000084
-0.000161
-0.000329
-0.000376
-0.000208
-0.000006
-0.000009
-0.000132
-0.000105
0.000138
0.000449
0.000683
0.000771
0.000732
0.000717
0.000872
0.001068
0.001066
0.000914
0.000814
0.000744
0.000552
0.000248
-0.000036
-0.000258
-0.000443
-0.000583
-0.000694
-0.000759
-0.000646
-0.000350
-0.000135
-0.000144
-0.000236
-0.000457
-0.001149
-0.002389
-0.003578
-0.003652
-0.002109
-0.000002
0.000938
0.000414
-0.000173
0.000270
0.001507
0.002820
0.003370
0.002486
0.000899
0.000322
0.000994
0.001494
0.001154
0.000614
0.000417
0.000761
0.001626
0.002257
0.001824
0.000799
0.000248
0.000124
-0.000206
-0.000695
-0.001146
-0.001678
-0.002065
-0.001996
-0.001864
-0.002072
-0.002253
-0.002021
-0.001542
-0.001045
-0.000682
-0.000624
-0.000713
-0.000482
0.000135
0.000615
0.000565
0.000212
0.000044
0.000291
0.000796
0.001192
0.001227
0.001038
0.000971
0.001175
0.001506
0.001628
0.001260
0.000527
-0.000094
-0.000289
-0.000226
-0.000232
-0.000322
-0.000291
-0.000087
0.000131
0.000168
-0.000074
-0.000492
-0.000774
-0.000812
-0.000869
-0.001019
-0.001006
-0.000773
-0.000486
-0.000172
0.000132
0.000253
0.000219
0.000255
0.000311
0.000141
-0.000183
-0.000376
-0.000396
-0.000269
0.000056
0.000335
0.000288
0.000209
0.000461
0.000751
0.000591
0.000115
-0.000100
0.000179
0.000624
0.000808
0.000601
0.000246
0.000115
0.000274
0.000401
0.000243
-0.000064
-0.000195
-0.000008
0.000263
0.000285
0.000059
-0.000149
-0.000149
0.000034
0.000165
-0.000023
-0.000480
-0.000824
-0.000847
-0.000775
-0.000795
-0.000761
-0.000530
-0.000189
0.000072
0.000099
-0.000097
-0.000246
-0.000108
0.000161
0.000259
-0.000123
-0.001399
-0.003286
-0.004350
-0.003545
-0.001469
0.000616
0.001876
0.001848
0.000913
0.000717
0.002136
0.003534
0.003161
0.001753
0.000708
0.000157
0.000290
0.001379
0.002022
0.001032
0.000103
0.001030
0.002549
0.002909
0.002512
0.001940
0.000898
-0.000105
-0.000383
-0.000803
-0.002079
-0.003176
-0.003355
-0.003334
-0.003473
-0.003382
-0.003199
-0.003102
-0.002608
-0.001702
-0.001145
-0.001063
-0.000790
-0.000122
0.000606
0.001171
0.001386
0.001208
0.001136
0.001570
0.002113
0.002275
0.002184
0.002083
0.001964
0.001934
0.002037
0.001834
0.001088
0.000350
0.000137
0.000201
0.000101
-0.000208
-0.000594
-0.000900
-0.000924
-0.000760
-0.000835
-0.001274
-0.001732
-0.001955
-0.001945
-0.001752
-0.001536
-0.001448
-0.001268
-0.000664
0.000211
0.000871
0.001109
0.001075
0.000908
0.000673
0.000482
0.000353
0.000126
-0.000211
-0.000388
-0.000255
-0.000088
-0.000216
-0.000404
-0.000114
0.000559
0.000903
0.000662
0.000345
0.000349
0.000518
0.000712
0.000896
0.000762
0.000188
-0.000227
0.000070
0.000734
0.001091
0.000966
0.000538
0.000112
0.000057
0.000365
0.000486
0.000082
-0.000424
-0.000532
-0.000334
-0.000180
-0.000259
-0.000594
-0.001019
-0.001199
-0.000985
-0.000714
-0.000799
-0.001127
-0.001221
-0.000915
-0.000584
-0.000545
-0.000611
-0.000503
-0.000285
-0.000135
-0.000056
0.000043
0.000222
0.000525
0.000891
0.001152
0.001268
0.001321
0.001334
0.001334
0.001406
0.001502
0.001459
0.001304
0.001204
0.001115
0.000841
0.000285
-0.000490
-0.001298
-0.001917
-0.002279
-0.002502
-0.002876
-0.003877
-0.005613
-0.007000
-0.006258
-0.002995
0.000741
0.002563
0.002377
0.001873
0.002294
0.003728
0.005661
0.006995
0.006339
0.003921
0.002251
0.002990
0.004306
0.003470
0.000653
-0.001961
-0.003090
-0.002873
-0.002262
-0.002426
-0.003385
-0.003646
-0.002379
-0.000714
0.000306
0.001012
0.001334
0.000551
-0.000616
-0.000840
-0.000928
-0.002394
-0.004343
-0.004890
-0.004099
-0.003250
-0.002785
-0.002162
-0.000727
0.001523
0.003631
0.004604
0.004638
0.004597
0.004608
0.004211
0.003360
0.002263
0.000855
-0.000630
-0.001364
-0.000980
-0.000150
0.000270
0.000201
0.000344
0.001226
0.002270
0.002301
0.001102
-0.000335
-0.001328
-0.002213
-0.003380
-0.004606
-0.005493
-0.005890
-0.005702
-0.004743
-0.003089
-0.001298
0.000116
0.001228
0.002325
0.003143
0.003144
0.002432
0.001676
0.001224
0.000919
0.000557
0.000144
0.000000
0.000553
0.001760
0.003024
0.003723
0.003731
0.003583
0.003771
0.003906
0.003272
0.001787
-0.000160
-0.002058
-0.003333
-0.003850
-0.004050
-0.004204
-0.003994
-0.003132
-0.002039
-0.001338
-0.001086
-0.001084
-0.001186
-0.001094
-0.000792
-0.000786
-0.001180
-0.001414
-0.001175
-0.000625
0.000120
0.001025
0.001964
0.002848
0.003684
0.004356
0.004593
0.004267
0.003460
0.002351
0.001267
0.000418
-0.000392
-0.001235
-0.001762
-0.001845
-0.001755
-0.001581
-0.001199
-0.000661
-0.000193
0.000028
-0.000007
-0.000229
-0.000735
-0.001855
-0.003939
-0.007084
-0.010816
-0.013854
-0.014374
-0.011253
-0.005537
0.000237
0.004867
0.009186
0.013721
0.017811
0.020827
0.022060
0.020152
0.014708
0.007857
0.002516
-0.000765
-0.003893
-0.007917
-0.011252
-0.011957
-0.010130
-0.007370
-0.005159
-0.004115
-0.004071
-0.004513
-0.005035
-0.005584
-0.006382
-0.007517
-0.008566
-0.008613
-0.006822
-0.003431
0.000182
0.003197
0.006310
0.009908
0.012723
0.013527
0.012606
0.010752
0.008235
0.005180
0.001945
-0.001074
-0.003520
-0.004982
-0.005133
-0.004006
-0.002087
-0.000123
0.001314
0.002223
0.002890
0.003052
0.001960
-0.000513
-0.003451
-0.005707
-0.006818
-0.007096
-0.006865
-0.005927
-0.004120
-0.001891
0.000193
0.001912
0.003019
0.003144
0.002324
0.001103
-0.000034
-0.001062
-0.002114
-0.002882
-0.002642
-0.001154
0.000857
0.002588
0.004014
0.005458
0.006793
0.007450
0.007047
0.005575
0.003000
-0.000239
-0.002589
-0.003062
-0.002801
-0.002967
-0.002843
-0.001798
-0.000589
0.000259
0.001052
0.001795
0.001774
0.000348
-0.001922
-0.003611
-0.004385
-0.005193
-0.006158
-0.006120
-0.004545
-0.002355
-0.000485
0.001288
0.003233
0.004630
0.004921
0.004427
0.003572
0.002653
0.001712
0.000538
-0.000388
-0.000334
0.000196
0.000427
0.000848
0.001921
0.002809
0.002696
0.001900
0.001013
0.000043
-0.001217
-0.002623
-0.003764
-0.004305
-0.004220
-0.003728
-0.002795
-0.001219
0.000524
0.001575
0.001907
0.002071
0.002056
0.001459
0.000291
-0.000894
-0.001332
-0.000818
-0.000498
-0.002287
-0.006943
-0.012448
-0.014733
-0.011410
-0.004844
0.000624
0.004245
0.008270
0.012751
0.015951
0.018515
0.021448
0.021733
0.015967
0.006875
0.000601
-0.001488
-0.003322
-0.007300
-0.011364
-0.012696
-0.011111
-0.008545
-0.006749
-0.006079
-0.006479
-0.008098
-0.009952
-0.010210
-0.008868
-0.007821
-0.007707
-0.006694
-0.002910
0.002919
0.007971
0.010720
0.012535
0.014647
0.015750
0.014415
0.011430
0.008190
0.004830
0.001176
-0.001952
-0.003633
-0.004161
-0.004403
-0.004353
-0.003302
-0.001375
-0.000053
-0.000604
-0.002335
-0.003462
-0.003684
-0.004245
-0.005542
-0.006469
-0.005989
-0.004121
-0.001601
0.000904
0.003112
0.004612
0.004864
0.004210
0.003540
0.002595
0.000408
-0.002518
-0.004398
-0.004414
-0.003384
-0.002259
-0.001005
0.000783
0.002880
0.004526
0.005245
0.005066
0.003887
0.001603
-0.000699
-0.001420
-0.000958
-0.000925
-0.000928
0.000432
0.002472
0.003802
0.004683
0.005440
0.005049
0.002874
-0.000245
-0.003193
-0.005572
-0.007516
-0.008974
-0.009265
-0.007895
-0.005606
-0.003490
-0.001479
0.000859
0.002833
0.003576
0.003404
0.002984
0.002462
0.001851
0.001235
0.000819
0.001031
0.001868
0.002674
0.003250
0.004010
0.004622
0.004148
0.002639
0.001042
-0.000280
-0.001602
-0.002848
-0.003632
-0.003842
-0.003550
-0.002823
-0.001804
-0.000648
0.000411
0.000950
0.000736
0.000080
-0.000605
-0.001281
-0.002010
-0.002611
-0.002780
-0.002416
-0.002240
-0.004209
-0.009457
-0.014599
-0.013597
-0.006190
0.000619
0.003357
0.006866
0.013648
0.018541
0.019209
0.020305
0.022596
0.019889
0.010617
0.001840
-0.001371
-0.002054
-0.004775
-0.009209
-0.011945
-0.011252
-0.008907
-0.007768
-0.008080
-0.008304
-0.009058
-0.011816
-0.014399
-0.013341
-0.009769
-0.007588
-0.006926
-0.003987
0.002731
0.009684
0.013090
0.013795
0.014674
0.015422
0.013747
0.010021
0.006757
0.004648
0.002406
-0.000162
-0.001493
-0.000810
0.000354
0.000131
-0.001019
-0.001264
-0.000768
-0.001814
-0.004935
-0.007566
-0.007850
-0.007082
-0.006885
-0.006645
-0.005081
-0.002284
0.000559
0.002546
0.003860
0.004800
0.004477
0.002319
0.000003
-0.000843
-0.001313
-0.002818
-0.004166
-0.003549
-0.001368
0.000755
0.002169
0.003241
0.004152
0.004461
0.003805
0.002651
0.001761
0.001052
0.000007
-0.000839
-0.000263
0.001536
0.002879
0.002842
0.001718
-0.000204
-0.002194
-0.002725
-0.001506
-0.000196
0.000058
-0.000053
0.000271
0.000716
0.000762
0.000376
-0.000450
-0.001875
-0.003834
-0.005737
-0.006596
-0.005922
-0.004535
-0.003459
-0.002267
-0.000060
0.002650
0.004693
0.005775
0.006092
0.005617
0.004439
0.003015
0.001799
0.000946
0.000357
-0.000056
-0.000105
0.000421
0.001126
0.001249
0.000677
-0.000048
-0.000749
-0.001686
-0.002785
-0.003634
-0.003919
-0.003521
-0.002608
-0.001533
-0.000406
0.000839
0.001808
0.001785
0.000839
-0.000166
-0.000989
-0.002120
-0.003457
-0.004450
-0.005427
-0.007319
-0.009864
-0.010644
-0.006972
0.000273
0.006571
0.009754
0.012670
0.016873
0.019120
0.017720
0.015637
0.013860
0.009196
0.001580
-0.003960
-0.005001
-0.004762
-0.006089
-0.007993
-0.008745
-0.008287
-0.007710
-0.008277
-0.010007
-0.011556
-0.012539
-0.013532
-0.013392
-0.010391
-0.005680
-0.001776
0.001334
0.005470
0.010618
0.014379
0.015112
0.013947
0.012652
0.011089
0.008445
0.005429
0.003405
0.002378
0.001412
0.000402
0.000034
0.000274
0.000013
-0.001569
-0.003867
-0.005589
-0.006562
-0.007855
-0.009511
-0.009779
-0.007883
-0.005400
-0.003481
-0.001401
0.001120
0.003059
0.003916
0.004115
0.003974
0.003459
0.002304
0.000512
-0.000853
-0.000732
0.000102
0.000219
-0.000001
0.000681
0.001847
0.002145
0.001554
0.000972
0.000534
-0.000144
-0.000882
-0.001127
-0.000713
0.000026
0.000601
0.000615
-0.000054
-0.000707
0.000020
0.002092
0.003370
0.002840
0.002244
0.002662
0.002839
0.002034
0.001057
0.000213
-0.001239
-0.003580
-0.005795
-0.006569
-0.006011
-0.005537
-0.005655
-0.005132
-0.003119
-0.000710
0.000890
0.002109
0.003396
0.003987
0.003657
0.003356
0.003460
0.003420
0.002899
0.002134
0.001765
0.002141
0.002476
0.001918
0.001010
0.000588
0.000323
-0.000360
-0.001195
-0.001765
-0.002241
-0.002780
-0.002966
-0.002470
-0.001672
-0.001139
-0.000994
-0.000957
-0.000667
-0.000319
-0.000764
-0.002118
-0.003172
-0.003238
-0.003114
-0.003534
-0.004405
-0.005875
-0.008188
-0.009637
-0.006814
0.000467
0.007101
0.009892
0.012295
0.016808
0.019770
0.018789
0.016787
0.015013
0.010553
0.003144
-0.002824
-0.004879
-0.005479
-0.007187
-0.009415
-0.010673
-0.010399
-0.009147
-0.008831
-0.010445
-0.012154
-0.012660
-0.013072
-0.013028
-0.010280
-0.005357
-0.001236
0.001574
0.005205
0.010158
0.014091
0.015049
0.013858
0.012348
0.010825
0.008761
0.006439
0.004524
0.003156
0.002059
0.001017
0.000265
0.000096
-0.000183
-0.001718
-0.004232
-0.006154
-0.006970
-0.007823
-0.009135
-0.009416
-0.007718
-0.005268
-0.003192
-0.001078
0.001178
0.002796
0.003537
0.003570
0.002945
0.002146
0.001449
0.000420
-0.000515
-0.000164
0.001069
0.001625
0.001450
0.001632
0.002082
0.001810
0.000791
-0.000190
-0.000902
-0.001547
-0.001940
-0.001784
-0.001082
0.000081
0.001330
0.001773
0.000603
-0.001687
-0.002281
0.000997
0.004844
0.004815
0.003472
0.004968
0.006529
0.004842
0.002399
0.001179
-0.000774
-0.004551
-0.008456
-0.010144
-0.009024
-0.007364
-0.007240
-0.007010
-0.004062
0.000249
0.002393
0.002616
0.003724
0.004851
0.003708
0.002222
0.002611
0.003340
0.003145
0.002666
0.002473
0.003303
0.004658
0.004105
0.001721
0.000406
0.000347
-0.000834
-0.003075
-0.004051
-0.003356
-0.002790
-0.002777
-0.001944
-0.000327
0.000540
0.000238
-0.000606
-0.001541
-0.002325
-0.003167
-0.004335
-0.005137
-0.004756
-0.003746
-0.003628
-0.005234
-0.007516
-0.007935
-0.004465
0.001949
0.007447
0.010029
0.012409
0.016323
0.018561
0.017518
0.016314
0.015152
0.010096
0.002156
-0.002647
-0.003190
-0.003988
-0.006842
-0.009535
-0.010859
-0.011086
-0.010491
-0.010409
-0.011847
-0.013364
-0.013857
-0.013981
-0.012871
-0.008893
-0.003814
-0.000587
0.001726
0.005917
0.011307
0.014587
0.014724
0.013628
0.012635
0.011281
0.009317
0.007489
0.006189
0.004839
0.003049
0.001432
0.000615
0.000164
-0.000980
-0.003373
-0.006238
-0.008001
-0.008484
-0.009233
-0.010401
-0.010043
-0.007778
-0.005506
-0.003764
-0.001453
0.001029
0.002320
0.002722
0.003213
0.003604
0.003490
0.002939
0.002034
0.001478
0.002213
0.003394
0.003313
0.002392
0.002169
0.002264
0.001432
0.000074
-0.000914
-0.001842
-0.002956
-0.003478
-0.002930
-0.001755
-0.000586
-0.000293
-0.001676
-0.003175
-0.001441
0.002839
0.004520
0.002997
0.003476
0.006486
0.007144
0.005114
0.003874
0.003090
0.000495
-0.003321
-0.006278
-0.007217
-0.006792
-0.007058
-0.008296
-0.007794
-0.004448
-0.001449
-0.000964
-0.000369
0.001952
0.003100
0.002073
0.001843
0.003056
0.003654
0.003425
0.003282
0.003628
0.004685
0.005255
0.003974
0.002374
0.002115
0.001616
-0.000559
-0.002679
-0.002936
-0.002270
-0.002172
-0.002195
-0.001524
-0.000814
-0.000829
-0.001216
-0.001409
-0.001467
-0.002140
-0.003870
-0.005464
-0.005554
-0.004866
-0.004758
-0.005172
-0.005595
-0.006112
-0.006636
-0.005715
-0.001290
0.005535
0.010238
0.011775
0.014191
0.018159
0.019411
0.017277
0.015082
0.012658
0.007547
0.001394
-0.002223
-0.003627
-0.005399
-0.007871
-0.010090
-0.011849
-0.012469
-0.011816
-0.012134
-0.014196
-0.015219
-0.014203
-0.013057
-0.011295
-0.007042
-0.001934
0.001463
0.004130
0.008061
0.012401
0.014817
0.014775
0.013698
0.012636
0.011428
0.009891
0.008231
0.006602
0.005188
0.003866
0.002088
0.000120
-0.001233
-0.002670
-0.005460
-0.008653
-0.010195
-0.010139
-0.010137
-0.010366
-0.009465
-0.007317
-0.005172
-0.003285
-0.001241
0.000425
0.001375
0.002184
0.002779
0.002908
0.003342
0.004106
0.004164
0.004010
0.004893
0.005920
0.005503
0.004108
0.002938
0.001838
0.000271
-0.001290
-0.002291
-0.003012
-0.003593
-0.003656
-0.003251
-0.002623
-0.001649
-0.000882
-0.001951
-0.005092
-0.006607
-0.002646
0.003518
0.005433
0.004747
0.007059
0.010282
0.009866
0.007532
0.005682
0.002942
-0.001492
-0.006262
-0.009308
-0.009216
-0.007591
-0.007469
-0.008170
-0.006163
-0.001637
0.000930
0.000411
0.000524
0.001740
0.001072
-0.000455
-0.000039
0.001457
0.002616
0.003492
0.004157
0.005575
0.007679
0.007537
0.004534
0.002047
0.001207
-0.000342
-0.003117
-0.004623
-0.003659
-0.002127
-0.001507
-0.000798
0.000562
0.001173
0.000122
-0.001817
-0.003533
-0.004823
-0.006440
-0.008577
-0.010024
-0.010050
-0.009390
-0.008444
-0.006634
-0.003392
0.001632
0.007756
0.012538
0.014642
0.015949
0.017622
0.017574
0.014968
0.012386
0.010882
0.008139
0.003618
0.000322
-0.000605
-0.001920
-0.005046
-0.008195
-0.010511
-0.012707
-0.014612
-0.016098
-0.017434
-0.017588
-0.015979
-0.013817
-0.011045
-0.006415
-0.001131
0.002506
0.004904
0.007808
0.010957
0.012691
0.012749
0.012468
0.012468
0.012106
0.011215
0.010321
0.009497
0.008418
0.006691
0.004039
0.001022
-0.001518
-0.003946
-0.007031
-0.010098
-0.011665
-0.011513
-0.010899
-0.010506
-0.009428
-0.007289
-0.005418
-0.004352
-0.002980
-0.001146
0.000092
0.000683
0.001396
0.002501
0.003965
0.005468
0.006342
0.006668
0.007146
0.007467
0.006698
0.005124
0.003806
0.002680
0.000962
-0.000934
-0.001928
-0.002259
-0.002817
-0.003426
-0.003597
-0.003473
-0.003170
-0.002847
-0.003141
-0.004280
-0.005651
-0.006418
-0.005447
-0.001847
0.002908
0.005814
0.006852
0.008662
0.010936
0.010752
0.008013
0.004782
0.001381
-0.002466
-0.005666
-0.007207
-0.007213
-0.006478
-0.005883
-0.005320
-0.003722
-0.001219
0.000221
-0.000340
-0.001232
-0.001195
-0.001191
-0.001477
-0.000716
0.001087
0.002698
0.003937
0.005156
0.006259
0.006871
0.006159
0.003855
0.001383
-0.000082
-0.001155
-0.002355
-0.002814
-0.001853
-0.000298
0.000654
0.000973
0.001034
0.000318
-0.001654
-0.004233
-0.006564
-0.008402
-0.010082
-0.012471
-0.015371
-0.015938
-0.011414
-0.003218
0.004371
0.009356
0.013405
0.017723
0.020537
0.020374
0.018536
0.016111
0.012156
0.006797
0.002637
0.001547
0.002113
0.001396
-0.001311
-0.003946
-0.005301
-0.006823
-0.010005
-0.014266
-0.017989
-0.020296
-0.021211
-0.020324
-0.016713
-0.011120
-0.005979
-0.002029
0.002351
0.007619
0.011773
0.013164
0.012517
0.011626
0.011211
0.010853
0.010455
0.010479
0.010830
0.010734
0.009826
0.008520
0.007122
0.004942
0.001040
-0.003958
-0.008185
-0.010892
-0.012728
-0.013903
-0.013879
-0.012504
-0.010275
-0.007859
-0.005663
-0.003756
-0.002392
-0.001903
-0.001771
-0.000997
0.000531
0.002034
0.003095
0.004273
0.006234
0.008489
0.009810
0.009880
0.009298
0.008200
0.006296
0.003877
0.001649
-0.000137
-0.001774
-0.003328
-0.004228
-0.004111
-0.003532
-0.003294
-0.003638
-0.004295
-0.005336
-0.007581
-0.010209
-0.009470
-0.004423
0.000043
0.001553
0.003994
0.008687
0.011752
0.011621
0.010187
0.008174
0.005060
0.001005
-0.002904
-0.005022
-0.004910
-0.004389
-0.004812
-0.004583
-0.002117
0.000301
-0.000059
-0.001467
-0.001684
-0.002211
-0.003882
-0.004686
-0.003816
-0.002153
-0.000276
0.001348
0.003043
0.005520
0.007333
0.006625
0.004626
0.003396
0.002435
0.000559
-0.001202
-0.001215
-0.000132
0.000518
0.001048
0.002144
0.002835
0.002133
0.000372
-0.001954
-0.005110
-0.010668
-0.019913
-0.027975
-0.025227
-0.012279
-0.002740
-0.001001
0.004839
0.017796
0.024868
0.022999
0.023078
0.025060
0.018564
0.006185
0.000025
0.001123
0.002395
0.002006
0.000652
-0.001499
-0.000899
0.002425
0.000561
-0.007620
-0.013602
-0.016855
-0.023262
-0.028157
-0.023860
-0.015790
-0.012514
-0.011055
-0.004785
0.004702
0.011416
0.013168
0.011867
0.010112
0.009332
0.009148
0.008769
0.009130
0.011117
0.012717
0.012090
0.011489
0.013082
0.013508
0.008440
0.000260
-0.005165
-0.007521
-0.010810
-0.014851
-0.016009
-0.014482
-0.012922
-0.010796
-0.007104
-0.003985
-0.002866
-0.002937
-0.004040
-0.005035
-0.003495
-0.001159
-0.001508
-0.001769
0.002382
0.007996
0.010561
0.011709
0.013538
0.013541
0.010527
0.007372
0.005269
0.002634
-0.000458
-0.002764
-0.004187
-0.004128
-0.002201
-0.000894
-0.002131
-0.004330
-0.006646
-0.009316
-0.009589
-0.006417
-0.004438
-0.005049
-0.003335
0.001541
0.005241
0.006976
0.008334
0.008231
0.006032
0.003529
0.001538
-0.000282
-0.001501
-0.002247
-0.003357
-0.003524
-0.000997
0.001874
0.002082
0.001332
0.001482
0.000733
-0.001197
-0.002344
-0.003048
-0.004052
-0.004153
-0.003193
-0.001943
-0.000019
0.002217
0.003284
0.003320
0.003421
0.003248
0.002162
0.001018
0.000751
0.001015
0.001519
0.002304
0.002495
0.001766
0.001412
0.000592
-0.004963
-0.015807
-0.023782
-0.020949
-0.011823
-0.007050
-0.005722
0.001464
0.012753
0.018195
0.018764
0.021794
0.023741
0.017221
0.006620
0.000957
0.000680
0.001343
0.000785
-0.001255
-0.002560
0.000044
0.003465
0.001472
-0.003976
-0.007498
-0.011770
-0.019575
-0.024010
-0.020377
-0.015353
-0.014210
-0.012353
-0.005612
0.003014
0.009252
0.011783
0.011325
0.009982
0.009187
0.007955
0.006087
0.005868
0.007534
0.008133
0.007355
0.008632
0.012254
0.013355
0.009345
0.003750
-0.000005
-0.003186
-0.007505
-0.011393
-0.013016
-0.012985
-0.012213
-0.010307
-0.007252
-0.004162
-0.002185
-0.002089
-0.003371
-0.003651
-0.002112
-0.001649
-0.003420
-0.003735
-0.000617
0.002903
0.005068
0.007556
0.010178
0.010657
0.009210
0.007775
0.006587
0.004903
0.002537
-0.000306
-0.002382
-0.002075
-0.000390
-0.000065
-0.001201
-0.002268
-0.004077
-0.006847
-0.006904
-0.003351
-0.001567
-0.003307
-0.003228
0.000290
0.002943
0.003387
0.003321
0.002661
0.001411
0.000408
-0.000790
-0.001945
-0.001780
-0.001421
-0.002452
-0.002675
0.000124
0.003074
0.002977
0.001849
0.001951
0.001592
0.000046
-0.001008
-0.001569
-0.002099
-0.001679
-0.000647
0.000259
0.001924
0.003738
0.003511
0.002027
0.001721
0.002010
0.001023
-0.000442
-0.000611
0.000030
0.000026
-0.000594
-0.001226
-0.003290
-0.009724
-0.018798
-0.021463
-0.013445
-0.004558
-0.003155
-0.001784
0.006949
0.016024
0.018935
0.020274
0.022253
0.019438
0.011299
0.004312
0.001644
0.001620
0.001918
-0.000330
-0.004820
-0.005424
-0.000808
0.000653
-0.004308
-0.008806
-0.011017
-0.015820
-0.020841
-0.019642
-0.014679
-0.012130
-0.011050
-0.007257
-0.000342
0.007259
0.012307
0.012680
0.010587
0.009940
0.010241
0.008858
0.007102
0.007470
0.008301
0.007310
0.006569
0.008475
0.010338
0.008076
0.002553
-0.002134
-0.004617
-0.006785
-0.009742
-0.012366
-0.013362
-0.012508
-0.010240
-0.007292
-0.004205
-0.001288
0.000277
-0.000483
-0.001525
-0.000450
0.000666
-0.000884
-0.002522
-0.000885
0.002405
0.004698
0.006363
0.007895
0.008450
0.007977
0.006966
0.005353
0.003438
0.001472
-0.001223
-0.004020
-0.004426
-0.002413
-0.001199
-0.001801
-0.002061
-0.001654
-0.002196
-0.003307
-0.003818
-0.004322
-0.004894
-0.004046
-0.001549
0.001355
0.004046
0.006176
0.007123
0.007125
0.006718
0.005229
0.002233
-0.000883
-0.003052
-0.004837
-0.006160
-0.005951
-0.004575
-0.003290
-0.002070
-0.000589
0.000537
0.000883
0.000541
-0.000435
-0.001368
-0.001244
-0.000315
0.000448
0.001217
0.002700
0.004498
0.005678
0.005965
0.005438
0.004192
0.002705
0.001380
-0.000047
-0.001608
-0.002439
-0.002072
-0.001467
-0.002810
-0.008738
-0.017895
-0.021632
-0.014750
-0.006322
-0.005172
-0.004073
0.004230
0.012051
0.013789
0.016190
0.020932
0.019901
0.012281
0.006176
0.004567
0.004626
0.004666
0.002624
-0.002095
-0.003718
0.000062
0.001186
-0.003380
-0.006416
-0.007748
-0.013541
-0.019454
-0.017972
-0.013618
-0.012977
-0.013261
-0.010399
-0.004921
0.001743
0.007140
0.008457
0.007638
0.008516
0.009759
0.008845
0.008251
0.009902
0.010392
0.008073
0.007057
0.009458
0.011276
0.009130
0.004691
0.000840
-0.001889
-0.004468
-0.007383
-0.009955
-0.011381
-0.011729
-0.011250
-0.009816
-0.007416
-0.004689
-0.003203
-0.003714
-0.003833
-0.001569
0.000281
-0.000726
-0.001629
0.000106
0.002578
0.004481
0.006606
0.008472
0.009197
0.009137
0.008212
0.006367
0.004915
0.003814
0.000992
-0.002803
-0.003971
-0.002621
-0.002324
-0.003263
-0.002982
-0.002027
-0.002114
-0.002628
-0.003301
-0.004890
-0.006136
-0.005819
-0.005296
-0.004600
-0.001842
0.001627
0.003141
0.004368
0.007266
0.009141
0.008026
0.006191
0.004930
0.003074
0.000837
-0.000768
-0.002078
-0.002986
-0.002820
-0.002558
-0.002933
-0.002603
-0.001757
-0.002628
-0.004413
-0.004312
-0.003098
-0.002971
-0.002940
-0.001547
0.000373
0.002123
0.003859
0.005127
0.005713
0.005963
0.005417
0.003802
0.002434
0.002014
0.001175
-0.000597
-0.001653
-0.001353
-0.001034
-0.001548
-0.003361
-0.007179
-0.011377
-0.012757
-0.011384
-0.009494
-0.006761
-0.002339
0.002005
0.005423
0.009601
0.014098
0.015842
0.014250
0.011469
0.008504
0.005688
0.004098
0.003127
0.001166
-0.000543
-0.000330
0.000181
-0.000309
-0.000847
-0.002261
-0.006080
-0.010220
-0.012201
-0.013039
-0.013828
-0.013639
-0.012172
-0.009699
-0.005718
-0.000825
0.003023
0.005309
0.006815
0.007447
0.007146
0.007019
0.007330
0.006910
0.005827
0.005683
0.006801
0.007925
0.008292
0.007787
0.006257
0.004050
0.001798
-0.000559
-0.003264
-0.005924
-0.007976
-0.009165
-0.009399
-0.008677
-0.007311
-0.006071
-0.005401
-0.004697
-0.003467
-0.002280
-0.001554
-0.001033
-0.000738
-0.000511
0.000500
0.002351
0.004027
0.005229
0.006394
0.007306
0.007516
0.007207
0.006451
0.004901
0.002775
0.000859
-0.000467
-0.001255
-0.001632
-0.001970
-0.002505
-0.002787
-0.002555
-0.002459
-0.002967
-0.003706
-0.004452
-0.005231
-0.005400
-0.004556
-0.003682
-0.003304
-0.002087
0.000659
0.003348
0.004710
0.005466
0.006320
0.006683
0.006021
0.004744
0.003554
0.002598
0.001360
-0.000367
-0.001660
-0.001757
-0.001564
-0.002161
-0.002900
-0.002875
-0.002692
-0.003087
-0.003471
-0.003149
-0.002482
-0.001991
-0.001425
-0.000325
0.001139
0.002311
0.002895
0.003207
0.003397
0.003130
0.002456
0.002019
0.002039
0.001924
0.001147
0.000081
-0.000424
-0.001269
-0.005646
-0.013072
-0.016012
-0.010865
-0.005541
-0.005150
-0.002799
0.004701
0.009954
0.010688
0.012495
0.015160
0.013841
0.009142
0.004487
0.001348
0.000955
0.002084
0.000402
-0.002849
-0.001555
0.002150
0.001035
-0.002537
-0.003093
-0.004588
-0.010228
-0.014181
-0.013451
-0.011794
-0.010555
-0.008813
-0.006744
-0.002800
0.003265
0.006819
0.006239
0.006019
0.007265
0.006444
0.004243
0.004328
0.005722
0.005422
0.004297
0.004591
0.006071
0.007174
0.006583
0.004038
0.001232
-0.000307
-0.001761
-0.004358
-0.006540
-0.006929
-0.006761
-0.006968
-0.006394
-0.004367
-0.002376
-0.002125
-0.002956
-0.002733
-0.001426
-0.001032
-0.001744
-0.001930
-0.001047
0.000505
0.002280
0.003576
0.004538
0.005774
0.006263
0.005249
0.004429
0.004500
0.003493
0.001050
-0.000566
-0.000650
-0.000648
-0.001011
-0.001143
-0.001116
-0.001092
-0.001025
-0.001442
-0.002342
-0.002749
-0.002898
-0.003721
-0.004159
-0.002998
-0.001586
-0.001144
-0.000621
0.000658
0.001828
0.002362
0.002344
0.001834
0.001210
0.000807
0.000453
0.000223
0.000460
0.000864
0.000903
0.000855
0.001352
0.002077
0.001894
0.000659
-0.000357
-0.000559
-0.000729
-0.001183
-0.001314
-0.000951
-0.000491
-0.000102
0.000267
0.000586
0.000725
0.000444
-0.000343
-0.001126
-0.001299
-0.001189
-0.001364
-0.001242
-0.000341
0.000398
0.000522
0.000836
0.001252
0.001026
0.000547
0.000284
-0.000081
-0.000437
-0.000538
-0.000690
-0.000717
-0.000213
0.000195
-0.000035
-0.000178
0.000243
0.000373
-0.000304
-0.000893
-0.000806
-0.000659
-0.000708
-0.000490
0.000092
0.000893
0.001659
0.001875
0.001726
0.001865
0.001825
0.000998
0.000195
0.000088
0.000036
-0.000399
-0.000671
-0.000449
-0.000203
-0.000318
-0.000537
-0.000578
-0.000563
-0.000768
-0.001277
-0.001743
-0.002023
-0.002857
-0.004226
-0.004504
-0.003374
-0.002479
-0.001943
-0.000375
0.001981
0.003804
0.004890
0.005605
0.005945
0.005807
0.005046
0.003715
0.002541
0.002044
0.001501
0.000353
-0.000351
0.000061
0.000299
-0.000487
-0.001416
-0.002081
-0.003040
-0.004255
-0.005292
-0.006041
-0.006319
-0.005982
-0.005177
-0.003842
-0.001895
0.000097
0.001495
0.002456
0.003345
0.003905
0.003756
0.003217
0.002890
0.002819
0.002732
0.002696
0.002884
0.003121
0.003084
0.002627
0.001904
0.001272
0.000671
-0.000464
-0.002121
-0.003451
-0.004030
-0.004264
-0.004418
-0.004276
-0.003633
-0.002611
-0.001612
-0.000969
-0.000597
-0.000238
0.000060
0.000120
0.000142
0.000464
0.000962
0.001374
0.001877
0.002632
0.003390
0.003911
0.004047
0.003624
0.002753
0.001710
0.000535
-0.000643
-0.001538
-0.002215
-0.002838
-0.003147
-0.002962
-0.002702
-0.002735
-0.002760
-0.002406
-0.001744
-0.000853
0.000225
0.001194
0.002027
0.002935
0.003580
0.003723
0.003781
0.003643
0.002814
0.001727
0.000898
0.000022
-0.000964
-0.001675
-0.002178
-0.002758
-0.003219
-0.003227
-0.002973
-0.002796
-0.002583
-0.002279
-0.001991
-0.001464
-0.000693
-0.000144
0.000299
0.001016
0.001784
0.002431
0.003142
0.003936
0.004584
0.004702
0.004113
0.003181
0.002205
0.000871
-0.001612
-0.005418
-0.008566
-0.008672
-0.006564
-0.004665
-0.002940
-0.000255
0.002705
0.004797
0.006070
0.006698
0.006303
0.004601
0.001870
-0.000701
-0.001523
-0.000785
-0.000502
-0.000975
-0.000403
0.001192
0.001930
0.001530
0.000805
-0.000513
-0.002622
-0.004628
-0.005754
-0.005752
-0.004786
-0.003758
-0.003092
-0.001673
0.000922
0.002972
0.003323
0.002966
0.002737
0.002262
0.001485
0.001019
0.001103
0.001318
0.001349
0.001574
0.002398
0.003343
0.003487
0.002510
0.000995
-0.000284
-0.001313
-0.002532
-0.003653
-0.003913
-0.003338
-0.002626
-0.002010
-0.001190
-0.000277
0.000107
-0.000153
-0.000470
-0.000509
-0.000498
-0.000705
-0.001001
-0.000865
-0.000072
0.000843
0.001448
0.002017
0.002634
0.002776
0.002234
0.001453
0.000849
0.000369
-0.000229
-0.000782
-0.000809
-0.000372
-0.000086
-0.000127
-0.000081
0.000197
0.000322
0.000024
-0.000486
-0.000861
-0.001068
-0.001295
-0.001444
-0.001146
-0.000507
-0.000092
0.000017
0.000301
0.000872
0.001230
0.000987
0.000381
-0.000065
-0.000215
-0.000370
-0.000630
-0.000669
-0.000307
0.000207
0.000625
0.000939
0.001114
0.000996
0.000535
-0.000072
-0.000537
-0.000804
-0.001072
-0.001349
-0.001278
-0.000695
0.000049
0.000582
0.000849
0.000956
0.000999
0.001054
0.001110
0.000972
0.000502
-0.000096
-0.000482
-0.000539
-0.000360
-0.000140
-0.000099
-0.000262
-0.000376
-0.000305
-0.000237
-0.000307
-0.000423
-0.000613
-0.000980
-0.001217
-0.000911
-0.000312
0.000054
0.000219
0.000420
0.000574
0.000591
0.000547
0.000409
0.000191
0.000121
0.000252
0.000309
0.000141
-0.000051
-0.000052
0.000070
0.000152
0.000185
0.000261
0.000364
0.000380
0.000312
0.000262
0.000220
0.000089
-0.000084
-0.000114
0.000045
0.000255
0.000395
0.000367
0.000098
-0.000299
-0.000617
-0.000831
-0.001032
-0.001193
-0.001254
-0.001223
-0.001046
-0.000654
-0.000159
0.000227
0.000408
0.000449
0.000529
0.000760
0.000986
0.000967
0.000759
0.000632
0.000688
0.000804
0.000844
0.000742
0.000525
0.000333
0.000251
0.000112
-0.000290
-0.000886
-0.001408
-0.001654
-0.001584
-0.001265
-0.000806
-0.000472
-0.000591
-0.000840
-0.000322
0.000776
0.001130
0.000619
0.000369
0.000585
0.000766
0.000973
0.001253
0.001391
0.001410
0.001252
0.000923
0.000881
0.001075
0.000608
-0.000689
-0.001718
-0.001791
-0.001597
-0.001745
-0.001874
-0.001852
-0.001913
-0.001762
-0.001222
-0.000633
-0.000133
0.000147
0.000056
0.000028
0.000404
0.000827
0.001007
0.001039
0.001096
0.001380
0.001916
0.002418
0.002547
0.002256
0.001806
0.001261
0.000493
-0.000185
-0.000488
-0.000849
-0.001519
-0.001994
-0.001901
-0.001446
-0.001065
-0.001118
-0.001485
-0.001608
-0.001340
-0.001101
-0.000961
-0.000613
-0.000372
-0.000680
-0.000725
0.000424
0.001846
0.002191
0.001974
0.002201
0.002344
0.001807
0.001339
0.001251
0.000675
-0.000415
-0.001016
-0.000844
-0.000339
-0.000044
-0.000454
-0.001186
-0.001420
-0.001418
-0.001538
-0.001264
-0.000919
-0.001400
-0.001898
-0.001033
0.000623
0.001563
0.001635
0.001647
0.001665
0.001338
0.001084
0.001325
0.001486
0.000813
-0.000466
-0.000999
-0.000037
0.000936
0.000555
-0.000143
-0.000252
-0.000409
-0.000765
-0.001044
-0.001403
-0.001621
-0.001610
-0.001830
-0.001846
-0.000852
0.000341
0.000343
-0.000219
0.000255
0.001160
0.000943
0.000429
0.000826
0.001166
0.000952
0.001061
0.001317
0.001324
0.001603
0.001707
0.000830
-0.000009
0.000157
0.000229
-0.000668
-0.001588
-0.001802
-0.001835
-0.001947
-0.001759
-0.001350
-0.001072
-0.000896
-0.000793
-0.000581
0.000205
0.001006
0.000747
0.000037
0.000034
0.000338
0.000454
0.000901
0.001646
0.001834
0.001279
0.000727
0.000719
0.000937
0.000914
0.000578
0.000049
-0.000200
0.000066
0.000151
-0.000226
-0.000644
-0.001261
-0.001924
-0.001763
-0.001062
-0.000864
-0.001258
-0.001865
-0.002263
-0.001692
-0.000053
0.001315
0.001324
0.000952
0.001409
0.001921
0.001809
0.001835
0.002000
0.001702
0.001192
0.000679
0.000269
0.000257
0.000039
-0.000929
-0.001717
-0.001530
-0.000999
-0.000988
-0.001403
-0.001657
-0.001778
-0.001967
-0.001755
-0.000865
0.000292
0.001166
0.001240
0.000788
0.000762
0.001010
0.000774
0.000542
0.001010
0.001589
0.001456
0.000864
0.000582
0.000598
0.000311
-0.000222
-0.000493
-0.000501
-0.000652
-0.001162
-0.001559
-0.001117
-0.000253
-0.000132
-0.000726
-0.000982
-0.000489
0.000262
0.000657
0.000519
0.000210
0.000147
0.000269
0.000309
0.000302
0.000368
0.000400
0.000309
0.000198
0.000192
0.000301
0.000268
-0.000166
-0.000606
-0.000414
0.000180
0.000379
0.000087
-0.000090
0.000002
0.000018
0.000005
0.000151
0.000214
-0.000054
-0.000522
-0.000767
-0.000437
0.000005
-0.000289
-0.000911
-0.000655
0.000280
0.000712
0.000675
0.000862
0.000897
0.000303
-0.000360
-0.000540
-0.000322
-0.000036
-0.000107
-0.000419
-0.000155
0.000656
0.000889
0.000328
-0.000082
-0.000130
-0.000411
-0.000865
-0.001005
-0.000911
-0.000747
-0.000343
0.000118
0.000345
0.000601
0.000897
0.000811
0.000623
0.000770
0.000705
0.000062
-0.000456
-0.000392
-0.000128
0.000086
0.000391
0.000758
0.000910
0.000703
0.000275
-0.000117
-0.000366
-0.000724
-0.001353
-0.001774
-0.001490
-0.000868
-0.000581
-0.000563
-0.000303
0.000130
0.000207
0.000024
0.000170
0.000545
0.000555
0.000323
0.000414
0.000794
0.001080
0.001201
0.001284
0.001407
0.001457
0.001199
0.000691
0.000261
-0.000047
-0.000500
-0.001140
-0.001527
-0.001340
-0.001033
-0.001141
-0.001381
-0.001270
-0.001006
-0.001005
-0.001142
-0.001056
-0.000748
-0.000425
-0.000163
0.000107
0.000515
0.000911
0.000836
0.000417
0.000448
0.001034
0.001384
0.001288
0.001408
0.001895
0.002061
0.001606
0.001049
0.000803
0.000636
0.000179
-0.000539
-0.001129
-0.001335
-0.001379
-0.001520
-0.001521
-0.001176
-0.000862
-0.000895
-0.001010
-0.000904
-0.000676
-0.000585
-0.000703
-0.000794
-0.000584
-0.000164
0.000208
0.000586
0.001100
0.001520
0.001552
0.001327
0.001163
0.001056
0.000777
0.000343
-0.000002
-0.000197
-0.000345
-0.000415
-0.000300
-0.000070
0.000058
-0.000051
-0.000266
-0.000258
0.000022
0.000130
-0.000118
-0.000241
0.000035
0.000336
0.000338
0.000124
-0.000106
-0.000258
-0.000377
-0.000477
-0.000460
-0.000397
-0.000512
-0.000720
-0.000684
-0.000350
-0.000094
-0.000158
-0.000259
-0.000086
0.000264
0.000552
0.000606
0.000415
0.000236
0.000219
0.000190
0.000110
0.000154
0.000254
0.000259
0.000342
0.000682
0.001027
0.001012
0.000655
0.000204
-0.000259
-0.000719
-0.001024
-0.001105
-0.001096
-0.001067
-0.000874
-0.000426
0.000121
0.000573
0.000820
0.000794
0.000580
0.000330
0.000048
-0.000291
-0.000583
-0.000689
-0.000619
-0.000526
-0.000378
0.000081
0.000757
0.001126
0.001006
0.000744
0.000582
0.000462
0.000318
0.000160
0.000049
0.000041
0.000070
0.000039
0.000024
0.000057
-0.000091
-0.000499
-0.000935
-0.001349
-0.001770
-0.001841
-0.001373
-0.000815
-0.000486
-0.000161
0.000293
0.000692
0.000936
0.001078
0.001115
0.001047
0.000965
0.000880
0.000678
0.000431
0.000366
0.000489
0.000609
0.000654
0.000662
0.000634
0.000528
0.000265
-0.000139
-0.000519
-0.000828
-0.001093
-0.001200
-0.001145
-0.001113
-0.001158
-0.001188
-0.001187
-0.001153
-0.001043
-0.000865
-0.000615
-0.000219
0.000274
0.000660
0.000907
0.001124
0.001230
0.001098
0.000895
0.000842
0.000928
0.001053
0.001137
0.001047
0.000769
0.000526
0.000458
0.000368
0.000057
-0.000359
-0.000724
-0.001024
-0.001214
-0.001344
-0.001558
-0.001711
-0.001513
-0.001069
-0.000692
-0.000365
0.000088
0.000568
0.000876
0.000989
0.000982
0.000976
0.001041
0.001064
0.000979
0.000861
0.000673
0.000393
0.000202
0.000080
-0.000266
-0.000768
-0.001026
-0.000976
-0.000852
-0.000706
-0.000497
-0.000319
-0.000213
-0.000096
0.000033
0.000114
0.000124
0.000030
-0.000113
-0.000122
-0.000011
-0.000013
-0.000083
0.000058
0.000357
0.000486
0.000390
0.000345
0.000473
0.000574
0.000490
0.000309
0.000125
-0.000081
-0.000311
-0.000452
-0.000425
-0.000330
-0.000295
-0.000298
-0.000305
-0.000315
-0.000376
-0.000770
-0.001560
-0.001951
-0.001285
-0.000107
0.000934
0.001933
0.002789
0.003116
0.002988
0.002566
0.001775
0.000700
-0.000463
-0.001542
-0.002194
-0.002133
-0.001630
-0.001312
-0.001267
-0.001013
-0.000513
-0.000191
-0.000184
-0.000444
-0.000873
-0.001205
-0.001288
-0.001050
-0.000420
0.000323
0.000818
0.001138
0.001553
0.002082
0.002364
0.002051
0.001334
0.000692
0.000309
0.000016
-0.000320
-0.000524
-0.000420
-0.000183
0.000018
0.000221
0.000304
0.000074
-0.000352
-0.000707
-0.000899
-0.001059
-0.001231
-0.001230
-0.000965
-0.000569
-0.000206
-0.000001
0.000079
0.000142
0.000041
-0.000284
-0.000475
-0.000354
-0.000235
-0.000254
-0.000083
0.000426
0.000923
0.001107
0.001152
0.001301
0.001437
0.001319
0.000993
0.000693
0.000415
-0.000031
-0.000561
-0.000852
-0.000831
-0.000724
-0.000695
-0.000704
-0.000684
-0.000694
-0.000773
-0.000800
-0.000671
-0.000383
0.000019
0.000403
0.000645
0.000796
0.000927
0.000961
0.000793
0.000466
0.000138
-0.000120
-0.000354
-0.000537
-0.000589
-0.000526
-0.000398
-0.000151
0.000211
0.000469
0.000467
0.000318
0.000135
-0.000150
-0.000548
-0.000903
-0.001011
-0.000736
-0.000242
0.000086
0.000210
0.000429
0.000778
0.001027
0.001066
0.000842
0.000342
-0.000162
-0.000372
-0.000366
-0.000328
-0.000288
-0.000290
-0.000294
-0.000065
0.000419
0.000820
0.000802
0.000272
-0.000468
-0.000889
-0.000873
-0.000762
-0.000772
-0.000833
-0.000707
-0.000218
0.000412
0.000747
0.000707
0.000567
0.000484
0.000326
0.000069
-0.000033
0.000047
0.000076
0.000143
0.000468
0.000906
0.001147
0.001031
0.000643
0.000158
-0.000397
-0.001001
-0.001551
-0.001967
-0.002043
-0.001582
-0.000873
-0.000377
-0.000058
0.000341
0.000729
0.000942
0.001070
0.001073
0.000769
0.000407
0.000394
0.000586
0.000648
0.000582
0.000511
0.000481
0.000491
0.000442
0.000183
-0.000285
-0.000731
-0.000941
-0.000979
-0.000982
-0.000903
-0.000664
-0.000353
-0.000160
-0.000147
-0.000119
0.000026
0.000055
-0.000129
-0.000265
-0.000201
-0.000094
-0.000046
0.000045
0.000232
0.000476
0.000711
0.000781
0.000648
0.000568
0.000607
0.000509
0.000241
-0.000029
-0.000269
-0.000363
-0.000186
0.000060
0.000081
-0.000162
-0.000532
-0.000834
-0.000884
-0.000711
-0.000505
-0.000303
-0.000041
0.000193
0.000355
0.000514
0.000536
0.000313
0.000139
0.000185
0.000215
0.000165
0.000239
0.000391
0.000389
0.000271
0.000236
0.000254
0.000170
-0.000038
-0.000304
-0.000526
-0.000624
-0.000676
-0.000756
-0.000768
-0.000572
-0.000196
0.000152
0.000330
0.000406
0.000423
0.000377
0.000365
0.000372
0.000200
-0.000145
-0.000358
-0.000255
-0.000037
0.000026
-0.000003
0.000091
0.000281
0.000363
0.000286
0.000211
0.000241
0.000228
0.000037
-0.000140
-0.000037
0.000203
0.000169
-0.000160
-0.000375
-0.000357
-0.000410
-0.000636
-0.000822
-0.000798
-0.000555
-0.000247
-0.000027
0.000134
0.000296
0.000434
0.000544
0.000695
0.000881
0.000942
0.000789
0.000586
0.000395
0.000039
-0.000384
-0.000520
-0.000402
-0.000347
-0.000378
-0.000305
-0.000135
-0.000083
-0.000277
-0.000587
-0.000784
-0.000740
-0.000531
-0.000357
-0.000238
0.000017
0.000408
0.000711
0.000863
0.000947
0.000913
0.000690
0.000428
0.000343
0.000369
0.000238
-0.000116
-0.000445
-0.000481
-0.000294
-0.000186
-0.000187
-0.000164
-0.000233
-0.000448
-0.000560
-0.000477
-0.000384
-0.000374
-0.000331
-0.000097
0.000266
0.000454
0.000328
0.000110
0.000032
0.000070
0.000111
0.000144
0.000207
0.000277
0.000282
0.000215
0.000124
0.000047
0.000047
0.000127
0.000134
-0.000020
-0.000179
-0.000249
-0.000333
-0.000381
-0.000230
0.000025
0.000134
0.000062
-0.000013
0.000061
0.000220
0.000235
0.000057
-0.000078
-0.000091
-0.000163
-0.000263
-0.000172
0.000030
0.000095
0.000026
-0.000005
0.000086
0.000247
0.000378
0.000387
0.000243
0.000053
-0.000080
-0.000189
-0.000238
-0.000185
-0.000208
-0.000371
-0.000440
-0.000354
-0.000284
-0.000243
-0.000130
0.000016
0.000155
0.000324
0.000457
0.000446
0.000368
0.000359
0.000341
0.000205
0.000073
0.000084
0.000150
0.000117
-0.000054
-0.000238
-0.000253
-0.000162
-0.000199
-0.000335
-0.000360
-0.000284
-0.000248
-0.000237
-0.000166
-0.000102
-0.000135
-0.000163
-0.000034
0.000163
0.000196
0.000082
0.000061
0.000189
0.000319
0.000338
0.000257
0.000199
0.000250
0.000343
0.000376
0.000325
0.000209
0.000037
-0.000168
-0.000285
-0.000228
-0.000154
-0.000267
-0.000497
-0.000622
-0.000553
-0.000370
-0.000216
-0.000134
-0.000027
0.000107
0.000154
0.000186
0.000333
0.000462
0.000417
0.000316
0.000280
0.000244
0.000201
0.000197
0.000168
0.000111
0.000100
0.000060
-0.000045
-0.000068
-0.000099
-0.000415
-0.000806
-0.000823
-0.000552
-0.000357
-0.000258
-0.000121
0.000003
0.000055
0.000089
0.000102
0.000099
0.000214
0.000387
0.000356
0.000194
0.000201
0.000307
0.000297
0.000237
0.000196
0.000116
0.000066
0.000071
-0.000041
-0.000255
-0.000292
-0.000093
0.000086
0.000117
0.000079
-0.000025
-0.000176
-0.000190
-0.000054
-0.000012
-0.000093
-0.000086
-0.000005
-0.000086
-0.000322
-0.000403
-0.000194
0.000053
0.000113
0.000103
0.000157
0.000173
0.000044
-0.000114
-0.000101
0.000100
0.000302
0.000368
0.000341
0.000295
0.000252
0.000204
0.000095
-0.000118
-0.000388
-0.000613
-0.000692
-0.000547
-0.000242
-0.000019
-0.000021
-0.000105
-0.000095
0.000022
0.000183
0.000330
0.000417
0.000432
0.000362
0.000239
0.000169
0.000179
0.000174
0.000124
0.000068
0.000006
-0.000072
-0.000163
-0.000265
-0.000353
-0.000393
-0.000376
-0.000351
-0.000346
-0.000295
-0.000169
-0.000020
0.000166
0.000390
0.000505
0.000390
0.000155
0.000004
-0.000034
-0.000064
-0.000100
-0.000120
-0.000172
-0.000220
-0.000091
0.000187
0.000306
0.000171
0.000062
0.000162
0.000311
0.000298
0.000156
0.000075
0.000094
0.000077
-0.000041
-0.000155
-0.000158
-0.000139
-0.000227
-0.000275
-0.000114
0.000019
-0.000128
-0.000319
-0.000266
-0.000097
-0.000021
-0.000035
-0.000063
-0.000036
0.000078
0.000153
0.000117
0.000154
0.000338
0.000401
0.000229
0.000106
0.000147
0.000127
-0.000025
-0.000180
-0.000302
-0.000366
-0.000369
-0.000476
-0.000723
-0.000801
-0.000507
-0.000055
0.000284
0.000520
0.000740
0.000837
0.000665
0.000334
0.000127
0.000155
0.000219
0.000092
-0.000102
-0.000062
0.000159
0.000214
0.000025
-0.000150
-0.000161
-0.000096
-0.000065
-0.000098
-0.000131
-0.000070
0.000000
-0.000119
-0.000357
-0.000414
-0.000244
-0.000096
-0.000067
-0.000035
0.000009
-0.000055
-0.000231
-0.000361
-0.000290
-0.000011
0.000293
0.000413
0.000343
0.000250
0.000204
0.000153
0.000144
0.000237
0.000293
0.000198
0.000078
0.000049
0.000018
-0.000138
-0.000347
-0.000422
-0.000339
-0.000233
-0.000141
-0.000018
0.000068
0.000049
0.000023
0.000076
0.000150
0.000187
0.000142
-0.000021
-0.000143
-0.000000
0.000269
0.000351
0.000247
0.000135
-0.000010
-0.000236
-0.000403
-0.000350
-0.000148
-0.000031
-0.000051
-0.000042
0.000033
0.000067
0.000040
-0.000019
-0.000115
-0.000156
-0.000055
0.000070
0.000048
-0.000116
-0.000245
-0.000166
0.000110
0.000396
0.000525
0.000480
0.000357
0.000255
0.000143
-0.000054
-0.000258
-0.000310
-0.000251
-0.000234
-0.000225
-0.000146
-0.000093
-0.000108
-0.000073
0.000022
0.000073
0.000095
0.000129
0.000086
-0.000048
-0.000130
-0.000119
-0.000074
0.000038
0.000245
0.000383
0.000299
0.000160
0.000186
0.000213
0.000006
-0.000294
-0.000440
-0.000414
-0.000320
-0.000232
-0.000188
-0.000177
-0.000187
-0.000271
-0.000332
-0.000080
0.000357
0.000429
0.000149
0.000083
0.000330
0.000480
0.000387
0.000295
0.000355
0.000380
0.000225
0.000047
-0.000037
-0.000114
-0.000179
-0.000115
-0.000038
-0.000212
-0.000556
-0.000653
-0.000371
-0.000063
-0.000021
-0.000167
-0.000281
-0.000211
0.000052
0.000324
0.000381
0.000218
0.000025
-0.000041
0.000014
0.000037
-0.000043
-0.000102
-0.000070
0.000026
0.000218
0.000430
0.000490
0.000432
0.000350
0.000143
-0.000249
-0.000673
-0.000950
-0.000960
-0.000670
-0.000215
0.000190
0.000430
0.000563
0.000686
0.000764
0.000708
0.000501
0.000176
-0.000160
-0.000360
-0.000421
-0.000483
-0.000597
-0.000626
-0.000411
-0.000033
0.000212
0.000217
0.000189
0.000271
0.000360
0.000327
0.000184
0.000015
-0.000157
-0.000309
-0.000264
0.000103
0.000502
0.000510
0.000202
0.000020
0.000128
0.000278
0.000168
-0.000217
-0.000653
-0.000940
-0.000945
-0.000587
-0.000074
0.000150
-0.000070
-0.000322
-0.000185
0.000162
0.000337
0.000374
0.000418
0.000353
0.000145
0.000027
0.000150
0.000367
0.000467
0.000409
0.000282
0.000143
0.000013
-0.000074
-0.000093
-0.000121
-0.000212
-0.000252
-0.000180
-0.000119
-0.000131
-0.000172
-0.000219
-0.000242
-0.000258
-0.000314
-0.000359
-0.000310
-0.000153
0.000049
0.000179
0.000210
0.000229
0.000255
0.000231
0.000225
0.000349
0.000529
0.000593
0.000480
0.000239
-0.000052
-0.000308
-0.000422
-0.000302
-0.000049
0.000103
0.000057
-0.000134
-0.000359
-0.000443
-0.000323
-0.000202
-0.000307
-0.000550
-0.000586
-0.000237
0.000243
0.000521
0.000578
0.000511
0.000312
0.000021
-0.000214
-0.000312
-0.000281
-0.000168
-0.000032
0.000145
0.000434
0.000699
0.000706
0.000561
0.000520
0.000485
0.000209
-0.000228
-0.000518
-0.000577
-0.000574
-0.000559
-0.000420
-0.000243
-0.000227
-0.000274
-0.000175
-0.000068
-0.000187
-0.000361
-0.000284
-0.000039
0.000114
0.000192
0.000351
0.000578
0.000734
0.000763
0.000710
0.000566
0.000272
-0.000072
-0.000251
-0.000263
-0.000345
-0.000563
-0.000662
-0.000454
-0.000082
0.000169
0.000163
-0.000042
-0.000353
-0.000636
-0.000650
-0.000322
0.000020
