6080
0.000115
-0.000044
-0.000200
-0.000281
-0.000307
-0.000259
-0.000131
0.000008
0.000135
0.000267
0.000331
0.000222
-0.000005
-0.000177
-0.000208
-0.000144
-0.000075
-0.000056
-0.000076
-0.000069
0.000015
0.000109
0.000133
0.000143
0.000242
0.000374
0.000356
0.000143
-0.000105
-0.000244
-0.000263
-0.000244
-0.000283
-0.000353
-0.000345
-0.000250
-0.000105
0.000083
0.000237
0.000242
0.000131
0.000074
0.000144
0.000214
0.000164
0.000071
0.000049
0.000050
0.000007
-0.000038
-0.000055
-0.000041
0.000021
0.000041
-0.000075
-0.000201
-0.000161
-0.000024
0.000024
-0.000031
-0.000062
-0.000020
0.000016
0.000022
0.000070
0.000141
0.000140
0.000071
-0.000021
-0.000124
-0.000170
-0.000124
-0.000067
-0.000037
0.000010
0.000097
0.000184
0.000185
0.000076
0.000002
0.000092
0.000199
0.000117
-0.000079
-0.000182
-0.000148
-0.000070
-0.000042
-0.000096
-0.000163
-0.000189
-0.000213
-0.000210
-0.000084
0.000088
0.000154
0.000157
0.000209
0.000255
0.000180
0.000013
-0.000111
-0.000134
-0.000108
-0.000085
-0.000076
-0.000054
0.000043
0.000180
0.000208
0.000089
-0.000020
0.000006
0.000069
0.000013
-0.000128
-0.000190
-0.000112
0.000029
0.000143
0.000185
0.000173
0.000157
0.000146
0.000097
0.000003
-0.000097
-0.000164
-0.000189
-0.000197
-0.000184
-0.000146
-0.000103
-0.000019
0.000070
0.000021
-0.000117
-0.000135
-0.000042
0.000003
-0.000006
0.000003
0.000054
0.000146
0.000242
0.000274
0.000212
0.000094
0.000002
-0.000016
-0.000017
-0.000092
-0.000209
-0.000229
-0.000112
-0.000006
-0.000022
-0.000059
-0.000014
0.000059
0.000075
0.000035
-0.000003
0.000023
0.000101
0.000145
0.000110
0.000040
-0.000041
-0.000125
-0.000138
-0.000045
0.000055
0.000061
0.000017
0.000007
0.000035
0.000057
0.000026
-0.000035
-0.000050
-0.000014
0.000026
0.000051
0.000078
0.000104
0.000056
-0.000089
-0.000186
-0.000164
-0.000147
-0.000195
-0.000206
-0.000136
-0.000033
0.000088
0.000221
0.000306
0.000276
0.000168
0.000075
0.000014
-0.000047
-0.000073
-0.000035
-0.000010
-0.000073
-0.000176
-0.000235
-0.000215
-0.000121
-0.000019
0.000006
0.000012
0.000103
0.000218
0.000239
0.000193
0.000137
0.000029
-0.000105
-0.000110
0.000020
0.000080
0.000020
0.000020
0.000134
0.000193
0.000102
-0.000028
-0.000093
-0.000114
-0.000112
-0.000093
-0.000095
-0.000121
-0.000133
-0.000138
-0.000144
-0.000098
-0.000033
-0.000078
-0.000180
-0.000144
0.000037
0.000176
0.000173
0.000117
0.000131
0.000188
0.000164
0.000045
-0.000020
0.000074
0.000240
0.000326
0.000272
0.000097
-0.000137
-0.000305
-0.000334
-0.000308
-0.000299
-0.000261
-0.000209
-0.000198
-0.000126
0.000105
0.000318
0.000292
0.000119
0.000066
0.000154
0.000202
0.000171
0.000169
0.000201
0.000154
-0.000029
-0.000226
-0.000254
-0.000129
-0.000025
-0.000016
-0.000038
0.000001
0.000078
0.000063
-0.000052
-0.000127
-0.000127
-0.000152
-0.000210
-0.000207
-0.000127
-0.000058
-0.000061
-0.000079
-0.000013
0.000134
0.000256
0.000296
0.000268
0.000175
0.000061
0.000045
0.000126
0.000130
-0.000024
-0.000187
-0.000226
-0.000169
-0.000079
0.000011
0.000085
0.000155
0.000201
0.000182
0.000093
-0.000045
-0.000177
-0.000226
-0.000168
-0.000057
0.000020
0.000027
-0.000011
-0.000060
-0.000076
-0.000035
0.000000
-0.000019
-0.000023
0.000032
0.000036
-0.000068
-0.000123
-0.000039
0.000033
-0.000013
-0.000068
-0.000025
0.000073
0.000127
0.000162
0.000248
0.000293
0.000196
0.000085
0.000093
0.000121
0.000061
-0.000053
-0.000185
-0.000305
-0.000343
-0.000296
-0.000239
-0.000203
-0.000165
-0.000119
-0.000066
0.000026
0.000156
0.000249
0.000279
0.000299
0.000271
0.000131
0.000006
0.000029
0.000059
-0.000052
-0.000163
-0.000139
-0.000093
-0.000088
-0.000022
0.000074
0.000041
-0.000081
-0.000092
0.000004
0.000061
0.000070
0.000030
-0.000113
-0.000235
-0.000146
0.000106
0.000261
0.000154
-0.000059
-0.000123
-0.000028
0.000072
0.000079
0.000007
-0.000037
0.000013
0.000048
-0.000043
-0.000154
-0.000158
-0.000125
-0.000104
0.000019
0.000232
0.000346
0.000287
0.000153
0.000036
-0.000050
-0.000111
-0.000135
-0.000129
-0.000122
-0.000148
-0.000202
-0.000182
-0.000007
0.000178
0.000182
0.000079
0.000020
-0.000043
-0.000150
-0.000155
-0.000014
0.000100
0.000103
0.000078
0.000087
0.000145
0.000220
0.000218
0.000125
0.000039
0.000015
-0.000017
-0.000144
-0.000268
-0.000225
-0.000101
-0.000085
-0.000144
-0.000111
0.000025
0.000095
0.000019
-0.000022
0.000128
0.000304
0.000252
0.000037
-0.000099
-0.000139
-0.000189
-0.000189
-0.000076
0.000044
0.000058
0.000001
-0.000031
-0.000017
0.000030
0.000085
0.000077
0.000009
0.000010
0.000092
0.000099
0.000012
-0.000036
-0.000051
-0.000103
-0.000100
0.000038
0.000169
0.000132
0.000002
-0.000077
-0.000121
-0.000166
-0.000143
-0.000042
0.000053
0.000113
0.000172
0.000208
0.000172
0.000051
-0.000131
-0.000270
-0.000262
-0.000147
-0.000051
-0.000032
-0.000032
0.000049
0.000181
0.000230
0.000164
0.000082
0.000057
0.000061
0.000037
0.000010
0.000001
-0.000053
-0.000129
-0.000117
-0.000041
0.000006
0.000033
0.000031
-0.000059
-0.000151
-0.000119
-0.000047
-0.000086
-0.000189
-0.000212
-0.000117
0.000043
0.000172
0.000167
0.000074
0.000085
0.000232
0.000313
0.000226
0.000088
-0.000019
-0.000150
-0.000297
-0.000318
-0.000185
-0.000042
0.000028
0.000047
0.000054
0.000128
0.000253
0.000257
0.000098
-0.000028
-0.000039
-0.000083
-0.000217
-0.000297
-0.000274
-0.000276
-0.000310
-0.000241
-0.000085
0.000021
0.000126
0.000337
0.000474
0.000313
0.000002
-0.000126
0.000000
0.000160
0.000124
-0.000185
-0.000573
-0.000619
-0.000191
0.000267
0.000385
0.000374
0.000482
0.000567
0.000508
0.000453
0.000448
0.000316
0.000071
-0.000059
-0.000070
-0.000147
-0.000267
-0.000300
-0.000281
-0.000231
-0.000056
0.000140
0.000120
-0.000063
-0.000151
-0.000135
-0.000188
-0.000304
-0.000341
-0.000302
-0.000290
-0.000311
-0.000274
-0.000152
-0.000027
0.000046
0.000080
0.000097
0.000165
0.000294
0.000335
0.000208
0.000053
0.000021
0.000083
0.000111
0.000072
0.000061
0.000104
0.000110
0.000070
0.000076
0.000105
0.000058
-0.000015
-0.000011
0.000004
-0.000095
-0.000234
-0.000263
-0.000253
-0.000317
-0.000352
-0.000244
-0.000080
0.000032
0.000094
0.000105
0.000066
0.000051
0.000091
0.000129
0.000149
0.000150
0.000064
-0.000082
-0.000127
-0.000044
-0.000003
-0.000075
-0.000130
-0.000072
0.000039
0.000108
0.000132
0.000180
0.000262
0.000296
0.000269
0.000264
0.000250
0.000092
-0.000171
-0.000367
-0.000410
-0.000285
-0.000067
0.000056
0.000010
-0.000109
-0.000276
-0.000541
-0.000928
-0.001355
-0.001483
-0.000943
0.000009
0.000668
0.000846
0.000909
0.000948
0.000826
0.000765
0.000908
0.000830
0.000411
0.000252
0.000459
0.000406
0.000108
0.000208
0.000633
0.000841
0.000906
0.001067
0.000971
0.000425
-0.000085
-0.000334
-0.000692
-0.001220
-0.001552
-0.001630
-0.001644
-0.001545
-0.001220
-0.000806
-0.000512
-0.000335
-0.000152
0.000029
0.000094
0.000018
-0.000125
-0.000249
-0.000270
-0.000146
0.000043
0.000191
0.000340
0.000589
0.000813
0.000761
0.000625
0.000997
0.001755
0.001835
0.000892
-0.000054
-0.000403
-0.000685
-0.000886
-0.000366
0.000236
-0.000189
-0.000819
-0.000381
0.000207
-0.000168
-0.000471
0.000072
0.000297
-0.000219
-0.000338
-0.000107
-0.000546
-0.001021
-0.000459
0.000202
-0.000118
-0.000489
-0.000085
0.000228
0.000038
0.000223
0.000826
0.000862
0.000364
0.000203
0.000295
0.000046
-0.000184
0.000132
0.000469
0.000264
-0.000020
0.000093
0.000219
0.000038
-0.000047
0.000146
0.000161
-0.000049
0.000051
0.000363
0.000240
-0.000217
-0.000359
-0.000215
-0.000254
-0.000379
-0.000276
-0.000128
-0.000117
-0.000023
0.000146
0.000040
-0.000307
-0.000503
-0.000493
-0.000539
-0.000636
-0.000561
-0.000339
-0.000161
-0.000023
0.000119
0.000149
0.000097
0.000216
0.000490
0.000594
0.000473
0.000416
0.000463
0.000391
0.000235
0.000177
0.000149
0.000039
-0.000088
-0.000310
-0.000952
-0.002048
-0.002937
-0.002675
-0.000959
0.001311
0.002631
0.002267
0.000961
0.000092
0.000276
0.000993
0.001365
0.000981
0.000150
-0.000386
-0.000168
0.000424
0.000656
0.000465
0.000514
0.001195
0.002066
0.002353
0.001690
0.000379
-0.000828
-0.001322
-0.001213
-0.001188
-0.001699
-0.002438
-0.002740
-0.002299
-0.001373
-0.000491
-0.000084
-0.000172
-0.000342
-0.000242
-0.000035
-0.000071
-0.000318
-0.000459
-0.000355
-0.000089
0.000255
0.000619
0.000939
0.001202
0.001431
0.001620
0.001703
0.001586
0.001269
0.000897
0.000576
0.000241
-0.000214
-0.000756
-0.001083
-0.000879
-0.000397
-0.000262
-0.000525
-0.000674
-0.000564
-0.000501
-0.000579
-0.000649
-0.000685
-0.000707
-0.000622
-0.000430
-0.000253
-0.000086
0.000155
0.000364
0.000376
0.000232
0.000079
0.000058
0.000318
0.000784
0.001030
0.000783
0.000342
0.000129
0.000179
0.000317
0.000415
0.000344
0.000133
0.000063
0.000207
0.000217
-0.000095
-0.000348
-0.000175
0.000202
0.000383
0.000319
0.000137
-0.000070
-0.000170
-0.000115
-0.000086
-0.000232
-0.000466
-0.000624
-0.000619
-0.000496
-0.000412
-0.000457
-0.000512
-0.000427
-0.000262
-0.000189
-0.000191
-0.000134
-0.000023
0.000047
0.000083
0.000160
0.000266
0.000341
0.000389
0.000404
0.000356
0.000274
0.000213
0.000170
0.000141
0.000151
0.000190
0.000177
0.000057
-0.000068
-0.000039
0.000108
0.000178
0.000153
0.000183
0.000254
0.000206
0.000043
-0.000146
-0.000415
-0.000803
-0.001326
-0.002160
-0.003237
-0.003776
-0.002831
-0.000350
0.002427
0.003694
0.002758
0.000998
0.000302
0.000847
0.001513
0.001649
0.001084
-0.000178
-0.001136
-0.000595
0.000697
0.001104
0.000923
0.001478
0.002510
0.002972
0.002743
0.001842
0.000138
-0.001413
-0.001693
-0.001333
-0.001671
-0.002624
-0.003128
-0.002825
-0.002102
-0.001209
-0.000379
-0.000100
-0.000413
-0.000657
-0.000468
-0.000290
-0.000522
-0.000883
-0.000952
-0.000696
-0.000213
0.000442
0.000994
0.001224
0.001452
0.001987
0.002431
0.002297
0.001827
0.001486
0.001167
0.000596
-0.000041
-0.000499
-0.000922
-0.001350
-0.001424
-0.001081
-0.000800
-0.000757
-0.000492
0.000194
0.000688
0.000392
-0.000401
-0.000948
-0.000981
-0.000692
-0.000253
0.000075
-0.000038
-0.000375
-0.000320
0.000109
0.000311
0.000225
0.000341
0.000691
0.000882
0.000862
0.000755
0.000401
-0.000163
-0.000452
-0.000305
-0.000211
-0.000436
-0.000588
-0.000421
-0.000223
-0.000109
0.000129
0.000416
0.000513
0.000556
0.000749
0.000859
0.000636
0.000324
0.000188
0.000040
-0.000284
-0.000510
-0.000420
-0.000232
-0.000137
-0.000028
0.000094
0.000090
0.000033
0.000068
0.000063
-0.000160
-0.000486
-0.000689
-0.000737
-0.000713
-0.000657
-0.000574
-0.000430
-0.000163
0.000165
0.000356
0.000364
0.000342
0.000330
0.000203
0.000015
0.000015
0.000161
0.000137
-0.000067
-0.000143
0.000001
0.000205
0.000425
0.000652
0.000684
0.000397
-0.000095
-0.000803
-0.001845
-0.002872
-0.003174
-0.002485
-0.001042
0.000901
0.002677
0.003034
0.001784
0.000615
0.000752
0.001313
0.001294
0.001034
0.000699
-0.000159
-0.000889
-0.000343
0.000821
0.001219
0.001279
0.001984
0.002646
0.002317
0.001488
0.000652
-0.000552
-0.001839
-0.002301
-0.002192
-0.002469
-0.002961
-0.002862
-0.002191
-0.001462
-0.000821
-0.000290
-0.000079
-0.000159
-0.000185
-0.000109
-0.000224
-0.000554
-0.000742
-0.000543
-0.000082
0.000417
0.000896
0.001360
0.001703
0.001846
0.001901
0.001960
0.001896
0.001652
0.001369
0.000990
0.000342
-0.000378
-0.000819
-0.000981
-0.001034
-0.000986
-0.000793
-0.000572
-0.000535
-0.000731
-0.000956
-0.001046
-0.001072
-0.001169
-0.001407
-0.001688
-0.001463
-0.000174
0.001611
0.002407
0.001683
0.000483
-0.000108
0.000003
0.000457
0.000798
0.000506
-0.000239
-0.000419
0.000297
0.000968
0.000955
0.000701
0.000673
0.000778
0.000861
0.000767
0.000161
-0.000841
-0.001428
-0.001209
-0.000772
-0.000671
-0.000736
-0.000587
-0.000163
0.000355
0.000729
0.000756
0.000431
0.000044
-0.000154
-0.000305
-0.000638
-0.000972
-0.000950
-0.000595
-0.000192
0.000210
0.000657
0.000947
0.000926
0.000737
0.000438
-0.000058
-0.000531
-0.000620
-0.000422
-0.000320
-0.000386
-0.000441
-0.000421
-0.000292
0.000032
0.000446
0.000705
0.000759
0.000751
0.000717
0.000513
0.000099
-0.000282
-0.000486
-0.000645
-0.000726
-0.000509
-0.000118
0.000143
0.000350
0.000609
0.000501
-0.000375
-0.001760
-0.003038
-0.003638
-0.003195
-0.001830
0.000014
0.001922
0.003105
0.002642
0.001206
0.000754
0.001543
0.001925
0.001492
0.001142
0.000563
-0.000585
-0.000745
0.000689
0.001703
0.001513
0.001843
0.002950
0.003105
0.002171
0.001286
0.000207
-0.001466
-0.002636
-0.002746
-0.002868
-0.003475
-0.003698
-0.003134
-0.002242
-0.001275
-0.000328
0.000182
0.000049
-0.000302
-0.000375
-0.000234
-0.000339
-0.000798
-0.001095
-0.000835
-0.000247
0.000446
0.001255
0.001895
0.002121
0.002336
0.002759
0.002809
0.002192
0.001480
0.000989
0.000391
-0.000342
-0.000843
-0.001126
-0.001383
-0.001362
-0.000864
-0.000300
-0.000073
-0.000113
-0.000358
-0.000818
-0.001193
-0.001131
-0.000743
-0.000513
-0.000705
-0.000972
-0.000747
-0.000009
0.000669
0.000844
0.000559
0.000108
-0.000071
0.000374
0.001092
0.001259
0.000753
0.000329
0.000438
0.000734
0.000796
0.000543
0.000055
-0.000372
-0.000367
-0.000062
0.000006
-0.000269
-0.000444
-0.000250
0.000098
0.000319
0.000329
0.000181
0.000007
-0.000069
-0.000084
-0.000206
-0.000471
-0.000712
-0.000765
-0.000633
-0.000413
-0.000134
0.000181
0.000381
0.000371
0.000277
0.000225
0.000159
0.000004
-0.000218
-0.000450
-0.000662
-0.000792
-0.000718
-0.000450
-0.000160
0.000091
0.000361
0.000612
0.000767
0.000803
0.000680
0.000426
0.000204
0.000103
0.000018
-0.000126
-0.000225
-0.000186
-0.000079
-0.000008
0.000049
0.000197
0.000423
0.000498
0.000260
-0.000094
-0.000301
-0.000587
-0.001539
-0.003117
-0.004168
-0.003733
-0.002434
-0.001097
0.000824
0.003191
0.003825
0.002141
0.000976
0.001797
0.002346
0.001552
0.001252
0.001383
0.000099
-0.001168
0.000077
0.001947
0.001772
0.001275
0.002349
0.003087
0.002203
0.001342
0.000853
-0.000651
-0.002419
-0.002711
-0.002360
-0.002968
-0.003883
-0.003764
-0.002812
-0.001861
-0.001108
-0.000524
-0.000317
-0.000476
-0.000503
-0.000096
0.000199
-0.000244
-0.000913
-0.000824
-0.000121
0.000457
0.001029
0.001834
0.002253
0.002087
0.002153
0.002587
0.002484
0.001733
0.001172
0.000905
0.000339
-0.000479
-0.001021
-0.001227
-0.001304
-0.001213
-0.000924
-0.000644
-0.000565
-0.000691
-0.000859
-0.000902
-0.000834
-0.000678
-0.000419
-0.000344
-0.000785
-0.001303
-0.001029
0.000093
0.001194
0.001513
0.001032
0.000367
0.000217
0.000690
0.001198
0.001102
0.000376
-0.000303
-0.000234
0.000457
0.000944
0.000775
0.000287
-0.000038
-0.000056
0.000122
0.000217
-0.000039
-0.000429
-0.000394
0.000040
0.000255
0.000085
-0.000104
-0.000176
-0.000205
-0.000116
0.000069
0.000047
-0.000313
-0.000717
-0.000842
-0.000705
-0.000524
-0.000405
-0.000359
-0.000351
-0.000226
0.000048
0.000247
0.000222
0.000062
-0.000102
-0.000260
-0.000396
-0.000354
-0.000064
0.000240
0.000334
0.000310
0.000331
0.000384
0.000451
0.000570
0.000641
0.000530
0.000348
0.000441
0.001059
0.001861
0.002062
0.001390
0.000396
-0.000372
-0.000927
-0.001510
-0.002129
-0.002601
-0.002830
-0.002785
-0.002418
-0.001907
-0.001819
-0.002684
-0.004448
-0.006434
-0.007569
-0.006655
-0.003207
0.001791
0.006563
0.009793
0.011108
0.011272
0.011736
0.012791
0.012878
0.010768
0.006889
0.002010
-0.003028
-0.006580
-0.007989
-0.008940
-0.010421
-0.010638
-0.008394
-0.005346
-0.003021
-0.001165
0.000159
0.000399
0.000259
0.000532
0.000278
-0.001420
-0.003526
-0.004551
-0.004260
-0.003086
-0.001450
0.000087
0.001295
0.002711
0.004692
0.006508
0.007014
0.005877
0.003880
0.002132
0.001052
0.000339
-0.000277
-0.000811
-0.001153
-0.000859
0.000499
0.002415
0.003806
0.004308
0.004229
0.003573
0.002168
0.000264
-0.001811
-0.004021
-0.006119
-0.007494
-0.007869
-0.007588
-0.007001
-0.006019
-0.004586
-0.003071
-0.001713
-0.000391
0.000565
0.000564
0.000126
0.000453
0.001610
0.002728
0.003631
0.004880
0.006576
0.007980
0.008386
0.008172
0.008249
0.008214
0.006563
0.003272
0.000082
-0.002250
-0.004477
-0.006533
-0.007410
-0.007207
-0.006880
-0.006360
-0.004981
-0.003188
-0.002041
-0.001580
-0.001175
-0.000817
-0.000859
-0.001179
-0.001419
-0.001452
-0.001152
-0.000313
0.000903
0.002055
0.002980
0.003712
0.004096
0.004036
0.003695
0.003031
0.001908
0.000854
0.000620
0.000932
0.000918
0.000610
0.000672
0.000999
0.000973
0.000677
0.000529
0.000235
-0.000679
-0.001863
-0.002720
-0.003338
-0.003972
-0.004382
-0.004274
-0.003680
-0.002769
-0.001781
-0.000962
-0.000315
0.000298
0.000836
0.001156
0.001209
0.001008
0.000683
0.000573
0.000949
0.001769
0.002818
0.003694
0.003326
0.000273
-0.005331
-0.010835
-0.013516
-0.012731
-0.008677
-0.001552
0.006972
0.014065
0.018501
0.021247
0.023110
0.023293
0.020401
0.014075
0.005461
-0.003783
-0.012188
-0.018117
-0.020467
-0.020317
-0.019482
-0.017404
-0.012709
-0.006931
-0.002857
-0.000814
0.000053
-0.000493
-0.002035
-0.002790
-0.002406
-0.002104
-0.001569
0.000944
0.005586
0.010631
0.014549
0.016571
0.016320
0.014181
0.011056
0.007162
0.002074
-0.003818
-0.008850
-0.011502
-0.011630
-0.009950
-0.007061
-0.003598
-0.000460
0.001926
0.003819
0.005068
0.004797
0.002798
0.000108
-0.002302
-0.004129
-0.005018
-0.004715
-0.003708
-0.002456
-0.000730
0.001264
0.002334
0.001729
-0.000039
-0.001965
-0.003352
-0.004169
-0.004771
-0.005029
-0.004411
-0.002843
-0.000404
0.003037
0.006837
0.009736
0.011448
0.012344
0.012042
0.010114
0.007342
0.004769
0.002268
-0.000815
-0.004055
-0.006121
-0.006587
-0.006489
-0.006745
-0.007106
-0.007141
-0.007112
-0.007173
-0.006748
-0.005520
-0.004093
-0.002910
-0.001478
0.000570
0.002607
0.003895
0.004576
0.005166
0.005677
0.005796
0.005454
0.004741
0.003749
0.002751
0.002054
0.001673
0.001398
0.000979
0.000284
-0.000472
-0.000914
-0.001092
-0.001397
-0.001921
-0.002384
-0.002619
-0.002792
-0.003051
-0.003191
-0.003068
-0.002935
-0.002824
-0.002247
-0.001123
-0.000157
0.000221
0.000497
0.001144
0.001823
0.002042
0.001973
0.002102
0.002397
0.002331
0.001679
0.000799
0.000046
-0.000587
-0.001050
-0.000953
-0.000204
0.000574
0.000933
0.001468
0.002807
0.003945
0.002674
-0.002295
-0.009841
-0.016786
-0.020223
-0.019326
-0.014114
-0.004550
0.007383
0.017633
0.024229
0.028402
0.030560
0.029045
0.023320
0.014696
0.004284
-0.006806
-0.016202
-0.021546
-0.022509
-0.020590
-0.017406
-0.013448
-0.008588
-0.003778
-0.000976
-0.000839
-0.002359
-0.004766
-0.007256
-0.007907
-0.005780
-0.002357
0.001290
0.006128
0.012332
0.017733
0.020296
0.019715
0.016299
0.010593
0.003952
-0.002213
-0.007372
-0.011284
-0.013324
-0.012884
-0.009902
-0.005112
-0.000010
0.003745
0.005278
0.004965
0.003816
0.002318
0.000322
-0.001919
-0.003441
-0.003605
-0.002528
-0.000450
0.002280
0.004593
0.005294
0.004294
0.002257
-0.000554
-0.004110
-0.007886
-0.010975
-0.012450
-0.011760
-0.009217
-0.005520
-0.000896
0.004304
0.008735
0.011174
0.011840
0.011413
0.009785
0.006959
0.003975
0.001989
0.001293
0.001514
0.002069
0.002507
0.002734
0.002688
0.001943
0.000018
-0.002995
-0.006337
-0.009148
-0.011041
-0.011928
-0.011541
-0.009693
-0.006789
-0.003516
-0.000353
0.002285
0.003920
0.004447
0.004302
0.003941
0.003525
0.003208
0.003271
0.003810
0.004677
0.005634
0.006239
0.005976
0.004785
0.003045
0.001011
-0.001242
-0.003422
-0.005075
-0.005957
-0.005999
-0.005138
-0.003572
-0.001896
-0.000707
-0.000180
-0.000073
-0.000134
-0.000418
-0.001008
-0.001577
-0.001648
-0.001054
0.000074
0.001372
0.002385
0.003036
0.003503
0.003532
0.002719
0.001342
-0.000003
-0.001253
-0.002531
-0.003374
-0.003189
-0.002192
-0.001013
0.000332
0.002083
0.003785
0.004705
0.004486
0.002165
-0.004013
-0.013480
-0.021637
-0.023847
-0.019421
-0.010147
0.002051
0.014648
0.024932
0.031821
0.035121
0.034043
0.028399
0.019386
0.008156
-0.004214
-0.015256
-0.022058
-0.023865
-0.022184
-0.018716
-0.014394
-0.009831
-0.005904
-0.003712
-0.003764
-0.005637
-0.008569
-0.011309
-0.011843
-0.008973
-0.003563
0.002886
0.009696
0.016257
0.021417
0.024276
0.024222
0.020478
0.013249
0.004725
-0.002615
-0.007934
-0.011320
-0.012567
-0.011629
-0.009059
-0.005538
-0.001786
0.001156
0.002284
0.001335
-0.000979
-0.003337
-0.004609
-0.004508
-0.003394
-0.001573
0.000953
0.004078
0.007141
0.009021
0.008859
0.006596
0.002771
-0.001804
-0.006101
-0.009187
-0.010750
-0.011015
-0.010086
-0.007712
-0.003979
0.000099
0.003254
0.005015
0.005643
0.005528
0.005140
0.004955
0.005125
0.005686
0.006785
0.008206
0.009170
0.009007
0.007526
0.004745
0.000944
-0.003118
-0.006705
-0.009689
-0.011991
-0.012992
-0.012216
-0.010015
-0.007154
-0.004196
-0.001460
0.000710
0.001970
0.002285
0.001970
0.001413
0.000998
0.001107
0.001842
0.002965
0.004322
0.005831
0.007040
0.007353
0.006643
0.005173
0.003197
0.000973
-0.001128
-0.002737
-0.003646
-0.003815
-0.003332
-0.002393
-0.001330
-0.000582
-0.000497
-0.001133
-0.002270
-0.003594
-0.004784
-0.005461
-0.005269
-0.004117
-0.002234
0.000028
0.002261
0.004065
0.005281
0.005895
0.005667
0.004423
0.002667
0.001059
-0.000443
-0.001957
-0.002769
-0.002243
-0.001036
-0.000125
0.000636
0.001719
0.002548
0.002231
0.001026
-0.000084
-0.001123
-0.003694
-0.009299
-0.016637
-0.021463
-0.020472
-0.013967
-0.003930
0.007778
0.018710
0.026607
0.031104
0.032367
0.029689
0.023285
0.014807
0.005181
-0.005111
-0.013810
-0.018273
-0.018705
-0.017303
-0.015247
-0.012666
-0.010206
-0.008765
-0.008521
-0.009129
-0.010270
-0.011579
-0.012099
-0.010306
-0.005530
0.001047
0.007654
0.013438
0.018065
0.021046
0.021994
0.020546
0.016315
0.009967
0.003517
-0.001501
-0.005032
-0.007249
-0.007948
-0.007432
-0.006445
-0.005242
-0.003855
-0.002907
-0.003143
-0.004444
-0.005879
-0.006461
-0.005684
-0.003648
-0.000878
0.002067
0.004839
0.007181
0.008700
0.008843
0.007276
0.004309
0.000662
-0.002953
-0.005696
-0.006864
-0.006753
-0.006315
-0.005720
-0.004368
-0.002282
-0.000382
0.000497
0.000361
0.000050
0.000508
0.001875
0.003579
0.005293
0.007107
0.008791
0.009691
0.009444
0.008128
0.005732
0.002255
-0.001602
-0.004745
-0.006844
-0.008264
-0.008907
-0.008310
-0.006711
-0.004865
-0.003167
-0.001811
-0.001169
-0.001323
-0.001813
-0.002180
-0.002303
-0.002088
-0.001215
0.000487
0.002608
0.004531
0.006088
0.007281
0.007703
0.007000
0.005501
0.003767
0.002031
0.000440
-0.000711
-0.001292
-0.001470
-0.001407
-0.001139
-0.000766
-0.000589
-0.001041
-0.002331
-0.004052
-0.005404
-0.005959
-0.005905
-0.005382
-0.004161
-0.002251
-0.000192
0.001527
0.002833
0.003730
0.004046
0.003724
0.003108
0.002687
0.002492
0.002054
0.001335
0.001049
0.001408
0.001500
0.000696
-0.000390
-0.001020
-0.001262
-0.001353
-0.001213
-0.000892
-0.000859
-0.002135
-0.006101
-0.012623
-0.018406
-0.019298
-0.014274
-0.005586
0.004122
0.013383
0.021617
0.028143
0.031343
0.029851
0.024613
0.017533
0.008828
-0.001334
-0.010331
-0.015523
-0.017354
-0.017577
-0.016565
-0.014239
-0.011491
-0.009422
-0.008565
-0.008988
-0.010238
-0.011489
-0.011979
-0.010880
-0.007471
-0.002024
0.004290
0.010400
0.015695
0.019738
0.022067
0.022024
0.019063
0.013731
0.007712
0.002407
-0.001811
-0.004824
-0.006367
-0.006615
-0.006189
-0.005513
-0.004834
-0.004551
-0.005027
-0.006311
-0.007986
-0.009038
-0.008482
-0.006390
-0.003650
-0.000751
0.002424
0.005700
0.008251
0.009298
0.008748
0.006956
0.004231
0.001038
-0.001678
-0.003132
-0.003510
-0.003418
-0.002971
-0.002161
-0.001422
-0.001005
-0.000659
-0.000680
-0.001851
-0.003468
-0.003580
-0.001925
0.000042
0.001975
0.004573
0.007324
0.008984
0.009368
0.008763
0.006872
0.003635
-0.000056
-0.003178
-0.005331
-0.006532
-0.006922
-0.006608
-0.005550
-0.003926
-0.002441
-0.001694
-0.001578
-0.001826
-0.002478
-0.003250
-0.003295
-0.002257
-0.000741
0.000796
0.002583
0.004552
0.005986
0.006518
0.006370
0.005543
0.003952
0.002159
0.000880
0.000115
-0.000362
-0.000390
0.000051
0.000518
0.000657
0.000411
-0.000277
-0.001411
-0.002766
-0.004138
-0.005378
-0.006082
-0.005867
-0.004896
-0.003602
-0.002120
-0.000476
0.001009
0.001983
0.002467
0.002681
0.002666
0.002397
0.002138
0.002250
0.002779
0.003429
0.003810
0.003676
0.003084
0.002261
0.001246
-0.000128
-0.001776
-0.003136
-0.003660
-0.003344
-0.002643
-0.002077
-0.002028
-0.003018
-0.006115
-0.011840
-0.017895
-0.019765
-0.015180
-0.006412
0.003076
0.012106
0.020781
0.028109
0.032169
0.031930
0.027913
0.021009
0.011684
0.001142
-0.008014
-0.013725
-0.016308
-0.017210
-0.016874
-0.015016
-0.012138
-0.009663
-0.008831
-0.009846
-0.011889
-0.013797
-0.014637
-0.013726
-0.010684
-0.005724
0.000453
0.007102
0.013541
0.018976
0.022537
0.023441
0.021332
0.016819
0.011412
0.006490
0.002444
-0.000897
-0.003360
-0.004505
-0.004423
-0.003894
-0.003664
-0.003991
-0.004964
-0.006706
-0.008950
-0.010763
-0.011209
-0.010137
-0.008008
-0.005158
-0.001672
0.002069
0.005250
0.007212
0.007816
0.007239
0.005738
0.003670
0.001589
0.000104
-0.000507
-0.000399
0.000118
0.000716
0.001070
0.001032
0.000578
-0.000495
-0.002333
-0.004255
-0.004955
-0.003954
-0.002130
-0.000327
0.001660
0.004075
0.006167
0.007043
0.006693
0.005502
0.003511
0.000820
-0.001869
-0.003671
-0.004337
-0.004224
-0.003628
-0.002606
-0.001352
-0.000391
-0.000218
-0.000822
-0.001800
-0.002829
-0.003731
-0.004176
-0.003771
-0.002567
-0.001047
0.000537
0.002264
0.003912
0.004864
0.004746
0.003822
0.002705
0.001803
0.001145
0.000725
0.000717
0.001233
0.002052
0.002790
0.003163
0.002929
0.001915
0.000282
-0.001536
-0.003232
-0.004703
-0.005778
-0.006176
-0.005808
-0.004870
-0.003565
-0.002066
-0.000782
-0.000117
0.000051
0.000165
0.000427
0.000783
0.001226
0.001893
0.002933
0.004273
0.005452
0.005931
0.005654
0.004877
0.003478
0.001328
-0.000851
-0.002246
-0.003076
-0.003670
-0.003564
-0.002667
-0.001748
-0.001247
-0.001475
-0.003683
-0.008731
-0.015194
-0.019948
-0.019804
-0.013411
-0.003229
0.006390
0.014428
0.022809
0.030355
0.033006
0.030252
0.024966
0.017642
0.007434
-0.002955
-0.009673
-0.012816
-0.014497
-0.014903
-0.013605
-0.011542
-0.009774
-0.008830
-0.009436
-0.011774
-0.014670
-0.016701
-0.017051
-0.015111
-0.010681
-0.004482
0.002418
0.009265
0.015459
0.020291
0.022870
0.022422
0.019142
0.014375
0.009577
0.005574
0.002626
0.000587
-0.000713
-0.001033
-0.000389
0.000104
-0.000770
-0.002895
-0.005587
-0.008798
-0.012244
-0.014618
-0.014880
-0.013278
-0.010517
-0.006937
-0.002780
0.001413
0.004829
0.006755
0.007116
0.006431
0.005148
0.003496
0.001989
0.001344
0.001731
0.002625
0.003503
0.004310
0.005015
0.005111
0.004008
0.001787
-0.000853
-0.003231
-0.004975
-0.005946
-0.005941
-0.004518
-0.001889
0.000600
0.002132
0.003246
0.004014
0.003483
0.001624
-0.000382
-0.001892
-0.003043
-0.003600
-0.003049
-0.001654
-0.000290
0.000684
0.001483
0.002065
0.002047
0.001222
-0.000208
-0.001685
-0.002640
-0.002876
-0.002490
-0.001573
-0.000330
0.000754
0.001376
0.001719
0.001929
0.001779
0.001213
0.000634
0.000325
0.000209
0.000358
0.000987
0.001912
0.002667
0.003047
0.003096
0.002716
0.001675
0.000029
-0.001770
-0.003203
-0.004066
-0.004506
-0.004614
-0.004211
-0.003289
-0.002233
-0.001373
-0.000741
-0.000323
-0.000216
-0.000396
-0.000479
-0.000111
0.000546
0.001274
0.002272
0.003565
0.004586
0.004867
0.004602
0.004182
0.003579
0.002507
0.000953
-0.000698
-0.001961
-0.002692
-0.003102
-0.003154
-0.002576
-0.001733
-0.001543
-0.002249
-0.003562
-0.006119
-0.010909
-0.016408
-0.018044
-0.012723
-0.003243
0.004912
0.010824
0.017591
0.024788
0.027960
0.026003
0.022007
0.016693
0.008435
-0.000815
-0.006780
-0.009039
-0.010210
-0.011051
-0.010797
-0.009745
-0.008558
-0.007580
-0.007848
-0.010163
-0.013330
-0.015452
-0.015869
-0.014496
-0.011017
-0.005781
-0.000045
0.005259
0.010035
0.014187
0.017012
0.017639
0.015918
0.012739
0.009425
0.006958
0.005583
0.004793
0.003966
0.003256
0.003078
0.002843
0.001512
-0.000903
-0.003854
-0.007340
-0.011038
-0.013651
-0.014260
-0.013266
-0.011394
-0.008755
-0.005368
-0.001783
0.001184
0.002933
0.003396
0.003123
0.002646
0.001985
0.001371
0.001617
0.002970
0.004627
0.005989
0.007174
0.008045
0.007994
0.006783
0.004668
0.001921
-0.001208
-0.004296
-0.006585
-0.007116
-0.005730
-0.003669
-0.002074
-0.000648
0.001054
0.002242
0.001982
0.000572
-0.001077
-0.002531
-0.003559
-0.003654
-0.002691
-0.001308
0.000010
0.001347
0.002647
0.003512
0.003663
0.002996
0.001576
-0.000130
-0.001421
-0.001966
-0.001899
-0.001386
-0.000590
0.000156
0.000690
0.001114
0.001335
0.001021
0.000165
-0.000800
-0.001481
-0.001730
-0.001473
-0.000764
0.000148
0.001085
0.002063
0.002971
0.003404
0.003055
0.002033
0.000678
-0.000666
-0.001701
-0.002316
-0.002608
-0.002627
-0.002291
-0.001612
-0.000826
-0.000245
-0.000058
-0.000282
-0.000732
-0.001089
-0.001219
-0.001224
-0.001062
-0.000529
0.000337
0.001274
0.002158
0.002923
0.003308
0.003045
0.002218
0.001219
0.000332
-0.000471
-0.001183
-0.001548
-0.001412
-0.000858
-0.000048
0.000607
0.000573
-0.000128
-0.000917
-0.001564
-0.002912
-0.006573
-0.012318
-0.015272
-0.010330
-0.000929
0.004587
0.006526
0.011905
0.019283
0.020796
0.017307
0.015277
0.013015
0.005632
-0.003010
-0.006623
-0.006781
-0.007469
-0.008128
-0.007644
-0.006985
-0.006048
-0.004596
-0.004683
-0.007298
-0.010287
-0.012055
-0.012945
-0.012459
-0.009490
-0.004900
-0.000508
0.003484
0.007731
0.011710
0.014190
0.014699
0.013499
0.010920
0.007643
0.005086
0.004124
0.003745
0.002816
0.002170
0.002621
0.002806
0.001553
-0.000190
-0.001880
-0.004644
-0.008461
-0.011317
-0.012075
-0.011464
-0.010213
-0.008338
-0.005795
-0.002713
0.000281
0.002174
0.002840
0.003088
0.002994
0.002056
0.000946
0.000995
0.002096
0.003040
0.003676
0.004878
0.006594
0.007614
0.007188
0.005609
0.003332
0.000566
-0.002084
-0.003576
-0.003703
-0.003442
-0.003236
-0.002333
-0.000654
0.000548
0.000549
-0.000184
-0.001247
-0.002647
-0.004056
-0.004861
-0.004828
-0.004149
-0.003029
-0.001543
0.000247
0.002133
0.003619
0.004222
0.004040
0.003494
0.002674
0.001557
0.000482
-0.000131
-0.000240
-0.000031
0.000404
0.000911
0.001116
0.000813
0.000248
-0.000302
-0.000878
-0.001506
-0.001952
-0.002027
-0.001739
-0.001097
-0.000158
0.000770
0.001334
0.001453
0.001233
0.000768
0.000153
-0.000495
-0.001063
-0.001377
-0.001275
-0.000811
-0.000232
0.000278
0.000669
0.000841
0.000654
0.000190
-0.000258
-0.000549
-0.000765
-0.000932
-0.000940
-0.000732
-0.000378
0.000010
0.000353
0.000598
0.000676
0.000522
0.000168
-0.000112
-0.000001
0.000322
0.000332
0.000037
0.000007
0.000330
0.000373
-0.000074
-0.000389
-0.000238
-0.000178
-0.000828
-0.002389
-0.004553
-0.005778
-0.004188
-0.000583
0.002238
0.004036
0.006819
0.009898
0.010617
0.009427
0.008493
0.006929
0.003029
-0.001416
-0.003929
-0.005088
-0.006136
-0.006677
-0.006489
-0.006093
-0.005374
-0.004300
-0.003829
-0.004397
-0.005188
-0.005607
-0.005703
-0.005171
-0.003562
-0.001274
0.000891
0.002798
0.004785
0.006823
0.008395
0.009017
0.008581
0.007319
0.005685
0.004220
0.003140
0.002158
0.001091
0.000280
-0.000126
-0.000611
-0.001376
-0.001981
-0.002482
-0.003570
-0.005109
-0.006089
-0.006189
-0.005910
-0.005420
-0.004521
-0.003253
-0.001815
-0.000424
0.000674
0.001463
0.002048
0.002217
0.001798
0.001325
0.001487
0.002124
0.002601
0.002927
0.003497
0.004043
0.003951
0.003269
0.002393
0.001489
0.000813
0.000396
-0.000352
-0.001334
-0.001453
-0.000856
-0.000955
-0.001633
-0.001689
-0.001590
-0.002387
-0.003343
-0.003446
-0.003263
-0.003359
-0.003090
-0.002076
-0.000875
0.000196
0.001213
0.001927
0.002232
0.002497
0.002686
0.002335
0.001682
0.001385
0.001275
0.000900
0.000684
0.001055
0.001439
0.001298
0.000918
0.000581
0.000143
-0.000391
-0.000810
-0.001155
-0.001521
-0.001669
-0.001469
-0.001203
-0.000959
-0.000516
-0.000041
0.000097
0.000054
0.000089
-0.000063
-0.000584
-0.001080
-0.001240
-0.001203
-0.001043
-0.000643
-0.000093
0.000430
0.000979
0.001506
0.001675
0.001433
0.001171
0.000980
0.000557
-0.000002
-0.000308
-0.000474
-0.000779
-0.000993
-0.000872
-0.000656
-0.000555
-0.000440
-0.000280
-0.000336
-0.000691
-0.000933
-0.000634
0.000023
0.000346
-0.000497
-0.002928
-0.005463
-0.004939
-0.000843
0.002910
0.003959
0.005183
0.008437
0.010535
0.009648
0.008535
0.008014
0.005202
0.000236
-0.003194
-0.004305
-0.005312
-0.006536
-0.006992
-0.007088
-0.007022
-0.005963
-0.004512
-0.004277
-0.005002
-0.005386
-0.005398
-0.005310
-0.004401
-0.002356
-0.000065
0.001862
0.003855
0.006235
0.008470
0.009800
0.009918
0.008994
0.007442
0.005779
0.004367
0.003062
0.001563
0.000179
-0.000606
-0.001137
-0.001926
-0.002623
-0.002975
-0.003679
-0.005090
-0.006360
-0.006745
-0.006516
-0.006098
-0.005476
-0.004561
-0.003301
-0.001693
-0.000068
0.001228
0.002293
0.003192
0.003607
0.003537
0.003533
0.003838
0.004043
0.003873
0.003616
0.003563
0.003584
0.003402
0.002857
0.001769
0.000022
-0.001846
-0.002759
-0.002485
-0.002097
-0.002263
-0.002337
-0.001851
-0.001356
-0.001233
-0.001214
-0.001334
-0.001920
-0.002657
-0.002875
-0.002489
-0.001848
-0.001182
-0.000532
0.000241
0.001279
0.002271
0.002693
0.002566
0.002303
0.002022
0.001659
0.001350
0.001174
0.000953
0.000671
0.000656
0.000964
0.001129
0.000838
0.000296
-0.000247
-0.000785
-0.001325
-0.001802
-0.002147
-0.002214
-0.001900
-0.001316
-0.000606
0.000161
0.000775
0.000978
0.000855
0.000687
0.000474
0.000027
-0.000580
-0.000986
-0.000932
-0.000543
-0.000163
0.000054
0.000225
0.000474
0.000716
0.000743
0.000500
0.000141
-0.000177
-0.000385
-0.000503
-0.000603
-0.000664
-0.000641
-0.000623
-0.000634
-0.000520
-0.000292
-0.000198
-0.000266
-0.000190
0.000182
0.000654
0.001054
0.001280
0.000751
-0.001476
-0.004762
-0.005868
-0.002893
0.000942
0.002135
0.002967
0.006460
0.009797
0.009769
0.008698
0.008601
0.006716
0.001810
-0.002558
-0.004284
-0.005208
-0.006366
-0.006965
-0.007093
-0.006851
-0.005434
-0.003510
-0.002898
-0.003518
-0.004101
-0.004650
-0.005370
-0.005249
-0.003755
-0.001789
0.000019
0.002054
0.004544
0.007069
0.009065
0.010065
0.009801
0.008385
0.006375
0.004549
0.003160
0.001728
0.000195
-0.000715
-0.000887
-0.001069
-0.001445
-0.001620
-0.001967
-0.003201
-0.004962
-0.006285
-0.006900
-0.007045
-0.006765
-0.006026
-0.004818
-0.003055
-0.000953
0.000927
0.002332
0.003336
0.003822
0.003709
0.003361
0.003209
0.003250
0.003242
0.003202
0.003388
0.003797
0.004072
0.003891
0.003165
0.001968
0.000412
-0.001475
-0.003468
-0.004789
-0.004772
-0.003904
-0.003200
-0.002623
-0.001416
0.000144
0.000942
0.000756
0.000255
-0.000411
-0.001483
-0.002477
-0.002646
-0.002087
-0.001320
-0.000437
0.000642
0.001759
0.002710
0.003296
0.003259
0.002628
0.001811
0.001096
0.000502
0.000065
-0.000200
-0.000374
-0.000400
-0.000100
0.000391
0.000594
0.000273
-0.000355
-0.001015
-0.001551
-0.001837
-0.001859
-0.001726
-0.001429
-0.000838
-0.000028
0.000687
0.001156
0.001490
0.001682
0.001496
0.000889
0.000163
-0.000374
-0.000597
-0.000516
-0.000278
0.000004
0.000342
0.000586
0.000456
0.000014
-0.000452
-0.000900
-0.001357
-0.001630
-0.001652
-0.001618
-0.001498
-0.001073
-0.000455
0.000069
0.000532
0.001030
0.001325
0.001267
0.001079
0.000739
-0.000557
-0.003462
-0.006359
-0.005845
-0.001657
0.001891
0.002851
0.004765
0.008993
0.011399
0.010338
0.009212
0.008685
0.005528
0.000068
-0.003796
-0.005221
-0.006088
-0.006637
-0.006487
-0.006246
-0.005643
-0.004136
-0.003082
-0.003631
-0.004657
-0.005202
-0.005903
-0.006695
-0.006237
-0.004257
-0.001909
0.000222
0.002593
0.005452
0.008248
0.010109
0.010552
0.009720
0.008073
0.006175
0.004544
0.003193
0.001809
0.000653
0.000202
0.000043
-0.000420
-0.000842
-0.001011
-0.001783
-0.003585
-0.005473
-0.006667
-0.007417
-0.007876
-0.007707
-0.006832
-0.005396
-0.003490
-0.001435
0.000388
0.001917
0.003033
0.003437
0.003321
0.003333
0.003602
0.003689
0.003578
0.003748
0.004307
0.004836
0.004974
0.004614
0.003745
0.002435
0.000851
-0.000846
-0.002474
-0.003744
-0.004482
-0.004901
-0.005181
-0.004926
-0.003725
-0.002119
-0.001101
-0.000728
-0.000292
0.000234
0.000224
-0.000253
-0.000477
-0.000247
0.000071
0.000340
0.000818
0.001718
0.002751
0.003264
0.003039
0.002540
0.002095
0.001469
0.000516
-0.000373
-0.000811
-0.000955
-0.001089
-0.001081
-0.000737
-0.000303
-0.000146
-0.000268
-0.000496
-0.000799
-0.001229
-0.001735
-0.002047
-0.001853
-0.001193
-0.000463
0.000083
0.000556
0.001083
0.001575
0.001860
0.001842
0.001551
0.001074
0.000537
0.000150
0.000066
0.000149
0.000115
-0.000096
-0.000312
-0.000468
-0.000648
-0.000810
-0.000871
-0.000947
-0.001157
-0.001377
-0.001403
-0.001208
-0.000960
-0.000842
-0.000853
-0.000855
-0.001177
-0.002717
-0.004909
-0.004799
-0.001278
0.002138
0.003059
0.004406
0.008030
0.010533
0.010027
0.009402
0.009519
0.007400
0.002946
-0.000470
-0.002086
-0.003733
-0.005518
-0.006582
-0.007208
-0.007313
-0.006328
-0.005228
-0.005317
-0.005989
-0.006263
-0.006458
-0.006673
-0.005962
-0.004031
-0.001864
-0.000108
0.001744
0.004239
0.006928
0.008888
0.009751
0.009691
0.008863
0.007572
0.006360
0.005230
0.003719
0.002108
0.001151
0.000641
-0.000094
-0.000836
-0.001311
-0.002219
-0.003930
-0.005590
-0.006575
-0.007210
-0.007654
-0.007603
-0.006990
-0.005896
-0.004332
-0.002579
-0.000995
0.000444
0.001720
0.002491
0.002759
0.003017
0.003421
0.003627
0.003598
0.003798
0.004362
0.004844
0.005006
0.005068
0.005007
0.004406
0.003119
0.001437
-0.000309
-0.001922
-0.003301
-0.004426
-0.005256
-0.005663
-0.005551
-0.004935
-0.003977
-0.002982
-0.002073
-0.001100
-0.000220
0.000148
0.000172
0.000395
0.000749
0.000898
0.001121
0.001820
0.002670
0.003110
0.003171
0.003150
0.003003
0.002545
0.001813
0.001021
0.000296
-0.000438
-0.001199
-0.001710
-0.001755
-0.001506
-0.001273
-0.001186
-0.001228
-0.001357
-0.001542
-0.001683
-0.001660
-0.001492
-0.001242
-0.000883
-0.000394
0.000195
0.000822
0.001372
0.001720
0.001830
0.001754
0.001577
0.001352
0.001077
0.000730
0.000320
-0.000090
-0.000359
-0.000351
-0.000090
0.000160
0.000102
-0.000214
-0.000456
-0.000563
-0.000741
-0.000987
-0.001263
-0.002166
-0.004576
-0.007753
-0.008700
-0.005719
-0.001537
0.000733
0.002653
0.006618
0.010475
0.011519
0.011280
0.011301
0.009590
0.005277
0.001144
-0.001021
-0.002338
-0.003486
-0.004115
-0.004584
-0.004895
-0.004196
-0.002996
-0.002912
-0.004046
-0.005370
-0.006749
-0.008262
-0.008958
-0.008122
-0.006398
-0.004580
-0.002510
0.000247
0.003520
0.006550
0.008578
0.009360
0.009125
0.008313
0.007379
0.006397
0.005128
0.003798
0.002951
0.002456
0.001889
0.001541
0.001626
0.001244
-0.000325
-0.002381
-0.004079
-0.005593
-0.007147
-0.008346
-0.008897
-0.008758
-0.007741
-0.005867
-0.003631
-0.001508
0.000194
0.001197
0.001627
0.002116
0.002913
0.003446
0.003334
0.003085
0.003271
0.003821
0.004483
0.005150
0.005581
0.005465
0.004782
0.003725
0.002408
0.000887
-0.000750
-0.002401
-0.003839
-0.004694
-0.004853
-0.004641
-0.004348
-0.003904
-0.003259
-0.002618
-0.002124
-0.001745
-0.001474
-0.001302
-0.001094
-0.000772
-0.000434
-0.000071
0.000620
0.001759
0.002869
0.003556
0.004100
0.004648
0.004687
0.004008
0.003127
0.002320
0.001404
0.000492
-0.000166
-0.000742
-0.001356
-0.001754
-0.001925
-0.002138
-0.002355
-0.002486
-0.002735
-0.003093
-0.003141
-0.002757
-0.002306
-0.001880
-0.001176
-0.000253
0.000520
0.001178
0.001870
0.002292
0.002267
0.002171
0.002184
0.002028
0.001705
0.001514
0.001357
0.000969
0.000508
0.000210
-0.000008
-0.000235
-0.000454
-0.000762
-0.001179
-0.001477
-0.001581
-0.001647
-0.001563
-0.001115
-0.000558
-0.000243
-0.000034
0.000242
0.000367
0.000212
0.000015
-0.000124
-0.000414
-0.000884
-0.001232
-0.001169
-0.000624
0.000203
0.000957
0.001570
0.002273
0.002989
0.003283
0.003076
0.002688
0.002167
0.001306
0.000253
-0.000563
-0.001035
-0.001365
-0.001603
-0.001670
-0.001635
-0.001609
-0.001567
-0.001533
-0.001709
-0.002128
-0.002439
-0.002351
-0.002012
-0.001610
-0.001056
-0.000334
0.000372
0.000983
0.001554
0.002000
0.002159
0.002076
0.001977
0.001958
0.001895
0.001659
0.001307
0.001058
0.001008
0.000913
0.000560
0.000168
-0.000045
-0.000282
-0.000746
-0.001234
-0.001455
-0.001458
-0.001494
-0.001596
-0.001587
-0.001408
-0.001165
-0.000916
-0.000606
-0.000237
0.000065
0.000240
0.000411
0.000678
0.000931
0.001011
0.000933
0.000794
0.000645
0.000512
0.000397
0.000276
0.000173
0.000155
0.000253
0.000404
0.000438
0.000263
0.000011
-0.000173
-0.000351
-0.000581
-0.000764
-0.000835
-0.000797
-0.000622
-0.000347
-0.000110
0.000040
0.000163
0.000268
0.000305
0.000272
0.000194
0.000047
-0.000165
-0.000303
-0.000279
-0.000215
-0.000156
0.000033
0.000370
0.000669
0.000793
0.000776
0.000663
0.000341
-0.000419
-0.002005
-0.004756
-0.007720
-0.008305
-0.005381
-0.001667
0.000269
0.002209
0.006193
0.009821
0.010631
0.010418
0.010544
0.008765
0.004425
0.000594
-0.001110
-0.002130
-0.003207
-0.003836
-0.004161
-0.004131
-0.003135
-0.001966
-0.002221
-0.003698
-0.005168
-0.006576
-0.008118
-0.008839
-0.008028
-0.006448
-0.004915
-0.002924
0.000265
0.004102
0.007236
0.008917
0.009288
0.008763
0.007756
0.006653
0.005456
0.003969
0.002583
0.001846
0.001480
0.001170
0.001362
0.001896
0.001545
0.000025
-0.001597
-0.002927
-0.004534
-0.006326
-0.007603
-0.008210
-0.008205
-0.007328
-0.005642
-0.003639
-0.001625
0.000151
0.001352
0.002075
0.002724
0.003199
0.003041
0.002426
0.002138
0.002496
0.003066
0.003535
0.004044
0.004587
0.004824
0.004570
0.003920
0.002924
0.001536
-0.000155
-0.001906
-0.003396
-0.004317
-0.004616
-0.004570
-0.004363
-0.003833
-0.002937
-0.002095
-0.001625
-0.001323
-0.001024
-0.000903
-0.000948
-0.000816
-0.000359
0.000315
0.001120
0.001919
0.002570
0.003186
0.003826
0.004123
0.003739
0.002870
0.001907
0.000979
0.000069
-0.000691
-0.001130
-0.001318
-0.001415
-0.001367
-0.001125
-0.000877
-0.000791
-0.000887
-0.001159
-0.001531
-0.001837
-0.002004
-0.002070
-0.001964
-0.001506
-0.000675
0.000314
0.001178
0.001753
0.002079
0.002222
0.002102
0.001667
0.001111
0.000691
0.000416
0.000163
-0.000050
-0.000130
-0.000098
-0.000054
-0.000014
0.000017
-0.000067
-0.000287
-0.000549
-0.000790
-0.000945
-0.000963
-0.000890
-0.000799
-0.000677
-0.000440
-0.000094
0.000235
0.000516
0.000822
0.000995
0.000809
0.000515
0.000474
0.000490
0.000255
-0.000027
-0.000091
-0.000029
0.000048
0.000125
0.000113
-0.000033
-0.000261
-0.000534
-0.000728
-0.000694
-0.000529
-0.000447
-0.000433
-0.000311
-0.000081
0.000124
0.000293
0.000461
0.000519
0.000354
0.000103
0.000055
0.000257
0.000427
0.000365
0.000185
0.000099
0.000202
0.000414
0.000485
0.000253
-0.000088
-0.000260
-0.000301
-0.000390
-0.000525
-0.000641
-0.000774
-0.000838
-0.000607
-0.000175
0.000067
0.000058
0.000095
0.000216
0.000197
0.000062
0.000023
0.000069
0.000048
-0.000031
0.000018
0.000271
0.000582
0.000790
0.000858
0.000805
0.000707
0.000662
0.000568
0.000253
-0.000178
-0.000513
-0.000737
-0.000826
-0.000698
-0.000523
-0.000533
-0.000613
-0.000520
-0.000304
-0.000175
-0.000192
-0.000312
-0.000491
-0.000553
-0.000304
0.000057
0.000163
0.000126
0.000282
0.000533
0.000648
0.000717
0.000800
0.000737
0.000586
0.000523
0.000444
0.000252
0.000085
-0.000028
-0.000171
-0.000238
-0.000171
-0.000179
-0.000304
-0.000273
-0.000063
0.000009
-0.000159
-0.000331
-0.000362
-0.000412
-0.000609
-0.000722
-0.000516
-0.000193
-0.000048
-0.000021
0.000086
0.000267
0.000431
0.000538
0.000541
0.000463
0.000429
0.000378
0.000107
-0.000234
-0.000301
-0.000171
-0.000125
-0.000087
0.000096
0.000263
0.000281
0.000274
0.000246
0.000052
-0.000207
-0.000326
-0.000387
-0.000508
-0.000572
-0.000536
-0.000507
-0.000412
-0.000127
0.000216
0.000449
0.000605
0.000672
0.000510
0.000232
0.000118
0.000086
-0.000100
-0.000299
-0.000234
0.000026
0.000235
0.000330
0.000384
0.000415
0.000343
0.000115
-0.000168
-0.000348
-0.000437
-0.000549
-0.000622
-0.000465
-0.000137
0.000079
0.000101
0.000090
0.000148
0.000215
0.000211
0.000145
0.000035
-0.000143
-0.000326
-0.000365
-0.000234
-0.000061
0.000054
0.000153
0.000290
0.000381
0.000336
0.000196
0.000025
-0.000166
-0.000316
-0.000303
-0.000121
0.000106
0.000247
0.000279
0.000258
0.000203
0.000107
0.000047
0.000039
-0.000050
-0.000226
-0.000312
-0.000285
-0.000306
-0.000331
-0.000158
0.000154
0.000332
0.000311
0.000250
0.000205
0.000111
-0.000002
-0.000074
-0.000152
-0.000228
-0.000173
0.000034
0.000220
0.000234
0.000096
-0.000069
-0.000178
-0.000238
-0.000313
-0.000429
-0.000485
-0.000357
-0.000071
0.000251
0.000474
0.000498
0.000398
0.000378
0.000436
0.000380
0.000193
0.000002
-0.000143
-0.000204
-0.000145
-0.000070
-0.000100
-0.000174
-0.000203
-0.000210
-0.000174
-0.000060
-0.000015
-0.000167
-0.000353
-0.000357
-0.000197
-0.000037
0.000021
0.000026
0.000077
0.000164
0.000253
0.000344
0.000396
0.000389
0.000338
0.000221
0.000057
-0.000045
-0.000088
-0.000190
-0.000306
-0.000253
-0.000075
0.000006
-0.000008
0.000038
0.000140
0.000224
0.000272
0.000232
0.000030
-0.000254
-0.000416
-0.000390
-0.000290
-0.000186
-0.000077
-0.000036
-0.000082
-0.000113
-0.000124
-0.000127
-0.000054
0.000026
-0.000006
-0.000052
0.000022
0.000136
0.000170
0.000208
0.000355
0.000483
0.000458
0.000387
0.000361
0.000283
0.000106
-0.000079
-0.000179
-0.000167
-0.000104
-0.000105
-0.000214
-0.000315
-0.000268
-0.000143
-0.000133
-0.000233
-0.000279
-0.000283
-0.000357
-0.000371
-0.000164
0.000096
0.000197
0.000238
0.000356
0.000506
0.000607
0.000569
0.000312
-0.000020
-0.000189
-0.000229
-0.000307
-0.000375
-0.000351
-0.000341
-0.000383
-0.000317
-0.000083
0.000174
0.000313
0.000296
0.000171
0.000043
0.000008
0.000073
0.000124
0.000053
-0.000067
-0.000079
0.000002
-0.000086
-0.000556
-0.001043
-0.000759
0.000227
0.000762
0.000623
0.000924
0.001709
0.001870
0.001487
0.001346
0.001100
0.000212
-0.000783
-0.001305
-0.001530
-0.001689
-0.001763
-0.001747
-0.001508
-0.000890
-0.000224
0.000014
-0.000023
0.000042
0.000021
-0.000340
-0.000608
-0.000324
0.000125
0.000207
0.000236
0.000674
0.001223
0.001488
0.001525
0.001337
0.000931
0.000659
0.000585
0.000275
-0.000247
-0.000488
-0.000477
-0.000577
-0.000607
-0.000230
0.000217
0.000235
-0.000019
-0.000163
-0.000256
-0.000501
-0.000829
-0.001071
-0.001108
-0.000889
-0.000526
-0.000228
-0.000013
0.000235
0.000419
0.000390
0.000323
0.000369
0.000298
0.000022
-0.000139
-0.000023
0.000212
0.000513
0.000907
0.001209
0.001257
0.001166
0.001034
0.000787
0.000420
-0.000012
-0.000546
-0.001141
-0.001531
-0.001513
-0.001187
-0.000787
-0.000440
-0.000179
-0.000023
0.000045
0.000054
-0.000040
-0.000254
-0.000442
-0.000507
-0.000498
-0.000383
-0.000109
0.000158
0.000290
0.000462
0.000824
0.001191
0.001342
0.001298
0.001112
0.000698
0.000101
-0.000379
-0.000547
-0.000553
-0.000572
-0.000544
-0.000372
-0.000146
-0.000007
0.000016
-0.000056
-0.000192
-0.000327
-0.000429
-0.000490
-0.000454
-0.000300
-0.000129
0.000007
0.000194
0.000435
0.000624
0.000736
0.000756
0.000564
0.000176
-0.000136
-0.000235
-0.000360
-0.000660
-0.000869
-0.000782
-0.000547
-0.000263
0.000107
0.000419
0.000495
0.000407
0.000288
0.000149
0.000002
-0.000106
-0.000196
-0.000295
-0.000305
-0.000132
0.000115
0.000264
0.000339
0.000450
0.000552
0.000550
0.000398
0.000040
-0.000475
-0.000965
-0.001329
-0.001510
-0.001405
-0.001091
-0.000736
-0.000241
0.000481
0.001171
0.001691
0.002240
0.002700
0.002648
0.002163
0.001680
0.001220
0.000602
-0.000068
-0.000632
-0.001085
-0.001366
-0.001463
-0.001565
-0.001730
-0.001733
-0.001517
-0.001379
-0.001498
-0.001680
-0.001725
-0.001634
-0.001370
-0.000838
-0.000130
0.000558
0.001138
0.001605
0.001940
0.002154
0.002292
0.002339
0.002225
0.001947
0.001540
0.001025
0.000525
0.000163
-0.000149
-0.000486
-0.000716
-0.000788
-0.000915
-0.001208
-0.001402
-0.001282
-0.001096
-0.001119
-0.001229
-0.001215
-0.001043
-0.000791
-0.000563
-0.000396
-0.000221
0.000010
0.000296
0.000638
0.000975
0.001174
0.001173
0.001078
0.001017
0.000943
0.000778
0.000633
0.000579
0.000453
0.000186
0.000010
0.000049
0.000091
-0.000033
-0.000254
-0.000492
-0.000728
-0.000923
-0.001047
-0.001080
-0.000991
-0.000794
-0.000561
-0.000331
-0.000098
0.000144
0.000327
0.000398
0.000473
0.000634
0.000720
0.000631
0.000537
0.000534
0.000478
0.000301
0.000124
0.000033
0.000001
-0.000026
-0.000084
-0.000176
-0.000284
-0.000417
-0.000577
-0.000683
-0.000650
-0.000514
-0.000344
-0.000138
0.000127
0.000396
0.000558
0.000622
0.000680
0.000674
0.000466
0.000146
-0.000034
-0.000016
0.000045
0.000030
-0.000059
-0.000142
-0.000161
-0.000179
-0.000282
-0.000427
-0.000537
-0.000603
-0.000639
-0.000667
-0.000654
-0.000485
-0.000183
0.000060
0.000176
0.000295
0.000502
0.000736
0.000878
0.000871
0.000769
0.000656
0.000559
0.000438
0.000233
-0.000037
-0.000243
-0.000291
-0.000236
-0.000195
-0.000228
-0.000307
-0.000361
-0.000377
-0.000409
-0.000468
-0.000532
-0.000588
-0.000588
-0.000519
-0.000405
-0.000193
0.000130
0.000415
0.000560
0.000646
0.000761
0.000853
0.000818
0.000614
0.000288
-0.000056
-0.000302
-0.000380
-0.000295
-0.000121
0.000054
0.000176
0.000254
0.000289
0.000227
0.000038
-0.000187
-0.000314
-0.000371
-0.000499
-0.000664
-0.000689
-0.000543
-0.000357
-0.000226
-0.000157
-0.000121
-0.000102
-0.000088
-0.000029
0.000134
0.000376
0.000555
0.000564
0.000494
0.000467
0.000448
0.000395
0.000361
0.000335
0.000237
0.000100
0.000039
0.000018
-0.000102
-0.000254
-0.000217
0.000015
0.000209
0.000219
0.000094
-0.000123
-0.000391
-0.000571
-0.000615
-0.000655
-0.000746
-0.000741
-0.000536
-0.000243
0.000022
0.000247
0.000392
0.000406
0.000327
0.000211
0.000072
-0.000034
-0.000030
0.000036
0.000079
0.000147
0.000283
0.000401
0.000440
0.000467
0.000522
0.000529
0.000419
0.000240
0.000052
-0.000147
-0.000321
-0.000383
-0.000325
-0.000243
-0.000223
-0.000252
-0.000258
-0.000254
-0.000356
-0.000529
-0.000575
-0.000471
-0.000379
-0.000356
-0.000310
-0.000120
0.000216
0.000531
0.000677
0.000679
0.000646
0.000614
0.000544
0.000461
0.000392
0.000235
-0.000054
-0.000266
-0.000236
-0.000096
-0.000038
-0.000079
-0.000136
-0.000154
-0.000143
-0.000184
-0.000333
-0.000494
-0.000501
-0.000357
-0.000241
-0.000246
-0.000277
-0.000232
-0.000126
-0.000016
0.000123
0.000356
0.000610
0.000705
0.000592
0.000413
0.000326
0.000338
0.000295
0.000108
-0.000101
-0.000210
-0.000245
-0.000240
-0.000188
-0.000137
-0.000184
-0.000294
-0.000299
-0.000156
-0.000013
0.000005
-0.000082
-0.000135
-0.000065
0.000037
0.000066
0.000043
0.000018
0.000016
0.000049
0.000122
0.000202
0.000242
0.000222
0.000145
0.000034
-0.000073
-0.000151
-0.000180
-0.000195
-0.000235
-0.000236
-0.000124
0.000054
0.000188
0.000216
0.000158
0.000086
0.000045
0.000008
-0.000029
-0.000022
-0.000014
-0.000074
-0.000132
-0.000090
-0.000013
0.000006
-0.000021
-0.000047
-0.000011
0.000101
0.000196
0.000219
0.000228
0.000239
0.000175
0.000014
-0.000116
-0.000091
-0.000000
-0.000021
-0.000153
-0.000272
-0.000298
-0.000190
-0.000009
0.000075
0.000059
0.000081
0.000092
-0.000033
-0.000217
-0.000279
-0.000197
-0.000094
-0.000047
-0.000032
0.000039
0.000230
0.000435
0.000473
0.000334
0.000145
-0.000035
-0.000170
-0.000183
-0.000107
-0.000068
-0.000065
0.000008
0.000128
0.000181
0.000150
0.000074
-0.000037
-0.000118
-0.000149
-0.000223
-0.000358
-0.000410
-0.000294
-0.000121
-0.000008
0.000099
0.000244
0.000327
0.000270
0.000107
-0.000078
-0.000188
-0.000165
-0.000070
0.000031
0.000142
0.000263
0.000335
0.000332
0.000315
0.000331
0.000282
0.000081
-0.000171
-0.000314
-0.000326
-0.000313
-0.000359
-0.000409
-0.000348
-0.000171
0.000043
0.000206
0.000247
0.000167
0.000036
-0.000087
-0.000144
-0.000085
0.000011
0.000008
-0.000032
0.000030
0.000155
0.000229
0.000230
0.000171
0.000084
-0.000000
-0.000112
-0.000257
-0.000345
-0.000317
-0.000203
-0.000028
0.000175
0.000318
0.000345
0.000297
0.000209
0.000063
-0.000138
-0.000281
-0.000246
-0.000132
-0.000125
-0.000184
-0.000157
-0.000040
0.000116
0.000255
0.000278
0.000186
0.000098
0.000069
0.000063
0.000068
0.000078
0.000042
-0.000047
-0.000076
0.000040
0.000195
0.000210
0.000070
-0.000125
-0.000285
-0.000357
-0.000356
-0.000346
-0.000341
-0.000320
-0.000274
-0.000192
-0.000029
0.000211
0.000370
0.000318
0.000195
0.000205
0.000289
0.000275
0.000154
0.000060
0.000082
0.000157
0.000185
0.000187
0.000223
0.000231
0.000126
-0.000040
-0.000161
-0.000224
-0.000313
-0.000456
-0.000521
-0.000434
-0.000351
-0.000356
-0.000276
-0.000043
0.000161
0.000222
0.000212
0.000182
0.000095
-0.000017
-0.000037
0.000041
0.000088
0.000067
0.000061
0.000137
0.000288
0.000416
0.000400
0.000282
0.000191
0.000131
0.000053
0.000002
-0.000025
-0.000101
-0.000176
-0.000127
0.000012
0.000067
-0.000021
-0.000143
-0.000213
-0.000230
-0.000203
-0.000177
-0.000222
-0.000322
-0.000372
-0.000300
-0.000161
-0.000063
-0.000045
-0.000072
-0.000088
-0.000046
0.000027
0.000058
0.000060
0.000117
0.000236
0.000332
0.000353
0.000326
0.000328
0.000411
0.000494
0.000425
0.000215
0.000046
0.000015
0.000048
0.000034
-0.000075
-0.000233
-0.000340
-0.000381
-0.000403
-0.000391
-0.000290
-0.000127
-0.000008
-0.000016
-0.000110
-0.000168
-0.000144
-0.000103
-0.000071
-0.000039
-0.000021
0.000005
0.000079
0.000161
0.000173
0.000097
0.000018
0.000052
0.000168
0.000201
0.000106
0.000034
0.000067
0.000086
-0.000008
-0.000114
-0.000104
-0.000014
0.000051
0.000045
0.000010
0.000041
0.000152
0.000219
0.000182
0.000107
0.000021
-0.000054
-0.000072
-0.000064
-0.000091
-0.000139
-0.000130
-0.000046
0.000011
-0.000025
-0.000092
-0.000124
-0.000122
-0.000095
-0.000083
-0.000116
-0.000143
-0.000128
-0.000094
-0.000069
-0.000068
-0.000047
0.000046
0.000157
0.000213
0.000213
0.000203
0.000213
0.000191
0.000117
0.000060
0.000034
0.000008
0.000008
0.000022
-0.000029
-0.000109
-0.000098
-0.000044
-0.000042
-0.000023
0.000060
0.000111
0.000110
0.000106
0.000034
-0.000122
-0.000229
-0.000217
-0.000171
-0.000155
-0.000139
-0.000119
-0.000151
-0.000209
-0.000187
-0.000061
0.000118
0.000265
0.000306
0.000253
0.000196
0.000183
0.000147
0.000039
-0.000045
-0.000028
0.000007
-0.000042
-0.000123
-0.000101
0.000048
0.000198
0.000245
0.000201
0.000104
-0.000007
-0.000075
-0.000075
-0.000037
0.000030
0.000120
0.000169
0.000089
-0.000100
-0.000237
-0.000236
-0.000191
-0.000176
-0.000153
-0.000128
-0.000145
-0.000192
-0.000248
-0.000276
-0.000237
-0.000145
-0.000013
0.000102
0.000106
0.000027
-0.000000
0.000082
0.000215
0.000295
0.000279
0.000236
0.000259
0.000329
0.000317
0.000197
0.000104
0.000083
0.000034
-0.000060
-0.000096
-0.000041
0.000019
0.000065
0.000141
0.000181
0.000095
-0.000074
-0.000259
-0.000456
-0.000610
-0.000629
-0.000524
-0.000361
-0.000169
0.000032
0.000184
0.000219
0.000146
0.000053
-0.000012
-0.000063
-0.000080
-0.000031
0.000040
0.000086
0.000147
0.000253
0.000336
0.000348
0.000338
0.000333
0.000299
0.000232
0.000114
-0.000047
-0.000141
-0.000126
-0.000097
-0.000096
-0.000092
-0.000069
-0.000035
-0.000012
-0.000033
-0.000084
-0.000107
-0.000106
-0.000153
-0.000257
-0.000325
-0.000313
-0.000288
-0.000278
-0.000240
-0.000158
-0.000019
0.000171
0.000319
0.000348
0.000284
0.000182
0.000080
0.000029
0.000065
0.000160
0.000241
0.000225
0.000139
0.000124
0.000195
0.000195
0.000078
-0.000077
-0.000295
-0.000539
-0.000518
-0.000169
0.000088
0.000088
0.000202
0.000493
0.000552
0.000350
0.000229
0.000232
0.000155
-0.000143
-0.000648
-0.001046
-0.001016
-0.000733
-0.000514
-0.000295
0.000020
0.000258
0.000366
0.000516
0.000658
0.000510
0.000077
-0.000275
-0.000308
-0.000142
0.000028
0.000149
0.000271
0.000479
0.000727
0.000761
0.000473
0.000127
-0.000039
-0.000107
-0.000202
-0.000300
-0.000428
-0.000638
-0.000766
-0.000615
-0.000269
0.000069
0.000325
0.000458
0.000433
0.000309
0.000158
-0.000025
-0.000228
-0.000353
-0.000334
-0.000257
-0.000187
-0.000049
0.000121
0.000137
0.000040
0.000064
0.000190
0.000174
-0.000040
-0.000241
-0.000267
-0.000196
-0.000149
-0.000106
-0.000009
0.000137
0.000287
0.000402
0.000460
0.000456
0.000369
0.000219
0.000080
-0.000053
-0.000205
-0.000285
-0.000200
-0.000041
-0.000014
-0.000138
-0.000211
-0.000135
-0.000034
-0.000010
-0.000043
-0.000100
-0.000156
-0.000164
-0.000094
-0.000005
-0.000001
-0.000064
-0.000034
0.000124
0.000230
0.000166
0.000063
0.000082
0.000210
0.000293
0.000216
0.000060
-0.000038
-0.000088
-0.000145
-0.000182
-0.000176
-0.000177
-0.000233
-0.000281
-0.000214
-0.000085
-0.000033
-0.000030
0.000045
0.000165
0.000228
0.000214
0.000191
0.000218
0.000258
0.000231
0.000148
0.000088
0.000132
0.000248
0.000249
0.000041
-0.000218
-0.000353
-0.000388
-0.000447
-0.000524
-0.000479
-0.000316
-0.000234
-0.000268
-0.000218
-0.000030
0.000121
0.000133
0.000116
0.000202
0.000356
0.000450
0.000424
0.000326
0.000277
0.000316
0.000331
0.000273
0.000216
0.000169
0.000098
0.000029
-0.000026
-0.000102
-0.000226
-0.000343
-0.000348
-0.000267
-0.000242
-0.000300
-0.000324
-0.000263
-0.000231
-0.000293
-0.000326
-0.000243
-0.000126
-0.000045
0.000011
0.000056
0.000103
0.000182
0.000278
0.000318
0.000278
0.000222
0.000208
0.000216
0.000204
0.000188
0.000203
0.000230
0.000257
0.000297
0.000283
0.000144
-0.000052
-0.000171
-0.000183
-0.000203
-0.000297
-0.000362
-0.000311
-0.000215
-0.000156
-0.000124
-0.000100
-0.000102
-0.000139
-0.000172
-0.000133
-0.000011
0.000103
0.000128
0.000071
-0.000048
-0.000144
-0.000069
0.000124
0.000212
0.000143
0.000074
0.000097
0.000129
0.000086
0.000018
-0.000009
-0.000022
-0.000034
-0.000004
0.000001
-0.000117
-0.000215
-0.000110
0.000083
0.000188
0.000240
0.000278
0.000230
0.000113
0.000040
-0.000007
-0.000118
-0.000251
-0.000287
-0.000210
-0.000107
-0.000062
-0.000087
-0.000125
-0.000101
0.000030
0.000237
0.000393
0.000377
0.000204
0.000011
-0.000072
-0.000067
-0.000104
-0.000165
-0.000099
0.000059
0.000116
0.000076
0.000093
0.000128
0.000047
-0.000100
-0.000228
-0.000363
-0.000472
-0.000442
-0.000304
-0.000163
-0.000014
0.000140
0.000241
0.000302
0.000349
0.000315
0.000190
0.000095
0.000098
0.000117
0.000078
0.000017
-0.000011
-0.000026
-0.000036
0.000017
0.000142
0.000237
0.000172
-0.000059
-0.000284
-0.000352
-0.000323
-0.000337
-0.000392
-0.000348
-0.000153
0.000054
0.000150
0.000161
0.000175
0.000193
0.000154
0.000099
0.000135
0.000234
0.000266
0.000222
0.000200
0.000214
0.000200
0.000135
0.000016
-0.000121
-0.000201
-0.000240
-0.000319
-0.000386
-0.000344
-0.000276
-0.000278
-0.000263
-0.000155
-0.000060
-0.000046
-0.000001
0.000145
0.000241
0.000172
0.000057
0.000024
0.000047
0.000073
0.000125
0.000209
0.000257
0.000231
0.000212
0.000281
0.000369
0.000343
0.000198
0.000025
-0.000118
-0.000192
-0.000204
-0.000236
-0.000281
-0.000231
-0.000127
-0.000117
-0.000173
-0.000142
-0.000059
-0.000098
-0.000208
-0.000184
-0.000066
-0.000039
-0.000066
-0.000023
0.000028
0.000007
0.000015
0.000120
0.000226
0.000261
0.000251
0.000213
0.000158
0.000103
0.000052
0.000005
-0.000016
-0.000016
-0.000050
-0.000140
-0.000234
-0.000283
-0.000270
-0.000177
-0.000015
0.000148
0.000243
0.000276
0.000279
0.000206
0.000021
-0.000163
-0.000213
-0.000133
0.000001
0.000094
0.000042
-0.000128
