7680
0.000019
0.000047
0.000001
-0.000003
0.000083
0.000177
0.000202
0.000146
0.000041
-0.000050
-0.000066
-0.000021
0.000025
0.000037
-0.000014
-0.000111
-0.000156
-0.000090
0.000041
0.000159
0.000182
0.000082
-0.000055
-0.000121
-0.000081
0.000026
0.000051
-0.000105
-0.000261
-0.000194
0.000035
0.000172
0.000095
-0.000054
-0.000088
-0.000029
-0.000016
-0.000040
0.000006
0.000112
0.000189
0.000211
0.000197
0.000104
-0.000104
-0.000292
-0.000281
-0.000142
-0.000069
-0.000074
-0.000067
-0.000025
0.000036
0.000107
0.000171
0.000233
0.000253
0.000183
0.000079
0.000021
-0.000003
-0.000039
-0.000091
-0.000132
-0.000110
-0.000023
0.000029
-0.000031
-0.000086
-0.000022
0.000036
-0.000033
-0.000115
-0.000093
-0.000010
0.000066
0.000094
0.000054
-0.000009
-0.000052
-0.000074
-0.000055
-0.000009
-0.000008
-0.000051
-0.000068
-0.000034
0.000028
0.000091
0.000127
0.000108
0.000062
0.000049
0.000069
0.000050
0.000005
0.000055
0.000148
0.000056
-0.000188
-0.000315
-0.000263
-0.000144
-0.000001
0.000083
-0.000004
-0.000139
-0.000100
0.000078
0.000180
0.000161
0.000149
0.000166
0.000124
0.000052
0.000048
0.000067
0.000020
-0.000061
-0.000108
-0.000104
-0.000078
-0.000075
-0.000097
-0.000084
0.000003
0.000072
0.000011
-0.000108
-0.000120
-0.000040
-0.000003
-0.000021
0.000004
0.000093
0.000140
0.000086
0.000049
0.000118
0.000178
0.000112
-0.000004
-0.000078
-0.000126
-0.000146
-0.000093
-0.000016
-0.000021
-0.000094
-0.000142
-0.000133
-0.000061
0.000048
0.000109
0.000110
0.000101
0.000083
0.000059
0.000059
0.000074
0.000060
-0.000021
-0.000115
-0.000093
0.000035
0.000124
0.000101
-0.000019
-0.000141
-0.000121
0.000012
0.000059
-0.000048
-0.000156
-0.000161
-0.000123
-0.000065
0.000031
0.000080
0.000027
-0.000006
0.000075
0.000155
0.000080
-0.000022
0.000074
0.000246
0.000257
0.000159
0.000076
-0.000013
-0.000113
-0.000162
-0.000168
-0.000170
-0.000169
-0.000169
-0.000154
-0.000071
0.000037
0.000067
0.000049
0.000073
0.000130
0.000146
0.000073
-0.000064
-0.000154
-0.000125
-0.000051
-0.000035
-0.000048
-0.000001
0.000086
0.000119
0.000117
0.000152
0.000161
0.000047
-0.000107
-0.000132
-0.000021
0.000065
0.000046
-0.000002
-0.000028
-0.000053
-0.000063
-0.000016
0.000047
0.000063
0.000052
0.000053
0.000033
-0.000057
-0.000170
-0.000197
-0.000130
-0.000071
-0.000073
-0.000062
0.000016
0.000101
0.000109
0.000066
0.000062
0.000122
0.000197
0.000226
0.000168
0.000016
-0.000167
-0.000241
-0.000150
-0.000039
-0.000049
-0.000083
-0.000018
0.000087
0.000138
0.000094
-0.000047
-0.000201
-0.000223
-0.000094
0.000027
0.000026
-0.000022
-0.000006
0.000073
0.000162
0.000205
0.000144
0.000026
-0.000032
0.000001
0.000063
0.000089
0.000048
-0.000032
-0.000063
0.000002
0.000075
0.000043
-0.000096
-0.000208
-0.000194
-0.000131
-0.000127
-0.000149
-0.000131
-0.000064
0.000033
0.000101
0.000104
0.000086
0.000110
0.000158
0.000145
0.000073
0.000042
0.000071
0.000076
0.000045
0.000035
0.000009
-0.000062
-0.000083
-0.000023
0.000010
-0.000027
-0.000081
-0.000131
-0.000145
-0.000084
-0.000005
0.000006
-0.000027
-0.000027
0.000005
0.000000
-0.000043
-0.000051
0.000024
0.000125
0.000143
0.000057
-0.000012
0.000039
0.000113
0.000041
-0.000131
-0.000200
-0.000095
0.000069
0.000167
0.000165
0.000103
0.000040
-0.000007
-0.000032
-0.000031
-0.000020
0.000003
0.000066
0.000126
0.000081
-0.000035
-0.000080
-0.000062
-0.000101
-0.000181
-0.000175
-0.000068
0.000004
-0.000023
-0.000073
-0.000081
-0.000046
-0.000009
-0.000015
-0.000006
0.000074
0.000131
0.000104
0.000104
0.000168
0.000178
0.000108
0.000062
0.000047
-0.000018
-0.000119
-0.000183
-0.000177
-0.000106
-0.000023
0.000011
-0.000005
-0.000051
-0.000108
-0.000123
-0.000047
0.000060
0.000103
0.000116
0.000190
0.000272
0.000229
0.000080
-0.000042
-0.000098
-0.000106
-0.000086
-0.000089
-0.000111
-0.000078
0.000001
0.000012
-0.000089
-0.000178
-0.000142
-0.000038
0.000019
0.000022
0.000016
0.000019
0.000013
-0.000013
-0.000012
0.000033
0.000063
0.000067
0.000078
0.000074
0.000028
-0.000011
0.000009
0.000039
0.000036
0.000037
0.000054
0.000040
-0.000025
-0.000088
-0.000118
-0.000098
-0.000019
0.000044
0.000068
0.000125
0.000171
0.000111
-0.000000
-0.000061
-0.000066
-0.000062
-0.000072
-0.000081
-0.000058
0.000014
0.000096
0.000115
0.000068
0.000026
0.000020
0.000008
-0.000031
-0.000071
-0.000106
-0.000122
-0.000110
-0.000116
-0.000137
-0.000083
0.000026
0.000071
0.000063
0.000119
0.000228
0.000272
0.000175
-0.000018
-0.000165
-0.000188
-0.000147
-0.000104
-0.000062
-0.000023
0.000044
0.000189
0.000318
0.000267
0.000073
-0.000081
-0.000116
-0.000091
-0.000075
-0.000096
-0.000128
-0.000122
-0.000083
-0.000062
-0.000065
-0.000038
0.000030
0.000088
0.000122
0.000161
0.000210
0.000236
0.000199
0.000088
-0.000060
-0.000170
-0.000207
-0.000212
-0.000234
-0.000218
-0.000104
-0.000001
-0.000013
-0.000055
-0.000027
0.000043
0.000107
0.000141
0.000139
0.000104
0.000011
-0.000117
-0.000201
-0.000175
-0.000021
0.000128
0.000078
-0.000076
-0.000047
0.000137
0.000205
0.000109
0.000017
0.000016
0.000049
0.000066
0.000068
0.000023
-0.000079
-0.000146
-0.000142
-0.000164
-0.000240
-0.000254
-0.000157
-0.000044
-0.000028
-0.000069
-0.000050
0.000020
0.000053
0.000059
0.000054
-0.000026
-0.000141
-0.000157
-0.000071
0.000033
0.000138
0.000223
0.000242
0.000224
0.000202
0.000179
0.000164
0.000139
0.000120
0.000189
0.000301
0.000328
0.000287
0.000246
0.000193
0.000140
0.000087
-0.000026
-0.000149
-0.000162
-0.000094
-0.000062
-0.000113
-0.000204
-0.000248
-0.000224
-0.000192
-0.000153
-0.000107
-0.000116
-0.000166
-0.000166
-0.000124
-0.000125
-0.000190
-0.000272
-0.000282
-0.000179
-0.000081
-0.000075
-0.000050
0.000064
0.000169
0.000200
0.000205
0.000221
0.000198
0.000115
0.000061
0.000110
0.000204
0.000233
0.000183
0.000122
0.000083
0.000071
0.000056
-0.000028
-0.000149
-0.000187
-0.000153
-0.000164
-0.000220
-0.000229
-0.000172
-0.000080
0.000001
0.000013
-0.000022
-0.000004
0.000081
0.000133
0.000085
-0.000025
-0.000140
-0.000240
-0.000258
-0.000121
0.000069
0.000115
0.000037
0.000047
0.000187
0.000288
0.000279
0.000223
0.000137
0.000026
-0.000067
-0.000127
-0.000158
-0.000133
-0.000072
-0.000063
-0.000089
-0.000045
0.000053
0.000101
0.000105
0.000090
-0.000104
-0.000658
-0.001357
-0.001636
-0.001175
-0.000284
0.000443
0.000729
0.000681
0.000512
0.000504
0.000844
0.001256
0.001251
0.000821
0.000399
0.000189
0.000082
0.000023
-0.000016
-0.000095
-0.000059
0.000274
0.000688
0.000822
0.000692
0.000562
0.000503
0.000393
0.000132
-0.000283
-0.000756
-0.001154
-0.001391
-0.001415
-0.001256
-0.001099
-0.001064
-0.001019
-0.000850
-0.000658
-0.000524
-0.000423
-0.000327
-0.000164
0.000166
0.000549
0.000715
0.000629
0.000544
0.000616
0.000753
0.000880
0.000994
0.000988
0.000767
0.000466
0.000315
0.000338
0.000378
0.000322
0.000178
0.000032
-0.000013
0.000021
0.000004
-0.000111
-0.000258
-0.000411
-0.000599
-0.000768
-0.000873
-0.000968
-0.001032
-0.000956
-0.000733
-0.000467
-0.000236
-0.000035
0.000124
0.000143
0.000074
0.000115
0.000262
0.000334
0.000275
0.000164
0.000120
0.000198
0.000307
0.000361
0.000432
0.000588
0.000732
0.000751
0.000692
0.000620
0.000467
0.000198
-0.000042
-0.000132
-0.000142
-0.000171
-0.000190
-0.000170
-0.000156
-0.000159
-0.000146
-0.000131
-0.000142
-0.000194
-0.000300
-0.000398
-0.000421
-0.000388
-0.000309
-0.000198
-0.000104
-0.000049
-0.000078
-0.000336
-0.000954
-0.001708
-0.001993
-0.001557
-0.000948
-0.000702
-0.000527
0.000149
0.001157
0.001826
0.001941
0.001755
0.001464
0.001283
0.001430
0.001624
0.001223
0.000231
-0.000506
-0.000426
0.000105
0.000514
0.000699
0.000790
0.000846
0.000970
0.001153
0.001023
0.000323
-0.000553
-0.001023
-0.001052
-0.001038
-0.001271
-0.001721
-0.002141
-0.002223
-0.001849
-0.001347
-0.001205
-0.001355
-0.001264
-0.000787
-0.000281
0.000069
0.000366
0.000599
0.000734
0.000948
0.001277
0.001394
0.001142
0.000886
0.000931
0.001075
0.001068
0.000942
0.000730
0.000411
0.000142
0.000091
0.000111
0.000031
-0.000055
-0.000095
-0.000144
-0.000053
0.000203
0.000188
-0.000322
-0.000851
-0.000969
-0.000866
-0.000792
-0.000693
-0.000624
-0.000713
-0.000736
-0.000467
-0.000109
0.000125
0.000332
0.000553
0.000622
0.000519
0.000398
0.000250
-0.000008
-0.000234
-0.000267
-0.000204
-0.000180
-0.000156
-0.000069
0.000046
0.000151
0.000257
0.000379
0.000506
0.000592
0.000592
0.000531
0.000443
0.000301
0.000129
0.000003
-0.000071
-0.000143
-0.000224
-0.000313
-0.000368
-0.000280
-0.000053
0.000141
0.000210
0.000225
0.000251
0.000263
0.000191
-0.000031
-0.000371
-0.000642
-0.000689
-0.000592
-0.000516
-0.000473
-0.000369
-0.000259
-0.000286
-0.000381
-0.000355
-0.000225
-0.000190
-0.000424
-0.000979
-0.001563
-0.001646
-0.001181
-0.000694
-0.000313
0.000452
0.001564
0.002197
0.002066
0.001807
0.001724
0.001530
0.001354
0.001448
0.001271
0.000388
-0.000469
-0.000549
-0.000199
0.000069
0.000317
0.000586
0.000736
0.000876
0.001094
0.001064
0.000545
-0.000187
-0.000714
-0.000946
-0.001111
-0.001438
-0.001847
-0.002048
-0.001930
-0.001648
-0.001369
-0.001198
-0.001182
-0.001131
-0.000810
-0.000394
-0.000216
-0.000202
-0.000041
0.000293
0.000619
0.000896
0.001127
0.001230
0.001216
0.001182
0.001121
0.000987
0.000812
0.000611
0.000409
0.000386
0.000656
0.000868
0.000604
0.000099
-0.000098
0.000048
0.000198
0.000181
-0.000026
-0.000403
-0.000741
-0.000840
-0.000848
-0.000952
-0.000988
-0.000794
-0.000513
-0.000272
-0.000091
-0.000088
-0.000276
-0.000331
-0.000059
0.000208
0.000125
-0.000181
-0.000415
-0.000472
-0.000386
-0.000215
-0.000020
0.000142
0.000320
0.000582
0.000813
0.000830
0.000663
0.000480
0.000362
0.000305
0.000334
0.000434
0.000450
0.000310
0.000172
0.000159
0.000194
0.000190
0.000129
0.000020
-0.000075
-0.000090
-0.000060
-0.000075
-0.000192
-0.000372
-0.000489
-0.000450
-0.000316
-0.000232
-0.000269
-0.000415
-0.000605
-0.000708
-0.000653
-0.000556
-0.000524
-0.000449
-0.000210
0.000058
0.000192
0.000260
0.000249
-0.000091
-0.000828
-0.001563
-0.001720
-0.001163
-0.000432
-0.000088
0.000018
0.000438
0.001296
0.002136
0.002426
0.002080
0.001482
0.001058
0.000975
0.001062
0.000867
0.000157
-0.000587
-0.000640
0.000042
0.000775
0.001047
0.000978
0.000890
0.000925
0.001025
0.000930
0.000385
-0.000517
-0.001326
-0.001684
-0.001718
-0.001797
-0.002028
-0.002221
-0.002146
-0.001720
-0.001127
-0.000732
-0.000705
-0.000786
-0.000672
-0.000409
-0.000160
0.000011
0.000084
0.000196
0.000527
0.000929
0.001094
0.001024
0.000953
0.001007
0.001199
0.001452
0.001525
0.001279
0.000948
0.000786
0.000670
0.000434
0.000207
0.000118
0.000106
0.000107
0.000080
-0.000093
-0.000427
-0.000718
-0.000845
-0.000930
-0.001024
-0.000997
-0.000851
-0.000787
-0.000853
-0.000873
-0.000766
-0.000643
-0.000583
-0.000524
-0.000388
-0.000197
-0.000050
0.000015
0.000114
0.000331
0.000538
0.000616
0.000671
0.000819
0.000956
0.000946
0.000813
0.000668
0.000611
0.000614
0.000494
0.000253
0.000154
0.000210
0.000144
-0.000035
-0.000065
0.000018
-0.000051
-0.000258
-0.000319
-0.000197
-0.000159
-0.000302
-0.000448
-0.000445
-0.000332
-0.000255
-0.000285
-0.000353
-0.000372
-0.000318
-0.000246
-0.000237
-0.000265
-0.000265
-0.000262
-0.000249
-0.000160
-0.000010
0.000100
0.000114
0.000057
0.000038
0.000145
0.000198
-0.000185
-0.001005
-0.001646
-0.001550
-0.000921
-0.000401
-0.000247
-0.000167
0.000192
0.000940
0.001856
0.002347
0.001992
0.001237
0.000870
0.000992
0.001109
0.000831
0.000174
-0.000421
-0.000396
0.000316
0.001103
0.001334
0.001019
0.000654
0.000625
0.000822
0.000743
0.000089
-0.000817
-0.001411
-0.001541
-0.001524
-0.001659
-0.001916
-0.002048
-0.001865
-0.001437
-0.001080
-0.001013
-0.001100
-0.001116
-0.000987
-0.000680
-0.000231
0.000169
0.000383
0.000468
0.000592
0.000939
0.001529
0.002021
0.002022
0.001589
0.001117
0.000882
0.000910
0.001041
0.000989
0.000575
-0.000010
-0.000294
-0.000059
0.000325
0.000349
0.000016
-0.000288
-0.000366
-0.000312
-0.000314
-0.000554
-0.001024
-0.001407
-0.001389
-0.001084
-0.000889
-0.000936
-0.000986
-0.000829
-0.000486
-0.000097
0.000172
0.000207
0.000080
0.000027
0.000178
0.000367
0.000387
0.000303
0.000295
0.000395
0.000548
0.000724
0.000847
0.000838
0.000742
0.000680
0.000654
0.000606
0.000551
0.000473
0.000313
0.000136
0.000036
-0.000035
-0.000137
-0.000244
-0.000338
-0.000446
-0.000540
-0.000526
-0.000384
-0.000261
-0.000296
-0.000422
-0.000483
-0.000429
-0.000322
-0.000262
-0.000285
-0.000295
-0.000223
-0.000142
-0.000131
-0.000177
-0.000230
-0.000259
-0.000232
-0.000103
0.000073
0.000146
0.000072
-0.000140
-0.000577
-0.001215
-0.001702
-0.001502
-0.000349
0.001207
0.001962
0.001321
0.000142
-0.000226
0.000526
0.001585
0.002024
0.001432
0.000184
-0.000620
-0.000214
0.000733
0.000948
0.000383
0.000092
0.000536
0.001273
0.001800
0.001696
0.000824
-0.000089
-0.000144
0.000332
0.000201
-0.000752
-0.001676
-0.001990
-0.001788
-0.001390
-0.001176
-0.001398
-0.001812
-0.001869
-0.001403
-0.000829
-0.000598
-0.000711
-0.000796
-0.000535
-0.000015
0.000406
0.000530
0.000466
0.000567
0.001065
0.001593
0.001589
0.001161
0.000919
0.001107
0.001394
0.001410
0.001097
0.000584
0.000129
0.000041
0.000262
0.000356
0.000127
-0.000158
-0.000242
-0.000244
-0.000418
-0.000772
-0.001107
-0.001235
-0.001097
-0.000872
-0.000808
-0.000867
-0.000802
-0.000578
-0.000383
-0.000295
-0.000260
-0.000260
-0.000258
-0.000130
0.000104
0.000233
0.000222
0.000277
0.000470
0.000680
0.000821
0.000820
0.000653
0.000503
0.000547
0.000671
0.000631
0.000411
0.000249
0.000266
0.000324
0.000256
0.000015
-0.000294
-0.000395
-0.000164
0.000084
0.000022
-0.000199
-0.000254
-0.000139
-0.000055
-0.000084
-0.000163
-0.000231
-0.000271
-0.000255
-0.000221
-0.000284
-0.000415
-0.000411
-0.000250
-0.000178
-0.000303
-0.000451
-0.000460
-0.000306
-0.000036
0.000179
0.000195
0.000109
0.000063
0.000056
0.000027
-0.000165
-0.000666
-0.001248
-0.001382
-0.000890
-0.000240
0.000021
-0.000110
-0.000219
0.000079
0.000899
0.001837
0.002092
0.001437
0.000665
0.000520
0.000831
0.001040
0.000828
0.000231
-0.000287
-0.000159
0.000562
0.001162
0.001151
0.000765
0.000530
0.000675
0.000983
0.000960
0.000283
-0.000759
-0.001474
-0.001560
-0.001398
-0.001460
-0.001784
-0.002048
-0.001933
-0.001439
-0.000885
-0.000609
-0.000689
-0.000880
-0.000867
-0.000572
-0.000164
0.000105
0.000118
0.000068
0.000276
0.000776
0.001262
0.001486
0.001481
0.001328
0.001097
0.000972
0.001030
0.001061
0.000899
0.000621
0.000340
0.000150
0.000158
0.000267
0.000206
-0.000056
-0.000276
-0.000312
-0.000248
-0.000270
-0.000506
-0.000894
-0.001210
-0.001249
-0.001031
-0.000813
-0.000800
-0.000891
-0.000830
-0.000564
-0.000266
-0.000084
-0.000051
-0.000076
-0.000016
0.000128
0.000248
0.000298
0.000316
0.000364
0.000464
0.000600
0.000762
0.000898
0.000906
0.000804
0.000702
0.000602
0.000437
0.000258
0.000157
0.000115
0.000079
0.000049
0.000016
-0.000057
-0.000179
-0.000257
-0.000184
-0.000073
-0.000114
-0.000230
-0.000258
-0.000235
-0.000245
-0.000284
-0.000333
-0.000408
-0.000494
-0.000494
-0.000358
-0.000170
-0.000062
-0.000126
-0.000303
-0.000367
-0.000173
0.000130
0.000250
0.000098
-0.000102
-0.000133
-0.000159
-0.000522
-0.001136
-0.001443
-0.001129
-0.000560
-0.000293
-0.000381
-0.000399
0.000013
0.000804
0.001530
0.001685
0.001315
0.001020
0.001091
0.001223
0.001168
0.000944
0.000567
0.000233
0.000328
0.000826
0.001205
0.001171
0.000946
0.000816
0.000810
0.000778
0.000536
0.000027
-0.000599
-0.001101
-0.001350
-0.001412
-0.001495
-0.001717
-0.001924
-0.001897
-0.001672
-0.001462
-0.001385
-0.001407
-0.001391
-0.001172
-0.000779
-0.000468
-0.000336
-0.000169
0.000235
0.000781
0.001220
0.001444
0.001515
0.001522
0.001520
0.001523
0.001474
0.001305
0.001063
0.000853
0.000691
0.000554
0.000483
0.000436
0.000284
0.000075
-0.000033
-0.000092
-0.000281
-0.000569
-0.000802
-0.000977
-0.001113
-0.001092
-0.000949
-0.000903
-0.000972
-0.000972
-0.000833
-0.000617
-0.000349
-0.000057
0.000088
-0.000048
-0.000258
-0.000247
-0.000066
0.000100
0.000245
0.000356
0.000410
0.000544
0.000791
0.000918
0.000815
0.000679
0.000652
0.000676
0.000559
0.000042
-0.000496
-0.000138
0.000792
0.000963
0.000369
0.000067
0.000197
0.000162
-0.000119
-0.000261
-0.000164
-0.000088
-0.000153
-0.000232
-0.000260
-0.000294
-0.000343
-0.000360
-0.000306
-0.000194
-0.000142
-0.000234
-0.000384
-0.000426
-0.000296
-0.000149
-0.000214
-0.000436
-0.000569
-0.000605
-0.000617
-0.000557
-0.000561
-0.000797
-0.001022
-0.000999
-0.001033
-0.001447
-0.002064
-0.002508
-0.002521
-0.002029
-0.001214
-0.000392
0.000384
0.001450
0.003094
0.005103
0.006862
0.007760
0.007682
0.007160
0.006670
0.005979
0.004518
0.002126
-0.000706
-0.003162
-0.004700
-0.005451
-0.005974
-0.006600
-0.007059
-0.006802
-0.005628
-0.003949
-0.002439
-0.001471
-0.000855
-0.000131
0.000801
0.001542
0.001646
0.001038
0.000132
-0.000445
-0.000493
-0.000411
-0.000579
-0.000866
-0.000812
-0.000105
0.001112
0.002340
0.003178
0.003660
0.004007
0.004251
0.004262
0.003904
0.003082
0.001920
0.000798
0.000014
-0.000488
-0.000894
-0.001205
-0.001301
-0.001163
-0.000909
-0.000727
-0.000765
-0.001020
-0.001369
-0.001813
-0.002549
-0.003582
-0.004476
-0.004810
-0.004625
-0.004177
-0.003476
-0.002315
-0.000708
0.000968
0.002359
0.003387
0.004070
0.004395
0.004356
0.003937
0.003187
0.002284
0.001387
0.000628
0.000181
0.000085
0.000186
0.000376
0.000677
0.001061
0.001401
0.001569
0.001462
0.001007
0.000260
-0.000608
-0.001463
-0.002265
-0.002975
-0.003479
-0.003669
-0.003544
-0.003148
-0.002488
-0.001669
-0.000920
-0.000367
0.000057
0.000428
0.000718
0.000877
0.000928
0.000942
0.000966
0.001029
0.001149
0.001311
0.001471
0.001629
0.001838
0.002070
0.002189
0.002141
0.002053
0.002013
0.001833
0.001246
0.000315
-0.000587
-0.001208
-0.001715
-0.002422
-0.003221
-0.003710
-0.004030
-0.004837
-0.006160
-0.007193
-0.007539
-0.007591
-0.007326
-0.005859
-0.002767
0.001116
0.004841
0.008495
0.012405
0.015856
0.017608
0.017360
0.015787
0.013302
0.009639
0.004800
-0.000429
-0.005193
-0.009064
-0.011699
-0.012849
-0.012746
-0.011764
-0.009957
-0.007478
-0.004959
-0.002956
-0.001550
-0.000728
-0.000629
-0.001174
-0.001877
-0.002286
-0.002396
-0.002281
-0.001646
-0.000224
0.001754
0.003837
0.005693
0.007111
0.008013
0.008331
0.007859
0.006517
0.004619
0.002587
0.000583
-0.001273
-0.002638
-0.003282
-0.003345
-0.002963
-0.002032
-0.000661
0.000607
0.001324
0.001492
0.001231
0.000512
-0.000642
-0.001966
-0.003092
-0.003781
-0.003945
-0.003628
-0.003057
-0.002436
-0.001743
-0.001022
-0.000527
-0.000352
-0.000326
-0.000371
-0.000536
-0.000708
-0.000667
-0.000329
0.000295
0.001198
0.002310
0.003469
0.004513
0.005335
0.005808
0.005768
0.005156
0.004046
0.002593
0.001067
-0.000302
-0.001477
-0.002452
-0.003133
-0.003432
-0.003347
-0.002988
-0.002538
-0.002148
-0.001920
-0.001942
-0.002213
-0.002574
-0.002861
-0.003073
-0.003240
-0.003163
-0.002549
-0.001425
-0.000160
0.001001
0.002112
0.003192
0.004071
0.004589
0.004740
0.004623
0.004366
0.003945
0.003206
0.002227
0.001321
0.000597
-0.000098
-0.000776
-0.001193
-0.001255
-0.001250
-0.001433
-0.001636
-0.001707
-0.001931
-0.002496
-0.003036
-0.003163
-0.003010
-0.002875
-0.002805
-0.002960
-0.003819
-0.005328
-0.006594
-0.007248
-0.007867
-0.008099
-0.006092
-0.001183
0.004704
0.009802
0.014498
0.019191
0.022488
0.023057
0.021342
0.018224
0.013541
0.006975
-0.000613
-0.007592
-0.012871
-0.016211
-0.017636
-0.017249
-0.015401
-0.012563
-0.009278
-0.006240
-0.004034
-0.002809
-0.002499
-0.003044
-0.003997
-0.004484
-0.004007
-0.002743
-0.000907
0.001600
0.004838
0.008412
0.011468
0.013143
0.013077
0.011592
0.009297
0.006467
0.003084
-0.000472
-0.003313
-0.004879
-0.005297
-0.004723
-0.003198
-0.001208
0.000442
0.001403
0.001842
0.001762
0.000728
-0.001410
-0.003835
-0.005473
-0.006129
-0.006227
-0.005746
-0.004330
-0.002139
0.000240
0.002395
0.004037
0.004763
0.004344
0.003041
0.001374
-0.000346
-0.001978
-0.003224
-0.003772
-0.003580
-0.002705
-0.001152
0.000910
0.003029
0.004698
0.005632
0.005857
0.005522
0.004656
0.003305
0.001801
0.000510
-0.000456
-0.001082
-0.001328
-0.001256
-0.001098
-0.001106
-0.001314
-0.001629
-0.002145
-0.002983
-0.003950
-0.004691
-0.005039
-0.004993
-0.004515
-0.003561
-0.002231
-0.000738
0.000727
0.002045
0.003128
0.003876
0.004201
0.004123
0.003804
0.003365
0.002815
0.002263
0.001919
0.001834
0.001904
0.002056
0.002180
0.002113
0.001747
0.000998
-0.000176
-0.001646
-0.003099
-0.004184
-0.004720
-0.004717
-0.004221
-0.003314
-0.002204
-0.001229
-0.000650
-0.000334
0.000031
0.000365
0.000338
-0.000070
-0.000828
-0.002461
-0.005240
-0.008049
-0.009730
-0.010592
-0.010354
-0.006844
0.000365
0.008073
0.013865
0.018730
0.023294
0.025611
0.024338
0.020562
0.015536
0.009216
0.001667
-0.005783
-0.011516
-0.014990
-0.016547
-0.016459
-0.014941
-0.012593
-0.010108
-0.008023
-0.006898
-0.006909
-0.007467
-0.007950
-0.008183
-0.007832
-0.006258
-0.003241
0.000776
0.005137
0.009263
0.012708
0.015153
0.016143
0.015176
0.012440
0.008913
0.005382
0.002000
-0.001009
-0.002986
-0.003518
-0.002961
-0.002008
-0.000983
0.000035
0.000592
0.000018
-0.001688
-0.003711
-0.005258
-0.006290
-0.007186
-0.007750
-0.007189
-0.005235
-0.002571
0.000019
0.002263
0.003994
0.004779
0.004403
0.003258
0.001900
0.000590
-0.000541
-0.001209
-0.001155
-0.000432
0.000655
0.001728
0.002416
0.002595
0.002490
0.002238
0.001626
0.000542
-0.000638
-0.001368
-0.001445
-0.001072
-0.000463
0.000412
0.001521
0.002456
0.002736
0.002286
0.001347
0.000113
-0.001297
-0.002632
-0.003569
-0.003947
-0.003850
-0.003443
-0.002781
-0.001900
-0.001019
-0.000445
-0.000284
-0.000369
-0.000495
-0.000606
-0.000669
-0.000507
0.000061
0.001016
0.002129
0.003144
0.003957
0.004533
0.004740
0.004443
0.003665
0.002570
0.001376
0.000311
-0.000471
-0.000999
-0.001367
-0.001519
-0.001384
-0.001168
-0.001186
-0.001476
-0.001878
-0.002318
-0.002854
-0.003498
-0.003998
-0.003935
-0.003209
-0.002133
-0.000940
0.000372
0.001420
0.001064
-0.001589
-0.005915
-0.010400
-0.013709
-0.013916
-0.009292
-0.001515
0.005826
0.012429
0.019937
0.026601
0.029190
0.027982
0.024773
0.019184
0.010792
0.001588
-0.006214
-0.012111
-0.016144
-0.017965
-0.017491
-0.015368
-0.012480
-0.009618
-0.007784
-0.007777
-0.009119
-0.010638
-0.011947
-0.012789
-0.012071
-0.009171
-0.004759
0.000519
0.006493
0.012384
0.016881
0.019233
0.019333
0.017320
0.013771
0.009621
0.005555
0.002085
-0.000201
-0.001096
-0.000983
-0.000289
0.000789
0.001777
0.001774
0.000235
-0.002429
-0.005378
-0.008102
-0.010376
-0.011894
-0.012190
-0.010960
-0.008434
-0.005260
-0.002103
0.000749
0.003291
0.005134
0.005560
0.004678
0.003571
0.002752
0.001748
0.000726
0.000877
0.002494
0.004302
0.005254
0.005508
0.005394
0.004637
0.002903
0.000446
-0.002042
-0.003970
-0.005126
-0.005515
-0.005096
-0.003792
-0.001814
0.000213
0.001701
0.002508
0.002691
0.002151
0.000921
-0.000538
-0.001701
-0.002366
-0.002514
-0.002145
-0.001356
-0.000335
0.000652
0.001269
0.001280
0.000734
-0.000174
-0.001314
-0.002495
-0.003286
-0.003284
-0.002464
-0.001088
0.000598
0.002361
0.003838
0.004719
0.004942
0.004513
0.003464
0.002040
0.000580
-0.000635
-0.001222
-0.000949
-0.000201
0.000508
0.001216
0.001882
0.001897
0.001036
-0.000150
-0.001355
-0.002780
-0.004191
-0.004938
-0.004907
-0.004555
-0.004068
-0.003088
-0.001364
0.000698
0.002359
0.002776
0.000802
-0.004186
-0.011024
-0.016982
-0.018834
-0.014641
-0.006228
0.002196
0.009492
0.017852
0.026771
0.032317
0.032903
0.030105
0.024443
0.015560
0.005281
-0.003510
-0.009793
-0.014150
-0.016831
-0.017292
-0.015351
-0.012091
-0.009276
-0.008235
-0.009240
-0.011502
-0.013882
-0.015821
-0.017103
-0.016930
-0.014384
-0.009581
-0.003340
0.003750
0.010973
0.017011
0.020581
0.021211
0.019471
0.016478
0.012987
0.009220
0.005678
0.003353
0.002738
0.003376
0.004420
0.005119
0.005045
0.003942
0.001386
-0.002691
-0.007353
-0.011450
-0.014554
-0.016521
-0.016898
-0.015345
-0.012217
-0.008284
-0.004205
-0.000620
0.001800
0.002919
0.003251
0.003027
0.002088
0.001025
0.001036
0.002290
0.003943
0.005822
0.008384
0.011123
0.012618
0.012182
0.010288
0.007468
0.003853
-0.000284
-0.004324
-0.007583
-0.009479
-0.009765
-0.008697
-0.006709
-0.004229
-0.001966
-0.000628
-0.000163
-0.000080
-0.000370
-0.001218
-0.002208
-0.002643
-0.002258
-0.001153
0.000468
0.002224
0.003625
0.004396
0.004521
0.003964
0.002729
0.001115
-0.000531
-0.002004
-0.002958
-0.002986
-0.002134
-0.000767
0.000830
0.002297
0.003193
0.003351
0.002823
0.001635
-0.000035
-0.001742
-0.002998
-0.003484
-0.003091
-0.001921
-0.000276
0.001424
0.002886
0.003995
0.004481
0.003908
0.002285
0.000233
-0.001693
-0.003364
-0.004654
-0.005183
-0.004603
-0.002988
-0.000965
0.000707
0.001824
0.002608
0.002882
0.002139
0.000004
-0.004180
-0.011044
-0.018991
-0.023248
-0.019587
-0.009788
-0.000221
0.006699
0.014602
0.024571
0.031590
0.032527
0.029908
0.025409
0.017576
0.007380
-0.001116
-0.006115
-0.009153
-0.011581
-0.012929
-0.012144
-0.009400
-0.006689
-0.006372
-0.009022
-0.013028
-0.016446
-0.018749
-0.020219
-0.020235
-0.017703
-0.012778
-0.006494
0.000611
0.007961
0.014081
0.017595
0.018298
0.016969
0.014763
0.012483
0.010251
0.008141
0.006861
0.007167
0.008749
0.010372
0.011035
0.010461
0.008498
0.004763
-0.000632
-0.006519
-0.011571
-0.015388
-0.018050
-0.019160
-0.018100
-0.015066
-0.011195
-0.007622
-0.004822
-0.002820
-0.001582
-0.001056
-0.001070
-0.001236
-0.000981
0.000068
0.001862
0.004377
0.007703
0.011220
0.013814
0.015264
0.015993
0.015592
0.013167
0.008972
0.004367
0.000308
-0.003153
-0.006022
-0.007934
-0.008687
-0.008505
-0.007732
-0.006742
-0.005965
-0.005632
-0.005689
-0.005924
-0.005971
-0.005524
-0.004682
-0.003650
-0.002218
-0.000105
0.002372
0.004490
0.005818
0.006371
0.006294
0.005681
0.004637
0.003326
0.001993
0.000981
0.000605
0.000867
0.001452
0.002052
0.002419
0.002310
0.001749
0.000941
-0.000196
-0.001833
-0.003691
-0.005186
-0.005919
-0.005733
-0.004660
-0.003074
-0.001494
-0.000051
0.001391
0.002605
0.003096
0.002798
0.002086
0.001203
0.000301
-0.000211
-0.000136
0.000070
0.000081
0.000225
0.000740
0.001327
0.001675
0.001691
0.001223
0.000258
-0.001077
-0.003470
-0.008310
-0.015300
-0.020827
-0.020327
-0.013368
-0.004862
0.001475
0.007950
0.016910
0.024827
0.027816
0.027356
0.025445
0.020464
0.012140
0.004240
-0.000677
-0.003889
-0.006894
-0.009224
-0.009806
-0.008379
-0.006031
-0.004917
-0.006528
-0.010030
-0.013357
-0.015794
-0.017887
-0.019171
-0.018268
-0.015160
-0.010994
-0.005948
0.000230
0.006325
0.010626
0.012684
0.012943
0.012143
0.011231
0.010542
0.009597
0.008558
0.008630
0.010188
0.011959
0.012763
0.012663
0.011729
0.009214
0.004843
-0.000299
-0.005066
-0.009348
-0.013117
-0.015637
-0.016306
-0.015336
-0.013426
-0.011287
-0.009356
-0.007778
-0.006619
-0.005937
-0.005684
-0.005493
-0.004621
-0.002634
0.000032
0.002870
0.006030
0.009543
0.012802
0.015300
0.016768
0.016619
0.014499
0.011164
0.007745
0.004528
0.001269
-0.001830
-0.004112
-0.005171
-0.005149
-0.004570
-0.004160
-0.004416
-0.005225
-0.006211
-0.007220
-0.008178
-0.008883
-0.009142
-0.008762
-0.007410
-0.004954
-0.001964
0.000739
0.002886
0.004604
0.005890
0.006620
0.006711
0.006162
0.005176
0.004247
0.003848
0.003971
0.004239
0.004366
0.004292
0.004060
0.003643
0.002798
0.001221
-0.000955
-0.003165
-0.005077
-0.006662
-0.007630
-0.007615
-0.006793
-0.005588
-0.004096
-0.002360
-0.000763
0.000345
0.001053
0.001538
0.001727
0.001594
0.001380
0.001327
0.001460
0.001682
0.001952
0.002297
0.002690
0.003022
0.003163
0.002979
0.002421
0.001770
0.001423
0.000977
-0.001108
-0.005981
-0.012669
-0.018301
-0.019683
-0.015623
-0.008911
-0.003403
0.001527
0.009032
0.017778
0.023127
0.024196
0.023336
0.020502
0.014394
0.007036
0.001800
-0.001265
-0.004257
-0.007251
-0.008261
-0.006601
-0.003955
-0.002437
-0.003151
-0.005800
-0.008899
-0.011411
-0.013706
-0.015886
-0.016822
-0.015914
-0.013709
-0.010214
-0.004985
0.000918
0.005467
0.007976
0.009180
0.009732
0.009749
0.009200
0.008144
0.007111
0.007160
0.008704
0.010784
0.012246
0.012842
0.012612
0.011192
0.008374
0.004616
0.000480
-0.003874
-0.008136
-0.011457
-0.013131
-0.013230
-0.012372
-0.011209
-0.010044
-0.008822
-0.007638
-0.006856
-0.006519
-0.006429
-0.006621
-0.006695
-0.005502
-0.002554
0.001293
0.005080
0.008622
0.011979
0.014837
0.016504
0.016296
0.014165
0.010984
0.007806
0.004945
0.002297
0.000122
-0.001238
-0.002025
-0.002691
-0.003185
-0.003449
-0.004109
-0.005642
-0.007536
-0.009074
-0.010047
-0.010420
-0.010139
-0.009241
-0.007624
-0.005107
-0.002013
0.000865
0.003005
0.004416
0.005225
0.005448
0.005227
0.004910
0.004651
0.004439
0.004530
0.005161
0.006065
0.006753
0.006865
0.006148
0.004604
0.002606
0.000456
-0.001921
-0.004398
-0.006339
-0.007338
-0.007591
-0.007309
-0.006469
-0.005213
-0.003895
-0.002694
-0.001644
-0.000924
-0.000642
-0.000564
-0.000450
-0.000184
0.000440
0.001435
0.002453
0.003351
0.004307
0.005126
0.005261
0.004713
0.004003
0.003210
0.002050
0.000758
-0.000155
-0.000700
-0.001039
-0.000971
-0.000675
-0.001124
-0.003127
-0.006966
-0.012290
-0.016442
-0.015487
-0.009955
-0.005108
-0.002496
0.002069
0.009881
0.016654
0.019786
0.020634
0.019627
0.015758
0.010130
0.005244
0.001713
-0.001547
-0.004733
-0.006660
-0.006401
-0.004226
-0.001614
-0.000838
-0.002835
-0.005746
-0.007728
-0.009595
-0.012307
-0.014596
-0.015238
-0.014544
-0.012407
-0.008218
-0.002952
0.001618
0.005015
0.007463
0.008751
0.008855
0.008215
0.006974
0.005305
0.004389
0.005310
0.007269
0.008815
0.010026
0.011401
0.012028
0.010930
0.008548
0.005419
0.001463
-0.002759
-0.006210
-0.008731
-0.010537
-0.011350
-0.011280
-0.011072
-0.010677
-0.009470
-0.008081
-0.007683
-0.007789
-0.007109
-0.005677
-0.004075
-0.001969
0.000932
0.004000
0.006807
0.009550
0.011919
0.013150
0.013072
0.011913
0.009808
0.007246
0.004848
0.002593
0.000463
-0.000891
-0.001269
-0.001442
-0.001822
-0.002104
-0.002466
-0.003540
-0.005184
-0.006729
-0.008064
-0.009253
-0.009805
-0.009325
-0.007991
-0.005932
-0.003210
-0.000402
0.001889
0.003710
0.005140
0.005815
0.005692
0.005269
0.004768
0.004227
0.004091
0.004603
0.005225
0.005472
0.005475
0.005269
0.004463
0.002910
0.000822
-0.001652
-0.004184
-0.006131
-0.007236
-0.007702
-0.007510
-0.006570
-0.005238
-0.003854
-0.002350
-0.000882
-0.000020
0.000051
-0.000221
-0.000377
-0.000279
0.000104
0.000789
0.001674
0.002726
0.004033
0.005410
0.006359
0.006529
0.005879
0.004587
0.003033
0.001485
-0.000188
-0.001951
-0.003162
-0.003409
-0.003114
-0.002703
-0.002256
-0.002247
-0.003325
-0.005328
-0.007345
-0.008379
-0.008104
-0.007353
-0.006752
-0.005143
-0.001076
0.004585
0.009297
0.011895
0.013404
0.014600
0.014602
0.012698
0.009776
0.006792
0.003532
-0.000020
-0.002742
-0.003833
-0.003883
-0.003962
-0.004454
-0.004956
-0.005099
-0.005364
-0.006592
-0.008570
-0.010061
-0.010483
-0.010310
-0.009670
-0.008039
-0.005422
-0.002571
-0.000000
0.002362
0.004508
0.006028
0.006605
0.006451
0.006204
0.006400
0.006921
0.007274
0.007433
0.007801
0.008325
0.008352
0.007492
0.005965
0.003980
0.001494
-0.001403
-0.004400
-0.007165
-0.009336
-0.010419
-0.010109
-0.008862
-0.007508
-0.006174
-0.004471
-0.002565
-0.001092
-0.000288
0.000001
-0.000059
-0.000122
0.000273
0.001106
0.001964
0.002766
0.003737
0.004872
0.005920
0.006581
0.006519
0.005594
0.004131
0.002549
0.000911
-0.000724
-0.002009
-0.002796
-0.003202
-0.003155
-0.002644
-0.002150
-0.002126
-0.002477
-0.002968
-0.003479
-0.003773
-0.003680
-0.003366
-0.002912
-0.002003
-0.000504
0.001169
0.002632
0.003838
0.004608
0.004695
0.004333
0.003888
0.003252
0.002299
0.001346
0.000713
0.000402
0.000341
0.000405
0.000304
-0.000146
-0.000785
-0.001401
-0.002011
-0.002687
-0.003352
-0.003815
-0.003871
-0.003486
-0.002868
-0.002138
-0.001174
-0.000016
0.000982
0.001632
0.002064
0.002296
0.002156
0.001772
0.001563
0.001642
0.001765
0.001861
0.002000
0.002091
0.002045
0.001874
0.001412
0.000466
-0.000747
-0.001832
-0.002685
-0.003283
-0.003439
-0.003115
-0.002532
-0.001825
-0.001041
-0.000618
-0.001190
-0.002583
-0.003576
-0.003256
-0.002216
-0.001498
-0.000747
0.001148
0.003990
0.006442
0.007780
0.008263
0.008158
0.007261
0.005438
0.003187
0.001187
-0.000579
-0.002395
-0.003769
-0.003896
-0.002969
-0.002060
-0.001839
-0.002042
-0.002259
-0.002638
-0.003451
-0.004487
-0.005274
-0.005578
-0.005372
-0.004570
-0.003132
-0.001318
0.000487
0.002113
0.003497
0.004473
0.004877
0.004650
0.003893
0.003012
0.002496
0.002391
0.002362
0.002233
0.002183
0.002422
0.002752
0.002614
0.001672
0.000168
-0.001398
-0.002695
-0.003575
-0.003982
-0.004008
-0.003793
-0.003330
-0.002564
-0.001620
-0.000862
-0.000648
-0.000922
-0.001269
-0.001382
-0.001276
-0.001053
-0.000621
0.000193
0.001308
0.002444
0.003444
0.004254
0.004677
0.004409
0.003407
0.002020
0.000639
-0.000589
-0.001565
-0.002087
-0.002060
-0.001579
-0.000804
-0.000010
0.000496
0.000626
0.000442
-0.000071
-0.000911
-0.001923
-0.002841
-0.003380
-0.003355
-0.002789
-0.001832
-0.000635
0.000638
0.001814
0.002736
0.003229
0.003179
0.002627
0.001757
0.000832
0.000062
-0.000507
-0.000862
-0.000889
-0.000547
-0.000029
0.000456
0.000842
0.001016
0.000863
0.000507
0.000100
-0.000400
-0.000956
-0.001382
-0.001610
-0.001658
-0.001464
-0.001067
-0.000686
-0.000416
-0.000135
0.000215
0.000537
0.000764
0.000831
0.000636
0.000317
0.000232
0.000469
0.000722
0.000696
0.000443
0.000257
0.000229
0.000149
-0.000057
-0.000181
-0.000127
-0.000043
-0.000074
-0.000230
-0.000429
-0.000548
-0.000549
-0.000498
-0.000342
-0.000020
0.000246
0.000232
-0.000023
-0.000512
-0.001276
-0.001952
-0.001967
-0.001422
-0.000964
-0.000610
0.000194
0.001320
0.002074
0.002471
0.002990
0.003297
0.002665
0.001443
0.000666
0.000443
0.000050
-0.000633
-0.000944
-0.000597
-0.000083
0.000121
0.000089
0.000041
-0.000113
-0.000528
-0.001016
-0.001268
-0.001367
-0.001615
-0.001896
-0.001748
-0.001056
-0.000254
0.000187
0.000317
0.000509
0.000744
0.000608
0.000043
-0.000560
-0.000963
-0.001136
-0.000931
-0.000248
0.000596
0.001206
0.001635
0.002089
0.002423
0.002358
0.001836
0.000960
-0.000071
-0.000940
-0.001411
-0.001520
-0.001426
-0.001184
-0.000767
-0.000139
0.000581
0.001012
0.000886
0.000376
-0.000198
-0.000692
-0.001134
-0.001515
-0.001681
-0.001524
-0.001069
-0.000369
0.000415
0.001016
0.001318
0.001394
0.001303
0.001059
0.000654
0.000085
-0.000495
-0.000769
-0.000569
-0.000105
0.000277
0.000513
0.000729
0.000896
0.000879
0.000623
0.000160
-0.000379
-0.000835
-0.001146
-0.001283
-0.001195
-0.000957
-0.000657
-0.000235
0.000296
0.000710
0.000833
0.000706
0.000454
0.000178
-0.000052
-0.000238
-0.000399
-0.000449
-0.000271
0.000041
0.000334
0.000654
0.000949
0.000945
0.000675
0.000441
0.000227
-0.000183
-0.000707
-0.001066
-0.001167
-0.001085
-0.000880
-0.000626
-0.000398
-0.000131
0.000208
0.000423
0.000495
0.000677
0.000893
0.000822
0.000580
0.000560
0.000722
0.000678
0.000320
-0.000088
-0.000312
-0.000310
-0.000206
-0.000302
-0.000831
-0.001529
-0.001819
-0.001537
-0.001096
-0.000840
-0.000613
-0.000099
0.000689
0.001380
0.001713
0.001812
0.001807
0.001512
0.000876
0.000254
-0.000170
-0.000591
-0.001057
-0.001271
-0.000907
-0.000024
0.000824
0.001165
0.001178
0.001287
0.001380
0.001014
0.000192
-0.000638
-0.001209
-0.001580
-0.001748
-0.001589
-0.001219
-0.000880
-0.000526
-0.000070
0.000312
0.000517
0.000646
0.000613
0.000267
-0.000157
-0.000342
-0.000413
-0.000585
-0.000698
-0.000499
-0.000026
0.000494
0.000839
0.000960
0.001002
0.001001
0.000798
0.000372
-0.000041
-0.000246
-0.000349
-0.000500
-0.000550
-0.000337
-0.000065
0.000019
-0.000005
0.000011
0.000053
0.000047
-0.000067
-0.000219
-0.000209
-0.000049
0.000031
0.000030
0.000155
0.000360
0.000428
0.000437
0.000517
0.000372
-0.000228
-0.000910
-0.001226
-0.001166
-0.000898
-0.000512
-0.000114
0.000186
0.000410
0.000611
0.000711
0.000671
0.000592
0.000512
0.000354
0.000113
-0.000120
-0.000278
-0.000309
-0.000191
-0.000006
0.000131
0.000213
0.000296
0.000309
0.000126
-0.000171
-0.000389
-0.000487
-0.000522
-0.000485
-0.000389
-0.000308
-0.000219
-0.000048
0.000126
0.000155
0.000061
0.000017
0.000103
0.000178
0.000138
0.000107
0.000165
0.000153
0.000003
-0.000064
0.000075
0.000262
0.000359
0.000397
0.000442
0.000535
0.000641
0.000634
0.000509
0.000395
0.000220
-0.000236
-0.000829
-0.001077
-0.000909
-0.000809
-0.000980
-0.001001
-0.000587
-0.000052
0.000195
0.000160
0.000114
0.000156
0.000138
0.000004
-0.000078
-0.000044
-0.000051
-0.000140
-0.000144
-0.000007
0.000141
0.000198
0.000193
0.000263
0.000486
0.000668
0.000589
0.000407
0.000427
0.000585
0.000587
0.000445
0.000399
0.000401
0.000234
0.000011
-0.000065
-0.000131
-0.000349
-0.000593
-0.000682
-0.000600
-0.000452
-0.000382
-0.000416
-0.000379
-0.000200
-0.000069
-0.000121
-0.000229
-0.000274
-0.000348
-0.000495
-0.000524
-0.000343
-0.000081
0.000171
0.000380
0.000461
0.000422
0.000390
0.000423
0.000462
0.000477
0.000473
0.000380
0.000196
0.000122
0.000209
0.000211
0.000034
-0.000116
-0.000150
-0.000178
-0.000228
-0.000234
-0.000185
-0.000091
0.000041
0.000117
0.000074
0.000000
-0.000076
-0.000246
-0.000440
-0.000479
-0.000376
-0.000280
-0.000238
-0.000136
0.000084
0.000258
0.000203
-0.000014
-0.000181
-0.000251
-0.000355
-0.000495
-0.000480
-0.000254
0.000020
0.000238
0.000453
0.000706
0.000947
0.001062
0.000975
0.000738
0.000458
0.000181
-0.000075
-0.000267
-0.000367
-0.000379
-0.000308
-0.000169
-0.000058
-0.000086
-0.000194
-0.000242
-0.000289
-0.000460
-0.000676
-0.000791
-0.000769
-0.000662
-0.000571
-0.000496
-0.000279
0.000134
0.000579
0.000875
0.000986
0.001013
0.001000
0.000845
0.000576
0.000388
0.000290
0.000188
0.000156
0.000209
0.000191
0.000062
-0.000118
-0.000355
-0.000587
-0.000699
-0.000791
-0.001021
-0.001192
-0.000973
-0.000499
-0.000152
0.000101
0.000452
0.000726
0.000748
0.000638
0.000416
0.000056
-0.000202
-0.000282
-0.000445
-0.000588
-0.000308
0.000208
0.000404
0.000313
0.000365
0.000574
0.000634
0.000467
0.000185
-0.000082
-0.000171
-0.000075
-0.000005
-0.000057
-0.000134
-0.000165
-0.000099
0.000127
0.000406
0.000514
0.000419
0.000255
0.000068
-0.000126
-0.000262
-0.000368
-0.000562
-0.000807
-0.000916
-0.000831
-0.000656
-0.000464
-0.000287
-0.000174
-0.000050
0.000184
0.000425
0.000562
0.000656
0.000738
0.000750
0.000675
0.000575
0.000485
0.000361
0.000175
-0.000039
-0.000241
-0.000407
-0.000548
-0.000638
-0.000574
-0.000364
-0.000202
-0.000162
-0.000094
0.000070
0.000166
0.000052
-0.000136
-0.000167
-0.000054
0.000048
0.000123
0.000223
0.000343
0.000436
0.000446
0.000386
0.000328
0.000239
0.000037
-0.000197
-0.000301
-0.000266
-0.000252
-0.000371
-0.000536
-0.000617
-0.000568
-0.000369
-0.000071
0.000160
0.000244
0.000265
0.000292
0.000297
0.000214
0.000032
-0.000161
-0.000243
-0.000169
-0.000002
0.000149
0.000236
0.000288
0.000325
0.000345
0.000376
0.000425
0.000423
0.000355
0.000292
0.000213
0.000023
-0.000248
-0.000462
-0.000586
-0.000728
-0.000879
-0.000858
-0.000653
-0.000489
-0.000454
-0.000392
-0.000177
0.000159
0.000484
0.000679
0.000752
0.000788
0.000788
0.000685
0.000503
0.000320
0.000150
-0.000031
-0.000182
-0.000248
-0.000249
-0.000198
-0.000064
0.000058
0.000031
-0.000087
-0.000179
-0.000249
-0.000312
-0.000354
-0.000368
-0.000335
-0.000246
-0.000154
-0.000114
-0.000103
-0.000083
-0.000051
-0.000024
-0.000000
0.000034
0.000037
-0.000016
0.000001
0.000172
0.000333
0.000369
0.000428
0.000584
0.000671
0.000642
0.000633
0.000627
0.000507
0.000332
0.000188
-0.000010
-0.000323
-0.000613
-0.000736
-0.000809
-0.000996
-0.001147
-0.001056
-0.000847
-0.000731
-0.000619
-0.000304
0.000199
0.000703
0.001015
0.001028
0.000857
0.000699
0.000574
0.000433
0.000291
0.000156
0.000044
0.000004
0.000046
0.000139
0.000243
0.000246
0.000076
-0.000164
-0.000365
-0.000575
-0.000826
-0.001034
-0.001166
-0.001199
-0.001011
-0.000578
-0.000072
0.000323
0.000577
0.000785
0.000990
0.001058
0.000884
0.000578
0.000295
0.000068
-0.000110
-0.000189
-0.000090
0.000138
0.000334
0.000463
0.000574
0.000598
0.000480
0.000277
-0.000015
-0.000374
-0.000627
-0.000728
-0.000809
-0.000838
-0.000702
-0.000489
-0.000303
-0.000115
0.000021
-0.000053
-0.000314
-0.000510
-0.000511
-0.000418
-0.000272
-0.000015
0.000301
0.000585
0.000850
0.001097
0.001201
0.001066
0.000812
0.000582
0.000325
-0.000026
-0.000407
-0.000711
-0.000791
-0.000581
-0.000294
-0.000146
-0.000078
0.000015
0.000090
0.000043
-0.000151
-0.000369
-0.000464
-0.000494
-0.000586
-0.000611
-0.000391
-0.000052
0.000164
0.000230
0.000277
0.000346
0.000348
0.000283
0.000296
0.000416
0.000544
0.000656
0.000775
0.000885
0.000922
0.000761
0.000364
-0.000130
-0.000593
-0.001022
-0.001388
-0.001521
-0.001321
-0.000922
-0.000510
-0.000185
0.000021
0.000185
0.000389
0.000518
0.000433
0.000234
0.000102
0.000045
-0.000026
-0.000068
0.000058
0.000311
0.000557
0.000795
0.001010
0.001077
0.000949
0.000690
0.000318
-0.000165
-0.000626
-0.000888
-0.000944
-0.000906
-0.000795
-0.000591
-0.000405
-0.000349
-0.000356
-0.000363
-0.000413
-0.000477
-0.000474
-0.000399
-0.000253
-0.000032
0.000211
0.000453
0.000746
0.001057
0.001210
0.001114
0.000897
0.000713
0.000534
0.000264
-0.000016
-0.000139
-0.000128
-0.000123
-0.000136
-0.000082
0.000021
0.000031
-0.000149
-0.000458
-0.000718
-0.000827
-0.000887
-0.000996
-0.001061
-0.000960
-0.000726
-0.000470
-0.000230
0.000004
0.000240
0.000486
0.000732
0.000901
0.000893
0.000769
0.000697
0.000697
0.000680
0.000655
0.000641
0.000564
0.000432
0.000349
0.000264
0.000064
-0.000202
-0.000463
-0.000729
-0.000922
-0.000988
-0.001042
-0.001132
-0.001102
-0.000824
-0.000431
-0.000138
0.000036
0.000165
0.000240
0.000233
0.000177
0.000161
0.000254
0.000425
0.000599
0.000726
0.000768
0.000738
0.000695
0.000675
0.000663
0.000619
0.000518
0.000366
0.000172
-0.000063
-0.000325
-0.000577
-0.000790
-0.000930
-0.000975
-0.000981
-0.000994
-0.000933
-0.000763
-0.000637
-0.000612
-0.000493
-0.000192
0.000081
0.000139
0.000094
0.000218
0.000551
0.000845
0.000957
0.001003
0.001052
0.001032
0.000923
0.000787
0.000673
0.000551
0.000292
-0.000098
-0.000389
-0.000489
-0.000587
-0.000757
-0.000819
-0.000717
-0.000636
-0.000653
-0.000630
-0.000484
-0.000317
-0.000236
-0.000174
-0.000015
0.000212
0.000390
0.000479
0.000516
0.000523
0.000466
0.000336
0.000235
0.000241
0.000263
0.000181
0.000030
-0.000072
-0.000097
-0.000121
-0.000192
-0.000279
-0.000321
-0.000272
-0.000197
-0.000218
-0.000328
-0.000381
-0.000295
-0.000138
-0.000002
0.000104
0.000192
0.000231
0.000193
0.000083
-0.000054
-0.000115
-0.000035
0.000114
0.000234
0.000340
0.000448
0.000502
0.000512
0.000563
0.000629
0.000567
0.000338
0.000017
-0.000343
-0.000640
-0.000737
-0.000694
-0.000655
-0.000566
-0.000333
-0.000059
0.000070
-0.000002
-0.000168
-0.000317
-0.000446
-0.000581
-0.000684
-0.000675
-0.000475
-0.000100
0.000337
0.000739
0.001069
0.001272
0.001321
0.001239
0.001011
0.000625
0.000180
-0.000152
-0.000288
-0.000355
-0.000508
-0.000654
-0.000602
-0.000403
-0.000257
-0.000187
-0.000100
-0.000067
-0.000163
-0.000275
-0.000378
-0.000547
-0.000650
-0.000559
-0.000408
-0.000281
-0.000080
0.000194
0.000408
0.000532
0.000624
0.000671
0.000660
0.000648
0.000610
0.000486
0.000390
0.000418
0.000433
0.000302
0.000095
-0.000107
-0.000290
-0.000434
-0.000544
-0.000670
-0.000803
-0.000830
-0.000711
-0.000587
-0.000560
-0.000521
-0.000346
-0.000113
0.000051
0.000120
0.000120
0.000124
0.000253
0.000507
0.000729
0.000812
0.000794
0.000735
0.000669
0.000628
0.000569
0.000391
0.000097
-0.000169
-0.000320
-0.000414
-0.000512
-0.000594
-0.000624
-0.000557
-0.000363
-0.000137
-0.000045
-0.000117
-0.000240
-0.000309
-0.000278
-0.000180
-0.000146
-0.000234
-0.000304
-0.000222
-0.000013
0.000237
0.000448
0.000554
0.000596
0.000647
0.000690
0.000649
0.000456
0.000165
-0.000055
-0.000131
-0.000135
-0.000123
-0.000088
-0.000045
-0.000075
-0.000218
-0.000370
-0.000429
-0.000446
-0.000494
-0.000523
-0.000470
-0.000363
-0.000263
-0.000156
0.000034
0.000333
0.000646
0.000800
0.000719
0.000525
0.000355
0.000209
0.000059
-0.000048
-0.000092
-0.000124
-0.000163
-0.000137
-0.000026
0.000055
0.000065
0.000100
0.000142
0.000071
-0.000102
-0.000312
-0.000583
-0.000842
-0.000884
-0.000706
-0.000498
-0.000286
0.000004
0.000282
0.000448
0.000566
0.000655
0.000651
0.000588
0.000571
0.000592
0.000562
0.000455
0.000290
0.000088
-0.000046
-0.000059
-0.000100
-0.000267
-0.000428
-0.000464
-0.000461
-0.000509
-0.000532
-0.000492
-0.000491
-0.000546
-0.000528
-0.000369
-0.000161
-0.000014
0.000070
0.000164
0.000288
0.000380
0.000409
0.000436
0.000502
0.000556
0.000554
0.000532
0.000536
0.000560
0.000529
0.000339
0.000033
-0.000229
-0.000414
-0.000570
-0.000650
-0.000632
-0.000576
-0.000496
-0.000362
-0.000208
-0.000107
-0.000034
0.000048
0.000032
-0.000128
-0.000248
-0.000229
-0.000197
-0.000206
-0.000163
-0.000013
0.000205
0.000393
0.000482
0.000533
0.000620
0.000661
0.000542
0.000339
0.000222
0.000205
0.000135
-0.000064
-0.000196
-0.000082
0.000060
-0.000071
-0.000322
-0.000369
-0.000285
-0.000323
-0.000442
-0.000455
-0.000339
-0.000230
-0.000207
-0.000193
-0.000117
-0.000059
-0.000087
-0.000104
0.000009
0.000180
0.000257
0.000240
0.000271
0.000455
0.000703
0.000810
0.000742
0.000632
0.000502
0.000259
-0.000096
-0.000419
-0.000585
-0.000628
-0.000658
-0.000702
-0.000709
-0.000639
-0.000491
-0.000292
-0.000106
0.000022
0.000107
0.000161
0.000184
0.000198
0.000180
0.000128
0.000116
0.000172
0.000230
0.000245
0.000264
0.000346
0.000468
0.000535
0.000468
0.000303
0.000129
-0.000048
-0.000254
-0.000419
-0.000455
-0.000402
-0.000359
-0.000325
-0.000253
-0.000160
-0.000088
-0.000048
-0.000043
-0.000094
-0.000167
-0.000178
-0.000118
-0.000034
0.000088
0.000233
0.000320
0.000360
0.000413
0.000411
0.000317
0.000230
0.000174
0.000081
-0.000040
-0.000156
-0.000267
-0.000338
-0.000299
-0.000137
0.000032
0.000061
-0.000031
-0.000120
-0.000170
-0.000240
-0.000382
-0.000542
-0.000584
-0.000441
-0.000182
0.000092
0.000342
0.000562
0.000727
0.000828
0.000836
0.000698
0.000435
0.000133
-0.000126
-0.000303
-0.000412
-0.000450
-0.000397
-0.000307
-0.000225
-0.000103
0.000052
0.000126
0.000049
-0.000114
-0.000239
-0.000276
-0.000287
-0.000297
-0.000234
-0.000084
0.000016
0.000016
0.000064
0.000222
0.000365
0.000407
0.000376
0.000305
0.000202
0.000101
0.000078
0.000118
0.000101
0.000026
0.000061
0.000221
0.000302
0.000187
-0.000021
-0.000164
-0.000218
-0.000310
-0.000484
-0.000601
-0.000562
-0.000450
-0.000338
-0.000178
0.000039
0.000207
0.000239
0.000158
0.000047
-0.000045
-0.000134
-0.000221
-0.000241
-0.000131
0.000086
0.000349
0.000629
0.000856
0.000915
0.000798
0.000612
0.000445
0.000298
0.000068
-0.000290
-0.000611
-0.000733
-0.000690
-0.000568
-0.000400
-0.000197
-0.000048
-0.000055
-0.000140
-0.000173
-0.000243
-0.000451
-0.000645
-0.000634
-0.000437
-0.000203
-0.000010
0.000169
0.000360
0.000548
0.000721
0.000850
0.000885
0.000794
0.000582
0.000347
0.000223
0.000189
0.000082
-0.000154
-0.000341
-0.000315
-0.000178
-0.000134
-0.000213
-0.000314
-0.000389
-0.000480
-0.000588
-0.000637
-0.000576
-0.000419
-0.000205
0.000006
0.000144
0.000227
0.000339
0.000448
0.000441
0.000334
0.000241
0.000203
0.000207
0.000245
0.000299
0.000353
0.000391
0.000366
0.000259
0.000082
-0.000159
-0.000424
-0.000642
-0.000729
-0.000644
-0.000491
-0.000352
-0.000175
0.000030
0.000178
0.000252
0.000277
0.000300
0.000338
0.000253
-0.000046
-0.000379
-0.000533
-0.000488
-0.000331
-0.000129
0.000098
0.000366
0.000629
0.000750
0.000680
0.000527
0.000387
0.000245
0.000046
-0.000210
-0.000447
-0.000603
-0.000664
-0.000617
-0.000462
-0.000238
0.000005
0.000179
0.000198
0.000127
0.000090
0.000078
0.000042
-0.000008
-0.000027
0.000043
0.000178
0.000270
0.000292
0.000297
0.000300
0.000269
0.000193
0.000124
0.000086
0.000028
-0.000080
-0.000189
-0.000246
-0.000294
-0.000379
-0.000389
-0.000263
-0.000169
-0.000225
-0.000320
-0.000332
-0.000296
-0.000305
-0.000327
-0.000279
-0.000168
-0.000025
0.000166
0.000417
0.000674
0.000836
0.000847
0.000756
0.000640
0.000574
0.000571
0.000486
0.000191
-0.000183
-0.000407
-0.000447
-0.000435
-0.000438
-0.000435
-0.000424
-0.000399
-0.000346
-0.000303
-0.000290
-0.000285
-0.000332
-0.000475
-0.000598
-0.000546
-0.000342
-0.000120
0.000043
0.000179
0.000367
0.000583
0.000683
0.000624
0.000562
0.000600
0.000648
0.000629
0.000553
0.000410
0.000247
0.000164
0.000143
0.000067
-0.000097
-0.000267
-0.000357
-0.000409
-0.000546
-0.000752
-0.000852
-0.000783
-0.000636
-0.000455
-0.000248
-0.000102
-0.000063
-0.000045
0.000055
0.000212
0.000315
0.000360
0.000404
0.000456
0.000525
0.000584
0.000548
0.000411
0.000229
0.000026
-0.000158
-0.000256
-0.000260
-0.000228
-0.000196
-0.000152
-0.000099
-0.000084
-0.000098
-0.000088
-0.000091
-0.000160
-0.000228
-0.000238
-0.000231
-0.000217
-0.000210
-0.000256
-0.000250
-0.000056
0.000190
0.000291
0.000339
0.000472
0.000583
0.000542
0.000412
0.000312
0.000261
0.000203
0.000098
-0.000023
-0.000068
-0.000013
0.000018
-0.000071
-0.000190
-0.000257
-0.000356
-0.000549
-0.000719
-0.000724
-0.000579
-0.000395
-0.000225
-0.000037
0.000170
0.000293
0.000306
0.000299
0.000303
0.000285
0.000280
0.000303
0.000305
0.000281
0.000301
0.000382
0.000411
0.000295
0.000106
-0.000029
-0.000098
-0.000147
-0.000183
-0.000203
-0.000213
-0.000205
-0.000213
-0.000298
-0.000425
-0.000488
-0.000468
-0.000436
-0.000430
-0.000424
-0.000377
-0.000257
-0.000065
0.000161
0.000389
0.000584
0.000701
0.000737
0.000711
0.000623
0.000514
0.000454
0.000441
0.000407
0.000297
0.000103
-0.000102
-0.000222
-0.000257
-0.000284
-0.000346
-0.000454
-0.000605
-0.000733
-0.000752
-0.000697
-0.000679
-0.000674
-0.000552
-0.000296
-0.000011
0.000225
0.000402
0.000505
0.000531
0.000504
0.000454
0.000409
0.000377
0.000347
0.000357
0.000431
0.000500
0.000518
0.000477
0.000335
0.000137
0.000010
-0.000060
-0.000193
-0.000403
-0.000578
-0.000644
-0.000631
-0.000583
-0.000519
-0.000448
-0.000363
-0.000237
-0.000064
0.000069
0.000052
-0.000104
-0.000241
-0.000197
0.000002
0.000190
0.000309
0.000445
0.000613
0.000738
0.000755
0.000641
0.000448
0.000281
0.000134
-0.000055
-0.000228
-0.000265
-0.000192
-0.000176
-0.000300
-0.000463
-0.000554
-0.000545
-0.000446
-0.000341
-0.000346
-0.000404
-0.000333
-0.000149
-0.000030
0.000021
0.000134
0.000275
0.000356
0.000417
0.000472
0.000451
0.000398
0.000408
0.000417
0.000338
0.000258
0.000288
0.000330
0.000211
0.000023
-0.000043
-0.000080
-0.000217
-0.000281
-0.000192
-0.000194
-0.000387
-0.000580
-0.000656
-0.000653
-0.000586
-0.000460
-0.000318
-0.000200
-0.000119
-0.000032
0.000120
0.000296
0.000427
0.000507
0.000545
0.000594
0.000706
0.000768
0.000635
0.000360
0.000075
-0.000144
-0.000252
-0.000272
-0.000280
-0.000292
-0.000274
-0.000229
-0.000210
-0.000236
-0.000258
-0.000256
-0.000283
-0.000347
-0.000353
-0.000253
-0.000102
0.000058
0.000192
0.000230
0.000178
0.000117
0.000081
0.000076
0.000133
0.000251
0.000372
0.000406
0.000315
0.000184
0.000131
0.000149
0.000134
0.000024
-0.000144
-0.000267
-0.000294
-0.000272
-0.000254
-0.000235
-0.000192
-0.000129
-0.000090
-0.000110
-0.000139
-0.000094
0.000017
0.000120
0.000146
0.000084
0.000046
0.000129
0.000238
0.000229
0.000142
0.000107
0.000122
0.000086
-0.000027
-0.000095
-0.000030
0.000065
0.000063
-0.000010
-0.000052
-0.000004
0.000081
0.000097
0.000035
-0.000042
-0.000158
-0.000336
-0.000467
-0.000461
-0.000353
-0.000235
-0.000231
-0.000326
-0.000288
-0.000005
0.000314
0.000451
0.000455
0.000470
0.000495
0.000456
0.000381
0.000378
0.000395
0.000225
-0.000090
-0.000256
-0.000178
-0.000047
-0.000029
-0.000144
-0.000318
-0.000454
-0.000460
-0.000326
-0.000212
-0.000260
-0.000368
-0.000376
-0.000246
-0.000018
0.000191
0.000272
0.000275
0.000315
0.000365
0.000342
0.000271
0.000203
0.000119
0.000039
0.000055
0.000164
0.000229
0.000178
0.000098
0.000064
0.000057
0.000077
0.000127
0.000101
-0.000086
-0.000325
-0.000463
-0.000477
-0.000480
-0.000564
-0.000633
-0.000518
-0.000248
-0.000003
0.000123
0.000165
0.000194
0.000249
0.000314
0.000355
0.000359
0.000338
0.000317
0.000331
0.000376
0.000369
0.000261
0.000139
0.000081
0.000041
-0.000045
-0.000131
-0.000148
-0.000165
-0.000292
-0.000468
-0.000545
-0.000498
-0.000390
-0.000276
-0.000178
-0.000085
-0.000028
-0.000042
-0.000070
-0.000010
0.000145
0.000266
0.000269
0.000222
0.000201
0.000164
0.000117
0.000147
0.000214
0.000168
0.000024
-0.000034
0.000057
0.000166
0.000200
0.000153
0.000039
-0.000049
-0.000037
-0.000002
-0.000040
-0.000141
-0.000219
-0.000189
-0.000117
-0.000164
-0.000285
-0.000307
-0.000239
-0.000183
-0.000100
0.000034
0.000094
0.000041
0.000013
0.000105
0.000251
0.000353
0.000426
0.000461
0.000353
0.000141
-0.000001
-0.000024
-0.000019
-0.000046
-0.000084
-0.000088
-0.000099
-0.000184
-0.000320
-0.000425
-0.000445
-0.000381
-0.000274
-0.000161
-0.000073
0.000003
0.000115
0.000243
0.000278
0.000200
0.000138
0.000157
0.000174
0.000130
0.000101
0.000163
0.000224
0.000181
0.000127
0.000158
0.000163
0.000106
0.000087
0.000006
-0.000236
-0.000418
-0.000383
-0.000298
-0.000287
-0.000265
-0.000166
-0.000039
0.000034
0.000002
-0.000100
-0.000174
-0.000169
-0.000066
0.000113
0.000248
0.000255
0.000227
0.000283
0.000363
0.000324
0.000165
0.000012
-0.000046
-0.000008
0.000065
0.000073
-0.000034
-0.000159
-0.000166
-0.000089
-0.000068
-0.000144
-0.000229
-0.000239
-0.000170
-0.000086
-0.000026
0.000023
0.000054
0.000035
0.000004
0.000032
0.000073
0.000052
0.000024
0.000054
0.000094
0.000099
0.000073
0.000034
0.000012
0.000018
0.000050
0.000088
0.000081
0.000031
0.000023
0.000092
0.000131
0.000046
-0.000100
-0.000175
-0.000137
-0.000080
-0.000081
-0.000100
-0.000110
-0.000133
-0.000133
-0.000050
0.000051
0.000056
-0.000001
-0.000012
0.000014
-0.000012
-0.000056
0.000019
0.000183
0.000241
0.000181
0.000146
0.000123
0.000024
-0.000081
-0.000103
-0.000106
-0.000146
-0.000135
-0.000019
0.000105
0.000167
0.000189
0.000196
0.000197
0.000188
0.000097
-0.000101
-0.000287
-0.000366
-0.000387
-0.000422
-0.000403
-0.000253
-0.000070
0.000055
0.000195
0.000355
0.000416
0.000318
0.000116
-0.000072
-0.000163
-0.000194
-0.000221
-0.000217
-0.000121
0.000085
0.000308
0.000392
0.000334
0.000297
0.000317
0.000223
-0.000026
-0.000239
-0.000294
-0.000253
-0.000214
-0.000227
-0.000246
-0.000182
-0.000043
0.000076
0.000134
0.000150
0.000113
0.000017
-0.000085
-0.000162
-0.000224
-0.000256
-0.000224
-0.000148
-0.000045
0.000127
0.000363
0.000523
0.000509
0.000395
0.000276
0.000158
0.000038
-0.000088
-0.000204
-0.000237
-0.000185
-0.000115
-0.000009
0.000122
0.000162
0.000101
0.000033
-0.000008
-0.000101
-0.000294
-0.000459
-0.000454
-0.000348
-0.000265
-0.000203
-0.000087
0.000110
0.000312
0.000419
0.000391
0.000244
0.000058
-0.000072
-0.000120
-0.000102
-0.000069
-0.000062
-0.000024
0.000122
0.000284
0.000301
0.000184
0.000077
0.000017
-0.000045
-0.000093
-0.000115
-0.000156
-0.000189
-0.000133
0.000008
0.000104
0.000063
-0.000017
-0.000024
-0.000047
-0.000174
-0.000279
-0.000216
-0.000041
0.000137
0.000279
0.000356
0.000351
0.000308
0.000212
0.000033
-0.000075
-0.000012
0.000018
-0.000129
-0.000301
-0.000354
-0.000307
-0.000239
-0.000180
-0.000084
0.000047
0.000120
0.000111
0.000077
0.000045
0.000004
-0.000050
-0.000108
-0.000129
-0.000052
0.000106
0.000234
0.000254
0.000190
0.000127
0.000120
0.000113
0.000035
-0.000050
-0.000088
-0.000147
-0.000221
-0.000194
-0.000053
0.000066
0.000069
0.000031
0.000078
0.000183
0.000190
0.000056
-0.000102
-0.000199
-0.000239
-0.000189
-0.000028
0.000117
0.000146
0.000136
0.000111
0.000027
-0.000053
-0.000084
-0.000130
-0.000211
-0.000237
-0.000108
0.000142
0.000306
0.000241
0.000057
-0.000072
-0.000077
0.000046
0.000179
0.000145
-0.000012
-0.000087
-0.000052
-0.000058
-0.000197
-0.000362
-0.000366
-0.000174
0.000055
0.000207
0.000275
0.000224
0.000080
-0.000024
-0.000042
-0.000045
-0.000076
-0.000103
-0.000056
0.000084
0.000234
0.000315
0.000358
0.000370
0.000309
0.000222
0.000154
0.000018
-0.000216
-0.000419
-0.000502
-0.000485
-0.000402
-0.000259
-0.000079
0.000034
0.000030
0.000019
0.000072
0.000107
0.000068
-0.000010
-0.000103
-0.000170
-0.000124
0.000048
0.000224
0.000285
0.000257
0.000242
0.000250
0.000232
0.000183
0.000091
-0.000036
-0.000114
-0.000123
-0.000172
-0.000274
-0.000283
-0.000179
-0.000136
-0.000167
-0.000121
0.000001
0.000088
0.000103
0.000083
0.000038
-0.000050
-0.000130
-0.000120
-0.000070
-0.000064
-0.000016
0.000148
0.000319
0.000386
0.000350
0.000253
0.000140
0.000049
-0.000029
-0.000146
-0.000269
-0.000293
-0.000214
-0.000119
-0.000043
0.000023
0.000080
0.000112
0.000097
0.000066
0.000084
0.000136
0.000109
-0.000049
-0.000192
-0.000161
-0.000027
0.000064
0.000133
0.000168
0.000059
-0.000110
-0.000173
-0.000169
-0.000177
-0.000163
-0.000118
-0.000076
-0.000015
0.000080
0.000144
0.000106
0.000004
-0.000062
-0.000106
-0.000171
-0.000144
0.000030
0.000149
0.000074
-0.000010
0.000052
0.000147
0.000160
0.000125
0.000102
0.000076
0.000038
0.000036
0.000064
0.000050
0.000015
-0.000008
-0.000090
-0.000186
-0.000133
0.000017
0.000055
-0.000014
-0.000027
0.000006
-0.000015
-0.000054
-0.000076
-0.000144
-0.000184
-0.000081
0.000023
-0.000026
-0.000087
-0.000015
0.000071
0.000090
0.000173
0.000361
0.000458
0.000357
0.000193
0.000096
0.000055
0.000024
-0.000038
-0.000159
-0.000292
-0.000333
-0.000258
-0.000160
-0.000129
-0.000151
-0.000189
-0.000254
-0.000322
-0.000322
-0.000240
-0.000131
-0.000052
0.000004
0.000112
0.000277
0.000382
0.000362
0.000317
0.000331
0.000354
0.000313
0.000211
0.000145
0.000129
0.000038
-0.000097
-0.000109
-0.000050
-0.000069
-0.000120
-0.000099
-0.000046
-0.000050
-0.000099
-0.000128
-0.000137
-0.000176
-0.000240
-0.000247
-0.000127
0.000045
0.000080
-0.000052
-0.000144
-0.000063
0.000065
0.000089
0.000061
0.000092
0.000111
-0.000009
-0.000167
-0.000185
-0.000124
-0.000094
-0.000014
0.000174
0.000373
0.000488
0.000499
0.000418
0.000294
0.000178
0.000088
-0.000032
-0.000212
-0.000352
-0.000386
-0.000393
-0.000408
-0.000348
-0.000233
-0.000161
-0.000099
-0.000011
-0.000001
-0.000030
0.000084
0.000297
0.000415
0.000395
0.000315
0.000222
0.000127
0.000053
0.000011
-0.000055
-0.000179
-0.000266
-0.000243
-0.000213
-0.000265
-0.000305
-0.000203
0.000018
0.000196
0.000191
0.000063
0.000017
0.000120
0.000194
0.000081
-0.000110
-0.000171
-0.000065
0.000087
0.000172
0.000173
0.000158
0.000186
0.000247
0.000271
0.000182
0.000003
-0.000166
-0.000275
-0.000323
-0.000295
-0.000204
-0.000144
-0.000164
-0.000178
-0.000138
-0.000073
-0.000002
0.000003
-0.000123
-0.000213
-0.000079
0.000103
0.000092
0.000009
0.000060
0.000194
0.000297
0.000374
0.000420
0.000358
0.000197
0.000065
0.000007
-0.000025
-0.000012
0.000038
0.000004
-0.000128
-0.000189
-0.000110
-0.000008
0.000045
0.000045
-0.000072
-0.000271
-0.000293
-0.000058
0.000104
-0.000030
-0.000244
-0.000313
-0.000288
-0.000221
-0.000082
0.000031
-0.000021
-0.000157
-0.000162
-0.000002
0.000170
0.000280
0.000332
0.000312
0.000296
0.000405
0.000560
0.000580
0.000448
0.000217
-0.000064
-0.000216
-0.000138
-0.000092
-0.000307
-0.000563
-0.000556
-0.000387
-0.000313
-0.000323
-0.000290
-0.000231
-0.000157
-0.000022
0.000098
0.000102
0.000047
0.000049
0.000113
0.000182
0.000252
0.000326
0.000366
0.000370
0.000345
0.000236
0.000060
-0.000045
-0.000034
-0.000004
0.000001
0.000008
-0.000018
-0.000112
-0.000175
-0.000127
-0.000079
-0.000151
-0.000246
-0.000251
-0.000247
-0.000293
-0.000282
-0.000162
-0.000045
-0.000011
-0.000000
0.000037
0.000098
0.000216
0.000361
0.000419
0.000337
0.000183
0.000085
0.000083
0.000080
0.000016
-0.000068
-0.000101
-0.000038
0.000051
0.000066
0.000044
0.000059
0.000089
0.000083
0.000012
-0.000129
-0.000290
-0.000360
-0.000294
-0.000179
-0.000105
-0.000096
-0.000133
-0.000166
-0.000126
-0.000008
0.000103
0.000138
0.000116
0.000087
0.000109
0.000219
0.000344
0.000349
0.000188
-0.000020
-0.000108
-0.000087
-0.000105
-0.000173
-0.000195
-0.000173
-0.000155
-0.000102
0.000028
0.000146
0.000133
0.000031
-0.000011
0.000063
0.000187
0.000231
0.000103
-0.000093
-0.000178
-0.000165
-0.000157
-0.000135
-0.000028
0.000134
0.000250
0.000288
0.000274
0.000195
0.000069
-0.000069
-0.000241
-0.000394
-0.000378
-0.000207
-0.000063
-0.000041
-0.000069
-0.000045
0.000038
0.000128
0.000139
0.000010
-0.000141
-0.000135
-0.000002
0.000102
0.000109
0.000083
0.000125
0.000223
0.000281
0.000248
0.000141
0.000037
-0.000010
-0.000064
-0.000157
-0.000174
-0.000081
-0.000010
-0.000018
-0.000046
-0.000117
-0.000202
-0.000143
0.000038
0.000091
-0.000041
-0.000124
-0.000051
-0.000004
-0.000092
-0.000170
-0.000133
-0.000045
0.000041
0.000141
0.000232
0.000278
0.000273
0.000210
0.000079
-0.000067
-0.000105
-0.000015
0.000024
-0.000101
-0.000212
-0.000112
0.000140
0.000329
0.000320
0.000162
-0.000000
-0.000088
-0.000110
-0.000137
-0.000221
-0.000293
-0.000270
-0.000187
-0.000128
-0.000092
-0.000016
0.000092
0.000148
0.000124
0.000084
0.000059
0.000002
-0.000076
-0.000059
0.000077
0.000179
0.000139
0.000057
0.000064
0.000116
0.000123
0.000117
0.000124
0.000074
-0.000041
-0.000125
-0.000155
-0.000207
-0.000274
-0.000298
-0.000310
-0.000353
-0.000323
-0.000089
0.000229
0.000376
0.000333
0.000284
0.000300
0.000323
0.000315
0.000248
0.000116
-0.000030
-0.000170
-0.000318
-0.000445
-0.000471
-0.000363
-0.000163
0.000038
0.000151
0.000145
0.000111
0.000186
0.000320
0.000304
0.000135
0.000041
0.000060
0.000034
-0.000058
-0.000134
-0.000205
-0.000293
-0.000312
-0.000200
-0.000054
0.000005
0.000024
0.000109
0.000192
0.000170
0.000135
0.000189
0.000230
0.000163
0.000046
-0.000039
-0.000062
-0.000059
-0.000095
-0.000155
-0.000150
-0.000080
-0.000057
-0.000112
-0.000139
-0.000088
-0.000050
-0.000080
-0.000110
-0.000084
-0.000026
0.000021
0.000057
0.000115
0.000161
0.000156
0.000179
0.000279
0.000341
0.000251
0.000052
-0.000097
-0.000101
-0.000035
-0.000016
-0.000062
-0.000131
-0.000157
-0.000118
-0.000118
-0.000178
-0.000177
-0.000145
-0.000194
-0.000239
-0.000189
-0.000112
-0.000047
0.000013
0.000074
0.000154
0.000214
0.000217
0.000224
0.000277
0.000314
0.000285
0.000237
0.000223
0.000166
-0.000001
-0.000141
-0.000137
-0.000100
-0.000133
-0.000169
-0.000135
-0.000045
0.000073
0.000157
0.000112
-0.000031
-0.000131
-0.000133
-0.000113
-0.000151
-0.000251
-0.000324
-0.000273
-0.000139
-0.000042
0.000006
0.000069
0.000136
0.000113
-0.000003
-0.000056
0.000055
0.000179
0.000143
0.000033
0.000012
0.000051
0.000096
0.000187
0.000257
0.000198
0.000089
0.000040
0.000002
-0.000116
-0.000271
-0.000300
-0.000149
0.000018
0.000075
0.000076
0.000059
0.000008
-0.000008
0.000050
0.000109
0.000102
0.000032
-0.000069
-0.000156
-0.000186
-0.000184
-0.000208
-0.000208
-0.000086
0.000076
0.000144
0.000164
0.000219
0.000247
0.000166
0.000038
0.000005
0.000077
0.000106
0.000009
-0.000117
-0.000143
-0.000069
0.000006
0.000032
0.000024
0.000005
-0.000025
-0.000104
-0.000212
-0.000236
-0.000153
-0.000063
-0.000026
0.000006
0.000087
0.000210
0.000326
0.000339
0.000210
0.000055
-0.000023
-0.000077
-0.000157
-0.000199
-0.000175
-0.000150
-0.000147
-0.000098
-0.000009
0.000009
-0.000072
-0.000126
-0.000062
0.000023
0.000000
-0.000069
-0.000041
0.000095
0.000236
0.000284
0.000225
0.000145
0.000122
0.000121
0.000078
-0.000008
-0.000084
-0.000110
-0.000083
-0.000012
0.000083
0.000132
0.000065
-0.000073
-0.000144
-0.000087
0.000007
0.000023
-0.000063
-0.000152
-0.000149
-0.000112
-0.000127
-0.000119
-0.000001
0.000155
0.000208
0.000087
-0.000096
-0.000124
0.000007
0.000056
-0.000050
-0.000149
-0.000160
-0.000129
-0.000063
0.000064
0.000187
0.000191
0.000102
0.000025
-0.000043
-0.000095
-0.000030
0.000145
0.000257
0.000207
0.000084
0.000025
0.000073
0.000160
0.000133
-0.000043
-0.000182
-0.000166
-0.000120
-0.000130
-0.000158
-0.000225
-0.000323
-0.000303
-0.000105
0.000122
0.000226
0.000239
0.000250
0.000214
0.000111
0.000062
0.000083
0.000038
-0.000098
-0.000199
-0.000169
-0.000054
0.000021
0.000039
0.000088
0.000165
0.000188
0.000157
0.000117
0.000051
-0.000071
-0.000227
-0.000368
-0.000433
-0.000371
-0.000229
-0.000108
-0.000014
0.000112
0.000235
0.000261
0.000220
0.000189
0.000151
0.000123
0.000144
0.000139
0.000064
0.000010
0.000012
-0.000002
-0.000059
-0.000105
-0.000077
0.000008
0.000056
0.000008
-0.000085
-0.000092
0.000033
0.000133
0.000017
-0.000256
-0.000428
-0.000339
-0.000098
0.000079
0.000127
0.000138
0.000162
0.000154
0.000063
-0.000044
-0.000046
0.000007
-0.000051
-0.000187
-0.000211
-0.000052
0.000165
0.000249
0.000161
0.000062
0.000070
0.000117
0.000102
0.000047
0.000024
0.000012
-0.000031
-0.000058
-0.000045
-0.000034
-0.000047
-0.000063
-0.000043
-0.000001
-0.000003
-0.000017
-0.000003
-0.000015
-0.000035
0.000007
0.000048
0.000028
0.000027
0.000064
0.000043
-0.000034
-0.000072
-0.000074
-0.000102
-0.000108
-0.000021
0.000087
0.000130
0.000140
0.000146
0.000080
-0.000049
-0.000118
-0.000127
-0.000181
-0.000237
-0.000183
-0.000083
-0.000054
-0.000059
-0.000030
0.000034
0.000121
0.000216
0.000262
0.000180
0.000021
-0.000065
-0.000043
-0.000002
0.000002
0.000005
0.000091
0.000209
0.000185
0.000027
-0.000045
0.000040
0.000095
0.000003
-0.000141
-0.000222
-0.000229
-0.000218
-0.000226
-0.000229
-0.000186
-0.000091
0.000034
0.000152
0.000203
0.000189
0.000172
0.000174
0.000191
0.000211
0.000176
0.000055
-0.000070
-0.000119
-0.000125
-0.000127
-0.000103
-0.000058
-0.000047
-0.000057
-0.000031
0.000035
0.000073
0.000040
-0.000013
-0.000058
-0.000148
-0.000223
-0.000182
-0.000088
-0.000016
0.000074
0.000184
0.000241
0.000210
0.000150
0.000142
0.000173
0.000171
0.000097
-0.000025
-0.000097
-0.000048
0.000060
0.000120
0.000076
-0.000078
-0.000232
-0.000230
-0.000128
-0.000134
-0.000250
-0.000294
-0.000236
-0.000211
-0.000231
-0.000188
-0.000079
0.000010
0.000075
0.000159
0.000253
0.000332
0.000358
0.000323
0.000279
0.000240
0.000172
0.000100
0.000096
0.000145
0.000139
0.000037
-0.000091
-0.000170
-0.000178
-0.000139
-0.000079
-0.000043
-0.000095
-0.000198
-0.000222
-0.000146
-0.000091
-0.000137
-0.000221
-0.000232
-0.000157
-0.000091
-0.000076
-0.000035
0.000071
0.000169
0.000214
0.000227
0.000196
0.000120
0.000089
0.000150
0.000199
0.000156
0.000085
0.000083
0.000147
0.000201
0.000191
0.000093
-0.000087
-0.000236
-0.000232
-0.000151
-0.000152
-0.000244
-0.000330
-0.000325
-0.000214
-0.000132
-0.000174
-0.000194
-0.000068
0.000095
0.000155
0.000147
0.000154
0.000163
0.000148
0.000164
0.000216
0.000247
0.000254
0.000249
0.000176
0.000033
-0.000081
-0.000110
-0.000091
-0.000036
0.000023
-0.000029
-0.000186
-0.000226
-0.000077
0.000006
-0.000132
-0.000277
-0.000219
-0.000089
-0.000071
-0.000086
-0.000007
0.000091
0.000102
0.000083
0.000120
0.000137
0.000063
0.000010
0.000061
0.000125
0.000114
0.000069
0.000073
0.000094
0.000048
-0.000016
-0.000025
-0.000027
-0.000056
-0.000073
-0.000052
-0.000025
-0.000029
-0.000054
-0.000050
-0.000031
-0.000062
-0.000117
-0.000131
-0.000123
-0.000127
-0.000094
0.000030
0.000173
0.000224
0.000203
0.000217
0.000249
0.000190
0.000054
-0.000053
-0.000097
-0.000100
-0.000072
-0.000030
-0.000033
-0.000077
-0.000082
-0.000031
0.000007
-0.000017
-0.000081
-0.000137
-0.000159
-0.000119
-0.000032
-0.000009
-0.000076
-0.000102
-0.000019
0.000108
0.000243
0.000321
0.000198
-0.000084
-0.000253
-0.000172
-0.000032
-0.000032
-0.000054
0.000080
0.000261
0.000313
0.000258
0.000198
0.000173
0.000162
0.000097
-0.000022
-0.000100
-0.000123
-0.000204
-0.000369
-0.000439
-0.000293
-0.000104
-0.000099
-0.000201
-0.000198
-0.000094
0.000004
0.000087
0.000146
0.000134
0.000097
0.000146
0.000287
0.000374
0.000310
0.000210
0.000189
0.000170
0.000092
0.000047
0.000066
0.000046
-0.000083
-0.000257
-0.000330
-0.000258
-0.000174
-0.000186
-0.000245
-0.000281
-0.000292
-0.000285
-0.000229
-0.000116
-0.000003
0.000072
0.000118
0.000147
0.000177
0.000211
0.000240
0.000237
0.000210
0.000246
0.000357
0.000385
0.000224
0.000014
-0.000053
0.000007
0.000077
0.000091
-0.000024
-0.000248
-0.000394
-0.000349
-0.000242
-0.000229
-0.000270
-0.000240
-0.000150
-0.000100
-0.000087
-0.000017
0.000103
0.000166
0.000131
0.000057
0.000021
0.000041
0.000088
0.000111
0.000090
0.000052
0.000035
0.000053
0.000100
0.000132
0.000116
0.000111
0.000153
0.000167
0.000095
-0.000034
-0.000149
-0.000168
-0.000078
0.000048
0.000104
0.000037
-0.000080
-0.000136
-0.000135
-0.000123
-0.000099
-0.000082
-0.000120
-0.000179
-0.000157
-0.000058
-0.000010
-0.000047
-0.000049
0.000030
0.000070
0.000055
0.000124
0.000245
0.000235
0.000101
0.000001
0.000017
0.000106
0.000155
0.000093
-0.000001
-0.000024
-0.000013
-0.000071
-0.000189
-0.000247
-0.000170
-0.000041
0.000034
0.000034
-0.000021
-0.000078
-0.000086
-0.000061
-0.000031
0.000031
0.000157
0.000268
0.000249
0.000161
0.000125
0.000068
-0.000077
-0.000171
-0.000120
-0.000019
0.000014
-0.000014
-0.000031
-0.000067
-0.000134
-0.000112
0.000001
0.000060
0.000053
0.000060
0.000058
0.000023
-0.000002
-0.000027
-0.000080
-0.000104
-0.000059
0.000018
0.000074
0.000075
0.000002
-0.000104
-0.000124
0.000006
0.000127
0.000060
-0.000071
-0.000074
-0.000033
-0.000068
-0.000083
-0.000010
0.000054
0.000076
0.000109
0.000131
0.000070
-0.000016
-0.000019
0.000017
0.000013
0.000018
0.000069
0.000091
0.000033
-0.000029
-0.000027
0.000001
0.000067
0.000177
0.000157
-0.000058
-0.000233
-0.000221
-0.000138
-0.000103
-0.000115
-0.000123
-0.000085
-0.000003
0.000069
0.000089
0.000074
0.000059
0.000029
-0.000033
-0.000051
0.000037
0.000114
0.000086
0.000051
0.000051
-0.000009
-0.000106
-0.000129
-0.000095
-0.000086
-0.000071
0.000038
0.000150
0.000134
0.000081
0.000087
0.000048
-0.000072
-0.000126
-0.000038
0.000084
0.000112
0.000052
0.000014
0.000029
0.000033
-0.000012
-0.000093
-0.000159
-0.000164
-0.000116
-0.000015
0.000146
0.000259
0.000210
0.000071
-0.000016
-0.000039
-0.000063
-0.000101
-0.000150
-0.000224
-0.000271
-0.000206
-0.000060
0.000063
0.000132
0.000148
0.000113
0.000088
0.000130
0.000196
0.000182
0.000049
-0.000067
-0.000040
0.000019
-0.000006
-0.000029
-0.000002
0.000012
0.000000
0.000004
0.000022
0.000006
-0.000056
-0.000089
-0.000032
0.000051
0.000067
0.000010
-0.000067
-0.000115
-0.000143
-0.000185
-0.000200
-0.000121
-0.000008
0.000030
-0.000015
-0.000060
-0.000045
-0.000008
0.000005
0.000029
0.000075
0.000121
0.000174
0.000206
0.000183
0.000153
0.000145
0.000142
0.000180
0.000259
0.000250
0.000114
0.000018
0.000011
-0.000071
-0.000272
-0.000405
-0.000360
-0.000271
-0.000287
-0.000330
-0.000250
-0.000072
0.000027
-0.000029
-0.000105
-0.000044
0.000144
0.000307
0.000319
0.000214
0.000106
0.000028
0.000009
0.000075
0.000101
-0.000020
-0.000163
-0.000176
-0.000063
0.000108
0.000250
0.000308
0.000284
0.000192
0.000085
0.000013
-0.000086
-0.000217
-0.000267
-0.000249
-0.000259
-0.000233
-0.000116
-0.000040
-0.000081
-0.000109
-0.000024
0.000086
0.000108
0.000077
0.000063
0.000039
0.000017
0.000057
0.000105
0.000106
0.000081
0.000029
-0.000009
0.000035
0.000102
0.000069
-0.000045
-0.000091
-0.000020
0.000049
0.000051
0.000046
0.000050
-0.000006
-0.000130
-0.000210
-0.000142
0.000003
0.000071
0.000059
0.000055
0.000052
0.000053
0.000123
0.000204
0.000122
-0.000120
-0.000303
-0.000279
-0.000152
-0.000117
-0.000198
-0.000235
-0.000137
0.000011
0.000127
0.000215
0.000269
0.000257
0.000177
0.000075
-0.000006
-0.000055
-0.000041
0.000036
0.000076
0.000038
0.000018
0.000047
0.000036
-0.000024
-0.000047
-0.000019
-0.000001
0.000009
0.000047
0.000079
0.000030
-0.000105
-0.000190
-0.000143
-0.000079
-0.000065
-0.000015
0.000050
0.000033
-0.000032
-0.000064
-0.000070
-0.000095
-0.000145
-0.000180
-0.000133
0.000012
0.000168
0.000230
0.000208
0.000184
0.000192
0.000191
0.000146
0.000058
-0.000051
-0.000105
-0.000047
0.000031
0.000035
0.000031
0.000080
0.000102
0.000033
-0.000060
-0.000115
-0.000168
-0.000245
-0.000306
-0.000328
-0.000273
-0.000094
0.000092
0.000117
0.000064
0.000094
0.000147
0.000090
-0.000028
-0.000053
0.000037
0.000121
0.000149
0.000160
0.000137
0.000070
0.000037
0.000056
0.000048
-0.000016
-0.000047
0.000022
0.000110
0.000079
-0.000043
-0.000100
-0.000056
0.000012
0.000029
-0.000035
-0.000133
-0.000188
-0.000146
-0.000015
0.000088
0.000057
-0.000065
-0.000161
-0.000175
-0.000149
-0.000143
-0.000116
0.000001
0.000159
0.000252
0.000246
0.000190
0.000127
0.000035
-0.000076
-0.000106
-0.000013
0.000119
0.000176
0.000107
-0.000033
-0.000133
-0.000173
-0.000212
-0.000240
-0.000193
-0.000069
0.000072
0.000183
0.000214
0.000154
0.000098
0.000104
0.000114
0.000080
0.000025
-0.000022
-0.000056
-0.000077
-0.000083
-0.000093
-0.000122
-0.000144
-0.000123
-0.000055
0.000032
0.000082
0.000077
0.000065
0.000071
0.000065
0.000048
0.000060
0.000071
0.000007
-0.000087
-0.000113
-0.000100
-0.000117
-0.000114
-0.000017
0.000130
0.000223
0.000201
0.000111
0.000049
0.000015
-0.000056
-0.000157
-0.000242
-0.000274
-0.000218
-0.000112
-0.000020
0.000065
0.000136
0.000149
0.000140
0.000174
0.000217
0.000198
0.000103
-0.000028
-0.000167
-0.000269
-0.000239
-0.000074
0.000045
0.000007
-0.000017
0.000096
0.000157
0.000047
-0.000043
0.000001
0.000039
-0.000010
-0.000054
-0.000006
0.000086
0.000103
0.000041
0.000032
0.000103
0.000110
-0.000000
-0.000093
-0.000071
-0.000011
-0.000028
-0.000126
-0.000203
-0.000202
-0.000175
-0.000143
-0.000072
0.000013
0.000069
0.000102
0.000121
0.000135
0.000147
0.000118
0.000022
-0.000059
-0.000050
-0.000014
-0.000001
0.000039
0.000086
0.000051
-0.000046
-0.000106
-0.000111
-0.000094
-0.000059
-0.000022
-0.000005
0.000011
0.000066
0.000146
0.000200
0.000197
0.000132
0.000017
-0.000097
-0.000154
-0.000155
-0.000123
-0.000048
0.000055
0.000111
0.000111
0.000137
0.000177
0.000149
0.000106
0.000132
0.000143
0.000039
-0.000121
-0.000232
-0.000305
-0.000383
-0.000403
-0.000327
-0.000220
-0.000117
-0.000038
-0.000020
-0.000033
-0.000005
0.000054
0.000077
0.000073
0.000138
0.000274
0.000354
0.000343
0.000299
0.000223
0.000110
-0.000019
-0.000138
-0.000166
-0.000056
0.000060
