4960
-0.000154
-0.000197
-0.000124
0.000075
0.000299
0.000396
0.000290
0.000079
-0.000034
0.000030
0.000128
0.000145
0.000124
0.000086
-0.000022
-0.000201
-0.000327
-0.000236
0.000046
0.000259
0.000251
0.000152
0.000114
0.000120
0.000111
0.000086
0.000017
-0.000111
-0.000225
-0.000263
-0.000274
-0.000320
-0.000323
-0.000202
-0.000081
-0.000083
-0.000056
0.000142
0.000305
0.000197
-0.000053
-0.000196
-0.000198
-0.000142
-0.000026
0.000142
0.000233
0.000173
0.000093
0.000145
0.000281
0.000335
0.000273
0.000187
0.000100
-0.000017
-0.000103
-0.000112
-0.000102
-0.000132
-0.000191
-0.000252
-0.000302
-0.000300
-0.000184
0.000037
0.000255
0.000338
0.000221
-0.000028
-0.000204
-0.000157
-0.000013
0.000027
-0.000019
-0.000050
-0.000042
0.000037
0.000148
0.000143
0.000036
0.000003
0.000054
0.000055
0.000013
0.000041
0.000109
0.000030
-0.000233
-0.000448
-0.000402
-0.000173
0.000032
0.000134
0.000195
0.000248
0.000208
0.000064
0.000004
0.000124
0.000235
0.000206
0.000142
0.000117
0.000063
-0.000064
-0.000181
-0.000181
-0.000099
-0.000073
-0.000146
-0.000241
-0.000302
-0.000321
-0.000268
-0.000103
0.000146
0.000315
0.000278
0.000160
0.000147
0.000168
0.000092
0.000018
0.000049
0.000067
0.000002
-0.000071
-0.000139
-0.000182
-0.000090
0.000100
0.000151
0.000003
-0.000092
0.000002
0.000131
0.000141
0.000039
-0.000077
-0.000105
-0.000052
-0.000010
-0.000025
-0.000033
0.000034
0.000129
0.000144
0.000072
0.000005
-0.000047
-0.000161
-0.000290
-0.000301
-0.000206
-0.000103
-0.000003
0.000124
0.000215
0.000166
0.000022
-0.000041
0.000021
0.000095
0.000110
0.000068
-0.000033
-0.000146
-0.000190
-0.000147
-0.000024
0.000156
0.000277
0.000233
0.000083
0.000001
0.000063
0.000140
0.000096
-0.000064
-0.000240
-0.000312
-0.000215
-0.000014
0.000161
0.000195
0.000040
-0.000170
-0.000217
-0.000105
-0.000036
-0.000064
-0.000051
0.000037
0.000057
-0.000004
0.000000
0.000083
0.000172
0.000254
0.000296
0.000256
0.000190
0.000151
0.000060
-0.000110
-0.000210
-0.000168
-0.000116
-0.000180
-0.000288
-0.000277
-0.000154
-0.000067
-0.000069
-0.000098
-0.000108
-0.000059
0.000064
0.000137
0.000096
0.000066
0.000118
0.000163
0.000136
0.000048
-0.000067
-0.000106
0.000026
0.000227
0.000326
0.000294
0.000176
-0.000017
-0.000245
-0.000352
-0.000237
-0.000061
-0.000006
-0.000004
0.000017
0.000013
0.000007
0.000006
-0.000046
-0.000067
0.000047
0.000156
0.000093
-0.000042
-0.000058
0.000023
0.000070
0.000038
-0.000031
-0.000093
-0.000108
-0.000062
0.000000
0.000047
0.000073
0.000015
-0.000085
-0.000051
0.000071
0.000026
-0.000159
-0.000230
-0.000164
-0.000111
-0.000044
0.000098
0.000194
0.000157
0.000085
0.000052
0.000039
0.000071
0.000146
0.000151
0.000091
0.000108
0.000181
0.000146
-0.000008
-0.000118
-0.000072
0.000056
0.000090
-0.000036
-0.000195
-0.000248
-0.000216
-0.000203
-0.000225
-0.000203
-0.000083
0.000060
0.000099
0.000044
-0.000004
-0.000019
-0.000039
-0.000067
-0.000064
0.000007
0.000114
0.000162
0.000091
-0.000021
-0.000020
0.000119
0.000236
0.000197
0.000066
-0.000005
0.000005
0.000023
0.000025
-0.000008
-0.000050
0.000023
0.000162
0.000164
0.000085
0.000124
0.000173
0.000047
-0.000161
-0.000308
-0.000399
-0.000398
-0.000270
-0.000172
-0.000218
-0.000232
-0.000056
0.000151
0.000176
0.000051
-0.000040
0.000028
0.000197
0.000282
0.000229
0.000185
0.000200
0.000120
-0.000075
-0.000191
-0.000153
-0.000061
0.000005
0.000038
0.000062
0.000105
0.000148
0.000148
0.000071
-0.000091
-0.000228
-0.000194
-0.000036
0.000096
0.000167
0.000183
0.000087
-0.000088
-0.000166
-0.000103
-0.000081
-0.000172
-0.000202
-0.000099
-0.000021
-0.000057
-0.000089
-0.000023
0.000067
0.000080
0.000066
0.000113
0.000170
0.000166
0.000120
0.000035
-0.000098
-0.000179
-0.000085
0.000112
0.000190
0.000091
-0.000016
-0.000040
-0.000093
-0.000203
-0.000197
-0.000027
0.000104
0.000051
-0.000089
-0.000143
-0.000043
0.000123
0.000185
0.000064
-0.000102
-0.000094
0.000112
0.000280
0.000257
0.000149
0.000050
-0.000065
-0.000159
-0.000138
-0.000010
0.000081
0.000062
0.000040
0.000075
0.000086
0.000033
-0.000056
-0.000164
-0.000246
-0.000246
-0.000167
-0.000052
0.000058
0.000101
0.000018
-0.000152
-0.000275
-0.000241
-0.000038
0.000206
0.000319
0.000250
0.000091
-0.000009
0.000035
0.000139
0.000142
0.000019
-0.000082
-0.000068
-0.000051
-0.000098
-0.000103
-0.000034
0.000003
-0.000030
-0.000059
-0.000015
0.000091
0.000172
0.000159
0.000084
-0.000006
-0.000141
-0.000270
-0.000228
0.000009
0.000257
0.000357
0.000311
0.000155
-0.000049
-0.000153
-0.000118
-0.000090
-0.000130
-0.000148
-0.000115
-0.000099
-0.000140
-0.000189
-0.000164
-0.000030
0.000153
0.000250
0.000211
0.000166
0.000205
0.000229
0.000119
-0.000062
-0.000150
-0.000094
-0.000046
-0.000174
-0.000392
-0.000463
-0.000325
-0.000100
0.000087
0.000162
0.000144
0.000128
0.000139
0.000085
-0.000035
-0.000032
0.000191
0.000421
0.000383
0.000112
-0.000115
-0.000151
-0.000067
0.000008
-0.000044
-0.000183
-0.000210
-0.000093
-0.000017
-0.000081
-0.000220
-0.000298
-0.000181
0.000104
0.000325
0.000317
0.000161
0.000012
-0.000024
0.000091
0.000213
0.000129
-0.000057
-0.000064
0.000041
0.000072
0.000162
0.000292
0.000131
-0.000160
-0.000081
0.000189
0.000122
-0.000139
-0.000161
-0.000039
-0.000029
-0.000078
-0.000135
-0.000278
-0.000374
-0.000206
0.000095
0.000225
0.000125
-0.000098
-0.000291
-0.000248
0.000016
0.000152
0.000013
-0.000046
0.000183
0.000366
0.000277
0.000183
0.000267
0.000320
0.000231
0.000156
0.000101
-0.000057
-0.000231
-0.000301
-0.000359
-0.000469
-0.000501
-0.000374
-0.000182
-0.000043
0.000020
0.000027
-0.000034
-0.000125
-0.000122
0.000026
0.000181
0.000179
0.000046
-0.000026
0.000097
0.000295
0.000318
0.000156
0.000037
0.000075
0.000202
0.000340
0.000398
0.000308
0.000166
0.000103
0.000030
-0.000198
-0.000459
-0.000525
-0.000396
-0.000228
-0.000112
-0.000067
-0.000081
-0.000113
-0.000120
-0.000099
-0.000060
-0.000009
0.000039
0.000073
0.000075
0.000001
-0.000104
-0.000109
-0.000002
0.000114
0.000205
0.000248
0.000137
-0.000089
-0.000149
0.000096
0.000362
0.000294
-0.000074
-0.000391
-0.000353
-0.000025
0.000179
-0.000016
-0.000336
-0.000382
-0.000269
-0.000446
-0.001025
-0.001452
-0.000884
0.000697
0.001996
0.001824
0.000607
-0.000325
-0.000367
0.000194
0.000842
0.000938
0.000192
-0.000538
-0.000244
0.000515
0.000530
0.000033
-0.000004
0.000431
0.000973
0.001544
0.001539
0.000386
-0.000877
-0.000848
-0.000093
-0.000033
-0.000696
-0.001320
-0.001634
-0.001533
-0.000986
-0.000557
-0.000742
-0.001089
-0.000903
-0.000263
0.000244
0.000298
0.000029
-0.000189
-0.000052
0.000358
0.000623
0.000521
0.000355
0.000462
0.000702
0.000774
0.000713
0.000714
0.000736
0.000619
0.000437
0.000321
0.000173
-0.000034
-0.000124
-0.000101
-0.000155
-0.000255
-0.000230
-0.000194
-0.000321
-0.000439
-0.000401
-0.000367
-0.000372
-0.000280
-0.000205
-0.000265
-0.000232
-0.000030
0.000041
-0.000051
0.000006
0.000174
0.000128
-0.000122
-0.000290
-0.000291
-0.000243
-0.000186
-0.000092
0.000024
0.000165
0.000305
0.000353
0.000330
0.000358
0.000451
0.000506
0.000443
0.000282
0.000105
-0.000051
-0.000189
-0.000273
-0.000262
-0.000174
-0.000025
0.000171
0.000313
0.000265
0.000034
-0.000182
-0.000195
-0.000037
0.000083
0.000058
0.000009
0.000037
0.000007
-0.000181
-0.000337
-0.000235
0.000014
0.000120
0.000052
0.000017
0.000054
0.000015
-0.000123
-0.000280
-0.000433
-0.000543
-0.000510
-0.000292
-0.000011
0.000159
0.000195
0.000127
-0.000074
-0.000230
-0.000081
-0.000002
-0.000820
-0.002360
-0.002921
-0.001209
0.001585
0.002935
0.002036
0.000387
-0.000361
0.000207
0.001492
0.002194
0.001205
-0.000703
-0.001319
-0.000099
0.000977
0.000555
-0.000324
-0.000339
0.000570
0.001992
0.003097
0.002537
0.000462
-0.000870
-0.000319
0.000483
0.000011
-0.001240
-0.002335
-0.002848
-0.002337
-0.001077
-0.000515
-0.001258
-0.001995
-0.001590
-0.000566
0.000102
0.000125
-0.000326
-0.000740
-0.000457
0.000380
0.000825
0.000580
0.000392
0.000744
0.001246
0.001424
0.001249
0.000913
0.000666
0.000756
0.001065
0.001100
0.000668
0.000151
-0.000067
-0.000032
-0.000012
-0.000194
-0.000543
-0.000793
-0.000749
-0.000579
-0.000574
-0.000749
-0.000902
-0.000858
-0.000556
-0.000133
0.000105
0.000021
-0.000121
-0.000016
0.000237
0.000365
0.000297
0.000120
0.000001
0.000084
0.000253
0.000263
0.000124
0.000051
0.000131
0.000276
0.000348
0.000259
0.000118
0.000114
0.000186
0.000102
-0.000169
-0.000383
-0.000336
-0.000139
-0.000014
0.000019
0.000025
-0.000000
0.000007
0.000120
0.000227
0.000231
0.000246
0.000330
0.000302
0.000069
-0.000172
-0.000284
-0.000339
-0.000306
-0.000111
0.000068
0.000039
-0.000075
-0.000103
-0.000114
-0.000201
-0.000300
-0.000326
-0.000252
-0.000113
-0.000026
-0.000101
-0.000327
-0.000534
-0.000510
-0.000154
0.000373
0.000620
0.000364
0.000038
0.000053
0.000161
0.000095
0.000086
0.000215
0.000221
0.000209
0.000465
0.000634
0.000294
-0.000010
0.000318
0.000571
-0.000124
-0.001259
-0.002152
-0.002903
-0.002695
-0.000286
0.002522
0.002385
0.000055
-0.000825
0.000072
0.000662
0.001121
0.001789
0.000827
-0.001258
-0.001001
0.001195
0.001317
-0.000498
-0.000694
0.000726
0.001621
0.002428
0.003289
0.002097
-0.000497
-0.000955
0.000590
0.000727
-0.000915
-0.002147
-0.002631
-0.002863
-0.002159
-0.000904
-0.000937
-0.002040
-0.002040
-0.000705
0.000228
0.000188
-0.000074
-0.000286
-0.000415
-0.000015
0.000769
0.000982
0.000506
0.000350
0.000863
0.001288
0.001221
0.001024
0.000873
0.000684
0.000726
0.001133
0.001313
0.000799
0.000019
-0.000408
-0.000407
-0.000221
-0.000100
-0.000229
-0.000559
-0.000756
-0.000651
-0.000568
-0.000845
-0.001260
-0.001292
-0.000814
-0.000180
0.000273
0.000444
0.000348
0.000158
0.000156
0.000305
0.000281
0.000091
0.000025
0.000095
0.000117
0.000089
0.000071
0.000027
0.000002
0.000153
0.000412
0.000472
0.000275
0.000110
0.000092
0.000086
0.000048
-0.000016
-0.000170
-0.000339
-0.000323
-0.000190
-0.000172
-0.000205
-0.000069
0.000152
0.000221
0.000174
0.000136
0.000048
-0.000047
0.000045
0.000257
0.000311
0.000161
0.000020
-0.000015
-0.000017
0.000030
0.000144
0.000170
0.000011
-0.000185
-0.000278
-0.000342
-0.000448
-0.000479
-0.000390
-0.000342
-0.000360
-0.000297
-0.000212
-0.000251
-0.000256
-0.000041
0.000229
0.000345
0.000359
0.000390
0.000490
0.000661
0.000798
0.000751
0.000424
-0.000425
-0.002113
-0.004038
-0.004204
-0.001382
0.002432
0.003800
0.002013
-0.000524
-0.001514
-0.000474
0.001694
0.003033
0.001850
-0.000730
-0.001560
-0.000026
0.001103
0.000292
-0.000846
-0.000731
0.000626
0.002818
0.004581
0.003822
0.000890
-0.000903
-0.000048
0.001219
0.000846
-0.000752
-0.002557
-0.003730
-0.003240
-0.001493
-0.000806
-0.002087
-0.003299
-0.002693
-0.001043
0.000159
0.000342
-0.000377
-0.001193
-0.000940
0.000350
0.001225
0.000905
0.000310
0.000460
0.001163
0.001716
0.001780
0.001362
0.000842
0.000856
0.001485
0.001959
0.001605
0.000639
-0.000228
-0.000514
-0.000213
0.000189
0.000035
-0.000676
-0.001156
-0.001003
-0.000815
-0.001068
-0.001302
-0.001058
-0.000586
-0.000187
0.000068
-0.000005
-0.000343
-0.000390
0.000058
0.000461
0.000441
0.000268
0.000228
0.000278
0.000324
0.000287
0.000076
-0.000162
-0.000087
0.000345
0.000758
0.000810
0.000554
0.000276
0.000134
0.000077
-0.000010
-0.000220
-0.000556
-0.000829
-0.000804
-0.000523
-0.000271
-0.000189
-0.000134
0.000056
0.000295
0.000381
0.000283
0.000145
0.000112
0.000218
0.000320
0.000216
-0.000059
-0.000200
-0.000052
0.000134
0.000102
-0.000017
-0.000006
0.000077
0.000120
0.000082
-0.000097
-0.000336
-0.000403
-0.000273
-0.000162
-0.000190
-0.000254
-0.000217
-0.000100
-0.000063
-0.000206
-0.000420
-0.000448
-0.000121
0.000408
0.000714
0.000553
0.000207
0.000174
0.000526
0.000813
0.000555
-0.000511
-0.002358
-0.004051
-0.003756
-0.000822
0.002528
0.003235
0.001069
-0.001222
-0.001310
0.000615
0.002824
0.003504
0.001813
-0.000787
-0.001406
0.000327
0.001428
0.000297
-0.001036
-0.000703
0.000744
0.002442
0.003710
0.003047
0.000431
-0.001185
-0.000037
0.001553
0.001006
-0.001104
-0.003036
-0.003879
-0.003089
-0.001255
-0.000615
-0.002032
-0.003273
-0.002419
-0.000557
0.000429
0.000247
-0.000488
-0.001124
-0.000864
0.000378
0.001354
0.001118
0.000416
0.000331
0.000758
0.001144
0.001365
0.001323
0.000991
0.000905
0.001415
0.001844
0.001485
0.000703
0.000168
-0.000082
-0.000188
-0.000063
0.000123
-0.000003
-0.000321
-0.000474
-0.000561
-0.000815
-0.001128
-0.001335
-0.001381
-0.001140
-0.000604
-0.000121
0.000017
-0.000012
0.000061
0.000175
0.000223
0.000277
0.000314
0.000197
0.000004
-0.000077
-0.000070
-0.000054
0.000047
0.000250
0.000432
0.000537
0.000604
0.000617
0.000490
0.000228
-0.000019
-0.000151
-0.000253
-0.000426
-0.000564
-0.000519
-0.000353
-0.000179
0.000015
0.000205
0.000281
0.000233
0.000166
0.000093
-0.000024
-0.000113
-0.000086
-0.000006
0.000020
0.000026
0.000055
0.000065
0.000119
0.000305
0.000466
0.000381
0.000146
0.000017
-0.000052
-0.000219
-0.000367
-0.000403
-0.000476
-0.000558
-0.000431
-0.000209
-0.000206
-0.000332
-0.000298
-0.000156
-0.000079
0.000008
0.000142
0.000170
0.000133
0.000261
0.000467
0.000437
0.000133
-0.000382
-0.001360
-0.002713
-0.003189
-0.001532
0.001343
0.002833
0.001892
0.000200
-0.000459
0.000089
0.001441
0.002764
0.002339
-0.000060
-0.001659
-0.000596
0.001029
0.000928
0.000115
0.000070
0.000415
0.001154
0.002716
0.003341
0.001370
-0.000912
-0.000654
0.000776
0.000739
-0.000450
-0.001625
-0.002910
-0.003582
-0.002386
-0.000776
-0.001176
-0.002642
-0.002631
-0.001305
-0.000362
-0.000020
0.000063
-0.000401
-0.000895
-0.000230
0.001129
0.001521
0.000805
0.000254
0.000361
0.000785
0.001383
0.001816
0.001486
0.000752
0.000727
0.001421
0.001629
0.000905
0.000063
-0.000304
-0.000304
-0.000040
0.000221
-0.000089
-0.000836
-0.001133
-0.000823
-0.000685
-0.000951
-0.001117
-0.001060
-0.000885
-0.000337
0.000412
0.000534
-0.000041
-0.000282
0.000226
0.000677
0.000565
0.000304
0.000167
0.000043
0.000039
0.000192
0.000139
-0.000135
-0.000081
0.000401
0.000723
0.000588
0.000303
0.000118
-0.000005
-0.000053
-0.000037
-0.000218
-0.000662
-0.000932
-0.000765
-0.000418
-0.000102
0.000181
0.000295
0.000178
0.000123
0.000321
0.000498
0.000384
0.000121
-0.000055
-0.000154
-0.000230
-0.000232
-0.000221
-0.000295
-0.000287
-0.000020
0.000307
0.000404
0.000301
0.000177
0.000130
0.000223
0.000352
0.000172
-0.000398
-0.000881
-0.000882
-0.000538
-0.000155
0.000018
-0.000150
-0.000404
-0.000296
0.000130
0.000374
0.000256
0.000109
0.000170
0.000289
0.000167
-0.000510
-0.001908
-0.003337
-0.003129
-0.000503
0.002575
0.003185
0.001241
-0.000589
-0.000574
0.000862
0.002670
0.003385
0.001575
-0.001445
-0.002060
0.000260
0.001862
0.000940
-0.000240
-0.000135
0.000525
0.001730
0.003315
0.003005
0.000249
-0.001507
-0.000377
0.000935
0.000325
-0.001025
-0.002229
-0.003382
-0.003244
-0.001327
-0.000217
-0.001596
-0.003162
-0.002684
-0.001269
-0.000439
-0.000052
-0.000139
-0.000937
-0.001182
0.000216
0.001812
0.001819
0.000957
0.000772
0.001175
0.001497
0.001765
0.001783
0.001091
0.000309
0.000468
0.001096
0.000990
0.000295
-0.000093
-0.000172
-0.000267
-0.000147
0.000162
0.000073
-0.000433
-0.000756
-0.000797
-0.000905
-0.001014
-0.000872
-0.000694
-0.000734
-0.000698
-0.000268
0.000276
0.000506
0.000433
0.000303
0.000245
0.000316
0.000505
0.000527
0.000112
-0.000417
-0.000476
-0.000140
0.000062
0.000091
0.000238
0.000442
0.000582
0.000758
0.000826
0.000476
-0.000111
-0.000479
-0.000601
-0.000693
-0.000720
-0.000616
-0.000543
-0.000499
-0.000188
0.000354
0.000652
0.000552
0.000390
0.000331
0.000244
0.000129
0.000037
-0.000215
-0.000615
-0.000701
-0.000363
-0.000098
-0.000035
0.000194
0.000535
0.000580
0.000394
0.000312
0.000243
-0.000016
-0.000225
-0.000187
-0.000213
-0.000487
-0.000656
-0.000493
-0.000239
-0.000076
0.000062
0.000138
0.000107
0.000147
0.000308
0.000312
0.000052
-0.000170
-0.000162
-0.000120
-0.000201
-0.000292
-0.000513
-0.001385
-0.002803
-0.003269
-0.001411
0.001687
0.003178
0.001968
-0.000043
-0.000745
0.000061
0.001653
0.002982
0.002369
-0.000265
-0.001842
-0.000327
0.001761
0.001614
0.000389
0.000014
0.000238
0.001015
0.002790
0.003690
0.001696
-0.001028
-0.001174
0.000324
0.000636
-0.000358
-0.001579
-0.002929
-0.003581
-0.002348
-0.000665
-0.001027
-0.002762
-0.003248
-0.002104
-0.000849
-0.000134
0.000011
-0.000701
-0.001503
-0.000783
0.001175
0.002252
0.001769
0.001118
0.001118
0.001269
0.001360
0.001566
0.001425
0.000669
0.000178
0.000522
0.000813
0.000327
-0.000292
-0.000377
-0.000110
0.000380
0.001096
0.001454
0.001024
0.000367
0.000037
-0.000246
-0.000710
-0.001035
-0.001172
-0.001394
-0.001527
-0.001233
-0.000718
-0.000372
-0.000249
-0.000263
-0.000303
-0.000165
0.000084
0.000031
-0.000396
-0.000735
-0.000728
-0.000612
-0.000542
-0.000321
0.000144
0.000632
0.000988
0.001288
0.001547
0.001674
0.001677
0.001558
0.001252
0.000893
0.000699
0.000521
0.000066
-0.000490
-0.000763
-0.000803
-0.000834
-0.000758
-0.000543
-0.000519
-0.000794
-0.000980
-0.000824
-0.000552
-0.000435
-0.000487
-0.000590
-0.000631
-0.000548
-0.000425
-0.000424
-0.000470
-0.000233
0.000382
0.000974
0.001164
0.001072
0.000956
0.000784
0.000554
0.000471
0.000495
0.000366
0.000166
0.000128
0.000118
-0.000061
-0.000266
-0.000330
-0.000348
-0.000409
-0.000443
-0.000434
-0.000445
-0.000554
-0.001136
-0.002724
-0.005041
-0.006683
-0.006384
-0.004283
-0.001466
0.001173
0.003156
0.004351
0.005362
0.007228
0.009994
0.011914
0.010998
0.007515
0.004028
0.002299
0.001178
-0.001239
-0.004543
-0.006876
-0.007562
-0.007041
-0.005723
-0.004387
-0.003947
-0.003950
-0.003117
-0.001452
-0.000144
0.000033
-0.001041
-0.002920
-0.004137
-0.003497
-0.002084
-0.001799
-0.002244
-0.001505
0.000742
0.003201
0.005099
0.006366
0.006738
0.006310
0.005883
0.005738
0.005139
0.003536
0.001287
-0.000867
-0.002267
-0.002566
-0.002196
-0.002093
-0.002351
-0.002007
-0.000741
0.000415
0.000645
0.000339
0.000020
-0.000493
-0.001368
-0.002315
-0.003218
-0.004221
-0.005002
-0.004906
-0.003878
-0.002489
-0.001168
-0.000008
0.001053
0.002233
0.003577
0.004548
0.004550
0.003818
0.003092
0.002554
0.001823
0.000824
-0.000035
-0.000405
-0.000318
-0.000013
0.000388
0.000835
0.001089
0.000981
0.000770
0.000718
0.000574
-0.000019
-0.000887
-0.001542
-0.001813
-0.001876
-0.001910
-0.001953
-0.001879
-0.001537
-0.001053
-0.000790
-0.000899
-0.001167
-0.001396
-0.001640
-0.001893
-0.001904
-0.001540
-0.001018
-0.000479
0.000346
0.001617
0.002906
0.003672
0.003899
0.003905
0.003805
0.003433
0.002681
0.001734
0.000898
0.000278
-0.000226
-0.000581
-0.000662
-0.000643
-0.000791
-0.000998
-0.001096
-0.001347
-0.001992
-0.002631
-0.002724
-0.002435
-0.002303
-0.002386
-0.002337
-0.001980
-0.001375
-0.000688
-0.000110
0.000350
0.000910
0.001631
0.002123
0.001843
0.000441
-0.002109
-0.005070
-0.006691
-0.005538
-0.002321
0.000952
0.003665
0.006590
0.009472
0.011280
0.012492
0.013983
0.014195
0.010859
0.004956
-0.000303
-0.003710
-0.006508
-0.009452
-0.011741
-0.012432
-0.011364
-0.008961
-0.006097
-0.003843
-0.002736
-0.002458
-0.002361
-0.002118
-0.001946
-0.002342
-0.003483
-0.004577
-0.004005
-0.001082
0.002662
0.005276
0.006831
0.008584
0.010559
0.011594
0.010998
0.008889
0.005657
0.002026
-0.000987
-0.002768
-0.003570
-0.004057
-0.004487
-0.004436
-0.003331
-0.001349
0.000363
0.000820
0.000267
-0.000397
-0.000922
-0.001797
-0.003171
-0.004440
-0.005014
-0.004762
-0.003754
-0.002173
-0.000434
0.001001
0.001919
0.002422
0.002706
0.002750
0.002254
0.001080
-0.000253
-0.000928
-0.000765
-0.000229
0.000515
0.001723
0.003161
0.004064
0.004233
0.004134
0.003812
0.002797
0.001167
-0.000377
-0.001487
-0.002325
-0.002942
-0.003176
-0.002939
-0.002259
-0.001283
-0.000367
0.000194
0.000375
0.000105
-0.000736
-0.001828
-0.002599
-0.002983
-0.003286
-0.003389
-0.002841
-0.001667
-0.000412
0.000602
0.001495
0.002311
0.002837
0.002980
0.002844
0.002517
0.002070
0.001620
0.001289
0.001266
0.001670
0.002223
0.002435
0.002229
0.001916
0.001509
0.000666
-0.000544
-0.001584
-0.002304
-0.003046
-0.003834
-0.004184
-0.003816
-0.003061
-0.002355
-0.001765
-0.001218
-0.000752
-0.000424
-0.000274
-0.000292
-0.000320
-0.000216
-0.000071
0.000070
0.000541
0.001661
0.003034
0.003827
0.003736
0.002962
0.001243
-0.002066
-0.006320
-0.008881
-0.007671
-0.003968
-0.000524
0.002486
0.006564
0.010845
0.013002
0.013413
0.013947
0.013535
0.009547
0.002723
-0.003398
-0.007167
-0.009663
-0.011752
-0.012798
-0.011896
-0.009217
-0.006020
-0.003432
-0.001713
-0.000953
-0.001515
-0.003174
-0.004669
-0.004963
-0.004530
-0.004429
-0.004234
-0.002135
0.002404
0.007356
0.010513
0.011906
0.012658
0.012723
0.011335
0.008644
0.005392
0.001817
-0.001911
-0.004887
-0.006038
-0.005273
-0.003669
-0.002479
-0.001956
-0.001347
-0.000336
0.000120
-0.000846
-0.002654
-0.004238
-0.005384
-0.006167
-0.006151
-0.004982
-0.003035
-0.000945
0.001085
0.003137
0.004971
0.005871
0.005279
0.003539
0.001638
0.000101
-0.001304
-0.002595
-0.003071
-0.002267
-0.000695
0.000998
0.002832
0.004665
0.005614
0.005208
0.004103
0.002929
0.001479
-0.000493
-0.002516
-0.003782
-0.003898
-0.003205
-0.002301
-0.001366
-0.000305
0.000636
0.000959
0.000573
-0.000120
-0.000852
-0.001742
-0.002756
-0.003402
-0.003294
-0.002650
-0.001853
-0.000927
0.000194
0.001216
0.001763
0.001863
0.001749
0.001431
0.000866
0.000314
0.000184
0.000571
0.001208
0.001820
0.002415
0.003108
0.003737
0.003896
0.003394
0.002413
0.001151
-0.000372
-0.001946
-0.003075
-0.003576
-0.003748
-0.003776
-0.003475
-0.002720
-0.001768
-0.001084
-0.000878
-0.000907
-0.000900
-0.000956
-0.001199
-0.001371
-0.001195
-0.000771
-0.000207
0.000654
0.001791
0.002838
0.003578
0.004091
0.004332
0.004055
0.003138
0.001457
-0.001495
-0.006027
-0.010672
-0.012211
-0.009099
-0.003913
0.000227
0.004022
0.009157
0.013664
0.014908
0.014321
0.014058
0.012304
0.006891
-0.000019
-0.005028
-0.007870
-0.009849
-0.011033
-0.010824
-0.009093
-0.006188
-0.003200
-0.001587
-0.001652
-0.002610
-0.004230
-0.006472
-0.008030
-0.007629
-0.006058
-0.004660
-0.002778
0.001100
0.006469
0.011032
0.013362
0.013800
0.013041
0.011204
0.008370
0.005049
0.001838
-0.000939
-0.003109
-0.004289
-0.003920
-0.002109
-0.000184
0.000436
-0.000187
-0.000951
-0.001528
-0.002648
-0.004611
-0.006681
-0.008042
-0.008385
-0.007565
-0.005569
-0.002795
0.000077
0.002483
0.004258
0.005606
0.006525
0.006338
0.004473
0.001680
-0.000482
-0.001414
-0.001747
-0.001975
-0.001751
-0.000596
0.001340
0.003309
0.004555
0.004896
0.004548
0.003478
0.001636
-0.000324
-0.001627
-0.002461
-0.003344
-0.003879
-0.003361
-0.002097
-0.000997
-0.000364
0.000051
0.000260
0.000043
-0.000549
-0.001158
-0.001531
-0.001709
-0.001841
-0.001807
-0.001193
0.000042
0.001213
0.001711
0.001747
0.001755
0.001584
0.000941
0.000068
-0.000642
-0.001108
-0.001220
-0.000756
0.000137
0.001023
0.001730
0.002301
0.002668
0.002784
0.002680
0.002205
0.001209
-0.000007
-0.000920
-0.001368
-0.001524
-0.001562
-0.001585
-0.001555
-0.001358
-0.001107
-0.001077
-0.001287
-0.001535
-0.001733
-0.001821
-0.001654
-0.001267
-0.000945
-0.000760
-0.000340
0.000584
0.001594
0.002000
0.001803
0.001635
0.001751
0.001720
0.001267
0.000796
0.000716
0.000658
0.000053
-0.001092
-0.002985
-0.006248
-0.009493
-0.009069
-0.004323
0.000342
0.002423
0.005142
0.010178
0.013629
0.013457
0.012867
0.012810
0.009826
0.003622
-0.001695
-0.004546
-0.006763
-0.008795
-0.009740
-0.009672
-0.008490
-0.005915
-0.003647
-0.003427
-0.004073
-0.004242
-0.005094
-0.006894
-0.007263
-0.005494
-0.003887
-0.003125
-0.001030
0.003190
0.007571
0.010476
0.011893
0.012102
0.011314
0.009914
0.007941
0.005321
0.002674
0.000645
-0.000930
-0.002067
-0.002026
-0.000869
-0.000212
-0.001077
-0.002455
-0.003244
-0.003968
-0.005410
-0.007082
-0.008071
-0.008187
-0.007568
-0.006145
-0.003998
-0.001515
0.000876
0.002766
0.003958
0.004708
0.005169
0.004810
0.003364
0.001796
0.001120
0.001044
0.000979
0.001231
0.002074
0.002853
0.002933
0.002643
0.002594
0.002559
0.001724
0.000020
-0.001581
-0.002403
-0.002858
-0.003414
-0.003676
-0.003154
-0.002210
-0.001556
-0.001258
-0.000893
-0.000421
-0.000239
-0.000476
-0.000734
-0.000604
-0.000164
0.000213
0.000423
0.000779
0.001460
0.002057
0.002133
0.001896
0.001670
0.001180
0.000151
-0.000927
-0.001433
-0.001512
-0.001652
-0.001795
-0.001504
-0.000742
0.000085
0.000699
0.001165
0.001579
0.001829
0.001752
0.001399
0.001034
0.000844
0.000707
0.000451
0.000203
0.000183
0.000218
-0.000086
-0.000662
-0.001048
-0.001177
-0.001403
-0.001758
-0.001907
-0.001711
-0.001313
-0.000911
-0.000610
-0.000345
-0.000083
-0.000018
-0.000197
-0.000261
-0.000027
0.000186
0.000173
0.000208
0.000538
0.001047
0.001557
0.001918
0.001879
0.001338
0.000222
-0.002275
-0.006661
-0.010374
-0.009221
-0.003760
0.000456
0.001818
0.004946
0.010967
0.014622
0.014147
0.013644
0.013471
0.009388
0.002007
-0.003457
-0.005870
-0.007728
-0.009238
-0.009488
-0.008969
-0.007376
-0.004244
-0.001937
-0.002395
-0.003623
-0.004153
-0.005811
-0.008539
-0.009087
-0.007041
-0.005327
-0.004124
-0.000803
0.004580
0.009270
0.011986
0.013136
0.012874
0.011485
0.009610
0.007190
0.004119
0.001382
-0.000309
-0.001536
-0.002306
-0.001477
0.000531
0.001333
0.000135
-0.001315
-0.002110
-0.003429
-0.005826
-0.008110
-0.009326
-0.009602
-0.008974
-0.007180
-0.004482
-0.001511
0.001205
0.003119
0.004067
0.004659
0.005074
0.004436
0.002637
0.001142
0.000796
0.000863
0.000990
0.001736
0.002852
0.003524
0.003939
0.004438
0.004364
0.003405
0.002193
0.000826
-0.000975
-0.002528
-0.003213
-0.003667
-0.004205
-0.004007
-0.003051
-0.002489
-0.002474
-0.002103
-0.001487
-0.001440
-0.001696
-0.001544
-0.001150
-0.000729
0.000080
0.001189
0.002040
0.002654
0.003216
0.003283
0.002694
0.002108
0.001693
0.000860
-0.000283
-0.000936
-0.001053
-0.001138
-0.001020
-0.000326
0.000473
0.000790
0.000790
0.000689
0.000335
-0.000192
-0.000635
-0.001058
-0.001455
-0.001475
-0.001106
-0.000729
-0.000300
0.000432
0.001081
0.001164
0.000989
0.000966
0.000801
0.000256
-0.000226
-0.000350
-0.000415
-0.000526
-0.000403
-0.000122
-0.000022
-0.000059
-0.000124
-0.000425
-0.000902
-0.001206
-0.001468
-0.001876
-0.001894
-0.001242
-0.000762
-0.000923
-0.000853
-0.000528
-0.002075
-0.006151
-0.008728
-0.005743
0.000125
0.003107
0.003777
0.007163
0.012591
0.014859
0.014093
0.014200
0.013835
0.009188
0.002375
-0.002016
-0.004226
-0.006473
-0.008436
-0.009547
-0.010000
-0.008803
-0.006125
-0.004925
-0.006048
-0.006784
-0.006715
-0.008112
-0.009825
-0.008595
-0.005667
-0.004411
-0.003629
-0.000134
0.005161
0.009289
0.011649
0.012785
0.012567
0.011392
0.010029
0.008226
0.005857
0.003925
0.002680
0.001294
0.000288
0.000909
0.002007
0.001295
-0.000848
-0.002438
-0.003495
-0.005285
-0.007566
-0.009258
-0.010246
-0.010647
-0.009963
-0.008085
-0.005575
-0.002844
-0.000419
0.000977
0.001686
0.002733
0.003752
0.003586
0.002721
0.002592
0.003180
0.003688
0.004336
0.005415
0.006075
0.005690
0.004953
0.004553
0.004067
0.002886
0.001221
-0.000347
-0.001522
-0.002245
-0.002641
-0.002959
-0.003170
-0.003111
-0.003047
-0.003306
-0.003653
-0.003852
-0.004232
-0.004872
-0.005026
-0.004173
-0.002782
-0.001408
-0.000008
0.001475
0.002814
0.003904
0.004701
0.005006
0.004775
0.004243
0.003505
0.002523
0.001522
0.000791
0.000340
0.000113
0.000101
0.000135
-0.000028
-0.000416
-0.000841
-0.001238
-0.001710
-0.002159
-0.002315
-0.002187
-0.001989
-0.001726
-0.001319
-0.000844
-0.000353
0.000124
0.000439
0.000587
0.000772
0.000956
0.000907
0.000710
0.000633
0.000641
0.000567
0.000521
0.000629
0.000686
0.000505
0.000244
-0.000011
-0.000417
-0.000873
-0.001061
-0.001007
-0.001016
-0.001225
-0.001591
-0.001914
-0.001795
-0.001340
-0.002002
-0.005116
-0.008664
-0.008046
-0.002633
0.002105
0.003025
0.004434
0.009414
0.013520
0.013488
0.013034
0.013844
0.011473
0.005089
0.000108
-0.001484
-0.002901
-0.005067
-0.006456
-0.007276
-0.007442
-0.005770
-0.004086
-0.005197
-0.007378
-0.008007
-0.008762
-0.010765
-0.010950
-0.008287
-0.006113
-0.005324
-0.002928
0.001666
0.005897
0.008748
0.010650
0.011101
0.010190
0.009355
0.008777
0.007496
0.006061
0.005385
0.004569
0.003218
0.002992
0.004149
0.004264
0.002281
-0.000113
-0.001984
-0.004124
-0.006521
-0.008296
-0.009530
-0.010566
-0.010749
-0.009663
-0.007930
-0.005894
-0.003600
-0.001892
-0.001193
-0.000395
0.000964
0.001619
0.001233
0.001273
0.002306
0.003439
0.004575
0.006261
0.007769
0.008074
0.007691
0.007383
0.006633
0.004882
0.002476
-0.000037
-0.001967
-0.002575
-0.002311
-0.002386
-0.002637
-0.002020
-0.001029
-0.001007
-0.001797
-0.002569
-0.003684
-0.005496
-0.006931
-0.007028
-0.006268
-0.005287
-0.003897
-0.001957
0.000229
0.002431
0.004345
0.005421
0.005601
0.005320
0.004597
0.003371
0.002331
0.001969
0.001696
0.001134
0.000975
0.001601
0.002246
0.002206
0.001612
0.000751
-0.000314
-0.001428
-0.002417
-0.003283
-0.003887
-0.003960
-0.003553
-0.002872
-0.001916
-0.000879
-0.000249
-0.000064
0.000121
0.000355
0.000249
-0.000171
-0.000440
-0.000402
-0.000210
0.000205
0.000911
0.001642
0.002187
0.002527
0.002535
0.002170
0.001688
0.001191
0.000380
-0.000907
-0.002237
-0.003029
-0.003226
-0.003285
-0.004072
-0.006240
-0.008176
-0.006470
-0.001296
0.002397
0.002771
0.004167
0.008328
0.010963
0.010543
0.010589
0.011053
0.008176
0.003156
0.000548
0.000066
-0.001146
-0.002633
-0.003451
-0.004522
-0.005126
-0.003971
-0.003259
-0.005073
-0.007221
-0.007976
-0.009139
-0.010736
-0.009986
-0.007327
-0.005847
-0.005071
-0.002399
0.001469
0.004377
0.006481
0.008164
0.008459
0.007658
0.007279
0.007195
0.006526
0.005972
0.006114
0.005908
0.005187
0.005277
0.005869
0.005070
0.002831
0.000667
-0.001274
-0.003613
-0.005738
-0.007097
-0.008423
-0.009802
-0.010039
-0.008989
-0.007732
-0.006433
-0.004771
-0.003483
-0.002934
-0.002074
-0.000658
0.000145
0.000274
0.000922
0.002159
0.003225
0.004389
0.006055
0.007364
0.007678
0.007631
0.007429
0.006347
0.004506
0.002886
0.001750
0.000793
0.000054
-0.000371
-0.000570
-0.000529
-0.000424
-0.000815
-0.001847
-0.002984
-0.004010
-0.005294
-0.006717
-0.007565
-0.007621
-0.007212
-0.006265
-0.004497
-0.002269
-0.000233
0.001417
0.002701
0.003587
0.004179
0.004494
0.004331
0.003827
0.003453
0.003317
0.003237
0.003315
0.003622
0.003721
0.003256
0.002522
0.001841
0.001004
-0.000161
-0.001364
-0.002364
-0.003212
-0.003776
-0.003820
-0.003576
-0.003390
-0.003166
-0.002801
-0.002466
-0.002132
-0.001614
-0.001068
-0.000742
-0.000460
0.000041
0.000685
0.001325
0.001946
0.002441
0.002602
0.002370
0.001875
0.001262
0.000565
-0.000664
-0.003364
-0.006987
-0.008160
-0.004801
-0.000420
0.001001
0.001845
0.005628
0.009512
0.010019
0.009674
0.010427
0.008902
0.004082
0.000251
-0.000965
-0.002045
-0.003261
-0.003460
-0.003814
-0.004411
-0.003111
-0.001074
-0.001698
-0.004007
-0.005165
-0.006392
-0.009021
-0.010255
-0.008645
-0.007045
-0.006562
-0.004791
-0.001268
0.002055
0.004764
0.007077
0.007762
0.006748
0.006061
0.006208
0.005819
0.005071
0.005072
0.005111
0.004432
0.004346
0.005457
0.005927
0.004647
0.002706
0.000819
-0.001296
-0.003201
-0.004420
-0.005752
-0.007540
-0.008503
-0.007983
-0.006937
-0.005882
-0.004501
-0.003340
-0.003182
-0.003292
-0.002711
-0.002032
-0.001894
-0.001623
-0.000730
0.000432
0.001960
0.004110
0.006044
0.006882
0.007046
0.007046
0.006484
0.005290
0.004223
0.003543
0.002713
0.001662
0.001093
0.001296
0.001604
0.001352
0.000539
-0.000674
-0.002219
-0.003819
-0.005175
-0.006302
-0.007203
-0.007653
-0.007523
-0.006780
-0.005293
-0.003223
-0.001248
0.000163
0.001182
0.002019
0.002598
0.002861
0.002845
0.002627
0.002450
0.002583
0.002980
0.003428
0.003825
0.004064
0.003997
0.003667
0.003187
0.002441
0.001258
-0.000179
-0.001467
-0.002349
-0.002760
-0.002801
-0.002708
-0.002593
-0.002365
-0.002067
-0.001948
-0.002013
-0.001944
-0.001703
-0.001646
-0.001817
-0.001831
-0.001572
-0.001355
-0.001271
-0.001050
-0.001013
-0.002335
-0.004771
-0.005168
-0.001584
0.002618
0.003763
0.004241
0.007431
0.010696
0.010867
0.010414
0.011082
0.009543
0.004913
0.001288
-0.000054
-0.001604
-0.003363
-0.004068
-0.004963
-0.006123
-0.005295
-0.003522
-0.004036
-0.005822
-0.006278
-0.006808
-0.008657
-0.009114
-0.007177
-0.005778
-0.005528
-0.003888
-0.000799
0.001834
0.004202
0.006662
0.007579
0.006734
0.006236
0.006460
0.005941
0.004998
0.004816
0.004641
0.003815
0.003755
0.004991
0.005655
0.004684
0.003083
0.001441
-0.000544
-0.002423
-0.003739
-0.005272
-0.007304
-0.008560
-0.008448
-0.007835
-0.006917
-0.005314
-0.003931
-0.003623
-0.003349
-0.002198
-0.001047
-0.000532
-0.000011
0.000680
0.001146
0.001945
0.003608
0.005199
0.005947
0.006470
0.006998
0.006795
0.005941
0.005162
0.004188
0.002512
0.000763
-0.000355
-0.001085
-0.001636
-0.001857
-0.002029
-0.002399
-0.002607
-0.002590
-0.002797
-0.003187
-0.003500
-0.003983
-0.004567
-0.004487
-0.003592
-0.002639
-0.001909
-0.000990
0.000106
0.001007
0.001770
0.002455
0.002652
0.002317
0.002119
0.002345
0.002543
0.002551
0.002650
0.002760
0.002658
0.002546
0.002461
0.001969
0.000978
-0.000089
-0.001076
-0.002041
-0.002751
-0.003137
-0.003486
-0.003599
-0.002943
-0.001872
-0.001229
-0.000905
-0.000282
0.000402
0.000529
0.000262
0.000046
-0.000190
-0.000498
-0.000513
-0.000084
0.000532
0.001133
0.001665
0.002027
0.002077
0.001570
0.000119
-0.002153
-0.003979
-0.004095
-0.003008
-0.002086
-0.001191
0.000706
0.003206
0.005125
0.006535
0.007753
0.007771
0.005991
0.003610
0.001648
-0.000177
-0.001888
-0.002998
-0.003629
-0.003828
-0.003036
-0.001656
-0.001007
-0.001240
-0.001679
-0.002557
-0.004102
-0.005365
-0.005742
-0.005892
-0.006103
-0.005615
-0.004026
-0.001708
0.000960
0.003469
0.005100
0.005808
0.006118
0.006018
0.005221
0.004104
0.003217
0.002476
0.001769
0.001578
0.002191
0.003049
0.003443
0.003197
0.002459
0.001393
0.000142
-0.001292
-0.002981
-0.004638
-0.005709
-0.006055
-0.005926
-0.005336
-0.004228
-0.003017
-0.002156
-0.001518
-0.000888
-0.000470
-0.000453
-0.000699
-0.001019
-0.001210
-0.000901
0.000120
0.001503
0.002668
0.003458
0.004171
0.005059
0.005879
0.005936
0.004981
0.003814
0.003110
0.002407
0.001373
0.000615
0.000239
-0.000503
-0.001555
-0.002102
-0.002254
-0.002760
-0.003541
-0.004094
-0.004450
-0.004606
-0.004279
-0.003761
-0.003507
-0.003084
-0.002025
-0.000813
0.000138
0.001093
0.001960
0.002214
0.002066
0.002164
0.002386
0.002280
0.002070
0.002125
0.002288
0.002318
0.002229
0.002013
0.001668
0.001354
0.001066
0.000603
0.000045
-0.000341
-0.000667
-0.001154
-0.001605
-0.001910
-0.002388
-0.003148
-0.004161
-0.005775
-0.007452
-0.007169
-0.004514
-0.002065
-0.000980
0.000959
0.004325
0.006539
0.007151
0.008182
0.009022
0.007665
0.005297
0.003916
0.002850
0.001531
0.000881
0.000416
-0.000741
-0.001204
-0.000376
-0.000438
-0.002121
-0.003564
-0.004559
-0.006391
-0.008121
-0.008141
-0.007381
-0.007044
-0.006204
-0.004211
-0.002012
-0.000007
0.002093
0.003604
0.003923
0.003933
0.004312
0.004381
0.003904
0.003710
0.003895
0.003778
0.003641
0.004171
0.004785
0.004600
0.003891
0.003009
0.001650
0.000030
-0.001253
-0.002484
-0.004061
-0.005263
-0.005477
-0.005257
-0.004937
-0.004035
-0.002791
-0.002156
-0.002071
-0.001819
-0.001582
-0.001788
-0.002001
-0.001855
-0.001585
-0.001023
0.000216
0.001696
0.002848
0.003884
0.004883
0.005307
0.005144
0.004959
0.004552
0.003284
0.001613
0.000590
0.000239
-0.000079
-0.000395
-0.000459
-0.000475
-0.000609
-0.000729
-0.001004
-0.001698
-0.002563
-0.003303
-0.003985
-0.004438
-0.004323
-0.003897
-0.003487
-0.002719
-0.001349
0.000146
0.001409
0.002423
0.002896
0.002693
0.002412
0.002436
0.002262
0.001656
0.001279
0.001504
0.001812
0.001726
0.001430
0.001334
0.001455
0.001371
0.000814
0.000107
-0.000353
-0.000732
-0.001369
-0.002045
-0.002314
-0.002308
-0.002423
-0.002475
-0.002087
-0.001484
-0.001105
-0.000935
-0.000777
-0.000592
-0.000334
0.000008
0.000273
0.000425
0.000644
0.000914
0.001095
0.001316
0.001686
0.001914
0.001807
0.001639
0.001609
0.001481
0.001065
0.000594
0.000337
0.000064
-0.000566
-0.001200
-0.001228
-0.000880
-0.000841
-0.001141
-0.001343
-0.001291
-0.001120
-0.001002
-0.001029
-0.001049
-0.000792
-0.000310
0.000131
0.000577
0.001188
0.001652
0.001578
0.001201
0.000971
0.000841
0.000536
0.000108
-0.000157
-0.000159
-0.000070
-0.000030
0.000004
0.000082
0.000189
0.000250
0.000082
-0.000394
-0.000913
-0.001184
-0.001266
-0.001281
-0.001098
-0.000642
-0.000124
0.000254
0.000536
0.000833
0.001048
0.000937
0.000492
0.000066
-0.000065
-0.000075
-0.000281
-0.000591
-0.000551
-0.000018
0.000544
0.000724
0.000693
0.000708
0.000698
0.000585
0.000414
0.000140
-0.000232
-0.000566
-0.000859
-0.001114
-0.001087
-0.000691
-0.000319
-0.000279
-0.000334
-0.000215
-0.000064
-0.000064
-0.000083
0.000024
0.000111
0.000035
-0.000063
-0.000032
0.000065
0.000179
0.000360
0.000557
0.000718
0.000941
0.001205
0.001282
0.001141
0.000999
0.000895
0.000669
0.000325
-0.000018
-0.000372
-0.000743
-0.001029
-0.001175
-0.001188
-0.001075
-0.000938
-0.000941
-0.001010
-0.000911
-0.000666
-0.000472
-0.000342
-0.000208
-0.000105
-0.000041
0.000088
0.000320
0.000507
0.000527
0.000485
0.000517
0.000652
0.000895
0.001130
0.001106
0.000825
0.000596
0.000513
0.000380
0.000122
-0.000174
-0.000488
-0.000789
-0.000932
-0.000886
-0.000762
-0.000566
-0.000335
-0.000257
-0.000257
-0.000026
0.000311
0.000366
0.000172
0.000017
-0.000032
-0.000057
-0.000085
-0.000126
-0.000177
-0.000136
0.000110
0.000462
0.000679
0.000696
0.000590
0.000349
0.000016
-0.000212
-0.000286
-0.000352
-0.000433
-0.000378
-0.000145
0.000086
0.000196
0.000298
0.000466
0.000561
0.000447
0.000173
-0.000133
-0.000428
-0.000724
-0.000915
-0.000853
-0.000597
-0.000360
-0.000244
-0.000192
-0.000168
-0.000322
-0.000995
-0.002329
-0.003670
-0.003869
-0.002747
-0.001449
-0.000526
0.000856
0.002923
0.004665
0.005776
0.006751
0.007125
0.006142
0.004450
0.003024
0.001691
0.000209
-0.001009
-0.001868
-0.002459
-0.002366
-0.001626
-0.001204
-0.001595
-0.002347
-0.003219
-0.004336
-0.005365
-0.005844
-0.005947
-0.005973
-0.005656
-0.004581
-0.002742
-0.000446
0.001806
0.003380
0.004084
0.004458
0.004896
0.005067
0.004775
0.004425
0.004157
0.003702
0.003308
0.003488
0.003932
0.003899
0.003261
0.002340
0.001311
0.000214
-0.000995
-0.002429
-0.003913
-0.005064
-0.005812
-0.006197
-0.005947
-0.004988
-0.003886
-0.003154
-0.002627
-0.001995
-0.001366
-0.000996
-0.000940
-0.001000
-0.000833
-0.000204
0.000776
0.001824
0.002867
0.003941
0.004835
0.005314
0.005474
0.005458
0.005085
0.004161
0.002903
0.001692
0.000697
-0.000081
-0.000653
-0.001077
-0.001439
-0.001765
-0.002045
-0.002297
-0.002581
-0.003029
-0.003734
-0.004488
-0.004831
-0.004577
-0.004037
-0.003430
-0.002558
-0.001391
-0.000257
0.000732
0.001675
0.002464
0.002920
0.003067
0.003033
0.002980
0.003020
0.003043
0.002910
0.002794
0.002879
0.002921
0.002653
0.002245
0.001855
0.001185
0.000030
-0.001190
-0.002013
-0.002548
-0.003065
-0.003465
-0.003544
-0.003358
-0.003036
-0.002655
-0.002360
-0.002213
-0.002031
-0.001684
-0.001274
-0.000842
-0.000334
0.000177
0.000657
0.001271
0.002008
0.002531
0.002723
0.002848
0.002989
0.002907
0.002524
0.002008
0.001470
0.000976
0.000629
0.000350
-0.000045
-0.000412
-0.000490
-0.000486
-0.000741
-0.001096
-0.001237
-0.001264
-0.001412
-0.001631
-0.001751
-0.001764
-0.001719
-0.001550
-0.001211
-0.000823
-0.000501
-0.000187
0.000151
0.000383
0.000491
0.000654
0.000865
0.000898
0.000816
0.000884
0.001041
0.001072
0.001030
0.001029
0.001005
0.000916
0.000787
0.000548
0.000159
-0.000181
-0.000274
-0.000245
-0.000292
-0.000362
-0.000324
-0.000225
-0.000170
-0.000153
-0.000198
-0.000443
-0.000908
-0.001353
-0.001486
-0.001284
-0.000963
-0.000693
-0.000484
-0.000236
0.000125
0.000540
0.000893
0.001118
0.001147
0.000963
0.000719
0.000558
0.000438
0.000317
0.000265
0.000282
0.000281
0.000284
0.000374
0.000483
0.000419
0.000096
-0.000358
-0.000721
-0.000851
-0.000803
-0.000768
-0.000848
-0.000923
-0.000802
-0.000518
-0.000334
-0.000280
-0.000087
0.000277
0.000525
0.000541
0.000452
0.000295
0.000056
-0.000093
0.000024
0.000331
0.000604
0.000675
0.000561
0.000454
0.000450
0.000424
0.000314
0.000196
0.000035
-0.000247
-0.000543
-0.000673
-0.000597
-0.000435
-0.000334
-0.000304
-0.000225
-0.000099
-0.000123
-0.000343
-0.000497
-0.000399
-0.000162
0.000009
0.000047
0.000032
0.000061
0.000201
0.000493
0.000832
0.001040
0.001092
0.001024
0.000766
0.000344
-0.000022
-0.000257
-0.000509
-0.000785
-0.000900
-0.000795
-0.000560
-0.000298
-0.000168
-0.000256
-0.000356
-0.000247
-0.000062
-0.000020
-0.000095
-0.000227
-0.000386
-0.000376
-0.000045
0.000383
0.000545
0.000452
0.000431
0.000564
0.000654
0.000649
0.000598
0.000441
0.000178
-0.000075
-0.000264
-0.000322
-0.000179
-0.000054
-0.000223
-0.000443
-0.000264
0.000187
0.000405
0.000287
0.000089
-0.000093
-0.000340
-0.000677
-0.000979
-0.001053
-0.000902
-0.000682
-0.000388
0.000046
0.000452
0.000605
0.000541
0.000469
0.000464
0.000440
0.000406
0.000446
0.000490
0.000404
0.000215
0.000035
-0.000027
0.000136
0.000399
0.000458
0.000278
0.000076
-0.000092
-0.000281
-0.000386
-0.000310
-0.000254
-0.000458
-0.000805
-0.000970
-0.000735
-0.000187
0.000175
-0.000002
-0.000315
-0.000246
0.000041
0.000188
0.000245
0.000337
0.000374
0.000379
0.000577
0.000916
0.000952
0.000507
-0.000046
-0.000368
-0.000423
-0.000245
-0.000024
-0.000057
-0.000310
-0.000474
-0.000461
-0.000358
-0.000127
0.000154
0.000168
-0.000116
-0.000290
-0.000113
0.000185
0.000245
-0.000024
-0.000327
-0.000281
0.000075
0.000344
0.000396
0.000470
0.000582
0.000430
0.000073
-0.000020
0.000180
0.000187
-0.000166
-0.000601
-0.000869
-0.000827
-0.000529
-0.000268
-0.000185
-0.000175
-0.000237
-0.000342
-0.000201
0.000304
0.000759
0.000705
0.000286
0.000025
0.000126
0.000410
0.000690
0.000787
0.000575
0.000279
0.000241
0.000410
0.000534
0.000499
0.000157
-0.000533
-0.001077
-0.000976
-0.000561
-0.000445
-0.000631
-0.000878
-0.001097
-0.001006
-0.000437
0.000150
0.000288
0.000142
0.000073
0.000205
0.000557
0.000982
0.001036
0.000510
-0.000028
0.000026
0.000379
0.000436
0.000220
0.000024
-0.000049
0.000083
0.000371
0.000442
0.000101
-0.000343
-0.000578
-0.000652
-0.000624
-0.000474
-0.000447
-0.000739
-0.000926
-0.000536
0.000147
0.000533
0.000571
0.000563
0.000539
0.000383
0.000257
0.000289
0.000214
-0.000097
-0.000315
-0.000216
0.000090
0.000407
0.000499
0.000219
-0.000152
-0.000186
0.000101
0.000316
0.000187
-0.000225
-0.000674
-0.000853
-0.000573
-0.000036
0.000308
0.000279
0.000052
-0.000083
0.000096
0.000450
0.000526
0.000206
-0.000136
-0.000246
-0.000157
0.000048
0.000180
-0.000042
-0.000578
-0.000932
-0.000741
-0.000214
0.000230
0.000386
0.000274
0.000157
0.000334
0.000672
0.000762
0.000525
0.000173
-0.000135
-0.000295
-0.000223
-0.000023
-0.000011
-0.000309
-0.000588
-0.000553
-0.000264
0.000110
0.000315
0.000116
-0.000241
-0.000222
0.000198
0.000554
0.000524
0.000134
-0.000418
-0.000852
-0.000858
-0.000400
0.000158
0.000472
0.000545
0.000512
0.000490
0.000567
0.000646
0.000474
-0.000012
-0.000588
-0.000946
-0.000928
-0.000663
-0.000402
-0.000190
0.000115
0.000503
0.000793
0.000895
0.000783
0.000379
-0.000196
-0.000592
-0.000723
-0.000733
-0.000528
-0.000083
0.000233
0.000317
0.000486
0.000776
0.000919
0.000755
0.000256
-0.000433
-0.000939
-0.000953
-0.000600
-0.000283
-0.000117
0.000088
0.000305
0.000335
0.000221
0.000110
-0.000045
-0.000366
-0.000767
-0.000952
-0.000824
-0.000587
-0.000312
0.000107
0.000584
0.000922
0.001051
0.001040
0.000963
0.000735
0.000312
-0.000060
-0.000238
-0.000352
-0.000376
-0.000236
-0.000121
-0.000116
-0.000057
0.000107
0.000252
0.000298
0.000203
-0.000137
-0.000646
-0.000918
-0.000798
-0.000654
-0.000625
-0.000408
0.000058
0.000503
0.000766
0.000842
0.000754
0.000559
0.000353
0.000176
-0.000041
-0.000325
-0.000590
-0.000811
-0.000914
-0.000658
-0.000052
0.000508
0.000724
0.000687
0.000663
0.000736
0.000738
0.000527
0.000147
-0.000341
-0.000854
-0.001129
-0.000952
-0.000458
0.000031
0.000346
0.000561
0.000780
0.000862
0.000554
-0.000079
-0.000676
-0.001050
-0.001301
-0.001407
-0.001117
-0.000439
0.000189
0.000485
0.000685
0.001021
0.001276
0.001163
0.000766
0.000353
0.000046
-0.000162
-0.000315
-0.000441
-0.000444
-0.000291
-0.000139
-0.000026
0.000212
0.000526
0.000546
0.000085
-0.000517
-0.000862
-0.000963
-0.000901
-0.000630
-0.000293
-0.000058
0.000203
0.000608
0.000975
0.001027
0.000721
0.000290
-0.000033
-0.000184
-0.000203
-0.000236
-0.000361
-0.000435
-0.000301
0.000070
0.000569
0.000878
0.000808
0.000560
0.000345
0.000143
-0.000123
-0.000492
-0.000895
-0.001183
-0.001225
-0.000948
-0.000424
0.000137
0.000565
0.000714
0.000526
0.000192
-0.000057
-0.000166
-0.000169
-0.000174
-0.000304
-0.000444
-0.000341
-0.000001
0.000341
0.000608
0.000890
0.001098
0.001053
0.000829
0.000554
0.000183
-0.000211
-0.000446
-0.000484
-0.000404
-0.000382
-0.000540
-0.000674
-0.000560
-0.000344
-0.000258
-0.000290
-0.000349
-0.000417
-0.000425
-0.000268
0.000006
0.000199
0.000215
0.000220
0.000384
0.000584
0.000575
0.000342
0.000070
-0.000106
-0.000180
-0.000193
-0.000159
-0.000060
0.000095
0.000243
0.000377
0.000554
0.000694
0.000608
0.000329
0.000147
0.000173
0.000151
-0.000115
-0.000405
-0.000488
-0.000510
-0.000594
-0.000522
-0.000205
0.000024
-0.000075
-0.000289
-0.000384
-0.000396
-0.000387
-0.000354
-0.000340
-0.000355
-0.000327
-0.000192
0.000094
0.000501
0.000819
0.000862
0.000747
0.000724
0.000804
0.000786
0.000550
0.000109
-0.000406
-0.000717
-0.000677
-0.000484
-0.000307
-0.000093
0.000129
0.000247
0.000254
0.000155
-0.000084
-0.000388
-0.000581
-0.000542
-0.000311
-0.000040
0.000125
0.000159
0.000182
0.000245
0.000240
0.000198
0.000237
0.000216
-0.000033
-0.000326
-0.000411
-0.000292
-0.000128
-0.000058
-0.000099
-0.000137
-0.000098
-0.000044
-0.000029
-0.000035
-0.000112
-0.000253
-0.000121
0.000439
0.000900
0.000909
0.000814
0.000816
0.000685
0.000373
0.000046
-0.000241
-0.000549
-0.000890
-0.001080
-0.000937
-0.000575
-0.000254
-0.000086
0.000050
0.000301
0.000501
0.000419
0.000177
-0.000067
-0.000340
-0.000534
-0.000446
-0.000147
0.000058
0.000040
0.000045
0.000288
0.000536
0.000500
0.000233
-0.000085
-0.000336
-0.000465
-0.000421
-0.000187
0.000035
0.000083
0.000177
0.000504
0.000865
0.000983
0.000737
0.000237
-0.000213
-0.000452
-0.000562
-0.000607
-0.000596
-0.000551
-0.000453
-0.000227
0.000146
0.000452
0.000453
0.000283
0.000193
0.000107
-0.000094
-0.000304
-0.000457
-0.000549
-0.000494
-0.000263
0.000039
0.000311
0.000490
0.000509
0.000428
0.000425
0.000402
0.000066
-0.000436
-0.000633
-0.000484
-0.000273
-0.000043
0.000283
0.000570
0.000636
0.000592
0.000643
0.000657
0.000370
-0.000146
-0.000582
-0.000759
-0.000704
-0.000558
-0.000422
-0.000246
-0.000003
0.000167
0.000123
-0.000046
-0.000142
-0.000237
-0.000538
-0.000889
-0.000943
-0.000686
-0.000354
-0.000033
0.000354
0.000806
0.001212
0.001490
0.001598
0.001469
0.001034
0.000381
-0.000197
-0.000486
-0.000613
-0.000753
-0.000786
-0.000519
-0.000036
0.000328
0.000326
0.000038
-0.000287
-0.000535
-0.000770
-0.001054
-0.001305
-0.001361
-0.001099
-0.000520
0.000195
0.000810
0.001254
0.001576
0.001702
0.001530
0.001146
0.000681
0.000186
-0.000270
-0.000621
-0.000818
-0.000757
-0.000458
-0.000141
0.000092
0.000315
0.000423
0.000223
-0.000132
-0.000355
-0.000528
-0.000836
-0.001121
-0.001149
-0.000952
-0.000636
-0.000224
0.000238
0.000657
0.000943
0.001038
0.000956
0.000789
0.000639
0.000473
0.000174
-0.000155
-0.000263
-0.000161
-0.000054
0.000013
0.000158
0.000393
0.000486
0.000289
0.000002
-0.000147
-0.000214
-0.000350
-0.000556
-0.000672
-0.000595
-0.000449
-0.000405
-0.000441
-0.000433
-0.000346
-0.000250
-0.000176
-0.000021
0.000275
0.000552
0.000593
0.000415
0.000268
0.000276
0.000283
0.000179
0.000070
0.000045
0.000084
0.000158
0.000214
0.000198
0.000177
0.000267
