5440
-0.000241
-0.000346
-0.000284
-0.000041
0.000205
0.000284
0.000209
0.000114
0.000068
0.000021
-0.000040
-0.000066
-0.000054
-0.000019
0.000040
0.000076
0.000062
0.000048
0.000057
0.000041
0.000007
0.000028
0.000084
0.000072
0.000011
-0.000032
-0.000125
-0.000298
-0.000376
-0.000240
-0.000025
0.000090
0.000076
0.000018
0.000036
0.000174
0.000332
0.000345
0.000154
-0.000089
-0.000202
-0.000206
-0.000236
-0.000303
-0.000284
-0.000135
0.000043
0.000131
0.000127
0.000106
0.000106
0.000127
0.000156
0.000163
0.000116
0.000012
-0.000068
-0.000015
0.000122
0.000153
0.000032
-0.000049
0.000021
0.000083
0.000006
-0.000091
-0.000053
0.000063
0.000080
-0.000037
-0.000151
-0.000180
-0.000218
-0.000305
-0.000286
-0.000112
0.000059
0.000139
0.000174
0.000178
0.000127
0.000051
0.000002
-0.000004
0.000007
-0.000004
-0.000031
-0.000020
0.000026
0.000047
0.000023
-0.000037
-0.000084
-0.000075
-0.000049
-0.000040
-0.000008
0.000038
0.000043
0.000033
0.000053
0.000053
0.000008
-0.000011
0.000015
0.000022
0.000035
0.000092
0.000093
-0.000019
-0.000102
-0.000021
0.000126
0.000125
-0.000010
-0.000049
0.000052
0.000084
-0.000069
-0.000251
-0.000229
-0.000021
0.000105
0.000061
0.000041
0.000112
0.000131
0.000054
-0.000008
-0.000037
-0.000132
-0.000262
-0.000268
-0.000101
0.000098
0.000156
0.000036
-0.000108
-0.000126
-0.000042
0.000060
0.000151
0.000184
0.000135
0.000118
0.000211
0.000241
0.000038
-0.000249
-0.000390
-0.000342
-0.000121
0.000171
0.000257
0.000057
-0.000107
-0.000009
0.000162
0.000185
0.000088
-0.000070
-0.000257
-0.000306
-0.000160
-0.000050
-0.000062
0.000002
0.000138
0.000133
0.000049
0.000088
0.000144
0.000062
0.000026
0.000198
0.000352
0.000245
-0.000022
-0.000232
-0.000289
-0.000194
-0.000054
-0.000055
-0.000233
-0.000336
-0.000159
0.000088
0.000175
0.000240
0.000336
0.000226
-0.000063
-0.000213
-0.000168
-0.000120
-0.000051
0.000126
0.000233
0.000120
-0.000016
-0.000001
0.000051
0.000042
-0.000002
-0.000101
-0.000222
-0.000186
0.000000
0.000071
-0.000030
-0.000089
-0.000079
-0.000098
-0.000051
0.000087
0.000094
-0.000058
-0.000113
0.000007
0.000124
0.000108
-0.000019
-0.000142
-0.000105
0.000115
0.000323
0.000354
0.000293
0.000277
0.000248
0.000124
-0.000030
-0.000166
-0.000297
-0.000364
-0.000295
-0.000178
-0.000173
-0.000251
-0.000235
-0.000079
0.000073
0.000105
0.000058
0.000034
0.000083
0.000167
0.000180
0.000092
0.000003
0.000023
0.000146
0.000237
0.000166
-0.000004
-0.000088
-0.000048
0.000008
0.000050
0.000074
0.000002
-0.000140
-0.000224
-0.000229
-0.000237
-0.000299
-0.000396
-0.000420
-0.000263
0.000032
0.000297
0.000413
0.000411
0.000392
0.000369
0.000293
0.000182
0.000055
-0.000106
-0.000216
-0.000158
0.000005
0.000100
0.000069
0.000006
0.000005
0.000049
0.000035
-0.000079
-0.000171
-0.000126
-0.000033
-0.000036
-0.000117
-0.000194
-0.000279
-0.000327
-0.000176
0.000116
0.000238
0.000136
0.000060
0.000099
0.000159
0.000213
0.000226
0.000180
0.000178
0.000216
0.000124
-0.000083
-0.000216
-0.000265
-0.000305
-0.000232
-0.000024
0.000059
-0.000109
-0.000260
-0.000161
0.000053
0.000157
0.000146
0.000109
0.000063
0.000019
0.000015
0.000008
-0.000087
-0.000203
-0.000162
0.000038
0.000214
0.000269
0.000236
0.000153
0.000065
-0.000041
-0.000222
-0.000337
-0.000196
0.000020
0.000018
-0.000077
0.000052
0.000305
0.000328
0.000140
0.000035
0.000020
-0.000078
-0.000193
-0.000193
-0.000145
-0.000129
-0.000108
-0.000075
-0.000077
-0.000113
-0.000130
-0.000058
0.000157
0.000444
0.000585
0.000455
0.000196
0.000016
-0.000075
-0.000171
-0.000228
-0.000141
-0.000030
-0.000058
-0.000117
-0.000096
-0.000118
-0.000198
-0.000157
-0.000020
0.000020
-0.000031
-0.000019
0.000064
0.000076
-0.000038
-0.000199
-0.000332
-0.000352
-0.000169
0.000169
0.000444
0.000505
0.000423
0.000333
0.000236
0.000080
-0.000076
-0.000158
-0.000198
-0.000239
-0.000222
-0.000117
-0.000034
-0.000055
-0.000095
-0.000010
0.000173
0.000201
-0.000019
-0.000178
-0.000040
0.000177
0.000212
0.000137
0.000081
-0.000011
-0.000164
-0.000216
-0.000067
0.000123
0.000194
0.000193
0.000156
-0.000006
-0.000218
-0.000261
-0.000159
-0.000135
-0.000178
-0.000114
-0.000009
-0.000012
-0.000006
0.000077
0.000056
-0.000031
0.000070
0.000246
0.000170
-0.000090
-0.000220
-0.000142
0.000052
0.000250
0.000267
0.000047
-0.000151
-0.000145
-0.000073
-0.000070
-0.000087
-0.000060
0.000043
0.000235
0.000372
0.000222
-0.000105
-0.000242
-0.000161
-0.000109
-0.000113
-0.000085
-0.000091
-0.000127
-0.000047
0.000148
0.000280
0.000232
0.000052
-0.000045
0.000131
0.000376
0.000240
-0.000237
-0.000466
-0.000216
0.000082
0.000081
-0.000104
-0.000266
-0.000253
0.000072
0.000538
0.000633
0.000215
-0.000228
-0.000323
-0.000229
-0.000140
-0.000090
-0.000193
-0.000402
-0.000354
0.000031
0.000342
0.000343
0.000179
-0.000033
-0.000195
-0.000138
0.000047
0.000068
-0.000063
-0.000085
0.000043
0.000177
0.000257
0.000233
0.000026
-0.000192
-0.000075
0.000312
0.000509
0.000335
0.000020
-0.000234
-0.000341
-0.000233
-0.000029
0.000020
-0.000090
-0.000163
-0.000183
-0.000223
-0.000199
-0.000092
-0.000060
-0.000106
-0.000051
0.000056
0.000031
-0.000026
0.000068
0.000210
0.000269
0.000312
0.000343
0.000269
0.000140
0.000085
0.000070
-0.000022
-0.000182
-0.000314
-0.000331
-0.000196
0.000023
0.000177
0.000204
0.000148
-0.000007
-0.000322
-0.000639
-0.000668
-0.000376
-0.000003
0.000254
0.000375
0.000388
0.000280
0.000112
0.000035
0.000103
0.000181
0.000153
0.000078
0.000042
0.000060
0.000118
0.000161
0.000142
0.000111
0.000153
0.000212
0.000138
-0.000050
-0.000188
-0.000234
-0.000295
-0.000433
-0.000582
-0.000612
-0.000454
-0.000218
-0.000103
-0.000138
-0.000133
0.000023
0.000227
0.000363
0.000394
0.000322
0.000226
0.000186
0.000165
0.000110
0.000039
0.000004
0.000040
0.000119
0.000143
0.000069
-0.000048
-0.000145
-0.000193
-0.000183
-0.000132
-0.000050
0.000039
0.000032
-0.000110
-0.000194
-0.000061
0.000188
0.000426
0.000556
0.000375
-0.000092
-0.000485
-0.000659
-0.000705
-0.000511
-0.000090
0.000163
0.000124
0.000077
0.000058
-0.000042
-0.000010
0.000237
0.000293
0.000043
-0.000020
0.000188
0.000162
-0.000036
0.000091
0.000308
0.000163
0.000058
0.000336
0.000458
0.000193
0.000144
0.000413
0.000433
0.000215
0.000149
0.000019
-0.000349
-0.000425
-0.000079
0.000001
-0.000333
-0.000489
-0.000359
-0.000316
-0.000317
-0.000199
-0.000210
-0.000402
-0.000391
-0.000168
-0.000134
-0.000198
-0.000014
0.000143
-0.000064
-0.000263
-0.000144
-0.000026
-0.000075
0.000009
0.000282
0.000462
0.000479
0.000452
0.000364
0.000210
0.000151
0.000243
0.000295
0.000222
0.000168
0.000180
0.000195
0.000193
0.000095
-0.000152
-0.000343
-0.000315
-0.000249
-0.000272
-0.000206
-0.000047
-0.000038
-0.000140
-0.000117
-0.000029
-0.000063
-0.000169
-0.000227
-0.000236
-0.000198
-0.000124
-0.000098
-0.000064
0.000120
0.000317
0.000291
0.000129
0.000045
0.000043
0.000029
-0.000033
-0.000116
-0.000150
-0.000070
0.000070
0.000147
0.000183
0.000273
0.000292
0.000029
-0.000492
-0.001079
-0.001516
-0.001552
-0.001062
-0.000200
0.000727
0.001339
0.001289
0.000720
0.000355
0.000577
0.000923
0.000958
0.000766
0.000348
-0.000252
-0.000454
-0.000060
0.000203
0.000027
0.000020
0.000374
0.000662
0.000886
0.001160
0.001013
0.000321
-0.000184
-0.000248
-0.000501
-0.001096
-0.001537
-0.001778
-0.001968
-0.001754
-0.001078
-0.000586
-0.000513
-0.000376
0.000027
0.000353
0.000412
0.000356
0.000252
0.000069
0.000006
0.000272
0.000658
0.000818
0.000772
0.000700
0.000592
0.000509
0.000631
0.000796
0.000692
0.000458
0.000423
0.000454
0.000243
-0.000113
-0.000388
-0.000620
-0.000794
-0.000716
-0.000458
-0.000347
-0.000409
-0.000404
-0.000331
-0.000350
-0.000422
-0.000443
-0.000451
-0.000468
-0.000418
-0.000243
0.000024
0.000274
0.000368
0.000226
-0.000077
-0.000239
0.000024
0.000480
0.000576
0.000289
0.000095
0.000105
0.000064
0.000057
0.000295
0.000485
0.000361
0.000310
0.000562
0.000626
0.000302
0.000111
0.000225
0.000240
0.000101
0.000034
-0.000108
-0.000420
-0.000552
-0.000393
-0.000276
-0.000236
-0.000080
-0.000013
-0.000174
-0.000189
0.000026
0.000016
-0.000250
-0.000286
-0.000072
-0.000028
-0.000161
-0.000221
-0.000304
-0.000464
-0.000402
-0.000115
0.000003
-0.000074
-0.000016
0.000189
0.000311
0.000324
0.000270
0.000137
0.000089
0.000286
0.000484
0.000403
0.000222
0.000187
0.000197
0.000175
0.000185
0.000130
-0.000066
-0.000149
0.000038
0.000175
-0.000008
-0.000312
-0.000507
-0.000626
-0.000666
-0.000562
-0.000396
-0.000269
-0.000155
-0.000021
0.000118
0.000258
0.000316
0.000104
-0.000387
-0.000833
-0.000886
-0.000553
-0.000100
0.000308
0.000599
0.000614
0.000367
0.000224
0.000423
0.000747
0.000881
0.000752
0.000459
0.000157
0.000037
0.000140
0.000219
0.000101
0.000020
0.000215
0.000512
0.000626
0.000501
0.000243
0.000017
-0.000052
-0.000048
-0.000200
-0.000544
-0.000863
-0.001013
-0.001045
-0.001001
-0.000886
-0.000794
-0.000752
-0.000593
-0.000263
0.000039
0.000229
0.000363
0.000350
0.000167
0.000091
0.000281
0.000485
0.000414
0.000191
0.000147
0.000309
0.000453
0.000506
0.000493
0.000407
0.000351
0.000444
0.000520
0.000348
0.000016
-0.000256
-0.000395
-0.000401
-0.000330
-0.000319
-0.000387
-0.000400
-0.000344
-0.000322
-0.000311
-0.000259
-0.000284
-0.000397
-0.000327
0.000001
0.000234
0.000171
0.000064
0.000103
0.000134
0.000059
-0.000004
0.000024
0.000089
0.000120
0.000168
0.000312
0.000456
0.000418
0.000208
0.000031
0.000030
0.000122
0.000130
0.000011
-0.000105
-0.000094
0.000055
0.000219
0.000222
0.000038
-0.000163
-0.000227
-0.000164
-0.000082
-0.000102
-0.000216
-0.000257
-0.000120
0.000063
0.000101
0.000020
0.000014
0.000088
0.000056
-0.000079
-0.000119
-0.000024
0.000056
0.000062
0.000071
0.000063
-0.000134
-0.000621
-0.001324
-0.002036
-0.002414
-0.002093
-0.000979
0.000530
0.001652
0.001826
0.001275
0.000714
0.000601
0.000936
0.001404
0.001451
0.000756
-0.000144
-0.000321
0.000287
0.000819
0.000795
0.000614
0.000648
0.000843
0.001195
0.001551
0.001309
0.000335
-0.000545
-0.000783
-0.000843
-0.001175
-0.001628
-0.002036
-0.002307
-0.002108
-0.001407
-0.000828
-0.000775
-0.000877
-0.000740
-0.000433
-0.000021
0.000455
0.000583
0.000104
-0.000409
-0.000243
0.000433
0.000968
0.001138
0.001063
0.000847
0.000709
0.000866
0.001098
0.001017
0.000747
0.000673
0.000715
0.000560
0.000302
0.000171
0.000034
-0.000249
-0.000434
-0.000334
-0.000242
-0.000450
-0.000799
-0.001017
-0.001079
-0.001095
-0.001112
-0.001098
-0.000958
-0.000566
0.000044
0.000536
0.000554
0.000177
-0.000148
-0.000104
0.000236
0.000553
0.000552
0.000225
-0.000106
-0.000094
0.000207
0.000401
0.000283
0.000043
-0.000005
0.000292
0.000796
0.001144
0.001037
0.000556
0.000098
-0.000075
-0.000058
-0.000074
-0.000207
-0.000363
-0.000388
-0.000217
0.000026
0.000101
-0.000093
-0.000355
-0.000405
-0.000221
0.000001
0.000086
-0.000027
-0.000263
-0.000432
-0.000388
-0.000191
-0.000083
-0.000221
-0.000445
-0.000423
-0.000106
0.000171
0.000189
0.000091
0.000043
0.000056
0.000121
0.000185
0.000122
-0.000055
-0.000124
0.000051
0.000297
0.000373
0.000277
0.000117
-0.000042
-0.000114
-0.000027
0.000148
0.000217
0.000134
0.000120
0.000275
0.000391
0.000320
0.000155
-0.000012
-0.000135
-0.000133
-0.000100
-0.000447
-0.001433
-0.002536
-0.002683
-0.001416
0.000380
0.001313
0.000936
0.000032
-0.000364
0.000221
0.001521
0.002524
0.002113
0.000489
-0.000729
-0.000540
0.000298
0.000732
0.000601
0.000099
-0.000342
0.000106
0.001434
0.002234
0.001625
0.000464
-0.000212
-0.000369
-0.000250
-0.000130
-0.000658
-0.001861
-0.002529
-0.001906
-0.000912
-0.000628
-0.000883
-0.001124
-0.001227
-0.000975
-0.000177
0.000559
0.000446
-0.000209
-0.000447
-0.000075
0.000389
0.000689
0.000824
0.000691
0.000479
0.000675
0.001200
0.001409
0.001095
0.000643
0.000326
0.000146
0.000141
0.000241
0.000135
-0.000216
-0.000442
-0.000387
-0.000259
-0.000199
-0.000182
-0.000235
-0.000354
-0.000425
-0.000475
-0.000626
-0.000734
-0.000577
-0.000282
-0.000072
0.000094
0.000267
0.000327
0.000262
0.000261
0.000391
0.000486
0.000397
0.000153
-0.000097
-0.000189
-0.000103
-0.000056
-0.000199
-0.000337
-0.000256
-0.000040
0.000159
0.000300
0.000303
0.000108
-0.000153
-0.000262
-0.000154
0.000039
0.000140
0.000093
-0.000023
-0.000082
-0.000029
0.000047
0.000027
-0.000067
-0.000074
0.000115
0.000402
0.000560
0.000471
0.000243
0.000079
0.000077
0.000171
0.000213
0.000087
-0.000153
-0.000330
-0.000392
-0.000443
-0.000505
-0.000493
-0.000397
-0.000265
-0.000099
0.000053
0.000099
0.000052
-0.000001
-0.000052
-0.000114
-0.000154
-0.000162
-0.000134
-0.000002
0.000107
-0.000252
-0.001176
-0.001925
-0.001807
-0.001136
-0.000484
0.000341
0.001406
0.001789
0.001093
0.000516
0.000876
0.001289
0.001146
0.001064
0.000986
0.000194
-0.000553
-0.000085
0.000668
0.000423
0.000085
0.000654
0.001210
0.001210
0.001493
0.001822
0.001083
-0.000097
-0.000440
-0.000516
-0.001214
-0.001835
-0.001857
-0.002032
-0.002462
-0.002275
-0.001612
-0.001405
-0.001483
-0.001059
-0.000381
-0.000091
0.000062
0.000429
0.000529
0.000145
-0.000003
0.000412
0.000777
0.000824
0.000932
0.001035
0.000787
0.000606
0.001021
0.001468
0.001260
0.000878
0.000930
0.001003
0.000695
0.000419
0.000339
0.000025
-0.000452
-0.000580
-0.000482
-0.000643
-0.000978
-0.001144
-0.001206
-0.001295
-0.001254
-0.001023
-0.000748
-0.000429
-0.000057
0.000126
0.000020
-0.000056
0.000144
0.000429
0.000523
0.000403
0.000185
0.000010
-0.000032
0.000014
0.000118
0.000308
0.000481
0.000523
0.000586
0.000801
0.000907
0.000712
0.000481
0.000390
0.000254
0.000023
-0.000138
-0.000256
-0.000451
-0.000645
-0.000719
-0.000683
-0.000532
-0.000248
0.000022
0.000114
0.000114
0.000159
0.000166
0.000068
-0.000030
-0.000131
-0.000321
-0.000493
-0.000523
-0.000474
-0.000329
0.000006
0.000347
0.000446
0.000382
0.000315
0.000230
0.000152
0.000182
0.000216
0.000076
-0.000114
-0.000162
-0.000137
-0.000123
-0.000091
-0.000082
-0.000112
-0.000079
0.000002
-0.000017
-0.000131
-0.000173
-0.000105
-0.000007
0.000158
0.000438
0.000683
0.000608
-0.000051
-0.001276
-0.002426
-0.002654
-0.001910
-0.000787
0.000414
0.001356
0.001241
0.000255
0.000047
0.001141
0.001948
0.001680
0.001351
0.001064
0.000034
-0.000764
-0.000066
0.000791
0.000348
-0.000136
0.000451
0.000990
0.001019
0.001500
0.001948
0.001129
0.000004
-0.000004
0.000140
-0.000709
-0.001620
-0.001856
-0.002171
-0.002607
-0.002294
-0.001594
-0.001564
-0.001845
-0.001429
-0.000555
-0.000040
0.000170
0.000387
0.000318
-0.000070
-0.000045
0.000617
0.001107
0.001012
0.000918
0.001091
0.001092
0.000993
0.001267
0.001495
0.001036
0.000466
0.000577
0.000872
0.000655
0.000327
0.000279
0.000043
-0.000501
-0.000695
-0.000481
-0.000556
-0.000938
-0.001029
-0.000884
-0.000956
-0.001101
-0.000965
-0.000726
-0.000655
-0.000580
-0.000347
-0.000182
-0.000179
-0.000056
0.000248
0.000458
0.000584
0.000776
0.000799
0.000566
0.000478
0.000578
0.000436
0.000114
0.000047
0.000168
0.000172
0.000164
0.000272
0.000263
0.000081
0.000059
0.000297
0.000511
0.000596
0.000633
0.000499
0.000169
-0.000034
-0.000067
-0.000335
-0.000868
-0.001202
-0.001179
-0.001031
-0.000848
-0.000660
-0.000640
-0.000707
-0.000483
-0.000009
0.000235
0.000146
0.000064
0.000139
0.000283
0.000441
0.000557
0.000567
0.000526
0.000517
0.000556
0.000670
0.000855
0.000948
0.000833
0.000661
0.000574
0.000415
0.000028
-0.000451
-0.000812
-0.001014
-0.001068
-0.000984
-0.000851
-0.000711
-0.000649
-0.001222
-0.003114
-0.005888
-0.007694
-0.006960
-0.004059
-0.000641
0.002201
0.004224
0.005291
0.005765
0.006952
0.009551
0.011968
0.011559
0.007785
0.003206
0.000616
-0.000203
-0.001529
-0.004172
-0.006759
-0.007949
-0.007493
-0.005806
-0.003933
-0.002987
-0.002900
-0.002850
-0.002576
-0.002035
-0.001082
-0.000596
-0.001785
-0.003612
-0.003528
-0.001282
0.000799
0.001496
0.001887
0.002981
0.004589
0.006175
0.007176
0.007040
0.005730
0.003770
0.001777
0.000234
-0.000724
-0.001566
-0.002912
-0.004473
-0.004941
-0.003601
-0.001561
-0.000378
-0.000009
0.000605
0.001509
0.001870
0.001590
0.001108
0.000295
-0.000996
-0.002148
-0.002553
-0.002305
-0.001762
-0.001192
-0.000778
-0.000400
0.000157
0.000623
0.000581
0.000196
-0.000123
-0.000370
-0.000723
-0.001114
-0.001307
-0.001168
-0.000718
0.000016
0.001018
0.002084
0.002937
0.003606
0.004231
0.004564
0.004236
0.003305
0.002088
0.000788
-0.000377
-0.001191
-0.001759
-0.002364
-0.002897
-0.002962
-0.002595
-0.002217
-0.001961
-0.001752
-0.001727
-0.001889
-0.001884
-0.001635
-0.001488
-0.001503
-0.001390
-0.001053
-0.000491
0.000406
0.001434
0.002132
0.002509
0.002905
0.003192
0.003003
0.002532
0.002222
0.001975
0.001474
0.000862
0.000422
0.000176
0.000093
0.000095
-0.000029
-0.000305
-0.000522
-0.000721
-0.001181
-0.001831
-0.002224
-0.002268
-0.002347
-0.002556
-0.002529
-0.002083
-0.001371
-0.000597
0.000064
0.000638
0.001218
0.000963
-0.001845
-0.007124
-0.011334
-0.010889
-0.006521
-0.001587
0.002825
0.007755
0.012544
0.015171
0.015950
0.017022
0.018043
0.015783
0.008904
0.000516
-0.005278
-0.007781
-0.009257
-0.011051
-0.012096
-0.011217
-0.008948
-0.006446
-0.004246
-0.002764
-0.002724
-0.004369
-0.006639
-0.007599
-0.006287
-0.004082
-0.002862
-0.001832
0.001476
0.006961
0.011567
0.013353
0.013176
0.012129
0.010023
0.006815
0.003375
0.000278
-0.002745
-0.005685
-0.007535
-0.007178
-0.004797
-0.002055
-0.000604
-0.000449
-0.000271
0.000497
0.000794
-0.000266
-0.001863
-0.002762
-0.002939
-0.002706
-0.001520
0.000916
0.003393
0.004528
0.004598
0.004716
0.004822
0.003791
0.001156
-0.002222
-0.005045
-0.006749
-0.007712
-0.008303
-0.008006
-0.006033
-0.002782
0.000205
0.002191
0.003971
0.005794
0.006320
0.005019
0.003550
0.003239
0.003227
0.002430
0.001601
0.002148
0.003894
0.005207
0.005114
0.004135
0.002923
0.001175
-0.001544
-0.004578
-0.006750
-0.007956
-0.008964
-0.009639
-0.008821
-0.006297
-0.003448
-0.001441
0.000004
0.001606
0.003164
0.003764
0.003162
0.002314
0.002099
0.002190
0.001982
0.001885
0.002574
0.003540
0.003720
0.003191
0.002857
0.002719
0.001874
0.000124
-0.001562
-0.002326
-0.002383
-0.002412
-0.002441
-0.001952
-0.000915
0.000017
0.000341
0.000182
-0.000087
-0.000525
-0.001517
-0.002683
-0.002917
-0.002055
-0.001110
-0.000505
0.000309
0.001471
0.002396
0.002702
0.002453
0.001344
-0.001904
-0.008176
-0.015009
-0.016956
-0.011729
-0.003772
0.002074
0.007063
0.013757
0.019389
0.020437
0.019042
0.018348
0.016193
0.009282
-0.000291
-0.007216
-0.009294
-0.008833
-0.008718
-0.008962
-0.007905
-0.005626
-0.004106
-0.004374
-0.005723
-0.007565
-0.010105
-0.012885
-0.013885
-0.011149
-0.005543
-0.000410
0.002898
0.006820
0.012633
0.017188
0.017522
0.014862
0.011429
0.007368
0.002807
-0.000719
-0.002290
-0.002742
-0.003205
-0.003667
-0.003096
-0.000976
0.001179
0.000914
-0.002017
-0.005177
-0.006720
-0.007223
-0.007608
-0.007162
-0.004850
-0.001387
0.001746
0.004606
0.007870
0.010277
0.009749
0.006696
0.003503
0.001207
-0.000970
-0.003481
-0.005653
-0.006538
-0.005823
-0.004360
-0.003407
-0.002866
-0.001627
-0.000113
-0.000145
-0.001566
-0.001981
-0.000696
0.000374
0.000462
0.001245
0.003664
0.006333
0.007827
0.008359
0.008616
0.008313
0.006627
0.003609
0.000477
-0.001834
-0.003733
-0.005777
-0.007294
-0.007396
-0.006563
-0.005942
-0.005618
-0.004861
-0.003699
-0.002939
-0.002768
-0.002433
-0.001405
-0.000047
0.001072
0.002062
0.003435
0.005020
0.005882
0.005641
0.005022
0.004536
0.003613
0.001868
0.000159
-0.000620
-0.000741
-0.000858
-0.000959
-0.000648
0.000086
0.000702
0.000683
0.000177
-0.000308
-0.000809
-0.001754
-0.002919
-0.003485
-0.003272
-0.002914
-0.002633
-0.001842
-0.000348
0.001021
0.001592
0.001790
0.002287
0.002795
0.002319
0.000395
-0.002701
-0.007218
-0.013450
-0.018257
-0.015831
-0.006121
0.002909
0.007073
0.011624
0.019025
0.022960
0.020661
0.017801
0.016579
0.012081
0.002988
-0.005161
-0.008233
-0.007638
-0.006685
-0.006907
-0.007416
-0.006813
-0.005772
-0.006379
-0.008944
-0.011642
-0.013318
-0.014472
-0.014971
-0.012673
-0.006339
0.001040
0.005479
0.008019
0.012289
0.017039
0.017799
0.014534
0.010777
0.007478
0.003717
0.000554
-0.000456
0.000113
0.000716
0.000471
-0.000511
-0.001084
-0.000748
-0.001409
-0.004819
-0.009087
-0.010966
-0.010296
-0.009057
-0.007450
-0.004124
0.000495
0.004146
0.006117
0.007880
0.009659
0.009361
0.006184
0.002327
-0.000137
-0.001372
-0.002209
-0.002810
-0.002960
-0.002355
-0.001216
-0.000783
-0.001877
-0.003506
-0.004280
-0.004381
-0.004904
-0.005697
-0.005002
-0.001968
0.001549
0.003623
0.005282
0.008043
0.010507
0.010676
0.009227
0.007754
0.006135
0.003594
0.000528
-0.001981
-0.003408
-0.004121
-0.004789
-0.005504
-0.005782
-0.005608
-0.005743
-0.006427
-0.006725
-0.005980
-0.004882
-0.004075
-0.002872
-0.000632
0.001832
0.003537
0.004711
0.005818
0.006491
0.006225
0.005128
0.003746
0.002607
0.001776
0.000980
0.000321
0.000256
0.000687
0.000920
0.000700
0.000463
0.000330
-0.000234
-0.001391
-0.002501
-0.003012
-0.003022
-0.002873
-0.002689
-0.002346
-0.001744
-0.001134
-0.000829
-0.000571
0.000089
0.000831
0.001006
0.000761
0.000547
0.000013
-0.001530
-0.004765
-0.010477
-0.016411
-0.015769
-0.006233
0.003466
0.006480
0.009305
0.017553
0.023318
0.020602
0.016855
0.017065
0.014269
0.004689
-0.004478
-0.007435
-0.006746
-0.006393
-0.007064
-0.007906
-0.007930
-0.007171
-0.007485
-0.009855
-0.012312
-0.013188
-0.013786
-0.014910
-0.013562
-0.007046
0.001356
0.006094
0.007936
0.011841
0.017039
0.018075
0.014723
0.011352
0.008597
0.004522
0.000691
-0.000301
0.000568
0.001116
0.000772
-0.000394
-0.001587
-0.001558
-0.001614
-0.004598
-0.009368
-0.011663
-0.010803
-0.009593
-0.008313
-0.004862
0.000095
0.003540
0.005063
0.006977
0.009593
0.010222
0.007559
0.003780
0.001217
-0.000094
-0.000899
-0.001395
-0.001644
-0.001556
-0.001080
-0.000955
-0.001744
-0.002856
-0.004228
-0.006483
-0.008231
-0.007380
-0.005090
-0.003461
-0.001357
0.002525
0.006214
0.008007
0.009009
0.010023
0.010064
0.008545
0.006102
0.003658
0.001913
0.000804
-0.000483
-0.002052
-0.002933
-0.003113
-0.003998
-0.005795
-0.006993
-0.007301
-0.007963
-0.008743
-0.008064
-0.005912
-0.003539
-0.001242
0.001232
0.003564
0.005440
0.006671
0.006813
0.006050
0.005294
0.004477
0.002832
0.001112
0.000747
0.001203
0.001126
0.000935
0.001457
0.001854
0.001215
0.000085
-0.000972
-0.002137
-0.003190
-0.003684
-0.003845
-0.003771
-0.002988
-0.001730
-0.000875
-0.000407
0.000091
0.000148
-0.000412
-0.000464
0.000468
0.001132
0.000605
-0.000463
-0.001240
-0.002543
-0.007017
-0.014753
-0.018363
-0.010707
0.001561
0.006235
0.006518
0.013753
0.023526
0.023640
0.017965
0.017204
0.017322
0.009425
-0.002002
-0.007571
-0.007335
-0.006537
-0.007199
-0.008532
-0.008931
-0.007477
-0.006426
-0.008628
-0.012254
-0.013592
-0.013585
-0.015199
-0.016222
-0.011574
-0.002384
0.004270
0.006301
0.009452
0.015971
0.019796
0.017504
0.013711
0.011554
0.008502
0.003993
0.001280
0.001227
0.001730
0.001486
0.000103
-0.001904
-0.002469
-0.001723
-0.003526
-0.008752
-0.012585
-0.012438
-0.011425
-0.011155
-0.008770
-0.003384
0.001407
0.003432
0.004999
0.008092
0.010585
0.009722
0.006461
0.003630
0.002097
0.001156
0.000542
0.000344
0.000590
0.001142
0.001008
-0.000606
-0.002448
-0.003528
-0.005547
-0.008861
-0.009955
-0.007586
-0.005439
-0.004760
-0.002105
0.002951
0.006473
0.007531
0.008805
0.010549
0.010585
0.008533
0.005793
0.003532
0.002231
0.001194
-0.000644
-0.002426
-0.002636
-0.002493
-0.004088
-0.006226
-0.006706
-0.006654
-0.007928
-0.009033
-0.007924
-0.005608
-0.003727
-0.001916
0.000498
0.003122
0.005353
0.006552
0.006349
0.005666
0.005436
0.004761
0.002966
0.001680
0.002014
0.002386
0.001708
0.001317
0.001897
0.002122
0.001284
0.000086
-0.001077
-0.002300
-0.003412
-0.004260
-0.004741
-0.004429
-0.003283
-0.002158
-0.001544
-0.000817
0.000245
0.000654
-0.000119
-0.001179
-0.001728
-0.002041
-0.002976
-0.006353
-0.013251
-0.018439
-0.013231
0.000091
0.008308
0.008795
0.013102
0.022656
0.025204
0.019762
0.017628
0.018334
0.011734
-0.000214
-0.006929
-0.006985
-0.006000
-0.006073
-0.006867
-0.008229
-0.008591
-0.007832
-0.009109
-0.012876
-0.015293
-0.015515
-0.016635
-0.017802
-0.013781
-0.004291
0.003681
0.006189
0.008126
0.013746
0.018755
0.018462
0.015673
0.013659
0.010412
0.005402
0.002490
0.002911
0.003834
0.003668
0.002311
-0.000360
-0.002477
-0.002403
-0.003253
-0.007996
-0.013023
-0.014138
-0.013378
-0.013188
-0.011110
-0.005800
-0.000890
0.001158
0.002765
0.006198
0.009574
0.010025
0.007826
0.005401
0.004026
0.003386
0.003066
0.002837
0.002562
0.002472
0.002302
0.001155
-0.000440
-0.001119
-0.002158
-0.005737
-0.009822
-0.010807
-0.009836
-0.009654
-0.008364
-0.003732
0.000917
0.002462
0.003846
0.007741
0.011083
0.010947
0.009154
0.008092
0.007587
0.006726
0.005153
0.003197
0.001742
0.000610
-0.001605
-0.004666
-0.006516
-0.007090
-0.008515
-0.010748
-0.011283
-0.009585
-0.007572
-0.005875
-0.003548
-0.000638
0.001912
0.003689
0.004705
0.005232
0.005729
0.005868
0.004943
0.003789
0.003939
0.004775
0.004550
0.003687
0.003614
0.003621
0.002334
0.000509
-0.000596
-0.001410
-0.002579
-0.003730
-0.004566
-0.005002
-0.004642
-0.003720
-0.003022
-0.002159
-0.000539
0.000248
-0.001278
-0.003095
-0.002942
-0.002655
-0.005516
-0.012105
-0.018897
-0.018341
-0.006780
0.006232
0.010089
0.011518
0.020562
0.028604
0.025230
0.019657
0.020768
0.018624
0.006222
-0.005430
-0.007673
-0.006176
-0.006593
-0.007654
-0.008376
-0.008895
-0.008535
-0.008933
-0.012134
-0.015687
-0.016996
-0.018296
-0.020722
-0.019530
-0.011315
-0.000966
0.004676
0.007023
0.012328
0.019679
0.022224
0.019548
0.017113
0.015002
0.009784
0.004161
0.002943
0.004484
0.004763
0.003345
0.000961
-0.001519
-0.002131
-0.002053
-0.005620
-0.011994
-0.015458
-0.015388
-0.015630
-0.015339
-0.011033
-0.004874
-0.001555
-0.000311
0.002774
0.007538
0.010224
0.009315
0.007042
0.005662
0.005151
0.004877
0.004979
0.005397
0.005587
0.005224
0.004047
0.002300
0.001189
0.000391
-0.002792
-0.008378
-0.012078
-0.012026
-0.010984
-0.009987
-0.007495
-0.004528
-0.002626
0.000115
0.004497
0.007689
0.008769
0.009350
0.009023
0.007361
0.006601
0.007058
0.006022
0.003492
0.002007
0.001291
-0.000444
-0.002396
-0.003514
-0.005177
-0.007847
-0.009461
-0.009277
-0.008659
-0.007707
-0.005752
-0.003691
-0.001980
0.000407
0.002845
0.003568
0.003433
0.004054
0.004274
0.003216
0.002810
0.003739
0.004065
0.003462
0.003501
0.004113
0.004185
0.003756
0.002925
0.001368
-0.000187
-0.000985
-0.001838
-0.003099
-0.003433
-0.002810
-0.003327
-0.005176
-0.005880
-0.004855
-0.004490
-0.006765
-0.012568
-0.020450
-0.022580
-0.012180
0.002246
0.007213
0.007757
0.016673
0.027483
0.027234
0.022725
0.024422
0.023712
0.011971
-0.000586
-0.003896
-0.003016
-0.004149
-0.006051
-0.007719
-0.009340
-0.009142
-0.008165
-0.010383
-0.014872
-0.017460
-0.018967
-0.021894
-0.022417
-0.015554
-0.005209
0.000543
0.002295
0.007329
0.015797
0.020375
0.019424
0.017931
0.016449
0.012018
0.007203
0.006347
0.007665
0.007648
0.006342
0.004031
0.001001
-0.000060
0.000631
-0.002254
-0.009522
-0.014867
-0.015996
-0.016899
-0.017723
-0.014620
-0.008957
-0.005594
-0.004156
-0.000747
0.004498
0.007879
0.007780
0.005858
0.004192
0.003650
0.004229
0.005417
0.006500
0.007312
0.007983
0.007859
0.006601
0.005593
0.005102
0.002253
-0.004013
-0.009656
-0.011312
-0.010533
-0.009594
-0.008531
-0.007213
-0.005466
-0.002382
0.001394
0.003880
0.004980
0.005450
0.004621
0.002903
0.002604
0.003683
0.003613
0.002276
0.001824
0.002483
0.002955
0.003053
0.002782
0.001340
-0.001043
-0.002955
-0.004112
-0.005104
-0.005604
-0.005447
-0.005424
-0.005099
-0.003161
-0.000660
0.000283
0.000258
0.000760
0.001018
0.000397
0.000325
0.001181
0.001538
0.001435
0.002166
0.003418
0.004224
0.004927
0.005607
0.005288
0.004191
0.003401
0.002215
-0.000313
-0.002713
-0.003796
-0.004812
-0.006222
-0.007585
-0.011606
-0.019585
-0.023223
-0.014376
-0.001416
0.002426
0.002408
0.010648
0.020721
0.020797
0.017522
0.020395
0.021475
0.012736
0.002384
-0.001080
-0.000810
-0.001068
-0.001863
-0.003796
-0.006193
-0.005985
-0.004654
-0.006930
-0.011367
-0.013303
-0.014547
-0.018585
-0.021003
-0.015973
-0.007392
-0.003146
-0.002314
0.001903
0.009570
0.014557
0.015463
0.015696
0.015120
0.011662
0.007692
0.006431
0.006888
0.007288
0.007170
0.005231
0.002043
0.001461
0.003099
0.001094
-0.005185
-0.009776
-0.011260
-0.013350
-0.015262
-0.013300
-0.009361
-0.007768
-0.007490
-0.004941
-0.000285
0.003706
0.005411
0.004890
0.003402
0.002754
0.003468
0.004393
0.004963
0.005941
0.007149
0.007094
0.006020
0.006089
0.006870
0.004842
-0.000508
-0.005186
-0.007004
-0.007602
-0.007723
-0.006698
-0.005630
-0.005332
-0.003717
0.000253
0.003863
0.004837
0.004032
0.002732
0.001327
0.000487
0.000347
-0.000192
-0.001238
-0.001417
-0.000533
0.000421
0.001448
0.002511
0.002283
0.000727
-0.000171
0.000052
-0.000185
-0.001171
-0.001786
-0.001868
-0.001670
-0.000691
0.000758
0.001269
0.000760
0.000317
-0.000194
-0.001351
-0.002323
-0.002347
-0.002141
-0.002125
-0.001523
-0.000046
0.001750
0.003589
0.004976
0.004777
0.002981
0.001128
-0.000007
-0.001039
-0.002583
-0.005920
-0.012719
-0.019504
-0.017432
-0.005490
0.004340
0.005661
0.007962
0.016424
0.021051
0.017663
0.015727
0.016943
0.011820
0.000655
-0.006135
-0.006170
-0.004808
-0.004049
-0.003947
-0.005301
-0.005912
-0.004013
-0.003528
-0.007049
-0.010602
-0.012113
-0.014950
-0.018588
-0.016873
-0.008883
-0.001635
0.000910
0.003152
0.008947
0.014902
0.016868
0.016193
0.014906
0.011711
0.006801
0.003586
0.003271
0.004026
0.004738
0.004494
0.002294
0.000347
0.001211
0.001569
-0.002718
-0.008463
-0.011107
-0.012584
-0.014975
-0.014930
-0.010957
-0.007128
-0.005551
-0.003544
0.000358
0.004342
0.006672
0.006774
0.004953
0.003030
0.002737
0.003404
0.003736
0.004344
0.005881
0.006883
0.006349
0.006023
0.007007
0.006648
0.002380
-0.003816
-0.008272
-0.010129
-0.010122
-0.008446
-0.005952
-0.003873
-0.001693
0.001465
0.004441
0.005655
0.004970
0.002643
-0.000738
-0.003272
-0.003684
-0.003176
-0.003057
-0.002578
-0.000841
0.001581
0.003978
0.006049
0.006833
0.005498
0.003021
0.000972
-0.000521
-0.001895
-0.002947
-0.003598
-0.003747
-0.002640
-0.000441
0.001177
0.001491
0.001253
0.000452
-0.001339
-0.003002
-0.003317
-0.002959
-0.002745
-0.002011
-0.000350
0.001346
0.002539
0.003569
0.004126
0.003394
0.001554
-0.001576
-0.007888
-0.015891
-0.017497
-0.008963
0.000216
0.002015
0.004099
0.013607
0.021551
0.020389
0.017740
0.018239
0.014188
0.003586
-0.004723
-0.006997
-0.007266
-0.007326
-0.007057
-0.007442
-0.006866
-0.003656
-0.001818
-0.004636
-0.008241
-0.009672
-0.012158
-0.016335
-0.016651
-0.011031
-0.004848
-0.001932
0.000834
0.006741
0.013130
0.015971
0.015736
0.014486
0.011815
0.007701
0.004499
0.003397
0.003474
0.004213
0.004718
0.003607
0.002618
0.004204
0.005147
0.001069
-0.005129
-0.008608
-0.010952
-0.014452
-0.015942
-0.013475
-0.010457
-0.008841
-0.006512
-0.002588
0.001455
0.004571
0.005859
0.004627
0.002549
0.001952
0.002357
0.002372
0.002866
0.004823
0.006781
0.007370
0.007698
0.008718
0.008738
0.005919
0.001368
-0.002268
-0.004020
-0.004986
-0.006173
-0.006856
-0.005673
-0.003281
-0.001838
-0.001371
-0.000176
0.000970
-0.000262
-0.003002
-0.004327
-0.004045
-0.003958
-0.004007
-0.002734
-0.000119
0.002466
0.004218
0.005392
0.006222
0.006234
0.004943
0.002835
0.001074
0.000187
-0.000334
-0.000880
-0.000865
0.000185
0.001371
0.001598
0.001205
0.000823
-0.000123
-0.002129
-0.004224
-0.005305
-0.005704
-0.006199
-0.006248
-0.004635
-0.001792
0.000333
0.001000
0.000559
-0.002325
-0.007945
-0.010532
-0.005078
0.002373
0.003878
0.004279
0.011032
0.018632
0.019786
0.018745
0.019427
0.016521
0.007920
-0.000258
-0.004705
-0.007378
-0.009072
-0.010184
-0.011960
-0.012478
-0.009429
-0.006241
-0.006734
-0.008390
-0.008578
-0.009868
-0.013157
-0.013965
-0.010069
-0.005323
-0.002753
-0.000017
0.005492
0.011891
0.016086
0.017894
0.017991
0.015841
0.012161
0.009028
0.006703
0.004581
0.003372
0.002562
0.000354
-0.001700
-0.000819
0.000521
-0.001746
-0.005917
-0.008636
-0.010999
-0.013994
-0.015004
-0.013218
-0.011124
-0.009287
-0.006270
-0.002384
0.001314
0.004685
0.006784
0.006581
0.005566
0.005573
0.005738
0.005029
0.004723
0.005582
0.006088
0.005524
0.005310
0.005971
0.006003
0.004440
0.001860
-0.000994
-0.003468
-0.004952
-0.005932
-0.007233
-0.008022
-0.007077
-0.005224
-0.003903
-0.002872
-0.001575
-0.000795
-0.001067
-0.001357
-0.000746
0.000180
0.000607
0.000811
0.001532
0.002999
0.004783
0.006019
0.006115
0.005500
0.004829
0.003828
0.002251
0.000895
0.000072
-0.001096
-0.002577
-0.003012
-0.002266
-0.001792
-0.002099
-0.002410
-0.002585
-0.003063
-0.003706
-0.004280
-0.004885
-0.005233
-0.004774
-0.003551
-0.002123
-0.001359
-0.002640
-0.005819
-0.006808
-0.002063
0.004500
0.006706
0.006834
0.010658
0.015714
0.016726
0.015874
0.016177
0.014151
0.007835
0.001533
-0.001937
-0.004016
-0.005674
-0.007313
-0.009678
-0.011147
-0.009864
-0.008266
-0.009097
-0.010519
-0.010748
-0.011615
-0.013432
-0.012954
-0.009064
-0.004755
-0.002144
0.000310
0.004647
0.010020
0.014014
0.015865
0.016241
0.015181
0.012750
0.010135
0.008207
0.006758
0.005515
0.003958
0.001564
-0.000384
-0.000373
-0.000279
-0.002803
-0.006642
-0.009261
-0.011287
-0.013494
-0.014118
-0.012626
-0.011039
-0.010025
-0.008223
-0.005060
-0.001038
0.003048
0.005749
0.006338
0.006265
0.006798
0.007120
0.006780
0.006824
0.007208
0.006796
0.006145
0.006522
0.007143
0.006583
0.005015
0.002910
0.000091
-0.002895
-0.005165
-0.007056
-0.009000
-0.010239
-0.010357
-0.009813
-0.008315
-0.005472
-0.002587
-0.001025
-0.000174
0.000909
0.001851
0.002224
0.002473
0.002884
0.003232
0.003659
0.004575
0.005754
0.006545
0.006667
0.006073
0.004756
0.003195
0.001883
0.000417
-0.001615
-0.003490
-0.004433
-0.004768
-0.004875
-0.004351
-0.003093
-0.002115
-0.002451
-0.003637
-0.004246
-0.003990
-0.003935
-0.004367
-0.004449
-0.004596
-0.006309
-0.008164
-0.005855
0.000875
0.006395
0.008070
0.010083
0.014470
0.017274
0.016722
0.015427
0.013591
0.009254
0.003683
-0.000490
-0.002967
-0.004155
-0.004555
-0.005868
-0.008074
-0.008445
-0.007008
-0.007334
-0.009917
-0.011697
-0.012257
-0.013340
-0.013864
-0.011615
-0.007472
-0.003707
-0.000564
0.003042
0.007274
0.011143
0.013536
0.013901
0.012606
0.010855
0.009558
0.008417
0.007105
0.006350
0.006214
0.005275
0.003445
0.002551
0.002442
0.000570
-0.003431
-0.007178
-0.009680
-0.011695
-0.012950
-0.012785
-0.011821
-0.010599
-0.008726
-0.006221
-0.003491
-0.000623
0.001591
0.001991
0.001475
0.002149
0.003854
0.004838
0.005275
0.006529
0.008121
0.008876
0.009303
0.009975
0.009874
0.008139
0.005288
0.002155
-0.000680
-0.002909
-0.004908
-0.007018
-0.008452
-0.008425
-0.007499
-0.006446
-0.005349
-0.004487
-0.004260
-0.004285
-0.003922
-0.003023
-0.001725
-0.000421
0.000492
0.001414
0.003098
0.005233
0.006665
0.007051
0.007068
0.006895
0.005938
0.004284
0.002813
0.001687
0.000411
-0.000835
-0.001396
-0.001168
-0.000627
-0.000493
-0.001421
-0.003263
-0.004965
-0.005959
-0.006862
-0.007962
-0.008516
-0.008627
-0.009578
-0.010675
-0.008694
-0.002946
0.002527
0.005080
0.007428
0.011655
0.015031
0.015699
0.015721
0.015707
0.013569
0.009518
0.006016
0.003814
0.002197
0.000569
-0.001886
-0.005036
-0.007067
-0.007638
-0.008905
-0.011463
-0.013416
-0.014368
-0.015578
-0.016279
-0.014505
-0.010759
-0.007180
-0.004195
-0.000681
0.003608
0.007652
0.010570
0.012176
0.012614
0.012273
0.011713
0.011223
0.010864
0.010671
0.010127
0.008444
0.006107
0.004486
0.003331
0.000980
-0.002687
-0.006151
-0.008864
-0.011261
-0.012938
-0.013234
-0.012618
-0.011826
-0.010776
-0.009090
-0.006701
-0.004019
-0.001947
-0.000858
0.000309
0.002517
0.004912
0.006416
0.007656
0.009288
0.010340
0.010220
0.010016
0.010142
0.009343
0.007073
0.004326
0.001843
-0.000361
-0.002262
-0.003956
-0.005515
-0.006496
-0.006841
-0.007324
-0.007897
-0.007565
-0.006632
-0.006330
-0.006218
-0.005001
-0.003120
-0.001724
-0.000454
0.001482
0.003564
0.004910
0.005631
0.006240
0.006744
0.006800
0.006170
0.004981
0.003834
0.003248
0.002855
0.002054
0.001167
0.000577
-0.000369
-0.001924
-0.003002
-0.003164
-0.003522
-0.004540
-0.005190
-0.004930
-0.004462
-0.004414
-0.004890
-0.006305
-0.008962
-0.011117
-0.009758
-0.005093
-0.000908
0.001576
0.005129
0.010206
0.013993
0.016002
0.017449
0.016988
0.013395
0.008802
0.005278
0.002667
0.000757
-0.000701
-0.002688
-0.004736
-0.005198
-0.004667
-0.005219
-0.007003
-0.009124
-0.011670
-0.014213
-0.015142
-0.013981
-0.011857
-0.009483
-0.006494
-0.002554
0.002002
0.006519
0.010341
0.012655
0.012942
0.011903
0.010811
0.009985
0.009059
0.008002
0.006763
0.005249
0.004123
0.003862
0.003404
0.001588
-0.001205
-0.004183
-0.007133
-0.009580
-0.010903
-0.011358
-0.011501
-0.011206
-0.010133
-0.008156
-0.005265
-0.002039
0.000412
0.001632
0.002095
0.002469
0.003349
0.004886
0.006306
0.006935
0.007338
0.008141
0.008786
0.008675
0.008024
0.006734
0.004233
0.001008
-0.001594
-0.003201
-0.004513
-0.005857
-0.006895
-0.007391
-0.007210
-0.006133
-0.004617
-0.003700
-0.003507
-0.003297
-0.002857
-0.002287
-0.001457
-0.000606
0.000098
0.001308
0.003153
0.004666
0.005632
0.006714
0.007595
0.007279
0.005713
0.003662
0.001929
0.000865
-0.000105
-0.001557
-0.002705
-0.002687
-0.002259
-0.002333
-0.002457
-0.002296
-0.002584
-0.003460
-0.003901
-0.003516
-0.003044
-0.002836
-0.002517
-0.002011
-0.001367
-0.000144
0.001660
0.002983
0.003135
0.002751
0.002577
0.002466
0.002111
0.001709
0.001442
0.001133
0.000787
0.000843
0.001533
0.002398
0.002711
0.002248
0.001415
0.000676
0.000071
-0.000707
-0.001740
-0.002662
-0.003242
-0.003612
-0.003633
-0.003078
-0.002423
-0.002256
-0.002275
-0.001957
-0.001413
-0.000843
-0.000178
0.000428
0.000776
0.001136
0.001842
0.002815
0.003759
0.004303
0.004176
0.003636
0.003202
0.002871
0.002181
0.000976
-0.000432
-0.001681
-0.002562
-0.003037
-0.003168
-0.003061
-0.002929
-0.002941
-0.002913
-0.002565
-0.002037
-0.001665
-0.001456
-0.001179
-0.000687
0.000056
0.001014
0.002050
0.002910
0.003375
0.003416
0.002989
0.002136
0.001559
0.001806
0.001938
0.001119
0.000525
0.001110
0.001628
0.001150
0.000448
-0.000217
-0.001372
-0.002692
-0.003576
-0.004104
-0.004396
-0.004479
-0.004449
-0.003778
-0.001887
0.000235
0.001112
0.001270
0.002142
0.003250
0.003264
0.002726
0.002860
0.003114
0.002404
0.001308
0.000992
0.001288
0.001173
0.000270
-0.000721
-0.000883
-0.000477
-0.000807
-0.002089
-0.002940
-0.002761
-0.002736
-0.003749
-0.005152
-0.005858
-0.005277
-0.003577
-0.001648
0.000132
0.002446
0.005175
0.006960
0.007627
0.008270
0.008652
0.007566
0.005344
0.003361
0.001946
0.000553
-0.000940
-0.002114
-0.002692
-0.002944
-0.003324
-0.003793
-0.004022
-0.004219
-0.004927
-0.006007
-0.006589
-0.006202
-0.005372
-0.004693
-0.003780
-0.001963
0.000395
0.002418
0.004010
0.005402
0.006256
0.006276
0.005816
0.005374
0.005065
0.004546
0.003450
0.002149
0.001427
0.001226
0.000824
0.000149
-0.000417
-0.001088
-0.002181
-0.003263
-0.003778
-0.003859
-0.003968
-0.004261
-0.004492
-0.004220
-0.003290
-0.002120
-0.001199
-0.000515
0.000152
0.000758
0.001191
0.001664
0.002351
0.002913
0.003032
0.002997
0.003146
0.003249
0.003015
0.002546
0.001936
0.001163
0.000423
-0.000198
-0.000949
-0.001816
-0.002460
-0.002810
-0.002917
-0.002607
-0.001950
-0.001446
-0.001294
-0.001159
-0.000816
-0.000381
0.000060
0.000447
0.000553
0.000390
0.000430
0.000899
0.001427
0.001776
0.002077
0.002154
0.001772
0.001402
0.001423
0.001176
0.000171
-0.000842
-0.001274
-0.001633
-0.002151
-0.002266
-0.001898
-0.001604
-0.001517
-0.001331
-0.001007
-0.000716
-0.000476
-0.000210
0.000174
0.000714
0.001224
0.001437
0.001418
0.001561
0.001968
0.002217
0.002076
0.001862
0.001635
0.001008
0.000125
-0.000386
-0.000553
-0.000921
-0.001484
-0.001845
-0.001943
-0.001897
-0.001682
-0.001323
-0.000955
-0.000686
-0.000563
-0.000433
-0.000060
0.000454
0.000878
0.001276
0.001562
0.001384
0.001004
0.001013
0.001043
0.000333
-0.000692
-0.001093
-0.000972
-0.000859
-0.000712
-0.000597
-0.000829
-0.001037
-0.000652
0.000032
0.000543
0.000940
0.001142
0.000887
0.000491
0.000396
0.000409
0.000435
0.000867
0.001403
0.001171
0.000471
0.000384
0.000714
0.000424
-0.000608
-0.001842
-0.002771
-0.002806
-0.002031
-0.001407
-0.001151
-0.000710
-0.000276
-0.000007
0.000872
0.002193
0.002479
0.001559
0.000725
0.000374
0.000037
-0.000213
-0.000250
-0.000418
-0.000667
-0.000489
0.000100
0.000598
0.000815
0.000819
0.000566
0.000233
0.000214
0.000244
-0.000304
-0.000936
-0.000704
-0.000230
-0.000435
-0.000425
0.000425
0.000765
-0.000007
-0.000679
-0.000773
-0.000864
-0.000918
-0.000579
-0.000041
0.000300
0.000416
0.000658
0.001115
0.001238
0.000684
-0.000120
-0.000649
-0.000703
-0.000394
-0.000140
-0.000178
-0.000310
-0.000303
0.000022
0.000629
0.001038
0.001054
0.000997
0.000744
0.000082
-0.000423
-0.000543
-0.000956
-0.001644
-0.001809
-0.001470
-0.001126
-0.000679
-0.000110
0.000212
0.000425
0.000828
0.001058
0.000931
0.000991
0.001271
0.001120
0.000768
0.001051
0.001558
0.001335
0.000734
0.000427
0.000028
-0.000716
-0.001234
-0.001296
-0.001184
-0.001160
-0.001472
-0.001843
-0.001592
-0.001045
-0.001048
-0.001180
-0.000607
0.000222
0.000449
0.000252
0.000289
0.000501
0.000404
0.000149
0.000384
0.001263
0.002279
0.002850
0.002880
0.002821
0.002832
0.002297
0.000967
-0.000364
-0.001169
-0.001978
-0.003066
-0.003686
-0.003379
-0.002840
-0.002692
-0.002537
-0.001871
-0.000948
-0.000313
-0.000132
-0.000090
0.000228
0.000739
0.001091
0.001481
0.002264
0.002959
0.002972
0.002752
0.002937
0.003129
0.002595
0.001452
0.000407
-0.000240
-0.000824
-0.001587
-0.002212
-0.002439
-0.002583
-0.002922
-0.003135
-0.002832
-0.002221
-0.001788
-0.001561
-0.001162
-0.000423
0.000493
0.001364
0.001990
0.002310
0.002484
0.002634
0.002720
0.002703
0.002446
0.001759
0.000836
0.000107
-0.000416
-0.000989
-0.001529
-0.001830
-0.002045
-0.002279
-0.002218
-0.001665
-0.000965
-0.000583
-0.000483
-0.000302
0.000019
0.000239
0.000311
0.000410
0.000600
0.000751
0.000781
0.000825
0.001076
0.001482
0.001763
0.001715
0.001359
0.000867
0.000389
-0.000097
-0.000655
-0.001123
-0.001271
-0.001156
-0.001014
-0.000998
-0.001129
-0.001287
-0.001332
-0.001312
-0.001303
-0.001173
-0.000784
-0.000266
0.000204
0.000722
0.001405
0.001980
0.002064
0.001819
0.001700
0.001638
0.001263
0.000739
0.000478
0.000322
-0.000082
-0.000487
-0.000490
-0.000255
-0.000122
-0.000167
-0.000401
-0.000769
-0.001076
-0.001307
-0.001557
-0.001648
-0.001437
-0.001230
-0.001263
-0.001175
-0.000664
-0.000097
0.000175
0.000370
0.000696
0.000978
0.001064
0.001056
0.001158
0.001451
0.001714
0.001659
0.001401
0.001292
0.001335
0.001211
0.000782
0.000246
-0.000156
-0.000470
-0.000896
-0.001325
-0.001476
-0.001486
-0.001704
-0.001985
-0.001931
-0.001569
-0.001215
-0.001032
-0.000948
-0.000774
-0.000436
-0.000067
0.000250
0.000640
0.001129
0.001507
0.001699
0.001884
0.002107
0.002137
0.001817
0.001295
0.000840
0.000539
0.000266
-0.000083
-0.000376
-0.000428
-0.000350
-0.000377
-0.000443
-0.000431
-0.000587
-0.001063
-0.001468
-0.001498
-0.001425
-0.001473
-0.001403
-0.001053
-0.000599
-0.000176
0.000172
0.000345
0.000391
0.000498
0.000607
0.000490
0.000195
-0.000067
-0.000294
-0.000472
-0.000365
0.000077
0.000542
0.000824
0.001040
0.001319
0.001607
0.001825
0.001950
0.001872
0.001450
0.000772
0.000108
-0.000375
-0.000664
-0.000856
-0.001080
-0.001254
-0.001203
-0.001105
-0.001270
-0.001557
-0.001649
-0.001607
-0.001612
-0.001529
-0.001145
-0.000531
0.000075
0.000460
0.000578
0.000677
0.000986
0.001267
0.001165
0.000821
0.000616
0.000622
0.000742
0.001031
0.001534
0.002009
0.002081
0.001666
0.001061
0.000510
-0.000045
-0.000727
-0.001477
-0.002083
-0.002374
-0.002357
-0.002088
-0.001597
-0.001046
-0.000657
-0.000421
-0.000166
0.000154
0.000463
0.000685
0.000752
0.000703
0.000732
0.000940
0.001197
0.001351
0.001345
0.001115
0.000639
0.000087
-0.000297
-0.000476
-0.000672
-0.001076
-0.001501
-0.001553
-0.001233
-0.000905
-0.000676
-0.000391
-0.000153
-0.000141
-0.000165
0.000031
0.000327
0.000562
0.000813
0.001096
0.001304
0.001469
0.001628
0.001663
0.001534
0.001322
0.000960
0.000385
-0.000240
-0.000834
-0.001449
-0.001884
-0.001909
-0.001734
-0.001670
-0.001605
-0.001310
-0.000908
-0.000618
-0.000371
-0.000036
0.000247
0.000288
0.000155
0.000071
0.000163
0.000370
0.000577
0.000845
0.001250
0.001604
0.001735
0.001790
0.001840
0.001651
0.001128
0.000515
0.000032
-0.000316
-0.000627
-0.000959
-0.001219
-0.001291
-0.001280
-0.001341
-0.001356
-0.001169
-0.000983
-0.001124
-0.001473
-0.001476
-0.000837
-0.000023
0.000351
0.000415
0.000629
0.000946
0.001120
0.001239
0.001410
0.001421
0.001068
0.000544
0.000279
0.000424
0.000681
0.000708
0.000481
0.000214
0.000043
-0.000182
-0.000587
-0.000940
-0.001047
-0.001079
-0.001118
-0.000949
-0.000520
-0.000094
0.000098
0.000086
0.000112
0.000280
0.000343
0.000176
0.000049
0.000086
0.000078
-0.000030
-0.000082
-0.000063
-0.000073
-0.000101
-0.000071
0.000057
0.000280
0.000482
0.000499
0.000364
0.000248
0.000105
-0.000153
-0.000308
-0.000183
0.000015
0.000100
0.000169
0.000259
0.000216
0.000007
-0.000227
-0.000438
-0.000687
-0.000886
-0.000825
-0.000481
-0.000083
0.000182
0.000352
0.000536
0.000701
0.000709
0.000549
0.000347
0.000139
-0.000126
-0.000414
-0.000621
-0.000662
-0.000504
-0.000198
0.000141
0.000463
0.000787
0.001026
0.001058
0.000908
0.000685
0.000385
-0.000050
-0.000530
-0.000868
-0.001021
-0.001053
-0.000945
-0.000693
-0.000403
-0.000142
0.000059
0.000091
-0.000072
-0.000276
-0.000378
-0.000378
-0.000297
-0.000117
0.000095
0.000254
0.000457
0.000787
0.001076
0.001140
0.001044
0.000900
0.000652
0.000263
-0.000104
-0.000315
-0.000490
-0.000704
-0.000762
-0.000574
-0.000380
-0.000362
-0.000448
-0.000528
-0.000519
-0.000373
-0.000185
-0.000093
-0.000049
0.000119
0.000449
0.000770
0.000870
0.000701
0.000396
0.000081
-0.000198
-0.000352
-0.000244
0.000068
0.000301
0.000302
0.000233
0.000252
0.000267
0.000143
-0.000107
-0.000408
-0.000684
-0.000875
-0.000959
-0.000894
-0.000649
-0.000334
-0.000116
0.000003
0.000127
0.000239
0.000260
0.000270
0.000398
0.000572
0.000646
0.000690
0.000822
0.000933
0.000913
0.000872
0.000839
0.000675
0.000393
0.000147
-0.000092
-0.000468
-0.000915
-0.001221
-0.001363
-0.001494
-0.001611
-0.001560
-0.001339
-0.001052
-0.000669
-0.000154
0.000325
0.000615
0.000793
0.000956
0.001037
0.000966
0.000833
0.000721
0.000613
0.000549
0.000582
0.000608
0.000533
0.000394
0.000220
0.000007
-0.000183
-0.000301
-0.000396
-0.000499
-0.000567
-0.000604
-0.000635
-0.000598
-0.000454
-0.000331
-0.000331
-0.000364
-0.000313
-0.000197
-0.000077
0.000054
0.000161
0.000160
0.000122
0.000216
0.000408
0.000513
0.000508
0.000497
0.000517
0.000577
0.000691
0.000775
0.000670
0.000365
0.000007
-0.000361
-0.000700
-0.000822
-0.000714
-0.000642
-0.000727
-0.000784
-0.000654
-0.000421
-0.000221
-0.000096
-0.000071
-0.000158
-0.000258
-0.000253
-0.000132
0.000056
0.000275
0.000482
0.000666
0.000842
0.000985
0.001037
0.000965
0.000783
0.000549
0.000293
-0.000001
-0.000293
-0.000492
-0.000569
-0.000540
-0.000413
-0.000276
-0.000254
-0.000359
-0.000534
-0.000714
-0.000792
-0.000700
-0.000478
-0.000211
0.000017
0.000149
0.000181
0.000120
0.000000
-0.000044
0.000100
0.000323
0.000441
0.000468
0.000521
0.000607
0.000649
0.000645
0.000641
0.000624
0.000560
0.000389
0.000075
-0.000254
-0.000441
-0.000549
-0.000687
-0.000770
-0.000672
-0.000442
-0.000248
-0.000165
-0.000137
-0.000124
-0.000166
-0.000221
-0.000159
-0.000008
0.000047
-0.000023
-0.000093
-0.000046
0.000200
0.000549
0.000702
0.000554
0.000341
0.000211
0.000067
-0.000116
-0.000222
-0.000225
-0.000198
-0.000141
-0.000022
0.000093
0.000101
-0.000034
-0.000240
-0.000386
-0.000391
-0.000279
-0.000137
-0.000055
-0.000038
0.000016
0.000170
0.000317
0.000310
0.000199
0.000132
0.000084
-0.000060
-0.000216
-0.000155
0.000152
0.000470
0.000588
0.000488
0.000300
0.000182
0.000178
0.000187
0.000067
-0.000202
-0.000483
-0.000637
-0.000635
-0.000536
-0.000448
-0.000408
-0.000315
-0.000122
0.000045
0.000103
0.000114
0.000074
-0.000057
-0.000153
-0.000086
0.000043
0.000111
0.000199
0.000389
0.000556
0.000574
0.000530
0.000513
0.000376
0.000040
-0.000220
-0.000184
0.000005
0.000154
0.000222
0.000176
0.000020
-0.000121
-0.000172
-0.000283
-0.000570
-0.000827
-0.000844
-0.000712
-0.000550
-0.000329
-0.000075
0.000085
0.000063
-0.000074
-0.000132
-0.000010
0.000169
0.000249
0.000251
0.000328
0.000520
0.000699
0.000796
0.000853
0.000878
0.000812
0.000619
0.000362
0.000134
-0.000075
-0.000336
-0.000621
-0.000776
-0.000729
-0.000584
-0.000464
-0.000407
-0.000417
-0.000484
-0.000569
-0.000632
-0.000653
-0.000665
-0.000704
-0.000679
-0.000405
0.000114
0.000607
0.000896
0.001120
0.001396
0.001559
0.001444
0.001190
0.000975
0.000696
0.000261
-0.000136
-0.000320
-0.000364
-0.000389
-0.000424
-0.000499
-0.000651
-0.000816
-0.000908
-0.000981
-0.001118
-0.001228
-0.001179
-0.001008
-0.000787
-0.000457
-0.000028
0.000331
0.000604
0.000968
0.001403
0.001636
0.001536
0.001276
0.001026
0.000805
0.000625
0.000464
0.000226
-0.000056
-0.000218
-0.000245
-0.000340
-0.000618
-0.000919
-0.001065
-0.001127
-0.001196
-0.001152
-0.000924
-0.000675
-0.000522
-0.000372
-0.000162
0.000052
0.000273
0.000541
0.000792
0.000966
0.001097
0.001150
0.001049
0.000874
0.000729
0.000563
0.000348
0.000208
0.000198
0.000200
0.000110
-0.000068
-0.000326
-0.000633
-0.000874
-0.000951
-0.000916
-0.000907
-0.000971
-0.001016
-0.000912
-0.000584
-0.000130
0.000247
0.000480
0.000627
0.000639
0.000440
0.000198
0.000138
0.000157
0.000063
-0.000040
0.000028
0.000223
0.000451
0.000704
0.000907
0.000873
0.000540
0.000122
-0.000155
-0.000306
-0.000412
-0.000428
-0.000352
-0.000318
-0.000339
-0.000277
-0.000126
-0.000013
-0.000040
-0.000229
-0.000453
-0.000482
-0.000300
-0.000108
0.000009
0.000110
0.000178
0.000236
0.000391
0.000553
0.000475
0.000206
0.000034
-0.000017
-0.000083
-0.000090
0.000002
0.000022
-0.000031
0.000037
0.000191
0.000223
0.000089
-0.000140
-0.000425
-0.000667
-0.000698
-0.000525
-0.000354
-0.000277
-0.000194
-0.000061
0.000110
0.000359
0.000628
0.000749
0.000683
0.000549
0.000434
0.000337
0.000234
0.000134
0.000077
0.000074
0.000108
0.000146
0.000114
0.000001
-0.000138
-0.000353
-0.000730
-0.001104
-0.001195
-0.001021
-0.000788
-0.000524
-0.000189
0.000156
0.000448
0.000658
0.000728
0.000603
0.000364
0.000203
0.000194
0.000248
0.000313
0.000380
0.000372
0.000274
0.000223
0.000269
0.000294
0.000200
-0.000018
-0.000276
-0.000426
-0.000417
-0.000349
-0.000291
-0.000232
-0.000198
-0.000222
-0.000231
-0.000135
-0.000015
-0.000074
-0.000317
-0.000502
-0.000493
-0.000403
-0.000321
-0.000197
0.000001
0.000266
0.000617
0.001013
0.001287
0.001273
0.000956
0.000482
0.000018
-0.000307
-0.000425
-0.000417
-0.000468
-0.000585
-0.000572
-0.000389
-0.000201
-0.000048
0.000094
0.000081
-0.000178
-0.000476
-0.000571
-0.000459
-0.000256
-0.000072
0.000014
0.000084
0.000331
0.000689
0.000812
0.000597
0.000373
0.000363
0.000337
0.000066
-0.000260
-0.000351
-0.000226
-0.000038
0.000168
0.000337
0.000373
0.000278
0.000132
-0.000005
-0.000087
-0.000172
-0.000406
-0.000750
-0.000972
-0.001030
-0.001039
-0.000904
-0.000509
-0.000050
0.000298
0.000599
0.000827
0.000828
0.000667
0.000544
0.000483
0.000377
0.000227
0.000189
0.000349
0.000540
0.000565
0.000461
0.000319
0.000118
-0.000110
-0.000297
-0.000538
-0.000888
-0.001171
-0.001234
-0.001106
-0.000832
-0.000449
-0.000096
0.000114
0.000284
0.000509
0.000642
0.000577
0.000430
0.000291
0.000173
0.000183
0.000323
0.000381
0.000308
0.000293
0.000363
0.000368
0.000276
0.000150
-0.000018
-0.000241
-0.000427
-0.000473
-0.000421
-0.000385
-0.000424
-0.000495
-0.000473
-0.000308
-0.000112
0.000011
0.000053
0.000037
-0.000018
-0.000070
-0.000034
0.000124
0.000284
0.000297
0.000214
0.000174
0.000200
0.000268
0.000384
0.000476
0.000409
0.000187
-0.000050
-0.000217
-0.000309
-0.000312
-0.000201
-0.000030
0.000114
0.000239
0.000345
0.000315
0.000065
-0.000332
-0.000699
-0.000878
-0.000831
-0.000665
-0.000480
-0.000253
0.000025
0.000251
0.000404
0.000563
0.000652
0.000487
0.000142
-0.000075
-0.000023
0.000181
0.000373
0.000476
0.000491
0.000444
0.000374
0.000350
0.000340
0.000177
-0.000144
-0.000446
-0.000698
-0.000929
-0.000997
-0.000839
-0.000630
-0.000467
-0.000275
-0.000097
-0.000067
-0.000121
