5600
-0.000035
0.000004
0.000138
0.000255
0.000266
0.000175
0.000037
-0.000102
-0.000220
-0.000293
-0.000265
-0.000129
0.000014
0.000067
0.000077
0.000133
0.000213
0.000255
0.000229
0.000114
-0.000049
-0.000145
-0.000119
-0.000031
0.000045
0.000063
0.000033
0.000032
0.000071
0.000050
-0.000063
-0.000171
-0.000199
-0.000168
-0.000153
-0.000166
-0.000130
-0.000013
0.000125
0.000245
0.000319
0.000274
0.000117
-0.000015
-0.000034
-0.000013
-0.000016
-0.000001
0.000063
0.000117
0.000100
-0.000002
-0.000157
-0.000316
-0.000451
-0.000468
-0.000267
0.000049
0.000247
0.000245
0.000140
0.000032
-0.000029
0.000005
0.000151
0.000294
0.000289
0.000153
0.000018
-0.000074
-0.000134
-0.000133
-0.000077
-0.000050
-0.000082
-0.000095
-0.000046
0.000010
0.000021
0.000044
0.000124
0.000160
0.000087
-0.000004
-0.000087
-0.000206
-0.000273
-0.000211
-0.000104
0.000000
0.000131
0.000206
0.000105
-0.000069
-0.000075
0.000096
0.000210
0.000138
-0.000030
-0.000133
-0.000102
-0.000006
0.000064
0.000090
0.000052
-0.000070
-0.000168
-0.000107
0.000057
0.000166
0.000197
0.000223
0.000227
0.000149
0.000050
0.000008
-0.000020
-0.000081
-0.000159
-0.000273
-0.000394
-0.000380
-0.000197
-0.000036
-0.000039
-0.000096
-0.000058
0.000043
0.000098
0.000127
0.000218
0.000355
0.000425
0.000352
0.000180
0.000026
-0.000052
-0.000085
-0.000122
-0.000163
-0.000164
-0.000110
-0.000065
-0.000102
-0.000169
-0.000169
-0.000112
-0.000052
0.000002
0.000035
0.000002
-0.000089
-0.000137
-0.000079
0.000008
0.000040
0.000078
0.000189
0.000258
0.000183
0.000101
0.000159
0.000230
0.000146
-0.000013
-0.000093
-0.000078
-0.000008
0.000063
0.000033
-0.000130
-0.000254
-0.000159
0.000036
0.000058
-0.000107
-0.000237
-0.000219
-0.000152
-0.000138
-0.000122
-0.000002
0.000135
0.000131
0.000085
0.000186
0.000325
0.000310
0.000192
0.000095
0.000030
-0.000028
-0.000063
-0.000060
-0.000034
0.000008
0.000032
-0.000032
-0.000158
-0.000249
-0.000291
-0.000250
-0.000042
0.000223
0.000305
0.000173
0.000024
-0.000035
-0.000086
-0.000186
-0.000273
-0.000238
-0.000069
0.000102
0.000161
0.000125
0.000079
0.000081
0.000105
0.000079
0.000008
-0.000023
0.000012
0.000063
0.000082
0.000058
0.000015
-0.000044
-0.000143
-0.000234
-0.000202
-0.000041
0.000077
0.000032
-0.000069
-0.000074
0.000015
0.000111
0.000160
0.000152
0.000104
0.000041
-0.000022
-0.000043
0.000032
0.000141
0.000157
0.000101
0.000101
0.000130
0.000044
-0.000133
-0.000209
-0.000107
0.000005
-0.000053
-0.000224
-0.000332
-0.000317
-0.000231
-0.000130
-0.000005
0.000161
0.000288
0.000289
0.000186
0.000061
-0.000037
-0.000105
-0.000140
-0.000138
-0.000085
0.000017
0.000096
0.000094
0.000082
0.000125
0.000172
0.000194
0.000215
0.000215
0.000185
0.000144
0.000061
-0.000099
-0.000270
-0.000344
-0.000286
-0.000151
-0.000021
0.000049
0.000048
0.000009
-0.000015
-0.000028
-0.000093
-0.000204
-0.000246
-0.000153
-0.000032
0.000010
0.000030
0.000088
0.000106
0.000034
-0.000036
-0.000015
0.000087
0.000231
0.000355
0.000367
0.000221
-0.000018
-0.000229
-0.000310
-0.000229
-0.000080
-0.000047
-0.000161
-0.000215
-0.000090
0.000098
0.000221
0.000257
0.000258
0.000265
0.000233
0.000096
-0.000089
-0.000195
-0.000210
-0.000207
-0.000178
-0.000096
-0.000017
0.000024
0.000058
0.000100
0.000145
0.000162
0.000115
0.000019
-0.000104
-0.000254
-0.000343
-0.000269
-0.000091
0.000074
0.000186
0.000185
0.000041
-0.000097
-0.000086
0.000010
0.000040
-0.000027
-0.000089
-0.000053
0.000017
-0.000016
-0.000121
-0.000121
0.000039
0.000252
0.000399
0.000398
0.000263
0.000134
0.000100
0.000081
-0.000022
-0.000183
-0.000314
-0.000352
-0.000306
-0.000233
-0.000126
0.000044
0.000166
0.000120
0.000012
0.000005
0.000037
-0.000015
-0.000057
0.000038
0.000156
0.000125
0.000019
-0.000014
-0.000023
-0.000051
0.000002
0.000130
0.000174
0.000099
0.000025
-0.000018
-0.000119
-0.000234
-0.000206
-0.000075
-0.000037
-0.000069
0.000006
0.000154
0.000196
0.000123
0.000048
0.000000
-0.000058
-0.000129
-0.000196
-0.000249
-0.000251
-0.000152
0.000016
0.000127
0.000130
0.000120
0.000182
0.000253
0.000231
0.000152
0.000109
0.000037
-0.000114
-0.000176
-0.000045
0.000092
0.000024
-0.000142
-0.000156
-0.000051
-0.000026
-0.000060
-0.000045
-0.000015
-0.000006
-0.000006
-0.000034
-0.000026
0.000096
0.000164
0.000033
-0.000044
0.000157
0.000340
0.000165
-0.000158
-0.000251
-0.000151
-0.000102
-0.000115
-0.000102
-0.000115
-0.000132
-0.000031
0.000076
0.000020
-0.000025
0.000135
0.000306
0.000251
0.000109
0.000104
0.000168
0.000132
0.000026
-0.000053
-0.000164
-0.000344
-0.000432
-0.000307
-0.000107
-0.000018
-0.000000
0.000060
0.000125
0.000134
0.000107
0.000064
0.000006
-0.000047
-0.000070
-0.000043
0.000045
0.000146
0.000168
0.000075
-0.000053
-0.000090
-0.000023
0.000036
0.000038
0.000045
0.000060
0.000035
0.000009
0.000039
0.000053
-0.000073
-0.000274
-0.000300
-0.000062
0.000223
0.000339
0.000313
0.000225
0.000039
-0.000206
-0.000353
-0.000375
-0.000352
-0.000243
-0.000007
0.000200
0.000237
0.000176
0.000104
0.000035
0.000018
0.000060
0.000054
-0.000038
-0.000104
-0.000063
-0.000002
-0.000016
-0.000027
0.000069
0.000175
0.000158
0.000073
0.000048
0.000100
0.000128
0.000063
-0.000042
-0.000118
-0.000183
-0.000244
-0.000269
-0.000262
-0.000236
-0.000143
-0.000013
0.000028
-0.000014
-0.000017
0.000005
-0.000029
-0.000018
0.000184
0.000493
0.000654
0.000554
0.000315
0.000108
0.000035
0.000085
0.000096
-0.000041
-0.000201
-0.000259
-0.000313
-0.000449
-0.000547
-0.000513
-0.000403
-0.000248
-0.000023
0.000199
0.000273
0.000177
0.000049
0.000005
-0.000015
-0.000082
-0.000090
0.000033
0.000134
0.000120
0.000140
0.000243
0.000222
0.000060
0.000030
0.000202
0.000340
0.000286
0.000158
0.000121
0.000100
-0.000083
-0.000345
-0.000429
-0.000292
-0.000123
-0.000080
-0.000156
-0.000202
-0.000081
0.000128
0.000179
0.000011
-0.000150
-0.000149
-0.000089
-0.000049
0.000011
0.000032
-0.000033
-0.000019
0.000186
0.000400
0.000416
0.000302
0.000217
0.000148
0.000017
-0.000120
-0.000172
-0.000181
-0.000252
-0.000369
-0.000389
-0.000261
-0.000096
0.000006
0.000073
0.000149
0.000181
0.000097
-0.000060
-0.000157
-0.000135
-0.000028
0.000108
0.000183
0.000170
0.000188
0.000274
0.000259
0.000066
-0.000159
-0.000261
-0.000211
-0.000084
0.000021
0.000075
0.000122
0.000172
0.000187
0.000129
-0.000003
-0.000149
-0.000224
-0.000181
-0.000091
-0.000082
-0.000135
-0.000109
-0.000006
0.000059
0.000071
0.000073
0.000058
0.000029
0.000020
0.000039
0.000082
0.000108
0.000002
-0.000240
-0.000371
-0.000218
0.000047
0.000161
0.000074
-0.000040
0.000011
0.000179
0.000266
0.000237
0.000191
0.000141
0.000058
-0.000038
-0.000137
-0.000223
-0.000276
-0.000335
-0.000376
-0.000260
0.000020
0.000260
0.000369
0.000469
0.000567
0.000469
0.000146
-0.000161
-0.000319
-0.000443
-0.000549
-0.000466
-0.000196
-0.000007
-0.000021
-0.000025
0.000149
0.000362
0.000426
0.000332
0.000156
-0.000023
-0.000106
-0.000076
-0.000041
-0.000080
-0.000148
-0.000189
-0.000219
-0.000207
-0.000073
0.000121
0.000214
0.000204
0.000174
0.000046
-0.000190
-0.000240
0.000022
0.000239
0.000134
-0.000074
-0.000087
0.000043
0.000100
0.000031
-0.000060
-0.000044
0.000105
0.000211
0.000064
-0.000216
-0.000332
-0.000266
-0.000161
-0.000029
0.000111
0.000136
0.000045
-0.000014
0.000016
0.000071
0.000103
0.000099
0.000076
0.000098
0.000167
0.000178
0.000113
0.000076
0.000075
0.000013
-0.000114
-0.000241
-0.000311
-0.000237
-0.000011
0.000140
0.000024
-0.000208
-0.000281
-0.000166
-0.000005
0.000136
0.000230
0.000169
-0.000033
-0.000120
0.000043
0.000219
0.000175
0.000012
-0.000078
-0.000077
-0.000031
0.000038
0.000087
0.000080
0.000041
-0.000010
-0.000076
-0.000121
-0.000077
0.000019
0.000018
-0.000104
-0.000203
-0.000217
-0.000189
-0.000064
0.000184
0.000355
0.000303
0.000175
0.000120
0.000054
-0.000115
-0.000276
-0.000264
-0.000100
0.000043
0.000050
-0.000053
-0.000134
-0.000071
0.000119
0.000282
0.000305
0.000241
0.000185
0.000132
0.000043
-0.000057
-0.000126
-0.000164
-0.000197
-0.000246
-0.000261
-0.000184
-0.000137
-0.000224
-0.000252
-0.000038
0.000225
0.000302
0.000259
0.000222
0.000167
0.000113
0.000126
0.000113
-0.000036
-0.000177
-0.000115
0.000055
0.000141
0.000200
0.000316
0.000325
0.000136
-0.000049
-0.000149
-0.000326
-0.000498
-0.000384
-0.000108
0.000026
0.000132
0.000312
0.000216
-0.000228
-0.000458
-0.000195
0.000155
0.000238
0.000069
-0.000286
-0.000606
-0.000534
-0.000161
0.000030
-0.000032
0.000010
0.000252
0.000468
0.000529
0.000456
0.000242
-0.000067
-0.000254
-0.000132
0.000116
0.000096
-0.000180
-0.000282
-0.000052
0.000287
0.000562
0.000611
0.000231
-0.000329
-0.000409
0.000068
0.000357
0.000033
-0.000471
-0.000693
-0.000620
-0.000345
-0.000119
-0.000339
-0.000786
-0.000645
0.000184
0.000852
0.000825
0.000369
-0.000126
-0.000382
-0.000111
0.000509
0.000733
0.000252
-0.000284
-0.000204
0.000350
0.000811
0.000885
0.000643
0.000327
0.000209
0.000335
0.000400
0.000109
-0.000420
-0.000813
-0.000893
-0.000753
-0.000537
-0.000365
-0.000309
-0.000273
-0.000113
0.000097
0.000145
0.000012
-0.000136
-0.000186
-0.000149
-0.000084
-0.000071
-0.000195
-0.000396
-0.000438
-0.000175
0.000259
0.000587
0.000625
0.000389
0.000134
0.000165
0.000438
0.000578
0.000350
-0.000088
-0.000349
-0.000198
0.000142
0.000265
0.000102
-0.000078
-0.000031
0.000211
0.000363
0.000200
-0.000168
-0.000455
-0.000546
-0.000523
-0.000447
-0.000344
-0.000288
-0.000265
-0.000112
0.000198
0.000430
0.000367
0.000057
-0.000246
-0.000306
-0.000099
0.000139
0.000129
-0.000070
-0.000145
-0.000029
0.000082
0.000137
0.000245
0.000370
0.000375
0.000315
0.000335
0.000349
0.000176
-0.000066
-0.000110
-0.000001
0.000027
-0.000047
-0.000093
-0.000087
-0.000052
0.000036
0.000103
-0.000010
-0.000245
-0.000369
-0.000381
-0.000472
-0.000592
-0.000524
-0.000424
-0.000786
-0.001614
-0.002091
-0.001438
0.000171
0.001703
0.002129
0.001324
0.000190
-0.000202
0.000397
0.001315
0.001628
0.000948
-0.000123
-0.000481
0.000179
0.001037
0.001323
0.001064
0.000669
0.000518
0.000748
0.000978
0.000577
-0.000498
-0.001502
-0.001774
-0.001436
-0.001088
-0.001089
-0.001324
-0.001442
-0.001135
-0.000423
0.000220
0.000294
-0.000110
-0.000487
-0.000564
-0.000379
-0.000073
0.000076
-0.000149
-0.000465
-0.000268
0.000494
0.001179
0.001397
0.001390
0.001346
0.001197
0.001064
0.001054
0.000904
0.000422
-0.000116
-0.000395
-0.000463
-0.000523
-0.000627
-0.000709
-0.000685
-0.000444
-0.000039
0.000188
0.000006
-0.000341
-0.000486
-0.000400
-0.000324
-0.000436
-0.000716
-0.000987
-0.000997
-0.000600
0.000004
0.000402
0.000407
0.000260
0.000315
0.000558
0.000670
0.000524
0.000243
-0.000033
-0.000174
-0.000078
0.000151
0.000255
0.000155
0.000040
0.000099
0.000323
0.000529
0.000531
0.000331
0.000116
0.000088
0.000252
0.000366
0.000238
-0.000017
-0.000207
-0.000323
-0.000340
-0.000169
0.000018
-0.000081
-0.000330
-0.000331
-0.000119
-0.000059
-0.000214
-0.000374
-0.000440
-0.000401
-0.000254
-0.000114
-0.000115
-0.000201
-0.000184
-0.000012
0.000159
0.000221
0.000256
0.000325
0.000376
0.000376
0.000336
0.000218
0.000008
-0.000152
-0.000142
-0.000045
0.000037
0.000105
0.000113
0.000030
-0.000013
0.000094
0.000210
0.000125
-0.000140
-0.000383
-0.000497
-0.000550
-0.000676
-0.001007
-0.001483
-0.001663
-0.001063
0.000198
0.001301
0.001506
0.000906
0.000240
0.000112
0.000541
0.001077
0.001172
0.000676
0.000056
-0.000067
0.000355
0.000775
0.000772
0.000528
0.000451
0.000670
0.000982
0.001026
0.000535
-0.000347
-0.001125
-0.001377
-0.001124
-0.000782
-0.000758
-0.001073
-0.001368
-0.001243
-0.000663
-0.000087
-0.000033
-0.000434
-0.000698
-0.000492
-0.000082
0.000120
-0.000004
-0.000257
-0.000333
-0.000052
0.000467
0.000918
0.001120
0.001137
0.001122
0.001131
0.001105
0.000974
0.000713
0.000321
-0.000066
-0.000193
-0.000122
-0.000261
-0.000629
-0.000742
-0.000474
-0.000217
-0.000144
-0.000101
-0.000097
-0.000247
-0.000386
-0.000327
-0.000280
-0.000486
-0.000739
-0.000726
-0.000514
-0.000305
-0.000103
0.000069
0.000134
0.000208
0.000411
0.000588
0.000566
0.000407
0.000265
0.000214
0.000251
0.000347
0.000401
0.000293
0.000097
0.000013
0.000087
0.000176
0.000148
-0.000002
-0.000195
-0.000327
-0.000320
-0.000215
-0.000158
-0.000221
-0.000263
-0.000109
0.000149
0.000283
0.000254
0.000153
0.000065
0.000079
0.000193
0.000229
0.000021
-0.000301
-0.000423
-0.000291
-0.000154
-0.000129
-0.000095
0.000016
0.000114
0.000142
0.000149
0.000166
0.000140
-0.000029
-0.000352
-0.000633
-0.000696
-0.000641
-0.000735
-0.001194
-0.001907
-0.002144
-0.001055
0.000991
0.002330
0.001973
0.000734
-0.000147
-0.000182
0.000686
0.001898
0.002034
0.000597
-0.000770
-0.000539
0.000614
0.001364
0.001529
0.001324
0.000793
0.000546
0.001124
0.001632
0.000828
-0.000858
-0.001967
-0.002020
-0.001648
-0.001394
-0.001460
-0.001887
-0.002191
-0.001621
-0.000310
0.000630
0.000534
-0.000068
-0.000447
-0.000543
-0.000446
-0.000101
0.000108
-0.000284
-0.000704
-0.000202
0.000898
0.001520
0.001550
0.001503
0.001350
0.001070
0.001134
0.001438
0.001209
0.000391
-0.000273
-0.000522
-0.000655
-0.000689
-0.000554
-0.000563
-0.000781
-0.000723
-0.000212
0.000262
0.000263
-0.000073
-0.000393
-0.000609
-0.000768
-0.000784
-0.000607
-0.000428
-0.000403
-0.000382
-0.000132
0.000266
0.000495
0.000443
0.000266
0.000102
0.000040
0.000161
0.000339
0.000281
-0.000018
-0.000204
-0.000096
0.000189
0.000530
0.000727
0.000591
0.000344
0.000340
0.000510
0.000532
0.000265
-0.000140
-0.000379
-0.000326
-0.000184
-0.000166
-0.000230
-0.000258
-0.000231
-0.000160
-0.000027
0.000130
0.000183
0.000079
-0.000051
-0.000104
-0.000166
-0.000344
-0.000584
-0.000665
-0.000437
-0.000053
0.000198
0.000254
0.000253
0.000243
0.000181
0.000131
0.000151
0.000111
-0.000081
-0.000270
-0.000286
-0.000145
0.000069
0.000243
0.000214
-0.000007
-0.000209
-0.000336
-0.000597
-0.001254
-0.002237
-0.002673
-0.001526
0.000723
0.002144
0.001747
0.000557
-0.000108
0.000089
0.001101
0.002422
0.002588
0.000932
-0.000822
-0.000829
0.000291
0.000991
0.001063
0.000868
0.000456
0.000385
0.001246
0.002088
0.001482
-0.000162
-0.001295
-0.001513
-0.001435
-0.001358
-0.001390
-0.001867
-0.002565
-0.002503
-0.001389
-0.000268
-0.000085
-0.000506
-0.000682
-0.000365
0.000187
0.000679
0.000703
0.000058
-0.000616
-0.000463
0.000374
0.001076
0.001347
0.001406
0.001343
0.001315
0.001646
0.002079
0.001845
0.000914
0.000062
-0.000374
-0.000659
-0.000852
-0.000892
-0.001045
-0.001360
-0.001295
-0.000658
-0.000082
0.000003
-0.000117
-0.000232
-0.000427
-0.000535
-0.000343
-0.000147
-0.000287
-0.000497
-0.000366
-0.000024
0.000192
0.000279
0.000348
0.000318
0.000184
0.000158
0.000348
0.000557
0.000534
0.000319
0.000198
0.000319
0.000488
0.000421
0.000129
-0.000070
0.000006
0.000138
0.000058
-0.000166
-0.000306
-0.000316
-0.000263
-0.000170
-0.000120
-0.000211
-0.000290
-0.000146
0.000084
0.000128
0.000032
0.000006
0.000045
0.000016
-0.000045
0.000002
0.000138
0.000265
0.000357
0.000364
0.000255
0.000132
0.000050
-0.000077
-0.000257
-0.000399
-0.000494
-0.000582
-0.000582
-0.000427
-0.000248
-0.000153
-0.000060
0.000096
0.000258
0.000357
0.000330
0.000130
-0.000181
-0.000594
-0.001366
-0.002493
-0.002944
-0.001503
0.001117
0.002529
0.001819
0.000527
-0.000001
0.000205
0.001131
0.002419
0.002380
0.000348
-0.001420
-0.000951
0.000532
0.001194
0.001189
0.001011
0.000501
0.000411
0.001598
0.002694
0.001830
-0.000202
-0.001401
-0.001547
-0.001492
-0.001481
-0.001610
-0.002140
-0.002650
-0.002271
-0.001058
-0.000086
-0.000036
-0.000501
-0.000769
-0.000613
-0.000159
0.000356
0.000439
-0.000233
-0.000972
-0.000703
0.000422
0.001286
0.001571
0.001697
0.001566
0.001175
0.001294
0.001926
0.001912
0.001010
0.000233
-0.000068
-0.000358
-0.000547
-0.000400
-0.000498
-0.001141
-0.001500
-0.001102
-0.000632
-0.000548
-0.000502
-0.000393
-0.000500
-0.000671
-0.000552
-0.000221
0.000050
0.000208
0.000277
0.000277
0.000308
0.000352
0.000247
0.000052
0.000000
0.000105
0.000244
0.000384
0.000450
0.000363
0.000283
0.000350
0.000388
0.000303
0.000283
0.000319
0.000182
-0.000095
-0.000324
-0.000481
-0.000531
-0.000401
-0.000273
-0.000325
-0.000324
-0.000041
0.000251
0.000251
0.000129
0.000099
0.000060
-0.000039
-0.000092
-0.000106
-0.000091
0.000062
0.000279
0.000299
0.000099
-0.000067
-0.000043
0.000068
0.000133
0.000131
0.000071
-0.000032
-0.000153
-0.000288
-0.000415
-0.000449
-0.000314
-0.000082
0.000059
0.000025
-0.000070
-0.000098
-0.000042
0.000047
0.000121
0.000098
-0.000214
-0.001074
-0.002375
-0.003116
-0.002077
0.000398
0.002236
0.002077
0.000803
-0.000094
-0.000129
0.000742
0.002210
0.002780
0.001270
-0.000803
-0.001009
0.000347
0.001203
0.001106
0.000803
0.000387
0.000171
0.001009
0.002297
0.002301
0.000976
-0.000108
-0.000418
-0.000561
-0.000697
-0.000951
-0.001936
-0.003389
-0.003964
-0.003182
-0.002107
-0.001738
-0.001893
-0.001799
-0.001100
-0.000057
0.000917
0.001514
0.001462
0.000873
0.000466
0.000664
0.001016
0.001124
0.001082
0.000841
0.000488
0.000718
0.001699
0.002430
0.002329
0.002055
0.001965
0.001589
0.000945
0.000472
-0.000101
-0.001163
-0.002154
-0.002405
-0.002195
-0.002026
-0.001841
-0.001590
-0.001493
-0.001486
-0.001329
-0.001124
-0.001044
-0.000888
-0.000415
0.000194
0.000576
0.000706
0.000824
0.001007
0.001191
0.001421
0.001664
0.001627
0.001187
0.000681
0.000405
0.000272
0.000128
-0.000109
-0.000440
-0.000608
-0.000356
0.000121
0.000411
0.000421
0.000368
0.000394
0.000465
0.000517
0.000426
0.000085
-0.000320
-0.000492
-0.000476
-0.000507
-0.000624
-0.000796
-0.001035
-0.001179
-0.001035
-0.000793
-0.000727
-0.000711
-0.000519
-0.000228
0.000007
0.000246
0.000560
0.000795
0.000802
0.000716
0.000738
0.000796
0.000686
0.000456
0.000335
0.000374
0.000460
0.000509
0.000462
0.000327
0.000230
0.000182
-0.000035
-0.000492
-0.000945
-0.001503
-0.003007
-0.005691
-0.007743
-0.006966
-0.003848
-0.000699
0.001891
0.004709
0.006980
0.007410
0.007066
0.007785
0.008871
0.007929
0.004184
-0.000358
-0.003063
-0.003584
-0.003626
-0.003945
-0.003787
-0.003128
-0.002581
-0.001717
-0.000324
0.000239
-0.000863
-0.002647
-0.004135
-0.004977
-0.004635
-0.003492
-0.003059
-0.003106
-0.001612
0.001467
0.004059
0.005403
0.006071
0.005888
0.004707
0.003448
0.002639
0.001666
0.000078
-0.001724
-0.002865
-0.002609
-0.001235
0.000092
0.000770
0.001075
0.001171
0.001011
0.000706
0.000159
-0.000808
-0.001852
-0.002577
-0.002974
-0.002760
-0.001606
-0.000255
0.000350
0.000677
0.001492
0.002279
0.002304
0.001747
0.000857
-0.000475
-0.001940
-0.002868
-0.003124
-0.003131
-0.003014
-0.002429
-0.001263
0.000125
0.001460
0.002748
0.003717
0.003824
0.003203
0.002650
0.002324
0.001723
0.000935
0.000465
0.000260
0.000078
-0.000010
-0.000043
-0.000155
-0.000274
-0.000409
-0.000724
-0.001154
-0.001505
-0.001803
-0.002120
-0.002298
-0.002167
-0.001795
-0.001354
-0.000936
-0.000588
-0.000303
-0.000004
0.000268
0.000328
0.000220
0.000237
0.000435
0.000640
0.000858
0.001137
0.001368
0.001579
0.001924
0.002290
0.002393
0.002144
0.001597
0.000921
0.000395
0.000011
-0.000516
-0.001085
-0.001291
-0.001220
-0.001313
-0.001561
-0.001620
-0.001439
-0.001290
-0.001383
-0.001659
-0.001882
-0.001946
-0.001945
-0.002019
-0.002759
-0.005019
-0.007623
-0.007102
-0.002589
0.002106
0.004651
0.007370
0.011023
0.012362
0.010674
0.009416
0.009635
0.008367
0.004171
-0.000747
-0.003772
-0.004508
-0.004468
-0.004848
-0.005134
-0.004799
-0.004625
-0.004764
-0.004279
-0.003618
-0.004216
-0.005736
-0.006709
-0.006556
-0.004984
-0.002158
0.000137
0.001064
0.002610
0.005570
0.007662
0.007878
0.007554
0.006602
0.004078
0.001475
0.000681
0.000786
0.000193
-0.000844
-0.001500
-0.001495
-0.000745
0.000172
0.000205
-0.000704
-0.001776
-0.002642
-0.003123
-0.002920
-0.002266
-0.001705
-0.001275
-0.000662
0.000433
0.002014
0.003254
0.003187
0.002228
0.001479
0.000915
-0.000003
-0.000886
-0.001259
-0.001597
-0.002214
-0.002532
-0.002325
-0.002267
-0.002639
-0.002715
-0.001945
-0.000773
0.000233
0.001231
0.002465
0.003499
0.003924
0.004141
0.004506
0.004549
0.003879
0.002831
0.001770
0.000735
-0.000273
-0.001243
-0.002069
-0.002548
-0.002696
-0.002706
-0.002587
-0.002298
-0.002046
-0.002029
-0.002086
-0.001987
-0.001806
-0.001657
-0.001422
-0.001001
-0.000469
0.000143
0.000820
0.001364
0.001619
0.001726
0.001855
0.001997
0.002095
0.002087
0.001854
0.001443
0.001148
0.001126
0.001189
0.001092
0.000760
0.000283
-0.000126
-0.000364
-0.000560
-0.000767
-0.000911
-0.001114
-0.001470
-0.001743
-0.001837
-0.001986
-0.002151
-0.002044
-0.001833
-0.001823
-0.001743
-0.001439
-0.002081
-0.005200
-0.009399
-0.009807
-0.004241
0.002360
0.005252
0.007479
0.012371
0.015568
0.013610
0.011158
0.011458
0.010137
0.004346
-0.001954
-0.004937
-0.005373
-0.005356
-0.005480
-0.005276
-0.004629
-0.004506
-0.005370
-0.005994
-0.005954
-0.006792
-0.008674
-0.009521
-0.008321
-0.005495
-0.001410
0.002447
0.004505
0.006168
0.008888
0.010389
0.009099
0.007411
0.006285
0.003607
0.000186
-0.000585
0.000815
0.001160
0.000214
-0.000322
-0.000416
-0.000638
-0.000915
-0.001701
-0.003388
-0.005103
-0.005973
-0.005919
-0.004740
-0.002479
-0.000129
0.001451
0.002443
0.003424
0.004486
0.004907
0.003946
0.002165
0.000825
0.000026
-0.000811
-0.001291
-0.000969
-0.000704
-0.001134
-0.001510
-0.001363
-0.001481
-0.002591
-0.004397
-0.005849
-0.005885
-0.004417
-0.002207
0.000542
0.003884
0.006655
0.007794
0.008189
0.008662
0.008093
0.005676
0.002557
-0.000028
-0.001950
-0.003241
-0.003746
-0.003557
-0.002949
-0.002286
-0.001963
-0.001963
-0.001996
-0.002243
-0.003095
-0.004133
-0.004387
-0.003644
-0.002544
-0.001390
0.000076
0.001780
0.003174
0.003845
0.003777
0.003220
0.002431
0.001515
0.000687
0.000341
0.000500
0.000779
0.001093
0.001628
0.002194
0.002370
0.002064
0.001396
0.000440
-0.000637
-0.001590
-0.002342
-0.002819
-0.002841
-0.002497
-0.002077
-0.001548
-0.000808
-0.000272
-0.000578
-0.001732
-0.002843
-0.003024
-0.002871
-0.004567
-0.008912
-0.011990
-0.008482
-0.000002
0.005985
0.008032
0.011753
0.016871
0.016818
0.012448
0.010871
0.011365
0.007396
-0.000165
-0.004777
-0.005057
-0.004456
-0.004529
-0.004525
-0.004332
-0.004773
-0.006261
-0.007870
-0.008445
-0.008689
-0.009913
-0.011157
-0.010384
-0.007123
-0.002064
0.003205
0.006340
0.007422
0.009041
0.010918
0.010258
0.007879
0.006452
0.004731
0.001271
-0.000776
0.000695
0.002487
0.002064
0.000993
0.000360
-0.000771
-0.002251
-0.003334
-0.004675
-0.006574
-0.007772
-0.007512
-0.006101
-0.003594
-0.000268
0.002584
0.003965
0.004396
0.004885
0.005259
0.004462
0.002501
0.000731
-0.000156
-0.000670
-0.000806
-0.000058
0.000865
0.000737
-0.000146
-0.000790
-0.001441
-0.002905
-0.005085
-0.007045
-0.007628
-0.006415
-0.004420
-0.002361
0.000864
0.005447
0.008721
0.009087
0.008660
0.008992
0.008222
0.005087
0.001546
-0.000562
-0.001790
-0.002916
-0.003460
-0.002985
-0.002080
-0.001714
-0.002155
-0.002747
-0.002969
-0.003321
-0.004280
-0.005021
-0.004530
-0.003258
-0.002159
-0.000999
0.000846
0.002814
0.003863
0.003959
0.003697
0.003201
0.002291
0.001240
0.000639
0.000630
0.000769
0.000795
0.001007
0.001597
0.002116
0.002025
0.001399
0.000660
-0.000078
-0.001004
-0.002035
-0.002682
-0.002704
-0.002432
-0.002145
-0.001663
-0.000941
-0.000529
-0.000941
-0.001863
-0.002459
-0.002614
-0.003854
-0.007902
-0.012622
-0.011887
-0.003994
0.003986
0.007028
0.009934
0.015929
0.018804
0.015426
0.012303
0.012371
0.009782
0.002356
-0.004090
-0.005712
-0.004929
-0.004704
-0.005007
-0.004781
-0.004384
-0.005221
-0.007119
-0.008266
-0.008704
-0.010213
-0.012169
-0.012066
-0.009316
-0.004655
0.001079
0.005554
0.007383
0.008969
0.011522
0.012014
0.009610
0.007507
0.005998
0.002796
-0.000213
0.000256
0.002265
0.002375
0.001302
0.000701
-0.000087
-0.001390
-0.002560
-0.004137
-0.006560
-0.008487
-0.008821
-0.007779
-0.005456
-0.002050
0.001128
0.002937
0.003763
0.004576
0.005418
0.005374
0.003936
0.001969
0.000602
-0.000104
-0.000308
0.000354
0.001418
0.001520
0.000563
-0.000282
-0.000875
-0.002238
-0.004608
-0.006823
-0.007489
-0.006433
-0.004833
-0.003290
-0.000755
0.003198
0.006684
0.007951
0.007746
0.007547
0.007094
0.005332
0.002659
0.000543
-0.000583
-0.001427
-0.002130
-0.002150
-0.001630
-0.001408
-0.001819
-0.002439
-0.002866
-0.003216
-0.003780
-0.004309
-0.004112
-0.003075
-0.001875
-0.000875
0.000318
0.001785
0.002751
0.002736
0.002355
0.002213
0.001940
0.001179
0.000514
0.000516
0.000852
0.001075
0.001341
0.001745
0.001956
0.001855
0.001584
0.001120
0.000479
-0.000149
-0.000712
-0.001223
-0.001551
-0.001596
-0.001430
-0.001272
-0.001503
-0.002344
-0.003372
-0.003813
-0.003814
-0.005310
-0.009892
-0.014442
-0.012532
-0.003811
0.003804
0.006669
0.010589
0.017289
0.019612
0.016142
0.014168
0.014535
0.010502
0.002075
-0.003756
-0.004859
-0.004597
-0.004622
-0.004436
-0.004246
-0.004646
-0.005855
-0.007554
-0.008977
-0.010243
-0.012162
-0.013832
-0.013318
-0.010273
-0.005320
0.000627
0.005363
0.007808
0.010028
0.012672
0.013057
0.010921
0.008949
0.006834
0.003112
0.000518
0.001497
0.003196
0.002940
0.002146
0.001531
-0.000171
-0.002225
-0.003352
-0.005009
-0.008084
-0.010346
-0.010316
-0.009004
-0.006840
-0.003435
0.000140
0.002359
0.003490
0.004630
0.005667
0.005663
0.004443
0.002813
0.001515
0.000789
0.000943
0.002061
0.003143
0.003110
0.002315
0.001521
0.000477
-0.001146
-0.003178
-0.005877
-0.008979
-0.010218
-0.008081
-0.004745
-0.002645
-0.000642
0.002689
0.005726
0.007058
0.007709
0.007982
0.006639
0.004038
0.002062
0.001258
0.000874
0.000495
0.000023
-0.000538
-0.000885
-0.001065
-0.001695
-0.002824
-0.003831
-0.004606
-0.005299
-0.005356
-0.004333
-0.002820
-0.001468
-0.000228
0.000966
0.001920
0.002591
0.002913
0.002627
0.001831
0.001074
0.000681
0.000537
0.000565
0.000862
0.001328
0.001688
0.001910
0.002127
0.002192
0.001833
0.001145
0.000488
-0.000034
-0.000545
-0.001025
-0.001388
-0.001679
-0.002005
-0.002575
-0.003484
-0.004167
-0.004100
-0.004543
-0.007938
-0.013584
-0.015412
-0.008914
0.000672
0.005269
0.007199
0.013243
0.019738
0.019395
0.016042
0.016083
0.015097
0.007736
-0.000682
-0.003776
-0.003676
-0.004245
-0.005142
-0.005561
-0.006087
-0.006766
-0.007571
-0.008885
-0.010435
-0.011962
-0.013588
-0.014354
-0.012712
-0.008377
-0.002514
0.002713
0.005772
0.008060
0.011424
0.013946
0.013231
0.011162
0.009704
0.007170
0.003634
0.002639
0.004195
0.004364
0.002537
0.001099
-0.000035
-0.001848
-0.003404
-0.004812
-0.007547
-0.010505
-0.011317
-0.010344
-0.008848
-0.006277
-0.002643
0.000134
0.001371
0.002688
0.004786
0.006136
0.005656
0.004292
0.003271
0.002667
0.002394
0.002906
0.003946
0.004207
0.003226
0.001945
0.000886
-0.000376
-0.002065
-0.004299
-0.007103
-0.009052
-0.008348
-0.005876
-0.003880
-0.002167
0.000459
0.002886
0.003859
0.004607
0.005821
0.005722
0.003759
0.002161
0.002178
0.002613
0.002508
0.002119
0.001683
0.001190
0.000536
-0.000605
-0.002101
-0.003260
-0.004107
-0.005186
-0.005890
-0.005140
-0.003466
-0.002257
-0.001550
-0.000507
0.000759
0.001494
0.001617
0.001548
0.001432
0.001217
0.001029
0.001118
0.001564
0.002121
0.002408
0.002375
0.002348
0.002403
0.002107
0.001256
0.000399
0.000152
0.000310
0.000072
-0.000813
-0.001613
-0.001745
-0.001827
-0.002735
-0.003964
-0.004271
-0.003975
-0.005485
-0.010489
-0.015796
-0.014411
-0.005080
0.003607
0.006110
0.008792
0.015997
0.020315
0.017703
0.015568
0.016560
0.013084
0.003697
-0.003180
-0.003914
-0.003157
-0.003962
-0.005171
-0.005878
-0.006314
-0.006919
-0.008127
-0.009538
-0.010767
-0.012563
-0.014628
-0.014735
-0.011662
-0.006232
-0.000261
0.003912
0.006015
0.008948
0.013170
0.014735
0.012790
0.010966
0.009394
0.005575
0.002155
0.002968
0.005119
0.004424
0.002420
0.001319
0.000010
-0.001743
-0.003021
-0.005112
-0.008718
-0.011366
-0.011636
-0.010838
-0.009163
-0.005787
-0.002188
-0.000369
0.000602
0.002590
0.004924
0.005672
0.004691
0.003412
0.002662
0.002316
0.002624
0.004000
0.005478
0.005491
0.004256
0.003209
0.002457
0.000866
-0.002060
-0.005550
-0.007957
-0.008060
-0.006658
-0.005273
-0.003668
-0.001287
0.000623
0.001287
0.002087
0.003593
0.004123
0.002857
0.001308
0.000816
0.001045
0.001279
0.001493
0.001880
0.002283
0.002328
0.001846
0.001047
0.000164
-0.000986
-0.002571
-0.004010
-0.004396
-0.003721
-0.002836
-0.002160
-0.001359
-0.000314
0.000520
0.000824
0.000812
0.000791
0.000738
0.000533
0.000296
0.000244
0.000382
0.000563
0.000738
0.000988
0.001413
0.001978
0.002351
0.002257
0.001964
0.001811
0.001503
0.000588
-0.000749
-0.001997
-0.002897
-0.003297
-0.003232
-0.003854
-0.007321
-0.013332
-0.016113
-0.010387
-0.000862
0.003528
0.004450
0.009552
0.016083
0.016537
0.014305
0.015553
0.015455
0.008513
0.000310
-0.002604
-0.002131
-0.002053
-0.002783
-0.003939
-0.005032
-0.005473
-0.006249
-0.008060
-0.009620
-0.010935
-0.013410
-0.015543
-0.014277
-0.009571
-0.003673
0.001260
0.004113
0.006385
0.010036
0.013049
0.012804
0.011296
0.010328
0.007650
0.003645
0.002840
0.005111
0.005605
0.003745
0.002404
0.001328
-0.000449
-0.001638
-0.002888
-0.006280
-0.010047
-0.011327
-0.011040
-0.010271
-0.007636
-0.003740
-0.001568
-0.001081
0.000354
0.002766
0.004002
0.003640
0.002792
0.002027
0.001611
0.002043
0.003438
0.005149
0.006152
0.005941
0.005024
0.004055
0.002823
0.000737
-0.002130
-0.004914
-0.006611
-0.006764
-0.005611
-0.003700
-0.001699
-0.000340
0.000170
0.000530
0.001333
0.001904
0.001180
-0.000353
-0.001061
-0.000546
0.000168
0.000781
0.001806
0.002834
0.003012
0.002610
0.002275
0.001732
0.000506
-0.001116
-0.002469
-0.003041
-0.002718
-0.001971
-0.001328
-0.000714
0.000088
0.000717
0.000691
0.000237
-0.000097
-0.000335
-0.000717
-0.000930
-0.000646
-0.000287
-0.000289
-0.000283
0.000217
0.001070
0.001782
0.001983
0.001787
0.001758
0.002004
0.001755
0.000586
-0.000811
-0.001779
-0.002411
-0.002958
-0.004330
-0.008335
-0.013861
-0.014701
-0.007448
0.001312
0.004615
0.006514
0.012368
0.016896
0.015082
0.012665
0.013564
0.011575
0.003880
-0.002569
-0.003546
-0.002641
-0.002593
-0.002567
-0.002565
-0.003222
-0.004132
-0.005397
-0.007405
-0.009557
-0.011692
-0.014122
-0.015430
-0.013491
-0.008373
-0.002453
0.001778
0.004255
0.007194
0.010861
0.012481
0.011528
0.010599
0.009568
0.006357
0.003238
0.003841
0.006074
0.006008
0.004469
0.003428
0.001988
-0.000164
-0.001977
-0.004316
-0.008046
-0.011143
-0.012111
-0.011966
-0.010745
-0.007480
-0.003724
-0.001715
-0.000524
0.001580
0.003614
0.004058
0.003520
0.003020
0.002417
0.001880
0.002420
0.004133
0.005748
0.006267
0.005743
0.004565
0.003117
0.001754
0.000183
-0.002192
-0.004683
-0.005717
-0.005152
-0.004085
-0.002782
-0.001221
-0.000294
-0.000215
0.000193
0.001060
0.000968
-0.000350
-0.001542
-0.001861
-0.001533
-0.000684
0.000501
0.001566
0.002345
0.002855
0.002956
0.002640
0.002018
0.000959
-0.000518
-0.001740
-0.002048
-0.001630
-0.001115
-0.000712
-0.000295
0.000115
0.000424
0.000623
0.000604
0.000248
-0.000364
-0.001062
-0.001640
-0.001838
-0.001630
-0.001213
-0.000597
0.000268
0.001139
0.001728
0.001974
0.001920
0.001609
0.000984
-0.000028
-0.001131
-0.002440
-0.005774
-0.011722
-0.014996
-0.009710
-0.000191
0.004237
0.005076
0.010180
0.016521
0.016058
0.012415
0.012582
0.012062
0.005177
-0.002515
-0.004593
-0.003520
-0.003178
-0.003390
-0.003741
-0.004319
-0.004497
-0.005046
-0.007060
-0.009121
-0.010300
-0.012143
-0.014152
-0.012931
-0.007716
-0.001750
0.002154
0.004402
0.007097
0.010433
0.011870
0.010559
0.009092
0.008121
0.005370
0.002142
0.002498
0.005412
0.006501
0.005579
0.004717
0.003389
0.001224
-0.000575
-0.002849
-0.006888
-0.010567
-0.011892
-0.012007
-0.011071
-0.007708
-0.003698
-0.002059
-0.001594
0.000286
0.002474
0.002892
0.002276
0.001903
0.001475
0.001042
0.001722
0.003687
0.005680
0.006544
0.006030
0.004758
0.003892
0.003671
0.002610
-0.000171
-0.003010
-0.004185
-0.004297
-0.004146
-0.003234
-0.001864
-0.001307
-0.001456
-0.001235
-0.000658
-0.000457
-0.000824
-0.001432
-0.001764
-0.001380
-0.000382
0.000805
0.002040
0.003138
0.003552
0.003176
0.002616
0.002056
0.000983
-0.000592
-0.001770
-0.001946
-0.001495
-0.001003
-0.000529
0.000042
0.000513
0.000564
0.000155
-0.000400
-0.000797
-0.001135
-0.001560
-0.001717
-0.001339
-0.000921
-0.000839
-0.000580
0.000217
0.000940
0.001006
0.000613
0.000183
-0.000049
-0.000033
-0.000365
-0.002721
-0.007832
-0.011899
-0.009177
-0.001154
0.003998
0.004890
0.008353
0.014335
0.015361
0.012091
0.011348
0.011217
0.005707
-0.001911
-0.005009
-0.004508
-0.004256
-0.004444
-0.004396
-0.004355
-0.004092
-0.004221
-0.005804
-0.007668
-0.008705
-0.010340
-0.012504
-0.011970
-0.007596
-0.002301
0.001261
0.003541
0.006380
0.009787
0.011492
0.010684
0.009472
0.008409
0.005575
0.002149
0.001825
0.003890
0.004532
0.003592
0.002958
0.002140
0.000701
-0.000453
-0.002272
-0.005885
-0.009122
-0.010201
-0.010434
-0.009831
-0.006734
-0.002903
-0.001453
-0.001074
0.000936
0.003311
0.003811
0.003170
0.002602
0.001732
0.000798
0.001105
0.002643
0.003893
0.003922
0.003245
0.002984
0.003405
0.003296
0.001610
-0.000828
-0.002584
-0.003517
-0.003977
-0.003668
-0.002593
-0.001662
-0.001462
-0.001464
-0.000903
0.000084
0.000621
0.000311
-0.000269
-0.000420
-0.000055
0.000578
0.001310
0.001969
0.002259
0.002052
0.001690
0.001542
0.001386
0.000813
-0.000052
-0.000796
-0.001178
-0.001110
-0.000790
-0.000671
-0.000828
-0.000897
-0.000803
-0.000797
-0.000886
-0.000925
-0.000917
-0.000725
-0.000131
0.000575
0.000803
0.000429
-0.000236
-0.000887
-0.001291
-0.001392
-0.001395
-0.001339
-0.001176
-0.001754
-0.004507
-0.008457
-0.008954
-0.003475
0.002929
0.004800
0.005546
0.010087
0.014409
0.013644
0.011627
0.011844
0.009994
0.003808
-0.001596
-0.003088
-0.003462
-0.004749
-0.006078
-0.006837
-0.006896
-0.006478
-0.006942
-0.008594
-0.009738
-0.010063
-0.010811
-0.010970
-0.008246
-0.003387
0.000698
0.003149
0.005610
0.009035
0.011870
0.012334
0.011254
0.010196
0.008452
0.005414
0.003274
0.003413
0.003710
0.002552
0.001116
0.000109
-0.001153
-0.002541
-0.003935
-0.006231
-0.009013
-0.010566
-0.010732
-0.010067
-0.007862
-0.004352
-0.001686
-0.000325
0.001522
0.003968
0.005215
0.004978
0.004425
0.003835
0.003119
0.002968
0.003635
0.004229
0.004076
0.003579
0.003364
0.003204
0.002288
0.000513
-0.001394
-0.003155
-0.004878
-0.005969
-0.005798
-0.004891
-0.004082
-0.003358
-0.002385
-0.001235
-0.000222
0.000403
0.000656
0.000796
0.000897
0.000850
0.000961
0.001743
0.002953
0.003825
0.004190
0.004365
0.004207
0.003336
0.001954
0.000553
-0.000773
-0.002051
-0.002954
-0.003169
-0.002824
-0.002264
-0.001801
-0.001638
-0.001616
-0.001441
-0.001327
-0.001552
-0.001601
-0.000850
0.000387
0.001464
0.002128
0.002052
0.000993
-0.000323
-0.000930
-0.000990
-0.001195
-0.002130
-0.004831
-0.008730
-0.009396
-0.004132
0.002133
0.004296
0.005607
0.009803
0.012949
0.011952
0.010637
0.010696
0.008192
0.002539
-0.001810
-0.003037
-0.003143
-0.003510
-0.004260
-0.005131
-0.005351
-0.005102
-0.005698
-0.006977
-0.007750
-0.008504
-0.009877
-0.010167
-0.007673
-0.003553
-0.000192
0.001828
0.003877
0.006715
0.009002
0.009559
0.009357
0.009039
0.007445
0.004911
0.003887
0.004644
0.004919
0.003960
0.002630
0.001045
-0.000610
-0.001736
-0.003139
-0.005686
-0.008099
-0.009263
-0.009802
-0.009502
-0.007342
-0.004500
-0.002985
-0.002186
-0.000489
0.001654
0.003033
0.003647
0.003778
0.003434
0.003183
0.003664
0.004624
0.005445
0.005640
0.004828
0.003581
0.003220
0.003394
0.002132
-0.000565
-0.002674
-0.003962
-0.005492
-0.006307
-0.005355
-0.004307
-0.004388
-0.004106
-0.002694
-0.001404
-0.000662
0.000027
0.000414
0.000557
0.001242
0.002251
0.002852
0.003378
0.004090
0.004326
0.004072
0.004008
0.003760
0.002498
0.000660
-0.000745
-0.001566
-0.002173
-0.002679
-0.002999
-0.003070
-0.002882
-0.002564
-0.002294
-0.002106
-0.002012
-0.002028
-0.001811
-0.000918
0.000346
0.001259
0.001904
0.002774
0.003292
0.002413
0.000577
-0.000782
-0.001609
-0.003472
-0.006797
-0.008765
-0.006247
-0.000953
0.002523
0.004122
0.007354
0.011365
0.012235
0.010603
0.009476
0.007744
0.003351
-0.001618
-0.004266
-0.004696
-0.004338
-0.004157
-0.004335
-0.004005
-0.002907
-0.002629
-0.003929
-0.005407
-0.006598
-0.008509
-0.010296
-0.009627
-0.006366
-0.002562
0.000561
0.003431
0.006591
0.009428
0.010702
0.010279
0.009130
0.007490
0.004997
0.002557
0.001609
0.001841
0.001847
0.001339
0.000987
0.000889
0.000396
-0.001007
-0.003184
-0.005575
-0.007739
-0.009397
-0.009959
-0.008846
-0.006526
-0.004121
-0.001916
0.000537
0.003038
0.004693
0.005093
0.004627
0.003760
0.002665
0.001585
0.001138
0.001812
0.003108
0.003880
0.003996
0.004369
0.004759
0.003711
0.001245
-0.001115
-0.003053
-0.005229
-0.006880
-0.006727
-0.005376
-0.004190
-0.003054
-0.001383
0.000199
0.000872
0.000858
0.000616
0.000217
-0.000168
-0.000312
-0.000106
0.000707
0.002049
0.003162
0.003739
0.004318
0.004808
0.004239
0.002608
0.001128
0.000220
-0.000788
-0.001943
-0.002565
-0.002592
-0.002445
-0.002184
-0.001812
-0.001600
-0.001659
-0.001853
-0.002128
-0.002362
-0.002271
-0.001839
-0.001248
-0.000400
0.000806
0.002053
0.003020
0.003574
0.003173
0.000969
-0.002990
-0.006823
-0.007786
-0.005320
-0.002107
0.000059
0.002902
0.007278
0.010633
0.011644
0.011761
0.010847
0.007380
0.002472
-0.001398
-0.003689
-0.004955
-0.005565
-0.005920
-0.005642
-0.004041
-0.002295
-0.002123
-0.003003
-0.003890
-0.005341
-0.007320
-0.008087
-0.006963
-0.005146
-0.003351
-0.001080
0.002009
0.005437
0.008236
0.009652
0.009648
0.008505
0.006529
0.004436
0.002917
0.001866
0.000948
0.000292
0.000077
0.000265
0.000693
0.000673
-0.000618
-0.002834
-0.004840
-0.006283
-0.007324
-0.007616
-0.006883
-0.005514
-0.003783
-0.001518
0.001106
0.003315
0.004404
0.004343
0.003702
0.002974
0.002202
0.001450
0.001127
0.001375
0.001774
0.002186
0.002927
0.003672
0.003538
0.002416
0.000864
-0.000944
-0.003014
-0.004896
-0.005943
-0.005883
-0.005019
-0.003870
-0.002574
-0.000981
0.000697
0.001843
0.002061
0.001571
0.000894
0.000314
0.000006
0.000379
0.001389
0.002161
0.002366
0.002750
0.003443
0.003649
0.003260
0.002609
0.001352
-0.000472
-0.001790
-0.002182
-0.002352
-0.002638
-0.002799
-0.002809
-0.002657
-0.002158
-0.001523
-0.001250
-0.001298
-0.001205
-0.000956
-0.000790
-0.000313
0.000922
0.002223
0.002721
0.002818
0.002784
0.001190
-0.002760
-0.006462
-0.006622
-0.004223
-0.002802
-0.002146
0.000853
0.005664
0.008817
0.009831
0.010357
0.009842
0.007049
0.003038
-0.000347
-0.002439
-0.003544
-0.004412
-0.005151
-0.004654
-0.002799
-0.001465
-0.001531
-0.001864
-0.002308
-0.003901
-0.006019
-0.006868
-0.006256
-0.005302
-0.004292
-0.002438
0.000688
0.004218
0.006781
0.007973
0.008148
0.007316
0.005563
0.003698
0.002372
0.001436
0.000585
-0.000102
-0.000240
0.000409
0.001285
0.001314
0.000190
-0.001438
-0.003043
-0.004467
-0.005427
-0.005760
-0.005713
-0.005366
-0.004359
-0.002536
-0.000345
0.001530
0.002655
0.003055
0.003020
0.002746
0.002235
0.001572
0.001171
0.001366
0.001814
0.002074
0.002505
0.003386
0.003844
0.003073
0.001539
-0.000041
-0.001525
-0.002819
-0.003850
-0.004675
-0.004980
-0.004475
-0.003516
-0.002324
-0.000865
0.000151
0.000123
-0.000068
0.000444
0.000990
0.000865
0.000545
0.000551
0.000920
0.001810
0.003083
0.003924
0.003903
0.003518
0.003066
0.002201
0.000960
-0.000218
-0.001420
-0.002704
-0.003368
-0.003076
-0.002484
-0.002019
-0.001506
-0.001102
-0.001168
-0.001456
-0.001429
-0.001123
-0.001122
-0.001595
-0.001752
-0.000857
0.000639
0.001805
0.002424
0.002791
0.003029
0.003105
0.003005
0.002631
0.001900
0.000916
-0.000049
-0.000575
-0.000417
0.000046
0.000145
-0.000257
-0.000687
-0.000742
-0.000716
-0.001315
-0.002607
-0.003794
-0.004269
-0.004086
-0.003267
-0.001726
0.000055
0.001311
0.001931
0.002421
0.002915
0.002870
0.002160
0.001587
0.001572
0.001572
0.001364
0.001384
0.001638
0.001723
0.001566
0.001203
0.000593
-0.000095
-0.000844
-0.001916
-0.003026
-0.003520
-0.003478
-0.003385
-0.003079
-0.002183
-0.001033
-0.000213
0.000265
0.000616
0.000804
0.000856
0.000889
0.000857
0.000846
0.001068
0.001371
0.001595
0.001996
0.002488
0.002409
0.001703
0.001071
0.000633
-0.000108
-0.001036
-0.001628
-0.001919
-0.002099
-0.001970
-0.001528
-0.001173
-0.001137
-0.001373
-0.001800
-0.002288
-0.002677
-0.002718
-0.002058
-0.000788
0.000503
0.001708
0.003195
0.004748
0.005756
0.006103
0.005855
0.004904
0.003420
0.001804
0.000245
-0.001116
-0.002136
-0.002925
-0.003475
-0.003478
-0.003042
-0.002791
-0.002972
-0.003234
-0.003329
-0.003302
-0.003073
-0.002456
-0.001587
-0.000783
0.000005
0.001085
0.002419
0.003594
0.004263
0.004371
0.004124
0.003784
0.003302
0.002459
0.001446
0.000687
0.000151
-0.000401
-0.000864
-0.001119
-0.001381
-0.001840
-0.002382
-0.002792
-0.002947
-0.002869
-0.002700
-0.002492
-0.002065
-0.001320
-0.000421
0.000485
0.001352
0.002020
0.002294
0.002227
0.002123
0.002152
0.002069
0.001581
0.000890
0.000458
0.000323
0.000184
0.000001
-0.000092
-0.000232
-0.000582
-0.000916
-0.000968
-0.000897
-0.000987
-0.001255
-0.001563
-0.001731
-0.001571
-0.001109
-0.000600
-0.000158
0.000293
0.000748
0.001145
0.001426
0.001461
0.001175
0.000748
0.000490
0.000508
0.000641
0.000748
0.000776
0.000593
0.000214
-0.000062
-0.000146
-0.000344
-0.000725
-0.000996
-0.001099
-0.001196
-0.001193
-0.000915
-0.000511
-0.000282
-0.000314
-0.000418
-0.000310
0.000087
0.000479
0.000561
0.000513
0.000648
0.000788
0.000726
0.000761
0.000966
0.000962
0.000841
0.000923
0.000828
0.000270
-0.000175
-0.000301
-0.000736
-0.001372
-0.001375
-0.000892
-0.000663
-0.000570
-0.000359
-0.000397
-0.000619
-0.000501
-0.000296
-0.000550
-0.000900
-0.000733
-0.000175
0.000411
0.001018
0.001557
0.001671
0.001391
0.001169
0.001091
0.000912
0.000582
0.000083
-0.000480
-0.000590
-0.000200
-0.000057
-0.000349
-0.000505
-0.000482
-0.000626
-0.000755
-0.000659
-0.000620
-0.000715
-0.000654
-0.000491
-0.000465
-0.000418
-0.000274
-0.000432
-0.000896
-0.000980
-0.000474
0.000100
0.000596
0.001304
0.002094
0.002578
0.002722
0.002661
0.002398
0.001828
0.000860
-0.000326
-0.001240
-0.001653
-0.001831
-0.001947
-0.001838
-0.001503
-0.001204
-0.000987
-0.000683
-0.000402
-0.000445
-0.000718
-0.000821
-0.000654
-0.000441
-0.000239
0.000123
0.000659
0.001167
0.001492
0.001603
0.001570
0.001477
0.001216
0.000702
0.000228
0.000092
0.000085
-0.000078
-0.000250
-0.000279
-0.000338
-0.000449
-0.000380
-0.000229
-0.000341
-0.000684
-0.000959
-0.001056
-0.000963
-0.000676
-0.000371
-0.000161
0.000114
0.000450
0.000607
0.000648
0.000792
0.000867
0.000656
0.000353
0.000183
0.000089
0.000015
-0.000017
-0.000072
-0.000177
-0.000252
-0.000286
-0.000265
-0.000119
0.000026
-0.000116
-0.000482
-0.000657
-0.000474
-0.000198
-0.000069
0.000010
0.000236
0.000550
0.000688
0.000570
0.000466
0.000617
0.000783
0.000537
-0.000050
-0.000515
-0.000738
-0.001034
-0.001530
-0.001924
-0.001953
-0.001728
-0.001474
-0.001126
-0.000412
0.000604
0.001413
0.001780
0.002078
0.002548
0.002833
0.002625
0.002156
0.001753
0.001404
0.000980
0.000510
0.000085
-0.000324
-0.000811
-0.001327
-0.001660
-0.001769
-0.001912
-0.002215
-0.002438
-0.002396
-0.002168
-0.001808
-0.001307
-0.000764
-0.000220
0.000428
0.001102
0.001565
0.001829
0.002018
0.002034
0.001808
0.001494
0.001177
0.000768
0.000308
-0.000039
-0.000292
-0.000563
-0.000766
-0.000825
-0.000899
-0.001028
-0.000973
-0.000740
-0.000639
-0.000642
-0.000394
0.000102
0.000517
0.000781
0.001024
0.001187
0.001209
0.001168
0.001031
0.000699
0.000179
-0.000486
-0.001095
-0.001295
-0.001102
-0.000855
-0.000557
-0.000127
0.000078
-0.000091
-0.000207
-0.000165
-0.000417
-0.001061
-0.001610
-0.001628
-0.001016
0.000016
0.000994
0.001596
0.001916
0.002024
0.001833
0.001519
0.001269
0.000811
0.000049
-0.000478
-0.000496
-0.000400
-0.000324
-0.000008
0.000362
0.000381
0.000137
-0.000162
-0.000577
-0.001011
-0.001318
-0.001678
-0.001975
-0.001656
-0.000823
-0.000210
0.000078
0.000497
0.000991
0.001129
0.000975
0.000857
0.000688
0.000241
-0.000305
-0.000579
-0.000452
-0.000111
0.000160
0.000348
0.000631
0.000861
0.000798
0.000675
0.000644
0.000262
-0.000536
-0.000980
-0.000706
-0.000257
-0.000078
-0.000074
-0.000046
0.000084
0.000217
0.000164
-0.000059
-0.000374
-0.000884
-0.001462
-0.001587
-0.001063
-0.000347
0.000138
0.000504
0.000941
0.001239
0.001237
0.001214
0.001127
0.000441
-0.000611
-0.001058
-0.000747
-0.000258
0.000268
0.000864
0.001288
0.001447
0.001420
0.001156
0.000600
-0.000241
-0.001281
-0.002167
-0.002433
-0.002035
-0.001457
-0.001045
-0.000484
0.000501
0.001378
0.001603
0.001373
0.000935
0.000184
-0.000748
-0.001355
-0.001346
-0.000967
-0.000637
-0.000275
0.000508
0.001467
0.001889
0.001669
0.001231
0.000673
-0.000068
-0.000679
-0.000879
-0.000904
-0.000957
-0.000758
-0.000139
0.000586
0.001127
0.001319
0.000964
0.000294
-0.000184
-0.000585
-0.001185
-0.001549
-0.001351
-0.001019
-0.000761
-0.000218
0.000624
0.001209
0.001149
0.000644
0.000155
-0.000121
-0.000316
-0.000542
-0.000658
-0.000460
-0.000002
0.000496
0.000926
0.001182
0.001103
0.000746
0.000364
0.000057
-0.000231
-0.000480
-0.000656
-0.000770
-0.000704
-0.000370
0.000034
0.000310
0.000443
0.000328
-0.000060
-0.000440
-0.000694
-0.000964
-0.001119
-0.000948
-0.000618
-0.000293
0.000183
0.000833
0.001360
0.001543
0.001383
0.000938
0.000360
-0.000117
-0.000391
-0.000528
-0.000540
-0.000359
-0.000011
0.000371
0.000676
0.000810
0.000682
0.000304
-0.000194
-0.000651
-0.000915
-0.000980
-0.000990
-0.000926
-0.000652
-0.000253
0.000109
0.000433
0.000665
0.000637
0.000326
-0.000074
-0.000345
-0.000433
-0.000456
-0.000496
-0.000434
-0.000124
0.000284
0.000472
0.000431
0.000423
0.000475
0.000386
0.000196
0.000172
0.000340
0.000440
0.000365
0.000325
0.000483
0.000647
0.000534
0.000219
-0.000055
-0.000289
-0.000602
-0.000979
-0.001326
-0.001493
-0.001350
-0.001030
-0.000716
-0.000303
0.000269
0.000737
0.000926
0.001017
0.001149
0.001132
0.000825
0.000511
0.000440
0.000362
0.000032
-0.000291
-0.000355
-0.000357
-0.000437
-0.000422
-0.000315
-0.000335
-0.000442
-0.000465
-0.000460
-0.000507
-0.000566
-0.000625
-0.000669
-0.000635
-0.000530
-0.000357
0.000007
0.000564
0.001076
0.001381
0.001582
0.001724
0.001599
0.001157
0.000690
0.000380
0.000135
-0.000096
-0.000281
-0.000451
-0.000600
-0.000649
-0.000633
-0.000655
-0.000687
-0.000691
-0.000791
-0.001074
-0.001396
-0.001543
-0.001442
-0.001157
-0.000738
-0.000172
0.000482
0.001040
0.001369
0.001528
0.001631
0.001605
0.001318
0.000929
0.000685
0.000471
0.000137
-0.000056
0.000085
0.000286
0.000297
0.000188
0.000040
-0.000167
-0.000446
-0.000763
-0.000996
-0.001023
-0.000976
-0.001080
-0.001195
-0.000977
-0.000479
-0.000092
0.000074
0.000239
0.000447
0.000540
0.000484
0.000366
0.000264
0.000260
0.000349
0.000448
0.000570
0.000680
0.000592
0.000382
0.000388
0.000510
0.000305
-0.000151
-0.000429
-0.000553
-0.000763
-0.000929
-0.000890
-0.000789
-0.000758
-0.000749
-0.000699
-0.000527
-0.000186
0.000141
0.000318
0.000544
0.000919
0.001175
0.001188
0.001128
0.001022
0.000810
0.000633
0.000537
0.000316
-0.000013
-0.000192
-0.000230
-0.000321
-0.000475
-0.000630
-0.000760
-0.000779
-0.000716
-0.000806
-0.001012
-0.000962
-0.000625
-0.000341
-0.000179
-0.000003
0.000137
0.000221
0.000368
0.000519
0.000542
0.000503
0.000464
0.000355
0.000236
0.000256
0.000326
0.000262
0.000130
0.000108
0.000191
0.000240
0.000163
0.000006
-0.000071
-0.000016
0.000030
0.000008
0.000054
0.000149
0.000046
-0.000232
-0.000367
-0.000336
-0.000363
-0.000441
-0.000491
-0.000621
-0.000764
-0.000567
0.000017
0.000548
0.000673
0.000515
0.000406
0.000458
0.000524
0.000431
0.000181
-0.000070
-0.000213
-0.000235
-0.000128
0.000085
0.000227
0.000111
-0.000181
-0.000422
-0.000547
-0.000618
-0.000623
-0.000518
-0.000339
-0.000146
0.000067
0.000315
0.000546
0.000675
0.000653
0.000531
0.000451
0.000441
0.000356
0.000175
0.000038
-0.000015
-0.000057
-0.000103
-0.000154
-0.000251
-0.000384
-0.000457
-0.000399
-0.000238
-0.000051
0.000095
0.000159
0.000124
0.000004
-0.000129
-0.000175
-0.000151
-0.000198
-0.000309
-0.000331
-0.000256
-0.000137
0.000048
0.000197
0.000196
0.000179
0.000243
0.000249
0.000161
0.000115
0.000082
-0.000071
-0.000258
-0.000253
-0.000024
0.000219
0.000315
0.000331
0.000391
0.000461
0.000437
0.000354
0.000275
0.000088
-0.000256
-0.000473
-0.000345
-0.000081
0.000050
0.000051
0.000028
0.000031
0.000054
0.000020
-0.000089
-0.000192
-0.000321
-0.000594
-0.000902
-0.000939
-0.000621
-0.000245
-0.000082
-0.000050
0.000017
0.000106
0.000140
0.000109
0.000069
0.000135
0.000316
0.000491
0.000662
0.000875
0.000974
0.000822
0.000557
0.000372
0.000290
0.000199
-0.000042
-0.000396
-0.000620
-0.000596
-0.000483
-0.000449
-0.000468
-0.000444
-0.000421
-0.000481
-0.000500
-0.000349
-0.000177
-0.000127
-0.000042
0.000210
0.000442
0.000475
0.000407
0.000399
0.000442
0.000431
0.000354
0.000269
0.000165
0.000016
-0.000142
-0.000276
-0.000312
-0.000133
0.000156
0.000248
0.000042
-0.000240
-0.000350
-0.000302
-0.000277
-0.000355
-0.000471
-0.000505
-0.000341
-0.000015
0.000294
0.000501
0.000598
0.000516
0.000323
0.000244
0.000283
0.000280
0.000240
0.000192
0.000100
0.000020
-0.000048
-0.000254
-0.000551
-0.000717
-0.000737
-0.000736
-0.000696
-0.000527
-0.000257
0.000015
0.000272
0.000534
0.000741
0.000834
0.000799
0.000615
0.000352
0.000176
0.000117
0.000101
0.000080
-0.000001
-0.000129
-0.000158
-0.000012
0.000178
0.000238
0.000115
-0.000141
-0.000454
-0.000711
-0.000783
-0.000672
-0.000535
-0.000478
-0.000442
-0.000306
-0.000072
0.000091
0.000097
0.000119
0.000253
0.000284
0.000127
0.000090
0.000294
0.000409
0.000319
0.000321
0.000520
0.000686
0.000701
0.000655
0.000583
0.000393
0.000042
-0.000315
-0.000465
-0.000421
-0.000393
-0.000462
-0.000531
-0.000566
-0.000581
-0.000526
-0.000415
-0.000324
-0.000204
-0.000044
0.000001
-0.000058
-0.000005
0.000147
0.000196
0.000170
0.000260
0.000451
0.000547
0.000449
0.000252
0.000106
0.000088
0.000094
-0.000043
-0.000268
-0.000350
-0.000221
-0.000025
0.000095
0.000081
-0.000034
-0.000126
-0.000140
-0.000166
-0.000190
-0.000065
0.000160
0.000307
0.000357
0.000345
0.000234
0.000088
0.000010
-0.000054
-0.000195
-0.000340
-0.000356
-0.000224
-0.000049
0.000049
0.000064
0.000095
0.000174
0.000188
0.000054
-0.000104
-0.000125
-0.000069
-0.000086
-0.000141
-0.000099
0.000062
0.000233
0.000318
0.000369
0.000434
0.000358
-0.000005
-0.000471
-0.000738
-0.000763
-0.000691
-0.000612
-0.000471
-0.000129
0.000378
0.000755
0.000830
0.000711
0.000497
0.000236
0.000025
-0.000151
-0.000390
-0.000612
-0.000609
-0.000385
-0.000156
-0.000019
0.000135
0.000326
0.000465
0.000559
0.000596
0.000459
0.000216
0.000084
0.000075
0.000075
0.000059
-0.000022
-0.000229
-0.000441
-0.000448
-0.000283
-0.000214
-0.000334
-0.000446
-0.000418
-0.000307
-0.000125
0.000095
0.000201
0.000225
0.000400
0.000689
0.000769
0.000519
0.000184
0.000003
-0.000098
-0.000296
-0.000495
-0.000515
-0.000444
-0.000404
-0.000322
-0.000228
-0.000270
-0.000368
-0.000335
-0.000216
-0.000128
-0.000047
0.000067
0.000201
0.000399
0.000660
0.000816
0.000832
0.000905
0.000969
0.000744
0.000353
0.000102
-0.000034
-0.000133
-0.000138
-0.000132
-0.000235
-0.000362
-0.000410
-0.000378
-0.000275
-0.000224
-0.000398
-0.000718
-0.000958
-0.001047
-0.001005
-0.000797
-0.000448
-0.000105
0.000123
0.000264
0.000405
0.000620
0.000883
0.001022
0.000901
0.000644
0.000480
0.000431
0.000319
0.000050
-0.000218
-0.000254
-0.000098
-0.000032
-0.000145
-0.000224
-0.000165
-0.000156
-0.000299
-0.000399
-0.000282
-0.000076
0.000054
0.000177
0.000394
0.000629
0.000775
0.000805
0.000689
0.000368
-0.000134
-0.000645
-0.000991
-0.001151
-0.001194
-0.001127
-0.000937
-0.000652
-0.000282
0.000146
0.000503
0.000692
0.000731
0.000641
0.000460
0.000290
0.000191
0.000159
0.000186
0.000243
0.000332
0.000455
0.000512
0.000400
0.000153
-0.000127
-0.000366
-0.000515
-0.000547
-0.000513
-0.000532
-0.000588
-0.000533
-0.000345
-0.000118
0.000090
0.000241
0.000311
0.000310
0.000309
0.000394
0.000483
0.000404
0.000184
0.000013
-0.000014
0.000019
0.000011
-0.000012
0.000004
0.000025
0.000030
0.000057
0.000034
-0.000145
-0.000363
-0.000447
-0.000419
-0.000316
-0.000083
0.000170
0.000218
0.000087
0.000018
0.000077
0.000106
0.000046
0.000002
-0.000007
-0.000039
-0.000046
0.000038
0.000133
0.000152
0.000127
0.000104
0.000042
-0.000072
-0.000185
-0.000287
-0.000362
-0.000325
-0.000160
0.000007
0.000133
0.000276
0.000326
0.000162
-0.000008
0.000006
-0.000003
-0.000215
-0.000400
-0.000288
-0.000011
0.000140
0.000165
0.000252
0.000409
0.000471
0.000388
0.000262
0.000133
-0.000057
-0.000265
-0.000344
-0.000305
-0.000296
-0.000311
-0.000227
-0.000068
0.000031
0.000037
0.000056
0.000123
0.000128
0.000033
-0.000014
0.000061
0.000134
0.000105
0.000042
0.000051
0.000129
0.000182
0.000150
0.000083
0.000073
0.000091
0.000040
-0.000051
-0.000096
-0.000081
-0.000045
-0.000079
-0.000244
-0.000438
-0.000523
-0.000483
-0.000368
-0.000257
-0.000249
-0.000276
-0.000144
0.000141
0.000401
0.000573
0.000688
0.000696
0.000548
0.000363
0.000278
0.000271
0.000214
0.000024
-0.000233
-0.000395
-0.000387
-0.000298
-0.000247
-0.000243
-0.000220
-0.000167
-0.000168
-0.000222
-0.000167
0.000031
0.000159
0.000102
-0.000012
-0.000056
-0.000027
0.000045
0.000140
0.000247
0.000384
0.000542
0.000629
0.000572
0.000433
0.000273
0.000004
-0.000427
-0.000826
-0.000956
-0.000844
-0.000677
-0.000532
-0.000402
-0.000271
-0.000052
0.000294
0.000599
0.000672
0.000592
0.000537
0.000498
0.000370
0.000156
-0.000051
-0.000179
-0.000209
-0.000151
-0.000039
0.000074
0.000098
-0.000095
-0.000451
-0.000617
-0.000395
-0.000088
0.000019
0.000049
0.000125
0.000158
0.000109
0.000045
0.000020
0.000037
0.000039
0.000033
0.000133
0.000305
0.000298
0.000038
-0.000155
-0.000013
0.000281
0.000353
0.000121
-0.000182
-0.000340
-0.000357
-0.000336
-0.000302
-0.000237
-0.000216
-0.000300
-0.000341
-0.000178
0.000087
0.000256
0.000328
0.000402
0.000460
0.000453
0.000453
0.000505
0.000506
0.000362
0.000099
-0.000232
-0.000566
