6880
-0.000024
0.000012
-0.000078
-0.000143
-0.000081
0.000011
0.000043
0.000019
-0.000025
-0.000011
0.000089
0.000166
0.000107
-0.000043
-0.000112
-0.000025
0.000067
0.000025
-0.000041
0.000041
0.000217
0.000319
0.000287
0.000111
-0.000150
-0.000290
-0.000210
-0.000117
-0.000187
-0.000279
-0.000233
-0.000131
-0.000082
-0.000029
0.000100
0.000237
0.000275
0.000222
0.000164
0.000130
0.000099
0.000081
0.000097
0.000114
0.000077
-0.000029
-0.000162
-0.000231
-0.000191
-0.000119
-0.000075
-0.000041
-0.000033
-0.000064
-0.000069
-0.000043
-0.000035
-0.000009
0.000075
0.000141
0.000125
0.000072
0.000046
0.000082
0.000164
0.000175
0.000029
-0.000159
-0.000214
-0.000157
-0.000132
-0.000176
-0.000204
-0.000162
-0.000097
-0.000070
-0.000058
-0.000000
0.000125
0.000255
0.000317
0.000307
0.000226
0.000068
-0.000056
-0.000013
0.000093
0.000058
-0.000074
-0.000116
-0.000077
-0.000086
-0.000127
-0.000078
0.000069
0.000199
0.000205
0.000067
-0.000103
-0.000142
-0.000046
0.000009
-0.000086
-0.000242
-0.000296
-0.000186
0.000003
0.000146
0.000225
0.000274
0.000280
0.000214
0.000068
-0.000118
-0.000242
-0.000246
-0.000178
-0.000100
-0.000050
-0.000013
0.000054
0.000095
0.000022
-0.000078
-0.000055
0.000018
0.000010
-0.000011
0.000026
0.000033
-0.000054
-0.000126
-0.000011
0.000256
0.000369
0.000131
-0.000212
-0.000282
-0.000070
0.000092
0.000036
-0.000021
0.000133
0.000321
0.000246
-0.000024
-0.000162
-0.000045
0.000141
0.000185
0.000067
-0.000109
-0.000255
-0.000310
-0.000281
-0.000253
-0.000195
-0.000020
0.000142
0.000099
-0.000061
-0.000130
-0.000062
0.000094
0.000271
0.000344
0.000243
0.000088
0.000040
0.000057
-0.000021
-0.000163
-0.000159
0.000019
0.000128
0.000025
-0.000125
-0.000114
0.000023
0.000118
0.000135
0.000178
0.000245
0.000173
-0.000063
-0.000258
-0.000312
-0.000328
-0.000336
-0.000286
-0.000239
-0.000228
-0.000134
0.000079
0.000244
0.000225
0.000094
0.000029
0.000087
0.000185
0.000247
0.000231
0.000111
-0.000033
-0.000052
0.000072
0.000203
0.000233
0.000202
0.000194
0.000163
0.000008
-0.000212
-0.000371
-0.000431
-0.000385
-0.000228
-0.000047
0.000038
-0.000006
-0.000089
-0.000081
0.000002
0.000031
0.000029
0.000105
0.000209
0.000203
0.000077
-0.000074
-0.000139
-0.000083
0.000004
0.000045
0.000067
0.000105
0.000118
0.000071
0.000011
-0.000024
-0.000063
-0.000066
0.000007
0.000047
-0.000035
-0.000143
-0.000159
-0.000077
0.000063
0.000171
0.000130
-0.000039
-0.000177
-0.000197
-0.000107
0.000080
0.000255
0.000246
0.000100
0.000035
0.000099
0.000152
0.000100
-0.000047
-0.000198
-0.000224
-0.000113
-0.000006
0.000011
-0.000018
-0.000052
-0.000035
0.000110
0.000278
0.000241
0.000024
-0.000143
-0.000166
-0.000118
-0.000087
-0.000119
-0.000184
-0.000206
-0.000163
-0.000094
-0.000067
-0.000117
-0.000157
-0.000061
0.000164
0.000381
0.000454
0.000346
0.000153
0.000011
-0.000029
-0.000000
0.000050
0.000076
0.000054
0.000011
-0.000015
-0.000023
-0.000057
-0.000139
-0.000215
-0.000211
-0.000125
-0.000025
0.000024
0.000010
-0.000058
-0.000140
-0.000154
-0.000048
0.000115
0.000234
0.000275
0.000236
0.000109
-0.000041
-0.000108
-0.000075
-0.000012
0.000045
0.000113
0.000134
0.000055
-0.000025
-0.000064
-0.000155
-0.000250
-0.000242
-0.000197
-0.000146
-0.000001
0.000178
0.000198
0.000030
-0.000129
-0.000153
-0.000096
-0.000006
0.000109
0.000212
0.000268
0.000253
0.000178
0.000083
-0.000014
-0.000074
-0.000034
0.000070
0.000070
-0.000090
-0.000231
-0.000193
-0.000076
-0.000033
-0.000034
-0.000016
-0.000021
-0.000064
-0.000063
-0.000005
0.000033
0.000043
0.000057
0.000058
0.000022
-0.000024
-0.000046
-0.000029
0.000025
0.000107
0.000150
0.000051
-0.000155
-0.000260
-0.000132
0.000106
0.000265
0.000270
0.000134
-0.000035
-0.000119
-0.000129
-0.000114
-0.000048
0.000036
0.000029
-0.000058
-0.000119
-0.000116
-0.000066
0.000017
0.000059
0.000007
-0.000044
0.000037
0.000190
0.000230
0.000113
-0.000026
-0.000050
0.000026
0.000070
0.000045
0.000048
0.000106
0.000156
0.000173
0.000134
0.000033
-0.000087
-0.000233
-0.000397
-0.000431
-0.000249
-0.000018
0.000056
-0.000030
-0.000128
-0.000118
-0.000030
0.000024
0.000024
0.000017
0.000007
0.000006
0.000009
-0.000040
-0.000088
-0.000002
0.000160
0.000226
0.000205
0.000207
0.000201
0.000118
0.000041
0.000069
0.000108
0.000052
-0.000015
0.000004
0.000040
0.000017
-0.000033
-0.000072
-0.000100
-0.000094
-0.000032
0.000048
0.000065
-0.000020
-0.000157
-0.000253
-0.000282
-0.000284
-0.000261
-0.000181
-0.000068
0.000042
0.000126
0.000103
-0.000038
-0.000111
0.000025
0.000237
0.000296
0.000164
0.000045
0.000098
0.000207
0.000196
0.000093
0.000029
0.000076
0.000174
0.000167
0.000039
-0.000020
0.000026
-0.000025
-0.000214
-0.000364
-0.000391
-0.000290
-0.000073
0.000109
0.000110
0.000030
0.000023
0.000036
-0.000042
-0.000155
-0.000153
-0.000000
0.000170
0.000215
0.000110
-0.000058
-0.000157
-0.000142
-0.000092
-0.000046
0.000034
0.000111
0.000093
0.000002
-0.000033
0.000040
0.000110
0.000091
0.000047
0.000049
0.000074
0.000113
0.000152
0.000113
-0.000013
-0.000121
-0.000163
-0.000170
-0.000136
-0.000070
-0.000028
-0.000011
0.000023
0.000067
0.000109
0.000139
0.000123
0.000056
-0.000027
-0.000082
-0.000080
-0.000049
-0.000020
0.000020
0.000027
-0.000073
-0.000206
-0.000245
-0.000222
-0.000215
-0.000172
-0.000040
0.000107
0.000173
0.000163
0.000152
0.000192
0.000251
0.000265
0.000239
0.000203
0.000140
0.000040
-0.000055
-0.000112
-0.000131
-0.000100
-0.000023
0.000029
-0.000011
-0.000100
-0.000150
-0.000156
-0.000155
-0.000142
-0.000127
-0.000119
-0.000064
0.000012
-0.000005
-0.000075
-0.000059
0.000046
0.000156
0.000219
0.000191
0.000082
-0.000048
-0.000176
-0.000264
-0.000191
0.000067
0.000304
0.000325
0.000199
0.000100
0.000075
0.000080
0.000079
0.000053
-0.000005
-0.000056
-0.000049
-0.000000
0.000020
-0.000043
-0.000151
-0.000213
-0.000233
-0.000268
-0.000253
-0.000096
0.000115
0.000217
0.000204
0.000148
0.000069
0.000005
-0.000040
-0.000131
-0.000219
-0.000175
-0.000066
-0.000049
-0.000042
0.000088
0.000234
0.000241
0.000172
0.000194
0.000314
0.000350
0.000170
-0.000113
-0.000295
-0.000319
-0.000286
-0.000273
-0.000245
-0.000154
-0.000002
0.000160
0.000243
0.000214
0.000141
0.000103
0.000086
-0.000014
-0.000231
-0.000397
-0.000363
-0.000234
-0.000131
0.000009
0.000186
0.000268
0.000278
0.000357
0.000451
0.000358
0.000106
-0.000026
0.000055
0.000099
-0.000042
-0.000174
-0.000176
-0.000190
-0.000270
-0.000286
-0.000210
-0.000139
-0.000087
-0.000028
-0.000054
-0.000192
-0.000257
-0.000125
0.000036
0.000016
-0.000085
0.000011
0.000309
0.000525
0.000485
0.000280
0.000076
-0.000039
-0.000060
-0.000002
0.000073
0.000055
-0.000071
-0.000154
-0.000116
-0.000072
-0.000120
-0.000162
-0.000071
0.000103
0.000209
0.000190
0.000080
-0.000064
-0.000174
-0.000183
-0.000100
-0.000015
0.000018
0.000053
0.000115
0.000141
0.000079
-0.000046
-0.000155
-0.000181
-0.000116
-0.000012
0.000030
-0.000023
-0.000068
-0.000007
0.000108
0.000116
-0.000036
-0.000203
-0.000231
-0.000136
-0.000006
0.000131
0.000255
0.000315
0.000280
0.000182
0.000102
0.000081
0.000066
0.000006
-0.000054
-0.000056
-0.000061
-0.000145
-0.000182
-0.000025
0.000140
0.000025
-0.000259
-0.000385
-0.000311
-0.000196
-0.000084
0.000039
0.000117
0.000118
0.000117
0.000152
0.000135
0.000033
-0.000007
0.000118
0.000267
0.000244
0.000088
-0.000016
-0.000055
-0.000119
-0.000131
0.000016
0.000163
0.000082
-0.000161
-0.000323
-0.000296
-0.000128
0.000091
0.000232
0.000199
0.000066
-0.000007
-0.000009
-0.000032
-0.000085
-0.000135
-0.000189
-0.000220
-0.000150
0.000011
0.000148
0.000170
0.000102
0.000036
0.000028
0.000055
0.000083
0.000123
0.000167
0.000160
0.000082
0.000020
0.000085
0.000214
0.000208
0.000008
-0.000228
-0.000353
-0.000382
-0.000369
-0.000303
-0.000175
-0.000029
0.000090
0.000134
0.000095
0.000022
-0.000064
-0.000154
-0.000146
0.000019
0.000203
0.000254
0.000202
0.000180
0.000233
0.000248
0.000162
0.000080
0.000033
-0.000028
-0.000025
0.000043
-0.000028
-0.000267
-0.000418
-0.000339
-0.000181
-0.000082
0.000023
0.000137
0.000100
-0.000081
-0.000113
0.000128
0.000350
0.000293
0.000097
-0.000009
-0.000009
0.000011
-0.000005
-0.000071
-0.000110
-0.000088
-0.000111
-0.000221
-0.000287
-0.000225
-0.000107
0.000034
0.000201
0.000281
0.000208
0.000106
0.000070
0.000024
-0.000060
-0.000014
0.000210
0.000323
0.000126
-0.000168
-0.000308
-0.000313
-0.000263
-0.000154
-0.000001
0.000116
0.000145
0.000086
-0.000033
-0.000138
-0.000110
0.000092
0.000330
0.000417
0.000330
0.000173
0.000024
-0.000116
-0.000262
-0.000341
-0.000247
-0.000064
0.000017
-0.000008
-0.000033
-0.000048
-0.000070
-0.000075
-0.000043
0.000036
0.000150
0.000204
0.000106
-0.000084
-0.000222
-0.000246
-0.000171
-0.000026
0.000130
0.000259
0.000366
0.000402
0.000290
0.000067
-0.000115
-0.000167
-0.000157
-0.000133
-0.000046
0.000075
0.000103
0.000019
-0.000069
-0.000102
-0.000129
-0.000174
-0.000172
-0.000091
-0.000000
0.000027
0.000028
0.000054
0.000054
-0.000030
-0.000140
-0.000194
-0.000173
-0.000077
0.000062
0.000155
0.000148
0.000072
-0.000006
-0.000023
0.000038
0.000111
0.000126
0.000093
0.000041
-0.000037
-0.000106
-0.000086
0.000009
0.000072
0.000076
0.000128
0.000246
0.000296
0.000218
0.000095
-0.000013
-0.000135
-0.000265
-0.000333
-0.000326
-0.000308
-0.000267
-0.000103
0.000151
0.000282
0.000212
0.000130
0.000183
0.000276
0.000256
0.000107
-0.000072
-0.000172
-0.000188
-0.000211
-0.000285
-0.000326
-0.000218
0.000011
0.000195
0.000221
0.000141
0.000062
-0.000005
-0.000113
-0.000234
-0.000270
-0.000177
-0.000062
-0.000060
-0.000093
0.000042
0.000311
0.000438
0.000283
0.000058
0.000022
0.000135
0.000209
0.000188
0.000127
0.000086
0.000103
0.000121
0.000035
-0.000145
-0.000293
-0.000314
-0.000233
-0.000138
-0.000114
-0.000149
-0.000138
-0.000084
-0.000100
-0.000177
-0.000201
-0.000148
-0.000046
0.000118
0.000312
0.000383
0.000245
0.000069
0.000044
0.000083
0.000019
-0.000062
0.000021
0.000211
0.000322
0.000281
0.000100
-0.000156
-0.000319
-0.000302
-0.000222
-0.000162
-0.000080
-0.000016
-0.000059
-0.000135
-0.000098
0.000030
0.000092
0.000035
-0.000021
0.000032
0.000170
0.000273
0.000233
0.000098
0.000004
-0.000008
-0.000015
-0.000055
-0.000063
-0.000026
-0.000024
-0.000086
-0.000202
-0.000316
-0.000282
-0.000058
0.000173
0.000230
0.000146
0.000087
0.000137
0.000225
0.000237
0.000160
0.000092
0.000086
0.000058
-0.000060
-0.000187
-0.000234
-0.000243
-0.000257
-0.000252
-0.000230
-0.000200
-0.000113
0.000033
0.000119
0.000106
0.000112
0.000172
0.000151
0.000004
-0.000108
-0.000041
0.000142
0.000273
0.000237
0.000075
-0.000034
-0.000002
0.000063
0.000050
-0.000037
-0.000114
-0.000112
-0.000084
-0.000142
-0.000224
-0.000195
-0.000097
-0.000018
0.000082
0.000188
0.000182
0.000071
-0.000044
-0.000155
-0.000250
-0.000198
0.000045
0.000285
0.000346
0.000310
0.000290
0.000233
0.000096
-0.000022
-0.000037
0.000013
0.000053
0.000057
0.000028
-0.000066
-0.000248
-0.000424
-0.000443
-0.000328
-0.000265
-0.000263
-0.000120
0.000174
0.000334
0.000210
0.000009
-0.000062
-0.000085
-0.000165
-0.000200
-0.000126
-0.000048
0.000020
0.000153
0.000311
0.000400
0.000392
0.000305
0.000192
0.000108
0.000063
0.000052
0.000084
0.000118
0.000046
-0.000142
-0.000296
-0.000324
-0.000291
-0.000249
-0.000183
-0.000089
-0.000002
0.000026
-0.000004
-0.000030
-0.000035
-0.000035
-0.000011
0.000013
-0.000019
-0.000079
-0.000059
0.000077
0.000216
0.000255
0.000263
0.000304
0.000281
0.000139
0.000000
-0.000080
-0.000146
-0.000164
-0.000106
-0.000072
-0.000114
-0.000119
-0.000028
0.000039
-0.000029
-0.000178
-0.000301
-0.000336
-0.000234
-0.000026
0.000157
0.000245
0.000257
0.000231
0.000201
0.000159
0.000086
0.000016
-0.000006
0.000020
0.000037
-0.000020
-0.000092
-0.000074
-0.000017
-0.000031
-0.000098
-0.000140
-0.000101
0.000037
0.000155
0.000129
0.000065
0.000087
0.000078
-0.000073
-0.000223
-0.000196
-0.000084
-0.000094
-0.000205
-0.000224
-0.000099
0.000054
0.000142
0.000197
0.000267
0.000293
0.000195
0.000036
-0.000036
-0.000012
0.000010
0.000036
0.000106
0.000142
0.000058
-0.000099
-0.000199
-0.000193
-0.000138
-0.000085
-0.000072
-0.000115
-0.000121
-0.000003
0.000118
0.000096
0.000006
-0.000025
-0.000026
-0.000041
-0.000027
0.000025
0.000065
0.000045
-0.000058
-0.000193
-0.000225
-0.000096
0.000091
0.000226
0.000312
0.000388
0.000384
0.000188
-0.000126
-0.000341
-0.000326
-0.000132
0.000039
0.000051
-0.000015
-0.000026
0.000024
0.000036
-0.000024
-0.000036
0.000051
0.000093
-0.000012
-0.000162
-0.000228
-0.000204
-0.000149
-0.000061
0.000110
0.000334
0.000445
0.000341
0.000134
-0.000053
-0.000223
-0.000356
-0.000351
-0.000172
0.000063
0.000169
0.000069
-0.000084
-0.000095
0.000003
0.000089
0.000172
0.000271
0.000308
0.000234
0.000077
-0.000124
-0.000267
-0.000246
-0.000127
-0.000054
-0.000041
-0.000034
-0.000005
0.000024
-0.000028
-0.000170
-0.000256
-0.000183
-0.000045
0.000032
0.000056
0.000136
0.000284
0.000353
0.000230
0.000040
-0.000032
0.000001
0.000049
0.000077
0.000013
-0.000131
-0.000180
-0.000089
-0.000029
-0.000097
-0.000203
-0.000252
-0.000230
-0.000146
-0.000040
0.000044
0.000119
0.000191
0.000231
0.000243
0.000234
0.000165
0.000067
0.000048
0.000098
0.000072
-0.000067
-0.000190
-0.000185
-0.000083
0.000015
0.000070
0.000107
0.000118
0.000060
-0.000044
-0.000128
-0.000180
-0.000223
-0.000200
-0.000061
0.000074
0.000083
0.000028
-0.000002
0.000001
0.000051
0.000165
0.000271
0.000209
-0.000077
-0.000378
-0.000446
-0.000304
-0.000115
0.000033
0.000105
0.000147
0.000230
0.000261
0.000131
-0.000048
-0.000139
-0.000146
-0.000080
0.000037
0.000116
0.000138
0.000144
0.000083
-0.000071
-0.000161
-0.000088
0.000026
0.000077
0.000127
0.000209
0.000224
0.000117
-0.000021
-0.000129
-0.000212
-0.000182
0.000002
0.000151
0.000127
0.000045
-0.000003
-0.000066
-0.000148
-0.000197
-0.000219
-0.000237
-0.000235
-0.000187
-0.000059
0.000125
0.000247
0.000248
0.000186
0.000079
-0.000087
-0.000180
-0.000035
0.000246
0.000398
0.000324
0.000144
-0.000016
-0.000151
-0.000294
-0.000373
-0.000285
-0.000071
0.000085
0.000032
-0.000154
-0.000190
0.000052
0.000330
0.000363
0.000191
0.000051
0.000015
-0.000025
-0.000089
-0.000105
-0.000089
-0.000092
-0.000061
0.000049
0.000127
0.000069
-0.000012
0.000000
0.000017
-0.000056
-0.000151
-0.000176
-0.000137
-0.000060
0.000029
0.000087
0.000105
0.000093
0.000063
0.000075
0.000151
0.000198
0.000151
0.000058
-0.000036
-0.000129
-0.000211
-0.000237
-0.000180
-0.000100
-0.000028
0.000083
0.000159
0.000053
-0.000140
-0.000174
-0.000076
-0.000044
-0.000043
0.000049
0.000172
0.000195
0.000086
-0.000081
-0.000197
-0.000192
-0.000053
0.000154
0.000300
0.000307
0.000200
0.000072
0.000004
-0.000011
-0.000012
0.000001
0.000001
-0.000047
-0.000090
-0.000060
0.000006
0.000006
-0.000072
-0.000087
0.000047
0.000179
0.000121
-0.000075
-0.000225
-0.000271
-0.000275
-0.000281
-0.000269
-0.000213
-0.000108
0.000069
0.000291
0.000396
0.000303
0.000140
0.000003
-0.000124
-0.000151
0.000040
0.000304
0.000352
0.000144
-0.000056
-0.000045
0.000075
0.000120
0.000097
0.000051
-0.000049
-0.000179
-0.000243
-0.000190
-0.000073
-0.000011
-0.000048
-0.000100
-0.000124
-0.000174
-0.000208
-0.000118
0.000054
0.000148
0.000140
0.000133
0.000108
-0.000044
-0.000243
-0.000264
-0.000098
0.000053
0.000132
0.000245
0.000375
0.000395
0.000303
0.000215
0.000156
0.000029
-0.000167
-0.000290
-0.000246
-0.000105
-0.000007
0.000014
0.000040
0.000099
0.000109
0.000022
-0.000107
-0.000226
-0.000312
-0.000333
-0.000278
-0.000185
-0.000079
0.000047
0.000149
0.000153
0.000085
0.000060
0.000128
0.000184
0.000131
0.000029
-0.000032
-0.000038
-0.000023
-0.000020
-0.000030
-0.000020
0.000030
0.000078
0.000077
0.000065
0.000066
0.000010
-0.000100
-0.000119
0.000030
0.000217
0.000262
0.000150
-0.000006
-0.000133
-0.000222
-0.000240
-0.000160
-0.000055
-0.000034
-0.000086
-0.000086
0.000037
0.000198
0.000283
0.000289
0.000227
0.000074
-0.000116
-0.000227
-0.000213
-0.000113
-0.000029
-0.000072
-0.000225
-0.000314
-0.000210
0.000024
0.000216
0.000282
0.000274
0.000243
0.000151
-0.000016
-0.000151
-0.000177
-0.000148
-0.000118
-0.000102
-0.000103
-0.000056
0.000089
0.000232
0.000231
0.000082
-0.000081
-0.000139
-0.000104
-0.000046
0.000006
0.000053
0.000113
0.000209
0.000304
0.000295
0.000139
-0.000026
-0.000037
0.000034
0.000002
-0.000144
-0.000297
-0.000402
-0.000401
-0.000249
-0.000027
0.000114
0.000121
0.000066
0.000057
0.000102
0.000082
-0.000042
-0.000145
-0.000130
-0.000016
0.000134
0.000216
0.000160
0.000054
0.000025
0.000035
-0.000015
-0.000109
-0.000144
-0.000061
0.000029
-0.000006
-0.000079
-0.000029
0.000062
0.000014
-0.000135
-0.000164
0.000002
0.000135
0.000053
-0.000049
0.000061
0.000277
0.000382
0.000316
0.000153
0.000023
0.000006
0.000007
-0.000125
-0.000311
-0.000330
-0.000194
-0.000103
-0.000101
-0.000087
-0.000044
-0.000012
0.000008
0.000023
-0.000025
-0.000201
-0.000446
-0.000875
-0.001515
-0.001204
0.000790
0.002639
0.002892
0.002791
0.002807
0.001596
-0.000347
-0.001344
-0.001947
-0.003093
-0.003661
-0.002897
-0.001737
-0.000615
0.000707
0.001656
0.001813
0.001711
0.001318
0.000222
-0.000786
-0.000961
-0.000957
-0.001018
-0.000432
0.000530
0.001020
0.001278
0.001659
0.001709
0.001294
0.000769
0.000151
-0.000530
-0.001010
-0.001335
-0.001567
-0.001406
-0.000810
-0.000186
0.000255
0.000652
0.000975
0.000907
0.000356
-0.000276
-0.000613
-0.000769
-0.000949
-0.000935
-0.000470
0.000210
0.000725
0.000972
0.000980
0.000720
0.000221
-0.000182
-0.000160
-0.000016
-0.000177
-0.000392
-0.000296
-0.000038
0.000196
0.000439
0.000598
0.000516
0.000249
-0.000062
-0.000367
-0.000641
-0.000824
-0.000872
-0.000742
-0.000430
-0.000070
0.000225
0.000520
0.000794
0.000787
0.000507
0.000287
0.000139
-0.000130
-0.000352
-0.000310
-0.000179
-0.000156
-0.000143
-0.000023
0.000163
0.000324
0.000358
0.000206
-0.000118
-0.000493
-0.000686
-0.000727
-0.000961
-0.001181
-0.000641
0.000490
0.001224
0.001514
0.002037
0.002532
0.002267
0.001451
0.000590
-0.000448
-0.001675
-0.002556
-0.002774
-0.002465
-0.001794
-0.000973
-0.000254
0.000404
0.001011
0.001162
0.000759
0.000255
-0.000228
-0.000784
-0.001028
-0.000702
-0.000161
0.000374
0.000984
0.001523
0.001780
0.001776
0.001498
0.000936
0.000336
-0.000119
-0.000607
-0.001172
-0.001388
-0.001005
-0.000429
-0.000091
0.000130
0.000416
0.000548
0.000299
-0.000179
-0.000616
-0.000951
-0.001199
-0.001218
-0.000923
-0.000493
-0.000104
0.000300
0.000759
0.001101
0.001122
0.000839
0.000501
0.000262
-0.000034
-0.000452
-0.000659
-0.000407
0.000036
0.000315
0.000476
0.000691
0.000864
0.000787
0.000464
0.000065
-0.000323
-0.000716
-0.001038
-0.001080
-0.000785
-0.000401
-0.000174
-0.000001
0.000313
0.000647
0.000738
0.000539
0.000175
-0.000188
-0.000397
-0.000434
-0.000375
-0.000236
-0.000050
0.000081
0.000166
0.000306
0.000431
0.000324
0.000005
-0.000226
-0.000225
-0.000160
-0.000155
-0.000130
-0.000058
0.000020
0.000132
0.000210
0.000173
0.000146
0.000188
0.000163
0.000014
-0.000171
-0.000281
-0.000228
-0.000044
0.000128
0.000221
0.000282
0.000307
0.000210
-0.000024
-0.000296
-0.000486
-0.000523
-0.000430
-0.000321
-0.000270
-0.000207
-0.000018
0.000299
0.000578
0.000625
0.000461
0.000294
0.000186
0.000027
-0.000192
-0.000347
-0.000344
-0.000185
0.000063
0.000290
0.000406
0.000366
0.000214
0.000066
-0.000104
-0.000372
-0.000586
-0.000557
-0.000413
-0.000353
-0.000255
-0.000003
0.000189
0.000232
0.000293
0.000303
0.000131
0.000025
0.000115
0.000094
-0.000108
-0.000145
0.000037
0.000142
0.000087
0.000029
0.000034
0.000087
0.000131
0.000044
-0.000124
-0.000143
-0.000041
-0.000074
-0.000215
-0.000213
-0.000075
0.000027
0.000116
0.000246
0.000287
0.000173
0.000022
-0.000096
-0.000184
-0.000193
-0.000107
-0.000018
-0.000003
-0.000014
0.000082
0.000308
0.000485
0.000444
0.000250
0.000080
0.000007
0.000008
0.000030
0.000019
-0.000008
0.000006
0.000030
-0.000033
-0.000165
-0.000245
-0.000246
-0.000265
-0.000332
-0.000383
-0.000409
-0.000451
-0.000465
-0.000337
-0.000111
0.000026
0.000023
0.000012
0.000091
0.000204
0.000270
0.000296
0.000319
0.000299
0.000184
0.000055
0.000050
0.000180
0.000353
0.000468
0.000454
0.000342
0.000251
0.000214
0.000126
-0.000049
-0.000249
-0.000434
-0.000525
-0.000411
-0.000122
0.000147
0.000180
-0.000055
-0.000344
-0.000483
-0.000529
-0.000601
-0.000634
-0.000509
-0.000269
-0.000049
0.000105
0.000240
0.000397
0.000593
0.000766
0.000767
0.000610
0.000495
0.000413
0.000176
-0.000113
-0.000182
-0.000109
-0.000163
-0.000279
-0.000228
-0.000089
-0.000121
-0.000470
-0.001253
-0.002287
-0.002702
-0.001877
-0.000648
-0.000134
0.000166
0.001182
0.002171
0.002044
0.001494
0.001671
0.002143
0.001897
0.001060
0.000497
0.000659
0.001231
0.001491
0.001215
0.000995
0.001021
0.000573
-0.000430
-0.000989
-0.000912
-0.001201
-0.002119
-0.002829
-0.002950
-0.002810
-0.002505
-0.002006
-0.001606
-0.001457
-0.001308
-0.001058
-0.000858
-0.000636
-0.000244
0.000103
0.000214
0.000432
0.001095
0.001814
0.002126
0.002310
0.002593
0.002508
0.001886
0.001400
0.001477
0.001703
0.001621
0.001261
0.000876
0.000731
0.000805
0.000698
0.000296
-0.000023
-0.000307
-0.001025
-0.001875
-0.002134
-0.002037
-0.002218
-0.002473
-0.002377
-0.002026
-0.001539
-0.000951
-0.000600
-0.000678
-0.000852
-0.000868
-0.000783
-0.000514
-0.000018
0.000384
0.000575
0.000912
0.001460
0.001831
0.001924
0.001923
0.001787
0.001490
0.001278
0.001231
0.001134
0.000955
0.000855
0.000796
0.000636
0.000402
0.000146
-0.000193
-0.000618
-0.001007
-0.001313
-0.001568
-0.001712
-0.001645
-0.001415
-0.001167
-0.000994
-0.000899
-0.000791
-0.000595
-0.000417
-0.000388
-0.000428
-0.000370
-0.000179
0.000093
0.000401
0.000437
-0.000602
-0.002764
-0.003856
-0.001876
0.001110
0.001676
0.000904
0.002032
0.004006
0.003738
0.002343
0.002831
0.004304
0.003826
0.001507
-0.000029
0.000563
0.001945
0.002015
0.000918
0.000719
0.001451
0.000788
-0.001313
-0.002302
-0.002015
-0.002782
-0.004694
-0.005741
-0.005576
-0.005111
-0.004321
-0.003270
-0.002696
-0.002366
-0.001571
-0.000849
-0.000754
-0.000435
0.000623
0.001330
0.001031
0.000932
0.002133
0.003821
0.004618
0.004586
0.004698
0.005033
0.004808
0.003887
0.002983
0.002412
0.001684
0.000484
-0.000631
-0.000964
-0.000775
-0.000942
-0.001597
-0.002025
-0.002016
-0.002108
-0.002414
-0.002554
-0.002610
-0.002823
-0.002910
-0.002710
-0.002509
-0.002304
-0.001907
-0.001540
-0.001277
-0.000734
0.000064
0.000655
0.001049
0.001512
0.001849
0.001902
0.001999
0.002264
0.002394
0.002325
0.002266
0.002204
0.002045
0.001845
0.001543
0.001071
0.000634
0.000278
-0.000188
-0.000586
-0.000613
-0.000552
-0.000865
-0.001397
-0.001701
-0.001725
-0.001692
-0.001684
-0.001650
-0.001557
-0.001410
-0.001271
-0.001161
-0.000963
-0.000605
-0.000238
-0.000008
0.000209
0.000548
0.000851
0.000946
0.000959
0.001088
0.001290
0.001391
0.001339
0.001193
0.001022
0.000901
0.000779
0.000409
-0.000577
-0.002598
-0.005142
-0.005909
-0.003516
-0.000588
-0.000113
-0.000338
0.001582
0.003888
0.003839
0.003037
0.003845
0.004760
0.003494
0.001003
-0.000129
0.000903
0.002324
0.002065
0.000822
0.000912
0.001850
0.001098
-0.000841
-0.001390
-0.001159
-0.002610
-0.005107
-0.006252
-0.005847
-0.005062
-0.004342
-0.003839
-0.003537
-0.002812
-0.001549
-0.000625
-0.000307
0.000124
0.000754
0.000878
0.000604
0.000988
0.002418
0.003953
0.004599
0.004647
0.004994
0.005576
0.005561
0.004777
0.003831
0.002940
0.001643
-0.000090
-0.001345
-0.001526
-0.001382
-0.001873
-0.002680
-0.002804
-0.002184
-0.001803
-0.002250
-0.002989
-0.003341
-0.003392
-0.003500
-0.003531
-0.003073
-0.002228
-0.001583
-0.001232
-0.000525
0.000753
0.001799
0.002047
0.002066
0.002384
0.002572
0.002335
0.002243
0.002587
0.002761
0.002345
0.001813
0.001727
0.001880
0.001624
0.000863
0.000215
0.000036
-0.000154
-0.000825
-0.001593
-0.001872
-0.001842
-0.002010
-0.002268
-0.002164
-0.001714
-0.001296
-0.001107
-0.001034
-0.000869
-0.000638
-0.000569
-0.000597
-0.000390
0.000022
0.000284
0.000386
0.000646
0.001063
0.001264
0.001179
0.001188
0.001442
0.001626
0.001482
0.001150
0.000903
0.000718
0.000395
0.000050
-0.000043
-0.000190
-0.001289
-0.003780
-0.006490
-0.006951
-0.004255
-0.001124
-0.000405
-0.000520
0.001530
0.004510
0.005336
0.004694
0.005099
0.005822
0.004407
0.001408
-0.000076
0.001121
0.002645
0.002131
0.000744
0.001024
0.002221
0.001566
-0.000607
-0.001684
-0.001806
-0.003250
-0.005860
-0.007347
-0.007004
-0.006087
-0.005550
-0.005221
-0.004470
-0.002984
-0.001239
-0.000065
0.000432
0.000863
0.001368
0.001417
0.001082
0.001388
0.002788
0.004256
0.004759
0.004797
0.005412
0.006367
0.006521
0.005630
0.004497
0.003463
0.001982
-0.000058
-0.001648
-0.002041
-0.001987
-0.002494
-0.003166
-0.003114
-0.002638
-0.002671
-0.003272
-0.003747
-0.003809
-0.003811
-0.004045
-0.004187
-0.003727
-0.002843
-0.002132
-0.001465
-0.000156
0.001668
0.003017
0.003407
0.003344
0.003377
0.003392
0.003075
0.002629
0.002506
0.002565
0.002276
0.001781
0.001725
0.002010
0.001893
0.001247
0.000660
0.000328
-0.000252
-0.001350
-0.002449
-0.002986
-0.003156
-0.003389
-0.003463
-0.002906
-0.001949
-0.001277
-0.001009
-0.000712
-0.000289
-0.000125
-0.000341
-0.000513
-0.000257
0.000241
0.000526
0.000599
0.000884
0.001447
0.001836
0.001865
0.001872
0.001986
0.001862
0.001377
0.000885
0.000617
0.000435
0.000210
-0.000022
-0.000192
-0.000255
-0.000178
-0.000057
-0.000106
-0.000331
-0.000517
-0.000796
-0.001762
-0.003741
-0.006089
-0.007227
-0.005977
-0.003243
-0.001228
-0.000356
0.001121
0.003709
0.005585
0.005915
0.006083
0.006575
0.005860
0.003449
0.001284
0.001055
0.002018
0.002278
0.001430
0.000963
0.001654
0.001995
0.000805
-0.000616
-0.001175
-0.002179
-0.004605
-0.006944
-0.007589
-0.007024
-0.006481
-0.006174
-0.005508
-0.004053
-0.002136
-0.000591
0.000218
0.000680
0.001061
0.001110
0.000861
0.001029
0.002012
0.003156
0.003725
0.004052
0.004884
0.006082
0.006755
0.006445
0.005563
0.004558
0.003270
0.001573
0.000024
-0.000830
-0.001343
-0.002173
-0.003105
-0.003356
-0.002880
-0.002478
-0.002687
-0.003300
-0.003922
-0.004380
-0.004611
-0.004562
-0.004253
-0.003739
-0.003074
-0.002299
-0.001291
0.000129
0.001702
0.002837
0.003400
0.003751
0.003957
0.003759
0.003266
0.002890
0.002687
0.002440
0.002233
0.002307
0.002566
0.002608
0.002189
0.001521
0.000957
0.000403
-0.000542
-0.001828
-0.002879
-0.003413
-0.003708
-0.003907
-0.003802
-0.003357
-0.002761
-0.002127
-0.001566
-0.001187
-0.000914
-0.000632
-0.000420
-0.000314
-0.000138
0.000218
0.000696
0.001287
0.001982
0.002593
0.002925
0.003000
0.002944
0.002769
0.002408
0.001883
0.001336
0.000852
0.000369
-0.000180
-0.000677
-0.000910
-0.000890
-0.000911
-0.001115
-0.001264
-0.001198
-0.001167
-0.001549
-0.002558
-0.004213
-0.006157
-0.007268
-0.006247
-0.003419
-0.000889
0.000297
0.001634
0.004243
0.006601
0.007153
0.006821
0.006817
0.006278
0.004200
0.001862
0.001222
0.002024
0.002294
0.001366
0.000725
0.001343
0.001940
0.001164
-0.000291
-0.001447
-0.002931
-0.005291
-0.007369
-0.008025
-0.007765
-0.007479
-0.007097
-0.006169
-0.004580
-0.002583
-0.000749
0.000481
0.001237
0.001749
0.001896
0.001763
0.001953
0.002788
0.003750
0.004195
0.004330
0.004895
0.005982
0.006785
0.006695
0.006002
0.005100
0.003768
0.001885
0.000061
-0.001182
-0.002126
-0.003181
-0.004088
-0.004332
-0.003988
-0.003631
-0.003589
-0.003697
-0.003781
-0.003945
-0.004192
-0.004206
-0.003856
-0.003476
-0.003260
-0.002756
-0.001426
0.000482
0.002143
0.003172
0.003911
0.004570
0.004750
0.004263
0.003698
0.003478
0.003119
0.002247
0.001505
0.001561
0.001989
0.002025
0.001664
0.001297
0.000966
0.000467
-0.000297
-0.001207
-0.002070
-0.002880
-0.003657
-0.004110
-0.003989
-0.003559
-0.003205
-0.002871
-0.002305
-0.001539
-0.000807
-0.000248
0.000130
0.000383
0.000540
0.000591
0.000634
0.000870
0.001342
0.001872
0.002278
0.002521
0.002645
0.002641
0.002438
0.002069
0.001701
0.001337
0.000758
-0.000007
-0.000583
-0.000809
-0.000898
-0.000976
-0.000952
-0.000833
-0.000802
-0.000998
-0.001336
-0.001566
-0.001619
-0.001679
-0.001756
-0.001717
-0.001712
-0.001815
-0.001729
-0.001792
-0.002990
-0.004602
-0.004037
-0.000964
0.001431
0.001533
0.001846
0.004198
0.006580
0.006957
0.006428
0.006582
0.006551
0.004762
0.002135
0.001196
0.002071
0.002047
0.000065
-0.001485
-0.001107
-0.000694
-0.001750
-0.002973
-0.003332
-0.003895
-0.005388
-0.006827
-0.007236
-0.006795
-0.006152
-0.005640
-0.004974
-0.003566
-0.001496
0.000363
0.001501
0.002300
0.003173
0.003800
0.003683
0.003185
0.003275
0.004051
0.004456
0.004055
0.003866
0.004571
0.005256
0.004946
0.003999
0.003113
0.002207
0.000948
-0.000407
-0.001372
-0.002130
-0.003212
-0.004337
-0.004665
-0.004164
-0.003632
-0.003525
-0.003601
-0.003520
-0.003199
-0.002828
-0.002697
-0.002756
-0.002600
-0.002098
-0.001427
-0.000552
0.000631
0.001814
0.002633
0.003212
0.003798
0.004279
0.004427
0.004257
0.003931
0.003451
0.002671
0.001709
0.001016
0.000848
0.000929
0.000812
0.000389
-0.000070
-0.000414
-0.000878
-0.001618
-0.002371
-0.002901
-0.003318
-0.003652
-0.003703
-0.003408
-0.002926
-0.002436
-0.002004
-0.001493
-0.000737
0.000102
0.000708
0.001044
0.001261
0.001406
0.001522
0.001707
0.001942
0.002145
0.002322
0.002465
0.002530
0.002522
0.002403
0.002063
0.001488
0.000771
-0.000016
-0.000823
-0.001556
-0.002051
-0.002203
-0.002122
-0.002006
-0.001837
-0.001461
-0.001022
-0.000877
-0.000998
-0.001027
-0.000928
-0.000905
-0.000885
-0.000707
-0.000434
-0.000135
0.000140
0.000271
0.000435
0.000882
0.001046
0.000022
-0.001838
-0.002909
-0.002173
-0.000447
0.000704
0.001037
0.001784
0.003479
0.004868
0.005008
0.004827
0.005085
0.004723
0.002982
0.001174
0.000665
0.000768
0.000089
-0.001237
-0.001900
-0.001501
-0.001099
-0.001505
-0.002195
-0.002581
-0.003143
-0.004373
-0.005655
-0.006093
-0.005717
-0.005231
-0.004965
-0.004462
-0.003155
-0.001268
0.000351
0.001370
0.002208
0.002994
0.003308
0.003154
0.003154
0.003610
0.004132
0.004278
0.004228
0.004572
0.005295
0.005590
0.005011
0.004020
0.003082
0.002058
0.000748
-0.000605
-0.001701
-0.002630
-0.003572
-0.004285
-0.004377
-0.003990
-0.003730
-0.003866
-0.004080
-0.004088
-0.003980
-0.003861
-0.003638
-0.003280
-0.002942
-0.002622
-0.001999
-0.000877
0.000499
0.001821
0.003042
0.004137
0.004925
0.005306
0.005351
0.005120
0.004660
0.004015
0.003234
0.002555
0.002198
0.001972
0.001585
0.001092
0.000629
0.000074
-0.000735
-0.001695
-0.002587
-0.003405
-0.004251
-0.004968
-0.005210
-0.004940
-0.004450
-0.003807
-0.002853
-0.001755
-0.000896
-0.000305
0.000275
0.000890
0.001340
0.001521
0.001598
0.001763
0.001993
0.002175
0.002389
0.002794
0.003291
0.003592
0.003516
0.003036
0.002305
0.001578
0.000900
0.000139
-0.000653
-0.001296
-0.001778
-0.002176
-0.002420
-0.002397
-0.002173
-0.001984
-0.001924
-0.001808
-0.001548
-0.001405
-0.001476
-0.001407
-0.001064
-0.000797
-0.000676
-0.000349
0.000233
0.000740
0.000955
0.000901
0.000544
-0.000631
-0.002826
-0.004274
-0.002789
0.000337
0.001652
0.001225
0.002335
0.005369
0.007241
0.006854
0.006240
0.006280
0.005336
0.002582
0.000006
-0.000332
0.000320
-0.000692
-0.002778
-0.003039
-0.001397
-0.000527
-0.001281
-0.002228
-0.002819
-0.003757
-0.005187
-0.006432
-0.006837
-0.006421
-0.005966
-0.005825
-0.005050
-0.002934
-0.000423
0.001274
0.002245
0.003189
0.004117
0.004394
0.003967
0.003834
0.004481
0.004858
0.004264
0.003809
0.004450
0.005276
0.005178
0.004468
0.003851
0.003200
0.001983
0.000210
-0.001436
-0.002509
-0.003467
-0.004755
-0.005712
-0.005526
-0.004676
-0.004160
-0.004043
-0.003795
-0.003306
-0.002920
-0.002889
-0.002952
-0.002634
-0.002051
-0.001690
-0.001333
-0.000313
0.001238
0.002516
0.003302
0.004047
0.004882
0.005410
0.005386
0.004984
0.004454
0.003870
0.003174
0.002350
0.001602
0.001188
0.000993
0.000644
0.000058
-0.000547
-0.001106
-0.001796
-0.002740
-0.003763
-0.004560
-0.005025
-0.005231
-0.005179
-0.004806
-0.004061
-0.002948
-0.001649
-0.000466
0.000435
0.001071
0.001479
0.001752
0.002023
0.002281
0.002447
0.002597
0.002845
0.003128
0.003327
0.003439
0.003466
0.003298
0.002840
0.002128
0.001316
0.000500
-0.000424
-0.001518
-0.002499
-0.003057
-0.003266
-0.003370
-0.003391
-0.003211
-0.002826
-0.002354
-0.001993
-0.001856
-0.001749
-0.001426
-0.000980
-0.000633
-0.000314
0.000230
0.001010
0.001799
0.002475
0.003051
0.003459
0.003546
0.003201
0.002386
0.001170
-0.000401
-0.002389
-0.004140
-0.004036
-0.001870
-0.000014
0.000189
0.000721
0.003053
0.005266
0.005376
0.004326
0.003685
0.002993
0.001120
-0.001274
-0.002320
-0.001831
-0.001718
-0.002648
-0.002732
-0.001072
0.000399
0.000204
-0.000741
-0.001466
-0.002295
-0.003519
-0.004784
-0.005570
-0.005515
-0.004815
-0.004007
-0.002955
-0.001098
0.001136
0.002592
0.003031
0.003265
0.003760
0.004030
0.003646
0.003120
0.003097
0.003238
0.002971
0.002757
0.003299
0.004132
0.004312
0.003761
0.002982
0.002167
0.001104
-0.000410
-0.002174
-0.003639
-0.004574
-0.005221
-0.005494
-0.005016
-0.004110
-0.003573
-0.003495
-0.003325
-0.002843
-0.002345
-0.002137
-0.002182
-0.002110
-0.001636
-0.000888
-0.000037
0.001022
0.002282
0.003484
0.004527
0.005413
0.005931
0.005900
0.005421
0.004678
0.003827
0.002961
0.001938
0.000730
-0.000183
-0.000532
-0.000742
-0.001086
-0.001351
-0.001562
-0.002037
-0.002733
-0.003316
-0.003681
-0.003955
-0.004223
-0.004387
-0.004165
-0.003461
-0.002620
-0.001868
-0.000936
0.000276
0.001379
0.002146
0.002715
0.003037
0.002887
0.002415
0.002111
0.002182
0.002329
0.002249
0.002062
0.002064
0.002260
0.002326
0.001993
0.001306
0.000496
-0.000275
-0.001014
-0.001762
-0.002411
-0.002838
-0.003043
-0.002988
-0.002605
-0.002063
-0.001648
-0.001410
-0.001208
-0.000961
-0.000698
-0.000499
-0.000372
-0.000131
0.000335
0.000773
0.000960
0.001148
0.001649
0.002280
0.002619
0.002588
0.002394
0.002132
0.001728
0.000954
-0.000403
-0.002017
-0.003311
-0.004390
-0.005304
-0.004862
-0.002596
-0.000491
0.000189
0.001204
0.003623
0.005417
0.005082
0.003957
0.003392
0.002757
0.001271
-0.000250
-0.000501
0.000188
0.000254
-0.000427
-0.000326
0.000818
0.001416
0.000686
-0.000532
-0.001568
-0.002587
-0.003728
-0.004721
-0.005181
-0.004958
-0.004415
-0.003948
-0.003149
-0.001503
0.000292
0.001108
0.001103
0.001273
0.001748
0.001818
0.001411
0.001355
0.001991
0.002690
0.003114
0.003739
0.004678
0.005218
0.004881
0.003977
0.002965
0.001945
0.000783
-0.000571
-0.001861
-0.002757
-0.003341
-0.003875
-0.004163
-0.003892
-0.003341
-0.002986
-0.002844
-0.002702
-0.002562
-0.002534
-0.002562
-0.002352
-0.001692
-0.000797
-0.000024
0.000712
0.001738
0.002945
0.003835
0.004213
0.004360
0.004421
0.004155
0.003479
0.002671
0.001875
0.001020
0.000245
-0.000226
-0.000427
-0.000459
-0.000449
-0.000705
-0.001287
-0.001802
-0.002060
-0.002287
-0.002596
-0.002882
-0.003097
-0.003205
-0.003089
-0.002666
-0.001989
-0.001210
-0.000414
0.000427
0.001255
0.001868
0.002181
0.002301
0.002356
0.002442
0.002542
0.002466
0.002149
0.001785
0.001556
0.001453
0.001332
0.001044
0.000572
0.000007
-0.000531
-0.000969
-0.001360
-0.001753
-0.002066
-0.002253
-0.002404
-0.002532
-0.002477
-0.002164
-0.001803
-0.001569
-0.001271
-0.000713
-0.000129
0.000200
0.000436
0.000892
0.001506
0.001984
0.002251
0.002395
0.002408
0.002278
0.002120
0.001979
0.001718
0.001268
0.000767
0.000372
0.000098
-0.000170
-0.000554
-0.000984
-0.001368
-0.002048
-0.003626
-0.005865
-0.007071
-0.005772
-0.003329
-0.002599
-0.003051
-0.000919
0.004215
0.007889
0.007775
0.006850
0.007502
0.007637
0.005118
0.001900
0.000706
0.000469
-0.001307
-0.003564
-0.003250
-0.000790
0.000301
-0.001152
-0.002709
-0.002525
-0.001916
-0.002892
-0.004973
-0.006059
-0.005718
-0.005437
-0.005480
-0.004187
-0.001272
0.001096
0.001748
0.002312
0.004178
0.005966
0.005761
0.004195
0.003283
0.003307
0.002968
0.002076
0.001898
0.002803
0.003500
0.003053
0.002162
0.001840
0.001718
0.000589
-0.001574
-0.003387
-0.004179
-0.004812
-0.005777
-0.006153
-0.005287
-0.003987
-0.003155
-0.002460
-0.001325
-0.000207
0.000120
-0.000100
0.000039
0.000717
0.001238
0.001285
0.001462
0.002275
0.003298
0.003819
0.003917
0.004175
0.004427
0.003868
0.002504
0.001251
0.000432
-0.000545
-0.001869
-0.002776
-0.002686
-0.002221
-0.002328
-0.002744
-0.002463
-0.001530
-0.001009
-0.001207
-0.001391
-0.001247
-0.001203
-0.001338
-0.001108
-0.000323
0.000390
0.000578
0.000824
0.001767
0.002842
0.003026
0.002387
0.001870
0.001754
0.001399
0.000573
-0.000083
-0.000191
-0.000159
-0.000313
-0.000388
-0.000114
0.000233
0.000106
-0.000564
-0.001216
-0.001495
-0.001729
-0.002191
-0.002504
-0.002296
-0.001801
-0.001339
-0.000799
-0.000023
0.000783
0.001293
0.001508
0.001654
0.001749
0.001644
0.001390
0.001198
0.001145
0.001086
0.000909
0.000765
0.000843
0.000991
0.000907
0.000578
0.000163
-0.000351
-0.000987
-0.001535
-0.001805
-0.001846
-0.001786
-0.001695
-0.001548
-0.001209
-0.000630
-0.000075
0.000101
-0.000498
-0.002350
-0.004679
-0.004851
-0.002072
0.000208
-0.000164
0.000067
0.003334
0.006543
0.006958
0.006427
0.006704
0.006336
0.004017
0.001121
-0.000301
-0.000410
-0.001145
-0.002888
-0.003640
-0.002433
-0.000969
-0.000915
-0.001802
-0.002254
-0.002070
-0.002408
-0.003678
-0.004412
-0.003749
-0.003193
-0.003601
-0.003209
-0.000962
0.001411
0.002349
0.002568
0.003224
0.003988
0.003834
0.002790
0.001893
0.001623
0.001404
0.000844
0.000551
0.001168
0.002188
0.002502
0.001991
0.001587
0.001458
0.000571
-0.001264
-0.002680
-0.002961
-0.003075
-0.003626
-0.003804
-0.003070
-0.002044
-0.001375
-0.000961
-0.000388
0.000322
0.000565
0.000078
-0.000424
-0.000252
0.000212
0.000289
0.000239
0.000789
0.001774
0.002365
0.002469
0.002656
0.002879
0.002528
0.001555
0.000575
-0.000039
-0.000528
-0.001154
-0.001652
-0.001646
-0.001309
-0.001088
-0.001041
-0.000936
-0.000764
-0.000740
-0.000923
-0.001165
-0.001282
-0.001160
-0.000953
-0.000884
-0.000720
-0.000121
0.000620
0.001062
0.001445
0.002083
0.002608
0.002559
0.002030
0.001416
0.000970
0.000662
0.000313
-0.000102
-0.000386
-0.000446
-0.000432
-0.000451
-0.000492
-0.000610
-0.000854
-0.001115
-0.001259
-0.001307
-0.001356
-0.001373
-0.001192
-0.000772
-0.000320
-0.000015
0.000261
0.000675
0.001064
0.001132
0.000888
0.000609
0.000443
0.000259
-0.000035
-0.000195
-0.000047
0.000130
0.000125
0.000184
0.000464
0.000694
0.000592
0.000211
-0.000197
-0.000449
-0.000560
-0.000639
-0.000700
-0.000685
-0.000623
-0.000561
-0.000428
-0.000179
0.000102
0.000343
0.000567
0.000739
0.000722
0.000530
0.000375
0.000344
0.000082
-0.001171
-0.003441
-0.004654
-0.002861
-0.000137
0.000256
-0.000250
0.001428
0.003904
0.004524
0.004201
0.004410
0.004260
0.002789
0.000709
-0.000514
-0.000364
-0.000186
-0.001220
-0.002347
-0.002010
-0.000804
-0.000293
-0.000911
-0.001775
-0.001938
-0.001803
-0.002385
-0.003144
-0.002802
-0.001980
-0.002035
-0.002256
-0.001213
0.000588
0.001660
0.001719
0.001638
0.001988
0.002283
0.001856
0.001068
0.000816
0.001151
0.001376
0.001303
0.001517
0.002229
0.002641
0.002097
0.001115
0.000464
-0.000044
-0.000892
-0.001791
-0.002210
-0.002265
-0.002351
-0.002449
-0.002245
-0.001708
-0.001233
-0.001144
-0.001202
-0.000912
-0.000352
-0.000112
-0.000303
-0.000324
0.000171
0.000772
0.001126
0.001449
0.001851
0.002051
0.001928
0.001674
0.001451
0.001241
0.000914
0.000380
-0.000172
-0.000437
-0.000445
-0.000456
-0.000454
-0.000267
-0.000062
-0.000172
-0.000547
-0.000937
-0.001385
-0.001931
-0.002182
-0.001816
-0.001114
-0.000493
0.000074
0.000775
0.001528
0.002129
0.002431
0.002292
0.001707
0.000951
0.000318
-0.000213
-0.000752
-0.001130
-0.001099
-0.000770
-0.000416
-0.000090
0.000211
0.000383
0.000411
0.000352
0.000158
-0.000228
-0.000752
-0.001268
-0.001596
-0.001592
-0.001239
-0.000670
-0.000072
0.000430
0.000754
0.000818
0.000654
0.000404
0.000172
-0.000026
-0.000178
-0.000198
0.000016
0.000456
0.000975
0.001361
0.001481
0.001364
0.001065
0.000576
-0.000021
-0.000545
-0.000906
-0.001175
-0.001405
-0.001464
-0.001191
-0.000692
-0.000237
0.000102
0.000426
0.000671
0.000650
0.000384
0.000057
-0.000234
-0.000498
-0.000697
-0.000682
-0.000364
0.000153
0.000726
0.001247
0.001582
0.001538
0.000725
-0.001129
-0.002962
-0.002909
-0.001437
-0.001072
-0.001731
-0.000798
0.001671
0.003153
0.003298
0.003546
0.003828
0.003090
0.001392
-0.000171
-0.000818
-0.000953
-0.001495
-0.002322
-0.002316
-0.001116
0.000123
0.000170
-0.000501
-0.000470
0.000100
-0.000280
-0.001507
-0.001981
-0.001580
-0.001534
-0.001841
-0.001453
-0.000271
0.000822
0.001221
0.001163
0.001317
0.001772
0.001791
0.001049
0.000303
0.000222
0.000407
0.000238
0.000030
0.000440
0.001137
0.001241
0.000791
0.000492
0.000401
0.000031
-0.000734
-0.001441
-0.001604
-0.001333
-0.001137
-0.001067
-0.000756
-0.000243
0.000053
0.000035
0.000009
0.000098
0.000035
-0.000300
-0.000519
-0.000330
-0.000032
0.000063
0.000136
0.000435
0.000852
0.001130
0.001165
0.001026
0.000823
0.000559
0.000165
-0.000269
-0.000478
-0.000418
-0.000418
-0.000595
-0.000503
0.000066
0.000484
0.000248
-0.000146
-0.000050
0.000277
0.000184
-0.000262
-0.000451
-0.000279
-0.000204
-0.000308
-0.000217
0.000103
0.000258
0.000073
-0.000130
-0.000026
0.000154
-0.000018
-0.000409
-0.000508
-0.000234
0.000012
-0.000004
-0.000065
0.000063
0.000219
0.000198
0.000161
0.000276
0.000342
0.000141
-0.000173
-0.000295
-0.000158
0.000027
0.000069
0.000002
-0.000009
0.000093
0.000224
0.000367
0.000579
0.000739
0.000610
0.000236
-0.000051
-0.000113
-0.000144
-0.000296
-0.000473
-0.000524
-0.000465
-0.000420
-0.000468
-0.000598
-0.000696
-0.000604
-0.000335
-0.000110
-0.000046
-0.000052
-0.000029
0.000092
0.000349
0.000608
0.000659
0.000526
0.000431
0.000406
0.000281
0.000051
-0.000096
-0.000097
-0.000056
-0.000051
-0.000058
-0.000035
-0.000110
-0.000577
-0.001353
-0.001656
-0.001017
-0.000231
-0.000050
0.000222
0.001310
0.002462
0.002773
0.002530
0.002323
0.002062
0.001350
0.000262
-0.000578
-0.000848
-0.000973
-0.001270
-0.001418
-0.001178
-0.000896
-0.000985
-0.001299
-0.001382
-0.001258
-0.001390
-0.001789
-0.001897
-0.001538
-0.001148
-0.000903
-0.000442
0.000361
0.001070
0.001364
0.001421
0.001513
0.001678
0.001821
0.001852
0.001719
0.001489
0.001351
0.001344
0.001283
0.001118
0.000950
0.000682
0.000147
-0.000514
-0.001049
-0.001481
-0.001983
-0.002475
-0.002622
-0.002308
-0.001842
-0.001527
-0.001270
-0.000841
-0.000300
0.000070
0.000195
0.000246
0.000282
0.000225
0.000176
0.000358
0.000737
0.001059
0.001291
0.001628
0.002061
0.002282
0.002082
0.001620
0.001117
0.000539
-0.000057
-0.000401
-0.000514
-0.000679
-0.000914
-0.001009
-0.000900
-0.000753
-0.000815
-0.001094
-0.001283
-0.001235
-0.001133
-0.001076
-0.000957
-0.000713
-0.000392
-0.000078
0.000199
0.000513
0.000865
0.001079
0.001031
0.000844
0.000745
0.000747
0.000672
0.000510
0.000456
0.000534
0.000545
0.000382
0.000164
0.000099
0.000217
0.000275
0.000064
-0.000283
-0.000553
-0.000767
-0.000972
-0.001019
-0.000852
-0.000709
-0.000743
-0.000737
-0.000482
-0.000143
0.000015
0.000017
0.000074
0.000241
0.000378
0.000371
0.000306
0.000381
0.000570
0.000621
0.000487
0.000411
0.000464
0.000440
0.000225
-0.000014
-0.000087
-0.000081
-0.000176
-0.000331
-0.000409
-0.000397
-0.000327
-0.000178
0.000009
0.000030
-0.000258
-0.000610
-0.000651
-0.000436
-0.000295
-0.000242
-0.000013
0.000434
0.000786
0.000801
0.000674
0.000697
0.000818
0.000866
0.000834
0.000675
0.000196
-0.000602
-0.001341
-0.001695
-0.001673
-0.001422
-0.001191
-0.001070
-0.000599
0.000410
0.001194
0.001329
0.001426
0.001754
0.001717
0.001049
0.000259
-0.000161
-0.000250
-0.000324
-0.000467
-0.000427
-0.000100
0.000199
0.000171
-0.000038
-0.000089
0.000004
-0.000117
-0.000552
-0.000893
-0.000896
-0.000855
-0.000905
-0.000702
-0.000156
0.000301
0.000348
0.000136
-0.000009
0.000037
0.000036
-0.000219
-0.000420
-0.000175
0.000292
0.000515
0.000561
0.000742
0.000952
0.000939
0.000798
0.000702
0.000582
0.000329
-0.000043
-0.000422
-0.000591
-0.000449
-0.000283
-0.000368
-0.000457
-0.000249
-0.000019
-0.000118
-0.000352
-0.000446
-0.000537
-0.000745
-0.000844
-0.000667
-0.000406
-0.000317
-0.000334
-0.000150
0.000319
0.000813
0.001114
0.001223
0.001173
0.000936
0.000514
0.000071
-0.000177
-0.000274
-0.000370
-0.000326
0.000000
0.000295
0.000269
0.000207
0.000365
0.000470
0.000307
0.000039
-0.000215
-0.000460
-0.000585
-0.000528
-0.000413
-0.000309
-0.000187
-0.000091
-0.000058
-0.000004
0.000057
-0.000047
-0.000271
-0.000348
-0.000289
-0.000314
-0.000410
-0.000401
-0.000241
0.000004
0.000282
0.000552
0.000763
0.000836
0.000667
0.000298
-0.000044
-0.000210
-0.000257
-0.000307
-0.000362
-0.000302
-0.000080
0.000152
0.000238
0.000189
0.000089
0.000003
-0.000017
-0.000012
-0.000135
-0.000392
-0.000561
-0.000473
-0.000215
-0.000001
0.000130
0.000306
0.000518
0.000575
0.000444
0.000372
0.000497
0.000570
0.000374
0.000101
-0.000035
-0.000127
-0.000270
-0.000348
-0.000312
-0.000319
-0.000416
-0.000417
-0.000271
-0.000141
-0.000032
0.000179
0.000351
0.000171
-0.000319
-0.000638
-0.000519
-0.000294
-0.000308
-0.000354
-0.000148
0.000147
0.000219
0.000017
-0.000218
-0.000171
0.000158
0.000441
0.000488
0.000432
0.000439
0.000542
0.000654
0.000697
0.000791
0.001039
0.001102
0.000666
0.000095
-0.000200
-0.000451
-0.000874
-0.001190
-0.001244
-0.001153
-0.000916
-0.000600
-0.000435
-0.000358
-0.000108
0.000209
0.000275
0.000146
0.000066
-0.000008
-0.000155
-0.000203
-0.000071
0.000090
0.000229
0.000408
0.000559
0.000624
0.000713
0.000804
0.000632
0.000170
-0.000237
-0.000420
-0.000499
-0.000505
-0.000406
-0.000282
-0.000213
-0.000180
-0.000107
0.000048
0.000246
0.000384
0.000372
0.000240
0.000082
-0.000094
-0.000261
-0.000259
-0.000073
0.000081
0.000152
0.000305
0.000489
0.000449
0.000144
-0.000220
-0.000459
-0.000537
-0.000543
-0.000559
-0.000530
-0.000337
-0.000026
0.000184
0.000195
0.000163
0.000193
0.000180
0.000056
-0.000085
-0.000167
-0.000188
-0.000115
0.000074
0.000282
0.000412
0.000484
0.000514
0.000447
0.000318
0.000240
0.000166
0.000039
0.000020
0.000158
0.000229
0.000138
0.000019
-0.000068
-0.000192
-0.000395
-0.000592
-0.000676
-0.000677
-0.000668
-0.000598
-0.000415
-0.000234
-0.000170
-0.000140
0.000009
0.000254
0.000393
0.000314
0.000177
0.000164
0.000189
0.000110
0.000015
0.000055
0.000189
0.000275
0.000307
0.000366
0.000438
0.000458
0.000375
0.000168
-0.000071
-0.000221
-0.000288
-0.000281
-0.000166
-0.000091
-0.000278
-0.000576
-0.000573
-0.000228
0.000065
0.000036
-0.000175
-0.000227
-0.000006
0.000240
0.000346
0.000429
0.000531
0.000545
0.000444
0.000315
0.000206
0.000094
0.000005
0.000002
0.000025
-0.000061
-0.000245
-0.000325
-0.000220
-0.000135
-0.000232
-0.000418
-0.000613
-0.000832
-0.000962
-0.000877
-0.000666
-0.000463
-0.000261
-0.000041
0.000173
0.000369
0.000539
0.000688
0.000821
0.000919
0.000926
0.000810
0.000708
0.000760
0.000832
0.000747
0.000568
0.000388
0.000156
-0.000149
-0.000482
-0.000796
-0.001002
-0.001031
-0.000952
-0.000839
-0.000656
-0.000384
-0.000115
-0.000018
-0.000090
-0.000060
0.000132
0.000134
-0.000156
-0.000334
-0.000213
-0.000079
-0.000039
0.000130
0.000447
0.000682
0.000745
0.000748
0.000760
0.000666
0.000351
-0.000034
-0.000241
-0.000302
-0.000407
-0.000521
-0.000463
-0.000256
-0.000078
0.000031
0.000089
-0.000007
-0.000292
-0.000584
-0.000699
-0.000586
-0.000308
-0.000028
0.000141
0.000314
0.000590
0.000782
0.000711
0.000523
0.000440
0.000387
0.000188
-0.000036
-0.000099
-0.000100
-0.000143
-0.000164
-0.000134
-0.000056
0.000092
0.000256
0.000281
0.000067
-0.000313
-0.000627
-0.000695
-0.000620
-0.000629
-0.000715
-0.000662
-0.000436
-0.000216
-0.000042
0.000166
0.000367
0.000502
0.000622
0.000709
0.000679
0.000585
0.000544
0.000559
0.000583
0.000537
0.000301
-0.000032
-0.000188
-0.000178
-0.000247
-0.000391
-0.000452
-0.000480
-0.000559
-0.000548
-0.000366
-0.000214
-0.000271
-0.000403
-0.000430
-0.000401
-0.000366
-0.000246
-0.000008
0.000267
0.000493
0.000643
0.000698
0.000611
0.000410
0.000213
0.000083
0.000012
0.000017
0.000053
0.000005
-0.000060
0.000067
0.000361
0.000559
0.000544
0.000438
0.000303
0.000077
-0.000184
-0.000355
-0.000481
-0.000652
-0.000820
-0.000853
-0.000685
-0.000422
-0.000256
-0.000195
-0.000063
0.000146
0.000181
-0.000028
-0.000226
-0.000247
-0.000216
-0.000232
-0.000153
0.000137
0.000452
0.000571
0.000578
0.000652
0.000767
0.000797
0.000684
0.000448
0.000222
0.000114
0.000053
-0.000038
-0.000065
0.000065
0.000245
0.000249
-0.000011
-0.000353
-0.000525
-0.000491
-0.000466
-0.000649
-0.000923
-0.000993
-0.000780
-0.000457
-0.000185
-0.000011
0.000108
0.000253
0.000392
0.000380
0.000238
0.000139
0.000069
-0.000122
-0.000313
-0.000202
0.000162
0.000395
0.000377
0.000388
0.000589
0.000775
0.000702
0.000416
0.000192
0.000161
0.000161
0.000054
-0.000060
-0.000080
-0.000078
-0.000103
-0.000105
-0.000164
-0.000390
-0.000633
-0.000685
-0.000617
-0.000620
-0.000653
-0.000522
-0.000242
-0.000043
0.000015
0.000083
0.000208
0.000309
0.000343
0.000288
0.000188
0.000133
0.000085
-0.000002
-0.000008
0.000120
0.000252
0.000333
0.000464
0.000621
0.000622
0.000425
0.000202
0.000039
-0.000144
-0.000368
-0.000496
-0.000408
-0.000189
-0.000065
-0.000122
-0.000200
-0.000132
-0.000001
-0.000035
-0.000239
-0.000358
-0.000292
-0.000229
-0.000271
-0.000269
-0.000144
-0.000053
-0.000082
-0.000043
0.000204
0.000488
0.000560
0.000437
0.000303
0.000236
0.000160
0.000011
-0.000085
0.000049
0.000307
0.000409
0.000293
0.000117
-0.000029
-0.000175
-0.000309
-0.000358
-0.000338
-0.000335
-0.000367
-0.000346
-0.000210
-0.000079
-0.000121
-0.000265
-0.000279
-0.000085
0.000183
0.000345
0.000330
0.000217
0.000169
0.000257
0.000325
0.000165
-0.000131
-0.000280
-0.000237
-0.000146
-0.000018
0.000163
0.000291
0.000349
0.000437
0.000503
0.000407
0.000213
0.000130
0.000150
0.000076
-0.000138
-0.000376
-0.000552
-0.000612
-0.000559
-0.000455
-0.000358
-0.000326
-0.000356
-0.000326
-0.000174
-0.000003
0.000086
0.000140
0.000278
0.000480
0.000571
0.000485
0.000357
0.000328
0.000350
0.000248
0.000016
-0.000106
-0.000005
0.000063
-0.000156
-0.000451
-0.000421
-0.000108
0.000041
-0.000131
-0.000353
-0.000452
-0.000478
-0.000432
-0.000275
-0.000048
0.000163
0.000272
0.000312
0.000467
0.000743
0.000829
0.000556
0.000214
0.000083
-0.000036
-0.000406
-0.000770
-0.000676
-0.000217
0.000107
0.000165
0.000300
0.000637
0.000793
0.000452
-0.000126
-0.000463
-0.000497
-0.000509
-0.000608
-0.000662
-0.000600
-0.000494
-0.000351
-0.000086
0.000251
0.000484
0.000543
0.000497
0.000444
0.000404
0.000293
0.000089
-0.000039
0.000039
0.000198
0.000282
0.000265
0.000105
-0.000169
-0.000339
-0.000278
-0.000138
-0.000106
-0.000191
-0.000253
-0.000177
-0.000033
0.000011
-0.000048
-0.000061
-0.000018
-0.000052
-0.000175
-0.000303
-0.000389
-0.000376
-0.000250
-0.000048
0.000206
0.000401
0.000405
0.000328
0.000374
0.000494
0.000479
0.000304
0.000148
0.000079
0.000006
-0.000105
-0.000188
-0.000172
-0.000069
-0.000011
-0.000103
-0.000215
-0.000180
-0.000127
-0.000247
-0.000405
-0.000365
-0.000191
-0.000110
-0.000130
-0.000087
0.000033
0.000143
0.000242
0.000314
0.000312
0.000287
0.000272
0.000269
0.000379
0.000570
0.000549
0.000207
-0.000129
-0.000178
-0.000108
-0.000176
-0.000329
-0.000400
-0.000368
-0.000306
-0.000261
-0.000255
-0.000266
-0.000219
-0.000121
-0.000104
-0.000207
-0.000310
-0.000347
-0.000319
-0.000174
0.000090
0.000358
0.000513
0.000526
0.000445
0.000332
0.000248
0.000226
0.000204
0.000159
0.000212
0.000339
0.000319
0.000133
0.000024
0.000081
0.000136
0.000014
-0.000269
-0.000493
-0.000485
-0.000400
-0.000493
-0.000631
-0.000503
-0.000196
-0.000001
0.000081
0.000198
0.000328
0.000339
0.000212
0.000100
0.000078
0.000007
-0.000074
0.000101
0.000440
0.000552
0.000347
0.000040
-0.000162
-0.000191
-0.000205
-0.000372
-0.000567
-0.000573
-0.000399
-0.000194
-0.000055
0.000051
0.000245
0.000493
0.000552
0.000316
0.000028
-0.000053
-0.000028
-0.000090
-0.000120
0.000070
0.000345
0.000468
0.000416
0.000255
0.000029
-0.000198
-0.000391
-0.000503
-0.000390
-0.000095
0.000033
-0.000088
-0.000085
0.000139
0.000211
0.000018
-0.000138
-0.000124
-0.000119
-0.000231
-0.000372
-0.000391
-0.000194
0.000122
0.000335
0.000407
0.000451
0.000410
0.000186
-0.000059
-0.000122
-0.000081
-0.000108
-0.000179
-0.000165
-0.000022
0.000176
0.000288
0.000266
0.000197
0.000100
-0.000083
-0.000276
-0.000335
-0.000314
-0.000358
-0.000425
-0.000356
-0.000068
0.000312
0.000507
0.000457
0.000384
0.000381
0.000335
0.000205
0.000034
-0.000145
-0.000282
-0.000320
-0.000259
-0.000187
-0.000202
-0.000253
-0.000171
0.000075
0.000315
0.000388
0.000309
0.000215
0.000191
0.000219
0.000240
0.000200
0.000046
-0.000223
-0.000455
-0.000480
-0.000387
-0.000427
-0.000633
-0.000774
-0.000640
-0.000287
-0.000014
0.000020
0.000044
0.000256
0.000478
0.000526
0.000489
0.000458
0.000403
0.000363
0.000388
0.000401
0.000363
0.000366
0.000406
0.000351
0.000173
-0.000008
-0.000070
-0.000006
0.000061
-0.000001
-0.000214
-0.000488
-0.000678
-0.000737
-0.000739
-0.000730
-0.000684
-0.000608
-0.000536
-0.000435
-0.000251
0.000001
0.000265
0.000464
0.000517
0.000442
0.000350
0.000285
0.000217
0.000137
0.000077
0.000110
0.000260
0.000411
0.000493
0.000584
0.000671
0.000613
0.000411
0.000194
-0.000044
-0.000376
-0.000642
-0.000589
-0.000304
-0.000133
-0.000200
-0.000322
-0.000332
-0.000230
-0.000121
-0.000113
-0.000174
-0.000178
-0.000134
-0.000197
-0.000381
-0.000476
-0.000339
-0.000061
0.000195
0.000335
0.000351
0.000342
0.000382
0.000380
0.000295
0.000265
0.000291
0.000169
-0.000078
-0.000156
0.000023
0.000194
0.000149
0.000018
-0.000031
-0.000094
-0.000251
-0.000348
-0.000266
-0.000108
-0.000014
-0.000019
-0.000050
-0.000016
0.000029
-0.000015
-0.000054
0.000053
0.000229
0.000305
0.000245
0.000110
-0.000032
-0.000111
-0.000088
0.000006
0.000106
0.000161
0.000092
-0.000127
-0.000325
-0.000323
-0.000211
-0.000165
-0.000171
-0.000140
-0.000081
-0.000033
0.000009
0.000039
0.000015
-0.000064
-0.000138
-0.000165
-0.000168
-0.000178
-0.000155
0.000001
0.000258
0.000422
0.000472
0.000600
0.000817
0.000883
0.000670
0.000340
0.000074
-0.000138
-0.000330
-0.000425
-0.000420
-0.000427
-0.000440
-0.000359
-0.000231
-0.000168
-0.000202
-0.000325
-0.000442
-0.000384
-0.000171
-0.000033
-0.000058
-0.000072
0.000067
0.000246
0.000272
0.000180
0.000161
0.000258
0.000387
0.000491
0.000495
0.000353
0.000156
0.000006
-0.000085
-0.000132
-0.000161
-0.000226
-0.000302
-0.000318
-0.000281
-0.000222
-0.000159
-0.000127
-0.000105
-0.000057
-0.000047
-0.000095
-0.000093
-0.000030
0.000006
0.000045
0.000148
0.000253
0.000316
0.000384
0.000475
0.000539
0.000535
0.000434
0.000232
-0.000014
-0.000245
-0.000439
-0.000516
-0.000386
-0.000142
0.000006
0.000004
-0.000059
-0.000189
-0.000412
-0.000604
-0.000651
-0.000566
-0.000408
-0.000277
-0.000211
-0.000047
0.000333
0.000670
0.000669
0.000493
0.000469
0.000518
0.000404
0.000228
0.000227
0.000357
0.000391
0.000243
0.000042
-0.000015
0.000089
0.000115
-0.000111
-0.000437
-0.000648
-0.000757
-0.000859
-0.000881
-0.000727
-0.000468
-0.000187
0.000127
0.000408
0.000535
0.000524
0.000441
0.000313
0.000201
0.000165
0.000171
0.000154
0.000118
0.000120
0.000146
0.000132
0.000088
-0.000002
-0.000213
-0.000437
-0.000459
-0.000291
-0.000094
0.000116
0.000372
0.000535
0.000464
0.000189
-0.000154
-0.000361
-0.000295
-0.000161
-0.000288
-0.000558
-0.000551
-0.000256
-0.000047
-0.000034
0.000020
0.000254
0.000543
0.000671
0.000557
0.000353
0.000259
0.000281
0.000319
0.000286
0.000065
-0.000347
-0.000639
-0.000544
-0.000317
-0.000330
-0.000450
-0.000357
-0.000122
0.000001
-0.000006
0.000023
0.000148
0.000258
0.000224
0.000064
-0.000021
0.000082
0.000192
0.000139
0.000032
0.000015
0.000042
0.000040
0.000048
0.000118
0.000267
0.000424
0.000388
0.000117
-0.000117
-0.000124
-0.000068
-0.000137
-0.000216
-0.000161
-0.000167
-0.000412
-0.000633
-0.000556
-0.000329
-0.000192
-0.000115
0.000028
0.000174
0.000180
0.000098
0.000128
0.000287
0.000347
0.000185
0.000019
0.000073
0.000220
0.000250
0.000234
0.000291
0.000337
0.000265
0.000114
0.000007
-0.000025
-0.000144
-0.000427
-0.000619
-0.000494
-0.000192
0.000053
0.000158
0.000141
0.000099
0.000112
0.000133
0.000113
0.000043
-0.000134
-0.000380
-0.000514
-0.000455
-0.000318
-0.000203
-0.000071
0.000122
0.000349
0.000552
0.000638
0.000520
0.000259
0.000013
-0.000129
-0.000149
-0.000093
-0.000076
-0.000122
-0.000114
-0.000022
0.000059
0.000109
0.000133
0.000038
-0.000157
-0.000254
-0.000205
-0.000169
-0.000178
-0.000102
0.000060
0.000135
0.000048
-0.000062
-0.000072
-0.000028
-0.000021
-0.000067
-0.000100
-0.000064
0.000006
0.000092
0.000242
0.000392
0.000420
0.000353
0.000275
0.000201
0.000144
0.000127
0.000078
-0.000090
-0.000298
-0.000383
-0.000355
-0.000355
-0.000408
-0.000405
-0.000323
-0.000208
-0.000046
0.000116
0.000183
0.000171
0.000137
0.000117
0.000127
0.000119
0.000059
0.000014
-0.000000
-0.000051
-0.000076
0.000061
0.000297
0.000426
0.000405
0.000363
0.000343
0.000250
0.000039
-0.000215
-0.000401
-0.000480
-0.000510
-0.000494
-0.000354
-0.000146
-0.000010
0.000038
0.000059
0.000073
0.000073
0.000026
-0.000061
-0.000109
-0.000070
0.000005
0.000041
0.000037
0.000073
0.000170
0.000249
0.000285
0.000369
0.000520
0.000588
0.000453
0.000171
-0.000152
-0.000430
-0.000570
-0.000584
-0.000554
-0.000462
-0.000300
-0.000152
-0.000016
0.000165
0.000299
0.000261
0.000143
0.000100
0.000069
-0.000101
-0.000298
-0.000256
-0.000002
0.000153
0.000085
0.000020
0.000156
0.000339
0.000300
0.000066
-0.000107
-0.000108
-0.000065
-0.000103
-0.000162
-0.000118
0.000028
0.000183
0.000281
0.000305
0.000226
0.000066
-0.000084
-0.000154
-0.000147
-0.000150
-0.000276
-0.000459
-0.000469
-0.000237
-0.000008
0.000013
-0.000050
0.000042
0.000260
0.000339
0.000154
-0.000080
-0.000078
0.000144
0.000367
0.000477
0.000488
0.000426
0.000296
0.000123
-0.000049
-0.000206
-0.000361
-0.000484
-0.000522
-0.000465
-0.000356
-0.000269
-0.000242
-0.000223
-0.000140
-0.000003
0.000111
0.000167
0.000218
0.000313
0.000425
0.000459
0.000353
0.000143
-0.000066
-0.000104
0.000069
0.000200
0.000115
-0.000028
-0.000066
-0.000038
-0.000018
-0.000023
-0.000115
-0.000295
-0.000355
-0.000176
0.000020
-0.000018
-0.000238
-0.000383
-0.000290
-0.000063
0.000096
0.000157
0.000229
0.000319
0.000323
0.000203
0.000066
0.000044
0.000084
0.000040
-0.000054
-0.000049
0.000023
0.000015
-0.000057
-0.000111
-0.000174
-0.000205
-0.000097
0.000061
0.000110
0.000078
0.000091
0.000152
0.000146
0.000052
-0.000030
-0.000054
-0.000079
-0.000145
-0.000224
-0.000251
-0.000181
-0.000036
0.000102
0.000178
0.000203
0.000203
0.000179
0.000118
0.000033
-0.000032
-0.000034
-0.000012
-0.000093
-0.000259
-0.000305
-0.000137
0.000101
0.000237
0.000266
0.000271
0.000261
0.000197
0.000079
-0.000082
-0.000253
-0.000362
-0.000344
-0.000184
0.000030
0.000112
0.000006
-0.000099
-0.000087
-0.000078
-0.000126
-0.000117
-0.000034
0.000001
-0.000048
-0.000068
0.000015
0.000143
0.000227
0.000235
0.000190
0.000145
0.000161
0.000244
0.000328
0.000336
0.000221
-0.000009
-0.000209
-0.000216
-0.000102
-0.000095
-0.000220
-0.000267
-0.000167
-0.000107
-0.000215
-0.000355
-0.000325
-0.000141
0.000016
0.000071
0.000093
0.000116
0.000059
-0.000107
-0.000199
-0.000101
0.000028
0.000077
0.000131
0.000193
0.000191
0.000193
0.000292
0.000404
0.000365
0.000160
-0.000021
-0.000052
-0.000039
-0.000051
0.000011
0.000148
0.000201
0.000128
0.000009
-0.000139
-0.000306
-0.000410
-0.000401
-0.000342
-0.000322
-0.000288
-0.000106
0.000156
0.000241
0.000106
0.000006
0.000082
0.000184
0.000146
0.000006
-0.000114
-0.000174
-0.000167
-0.000095
-0.000033
-0.000048
-0.000067
0.000014
0.000174
0.000328
0.000431
0.000416
0.000228
0.000007
-0.000040
0.000028
0.000003
-0.000117
-0.000189
-0.000171
-0.000126
-0.000117
-0.000145
-0.000168
-0.000153
-0.000092
0.000000
0.000072
0.000072
0.000003
-0.000056
0.000007
0.000166
0.000220
0.000096
-0.000012
0.000017
0.000056
-0.000006
-0.000115
-0.000201
-0.000252
-0.000232
-0.000131
-0.000063
-0.000065
0.000027
0.000284
0.000522
0.000593
0.000528
0.000356
0.000096
-0.000123
-0.000182
-0.000127
-0.000105
-0.000185
-0.000276
-0.000279
-0.000244
-0.000229
-0.000184
-0.000089
-0.000021
-0.000043
-0.000126
-0.000166
-0.000121
-0.000089
-0.000062
0.000116
0.000361
0.000377
0.000171
0.000038
0.000062
0.000086
0.000048
0.000002
0.000035
0.000168
0.000212
0.000017
-0.000197
-0.000150
0.000067
0.000153
0.000040
-0.000087
-0.000107
-0.000076
-0.000112
-0.000236
-0.000299
-0.000189
-0.000007
0.000117
0.000208
0.000301
0.000291
0.000135
-0.000002
-0.000026
-0.000097
-0.000305
-0.000448
-0.000368
-0.000178
0.000007
0.000194
0.000347
0.000376
0.000287
0.000209
0.000245
0.000282
0.000128
-0.000143
-0.000272
-0.000199
-0.000133
-0.000204
-0.000252
-0.000122
0.000067
0.000125
0.000056
0.000009
0.000082
0.000225
0.000273
0.000108
-0.000186
-0.000399
-0.000428
-0.000348
-0.000225
-0.000040
0.000149
0.000209
0.000149
0.000106
0.000139
0.000191
0.000206
0.000170
0.000054
-0.000125
-0.000248
-0.000242
-0.000174
-0.000096
0.000017
0.000128
0.000142
0.000051
-0.000050
-0.000028
0.000124
0.000216
0.000109
-0.000033
-0.000003
0.000108
0.000125
0.000085
0.000090
0.000117
0.000077
-0.000074
-0.000269
-0.000391
-0.000391
-0.000304
-0.000192
-0.000100
-0.000044
0.000034
0.000187
0.000331
0.000331
0.000206
0.000115
0.000123
0.000115
-0.000001
-0.000154
-0.000208
-0.000116
0.000020
0.000064
0.000019
-0.000031
-0.000059
-0.000069
-0.000068
-0.000065
-0.000068
-0.000083
-0.000082
-0.000033
0.000021
0.000058
0.000146
0.000286
0.000306
0.000111
-0.000119
-0.000179
-0.000128
-0.000111
-0.000072
0.000069
0.000156
0.000042
-0.000128
-0.000183
-0.000194
-0.000229
-0.000174
0.000030
0.000233
0.000280
0.000234
0.000242
0.000277
0.000203
0.000024
-0.000146
-0.000240
-0.000234
-0.000132
-0.000026
-0.000018
-0.000063
-0.000019
0.000128
0.000193
0.000050
-0.000150
-0.000220
-0.000178
-0.000099
0.000016
0.000108
0.000073
-0.000023
-0.000020
0.000067
0.000132
0.000170
0.000185
0.000122
0.000001
-0.000091
-0.000130
-0.000134
-0.000106
-0.000044
0.000042
0.000128
0.000184
0.000186
0.000121
0.000006
-0.000083
-0.000108
-0.000168
-0.000309
-0.000400
-0.000379
-0.000374
-0.000402
-0.000292
0.000003
0.000316
0.000482
0.000466
0.000349
0.000241
0.000180
0.000106
-0.000027
-0.000138
-0.000079
0.000133
0.000277
0.000269
0.000255
0.000313
0.000355
0.000279
0.000087
-0.000120
-0.000284
-0.000423
-0.000485
-0.000399
-0.000244
-0.000163
-0.000176
-0.000197
-0.000159
-0.000063
0.000049
0.000128
0.000145
0.000095
-0.000004
-0.000123
-0.000208
-0.000196
-0.000139
-0.000131
-0.000126
-0.000023
0.000148
0.000280
0.000344
0.000356
0.000276
0.000132
0.000072
0.000108
0.000103
0.000044
0.000024
0.000047
0.000046
0.000004
-0.000005
0.000072
0.000126
0.000048
-0.000063
-0.000124
-0.000183
-0.000243
-0.000272
-0.000290
-0.000312
-0.000292
-0.000152
0.000110
0.000295
0.000196
-0.000049
-0.000096
0.000095
0.000221
0.000101
-0.000097
-0.000133
0.000010
0.000176
0.000236
0.000181
0.000085
0.000024
0.000028
0.000058
0.000058
0.000013
-0.000065
-0.000129
-0.000107
-0.000016
0.000006
-0.000128
-0.000335
-0.000410
-0.000229
0.000043
0.000166
0.000170
0.000231
0.000349
0.000348
0.000150
-0.000090
-0.000184
-0.000151
-0.000120
-0.000098
-0.000030
0.000000
-0.000107
-0.000250
-0.000250
-0.000092
0.000093
0.000233
0.000350
0.000399
0.000285
0.000075
-0.000066
-0.000118
-0.000169
-0.000215
-0.000169
-0.000054
0.000002
-0.000011
0.000029
0.000136
0.000186
0.000128
0.000056
0.000064
0.000124
0.000141
0.000071
-0.000055
-0.000177
-0.000222
-0.000172
-0.000115
-0.000120
-0.000145
-0.000121
-0.000073
-0.000077
-0.000113
-0.000071
0.000036
0.000054
-0.000058
-0.000182
-0.000234
-0.000170
0.000004
0.000192
0.000327
0.000409
0.000409
0.000307
0.000171
0.000089
0.000080
0.000100
0.000104
0.000104
0.000120
0.000100
-0.000010
-0.000164
-0.000260
-0.000233
-0.000141
-0.000146
-0.000318
-0.000512
-0.000537
-0.000365
-0.000113
0.000106
0.000248
0.000296
0.000267
0.000226
0.000235
0.000269
0.000224
0.000047
-0.000147
-0.000220
-0.000206
-0.000167
-0.000040
0.000174
0.000323
0.000330
0.000276
0.000211
0.000110
0.000002
-0.000065
-0.000116
-0.000199
-0.000293
-0.000305
-0.000177
0.000017
0.000162
0.000222
0.000164
-0.000039
-0.000243
-0.000269
-0.000195
-0.000188
-0.000210
-0.000147
-0.000025
0.000051
0.000056
0.000064
0.000125
0.000208
0.000272
0.000307
0.000291
0.000214
0.000118
0.000044
0.000004
-0.000017
-0.000074
-0.000189
-0.000281
-0.000287
-0.000275
-0.000326
-0.000373
-0.000303
-0.000147
-0.000032
-0.000016
-0.000021
0.000041
0.000146
0.000242
0.000365
0.000507
0.000504
0.000314
0.000164
0.000173
0.000171
0.000076
0.000001
-0.000038
-0.000100
-0.000127
-0.000068
-0.000033
-0.000140
-0.000310
-0.000345
-0.000209
-0.000065
-0.000019
-0.000056
-0.000130
-0.000172
-0.000150
-0.000141
-0.000198
-0.000253
-0.000181
0.000065
0.000385
0.000607
0.000655
0.000552
0.000360
0.000146
-0.000034
-0.000138
-0.000146
-0.000132
-0.000190
-0.000276
-0.000316
-0.000351
-0.000411
-0.000375
-0.000136
0.000173
0.000296
0.000242
0.000252
0.000378
0.000390
0.000155
-0.000152
-0.000313
-0.000334
-0.000321
-0.000285
-0.000174
0.000026
0.000220
0.000300
0.000300
0.000294
0.000249
0.000163
0.000135
0.000157
0.000115
0.000002
-0.000073
-0.000083
-0.000118
-0.000204
-0.000247
-0.000219
-0.000193
-0.000178
-0.000155
-0.000187
-0.000286
-0.000307
-0.000187
-0.000074
-0.000045
0.000022
0.000183
0.000305
0.000321
0.000279
0.000200
0.000135
0.000188
0.000307
0.000323
0.000209
0.000102
0.000125
0.000236
0.000254
0.000086
-0.000131
-0.000188
-0.000111
-0.000120
-0.000231
-0.000234
-0.000113
-0.000115
-0.000326
-0.000532
-0.000544
-0.000405
-0.000273
-0.000193
-0.000068
0.000135
0.000278
0.000250
0.000157
0.000169
0.000266
0.000333
0.000348
0.000304
0.000157
-0.000019
-0.000080
-0.000023
0.000056
0.000038
-0.000103
-0.000177
-0.000043
0.000092
0.000017
-0.000132
-0.000139
-0.000023
0.000077
0.000071
-0.000035
-0.000149
-0.000181
-0.000117
-0.000013
0.000072
0.000116
0.000131
0.000125
0.000106
0.000083
0.000024
-0.000067
-0.000121
-0.000145
-0.000216
-0.000284
-0.000220
-0.000053
0.000050
0.000034
0.000021
0.000113
0.000243
0.000295
0.000247
0.000148
0.000050
-0.000016
-0.000065
-0.000137
-0.000208
-0.000215
-0.000149
