5760
0.000031
0.000106
0.000204
0.000149
-0.000061
-0.000189
-0.000103
0.000051
0.000124
0.000155
0.000233
0.000348
0.000418
0.000349
0.000132
-0.000107
-0.000228
-0.000232
-0.000179
-0.000121
-0.000150
-0.000237
-0.000219
-0.000121
-0.000113
-0.000188
-0.000235
-0.000192
-0.000068
0.000025
0.000023
0.000020
0.000084
0.000120
0.000050
-0.000013
0.000081
0.000249
0.000302
0.000257
0.000241
0.000246
0.000203
0.000105
-0.000026
-0.000125
-0.000101
0.000005
0.000035
-0.000064
-0.000203
-0.000263
-0.000226
-0.000180
-0.000193
-0.000208
-0.000155
-0.000072
0.000009
0.000075
0.000047
-0.000082
-0.000153
-0.000027
0.000232
0.000386
0.000310
0.000140
0.000062
0.000074
0.000079
0.000106
0.000187
0.000172
-0.000032
-0.000228
-0.000213
-0.000085
-0.000075
-0.000213
-0.000276
-0.000119
0.000086
0.000083
-0.000081
-0.000130
0.000011
0.000148
0.000158
0.000095
-0.000008
-0.000130
-0.000108
0.000099
0.000217
0.000092
-0.000060
-0.000061
0.000015
0.000096
0.000201
0.000265
0.000124
-0.000194
-0.000380
-0.000291
-0.000118
-0.000043
-0.000036
-0.000003
0.000035
0.000052
0.000122
0.000220
0.000192
0.000030
-0.000081
-0.000007
0.000147
0.000189
0.000124
0.000085
0.000051
-0.000084
-0.000253
-0.000295
-0.000224
-0.000200
-0.000255
-0.000255
-0.000132
0.000025
0.000100
0.000083
0.000070
0.000107
0.000115
0.000044
-0.000054
-0.000099
-0.000018
0.000161
0.000266
0.000203
0.000115
0.000159
0.000230
0.000143
-0.000021
-0.000067
-0.000007
0.000022
-0.000021
-0.000099
-0.000154
-0.000156
-0.000121
-0.000092
-0.000122
-0.000188
-0.000202
-0.000151
-0.000074
-0.000005
0.000007
-0.000041
-0.000070
-0.000059
-0.000008
0.000157
0.000408
0.000512
0.000324
0.000027
-0.000082
0.000023
0.000086
-0.000050
-0.000221
-0.000198
0.000009
0.000216
0.000281
0.000161
-0.000031
-0.000127
-0.000101
-0.000048
-0.000059
-0.000163
-0.000269
-0.000275
-0.000211
-0.000138
-0.000068
-0.000036
-0.000077
-0.000119
-0.000029
0.000182
0.000309
0.000244
0.000115
0.000055
0.000052
0.000043
-0.000016
-0.000074
-0.000050
0.000057
0.000173
0.000176
0.000005
-0.000178
-0.000181
-0.000052
0.000042
0.000041
-0.000007
-0.000005
0.000096
0.000212
0.000248
0.000197
0.000087
-0.000046
-0.000154
-0.000215
-0.000225
-0.000163
-0.000042
0.000038
0.000012
-0.000035
-0.000040
-0.000070
-0.000097
0.000005
0.000130
0.000018
-0.000273
-0.000413
-0.000268
0.000004
0.000195
0.000231
0.000178
0.000144
0.000192
0.000281
0.000286
0.000183
0.000090
0.000044
-0.000048
-0.000187
-0.000243
-0.000187
-0.000135
-0.000127
-0.000055
0.000069
0.000050
-0.000121
-0.000176
0.000004
0.000208
0.000251
0.000195
0.000142
0.000067
-0.000063
-0.000138
-0.000071
-0.000003
-0.000062
-0.000121
-0.000056
0.000018
-0.000006
-0.000046
0.000009
0.000117
0.000143
0.000047
-0.000072
-0.000106
-0.000077
-0.000081
-0.000133
-0.000205
-0.000290
-0.000318
-0.000180
0.000087
0.000297
0.000343
0.000269
0.000168
0.000081
0.000018
0.000030
0.000134
0.000206
0.000102
-0.000124
-0.000276
-0.000262
-0.000136
0.000008
0.000086
0.000065
-0.000013
-0.000073
-0.000043
0.000063
0.000130
0.000105
0.000095
0.000177
0.000234
0.000130
-0.000066
-0.000198
-0.000178
-0.000024
0.000118
0.000078
-0.000117
-0.000249
-0.000178
-0.000009
0.000060
0.000024
0.000030
0.000062
-0.000027
-0.000203
-0.000281
-0.000202
-0.000051
0.000101
0.000218
0.000249
0.000174
0.000052
-0.000034
-0.000033
0.000039
0.000101
0.000101
0.000047
-0.000043
-0.000144
-0.000198
-0.000176
-0.000106
-0.000000
0.000133
0.000211
0.000162
0.000024
-0.000115
-0.000195
-0.000188
-0.000106
0.000019
0.000132
0.000172
0.000183
0.000228
0.000232
0.000089
-0.000136
-0.000279
-0.000292
-0.000217
-0.000087
0.000049
0.000105
0.000063
-0.000003
-0.000024
0.000024
0.000118
0.000176
0.000172
0.000172
0.000152
0.000013
-0.000184
-0.000283
-0.000249
-0.000136
-0.000024
0.000012
0.000009
0.000021
-0.000017
-0.000120
-0.000142
-0.000048
0.000012
0.000005
0.000039
0.000126
0.000210
0.000247
0.000204
0.000137
0.000129
0.000136
0.000036
-0.000170
-0.000315
-0.000277
-0.000110
0.000036
0.000036
-0.000085
-0.000166
-0.000153
-0.000155
-0.000165
-0.000029
0.000207
0.000310
0.000268
0.000279
0.000366
0.000362
0.000202
-0.000010
-0.000124
-0.000114
-0.000112
-0.000181
-0.000249
-0.000261
-0.000235
-0.000204
-0.000146
-0.000024
0.000070
0.000031
-0.000055
-0.000079
-0.000131
-0.000236
-0.000170
0.000145
0.000408
0.000366
0.000151
-0.000022
-0.000132
-0.000177
-0.000109
-0.000004
0.000034
0.000047
0.000093
0.000127
0.000106
0.000068
0.000042
-0.000005
-0.000047
-0.000004
0.000096
0.000140
0.000101
0.000042
0.000029
0.000067
0.000070
-0.000009
-0.000084
-0.000086
-0.000035
0.000035
0.000074
-0.000020
-0.000254
-0.000411
-0.000306
-0.000091
-0.000024
-0.000082
-0.000041
0.000161
0.000318
0.000278
0.000162
0.000093
0.000011
-0.000127
-0.000231
-0.000244
-0.000209
-0.000118
0.000104
0.000390
0.000482
0.000305
0.000113
0.000033
-0.000104
-0.000313
-0.000349
-0.000169
-0.000014
0.000008
0.000043
0.000147
0.000152
-0.000046
-0.000266
-0.000250
-0.000022
0.000146
0.000099
-0.000047
-0.000096
-0.000001
0.000119
0.000147
0.000094
0.000049
0.000036
0.000029
0.000049
0.000104
0.000086
-0.000087
-0.000286
-0.000334
-0.000225
-0.000095
-0.000022
0.000044
0.000143
0.000239
0.000282
0.000243
0.000135
0.000015
-0.000057
-0.000099
-0.000133
-0.000125
-0.000061
-0.000003
-0.000007
-0.000051
-0.000050
0.000029
0.000103
0.000066
-0.000051
-0.000109
-0.000073
-0.000044
-0.000047
-0.000026
0.000017
0.000041
0.000047
0.000057
0.000055
0.000035
0.000039
0.000068
0.000100
0.000140
0.000133
0.000008
-0.000167
-0.000228
-0.000137
-0.000043
-0.000074
-0.000180
-0.000222
-0.000122
0.000082
0.000261
0.000298
0.000239
0.000219
0.000220
0.000115
-0.000089
-0.000231
-0.000178
0.000048
0.000251
0.000233
0.000041
-0.000153
-0.000312
-0.000450
-0.000474
-0.000315
-0.000074
0.000103
0.000223
0.000364
0.000469
0.000352
0.000003
-0.000259
-0.000195
0.000008
0.000075
0.000015
-0.000048
-0.000081
-0.000102
-0.000157
-0.000276
-0.000367
-0.000287
-0.000046
0.000212
0.000360
0.000319
0.000138
0.000007
0.000056
0.000192
0.000210
0.000053
-0.000082
-0.000012
0.000131
0.000105
-0.000046
-0.000092
0.000019
0.000110
0.000042
-0.000107
-0.000237
-0.000339
-0.000342
-0.000178
0.000005
0.000026
-0.000032
-0.000006
0.000110
0.000260
0.000360
0.000288
0.000046
-0.000179
-0.000220
-0.000095
0.000073
0.000171
0.000183
0.000181
0.000205
0.000227
0.000175
0.000001
-0.000175
-0.000242
-0.000292
-0.000374
-0.000373
-0.000255
-0.000133
-0.000072
-0.000012
0.000133
0.000315
0.000357
0.000171
-0.000086
-0.000169
-0.000051
0.000053
0.000012
-0.000059
-0.000039
0.000031
0.000071
0.000049
-0.000040
-0.000135
-0.000121
0.000027
0.000179
0.000190
0.000082
0.000023
0.000058
0.000036
-0.000126
-0.000273
-0.000214
-0.000001
0.000138
0.000088
-0.000023
-0.000048
-0.000023
-0.000030
-0.000073
-0.000137
-0.000165
-0.000069
0.000100
0.000224
0.000294
0.000366
0.000420
0.000331
0.000039
-0.000276
-0.000366
-0.000285
-0.000246
-0.000191
0.000030
0.000257
0.000259
0.000112
-0.000006
-0.000098
-0.000201
-0.000231
-0.000133
-0.000019
0.000011
0.000018
0.000085
0.000152
0.000102
-0.000065
-0.000200
-0.000166
0.000017
0.000179
0.000212
0.000182
0.000152
0.000083
-0.000030
-0.000084
-0.000062
-0.000114
-0.000258
-0.000295
-0.000174
-0.000065
-0.000006
0.000144
0.000374
0.000469
0.000324
0.000075
-0.000110
-0.000165
-0.000133
-0.000130
-0.000196
-0.000267
-0.000309
-0.000277
-0.000106
0.000145
0.000313
0.000318
0.000206
0.000073
-0.000033
-0.000115
-0.000120
-0.000001
0.000146
0.000207
0.000193
0.000139
0.000014
-0.000147
-0.000205
-0.000144
-0.000118
-0.000208
-0.000272
-0.000170
0.000014
0.000141
0.000192
0.000222
0.000213
0.000098
-0.000030
-0.000000
0.000100
0.000074
-0.000023
-0.000047
-0.000028
-0.000022
0.000005
0.000035
0.000022
0.000024
0.000100
0.000152
0.000055
-0.000142
-0.000286
-0.000299
-0.000229
-0.000121
0.000051
0.000241
0.000305
0.000196
0.000002
-0.000164
-0.000220
-0.000155
-0.000062
-0.000025
-0.000012
0.000033
0.000073
0.000044
-0.000042
-0.000125
-0.000148
-0.000066
0.000050
0.000043
-0.000073
-0.000130
-0.000062
0.000066
0.000198
0.000299
0.000328
0.000291
0.000248
0.000206
0.000078
-0.000147
-0.000276
-0.000168
0.000020
0.000068
0.000019
0.000003
-0.000028
-0.000133
-0.000213
-0.000222
-0.000231
-0.000244
-0.000191
-0.000035
0.000167
0.000285
0.000240
0.000116
0.000038
0.000026
0.000042
0.000068
0.000078
0.000033
-0.000065
-0.000126
-0.000074
0.000038
0.000072
-0.000037
-0.000165
-0.000140
0.000004
0.000063
-0.000037
-0.000125
-0.000049
0.000087
0.000113
0.000072
0.000072
0.000078
0.000034
-0.000015
-0.000067
-0.000140
-0.000151
-0.000094
-0.000084
-0.000128
-0.000126
-0.000032
0.000131
0.000312
0.000442
0.000466
0.000366
0.000154
-0.000122
-0.000328
-0.000315
-0.000129
0.000012
0.000037
0.000096
0.000240
0.000280
0.000089
-0.000193
-0.000359
-0.000343
-0.000228
-0.000151
-0.000143
-0.000135
-0.000151
-0.000238
-0.000283
-0.000158
0.000032
0.000077
0.000037
0.000151
0.000385
0.000458
0.000297
0.000117
0.000074
0.000078
0.000021
-0.000015
0.000085
0.000240
0.000264
0.000145
0.000019
-0.000066
-0.000154
-0.000247
-0.000309
-0.000297
-0.000200
-0.000058
0.000068
0.000127
0.000102
0.000017
-0.000080
-0.000154
-0.000184
-0.000155
-0.000064
0.000080
0.000177
0.000067
-0.000184
-0.000304
-0.000202
-0.000040
0.000089
0.000226
0.000323
0.000301
0.000211
0.000157
0.000152
0.000108
0.000022
0.000001
0.000069
0.000134
0.000112
0.000003
-0.000120
-0.000203
-0.000237
-0.000225
-0.000184
-0.000148
-0.000104
-0.000011
0.000103
0.000175
0.000146
-0.000032
-0.000264
-0.000330
-0.000203
-0.000101
-0.000076
0.000060
0.000302
0.000387
0.000225
0.000012
-0.000081
-0.000071
-0.000029
0.000011
0.000001
-0.000074
-0.000110
-0.000013
0.000145
0.000220
0.000159
0.000043
-0.000007
0.000071
0.000200
0.000232
0.000129
-0.000019
-0.000138
-0.000213
-0.000246
-0.000245
-0.000245
-0.000257
-0.000240
-0.000181
-0.000114
-0.000052
0.000001
0.000030
0.000057
0.000144
0.000249
0.000226
0.000095
0.000024
0.000029
0.000036
0.000096
0.000268
0.000438
0.000425
0.000207
-0.000034
-0.000124
-0.000080
-0.000034
-0.000056
-0.000129
-0.000203
-0.000266
-0.000332
-0.000393
-0.000431
-0.000410
-0.000280
-0.000051
0.000172
0.000280
0.000307
0.000364
0.000424
0.000349
0.000118
-0.000091
-0.000106
0.000022
0.000118
0.000115
0.000039
-0.000121
-0.000290
-0.000278
-0.000083
0.000046
0.000004
-0.000011
0.000134
0.000275
0.000205
-0.000003
-0.000104
-0.000087
-0.000160
-0.000312
-0.000339
-0.000235
-0.000133
-0.000031
0.000111
0.000198
0.000157
0.000030
-0.000089
-0.000076
0.000115
0.000297
0.000289
0.000195
0.000173
0.000172
0.000120
0.000035
-0.000094
-0.000253
-0.000313
-0.000197
-0.000026
0.000059
0.000053
0.000024
0.000012
0.000031
0.000080
0.000125
0.000098
-0.000023
-0.000132
-0.000082
0.000076
0.000134
0.000075
0.000049
0.000036
-0.000090
-0.000259
-0.000299
-0.000215
-0.000120
-0.000059
-0.000029
-0.000002
0.000039
0.000065
0.000062
0.000052
0.000020
-0.000037
-0.000068
-0.000103
-0.000158
-0.000103
0.000088
0.000208
0.000123
-0.000065
-0.000159
-0.000033
0.000251
0.000443
0.000366
0.000148
0.000029
0.000056
0.000141
0.000204
0.000148
-0.000031
-0.000148
-0.000095
-0.000050
-0.000149
-0.000247
-0.000227
-0.000163
-0.000102
-0.000087
-0.000189
-0.000316
-0.000307
-0.000195
-0.000085
0.000044
0.000198
0.000266
0.000192
0.000118
0.000156
0.000200
0.000176
0.000137
0.000078
-0.000014
-0.000043
0.000045
0.000146
0.000153
0.000104
0.000075
0.000065
0.000022
-0.000078
-0.000173
-0.000201
-0.000214
-0.000257
-0.000268
-0.000206
-0.000116
-0.000044
0.000008
0.000038
0.000047
0.000071
0.000105
0.000068
-0.000077
-0.000209
-0.000184
0.000002
0.000240
0.000404
0.000384
0.000182
-0.000027
-0.000117
-0.000153
-0.000160
-0.000064
0.000092
0.000176
0.000166
0.000127
0.000035
-0.000142
-0.000273
-0.000213
-0.000058
0.000011
0.000002
0.000028
0.000091
0.000135
0.000164
0.000161
0.000107
0.000065
0.000052
-0.000002
-0.000103
-0.000222
-0.000334
-0.000362
-0.000278
-0.000144
0.000016
0.000192
0.000306
0.000299
0.000199
0.000088
0.000029
0.000039
0.000073
0.000060
-0.000032
-0.000195
-0.000345
-0.000327
-0.000117
0.000121
0.000236
0.000179
-0.000019
-0.000205
-0.000228
-0.000163
-0.000143
-0.000124
-0.000041
0.000064
0.000194
0.000359
0.000427
0.000296
0.000100
-0.000008
-0.000033
-0.000042
-0.000060
-0.000075
-0.000068
-0.000065
-0.000074
-0.000023
0.000090
0.000089
-0.000096
-0.000236
-0.000145
0.000063
0.000223
0.000280
0.000240
0.000188
0.000194
0.000140
-0.000062
-0.000237
-0.000244
-0.000200
-0.000184
-0.000171
-0.000226
-0.000360
-0.000372
-0.000157
0.000073
0.000098
0.000026
0.000058
0.000161
0.000200
0.000156
0.000098
0.000094
0.000157
0.000202
0.000154
0.000067
0.000025
-0.000011
-0.000098
-0.000193
-0.000191
-0.000077
0.000029
0.000019
-0.000046
-0.000014
0.000096
0.000100
-0.000064
-0.000211
-0.000150
0.000067
0.000271
0.000341
0.000208
-0.000066
-0.000265
-0.000278
-0.000208
-0.000154
-0.000106
-0.000021
0.000090
0.000154
0.000152
0.000168
0.000237
0.000291
0.000267
0.000164
-0.000001
-0.000210
-0.000413
-0.000467
-0.000280
-0.000030
0.000044
-0.000013
-0.000015
0.000070
0.000126
0.000120
0.000138
0.000163
0.000081
-0.000074
-0.000138
-0.000066
0.000040
0.000109
0.000104
-0.000014
-0.000190
-0.000283
-0.000212
-0.000034
0.000117
0.000161
0.000116
0.000034
-0.000024
-0.000003
0.000069
0.000100
0.000090
0.000147
0.000257
0.000254
0.000092
-0.000085
-0.000164
-0.000164
-0.000134
-0.000135
-0.000205
-0.000288
-0.000290
-0.000232
-0.000211
-0.000227
-0.000230
-0.000209
-0.000119
0.000109
0.000413
0.000586
0.000497
0.000274
0.000153
0.000199
0.000267
0.000212
0.000074
-0.000001
-0.000008
-0.000078
-0.000231
-0.000313
-0.000215
-0.000044
0.000039
0.000063
0.000136
0.000192
0.000090
-0.000128
-0.000242
-0.000130
0.000061
0.000076
-0.000119
-0.000296
-0.000288
-0.000124
0.000076
0.000170
0.000097
-0.000036
-0.000088
-0.000043
-0.000008
-0.000069
-0.000150
-0.000081
0.000146
0.000313
0.000251
0.000067
-0.000037
-0.000031
0.000008
0.000044
0.000043
0.000027
0.000083
0.000155
0.000133
0.000055
-0.000026
-0.000139
-0.000275
-0.000363
-0.000361
-0.000263
-0.000082
0.000120
0.000265
0.000360
0.000438
0.000405
0.000162
-0.000180
-0.000402
-0.000394
-0.000214
-0.000023
0.000074
0.000151
0.000253
0.000229
0.000030
-0.000121
-0.000096
-0.000062
-0.000128
-0.000175
-0.000159
-0.000169
-0.000153
0.000013
0.000262
0.000443
0.000492
0.000364
0.000106
-0.000091
-0.000115
-0.000070
-0.000097
-0.000169
-0.000197
-0.000215
-0.000296
-0.000410
-0.000454
-0.000359
-0.000161
0.000049
0.000177
0.000159
0.000064
0.000086
0.000277
0.000320
0.000018
-0.000068
0.000510
0.001018
0.000758
0.000543
0.001210
0.001789
0.001278
0.000487
0.000062
-0.000753
-0.001993
-0.002629
-0.002697
-0.002908
-0.002818
-0.001839
-0.000654
0.000190
0.001085
0.001883
0.001983
0.001759
0.001725
0.001354
0.000448
-0.000188
-0.000347
-0.000507
-0.000399
0.000319
0.000949
0.001049
0.001132
0.001227
0.000619
-0.000964
-0.002607
-0.002646
-0.000970
0.000497
0.001159
0.002270
0.003593
0.003631
0.002434
0.000803
-0.001355
-0.003749
-0.005158
-0.005323
-0.005063
-0.004264
-0.002312
0.000036
0.001824
0.003217
0.003895
0.003196
0.002101
0.001562
0.000653
-0.000762
-0.001144
-0.000524
-0.000234
0.000166
0.001476
0.002546
0.002482
0.002089
0.001674
0.000611
-0.000839
-0.001813
-0.002319
-0.002642
-0.002442
-0.001712
-0.001068
-0.000473
0.000400
0.000923
0.000693
0.000439
0.000104
-0.001041
-0.002034
-0.001777
-0.001181
-0.000738
0.000428
0.002051
0.003039
0.003512
0.003759
0.003034
0.001181
-0.000596
-0.001690
-0.002644
-0.003339
-0.003058
-0.002111
-0.001109
0.000183
0.001526
0.001963
0.001682
0.001487
0.001003
-0.000152
-0.001188
-0.001636
-0.001797
-0.001529
-0.000593
0.000518
0.001310
0.001772
0.001880
0.001582
0.001064
0.000457
-0.000382
-0.001379
-0.001919
-0.001655
-0.001048
-0.000452
0.000295
0.000987
0.001200
0.001083
0.000819
0.000242
-0.000453
-0.000892
-0.001133
-0.001177
-0.000865
-0.000437
-0.000075
0.000410
0.000880
0.000959
0.000729
0.000535
0.000456
0.000301
-0.000026
-0.000272
-0.000225
-0.000054
0.000043
0.000043
-0.000063
-0.000146
-0.000037
0.000080
-0.000044
-0.000277
-0.000434
-0.000513
-0.000461
-0.000231
0.000025
0.000118
0.000097
0.000188
0.000410
0.000484
0.000263
-0.000025
-0.000147
-0.000153
-0.000180
-0.000194
-0.000076
0.000102
0.000178
0.000246
0.000438
0.000507
0.000181
-0.000304
-0.000543
-0.000499
-0.000341
-0.000158
0.000002
0.000154
0.000342
0.000424
0.000286
0.000115
0.000036
-0.000121
-0.000426
-0.000643
-0.000597
-0.000428
-0.000279
-0.000068
0.000229
0.000487
0.000650
0.000645
0.000399
0.000108
-0.000018
-0.000080
-0.000152
-0.000111
-0.000019
-0.000028
0.000006
0.000154
0.000212
0.000196
0.000203
0.000063
-0.000183
-0.000266
-0.000319
-0.000524
-0.000594
-0.000397
-0.000230
-0.000147
0.000093
0.000398
0.000428
0.000223
0.000106
0.000123
0.000116
0.000090
0.000122
0.000188
0.000257
0.000319
0.000306
0.000136
-0.000155
-0.000375
-0.000400
-0.000325
-0.000241
-0.000150
-0.000084
0.000022
0.000186
0.000202
0.000069
0.000125
0.000332
0.000288
0.000037
-0.000111
-0.000228
-0.000403
-0.000467
-0.000500
-0.000687
-0.000747
-0.000440
-0.000078
0.000161
0.000532
0.000905
0.000841
0.000529
0.000414
0.000333
0.000104
0.000017
0.000060
-0.000100
-0.000309
-0.000266
-0.000148
-0.000093
0.000077
0.000256
0.000188
0.000105
0.000216
0.000163
-0.000132
-0.000203
-0.000131
-0.000365
-0.000606
-0.000473
-0.000333
-0.000352
-0.000152
0.000195
0.000361
0.000481
0.000527
0.000153
-0.000338
-0.000360
-0.000154
-0.000169
-0.000138
0.000149
0.000312
0.000246
0.000294
0.000372
0.000183
0.000003
0.000075
0.000040
-0.000231
-0.000370
-0.000322
-0.000258
-0.000080
0.000172
0.000248
0.000234
0.000297
0.000303
0.000210
0.000150
0.000081
-0.000069
-0.000192
-0.000242
-0.000310
-0.000374
-0.000346
-0.000315
-0.000311
-0.000083
0.000344
0.000513
0.000341
0.000184
0.000079
-0.000129
-0.000281
-0.000268
-0.000236
-0.000149
0.000099
0.000303
0.000312
0.000279
0.000260
0.000111
-0.000156
-0.000339
-0.000348
-0.000308
-0.000320
-0.000294
-0.000131
0.000135
0.000395
0.000527
0.000516
0.000473
0.000427
0.000267
0.000017
-0.000125
-0.000127
-0.000196
-0.000355
-0.000367
-0.000244
-0.000277
-0.000395
-0.000274
-0.000071
-0.000111
-0.000154
0.000068
0.000232
0.000142
0.000135
0.000281
0.000271
0.000137
0.000074
-0.000015
-0.000144
-0.000129
-0.000043
-0.000054
-0.000060
0.000017
0.000049
0.000022
0.000045
0.000106
0.000137
0.000149
0.000128
0.000019
-0.000138
-0.000226
-0.000211
-0.000154
-0.000110
-0.000095
-0.000061
0.000079
0.000241
0.000204
0.000049
0.000037
0.000020
-0.000234
-0.000470
-0.000426
-0.000290
-0.000248
-0.000188
0.000007
0.000279
0.000510
0.000626
0.000641
0.000641
0.000647
0.000575
0.000386
0.000164
-0.000002
-0.000079
-0.000048
0.000043
0.000072
-0.000005
-0.000080
-0.000098
-0.000173
-0.000383
-0.000602
-0.000681
-0.000604
-0.000456
-0.000354
-0.000348
-0.000346
-0.000289
-0.000266
-0.000289
-0.000213
-0.000010
0.000137
0.000103
-0.000039
-0.000139
-0.000094
0.000067
0.000225
0.000343
0.000473
0.000558
0.000484
0.000356
0.000357
0.000399
0.000331
0.000283
0.000397
0.000512
0.000464
0.000390
0.000405
0.000372
0.000156
-0.000189
-0.000523
-0.000750
-0.000848
-0.000823
-0.000719
-0.000644
-0.000633
-0.000602
-0.000553
-0.000547
-0.000463
-0.000188
0.000144
0.000368
0.000408
0.000256
0.000082
0.000098
0.000256
0.000404
0.000591
0.000805
0.000756
0.000402
0.000143
0.000159
0.000199
0.000168
0.000192
0.000194
-0.000080
-0.000867
-0.002078
-0.002768
-0.002024
-0.000743
-0.000522
-0.000770
0.000177
0.001651
0.001842
0.001340
0.001842
0.002621
0.001929
0.000413
-0.000067
0.000450
0.000678
0.000484
0.000600
0.001024
0.001130
0.000786
0.000525
0.000698
0.000791
0.000029
-0.001308
-0.002128
-0.002173
-0.002217
-0.002508
-0.002444
-0.001892
-0.001475
-0.001456
-0.001412
-0.001033
-0.000515
-0.000289
-0.000626
-0.001103
-0.000928
-0.000213
0.000164
0.000162
0.000542
0.001227
0.001467
0.001472
0.002040
0.002863
0.003025
0.002610
0.002319
0.002219
0.002000
0.001665
0.001291
0.000832
0.000384
0.000064
-0.000181
-0.000320
-0.000312
-0.000498
-0.001166
-0.001870
-0.002102
-0.002204
-0.002578
-0.002829
-0.002631
-0.002367
-0.002261
-0.001946
-0.001290
-0.000723
-0.000486
-0.000339
-0.000102
0.000144
0.000336
0.000509
0.000715
0.000974
0.001224
0.001438
0.001802
0.002389
0.002810
0.002731
0.002443
0.002331
0.002198
0.001663
0.000890
0.000299
-0.000126
-0.000627
-0.001130
-0.001416
-0.001471
-0.001447
-0.001486
-0.001503
-0.001245
-0.000850
-0.000838
-0.001207
-0.001397
-0.001337
-0.001404
-0.001455
-0.001027
-0.000290
0.000096
-0.000316
-0.001690
-0.003410
-0.003606
-0.001484
0.000454
0.000096
-0.000149
0.002253
0.004605
0.003971
0.003155
0.005059
0.006412
0.003886
0.000732
0.000964
0.002650
0.002316
0.000720
0.000202
0.000652
0.000729
0.000244
-0.000022
0.000215
-0.000057
-0.001921
-0.004352
-0.005137
-0.004277
-0.003858
-0.004445
-0.004648
-0.003961
-0.003128
-0.002382
-0.001486
-0.000518
0.000261
0.000291
-0.000751
-0.001444
-0.000093
0.001862
0.001708
0.000460
0.001093
0.002916
0.003287
0.002966
0.004031
0.005124
0.004099
0.002257
0.001745
0.002043
0.001828
0.001191
0.000544
-0.000117
-0.000517
-0.000534
-0.000567
-0.000529
-0.000145
-0.000251
-0.001457
-0.002455
-0.002141
-0.001726
-0.002379
-0.003122
-0.002942
-0.002451
-0.002209
-0.001782
-0.001025
-0.000457
-0.000328
-0.000394
-0.000294
0.000200
0.000813
0.000910
0.000536
0.000509
0.000965
0.001167
0.001066
0.001315
0.001725
0.001595
0.001274
0.001501
0.001838
0.001547
0.000972
0.000669
0.000446
0.000105
-0.000103
-0.000098
-0.000038
0.000025
-0.000043
-0.000327
-0.000436
-0.000226
-0.000356
-0.001054
-0.001483
-0.001299
-0.001234
-0.001526
-0.001557
-0.001271
-0.001191
-0.001202
-0.000835
-0.000274
0.000003
-0.000003
-0.000033
0.000086
0.000433
0.000780
0.000840
0.000922
0.001366
0.001663
0.001465
0.001430
0.001512
0.000030
-0.003418
-0.005806
-0.004488
-0.001747
-0.001507
-0.002608
-0.000808
0.003146
0.004458
0.003278
0.004345
0.007173
0.006227
0.001581
-0.000611
0.001146
0.002079
0.000272
-0.001064
-0.000156
0.001063
0.001030
0.000599
0.000978
0.001638
0.000767
-0.002047
-0.004501
-0.004690
-0.004087
-0.004848
-0.006173
-0.006053
-0.004564
-0.003132
-0.002233
-0.001232
0.000373
0.001756
0.001357
-0.000256
-0.000311
0.001412
0.001673
-0.000155
-0.000585
0.001402
0.002695
0.002469
0.003366
0.005438
0.005817
0.004350
0.003465
0.003556
0.003222
0.002126
0.000660
-0.000833
-0.001486
-0.001051
-0.000769
-0.001057
-0.000800
-0.000266
-0.001109
-0.002752
-0.002970
-0.002157
-0.002621
-0.004140
-0.004569
-0.003751
-0.003091
-0.002710
-0.001824
-0.000618
0.000137
0.000393
0.000760
0.001608
0.002451
0.002405
0.001560
0.001097
0.001433
0.001584
0.001138
0.001072
0.001699
0.001969
0.001624
0.001689
0.002300
0.002294
0.001334
0.000413
0.000073
-0.000198
-0.000777
-0.001361
-0.001559
-0.001385
-0.001232
-0.001312
-0.001192
-0.000608
-0.000325
-0.000939
-0.001593
-0.001411
-0.001066
-0.001380
-0.001733
-0.001361
-0.000721
-0.000386
-0.000073
0.000499
0.001071
0.001384
0.001420
0.001271
0.001139
0.001068
0.000798
0.000415
0.000483
0.000946
0.001014
0.000627
0.000650
0.001265
0.001560
0.000813
-0.000969
-0.003459
-0.005666
-0.005999
-0.004367
-0.003001
-0.003089
-0.002500
0.000456
0.003548
0.004464
0.004981
0.006893
0.007601
0.004848
0.001647
0.001349
0.002099
0.000898
-0.001057
-0.001154
0.000196
0.001022
0.001025
0.001174
0.001573
0.001145
-0.000750
-0.003049
-0.004194
-0.004386
-0.005076
-0.006381
-0.006857
-0.005817
-0.004129
-0.002695
-0.001510
-0.000222
0.001037
0.001489
0.000871
0.000409
0.001049
0.001488
0.000454
-0.000381
0.000901
0.002838
0.003366
0.003540
0.004776
0.005728
0.005138
0.004237
0.004049
0.003638
0.002291
0.000671
-0.000582
-0.001357
-0.001607
-0.001610
-0.001734
-0.001678
-0.001260
-0.001280
-0.002108
-0.002749
-0.002686
-0.002869
-0.003826
-0.004647
-0.004541
-0.003868
-0.003167
-0.002344
-0.001177
0.000097
0.001094
0.001816
0.002515
0.003164
0.003330
0.002740
0.001888
0.001540
0.001691
0.001705
0.001437
0.001388
0.001664
0.001776
0.001654
0.001696
0.001751
0.001278
0.000430
-0.000125
-0.000340
-0.000769
-0.001588
-0.002329
-0.002539
-0.002308
-0.002054
-0.001897
-0.001607
-0.001174
-0.000925
-0.000901
-0.000708
-0.000316
-0.000247
-0.000569
-0.000658
-0.000306
0.000089
0.000417
0.000857
0.001294
0.001532
0.001631
0.001662
0.001554
0.001322
0.001068
0.000761
0.000366
0.000123
0.000156
0.000090
-0.000231
-0.000265
0.000209
0.000541
0.000349
-0.000214
-0.001707
-0.004629
-0.007074
-0.006401
-0.003820
-0.002994
-0.003540
-0.001587
0.002711
0.005066
0.004956
0.006071
0.008414
0.007857
0.004164
0.001853
0.002450
0.002632
0.000618
-0.001204
-0.000760
0.000689
0.001109
0.000742
0.000988
0.001477
0.000397
-0.002333
-0.004575
-0.005181
-0.005341
-0.006182
-0.007151
-0.007135
-0.005773
-0.003788
-0.002364
-0.001497
-0.000004
0.001762
0.001876
0.000799
0.001207
0.002803
0.002603
0.000848
0.000663
0.002142
0.002800
0.002728
0.003796
0.005446
0.005857
0.005224
0.004652
0.004084
0.003104
0.001702
-0.000090
-0.001742
-0.002384
-0.002305
-0.002509
-0.002743
-0.002220
-0.001599
-0.001929
-0.002658
-0.002658
-0.002244
-0.002608
-0.003824
-0.004664
-0.004336
-0.003450
-0.002800
-0.002039
-0.000572
0.000998
0.001777
0.002221
0.003143
0.003922
0.003545
0.002533
0.002089
0.002198
0.002030
0.001511
0.001299
0.001565
0.001763
0.001589
0.001436
0.001616
0.001679
0.001038
-0.000079
-0.000925
-0.001309
-0.001708
-0.002306
-0.002627
-0.002429
-0.002213
-0.002304
-0.002193
-0.001541
-0.000937
-0.000862
-0.000871
-0.000541
-0.000248
-0.000400
-0.000702
-0.000617
-0.000051
0.000600
0.000974
0.001228
0.001684
0.002092
0.001976
0.001593
0.001588
0.001821
0.001597
0.000943
0.000495
0.000343
0.000079
-0.000292
-0.000443
-0.000349
-0.000206
-0.000113
-0.000223
-0.000974
-0.002830
-0.005378
-0.006888
-0.005992
-0.003887
-0.002973
-0.002906
-0.001023
0.002633
0.004970
0.005456
0.006702
0.008562
0.007815
0.004556
0.002605
0.002971
0.002729
0.000707
-0.000875
-0.000594
0.000292
0.000373
0.000038
0.000255
0.000562
-0.000454
-0.002729
-0.004517
-0.005086
-0.005549
-0.006497
-0.007103
-0.006726
-0.005512
-0.003841
-0.002233
-0.000867
0.000649
0.001993
0.002086
0.001395
0.001743
0.002850
0.002534
0.001039
0.000869
0.002198
0.003010
0.003150
0.003980
0.005170
0.005409
0.004877
0.004465
0.004080
0.003204
0.001731
-0.000159
-0.001913
-0.002857
-0.003070
-0.003182
-0.003255
-0.002939
-0.002478
-0.002380
-0.002450
-0.002295
-0.002237
-0.002834
-0.003862
-0.004434
-0.004081
-0.003242
-0.002490
-0.001714
-0.000515
0.000965
0.002256
0.003250
0.004061
0.004492
0.004273
0.003619
0.003007
0.002540
0.001971
0.001324
0.000994
0.001126
0.001420
0.001590
0.001576
0.001352
0.000877
0.000192
-0.000551
-0.001203
-0.001786
-0.002417
-0.003046
-0.003421
-0.003368
-0.002988
-0.002500
-0.001988
-0.001463
-0.001038
-0.000769
-0.000551
-0.000312
-0.000114
-0.000036
-0.000065
-0.000019
0.000293
0.000834
0.001431
0.001998
0.002514
0.002866
0.002920
0.002730
0.002441
0.002052
0.001528
0.000903
0.000189
-0.000487
-0.000816
-0.000757
-0.000699
-0.000814
-0.000741
-0.000377
-0.000306
-0.000809
-0.001287
-0.001345
-0.001489
-0.002214
-0.003538
-0.005519
-0.007572
-0.007667
-0.004906
-0.002002
-0.001323
-0.000425
0.003298
0.006885
0.007130
0.006892
0.008995
0.009852
0.006353
0.002472
0.002326
0.003338
0.001951
-0.000154
-0.000138
0.001063
0.001268
0.000683
0.000661
0.000905
-0.000215
-0.002930
-0.005404
-0.006394
-0.006795
-0.007649
-0.008540
-0.008677
-0.007713
-0.005583
-0.003052
-0.001253
0.000062
0.001564
0.002232
0.001420
0.001165
0.002672
0.003517
0.002165
0.001168
0.002425
0.004030
0.004507
0.005158
0.006478
0.006911
0.006030
0.005121
0.004615
0.003694
0.001979
-0.000063
-0.001787
-0.002767
-0.003046
-0.003072
-0.003116
-0.003075
-0.002925
-0.002936
-0.003168
-0.003283
-0.003240
-0.003576
-0.004522
-0.005372
-0.005368
-0.004768
-0.004204
-0.003371
-0.001662
0.000314
0.001602
0.002691
0.004389
0.005826
0.005788
0.004892
0.004357
0.004088
0.003576
0.003092
0.002887
0.002698
0.002415
0.002193
0.002045
0.001877
0.001509
0.000648
-0.000647
-0.001814
-0.002572
-0.003267
-0.004069
-0.004597
-0.004687
-0.004604
-0.004307
-0.003465
-0.002245
-0.001259
-0.000782
-0.000572
-0.000345
-0.000057
0.000142
0.000121
0.000014
0.000119
0.000501
0.001012
0.001646
0.002449
0.003182
0.003551
0.003682
0.003803
0.003716
0.003169
0.002347
0.001523
0.000691
-0.000118
-0.000680
-0.000980
-0.001276
-0.001636
-0.001861
-0.001839
-0.001733
-0.001737
-0.001830
-0.001972
-0.002229
-0.002445
-0.002334
-0.002148
-0.002912
-0.005290
-0.007680
-0.006978
-0.003167
-0.000525
-0.000901
-0.000069
0.004427
0.008048
0.007762
0.007756
0.010397
0.010838
0.006706
0.003231
0.003688
0.004328
0.002239
-0.000157
-0.000461
0.000180
0.000031
-0.000623
-0.000726
-0.000652
-0.001865
-0.004416
-0.006527
-0.007353
-0.007854
-0.008512
-0.008871
-0.008890
-0.008211
-0.005935
-0.002934
-0.001166
-0.000179
0.001520
0.002906
0.002756
0.002783
0.004205
0.004974
0.003892
0.003014
0.003700
0.004840
0.005717
0.006563
0.006941
0.006557
0.006110
0.005715
0.004573
0.002763
0.001133
-0.000441
-0.002546
-0.004470
-0.004967
-0.004415
-0.004343
-0.004968
-0.005060
-0.004315
-0.003861
-0.004123
-0.004258
-0.004034
-0.004230
-0.004860
-0.004862
-0.003844
-0.002559
-0.001591
-0.000778
0.000362
0.002259
0.004618
0.006240
0.006494
0.006199
0.006122
0.005876
0.005097
0.004296
0.003802
0.003160
0.002166
0.001464
0.001549
0.001907
0.001644
0.000592
-0.000676
-0.001797
-0.002958
-0.004220
-0.005192
-0.005622
-0.005761
-0.005866
-0.005717
-0.004937
-0.003676
-0.002495
-0.001628
-0.000871
-0.000084
0.000603
0.001021
0.001247
0.001508
0.001796
0.001969
0.002169
0.002661
0.003327
0.003790
0.004016
0.004298
0.004565
0.004341
0.003532
0.002594
0.001820
0.001008
-0.000045
-0.001163
-0.002035
-0.002550
-0.002800
-0.002963
-0.003175
-0.003386
-0.003460
-0.003398
-0.003294
-0.003125
-0.002815
-0.002434
-0.002062
-0.001562
-0.000871
-0.000685
-0.002351
-0.005586
-0.006802
-0.003370
0.001015
0.001304
0.000179
0.003525
0.009056
0.010414
0.009268
0.011026
0.013131
0.010098
0.004732
0.003054
0.003869
0.002485
-0.000810
-0.002709
-0.002670
-0.002372
-0.002526
-0.002767
-0.003091
-0.004039
-0.005764
-0.007667
-0.009172
-0.010029
-0.009955
-0.009425
-0.009607
-0.009612
-0.006878
-0.002194
0.000564
0.001101
0.002773
0.005583
0.006376
0.005525
0.006116
0.007731
0.007544
0.005797
0.005015
0.005799
0.006821
0.007114
0.006631
0.005891
0.005481
0.005181
0.004120
0.002221
0.000324
-0.001454
-0.003871
-0.006588
-0.007921
-0.007408
-0.006830
-0.007416
-0.007864
-0.006816
-0.005313
-0.004790
-0.004721
-0.004233
-0.003843
-0.003954
-0.003771
-0.002695
-0.001140
0.000286
0.001370
0.002366
0.003753
0.005463
0.006791
0.007468
0.007794
0.007742
0.007255
0.006705
0.006095
0.005158
0.004238
0.003523
0.002469
0.001158
0.000398
-0.000039
-0.001215
-0.003032
-0.004462
-0.005357
-0.006257
-0.007107
-0.007547
-0.007649
-0.007539
-0.006994
-0.005876
-0.004375
-0.002741
-0.001212
-0.000007
0.000981
0.002034
0.002968
0.003324
0.003267
0.003378
0.003692
0.003896
0.004076
0.004413
0.004682
0.004710
0.004657
0.004478
0.003894
0.002976
0.001960
0.000800
-0.000456
-0.001459
-0.002170
-0.002909
-0.003641
-0.004047
-0.004168
-0.004223
-0.004169
-0.003932
-0.003625
-0.003315
-0.002928
-0.002435
-0.001862
-0.001178
-0.000454
0.000116
0.000569
0.001211
0.002054
0.002054
-0.000393
-0.004351
-0.005093
-0.000589
0.003278
0.001675
0.000177
0.004787
0.010097
0.009525
0.007712
0.010178
0.011752
0.007074
0.001177
-0.000056
0.000716
-0.000994
-0.004264
-0.006079
-0.005887
-0.004956
-0.004235
-0.003858
-0.003861
-0.004443
-0.005497
-0.006793
-0.008199
-0.008746
-0.007460
-0.006077
-0.006801
-0.007079
-0.003102
0.002451
0.004428
0.004401
0.006722
0.009579
0.009106
0.007291
0.007687
0.008621
0.007034
0.004123
0.002815
0.003485
0.004507
0.004583
0.003658
0.002659
0.002253
0.001802
0.000267
-0.002067
-0.003954
-0.005311
-0.007280
-0.009543
-0.009988
-0.008322
-0.007042
-0.007224
-0.006804
-0.004636
-0.002489
-0.001662
-0.001268
-0.000655
-0.000342
-0.000365
-0.000007
0.001070
0.002618
0.004105
0.004928
0.005168
0.005757
0.007115
0.008276
0.008222
0.007364
0.006602
0.005694
0.004059
0.002381
0.001543
0.000846
-0.000771
-0.002672
-0.003559
-0.003578
-0.003888
-0.004945
-0.006198
-0.006954
-0.007161
-0.007345
-0.007626
-0.007330
-0.006172
-0.004862
-0.003743
-0.002083
0.000372
0.002572
0.003719
0.004325
0.005061
0.005736
0.005883
0.005510
0.005003
0.004626
0.004267
0.003767
0.003322
0.003169
0.003012
0.002358
0.001376
0.000725
0.000444
-0.000175
-0.001415
-0.002676
-0.003487
-0.004099
-0.004747
-0.005155
-0.005072
-0.004686
-0.004259
-0.003790
-0.003126
-0.002234
-0.001369
-0.000851
-0.000566
-0.000033
0.000875
0.001643
0.001883
0.001988
0.002568
0.003488
0.003620
0.001507
-0.002500
-0.004610
-0.001724
0.002454
0.002085
-0.000251
0.002320
0.007751
0.008711
0.006538
0.007466
0.009370
0.006201
0.000216
-0.002316
-0.001753
-0.002411
-0.004836
-0.006615
-0.006601
-0.005327
-0.003760
-0.002783
-0.002779
-0.003420
-0.004172
-0.005087
-0.006459
-0.007292
-0.006025
-0.003971
-0.004192
-0.005258
-0.002367
0.003616
0.006733
0.006327
0.007141
0.009521
0.009487
0.007158
0.006151
0.006498
0.005391
0.002752
0.000941
0.000961
0.001939
0.002662
0.002316
0.001041
-0.000033
-0.000359
-0.001074
-0.003197
-0.005620
-0.006820
-0.007469
-0.008712
-0.009225
-0.007372
-0.004698
-0.003638
-0.003581
-0.002527
-0.000632
0.000620
0.000909
0.000881
0.000967
0.001292
0.001771
0.002305
0.003243
0.004823
0.006240
0.006573
0.006285
0.006512
0.007137
0.006780
0.004866
0.002633
0.001213
0.000059
-0.001373
-0.002270
-0.002241
-0.002356
-0.003214
-0.003966
-0.003984
-0.003849
-0.004316
-0.005364
-0.006283
-0.006422
-0.005996
-0.005649
-0.005238
-0.004046
-0.002083
-0.000081
0.001650
0.003410
0.005156
0.006219
0.006242
0.005786
0.005558
0.005393
0.004634
0.003349
0.002379
0.002068
0.001856
0.001375
0.001014
0.001015
0.000796
-0.000206
-0.001527
-0.002337
-0.002819
-0.003712
-0.004785
-0.005099
-0.004536
-0.003863
-0.003452
-0.002909
-0.001968
-0.001018
-0.000528
-0.000310
0.000172
0.000831
0.001004
0.000669
0.000705
0.001472
0.002244
0.002567
0.003000
0.003627
0.002561
-0.001868
-0.006574
-0.005718
-0.000312
0.001476
-0.001772
-0.001505
0.004817
0.008844
0.007407
0.007323
0.010261
0.009375
0.003427
-0.000887
-0.001016
-0.000850
-0.002752
-0.005441
-0.007140
-0.006748
-0.004428
-0.002227
-0.002087
-0.003347
-0.003992
-0.004081
-0.005537
-0.007898
-0.007785
-0.004966
-0.004001
-0.005857
-0.004830
0.001265
0.006474
0.007107
0.007099
0.009081
0.009943
0.008142
0.006567
0.006505
0.005869
0.003684
0.001390
0.000413
0.001054
0.002518
0.003064
0.001634
-0.000430
-0.001052
-0.000806
-0.002155
-0.005087
-0.006961
-0.007310
-0.008374
-0.009947
-0.009032
-0.005660
-0.003337
-0.003149
-0.002740
-0.000905
0.001147
0.002292
0.002358
0.001667
0.001132
0.001477
0.002303
0.003252
0.004852
0.006828
0.007643
0.006971
0.006493
0.007156
0.007440
0.005578
0.002267
-0.000420
-0.001911
-0.003131
-0.004384
-0.005096
-0.005172
-0.005151
-0.005201
-0.004854
-0.003823
-0.002790
-0.002948
-0.004292
-0.005163
-0.004550
-0.003484
-0.002978
-0.002366
-0.000820
0.001162
0.002779
0.004177
0.005787
0.007174
0.007414
0.006362
0.004933
0.003986
0.003337
0.002241
0.000707
-0.000330
-0.000435
-0.000369
-0.000722
-0.000998
-0.000879
-0.001059
-0.001977
-0.002929
-0.003236
-0.003285
-0.003713
-0.004292
-0.004237
-0.003275
-0.001957
-0.000895
-0.000029
0.000973
0.001903
0.002276
0.002152
0.002018
0.001962
0.001628
0.000997
0.000573
0.000673
0.001061
0.001325
0.001348
0.001333
0.001488
0.001715
0.001660
0.000726
-0.002262
-0.007524
-0.011265
-0.008817
-0.003026
-0.001392
-0.002961
0.000081
0.007145
0.010201
0.009021
0.009937
0.011950
0.009084
0.002773
-0.000790
-0.000834
-0.000763
-0.001986
-0.003735
-0.004786
-0.003967
-0.001665
-0.000215
-0.001096
-0.003048
-0.004424
-0.005917
-0.008700
-0.010919
-0.009750
-0.006849
-0.006331
-0.006857
-0.003274
0.003579
0.007748
0.008260
0.008992
0.010297
0.009471
0.007119
0.005906
0.005623
0.004571
0.002849
0.001414
0.000887
0.001920
0.004004
0.004730
0.002735
0.000068
-0.000961
-0.001678
-0.004401
-0.007736
-0.008968
-0.009091
-0.010327
-0.011037
-0.008558
-0.004543
-0.002298
-0.001654
-0.000651
0.000822
0.001928
0.002468
0.002317
0.001688
0.001629
0.002514
0.003516
0.004610
0.006603
0.008729
0.009111
0.007884
0.007086
0.007177
0.006180
0.003027
-0.000601
-0.002972
-0.004551
-0.006142
-0.007104
-0.007009
-0.006788
-0.006835
-0.006302
-0.005092
-0.004108
-0.003563
-0.003258
-0.003413
-0.003557
-0.002527
-0.000549
0.000945
0.001832
0.003184
0.004977
0.006274
0.006943
0.007317
0.007123
0.006029
0.004413
0.002885
0.001671
0.000742
-0.000068
-0.000980
-0.001739
-0.001843
-0.001629
-0.001912
-0.002530
-0.002834
-0.003173
-0.004064
-0.004763
-0.004476
-0.003757
-0.003275
-0.002727
-0.001755
-0.000451
0.001026
0.002276
0.002840
0.002984
0.003248
0.003350
0.002734
0.001823
0.001384
0.001262
0.001002
0.000902
0.001322
0.001827
0.001887
0.001657
0.001446
0.001113
0.000054
-0.003112
-0.009217
-0.014682
-0.013348
-0.006400
-0.002670
-0.003893
-0.001512
0.006778
0.012388
0.012060
0.012287
0.014610
0.012690
0.005516
-0.000346
-0.001496
-0.000759
-0.001275
-0.003236
-0.004625
-0.003426
-0.000382
0.001300
-0.000150
-0.003163
-0.005644
-0.007908
-0.011220
-0.014181
-0.013523
-0.009777
-0.007606
-0.007538
-0.004103
0.003926
0.010186
0.011278
0.011037
0.011836
0.011207
0.008403
0.006096
0.005277
0.004496
0.003218
0.002096
0.001733
0.002870
0.005334
0.006522
0.004073
-0.000257
-0.002910
-0.004148
-0.006971
-0.010977
-0.012792
-0.012307
-0.012277
-0.012202
-0.009192
-0.004134
-0.000736
0.000292
0.000958
0.001965
0.002822
0.003502
0.003732
0.003204
0.002945
0.004006
0.005725
0.007335
0.009268
0.011248
0.011469
0.009219
0.006392
0.004752
0.003215
-0.000098
-0.004383
-0.007260
-0.008254
-0.008594
-0.008595
-0.007738
-0.006529
-0.006032
-0.006115
-0.005769
-0.004648
-0.003467
-0.003234
-0.004024
-0.004504
-0.003470
-0.001429
0.000661
0.003138
0.006422
0.009469
0.011147
0.011832
0.012301
0.012196
0.010559
0.007339
0.003668
0.000681
-0.001480
-0.003190
-0.004447
-0.005080
-0.005434
-0.005981
-0.006480
-0.006392
-0.005966
-0.006067
-0.006833
-0.007347
-0.006817
-0.005353
-0.003496
-0.001590
0.000334
0.002332
0.004290
0.005906
0.006970
0.007484
0.007339
0.006327
0.004735
0.003381
0.002726
0.002385
0.001763
0.000890
0.000353
0.000430
0.000610
0.000187
-0.000998
-0.002553
-0.003972
-0.004982
-0.005533
-0.005589
-0.005087
-0.004022
-0.002821
-0.002931
-0.005774
-0.009436
-0.008741
-0.002648
0.002272
0.001904
0.001794
0.006722
0.011891
0.012604
0.012439
0.014293
0.014097
0.009411
0.004156
0.001639
0.000866
-0.000274
-0.003019
-0.006690
-0.008429
-0.007008
-0.005326
-0.006181
-0.008317
-0.009341
-0.009629
-0.010740
-0.011944
-0.010747
-0.006899
-0.003733
-0.003068
-0.001472
0.003950
0.009888
0.012188
0.012157
0.012650
0.012909
0.011425
0.009367
0.008104
0.007079
0.005514
0.003399
0.001187
0.000023
0.000464
0.000623
-0.001830
-0.005930
-0.008561
-0.009241
-0.010376
-0.012498
-0.013289
-0.012041
-0.010759
-0.009869
-0.007260
-0.002595
0.001583
0.003737
0.004749
0.005665
0.006750
0.007918
0.008458
0.007812
0.007010
0.007241
0.007801
0.007743
0.007718
0.008052
0.007268
0.004452
0.001059
-0.001215
-0.002810
-0.005095
-0.007963
-0.010108
-0.010906
-0.010757
-0.010038
-0.008703
-0.006913
-0.005332
-0.004364
-0.003542
-0.002082
0.000046
0.001848
0.002466
0.002449
0.003087
0.004714
0.006554
0.007971
0.008979
0.009413
0.008674
0.007049
0.005954
0.005638
0.004466
0.001717
-0.001077
-0.002596
-0.003370
-0.004303
-0.005419
-0.006404
-0.007164
-0.007735
-0.008065
-0.007816
-0.006784
-0.005543
-0.004745
-0.003940
-0.002224
0.000276
0.002576
0.004154
0.005257
0.006134
0.006654
0.006744
0.006556
0.006093
0.005235
0.004082
0.002935
0.002101
0.001668
0.001253
0.000283
-0.001209
-0.002573
-0.003499
-0.004281
-0.005044
-0.005557
-0.005696
-0.005427
-0.004693
-0.003618
-0.002423
-0.001168
-0.000015
0.000698
0.000892
0.000410
-0.001554
-0.004627
-0.005494
-0.001872
0.002827
0.004367
0.004949
0.008636
0.013164
0.013993
0.012172
0.010800
0.008705
0.004007
-0.001315
-0.004659
-0.005962
-0.006382
-0.007050
-0.008188
-0.008343
-0.006523
-0.004482
-0.004438
-0.005832
-0.006786
-0.007213
-0.008100
-0.009047
-0.008297
-0.005012
-0.000850
0.002120
0.004739
0.009001
0.013709
0.015787
0.014905
0.013083
0.011044
0.008175
0.004850
0.002161
0.000383
-0.000898
-0.002167
-0.003537
-0.004309
-0.003888
-0.003286
-0.004263
-0.006773
-0.008838
-0.009498
-0.009868
-0.010420
-0.009787
-0.007404
-0.004668
-0.002373
0.000457
0.004196
0.007434
0.008960
0.008972
0.008224
0.007403
0.006819
0.006049
0.004781
0.003776
0.003721
0.003940
0.003548
0.002820
0.002166
0.000993
-0.001221
-0.003854
-0.005992
-0.007494
-0.008694
-0.009587
-0.009700
-0.008665
-0.006752
-0.004643
-0.002651
-0.000637
0.001206
0.002233
0.002320
0.002349
0.003163
0.004330
0.004795
0.004614
0.004831
0.005695
0.006291
0.006089
0.005678
0.005408
0.004503
0.002526
0.000451
-0.000880
-0.002015
-0.003663
-0.005388
-0.006345
-0.006450
-0.006192
-0.005886
-0.005472
-0.004843
-0.004207
-0.003830
-0.003400
-0.002347
-0.000859
0.000271
0.000922
0.001888
0.003604
0.005423
0.006490
0.006763
0.006819
0.006845
0.006274
0.004740
0.002885
0.001493
0.000362
-0.001037
-0.002369
-0.002936
-0.002932
-0.003202
-0.003906
-0.004315
-0.004038
-0.003707
-0.003959
-0.004354
-0.004111
-0.003347
-0.002612
-0.001784
-0.000414
0.001341
0.002915
0.003980
0.004512
0.004646
0.004562
0.004256
0.003621
0.002775
0.002030
0.001566
0.001300
0.000861
-0.000340
-0.002495
-0.004545
-0.004895
-0.003750
-0.003075
-0.003289
-0.002634
-0.000647
0.001005
0.001693
0.002448
0.003288
0.003111
0.001927
0.000790
0.000273
0.000298
0.000412
0.000053
-0.000517
-0.000278
0.000822
0.001458
0.000889
-0.000088
-0.000791
-0.001671
-0.002982
-0.003858
-0.003555
-0.002755
-0.002560
-0.002577
-0.001508
0.000581
0.002298
0.002936
0.002941
0.002790
0.002541
0.002198
0.001810
0.001410
0.001092
0.000815
0.000400
0.000125
0.000527
0.001295
0.001353
0.000381
-0.000641
-0.000997
-0.001288
-0.002072
-0.002743
-0.002725
-0.002453
-0.002329
-0.001966
-0.001107
-0.000274
0.000015
-0.000095
-0.000180
0.000023
0.000482
0.000821
0.000787
0.000754
0.001101
0.001500
0.001527
0.001415
0.001461
0.001193
0.000084
-0.001024
-0.000602
0.001007
0.001695
0.001029
0.000876
0.001817
0.002286
0.001653
0.000842
0.000072
-0.001237
-0.002838
-0.003826
-0.003833
-0.003237
-0.002745
-0.002623
-0.002214
-0.000945
0.000574
0.001298
0.001133
0.000833
0.000775
0.000604
0.000254
0.000297
0.000840
0.001253
0.001378
0.001788
0.002593
0.003096
0.002787
0.001869
0.000773
-0.000267
-0.001175
-0.001796
-0.001848
-0.001402
-0.001030
-0.000969
-0.000798
-0.000289
0.000196
0.000135
-0.001227
-0.004907
-0.009968
-0.011939
-0.007885
-0.002107
-0.000124
0.000554
0.005131
0.011296
0.013757
0.013534
0.013771
0.012604
0.007753
0.001811
-0.001831
-0.002856
-0.002839
-0.003754
-0.005962
-0.006942
-0.005044
-0.002877
-0.003453
-0.005750
-0.007455
-0.008768
-0.010472
-0.011345
-0.009697
-0.005827
-0.002062
0.000199
0.002870
0.007871
0.012917
0.014558
0.013200
0.011384
0.009602
0.007059
0.004403
0.002914
0.002358
0.001475
-0.000203
-0.001686
-0.001761
-0.001007
-0.001589
-0.004522
-0.008204
-0.010316
-0.010667
-0.010844
-0.011000
-0.009553
-0.006559
-0.003924
-0.001713
0.001883
0.006374
0.008843
0.008457
0.007167
0.006225
0.005463
0.004836
0.004329
0.003753
0.003452
0.003693
0.003899
0.003777
0.003784
0.003443
0.001386
-0.002049
-0.004756
-0.005960
-0.006938
-0.008413
-0.009414
-0.008949
-0.007243
-0.005046
-0.002762
-0.000633
0.000946
0.001674
0.001666
0.001503
0.001846
0.002667
0.003167
0.003060
0.003266
0.004436
0.005783
0.006308
0.006051
0.005337
0.004013
0.002100
0.000149
-0.001406
-0.002643
-0.003863
-0.005067
-0.005729
-0.005320
-0.004158
-0.003207
-0.002876
-0.002700
-0.002310
-0.001952
-0.001894
-0.001874
-0.001460
-0.000625
0.000384
0.001448
0.002617
0.003940
0.005135
0.005585
0.005141
0.004511
0.004104
0.003339
0.001932
0.000598
-0.000237
-0.000959
-0.001724
-0.002184
-0.002254
-0.002247
-0.002461
-0.002954
-0.003434
-0.003625
-0.003750
-0.003923
-0.003545
-0.002252
-0.000631
0.000753
0.002029
0.003276
0.004112
0.004284
0.004012
0.003550
0.002842
0.001826
0.000729
-0.000162
-0.000719
-0.000889
-0.000781
-0.000702
-0.000803
-0.000961
-0.001217
-0.001780
-0.002432
-0.002761
-0.002928
-0.003053
-0.002371
-0.000586
0.001047
0.001692
0.002242
0.003294
0.003933
0.003505
0.002585
0.001763
0.000974
0.000086
-0.000785
-0.001315
-0.001161
-0.000520
-0.000013
0.000183
0.000253
0.000044
-0.000638
-0.001468
-0.002081
-0.002584
-0.002992
-0.002940
-0.002391
-0.001680
-0.000817
0.000222
0.001058
0.001589
0.002144
0.002608
0.002476
0.001831
0.001258
0.000957
0.000787
0.000758
0.000887
0.001053
0.001263
0.001465
0.001318
0.000734
0.000086
-0.000520
-0.001354
-0.002217
-0.002517
-0.002354
-0.002335
-0.002332
-0.001801
-0.000975
-0.000503
-0.000398
-0.000249
0.000015
0.000221
0.000385
0.000617
0.000893
0.001106
0.001204
0.001272
0.001475
0.001774
0.001803
0.001354
0.000705
0.000143
-0.000439
-0.001067
-0.001330
-0.000989
-0.000513
-0.000454
-0.000699
-0.000772
-0.000532
-0.000255
-0.000184
-0.000194
-0.000007
0.000278
0.000302
0.000126
0.000149
0.000396
0.000547
0.000504
0.000447
0.000450
0.000366
0.000127
-0.000075
-0.000047
0.000100
0.000062
-0.000239
-0.000533
-0.000638
-0.000717
-0.000890
-0.001035
-0.001064
-0.001009
-0.000864
-0.000559
-0.000043
0.000638
0.001332
0.001868
0.002146
0.002154
0.001874
0.001332
0.000755
0.000382
0.000126
-0.000244
-0.000718
-0.001039
-0.001002
-0.000746
-0.000712
-0.001099
-0.001548
-0.001698
-0.001684
-0.001706
-0.001569
-0.001081
-0.000462
0.000034
0.000482
0.001014
0.001554
0.001945
0.002091
0.001953
0.001586
0.001122
0.000692
0.000375
0.000136
-0.000091
-0.000191
0.000046
0.000512
0.000760
0.000362
-0.001384
-0.005230
-0.009329
-0.009113
-0.004048
-0.000215
-0.000623
0.000041
0.005090
0.009698
0.010380
0.010119
0.010320
0.008060
0.003080
-0.001162
-0.002745
-0.002412
-0.002152
-0.003819
-0.006154
-0.005749
-0.002901
-0.001677
-0.003374
-0.005276
-0.006070
-0.007122
-0.008294
-0.007373
-0.004040
-0.000875
0.000351
0.001390
0.004685
0.009051
0.011218
0.010552
0.008933
0.007381
0.005471
0.003128
0.001339
0.000828
0.000789
-0.000055
-0.001402
-0.001713
-0.000790
-0.000485
-0.002178
-0.005001
-0.007153
-0.007918
-0.008005
-0.007975
-0.007046
-0.004771
-0.002469
-0.000902
0.001211
0.004317
0.006441
0.006212
0.004877
0.004029
0.003698
0.003339
0.002779
0.002105
0.001717
0.001912
0.002279
0.002330
0.002164
0.001726
0.000335
-0.002068
-0.004179
-0.004991
-0.005155
-0.005513
-0.005618
-0.004816
-0.003378
-0.001757
0.000020
0.001717
0.002705
0.002752
0.002281
0.001881
0.001925
0.002203
0.002032
0.001364
0.001051
0.001428
0.001795
0.001756
0.001663
0.001479
0.000649
-0.000751
-0.001984
-0.002673
-0.003035
-0.003343
-0.003574
-0.003392
-0.002464
-0.000971
0.000368
0.001082
0.001443
0.001769
0.001822
0.001490
0.001280
0.001449
0.001495
0.001106
0.000783
0.000977
0.001347
0.001337
0.000899
0.000319
-0.000265
-0.000923
-0.001696
-0.002430
-0.002880
-0.003016
-0.002971
-0.002590
-0.001633
-0.000442
0.000353
0.000717
0.001141
0.001771
0.002143
0.002009
0.001802
0.001875
0.001933
0.001667
0.001343
0.001305
0.001354
0.001055
0.000412
-0.000205
-0.000630
-0.001064
-0.001675
-0.002319
-0.002789
-0.003025
-0.002976
-0.002623
-0.002124
-0.001582
-0.000975
-0.000398
0.000039
0.000478
0.001049
0.001526
0.001730
0.001908
0.002227
0.002454
0.002470
0.002473
0.002502
0.002352
0.002005
0.001586
0.000942
-0.000093
-0.001157
-0.001786
-0.002077
-0.002355
-0.002641
-0.002822
-0.002878
-0.002748
-0.002361
-0.001876
-0.001478
-0.001071
-0.000499
0.000128
0.000622
0.001020
0.001449
0.001917
0.002363
0.002661
0.002641
0.002374
0.002130
0.001898
0.001488
0.001038
0.000737
0.000333
-0.000389
-0.001076
-0.001417
-0.001637
-0.001943
-0.002175
-0.002200
-0.002134
-0.002065
-0.001880
-0.001463
-0.000913
-0.000391
0.000100
0.000559
0.000868
0.000986
0.001035
0.001218
0.001598
0.001899
0.001824
0.001531
0.001389
0.001378
0.001170
0.000671
0.000116
-0.000282
-0.000552
-0.000846
-0.001169
-0.001339
-0.001305
-0.001290
-0.001448
-0.001608
-0.001520
-0.001192
-0.000902
-0.000765
-0.000473
0.000165
0.000803
0.001122
0.001334
0.001659
0.001808
0.001536
0.001173
0.001028
0.000932
0.000657
0.000200
-0.000350
-0.000874
-0.001293
-0.001510
-0.001271
-0.000632
-0.000205
-0.000223
-0.000126
0.000335
0.000638
0.000472
0.000134
-0.000139
-0.000396
-0.000614
-0.000709
-0.000633
-0.000255
0.000344
0.000743
0.000869
0.001127
0.001486
0.001433
0.000898
0.000240
-0.000391
-0.000874
-0.001022
-0.001081
-0.001303
-0.001218
-0.000514
0.000091
0.000086
0.000091
0.000470
0.000501
-0.000176
-0.000801
-0.000865
-0.000866
-0.001140
-0.001162
-0.000489
0.000442
0.000914
0.000938
0.001138
0.001632
0.001728
0.001144
0.000673
0.000863
0.001044
0.000641
0.000178
0.000098
-0.000021
-0.000399
-0.000553
-0.000263
-0.000021
-0.000280
-0.000868
-0.001260
-0.001270
-0.001257
-0.001503
-0.001679
-0.001341
-0.000658
-0.000102
0.000304
0.000781
0.001136
0.001024
0.000681
0.000579
0.000588
0.000345
0.000073
0.000155
0.000402
0.000480
0.000529
0.000768
0.000990
0.000863
0.000379
-0.000170
-0.000488
-0.000632
-0.000963
-0.001443
-0.001483
-0.000910
-0.000261
0.000145
0.000486
0.000718
0.000579
0.000165
-0.000209
-0.000409
-0.000349
-0.000087
0.000026
-0.000032
0.000229
0.000808
0.001058
0.000794
0.000498
0.000390
0.000187
-0.000196
-0.000446
-0.000407
-0.000304
-0.000410
-0.000655
-0.000694
-0.000459
-0.000330
-0.000476
-0.000495
-0.000069
0.000403
0.000356
-0.000034
-0.000200
-0.000063
0.000080
0.000153
0.000303
0.000545
0.000671
0.000521
0.000228
0.000079
0.000132
0.000103
-0.000216
-0.000486
-0.000262
0.000205
0.000339
0.000203
0.000227
0.000294
0.000040
-0.000309
-0.000261
0.000066
0.000175
0.000041
0.000013
0.000103
0.000005
-0.000310
-0.000550
-0.000590
-0.000570
-0.000583
-0.000557
-0.000392
-0.000122
0.000072
0.000133
0.000234
0.000436
0.000507
0.000365
0.000309
0.000434
0.000401
0.000119
-0.000054
0.000115
0.000484
0.000716
0.000574
0.000257
0.000137
0.000073
-0.000296
-0.000756
-0.000877
-0.000837
-0.001039
-0.001260
-0.000990
-0.000391
-0.000070
-0.000022
0.000330
0.001057
0.001505
0.001271
0.000713
0.000346
0.000197
-0.000023
-0.000311
-0.000280
0.000145
0.000409
0.000215
0.000099
0.000427
0.000619
0.000144
-0.000553
-0.000809
-0.000767
-0.000967
-0.001317
-0.001268
-0.000822
-0.000495
-0.000446
-0.000339
0.000069
0.000544
0.000630
0.000357
0.000293
0.000565
0.000594
0.000284
0.000319
0.000854
0.001160
0.000898
0.000649
0.000881
0.001151
0.000863
0.000268
-0.000014
-0.000026
-0.000265
-0.000789
-0.001192
-0.001287
-0.001302
-0.001402
-0.001390
-0.001081
-0.000727
-0.000655
-0.000649
-0.000312
0.000199
0.000421
0.000304
0.000184
0.000286
0.000520
0.000683
0.000744
0.000807
0.000894
0.000952
0.000999
0.001061
0.001044
0.000788
0.000283
-0.000197
-0.000393
-0.000430
-0.000573
-0.000776
-0.000839
-0.000783
-0.000721
-0.000557
-0.000182
0.000152
0.000114
-0.000097
-0.000062
0.000063
-0.000080
-0.000280
-0.000230
-0.000149
-0.000301
-0.000508
-0.000546
-0.000447
-0.000282
-0.000027
0.000309
0.000583
0.000611
0.000394
0.000228
0.000330
0.000465
0.000347
0.000145
0.000183
0.000458
0.000713
0.000760
0.000655
0.000600
0.000602
0.000429
-0.000009
-0.000431
-0.000526
-0.000439
-0.000604
-0.000995
-0.001070
-0.000689
-0.000420
-0.000561
-0.000702
-0.000614
-0.000661
-0.000933
-0.000945
-0.000536
-0.000169
-0.000054
0.000163
0.000679
0.001188
0.001415
0.001521
0.001720
0.001849
0.001630
0.001158
0.000739
0.000385
-0.000022
-0.000365
-0.000573
-0.000772
-0.000915
-0.000867
-0.000750
-0.000737
-0.000831
-0.001029
-0.001265
-0.001265
-0.000895
-0.000496
-0.000444
-0.000601
-0.000598
-0.000387
-0.000087
0.000315
0.000783
0.001166
0.001415
0.001536
0.001469
0.001265
0.001070
0.000889
0.000615
0.000256
-0.000025
-0.000087
0.000011
0.000024
-0.000208
-0.000569
-0.000861
-0.001029
-0.001085
-0.001071
-0.001033
-0.000919
-0.000708
-0.000516
-0.000408
-0.000285
-0.000056
0.000219
0.000473
0.000723
0.000915
0.000961
0.000883
0.000745
0.000609
0.000562
0.000644
0.000775
0.000828
0.000729
0.000464
0.000090
-0.000300
-0.000723
-0.001238
-0.001696
-0.001844
-0.001681
-0.001415
-0.001167
-0.000887
-0.000492
-0.000052
0.000231
0.000312
0.000422
0.000759
0.001206
0.001512
0.001632
0.001723
0.001812
0.001664
0.001190
0.000717
0.000422
-0.000033
-0.000794
-0.001386
-0.001481
-0.001384
-0.001397
-0.001391
-0.001206
-0.000943
-0.000746
-0.000614
-0.000500
-0.000383
-0.000209
0.000055
0.000344
0.000554
0.000640
0.000648
0.000727
0.000959
0.001202
0.001215
0.000918
0.000451
0.000042
-0.000175
-0.000179
0.000005
0.000261
0.000357
0.000183
-0.000068
-0.000219
-0.000431
-0.000803
-0.001011
-0.000814
-0.000510
-0.000407
-0.000289
0.000053
0.000315
0.000212
-0.000090
-0.000351
-0.000504
-0.000524
-0.000414
-0.000204
0.000088
0.000389
0.000614
0.000819
0.001101
0.001294
0.001105
0.000615
0.000189
-0.000071
-0.000329
-0.000579
-0.000639
-0.000507
-0.000351
-0.000195
0.000007
0.000087
-0.000152
-0.000621
-0.001026
-0.001148
-0.001031
-0.000836
-0.000547
-0.000104
0.000346
0.000614
0.000740
0.000906
0.001137
0.001208
0.000971
0.000661
0.000555
0.000486
0.000212
-0.000023
0.000093
0.000309
0.000231
-0.000049
-0.000247
-0.000353
-0.000491
-0.000670
-0.000855
-0.000997
-0.000951
-0.000664
-0.000355
-0.000187
-0.000058
0.000016
-0.000173
-0.000539
-0.000687
-0.000445
-0.000034
0.000278
0.000473
0.000703
0.001006
0.001238
0.001261
0.001069
0.000776
0.000443
0.000095
-0.000155
-0.000241
-0.000250
-0.000304
-0.000397
-0.000348
-0.000118
0.000004
-0.000174
-0.000445
-0.000595
-0.000725
-0.000956
-0.001044
-0.000683
-0.000071
0.000310
0.000367
0.000405
0.000581
0.000727
0.000692
0.000550
0.000408
0.000247
0.000043
-0.000126
-0.000178
-0.000124
-0.000042
0.000045
0.000216
0.000440
0.000425
0.000070
-0.000273
-0.000350
-0.000418
-0.000719
-0.000963
-0.000789
-0.000435
-0.000334
-0.000358
-0.000097
0.000396
0.000593
0.000215
-0.000323
-0.000470
-0.000299
-0.000224
-0.000155
0.000329
0.001111
0.001642
0.001802
0.001917
0.002034
0.001809
0.001066
0.000056
-0.000832
-0.001470
-0.001932
-0.002164
-0.002056
-0.001789
-0.001620
-0.001414
-0.000911
-0.000298
0.000022
0.000005
-0.000018
0.000172
0.000397
0.000498
0.000711
0.001241
0.001821
0.002061
0.001993
0.001912
0.001781
0.001257
0.000301
-0.000658
-0.001269
-0.001650
-0.002013
-0.002174
-0.001851
-0.001223
-0.000718
-0.000387
0.000010
0.000427
0.000559
0.000380
0.000228
0.000320
0.000477
0.000454
0.000329
0.000329
0.000463
0.000530
0.000411
0.000227
0.000114
-0.000061
-0.000437
-0.000783
-0.000832
-0.000714
-0.000612
-0.000378
0.000122
0.000632
0.000889
0.001061
0.001298
0.001285
0.000825
0.000204
-0.000351
-0.000835
-0.001138
-0.001176
-0.001088
-0.001035
-0.001082
-0.001231
-0.001315
-0.001075
-0.000555
-0.000042
0.000391
0.000850
0.001362
0.001851
0.002153
0.002193
