7520
-0.000055
-0.000240
-0.000363
-0.000271
-0.000078
0.000044
0.000129
0.000245
0.000338
0.000339
0.000269
0.000184
0.000109
0.000041
-0.000033
-0.000107
-0.000126
-0.000054
0.000042
0.000066
-0.000013
-0.000100
-0.000075
0.000022
0.000065
0.000050
0.000054
0.000079
0.000038
-0.000113
-0.000253
-0.000213
-0.000034
0.000089
0.000107
0.000103
0.000089
0.000054
0.000053
0.000081
0.000018
-0.000157
-0.000270
-0.000205
-0.000095
-0.000090
-0.000132
-0.000081
0.000066
0.000202
0.000279
0.000328
0.000333
0.000258
0.000149
0.000066
0.000001
-0.000094
-0.000237
-0.000337
-0.000303
-0.000191
-0.000104
-0.000079
-0.000117
-0.000166
-0.000115
0.000037
0.000103
-0.000030
-0.000189
-0.000165
-0.000009
0.000117
0.000198
0.000301
0.000376
0.000321
0.000183
0.000103
0.000098
0.000060
-0.000049
-0.000133
-0.000125
-0.000102
-0.000116
-0.000108
-0.000065
-0.000051
-0.000080
-0.000103
-0.000073
0.000007
0.000056
-0.000020
-0.000155
-0.000153
0.000001
0.000118
0.000124
0.000140
0.000198
0.000182
0.000066
-0.000020
-0.000003
0.000054
0.000086
0.000080
0.000038
-0.000030
-0.000090
-0.000111
-0.000130
-0.000174
-0.000178
-0.000119
-0.000083
-0.000090
-0.000038
0.000097
0.000161
0.000059
-0.000054
0.000006
0.000140
0.000134
0.000023
-0.000006
0.000045
0.000003
-0.000170
-0.000300
-0.000245
-0.000069
0.000064
0.000082
0.000060
0.000090
0.000148
0.000150
0.000084
0.000007
-0.000004
0.000068
0.000131
0.000085
-0.000024
-0.000073
-0.000025
0.000059
0.000123
0.000150
0.000144
0.000096
-0.000017
-0.000188
-0.000333
-0.000371
-0.000313
-0.000212
-0.000109
-0.000015
0.000067
0.000123
0.000137
0.000106
0.000039
-0.000020
-0.000022
0.000017
0.000081
0.000173
0.000226
0.000165
0.000060
0.000023
0.000037
0.000026
-0.000002
0.000008
0.000012
-0.000038
-0.000066
-0.000004
0.000065
0.000020
-0.000104
-0.000177
-0.000177
-0.000160
-0.000118
-0.000024
0.000059
0.000050
-0.000021
-0.000043
0.000021
0.000087
0.000055
-0.000088
-0.000230
-0.000241
-0.000134
-0.000005
0.000119
0.000246
0.000346
0.000368
0.000307
0.000194
0.000043
-0.000116
-0.000210
-0.000216
-0.000190
-0.000163
-0.000089
0.000063
0.000225
0.000269
0.000144
-0.000044
-0.000145
-0.000130
-0.000086
-0.000065
-0.000048
-0.000051
-0.000109
-0.000155
-0.000093
0.000050
0.000160
0.000156
0.000033
-0.000140
-0.000274
-0.000294
-0.000152
0.000089
0.000257
0.000255
0.000184
0.000160
0.000114
-0.000033
-0.000147
-0.000072
0.000090
0.000142
0.000114
0.000123
0.000112
0.000020
-0.000054
-0.000056
-0.000070
-0.000097
-0.000029
0.000077
0.000057
-0.000048
-0.000069
-0.000006
-0.000006
-0.000127
-0.000262
-0.000292
-0.000227
-0.000142
-0.000044
0.000077
0.000138
0.000060
-0.000091
-0.000122
0.000049
0.000247
0.000310
0.000309
0.000282
0.000153
0.000008
-0.000017
-0.000009
-0.000081
-0.000143
-0.000101
-0.000026
-0.000012
-0.000063
-0.000125
-0.000164
-0.000205
-0.000213
-0.000075
0.000174
0.000296
0.000176
-0.000021
-0.000075
0.000029
0.000135
0.000147
0.000133
0.000165
0.000186
0.000095
-0.000091
-0.000214
-0.000197
-0.000172
-0.000246
-0.000296
-0.000202
-0.000047
0.000039
0.000072
0.000101
0.000078
0.000008
-0.000007
0.000042
0.000071
0.000060
0.000057
0.000094
0.000145
0.000151
0.000107
0.000062
0.000025
-0.000006
0.000009
0.000074
0.000109
0.000056
-0.000020
-0.000022
0.000046
0.000088
0.000029
-0.000092
-0.000191
-0.000272
-0.000365
-0.000387
-0.000244
-0.000043
0.000036
-0.000003
-0.000033
-0.000005
0.000047
0.000097
0.000125
0.000111
0.000050
-0.000035
-0.000094
-0.000058
0.000084
0.000216
0.000228
0.000164
0.000111
0.000069
0.000018
0.000013
0.000078
0.000099
-0.000002
-0.000115
-0.000117
-0.000040
-0.000001
-0.000049
-0.000111
-0.000068
0.000072
0.000155
0.000118
0.000076
0.000064
-0.000005
-0.000125
-0.000174
-0.000118
-0.000067
-0.000090
-0.000105
-0.000046
0.000043
0.000123
0.000159
0.000111
0.000010
-0.000064
-0.000102
-0.000120
-0.000083
0.000010
0.000088
0.000091
0.000038
-0.000016
-0.000049
-0.000073
-0.000081
-0.000067
-0.000042
0.000001
0.000086
0.000149
0.000098
-0.000015
-0.000084
-0.000093
-0.000057
0.000012
0.000049
0.000015
-0.000042
-0.000055
-0.000019
0.000024
0.000041
0.000041
0.000037
0.000026
-0.000013
-0.000082
-0.000115
-0.000073
-0.000031
-0.000019
0.000051
0.000177
0.000239
0.000204
0.000138
0.000095
0.000066
-0.000002
-0.000125
-0.000245
-0.000266
-0.000156
-0.000013
0.000057
0.000082
0.000128
0.000160
0.000130
0.000071
0.000018
-0.000039
-0.000114
-0.000191
-0.000219
-0.000156
-0.000020
0.000114
0.000175
0.000155
0.000089
-0.000003
-0.000095
-0.000111
-0.000019
0.000060
0.000034
-0.000004
0.000009
-0.000012
-0.000116
-0.000219
-0.000227
-0.000141
-0.000048
-0.000007
0.000032
0.000104
0.000156
0.000156
0.000098
0.000009
-0.000021
0.000029
0.000064
0.000051
0.000056
0.000091
0.000093
0.000059
0.000054
0.000063
0.000031
0.000004
0.000026
-0.000005
-0.000160
-0.000276
-0.000205
-0.000057
0.000007
0.000009
0.000020
0.000027
0.000015
0.000000
-0.000030
-0.000069
-0.000047
0.000062
0.000159
0.000149
0.000086
0.000044
-0.000008
-0.000072
-0.000054
0.000079
0.000217
0.000246
0.000150
-0.000012
-0.000150
-0.000206
-0.000198
-0.000151
-0.000046
0.000079
0.000133
0.000069
-0.000065
-0.000162
-0.000182
-0.000206
-0.000257
-0.000239
-0.000135
-0.000038
0.000055
0.000214
0.000358
0.000344
0.000187
0.000033
0.000019
0.000118
0.000154
0.000063
-0.000029
-0.000036
-0.000017
-0.000040
-0.000096
-0.000165
-0.000224
-0.000179
-0.000001
0.000133
0.000107
0.000062
0.000099
0.000077
-0.000079
-0.000211
-0.000203
-0.000144
-0.000121
-0.000114
-0.000053
0.000100
0.000243
0.000224
0.000088
0.000010
0.000022
0.000021
-0.000016
-0.000004
0.000065
0.000088
0.000021
-0.000061
-0.000092
-0.000081
-0.000035
0.000059
0.000135
0.000109
0.000046
0.000026
-0.000036
-0.000182
-0.000269
-0.000182
-0.000030
-0.000022
-0.000182
-0.000295
-0.000190
0.000070
0.000335
0.000548
0.000695
0.000715
0.000593
0.000372
-0.000140
-0.000943
-0.001089
0.000150
0.001683
0.001957
0.000998
-0.000294
-0.001435
-0.002075
-0.001940
-0.001451
-0.001223
-0.001135
-0.000790
-0.000290
0.000216
0.000862
0.001452
0.001474
0.000948
0.000438
0.000222
0.000173
0.000190
0.000207
0.000124
0.000093
0.000423
0.001010
0.001365
0.001212
0.000578
-0.000407
-0.001380
-0.001798
-0.001461
-0.000725
-0.000070
0.000288
0.000302
0.000037
-0.000233
-0.000286
-0.000249
-0.000295
-0.000391
-0.000473
-0.000448
-0.000181
0.000234
0.000531
0.000650
0.000694
0.000657
0.000527
0.000400
0.000289
0.000080
-0.000240
-0.000503
-0.000530
-0.000277
0.000145
0.000525
0.000648
0.000434
0.000010
-0.000420
-0.000681
-0.000651
-0.000414
-0.000244
-0.000251
-0.000251
-0.000099
0.000130
0.000305
0.000382
0.000332
0.000150
-0.000050
-0.000111
-0.000035
0.000020
-0.000007
-0.000002
0.000095
0.000216
0.000289
0.000293
0.000235
0.000125
-0.000042
-0.000243
-0.000385
-0.000394
-0.000297
-0.000160
-0.000062
-0.000056
-0.000085
-0.000019
0.000131
0.000180
0.000046
-0.000098
-0.000050
0.000112
0.000132
-0.000000
-0.000027
0.000168
0.000376
0.000350
0.000150
0.000010
-0.000027
-0.000062
-0.000086
-0.000055
-0.000049
-0.000116
-0.000143
-0.000071
0.000003
0.000020
0.000004
-0.000028
-0.000080
-0.000118
-0.000133
-0.000162
-0.000169
-0.000074
0.000050
0.000101
0.000104
0.000091
0.000043
-0.000003
0.000000
-0.000016
-0.000111
-0.000169
-0.000085
0.000090
0.000285
0.000446
0.000473
0.000378
0.000307
0.000263
0.000104
-0.000175
-0.000418
-0.000551
-0.000796
-0.001638
-0.003030
-0.003502
-0.001551
0.001492
0.002428
0.001058
0.000716
0.002671
0.004573
0.004932
0.004275
0.002692
0.000310
-0.001583
-0.002473
-0.003175
-0.003703
-0.003427
-0.002960
-0.003045
-0.002727
-0.001153
0.000622
0.001326
0.000961
0.000061
-0.000760
-0.000756
0.000177
0.001223
0.001716
0.001775
0.001724
0.001675
0.001806
0.002106
0.001990
0.001119
0.000017
-0.000772
-0.001241
-0.001446
-0.001352
-0.001104
-0.000903
-0.000792
-0.000743
-0.000720
-0.000562
-0.000193
0.000066
-0.000156
-0.000693
-0.000941
-0.000437
0.000706
0.001786
0.002101
0.001562
0.000577
-0.000313
-0.000616
-0.000327
-0.000048
-0.000214
-0.000587
-0.000754
-0.000610
-0.000292
0.000014
0.000167
0.000118
-0.000098
-0.000359
-0.000427
-0.000091
0.000473
0.000785
0.000691
0.000514
0.000543
0.000750
0.000961
0.000916
0.000333
-0.000685
-0.001453
-0.001383
-0.000718
-0.000096
0.000223
0.000243
-0.000036
-0.000361
-0.000366
-0.000169
-0.000165
-0.000369
-0.000550
-0.000665
-0.000670
-0.000351
0.000275
0.000774
0.000856
0.000708
0.000579
0.000516
0.000500
0.000438
0.000214
-0.000150
-0.000465
-0.000483
-0.000165
0.000229
0.000473
0.000525
0.000342
-0.000041
-0.000383
-0.000447
-0.000257
-0.000102
-0.000162
-0.000233
-0.000138
-0.000027
0.000017
0.000131
0.000282
0.000215
-0.000089
-0.000304
-0.000252
-0.000118
-0.000073
-0.000107
-0.000195
-0.000212
0.000036
0.000387
0.000416
0.000122
-0.000117
-0.000235
-0.000374
-0.000419
-0.000191
0.000183
0.000359
0.000255
0.000120
0.000125
0.000221
0.000275
0.000175
-0.000028
-0.000123
-0.000057
-0.000013
-0.000047
-0.000022
0.000064
0.000060
-0.000022
-0.000027
0.000047
0.000076
0.000019
-0.000097
-0.000241
-0.000356
-0.000386
-0.000300
-0.000095
0.000100
0.000166
0.000155
0.000145
0.000133
0.000130
0.000184
0.000268
0.000265
0.000128
-0.000017
-0.000020
0.000107
0.000244
0.000257
0.000079
-0.000155
-0.000245
-0.000195
-0.000115
-0.000099
-0.000228
-0.000454
-0.000516
-0.000243
0.000159
0.000382
0.000322
0.000044
-0.000244
-0.000273
-0.000039
0.000158
0.000170
0.000103
-0.000006
-0.000171
-0.000240
-0.000086
0.000165
0.000294
0.000242
0.000105
-0.000007
-0.000052
-0.000089
-0.000115
0.000008
0.000176
0.000065
-0.000176
-0.000119
0.000043
-0.000099
-0.000278
-0.000117
0.000128
0.000190
0.000226
0.000294
0.000282
0.000242
0.000125
-0.000200
-0.000431
-0.000249
-0.000017
-0.000117
-0.000189
0.000078
0.000260
0.000142
0.000142
0.000314
0.000244
-0.000028
-0.000194
-0.000350
-0.000573
-0.000507
-0.000059
0.000276
0.000334
0.000463
0.000570
0.000299
-0.000099
-0.000199
-0.000104
-0.000078
-0.000152
-0.000270
-0.000332
-0.000205
0.000065
0.000271
0.000321
0.000238
0.000008
-0.000329
-0.000572
-0.000585
-0.000479
-0.000366
-0.000185
0.000085
0.000379
0.000611
0.000611
0.000287
-0.000092
-0.000125
0.000156
0.000359
0.000336
0.000266
0.000243
0.000133
-0.000087
-0.000139
0.000063
0.000098
-0.000244
-0.000512
-0.000403
-0.000249
-0.000283
-0.000286
-0.000125
0.000045
0.000089
0.000067
0.000114
0.000255
0.000341
0.000239
0.000044
0.000004
0.000155
0.000229
0.000085
-0.000088
-0.000142
-0.000187
-0.000312
-0.000360
-0.000174
0.000054
0.000057
-0.000098
-0.000229
-0.000267
-0.000103
0.000269
0.000533
0.000409
0.000075
-0.000076
0.000017
0.000065
-0.000018
-0.000002
0.000143
0.000173
0.000022
-0.000103
-0.000077
-0.000005
0.000008
-0.000027
-0.000054
0.000023
0.000193
0.000212
0.000008
-0.000146
-0.000177
-0.000288
-0.000443
-0.000420
-0.000222
-0.000002
0.000173
0.000266
0.000236
0.000118
0.000012
-0.000019
-0.000029
-0.000115
-0.000210
-0.000151
0.000039
0.000191
0.000304
0.000461
0.000488
0.000220
-0.000085
-0.000148
-0.000124
-0.000203
-0.000225
-0.000075
0.000073
0.000143
0.000163
0.000016
-0.000250
-0.000351
-0.000285
-0.000243
-0.000183
-0.000069
-0.000043
-0.000062
0.000038
0.000215
0.000386
0.000501
0.000400
0.000076
-0.000159
-0.000131
-0.000037
0.000007
0.000082
0.000105
-0.000017
-0.000089
0.000040
0.000199
0.000151
-0.000106
-0.000344
-0.000349
-0.000167
-0.000020
-0.000017
0.000000
0.000148
0.000257
0.000199
0.000078
-0.000060
-0.000290
-0.000518
-0.000527
-0.000313
-0.000081
0.000051
0.000148
0.000281
0.000384
0.000341
0.000228
0.000203
0.000197
0.000050
-0.000150
-0.000219
-0.000204
-0.000195
-0.000101
0.000098
0.000244
0.000241
0.000205
0.000245
0.000237
0.000023
-0.000264
-0.000360
-0.000268
-0.000208
-0.000235
-0.000212
-0.000097
0.000023
0.000088
0.000077
0.000027
0.000040
0.000094
0.000034
-0.000090
-0.000047
0.000156
0.000311
0.000340
0.000276
0.000131
-0.000018
-0.000083
-0.000126
-0.000210
-0.000237
-0.000175
-0.000123
-0.000062
0.000004
-0.000052
-0.000193
-0.000243
-0.000225
-0.000243
-0.000208
-0.000011
0.000253
0.000463
0.000610
0.000632
0.000434
0.000148
0.000019
-0.000009
-0.000184
-0.000452
-0.000516
-0.000335
-0.000178
-0.000194
-0.000182
0.000042
0.000280
0.000312
0.000279
0.000298
0.000200
-0.000054
-0.000193
-0.000077
0.000078
0.000093
0.000038
0.000012
0.000002
0.000002
0.000067
0.000168
0.000132
-0.000099
-0.000269
-0.000151
0.000067
0.000108
0.000057
0.000078
0.000085
0.000042
0.000084
0.000138
0.000039
-0.000118
-0.000253
-0.000427
-0.000501
-0.000308
-0.000065
0.000002
-0.000003
-0.000017
-0.000112
-0.000176
-0.000085
0.000046
0.000148
0.000275
0.000332
0.000232
0.000127
0.000152
0.000176
0.000055
-0.000117
-0.000193
-0.000133
0.000025
0.000162
0.000200
0.000177
0.000100
-0.000056
-0.000225
-0.000323
-0.000392
-0.000494
-0.000478
-0.000215
0.000076
0.000179
0.000248
0.000418
0.000501
0.000327
-0.000036
-0.000507
-0.001013
-0.001330
-0.001307
-0.001121
-0.000976
-0.000787
-0.000334
0.000381
0.000994
0.001191
0.001153
0.001179
0.001206
0.001141
0.001180
0.001377
0.001431
0.001236
0.001131
0.001309
0.001482
0.001400
0.001147
0.000784
0.000217
-0.000467
-0.000991
-0.001215
-0.001294
-0.001461
-0.001707
-0.001818
-0.001742
-0.001638
-0.001617
-0.001734
-0.002023
-0.002285
-0.002192
-0.001750
-0.001287
-0.000952
-0.000630
-0.000260
0.000063
0.000271
0.000517
0.001044
0.001724
0.002077
0.001993
0.001938
0.002314
0.002910
0.003154
0.002893
0.002490
0.002064
0.001452
0.000870
0.000656
0.000550
0.000052
-0.000738
-0.001316
-0.001550
-0.001621
-0.001533
-0.001330
-0.001372
-0.001798
-0.002201
-0.002258
-0.002142
-0.002092
-0.002010
-0.001683
-0.001174
-0.000707
-0.000319
0.000073
0.000385
0.000437
0.000373
0.000631
0.001266
0.001763
0.001846
0.001835
0.001896
0.001752
0.001430
0.001404
0.001695
0.001745
0.001385
0.000999
0.000691
0.000249
-0.000191
-0.000362
-0.000542
-0.001364
-0.003026
-0.004945
-0.006265
-0.006476
-0.005410
-0.003199
-0.000623
0.001089
0.001430
0.001257
0.001623
0.002479
0.003176
0.003531
0.003588
0.003185
0.002570
0.002618
0.003719
0.005043
0.005433
0.004678
0.003358
0.001817
0.000107
-0.001385
-0.002213
-0.002623
-0.003168
-0.003714
-0.003704
-0.003248
-0.003066
-0.003382
-0.003778
-0.004079
-0.004411
-0.004497
-0.003948
-0.003093
-0.002532
-0.002105
-0.001209
0.000137
0.001378
0.002242
0.002787
0.002958
0.002705
0.002343
0.002277
0.002553
0.002966
0.003362
0.003690
0.003888
0.003847
0.003526
0.002994
0.002290
0.001387
0.000320
-0.000731
-0.001503
-0.001890
-0.002068
-0.002239
-0.002311
-0.002032
-0.001526
-0.001296
-0.001427
-0.001438
-0.001224
-0.001234
-0.001504
-0.001555
-0.001311
-0.001146
-0.001119
-0.000945
-0.000606
-0.000340
-0.000146
0.000145
0.000487
0.000685
0.000741
0.000863
0.001061
0.001054
0.000843
0.000853
0.001177
0.001359
0.001258
0.001252
0.001369
0.001212
0.000807
0.000497
0.000178
-0.000409
-0.000985
-0.001101
-0.000822
-0.000483
-0.000213
-0.000011
0.000079
0.000054
0.000009
0.000055
0.000149
0.000046
-0.000363
-0.000751
-0.000860
-0.001231
-0.002742
-0.005266
-0.007390
-0.007566
-0.005340
-0.001877
0.000907
0.002188
0.002690
0.003225
0.003889
0.004762
0.005986
0.006750
0.005803
0.003575
0.002175
0.002723
0.004277
0.005571
0.006113
0.005570
0.003675
0.001029
-0.001126
-0.002372
-0.003506
-0.005018
-0.006202
-0.006398
-0.006008
-0.005560
-0.004952
-0.004306
-0.004310
-0.004981
-0.005301
-0.004764
-0.004049
-0.003654
-0.003156
-0.002186
-0.000913
0.000566
0.002340
0.004068
0.005022
0.004986
0.004607
0.004479
0.004484
0.004420
0.004486
0.004711
0.004738
0.004439
0.004111
0.003853
0.003317
0.002288
0.001048
-0.000044
-0.000922
-0.001687
-0.002467
-0.003242
-0.003737
-0.003881
-0.004015
-0.004195
-0.004073
-0.003705
-0.003553
-0.003658
-0.003582
-0.003089
-0.002286
-0.001264
-0.000135
0.000798
0.001347
0.001566
0.001572
0.001600
0.001810
0.002018
0.002107
0.002223
0.002276
0.002100
0.002007
0.002261
0.002453
0.002229
0.001895
0.001664
0.001203
0.000419
-0.000231
-0.000506
-0.000649
-0.000851
-0.001133
-0.001548
-0.001994
-0.002227
-0.002215
-0.002074
-0.001837
-0.001590
-0.001458
-0.001309
-0.000929
-0.000437
-0.000061
0.000266
0.000629
0.000854
0.000860
0.000669
-0.000143
-0.002134
-0.004951
-0.007221
-0.007382
-0.004823
-0.000826
0.002289
0.003546
0.003958
0.004572
0.005272
0.005945
0.006865
0.007227
0.005655
0.002917
0.001600
0.002647
0.004537
0.005780
0.006054
0.005161
0.002809
-0.000307
-0.002692
-0.003933
-0.005153
-0.006940
-0.008214
-0.008008
-0.006971
-0.006069
-0.005185
-0.004231
-0.004095
-0.004905
-0.005187
-0.004300
-0.003499
-0.003452
-0.003098
-0.001680
0.000202
0.002016
0.003953
0.005785
0.006641
0.006307
0.005562
0.005093
0.004895
0.004733
0.004605
0.004587
0.004558
0.004397
0.004178
0.003868
0.003156
0.001936
0.000564
-0.000623
-0.001686
-0.002770
-0.003786
-0.004605
-0.005258
-0.005589
-0.005215
-0.004322
-0.003834
-0.004207
-0.004691
-0.004432
-0.003647
-0.002886
-0.002013
-0.000863
0.000155
0.000920
0.001873
0.003030
0.003792
0.003858
0.003593
0.003412
0.003281
0.002992
0.002630
0.002410
0.002243
0.001969
0.001783
0.001885
0.001929
0.001433
0.000554
-0.000194
-0.000765
-0.001395
-0.001922
-0.002079
-0.002084
-0.002286
-0.002636
-0.002887
-0.002919
-0.002752
-0.002514
-0.002295
-0.001988
-0.001487
-0.000891
-0.000225
0.000639
0.001582
0.002257
0.002596
0.002752
0.002701
0.002252
0.001003
-0.001494
-0.004889
-0.007747
-0.008374
-0.005980
-0.001728
0.001744
0.002969
0.003162
0.003972
0.005069
0.005608
0.006071
0.006423
0.005120
0.002317
0.000867
0.002268
0.004738
0.006197
0.006352
0.005508
0.003478
0.000459
-0.002283
-0.003817
-0.004947
-0.006781
-0.008486
-0.008404
-0.006931
-0.005841
-0.005289
-0.004377
-0.003737
-0.004276
-0.004824
-0.004172
-0.003399
-0.003611
-0.003760
-0.002591
-0.000499
0.001688
0.003859
0.005833
0.006889
0.006736
0.006058
0.005672
0.005619
0.005386
0.004853
0.004521
0.004568
0.004501
0.004111
0.003713
0.003251
0.002303
0.000909
-0.000480
-0.001735
-0.003038
-0.004304
-0.005180
-0.005538
-0.005593
-0.005532
-0.005315
-0.004891
-0.004467
-0.004410
-0.004681
-0.004614
-0.003738
-0.002480
-0.001418
-0.000346
0.001076
0.002430
0.003280
0.003987
0.004786
0.005144
0.004834
0.004387
0.004069
0.003625
0.003056
0.002660
0.002473
0.002264
0.001874
0.001376
0.000910
0.000349
-0.000519
-0.001400
-0.001844
-0.002137
-0.002797
-0.003446
-0.003431
-0.003063
-0.002995
-0.003108
-0.003031
-0.002840
-0.002624
-0.002229
-0.001660
-0.001104
-0.000553
0.000166
0.001097
0.002069
0.002879
0.003419
0.003626
0.003479
0.003054
0.002372
0.001068
-0.001401
-0.004760
-0.007655
-0.008584
-0.006768
-0.002876
0.000881
0.002707
0.003208
0.004005
0.005180
0.005919
0.006300
0.006276
0.004813
0.002114
0.000546
0.001561
0.003828
0.005422
0.005846
0.005323
0.003695
0.000986
-0.001720
-0.003354
-0.004566
-0.006558
-0.008532
-0.008683
-0.007321
-0.006213
-0.005552
-0.004536
-0.003786
-0.004149
-0.004597
-0.004061
-0.003443
-0.003650
-0.003777
-0.002667
-0.000514
0.001906
0.004247
0.006261
0.007404
0.007421
0.006866
0.006509
0.006384
0.005978
0.005221
0.004618
0.004374
0.004172
0.003821
0.003370
0.002711
0.001675
0.000342
-0.001071
-0.002459
-0.003808
-0.005031
-0.005984
-0.006571
-0.006664
-0.006192
-0.005447
-0.004901
-0.004658
-0.004458
-0.004143
-0.003669
-0.002901
-0.001827
-0.000665
0.000500
0.001758
0.002965
0.003913
0.004799
0.005714
0.006121
0.005690
0.004870
0.004127
0.003460
0.002836
0.002328
0.001930
0.001588
0.001203
0.000684
0.000130
-0.000380
-0.001054
-0.001960
-0.002725
-0.003137
-0.003428
-0.003654
-0.003603
-0.003360
-0.003116
-0.002722
-0.002162
-0.001856
-0.001950
-0.001987
-0.001629
-0.001009
-0.000358
0.000294
0.001043
0.001882
0.002616
0.003081
0.003359
0.003529
0.003409
0.002966
0.002499
0.001801
-0.000019
-0.003066
-0.006115
-0.007983
-0.007978
-0.005548
-0.001521
0.001576
0.002485
0.002819
0.004069
0.005365
0.005794
0.005919
0.005661
0.003980
0.001590
0.000851
0.002449
0.004529
0.005278
0.004752
0.003722
0.002008
-0.000601
-0.002956
-0.004148
-0.005259
-0.007253
-0.008699
-0.008097
-0.006561
-0.005676
-0.004991
-0.003909
-0.003348
-0.003658
-0.003703
-0.003074
-0.002640
-0.002633
-0.002218
-0.000812
0.001305
0.003494
0.005345
0.006704
0.007352
0.007160
0.006492
0.005895
0.005404
0.004661
0.003696
0.003023
0.002883
0.002951
0.002873
0.002573
0.002015
0.001104
-0.000108
-0.001428
-0.002726
-0.003990
-0.005164
-0.006017
-0.006297
-0.006079
-0.005673
-0.005170
-0.004491
-0.003814
-0.003411
-0.003150
-0.002700
-0.002028
-0.001271
-0.000399
0.000687
0.001875
0.002968
0.003930
0.004761
0.005298
0.005413
0.005235
0.004966
0.004541
0.003805
0.002965
0.002378
0.001958
0.001385
0.000690
0.000094
-0.000454
-0.001122
-0.001821
-0.002362
-0.002793
-0.003245
-0.003665
-0.003893
-0.003836
-0.003550
-0.003162
-0.002707
-0.002212
-0.001800
-0.001510
-0.001206
-0.000818
-0.000426
-0.000031
0.000510
0.001220
0.001960
0.002639
0.003245
0.003684
0.003801
0.003639
0.003395
0.003052
0.002470
0.001577
0.000019
-0.002501
-0.005421
-0.007808
-0.008919
-0.007808
-0.004352
-0.000662
0.001035
0.001545
0.002963
0.004889
0.005673
0.005639
0.005627
0.004793
0.002721
0.001196
0.001864
0.003941
0.005321
0.005127
0.004220
0.003160
0.001314
-0.001173
-0.002894
-0.003803
-0.005432
-0.007573
-0.008192
-0.007132
-0.006176
-0.005636
-0.004593
-0.003521
-0.003322
-0.003369
-0.002915
-0.002491
-0.002563
-0.002550
-0.001707
0.000030
0.002079
0.003792
0.005095
0.006164
0.006689
0.006429
0.005966
0.005816
0.005560
0.004720
0.003672
0.003046
0.002889
0.002842
0.002635
0.002177
0.001427
0.000327
-0.001068
-0.002489
-0.003730
-0.004853
-0.005826
-0.006312
-0.006158
-0.005720
-0.005332
-0.004823
-0.004026
-0.003290
-0.002948
-0.002719
-0.002154
-0.001295
-0.000499
0.000255
0.001322
0.002663
0.003791
0.004529
0.005207
0.005933
0.006269
0.005901
0.005098
0.004212
0.003307
0.002468
0.001873
0.001397
0.000668
-0.000340
-0.001199
-0.001664
-0.002037
-0.002632
-0.003257
-0.003602
-0.003775
-0.003989
-0.004089
-0.003868
-0.003474
-0.003121
-0.002695
-0.002022
-0.001258
-0.000687
-0.000312
0.000031
0.000426
0.000897
0.001460
0.002074
0.002654
0.003128
0.003485
0.003772
0.004017
0.004132
0.003920
0.003294
0.002477
0.001706
0.000691
-0.001164
-0.003722
-0.006123
-0.008038
-0.009373
-0.008913
-0.005883
-0.002308
-0.000590
0.000154
0.001997
0.004275
0.005202
0.005168
0.005307
0.005029
0.003632
0.002419
0.003080
0.005063
0.006214
0.005814
0.005130
0.004557
0.002885
0.000248
-0.001632
-0.002821
-0.004900
-0.007316
-0.008091
-0.007441
-0.006961
-0.006629
-0.005659
-0.004511
-0.003954
-0.003807
-0.003610
-0.003288
-0.003002
-0.002779
-0.002124
-0.000476
0.001742
0.003595
0.004958
0.006111
0.006797
0.006835
0.006624
0.006358
0.005796
0.004906
0.003953
0.003185
0.002755
0.002530
0.002179
0.001706
0.001233
0.000448
-0.000862
-0.002252
-0.003352
-0.004401
-0.005482
-0.006086
-0.005923
-0.005389
-0.005028
-0.005023
-0.004958
-0.004212
-0.003019
-0.002208
-0.001651
-0.000607
0.000632
0.001403
0.002132
0.003276
0.004117
0.004145
0.004103
0.004559
0.004929
0.004644
0.004030
0.003640
0.003473
0.003040
0.002140
0.001231
0.000568
-0.000331
-0.001562
-0.002359
-0.002552
-0.002930
-0.003606
-0.003853
-0.003669
-0.003674
-0.003741
-0.003330
-0.002652
-0.002273
-0.002113
-0.001725
-0.001031
-0.000314
0.000200
0.000599
0.001094
0.001606
0.001913
0.002187
0.002782
0.003499
0.003817
0.003799
0.003824
0.003716
0.003179
0.002498
0.001943
0.001296
0.000503
-0.000178
-0.001073
-0.003034
-0.005826
-0.007990
-0.009122
-0.010066
-0.010184
-0.007766
-0.003695
-0.000783
0.000721
0.002870
0.005701
0.007309
0.007451
0.007471
0.007523
0.006665
0.005174
0.004730
0.005896
0.006909
0.006311
0.005151
0.004458
0.002976
0.000031
-0.002604
-0.004113
-0.006010
-0.008513
-0.009791
-0.009427
-0.008792
-0.008312
-0.007354
-0.005924
-0.004623
-0.003841
-0.003535
-0.003235
-0.002657
-0.002123
-0.001528
-0.000062
0.002174
0.004063
0.005324
0.006565
0.007710
0.008151
0.007932
0.007532
0.007022
0.006154
0.004936
0.003771
0.003033
0.002592
0.002046
0.001394
0.000861
0.000181
-0.001047
-0.002569
-0.003909
-0.005061
-0.006142
-0.006913
-0.007030
-0.006642
-0.006365
-0.006321
-0.005749
-0.004321
-0.002918
-0.002189
-0.001555
-0.000464
0.000617
0.001269
0.001986
0.003183
0.004351
0.004954
0.005266
0.005637
0.005709
0.005084
0.004200
0.003683
0.003255
0.002348
0.001301
0.000756
0.000469
-0.000114
-0.000768
-0.001025
-0.001189
-0.001826
-0.002699
-0.003193
-0.003416
-0.003832
-0.004225
-0.004070
-0.003517
-0.003062
-0.002697
-0.002080
-0.001259
-0.000643
-0.000291
0.000232
0.001065
0.001738
0.002002
0.002261
0.002741
0.003064
0.003063
0.003167
0.003555
0.003686
0.003171
0.002387
0.001762
0.001133
0.000235
-0.000723
-0.001344
-0.001597
-0.001908
-0.002813
-0.004392
-0.005915
-0.006700
-0.007329
-0.008413
-0.008464
-0.005821
-0.002066
0.000176
0.001583
0.004263
0.007421
0.008866
0.008823
0.008799
0.008553
0.007033
0.005011
0.004373
0.005190
0.005494
0.004412
0.003341
0.002866
0.001436
-0.001292
-0.003524
-0.004893
-0.006844
-0.009136
-0.009994
-0.009361
-0.008666
-0.008195
-0.007173
-0.005540
-0.004117
-0.003486
-0.003259
-0.002655
-0.001812
-0.001468
-0.001170
0.000301
0.002662
0.004537
0.005789
0.007258
0.008773
0.009361
0.008936
0.008249
0.007569
0.006519
0.005077
0.003822
0.003017
0.002271
0.001334
0.000476
-0.000204
-0.001120
-0.002553
-0.004139
-0.005400
-0.006373
-0.007339
-0.008138
-0.008260
-0.007783
-0.007316
-0.006700
-0.005277
-0.003525
-0.002469
-0.001746
-0.000370
0.001262
0.002132
0.002526
0.003394
0.004600
0.005323
0.005564
0.006016
0.006709
0.006813
0.006027
0.005174
0.004718
0.003872
0.002198
0.000689
0.000055
-0.000470
-0.001481
-0.002319
-0.002512
-0.002665
-0.003223
-0.003762
-0.003962
-0.004199
-0.004719
-0.005111
-0.004972
-0.004429
-0.003778
-0.003015
-0.001955
-0.000735
0.000246
0.000975
0.001743
0.002429
0.002698
0.002749
0.003028
0.003451
0.003629
0.003584
0.003571
0.003541
0.003348
0.003107
0.002838
0.002239
0.001200
0.000063
-0.000838
-0.001461
-0.001920
-0.002299
-0.002484
-0.002462
-0.002939
-0.004590
-0.006477
-0.007049
-0.006857
-0.007537
-0.008138
-0.006234
-0.002460
0.000418
0.002284
0.005029
0.008190
0.009565
0.009197
0.008961
0.009069
0.008116
0.006096
0.004774
0.004816
0.004763
0.003690
0.002639
0.002160
0.000964
-0.001452
-0.003670
-0.005094
-0.006822
-0.009022
-0.010345
-0.010237
-0.009551
-0.008900
-0.007943
-0.006297
-0.004390
-0.003103
-0.002515
-0.001733
-0.000460
0.000502
0.000998
0.002035
0.003853
0.005436
0.006412
0.007504
0.008790
0.009376
0.008964
0.008175
0.007278
0.005909
0.004078
0.002431
0.001318
0.000355
-0.000847
-0.002064
-0.002851
-0.003242
-0.003735
-0.004614
-0.005538
-0.006124
-0.006553
-0.007046
-0.007272
-0.006886
-0.006025
-0.005013
-0.004028
-0.002954
-0.001468
0.000374
0.002022
0.003191
0.004055
0.004683
0.005080
0.005461
0.005829
0.005906
0.005718
0.005486
0.005159
0.004648
0.004008
0.003186
0.002123
0.000939
-0.000295
-0.001585
-0.002733
-0.003522
-0.004087
-0.004614
-0.004912
-0.004839
-0.004653
-0.004519
-0.004290
-0.003966
-0.003699
-0.003364
-0.002710
-0.001780
-0.000817
0.000069
0.000940
0.001916
0.002951
0.003745
0.004134
0.004321
0.004439
0.004322
0.003941
0.003538
0.003239
0.002924
0.002475
0.001849
0.001095
0.000433
-0.000009
-0.000473
-0.001213
-0.002102
-0.002837
-0.003277
-0.003450
-0.003444
-0.003342
-0.003110
-0.002742
-0.002691
-0.003525
-0.004799
-0.005270
-0.004851
-0.004824
-0.005269
-0.004385
-0.001516
0.001627
0.003861
0.005992
0.008449
0.009987
0.009906
0.009355
0.009255
0.008797
0.007117
0.005063
0.003945
0.003475
0.002530
0.001178
0.000154
-0.000910
-0.002783
-0.004998
-0.006660
-0.007933
-0.009338
-0.010511
-0.010682
-0.009816
-0.008615
-0.007479
-0.005994
-0.003926
-0.002041
-0.001017
-0.000341
0.000641
0.001577
0.002120
0.002870
0.004243
0.005648
0.006581
0.007307
0.008055
0.008561
0.008520
0.007940
0.007001
0.005755
0.004166
0.002460
0.001062
0.000053
-0.000893
-0.001953
-0.002927
-0.003624
-0.004242
-0.005099
-0.006051
-0.006716
-0.007155
-0.007570
-0.007622
-0.006971
-0.006022
-0.005133
-0.003834
-0.001911
-0.000104
0.001229
0.002649
0.004231
0.005327
0.005819
0.006135
0.006390
0.006416
0.006098
0.005485
0.004859
0.004284
0.003438
0.002380
0.001495
0.000524
-0.000946
-0.002409
-0.003245
-0.003758
-0.004349
-0.004784
-0.004908
-0.004895
-0.004717
-0.004267
-0.003648
-0.002904
-0.002072
-0.001376
-0.000839
-0.000235
0.000393
0.000891
0.001450
0.002188
0.002789
0.003133
0.003557
0.004105
0.004339
0.004062
0.003537
0.003005
0.002455
0.001779
0.000934
0.000086
-0.000502
-0.000875
-0.001303
-0.001772
-0.002069
-0.002253
-0.002504
-0.002697
-0.002674
-0.002640
-0.002759
-0.002765
-0.002410
-0.001848
-0.001302
-0.000730
-0.000011
0.000572
0.000272
-0.001112
-0.002412
-0.002468
-0.001934
-0.002089
-0.002418
-0.001378
0.000974
0.003228
0.004917
0.006555
0.007878
0.008040
0.007236
0.006490
0.006003
0.005079
0.003555
0.002126
0.001173
0.000288
-0.000792
-0.001718
-0.002384
-0.003352
-0.004843
-0.006199
-0.006927
-0.007349
-0.007794
-0.007931
-0.007283
-0.005936
-0.004464
-0.003234
-0.002062
-0.000773
0.000328
0.001018
0.001610
0.002359
0.003029
0.003483
0.004035
0.004850
0.005646
0.006164
0.006349
0.006207
0.005824
0.005227
0.004351
0.003319
0.002303
0.001191
-0.000061
-0.001121
-0.001857
-0.002589
-0.003449
-0.004201
-0.004735
-0.005143
-0.005462
-0.005670
-0.005759
-0.005675
-0.005382
-0.004900
-0.004026
-0.002493
-0.000671
0.000778
0.001902
0.003090
0.004159
0.004785
0.005094
0.005216
0.005061
0.004684
0.004266
0.003848
0.003396
0.002867
0.002235
0.001596
0.000978
0.000127
-0.001022
-0.002068
-0.002790
-0.003429
-0.004043
-0.004340
-0.004239
-0.003916
-0.003426
-0.002783
-0.002151
-0.001636
-0.001209
-0.000830
-0.000413
0.000074
0.000514
0.000972
0.001674
0.002445
0.002883
0.003057
0.003257
0.003339
0.003036
0.002507
0.002018
0.001520
0.000879
0.000157
-0.000466
-0.000886
-0.001154
-0.001383
-0.001591
-0.001752
-0.001898
-0.002023
-0.002070
-0.002057
-0.002013
-0.001864
-0.001511
-0.000958
-0.000314
0.000330
0.000937
0.001352
0.001449
0.001475
0.001607
0.001188
-0.000407
-0.002273
-0.002961
-0.002595
-0.002344
-0.002459
-0.002209
-0.001097
0.000628
0.002372
0.003900
0.005229
0.005850
0.005255
0.004184
0.003703
0.003547
0.002925
0.001962
0.001165
0.000591
0.000109
-0.000325
-0.000731
-0.001213
-0.002060
-0.003303
-0.004362
-0.004844
-0.005140
-0.005506
-0.005464
-0.004715
-0.003751
-0.003046
-0.002388
-0.001459
-0.000520
0.000009
0.000300
0.000809
0.001465
0.001888
0.002187
0.002811
0.003769
0.004568
0.004926
0.005093
0.005210
0.004900
0.003990
0.002948
0.002081
0.001121
-0.000007
-0.000914
-0.001469
-0.001984
-0.002589
-0.003096
-0.003445
-0.003784
-0.004154
-0.004418
-0.004488
-0.004399
-0.004090
-0.003330
-0.002138
-0.000943
0.000005
0.000974
0.002139
0.003187
0.003800
0.003996
0.003907
0.003610
0.003194
0.002788
0.002520
0.002352
0.002051
0.001548
0.001060
0.000643
0.000061
-0.000747
-0.001553
-0.002195
-0.002706
-0.003122
-0.003355
-0.003303
-0.002988
-0.002531
-0.002026
-0.001503
-0.000985
-0.000559
-0.000314
-0.000220
-0.000157
-0.000007
0.000360
0.001016
0.001814
0.002515
0.003003
0.003237
0.003182
0.002861
0.002361
0.001781
0.001152
0.000433
-0.000296
-0.000849
-0.001197
-0.001434
-0.001559
-0.001557
-0.001535
-0.001584
-0.001640
-0.001575
-0.001375
-0.001148
-0.000942
-0.000705
-0.000361
0.000141
0.000710
0.001149
0.001410
0.001582
0.001665
0.001609
0.001389
0.000996
0.000445
-0.000361
-0.001672
-0.003350
-0.004592
-0.004759
-0.003981
-0.002649
-0.001116
0.000160
0.001048
0.001910
0.002851
0.003527
0.003757
0.003620
0.003240
0.002875
0.002751
0.002824
0.002951
0.002975
0.002667
0.002018
0.001272
0.000453
-0.000577
-0.001652
-0.002547
-0.003379
-0.004236
-0.004814
-0.004847
-0.004469
-0.003876
-0.003111
-0.002274
-0.001573
-0.001141
-0.000961
-0.000921
-0.000875
-0.000677
-0.000276
0.000256
0.000877
0.001629
0.002506
0.003399
0.004066
0.004260
0.004037
0.003598
0.002943
0.002096
0.001301
0.000642
0.000051
-0.000271
-0.000165
-0.000032
-0.000331
-0.000878
-0.001216
-0.001402
-0.001817
-0.002399
-0.002735
-0.002753
-0.002664
-0.002441
-0.001902
-0.001105
-0.000335
0.000204
0.000585
0.000987
0.001324
0.001369
0.001253
0.001290
0.001439
0.001461
0.001351
0.001250
0.001168
0.001025
0.000747
0.000305
-0.000183
-0.000558
-0.000880
-0.001254
-0.001522
-0.001547
-0.001487
-0.001411
-0.001156
-0.000759
-0.000486
-0.000367
-0.000218
-0.000018
0.000108
0.000167
0.000324
0.000689
0.001120
0.001402
0.001617
0.001930
0.002119
0.001883
0.001404
0.001009
0.000584
-0.000105
-0.000838
-0.001221
-0.001273
-0.001295
-0.001333
-0.001248
-0.001088
-0.000972
-0.000880
-0.000793
-0.000766
-0.000773
-0.000670
-0.000382
-0.000041
0.000168
0.000266
0.000456
0.000829
0.001219
0.001403
0.001353
0.001198
0.000966
0.000588
0.000155
-0.000150
-0.000292
-0.000349
-0.000477
-0.000977
-0.001883
-0.002623
-0.002708
-0.002401
-0.002067
-0.001563
-0.000793
0.000015
0.000784
0.001549
0.002173
0.002553
0.002732
0.002760
0.002717
0.002643
0.002478
0.002303
0.002292
0.002315
0.002101
0.001643
0.001030
0.000235
-0.000699
-0.001630
-0.002525
-0.003336
-0.003898
-0.004156
-0.004174
-0.003987
-0.003666
-0.003283
-0.002778
-0.002130
-0.001472
-0.000889
-0.000357
0.000181
0.000752
0.001324
0.001879
0.002463
0.003074
0.003572
0.003822
0.003838
0.003681
0.003309
0.002711
0.002074
0.001552
0.001019
0.000373
-0.000218
-0.000642
-0.001015
-0.001413
-0.001773
-0.002046
-0.002314
-0.002688
-0.003053
-0.003170
-0.003053
-0.002874
-0.002600
-0.002093
-0.001364
-0.000566
0.000139
0.000650
0.000966
0.001232
0.001623
0.002089
0.002437
0.002607
0.002649
0.002569
0.002375
0.002125
0.001832
0.001420
0.000834
0.000185
-0.000364
-0.000802
-0.001202
-0.001552
-0.001808
-0.001982
-0.002046
-0.001877
-0.001483
-0.001123
-0.000977
-0.000904
-0.000749
-0.000586
-0.000526
-0.000452
-0.000131
0.000453
0.001073
0.001563
0.001934
0.002172
0.002167
0.001894
0.001495
0.001093
0.000642
0.000095
-0.000401
-0.000694
-0.000851
-0.000993
-0.001119
-0.001195
-0.001235
-0.001227
-0.001123
-0.000945
-0.000827
-0.000804
-0.000704
-0.000413
-0.000011
0.000428
0.000853
0.001146
0.001245
0.001169
0.000935
0.000648
0.000438
0.000271
0.000120
0.000067
-0.000028
-0.000513
-0.001266
-0.001630
-0.001418
-0.001190
-0.001166
-0.000859
-0.000111
0.000552
0.000850
0.001071
0.001396
0.001533
0.001235
0.000803
0.000704
0.000827
0.000710
0.000413
0.000403
0.000670
0.000833
0.000845
0.000852
0.000694
0.000171
-0.000512
-0.001013
-0.001312
-0.001585
-0.001829
-0.001877
-0.001664
-0.001336
-0.001048
-0.000797
-0.000554
-0.000406
-0.000435
-0.000524
-0.000430
-0.000086
0.000289
0.000549
0.000831
0.001239
0.001607
0.001789
0.001867
0.001908
0.001779
0.001351
0.000735
0.000194
-0.000157
-0.000440
-0.000737
-0.000906
-0.000881
-0.000856
-0.000943
-0.001050
-0.001159
-0.001311
-0.001435
-0.001432
-0.001271
-0.001011
-0.000730
-0.000390
0.000074
0.000577
0.000984
0.001258
0.001396
0.001375
0.001231
0.001113
0.001151
0.001260
0.001202
0.000893
0.000464
0.000101
-0.000115
-0.000264
-0.000479
-0.000773
-0.001015
-0.001068
-0.000954
-0.000825
-0.000758
-0.000683
-0.000546
-0.000393
-0.000283
-0.000205
-0.000092
0.000044
0.000161
0.000341
0.000624
0.000869
0.001006
0.001106
0.001136
0.000965
0.000592
0.000210
-0.000040
-0.000269
-0.000592
-0.000856
-0.000882
-0.000748
-0.000639
-0.000571
-0.000441
-0.000318
-0.000417
-0.000645
-0.000629
-0.000358
-0.000188
-0.000187
-0.000079
0.000224
0.000523
0.000713
0.000883
0.001050
0.001098
0.000984
0.000817
0.000700
0.000589
0.000373
0.000086
-0.000147
-0.000338
-0.000537
-0.000689
-0.000876
-0.001265
-0.001688
-0.001813
-0.001651
-0.001399
-0.001034
-0.000457
0.000192
0.000655
0.000902
0.001177
0.001564
0.001699
0.001335
0.000847
0.000653
0.000632
0.000515
0.000384
0.000440
0.000638
0.000793
0.000836
0.000802
0.000657
0.000299
-0.000260
-0.000790
-0.001109
-0.001336
-0.001572
-0.001582
-0.001242
-0.000856
-0.000650
-0.000495
-0.000291
-0.000143
-0.000155
-0.000312
-0.000508
-0.000581
-0.000411
-0.000060
0.000329
0.000721
0.001099
0.001335
0.001385
0.001321
0.001103
0.000653
0.000105
-0.000293
-0.000450
-0.000486
-0.000480
-0.000361
-0.000144
-0.000016
-0.000015
0.000021
0.000081
-0.000065
-0.000445
-0.000762
-0.000816
-0.000732
-0.000595
-0.000284
0.000177
0.000530
0.000653
0.000689
0.000767
0.000794
0.000618
0.000289
0.000019
-0.000110
-0.000226
-0.000398
-0.000472
-0.000341
-0.000158
-0.000096
-0.000145
-0.000214
-0.000242
-0.000241
-0.000296
-0.000387
-0.000332
-0.000132
0.000013
0.000088
0.000231
0.000435
0.000637
0.000840
0.000915
0.000717
0.000409
0.000238
0.000162
0.000009
-0.000169
-0.000187
-0.000088
-0.000109
-0.000292
-0.000416
-0.000383
-0.000407
-0.000652
-0.000910
-0.000939
-0.000843
-0.000779
-0.000642
-0.000309
0.000142
0.000587
0.000921
0.001024
0.000944
0.000877
0.000856
0.000793
0.000722
0.000664
0.000490
0.000193
-0.000017
-0.000035
-0.000007
-0.000118
-0.000338
-0.000470
-0.000534
-0.000862
-0.001517
-0.001956
-0.001759
-0.001250
-0.000862
-0.000495
0.000029
0.000574
0.000955
0.001069
0.000919
0.000686
0.000479
0.000280
0.000214
0.000367
0.000550
0.000638
0.000735
0.000869
0.000916
0.000814
0.000621
0.000407
0.000188
-0.000040
-0.000240
-0.000389
-0.000506
-0.000607
-0.000699
-0.000700
-0.000529
-0.000350
-0.000384
-0.000561
-0.000689
-0.000696
-0.000614
-0.000504
-0.000353
-0.000056
0.000348
0.000617
0.000684
0.000744
0.000813
0.000659
0.000340
0.000212
0.000285
0.000241
0.000035
-0.000117
-0.000146
-0.000164
-0.000259
-0.000398
-0.000487
-0.000538
-0.000606
-0.000611
-0.000464
-0.000299
-0.000265
-0.000255
-0.000091
0.000156
0.000245
0.000125
0.000005
0.000039
0.000173
0.000297
0.000402
0.000529
0.000630
0.000656
0.000689
0.000750
0.000661
0.000342
-0.000016
-0.000247
-0.000390
-0.000493
-0.000516
-0.000465
-0.000415
-0.000366
-0.000291
-0.000241
-0.000253
-0.000286
-0.000265
-0.000146
-0.000011
0.000037
0.000070
0.000188
0.000329
0.000405
0.000431
0.000477
0.000524
0.000442
0.000220
0.000064
0.000085
0.000123
0.000090
0.000121
0.000242
0.000246
0.000014
-0.000303
-0.000492
-0.000548
-0.000586
-0.000605
-0.000565
-0.000537
-0.000557
-0.000541
-0.000452
-0.000325
-0.000184
-0.000023
0.000193
0.000460
0.000685
0.000752
0.000610
0.000361
0.000176
0.000069
-0.000014
0.000001
0.000105
0.000095
-0.000154
-0.000504
-0.000674
-0.000536
-0.000283
-0.000154
-0.000085
0.000128
0.000427
0.000575
0.000555
0.000533
0.000495
0.000321
0.000062
-0.000143
-0.000215
-0.000153
-0.000091
-0.000084
-0.000008
0.000155
0.000300
0.000399
0.000437
0.000382
0.000265
0.000095
-0.000149
-0.000419
-0.000596
-0.000589
-0.000413
-0.000199
-0.000096
-0.000134
-0.000201
-0.000178
-0.000067
0.000058
0.000137
0.000123
0.000053
0.000055
0.000192
0.000360
0.000392
0.000233
0.000006
-0.000099
-0.000036
0.000016
-0.000107
-0.000311
-0.000417
-0.000430
-0.000439
-0.000413
-0.000324
-0.000256
-0.000223
-0.000098
0.000169
0.000436
0.000539
0.000491
0.000399
0.000280
0.000085
-0.000185
-0.000429
-0.000514
-0.000421
-0.000244
-0.000044
0.000153
0.000325
0.000457
0.000530
0.000523
0.000426
0.000251
0.000055
-0.000065
-0.000071
-0.000033
-0.000018
0.000008
0.000066
0.000074
-0.000015
-0.000132
-0.000240
-0.000354
-0.000427
-0.000401
-0.000295
-0.000158
-0.000037
0.000079
0.000274
0.000501
0.000559
0.000408
0.000191
-0.000042
-0.000259
-0.000317
-0.000215
-0.000161
-0.000175
-0.000020
0.000336
0.000578
0.000515
0.000282
0.000024
-0.000235
-0.000464
-0.000582
-0.000529
-0.000363
-0.000260
-0.000242
-0.000094
0.000214
0.000414
0.000440
0.000460
0.000383
0.000007
-0.000462
-0.000672
-0.000641
-0.000577
-0.000510
-0.000330
-0.000049
0.000081
-0.000103
-0.000322
-0.000241
-0.000007
0.000099
0.000166
0.000398
0.000757
0.001070
0.001212
0.001192
0.001099
0.000957
0.000703
0.000286
-0.000239
-0.000707
-0.000994
-0.001084
-0.000967
-0.000713
-0.000473
-0.000241
0.000072
0.000309
0.000268
0.000032
-0.000219
-0.000414
-0.000505
-0.000454
-0.000294
-0.000076
0.000173
0.000391
0.000534
0.000611
0.000590
0.000446
0.000239
0.000029
-0.000164
-0.000294
-0.000289
-0.000130
0.000045
0.000077
0.000069
0.000214
0.000404
0.000370
0.000100
-0.000179
-0.000331
-0.000422
-0.000512
-0.000539
-0.000489
-0.000435
-0.000355
-0.000139
0.000217
0.000544
0.000657
0.000549
0.000323
0.000035
-0.000217
-0.000309
-0.000294
-0.000285
-0.000224
-0.000057
0.000095
0.000110
0.000032
-0.000058
-0.000168
-0.000267
-0.000235
-0.000058
0.000153
0.000293
0.000320
0.000302
0.000314
0.000317
0.000254
0.000172
0.000138
0.000137
0.000083
-0.000049
-0.000194
-0.000289
-0.000280
-0.000082
0.000249
0.000493
0.000549
0.000491
0.000374
0.000201
-0.000059
-0.000405
-0.000690
-0.000790
-0.000790
-0.000790
-0.000721
-0.000514
-0.000232
0.000078
0.000431
0.000733
0.000802
0.000596
0.000265
0.000008
-0.000073
-0.000075
-0.000129
-0.000183
-0.000127
0.000034
0.000229
0.000364
0.000346
0.000199
0.000044
-0.000060
-0.000180
-0.000338
-0.000438
-0.000436
-0.000377
-0.000285
-0.000220
-0.000230
-0.000221
-0.000150
-0.000187
-0.000395
-0.000498
-0.000233
0.000269
0.000639
0.000749
0.000833
0.001064
0.001229
0.001063
0.000642
0.000246
-0.000001
-0.000176
-0.000395
-0.000646
-0.000741
-0.000567
-0.000306
-0.000202
-0.000231
-0.000241
-0.000217
-0.000201
-0.000185
-0.000231
-0.000389
-0.000493
-0.000401
-0.000231
-0.000119
-0.000034
0.000092
0.000271
0.000448
0.000498
0.000380
0.000254
0.000270
0.000368
0.000412
0.000387
0.000391
0.000477
0.000557
0.000509
0.000345
0.000202
0.000125
-0.000003
-0.000222
-0.000418
-0.000515
-0.000518
-0.000473
-0.000468
-0.000526
-0.000526
-0.000394
-0.000267
-0.000304
-0.000451
-0.000541
-0.000511
-0.000442
-0.000408
-0.000354
-0.000205
-0.000007
0.000161
0.000322
0.000516
0.000666
0.000670
0.000559
0.000437
0.000371
0.000344
0.000274
0.000148
0.000063
0.000114
0.000307
0.000550
0.000717
0.000731
0.000571
0.000298
0.000021
-0.000183
-0.000308
-0.000373
-0.000361
-0.000259
-0.000132
-0.000095
-0.000191
-0.000366
-0.000545
-0.000660
-0.000664
-0.000638
-0.000735
-0.000915
-0.000940
-0.000676
-0.000234
0.000194
0.000523
0.000773
0.000901
0.000803
0.000539
0.000311
0.000165
0.000010
-0.000109
-0.000058
0.000119
0.000227
0.000245
0.000319
0.000401
0.000271
0.000008
-0.000052
0.000174
0.000403
0.000394
0.000226
0.000079
-0.000117
-0.000516
-0.000933
-0.001059
-0.000968
-0.000899
-0.000757
-0.000344
0.000166
0.000454
0.000537
0.000642
0.000764
0.000691
0.000401
0.000115
-0.000034
-0.000111
-0.000140
-0.000015
0.000253
0.000446
0.000442
0.000414
0.000491
0.000464
0.000116
-0.000377
-0.000721
-0.000906
-0.001042
-0.001077
-0.000889
-0.000513
-0.000115
0.000184
0.000373
0.000468
0.000466
0.000385
0.000262
0.000139
0.000063
0.000032
0.000032
0.000111
0.000288
0.000463
0.000538
0.000542
0.000503
0.000367
0.000177
0.000032
-0.000135
-0.000398
-0.000601
-0.000593
-0.000441
-0.000276
-0.000186
-0.000178
-0.000153
-0.000085
-0.000116
-0.000301
-0.000473
-0.000495
-0.000411
-0.000325
-0.000275
-0.000198
0.000001
0.000270
0.000421
0.000394
0.000359
0.000419
0.000464
0.000438
0.000415
0.000416
0.000429
0.000445
0.000402
0.000247
0.000031
-0.000162
-0.000272
-0.000242
-0.000090
0.000033
0.000053
0.000077
0.000167
0.000187
0.000022
-0.000243
-0.000433
-0.000497
-0.000559
-0.000655
-0.000627
-0.000451
-0.000303
-0.000263
-0.000272
-0.000268
-0.000152
0.000098
0.000289
0.000241
0.000003
-0.000254
-0.000417
-0.000433
-0.000264
0.000100
0.000558
0.000926
0.001139
0.001290
0.001372
0.001238
0.000894
0.000532
0.000253
0.000008
-0.000235
-0.000428
-0.000510
-0.000499
-0.000542
-0.000763
-0.001025
-0.001078
-0.000876
-0.000569
-0.000275
-0.000033
0.000122
0.000210
0.000324
0.000455
0.000467
0.000287
-0.000040
-0.000388
-0.000595
-0.000621
-0.000531
-0.000327
-0.000043
0.000207
0.000397
0.000553
0.000628
0.000598
0.000508
0.000399
0.000329
0.000351
0.000417
0.000425
0.000321
0.000107
-0.000148
-0.000331
-0.000391
-0.000408
-0.000454
-0.000448
-0.000322
-0.000189
-0.000156
-0.000179
-0.000151
-0.000027
0.000102
0.000130
0.000101
0.000085
0.000037
-0.000068
-0.000107
-0.000018
0.000068
0.000072
0.000083
0.000153
0.000213
0.000214
0.000162
0.000077
0.000006
-0.000035
-0.000075
-0.000122
-0.000183
-0.000270
-0.000365
-0.000457
-0.000520
-0.000488
-0.000341
-0.000106
0.000194
0.000446
0.000501
0.000435
0.000450
0.000526
0.000522
0.000458
0.000433
0.000417
0.000299
0.000080
-0.000124
-0.000269
-0.000393
-0.000500
-0.000513
-0.000393
-0.000250
-0.000213
-0.000211
-0.000127
-0.000031
-0.000038
-0.000082
-0.000082
-0.000117
-0.000230
-0.000313
-0.000314
-0.000272
-0.000212
-0.000134
-0.000010
0.000186
0.000365
0.000451
0.000523
0.000606
0.000577
0.000383
0.000130
-0.000070
-0.000190
-0.000212
-0.000100
0.000075
0.000169
0.000187
0.000217
0.000234
0.000175
0.000063
-0.000043
-0.000090
-0.000033
0.000090
0.000153
0.000096
0.000000
-0.000078
-0.000213
-0.000392
-0.000439
-0.000309
-0.000219
-0.000316
-0.000453
-0.000420
-0.000256
-0.000179
-0.000198
-0.000057
0.000288
0.000552
0.000571
0.000420
0.000200
-0.000024
-0.000187
-0.000227
-0.000151
-0.000076
-0.000060
0.000025
0.000227
0.000372
0.000368
0.000282
0.000101
-0.000164
-0.000298
-0.000172
0.000047
0.000158
0.000163
0.000128
0.000083
0.000080
0.000149
0.000225
0.000199
-0.000008
-0.000314
-0.000478
-0.000410
-0.000273
-0.000177
-0.000083
0.000028
0.000072
-0.000006
-0.000099
-0.000109
-0.000129
-0.000225
-0.000307
-0.000287
-0.000149
0.000048
0.000209
0.000313
0.000381
0.000406
0.000408
0.000403
0.000375
0.000305
0.000185
0.000066
0.000003
-0.000051
-0.000096
-0.000034
0.000114
0.000160
-0.000011
-0.000268
-0.000429
-0.000551
-0.000741
-0.000827
-0.000643
-0.000381
-0.000281
-0.000228
0.000013
0.000343
0.000488
0.000475
0.000543
0.000647
0.000545
0.000304
0.000254
0.000411
0.000434
0.000223
0.000070
0.000075
-0.000016
-0.000280
-0.000476
-0.000512
-0.000575
-0.000688
-0.000622
-0.000352
-0.000114
0.000003
0.000127
0.000323
0.000470
0.000425
0.000249
0.000121
0.000048
-0.000089
-0.000270
-0.000348
-0.000266
-0.000109
0.000035
0.000180
0.000336
0.000392
0.000268
0.000076
-0.000008
0.000014
-0.000011
-0.000088
-0.000063
0.000063
0.000137
0.000136
0.000142
0.000159
0.000162
0.000179
0.000190
0.000084
-0.000156
-0.000355
-0.000328
-0.000110
0.000031
-0.000102
-0.000367
-0.000470
-0.000349
-0.000156
-0.000024
0.000001
-0.000035
-0.000022
0.000074
0.000148
0.000114
0.000028
-0.000004
0.000036
0.000074
0.000042
-0.000037
-0.000077
-0.000020
0.000108
0.000240
0.000306
0.000261
0.000117
-0.000029
-0.000090
-0.000099
-0.000125
-0.000116
0.000017
0.000212
0.000370
0.000487
0.000540
0.000454
0.000242
-0.000030
-0.000341
-0.000673
-0.000930
-0.000993
-0.000799
-0.000402
-0.000007
0.000212
0.000330
0.000462
0.000535
0.000457
0.000273
0.000069
-0.000127
-0.000352
-0.000549
-0.000512
-0.000196
0.000136
0.000273
0.000324
0.000445
0.000515
0.000331
-0.000017
-0.000248
-0.000276
-0.000196
-0.000051
0.000101
0.000142
0.000069
0.000010
0.000043
0.000098
0.000039
-0.000158
-0.000340
-0.000336
-0.000181
-0.000011
0.000147
0.000304
0.000415
0.000433
0.000340
0.000163
-0.000027
-0.000219
-0.000400
-0.000457
-0.000353
-0.000205
-0.000066
0.000090
0.000201
0.000150
-0.000034
-0.000180
-0.000194
-0.000181
-0.000253
-0.000310
-0.000167
0.000134
0.000332
0.000319
0.000263
0.000239
0.000112
-0.000147
-0.000365
-0.000399
-0.000267
-0.000095
0.000013
0.000085
0.000187
0.000298
0.000394
0.000507
0.000593
0.000539
0.000361
0.000193
0.000098
-0.000002
-0.000167
-0.000305
-0.000307
-0.000227
-0.000216
-0.000277
-0.000225
-0.000045
-0.000004
-0.000164
-0.000245
-0.000095
0.000126
0.000189
0.000079
-0.000046
-0.000102
-0.000107
-0.000113
-0.000171
-0.000248
-0.000290
-0.000288
-0.000178
0.000038
0.000194
0.000238
0.000264
0.000275
0.000219
0.000132
0.000075
0.000037
-0.000039
-0.000091
-0.000009
0.000121
0.000166
0.000138
0.000080
0.000029
0.000004
-0.000026
-0.000023
0.000081
0.000166
0.000059
-0.000130
-0.000134
0.000023
0.000067
-0.000033
-0.000082
-0.000100
-0.000211
-0.000331
-0.000341
-0.000282
-0.000238
-0.000195
-0.000073
0.000117
0.000262
0.000303
0.000286
0.000307
0.000403
0.000408
0.000164
-0.000176
-0.000337
-0.000294
-0.000166
0.000028
0.000226
0.000241
0.000067
-0.000057
0.000005
0.000124
0.000094
-0.000113
-0.000296
-0.000348
-0.000390
-0.000397
-0.000131
0.000332
0.000482
0.000096
-0.000340
-0.000300
0.000042
0.000201
0.000177
0.000233
0.000326
0.000310
0.000285
0.000332
0.000278
-0.000041
-0.000515
-0.000872
-0.000964
-0.000802
-0.000419
0.000019
0.000255
0.000310
0.000423
0.000603
0.000640
0.000449
0.000204
0.000103
0.000082
0.000037
0.000064
0.000131
0.000008
-0.000243
-0.000289
-0.000101
-0.000044
-0.000290
-0.000499
-0.000330
0.000041
0.000243
0.000256
0.000283
0.000314
0.000202
0.000003
-0.000153
-0.000304
-0.000450
-0.000460
-0.000349
-0.000277
-0.000269
-0.000185
0.000035
0.000232
0.000230
0.000089
0.000005
0.000094
0.000337
0.000578
0.000675
0.000651
0.000548
0.000309
0.000024
-0.000089
-0.000066
-0.000198
-0.000567
-0.000840
-0.000675
-0.000167
0.000316
0.000553
0.000564
0.000424
0.000167
-0.000140
-0.000389
-0.000580
-0.000815
-0.001007
-0.000881
-0.000436
0.000008
0.000268
0.000468
0.000693
0.000751
0.000477
0.000117
0.000060
0.000285
0.000417
0.000276
0.000101
0.000135
0.000277
0.000311
0.000187
-0.000023
-0.000251
-0.000451
-0.000587
-0.000629
-0.000564
-0.000397
-0.000199
-0.000140
-0.000225
-0.000238
-0.000117
0.000008
0.000102
0.000178
0.000194
0.000180
0.000220
0.000308
0.000358
0.000292
0.000079
-0.000181
-0.000256
-0.000077
0.000073
-0.000025
-0.000129
0.000085
0.000517
0.000804
0.000799
0.000660
0.000481
0.000195
-0.000153
-0.000398
-0.000493
-0.000582
-0.000782
-0.000949
-0.000849
-0.000530
-0.000238
-0.000109
-0.000138
-0.000220
-0.000176
0.000094
0.000467
0.000655
0.000524
0.000307
0.000258
0.000298
0.000218
0.000065
0.000021
0.000073
0.000095
0.000096
0.000143
0.000255
0.000353
0.000269
-0.000020
-0.000270
-0.000315
-0.000295
-0.000393
-0.000574
-0.000689
-0.000658
-0.000512
-0.000338
-0.000103
0.000258
0.000561
0.000582
0.000484
0.000561
0.000727
0.000642
0.000242
-0.000160
-0.000308
-0.000253
-0.000130
0.000016
0.000092
0.000001
-0.000175
-0.000253
-0.000198
-0.000186
-0.000299
-0.000367
-0.000275
-0.000108
0.000052
0.000197
0.000273
0.000180
-0.000002
-0.000017
0.000191
0.000366
0.000263
-0.000005
-0.000041
0.000239
0.000458
0.000396
0.000242
0.000108
-0.000118
-0.000402
-0.000511
-0.000413
-0.000359
-0.000432
-0.000409
-0.000224
-0.000106
-0.000146
-0.000220
-0.000272
-0.000296
-0.000225
-0.000019
0.000296
0.000549
0.000505
0.000215
0.000003
0.000029
0.000158
0.000202
0.000121
-0.000019
-0.000137
-0.000069
0.000299
0.000772
0.001015
0.000931
0.000675
0.000387
0.000097
-0.000163
-0.000384
-0.000641
-0.000922
-0.001074
-0.000969
-0.000630
-0.000286
-0.000155
-0.000142
-0.000043
0.000111
0.000176
0.000112
0.000020
0.000036
0.000133
0.000210
0.000303
0.000427
0.000509
0.000518
0.000399
0.000095
-0.000276
-0.000547
-0.000686
-0.000740
-0.000727
-0.000587
-0.000270
0.000108
0.000356
0.000431
0.000412
0.000360
0.000289
0.000170
0.000004
-0.000091
0.000006
0.000239
0.000462
0.000614
0.000735
0.000829
0.000780
0.000491
0.000024
-0.000424
-0.000674
-0.000714
-0.000642
-0.000543
-0.000492
-0.000531
-0.000543
-0.000386
-0.000174
-0.000118
-0.000192
-0.000241
-0.000243
-0.000247
-0.000211
-0.000080
0.000092
0.000201
0.000260
0.000385
0.000594
0.000755
0.000754
0.000606
0.000408
0.000267
0.000204
0.000182
0.000161
0.000091
-0.000034
-0.000148
-0.000237
-0.000387
-0.000625
-0.000815
-0.000800
-0.000572
-0.000256
0.000000
0.000123
0.000138
0.000123
0.000161
0.000270
0.000347
0.000314
0.000262
0.000287
0.000317
0.000240
0.000135
0.000121
0.000095
-0.000089
-0.000304
-0.000339
-0.000219
-0.000096
-0.000078
-0.000214
-0.000420
-0.000508
-0.000386
-0.000127
0.000149
0.000394
0.000549
0.000447
0.000092
-0.000177
-0.000183
-0.000157
-0.000267
-0.000393
-0.000372
-0.000190
0.000050
0.000275
0.000463
0.000565
0.000511
0.000349
0.000262
0.000330
0.000356
0.000190
0.000005
-0.000025
-0.000023
-0.000116
-0.000200
-0.000169
-0.000160
-0.000332
-0.000581
-0.000663
-0.000486
-0.000203
-0.000023
0.000070
0.000182
0.000215
0.000061
-0.000167
-0.000315
-0.000358
-0.000309
-0.000144
0.000085
0.000231
0.000273
0.000322
0.000401
0.000442
0.000455
0.000478
0.000464
0.000358
0.000172
-0.000056
-0.000222
-0.000202
-0.000063
0.000004
-0.000019
-0.000047
-0.000073
-0.000117
-0.000193
-0.000330
-0.000482
-0.000519
-0.000386
-0.000180
-0.000011
0.000094
0.000141
0.000131
0.000069
-0.000037
-0.000140
-0.000174
-0.000140
-0.000102
-0.000066
0.000043
0.000194
0.000253
0.000249
0.000310
0.000381
0.000386
0.000406
0.000472
0.000486
0.000359
0.000088
-0.000162
-0.000193
-0.000103
-0.000125
-0.000229
-0.000296
-0.000402
-0.000593
-0.000684
-0.000525
-0.000266
-0.000159
-0.000236
-0.000292
-0.000144
0.000163
0.000460
0.000617
0.000556
0.000302
0.000007
-0.000174
-0.000182
-0.000052
0.000076
0.000089
0.000044
0.000081
0.000221
0.000355
0.000397
0.000345
0.000228
0.000053
-0.000137
-0.000203
-0.000073
0.000092
0.000079
-0.000062
-0.000114
-0.000029
0.000057
0.000016
-0.000180
-0.000467
-0.000700
-0.000724
-0.000532
-0.000299
-0.000134
0.000001
0.000098
0.000092
0.000053
0.000130
0.000299
0.000397
0.000380
0.000342
0.000280
0.000118
-0.000010
0.000073
0.000194
0.000113
-0.000047
-0.000056
0.000119
0.000343
0.000401
0.000235
0.000051
0.000022
0.000060
-0.000037
-0.000256
-0.000394
-0.000463
-0.000614
-0.000714
-0.000550
-0.000260
-0.000110
-0.000063
0.000075
0.000278
0.000409
0.000491
0.000561
0.000509
0.000269
-0.000040
-0.000211
-0.000176
-0.000123
-0.000241
-0.000442
-0.000490
-0.000336
-0.000145
-0.000007
0.000133
0.000239
0.000198
0.000092
0.000130
0.000293
0.000349
0.000193
0.000034
0.000139
0.000376
0.000367
0.000142
0.000055
0.000134
0.000127
-0.000002
-0.000099
-0.000140
-0.000244
-0.000418
-0.000494
-0.000385
-0.000220
-0.000155
-0.000192
-0.000232
-0.000228
-0.000184
-0.000073
0.000113
0.000319
0.000451
0.000405
0.000179
-0.000048
-0.000148
-0.000162
-0.000110
0.000004
0.000086
0.000063
0.000009
0.000011
0.000008
-0.000053
-0.000084
-0.000038
0.000045
0.000186
0.000346
0.000387
0.000337
0.000337
0.000363
0.000294
0.000138
-0.000057
-0.000304
-0.000519
-0.000545
-0.000417
-0.000347
-0.000432
-0.000482
-0.000283
0.000037
0.000190
0.000191
0.000234
0.000265
0.000103
-0.000112
-0.000068
0.000163
0.000214
0.000066
0.000050
0.000262
0.000437
0.000347
0.000083
-0.000140
-0.000305
-0.000498
-0.000612
-0.000448
-0.000095
0.000138
0.000146
0.000097
0.000113
0.000136
0.000098
0.000029
-0.000024
-0.000066
-0.000099
-0.000047
0.000122
0.000273
0.000285
0.000220
0.000193
0.000201
0.000172
0.000113
0.000094
0.000064
-0.000083
-0.000221
-0.000169
-0.000039
-0.000035
-0.000152
-0.000284
-0.000377
-0.000399
-0.000377
-0.000388
-0.000419
-0.000363
-0.000168
0.000129
0.000434
0.000613
0.000637
0.000614
0.000556
0.000386
0.000136
-0.000092
-0.000225
-0.000219
-0.000089
0.000075
0.000154
0.000097
-0.000022
-0.000103
-0.000150
-0.000237
-0.000367
-0.000440
-0.000388
-0.000259
-0.000107
0.000077
0.000268
0.000343
0.000192
-0.000083
-0.000238
-0.000211
-0.000143
-0.000117
-0.000083
-0.000015
0.000041
0.000097
0.000267
0.000532
0.000638
0.000414
0.000070
-0.000044
0.000061
0.000080
-0.000073
-0.000195
-0.000165
-0.000035
0.000126
0.000260
0.000302
0.000220
0.000057
-0.000115
-0.000248
-0.000353
-0.000455
-0.000472
-0.000358
-0.000262
-0.000272
-0.000278
-0.000192
-0.000083
-0.000034
0.000015
0.000108
0.000158
0.000167
0.000245
0.000339
0.000307
0.000190
0.000139
0.000183
0.000219
0.000164
0.000035
-0.000090
-0.000142
-0.000145
-0.000189
-0.000235
-0.000161
0.000008
0.000129
0.000166
0.000174
0.000173
0.000143
0.000055
-0.000072
-0.000131
-0.000070
0.000014
0.000009
-0.000064
-0.000117
-0.000125
-0.000105
-0.000108
-0.000184
-0.000250
-0.000164
0.000010
0.000088
0.000057
0.000052
0.000092
0.000072
0.000014
0.000046
0.000169
0.000295
0.000380
0.000359
0.000201
0.000004
-0.000131
-0.000192
-0.000195
-0.000135
-0.000063
-0.000050
-0.000028
0.000099
0.000184
0.000021
-0.000265
-0.000374
-0.000272
-0.000166
-0.000132
-0.000081
0.000006
0.000051
0.000014
-0.000052
-0.000006
0.000174
0.000225
0.000022
-0.000092
0.000100
0.000295
0.000214
-0.000034
-0.000172
-0.000047
0.000188
0.000281
0.000213
0.000115
0.000024
-0.000057
-0.000111
-0.000159
-0.000237
-0.000318
-0.000317
-0.000173
0.000040
0.000156
0.000122
0.000006
-0.000124
-0.000152
-0.000009
0.000119
0.000038
-0.000118
-0.000123
0.000037
0.000217
0.000285
0.000256
0.000233
0.000207
0.000079
-0.000078
-0.000047
0.000133
0.000162
-0.000020
-0.000138
-0.000032
0.000116
0.000067
-0.000163
-0.000359
-0.000398
-0.000326
-0.000212
-0.000112
-0.000046
0.000026
0.000085
0.000049
-0.000030
-0.000031
0.000016
0.000009
-0.000011
0.000049
0.000159
0.000224
0.000181
0.000045
-0.000073
-0.000064
0.000016
0.000012
-0.000054
0.000001
0.000208
0.000379
0.000387
0.000300
0.000213
0.000111
-0.000046
-0.000228
-0.000366
-0.000432
-0.000437
-0.000390
-0.000298
-0.000167
-0.000039
0.000006
-0.000031
-0.000049
0.000010
0.000099
0.000161
0.000215
0.000299
0.000343
0.000223
-0.000020
-0.000158
-0.000081
0.000033
0.000019
-0.000012
0.000051
0.000097
0.000069
0.000103
0.000222
0.000263
0.000168
0.000033
-0.000091
-0.000226
-0.000361
-0.000445
-0.000424
-0.000300
-0.000158
-0.000053
0.000024
0.000071
0.000088
0.000136
0.000247
0.000331
0.000303
0.000226
0.000182
0.000156
0.000100
-0.000012
-0.000151
-0.000225
-0.000204
-0.000175
-0.000220
-0.000295
-0.000283
-0.000146
0.000014
0.000124
0.000246
0.000377
0.000368
0.000212
0.000105
0.000091
-0.000005
-0.000207
-0.000308
-0.000225
-0.000119
-0.000108
-0.000105
-0.000035
0.000007
-0.000030
-0.000063
-0.000063
-0.000054
-0.000034
-0.000009
-0.000005
-0.000011
0.000008
0.000037
0.000026
-0.000003
-0.000023
-0.000047
-0.000016
0.000128
0.000283
0.000306
0.000224
0.000211
0.000334
0.000439
0.000375
0.000185
0.000007
-0.000120
-0.000276
-0.000458
-0.000505
-0.000380
-0.000267
-0.000258
-0.000231
-0.000114
0.000023
0.000120
0.000159
0.000121
0.000032
-0.000048
-0.000133
-0.000239
-0.000244
-0.000055
0.000186
0.000302
0.000326
0.000335
0.000289
0.000170
0.000052
-0.000026
-0.000058
-0.000013
0.000064
0.000100
0.000102
0.000084
0.000037
-0.000025
-0.000114
-0.000264
-0.000440
-0.000548
-0.000506
-0.000303
-0.000049
0.000119
0.000152
0.000074
-0.000016
0.000030
0.000193
0.000275
0.000179
0.000041
0.000016
0.000093
0.000162
0.000191
0.000221
0.000209
0.000075
-0.000055
-0.000014
0.000067
-0.000031
-0.000262
-0.000391
-0.000299
-0.000119
-0.000043
-0.000057
-0.000003
0.000170
0.000357
0.000454
0.000411
0.000195
-0.000119
-0.000326
-0.000292
-0.000116
0.000004
0.000005
-0.000085
-0.000235
-0.000311
-0.000185
0.000027
0.000121
0.000103
0.000123
0.000237
0.000348
0.000358
0.000268
0.000137
0.000022
-0.000055
-0.000105
-0.000146
-0.000198
-0.000279
-0.000370
-0.000433
-0.000451
-0.000401
-0.000233
0.000030
0.000225
0.000227
0.000151
0.000165
0.000220
0.000179
0.000063
-0.000014
-0.000007
0.000033
0.000053
0.000046
0.000005
-0.000037
-0.000011
0.000079
0.000166
0.000238
0.000283
0.000223
0.000039
-0.000171
-0.000299
-0.000290
-0.000173
-0.000082
-0.000114
-0.000161
-0.000029
0.000267
0.000489
0.000488
0.000356
0.000213
0.000053
-0.000151
-0.000335
-0.000426
-0.000417
-0.000351
-0.000286
-0.000264
-0.000224
-0.000112
-0.000036
-0.000059
-0.000054
0.000081
0.000261
0.000345
0.000318
0.000289
0.000341
0.000417
0.000413
0.000331
0.000200
0.000019
-0.000134
-0.000188
-0.000215
-0.000290
-0.000381
-0.000414
-0.000330
-0.000143
0.000051
0.000177
0.000212
0.000132
-0.000018
-0.000148
-0.000259
-0.000378
-0.000445
-0.000409
-0.000280
-0.000082
0.000138
0.000325
0.000423
0.000391
0.000272
0.000139
0.000006
-0.000092
-0.000091
-0.000001
0.000090
0.000144
0.000232
0.000377
0.000453
0.000374
0.000245
0.000165
0.000057
-0.000138
-0.000298
-0.000344
-0.000376
-0.000419
-0.000378
-0.000261
-0.000168
-0.000104
-0.000023
0.000058
0.000106
0.000113
0.000085
0.000061
0.000070
0.000126
0.000189
0.000182
0.000118
0.000048
-0.000052
-0.000164
-0.000175
-0.000071
0.000022
0.000034
0.000028
0.000043
0.000034
-0.000009
-0.000032
-0.000031
-0.000081
-0.000185
-0.000240
-0.000187
-0.000080
-0.000011
-0.000024
-0.000041
0.000029
0.000149
0.000234
0.000261
0.000196
-0.000011
-0.000241
-0.000259
-0.000046
0.000209
0.000374
0.000420
0.000363
0.000256
0.000152
0.000083
0.000026
-0.000039
-0.000072
-0.000098
-0.000214
-0.000362
-0.000371
-0.000251
-0.000189
-0.000256
-0.000295
-0.000202
-0.000104
-0.000114
-0.000159
-0.000117
0.000015
0.000086
0.000010
-0.000046
0.000100
0.000343
0.000478
0.000476
0.000412
0.000296
0.000145
0.000061
0.000105
0.000191
0.000192
0.000110
0.000025
-0.000051
-0.000150
-0.000247
-0.000269
-0.000199
-0.000156
-0.000241
-0.000342
-0.000315
-0.000238
-0.000248
-0.000262
-0.000142
0.000030
0.000115
0.000139
0.000166
0.000177
0.000178
0.000227
0.000320
0.000353
0.000235
-0.000010
-0.000271
-0.000446
-0.000472
-0.000313
-0.000041
0.000145
0.000166
0.000174
0.000240
0.000230
0.000065
-0.000105
-0.000086
0.000089
0.000228
0.000227
0.000175
0.000170
0.000156
0.000055
-0.000087
-0.000196
-0.000270
-0.000315
-0.000301
-0.000247
-0.000205
-0.000145
-0.000015
0.000140
0.000242
0.000267
0.000219
0.000147
0.000123
0.000125
0.000093
0.000088
0.000139
0.000121
-0.000014
-0.000126
-0.000141
-0.000143
-0.000182
-0.000209
-0.000187
-0.000156
-0.000157
-0.000180
-0.000188
-0.000156
-0.000107
-0.000121
-0.000206
-0.000229
-0.000072
0.000197
0.000416
0.000518
0.000526
0.000447
0.000274
0.000075
-0.000035
-0.000042
-0.000054
-0.000131
-0.000216
-0.000210
-0.000084
0.000070
0.000114
0.000017
-0.000104
-0.000134
-0.000109
-0.000121
-0.000143
-0.000072
0.000073
0.000171
0.000201
0.000221
0.000190
0.000041
-0.000144
-0.000233
-0.000250
-0.000260
-0.000207
-0.000048
0.000125
0.000229
0.000287
0.000341
0.000384
0.000341
0.000156
-0.000060
-0.000157
-0.000167
-0.000192
-0.000209
-0.000163
-0.000085
-0.000020
0.000042
0.000090
0.000087
0.000037
-0.000039
-0.000159
-0.000308
-0.000370
-0.000282
-0.000150
-0.000079
-0.000056
-0.000039
-0.000026
-0.000000
0.000073
0.000165
0.000207
0.000213
0.000218
0.000182
0.000093
0.000033
0.000039
0.000042
0.000023
0.000060
0.000154
0.000201
0.000146
0.000048
0.000011
0.000038
0.000018
-0.000048
-0.000060
-0.000059
-0.000131
-0.000210
-0.000192
-0.000120
-0.000126
-0.000209
-0.000241
-0.000202
-0.000168
-0.000131
-0.000066
-0.000030
-0.000037
-0.000015
0.000071
0.000186
0.000288
0.000373
0.000440
0.000452
0.000395
0.000322
0.000243
0.000087
-0.000154
-0.000325
-0.000304
-0.000186
-0.000124
-0.000107
-0.000059
-0.000003
-0.000022
-0.000124
-0.000219
-0.000229
-0.000158
-0.000082
-0.000066
-0.000089
-0.000095
-0.000083
-0.000083
-0.000056
0.000032
0.000069
-0.000010
-0.000041
0.000100
0.000268
0.000293
0.000196
0.000079
0.000015
0.000044
0.000150
0.000266
0.000279
0.000083
-0.000231
-0.000382
-0.000252
-0.000053
-0.000021
-0.000084
-0.000047
0.000051
0.000049
-0.000028
-0.000024
0.000072
0.000098
-0.000049
-0.000231
-0.000227
-0.000067
0.000032
0.000043
0.000115
0.000237
0.000246
0.000150
0.000134
0.000229
0.000271
0.000196
0.000092
0.000037
0.000034
0.000016
-0.000106
-0.000299
-0.000435
-0.000482
-0.000499
-0.000501
-0.000427
-0.000232
-0.000033
-0.000016
-0.000122
-0.000080
0.000183
0.000428
0.000462
0.000368
0.000287
0.000231
0.000214
0.000277
0.000344
0.000292
0.000170
0.000106
0.000091
0.000046
-0.000055
-0.000171
-0.000185
-0.000066
0.000004
-0.000101
-0.000251
-0.000321
-0.000405
-0.000572
-0.000663
-0.000514
-0.000177
0.000160
0.000346
0.000338
0.000210
0.000104
0.000103
0.000166
0.000199
0.000145
0.000032
-0.000005
0.000092
0.000159
0.000089
-0.000003
-0.000034
-0.000045
-0.000049
-0.000000
0.000100
0.000169
0.000143
0.000075
0.000076
0.000163
0.000191
0.000017
-0.000269
-0.000444
-0.000422
-0.000293
-0.000156
-0.000040
0.000062
0.000139
0.000147
0.000068
-0.000030
-0.000056
-0.000017
0.000014
0.000008
-0.000011
-0.000002
0.000039
0.000056
0.000021
-0.000001
0.000042
0.000082
0.000055
0.000022
0.000024
0.000002
-0.000075
-0.000152
-0.000129
0.000005
0.000096
0.000044
-0.000042
-0.000091
-0.000168
-0.000208
-0.000044
0.000253
0.000425
0.000393
0.000321
0.000305
0.000246
0.000095
-0.000023
-0.000066
-0.000148
-0.000252
-0.000259
-0.000232
-0.000292
-0.000333
-0.000224
-0.000067
-0.000008
-0.000025
-0.000023
0.000019
0.000053
0.000018
-0.000077
-0.000142
-0.000095
0.000072
0.000262
0.000329
0.000246
0.000111
-0.000012
-0.000105
-0.000116
-0.000013
0.000116
0.000125
0.000002
-0.000119
-0.000160
-0.000173
-0.000199
-0.000187
-0.000086
0.000067
0.000182
0.000215
0.000218
0.000229
0.000176
0.000044
-0.000009
0.000087
0.000157
0.000111
0.000075
0.000084
0.000036
-0.000040
-0.000058
-0.000085
-0.000177
-0.000247
-0.000219
-0.000114
0.000003
0.000023
-0.000100
-0.000242
-0.000288
-0.000233
-0.000093
0.000052
0.000094
0.000100
0.000184
0.000291
0.000315
0.000245
0.000097
-0.000098
-0.000227
-0.000201
-0.000104
-0.000047
-0.000009
0.000034
0.000022
-0.000072
-0.000161
-0.000143
-0.000022
0.000105
0.000155
0.000115
0.000040
0.000004
0.000022
0.000063
0.000105
0.000144
0.000172
0.000151
0.000074
0.000012
-0.000005
-0.000016
-0.000031
-0.000025
-0.000015
-0.000030
-0.000044
-0.000042
-0.000069
-0.000154
-0.000237
-0.000228
-0.000138
-0.000072
-0.000072
-0.000084
-0.000056
0.000019
0.000089
0.000092
0.000064
0.000084
0.000118
0.000054
-0.000067
-0.000041
0.000171
0.000331
0.000275
0.000134
0.000085
0.000108
0.000090
-0.000006
-0.000076
0.000006
0.000098
-0.000060
-0.000355
-0.000431
-0.000229
-0.000029
-0.000070
-0.000245
-0.000251
-0.000058
0.000077
0.000065
0.000069
0.000172
0.000248
0.000196
0.000071
-0.000028
-0.000071
-0.000092
-0.000097
-0.000061
0.000002
0.000058
0.000098
0.000094
0.000009
-0.000119
-0.000203
-0.000164
0.000007
0.000220
0.000370
0.000430
0.000395
0.000248
0.000047
-0.000128
-0.000288
-0.000419
-0.000419
-0.000263
-0.000082
-0.000012
-0.000035
-0.000021
0.000082
0.000173
0.000152
0.000090
0.000099
0.000116
0.000037
-0.000047
0.000007
0.000124
0.000107
-0.000049
-0.000149
-0.000080
0.000037
0.000046
-0.000027
-0.000096
-0.000165
-0.000235
-0.000230
-0.000112
0.000008
-0.000009
-0.000108
-0.000116
-0.000018
0.000032
0.000000
0.000028
0.000145
0.000194
0.000103
-0.000006
-0.000031
-0.000020
0.000008
0.000115
0.000216
0.000143
-0.000009
0.000006
0.000149
0.000193
0.000126
0.000074
0.000022
-0.000076
-0.000128
-0.000054
0.000070
0.000131
0.000125
0.000103
0.000054
-0.000046
-0.000120
-0.000100
-0.000064
-0.000116
-0.000209
-0.000245
-0.000256
-0.000292
-0.000266
-0.000115
0.000029
0.000042
0.000015
0.000085
0.000196
0.000210
0.000126
0.000034
-0.000032
-0.000075
-0.000043
0.000120
0.000309
0.000337
0.000216
0.000106
0.000037
-0.000045
-0.000141
-0.000223
-0.000246
-0.000172
-0.000087
-0.000135
-0.000242
-0.000210
-0.000074
0.000000
0.000043
0.000162
0.000287
0.000275
0.000139
0.000038
0.000067
0.000155
0.000170
0.000106
0.000039
-0.000024
-0.000057
0.000020
0.000142
0.000113
-0.000092
-0.000297
-0.000392
-0.000407
-0.000348
-0.000214
-0.000097
-0.000048
-0.000007
0.000073
0.000177
0.000298
0.000412
0.000415
0.000241
0.000010
-0.000074
-0.000017
-0.000030
-0.000157
-0.000203
-0.000134
-0.000113
-0.000151
-0.000114
-0.000032
-0.000036
-0.000084
-0.000023
0.000143
0.000242
0.000212
0.000186
0.000215
0.000158
-0.000017
-0.000135
-0.000130
-0.000121
-0.000132
-0.000078
0.000017
0.000042
-0.000025
-0.000094
-0.000091
-0.000031
0.000024
0.000033
0.000001
-0.000023
-0.000013
-0.000010
-0.000037
-0.000044
0.000002
0.000062
0.000078
0.000025
-0.000079
-0.000160
-0.000091
0.000114
0.000220
0.000102
-0.000047
-0.000021
0.000102
0.000138
0.000084
0.000031
-0.000031
-0.000125
-0.000158
-0.000087
-0.000012
0.000018
0.000076
0.000176
0.000239
0.000223
0.000163
0.000103
0.000016
-0.000139
-0.000250
-0.000192
-0.000116
-0.000217
-0.000358
-0.000265
0.000010
0.000162
0.000116
0.000097
0.000148
0.000073
-0.000094
-0.000100
0.000082
0.000212
0.000138
-0.000046
-0.000167
-0.000187
-0.000188
-0.000205
-0.000142
0.000060
0.000269
0.000320
0.000208
0.000050
-0.000052
-0.000092
-0.000097
-0.000065
0.000010
0.000121
0.000232
0.000275
0.000219
0.000085
-0.000090
-0.000215
-0.000218
-0.000186
-0.000218
-0.000237
-0.000148
-0.000008
0.000087
0.000122
0.000111
0.000060
-0.000013
-0.000060
-0.000033
0.000051
0.000100
0.000091
0.000110
0.000156
0.000145
0.000099
0.000119
0.000175
0.000145
0.000040
-0.000043
-0.000099
-0.000147
-0.000169
-0.000198
-0.000236
-0.000212
-0.000136
-0.000099
-0.000116
-0.000150
-0.000190
-0.000229
-0.000247
-0.000215
-0.000077
0.000153
0.000322
0.000314
0.000229
0.000191
0.000141
0.000053
0.000069
0.000229
0.000363
0.000387
0.000375
0.000298
0.000045
-0.000274
-0.000404
-0.000331
-0.000253
-0.000238
-0.000227
-0.000214
-0.000193
-0.000116
-0.000032
-0.000011
-0.000002
0.000032
0.000036
0.000007
0.000031
0.000121
0.000192
0.000204
0.000194
0.000155
0.000037
-0.000117
-0.000159
-0.000045
0.000066
0.000047
0.000011
0.000097
0.000213
0.000223
0.000162
0.000102
0.000027
-0.000078
-0.000170
-0.000191
-0.000151
-0.000094
-0.000036
0.000002
-0.000016
-0.000062
-0.000089
-0.000099
-0.000091
-0.000063
-0.000052
-0.000112
-0.000215
-0.000228
-0.000098
0.000034
0.000062
0.000056
0.000069
0.000071
0.000059
0.000048
0.000027
0.000042
0.000158
0.000274
0.000211
0.000010
-0.000110
-0.000105
-0.000121
-0.000165
-0.000134
-0.000073
-0.000041
0.000041
0.000166
0.000215
0.000219
0.000288
0.000375
0.000348
0.000212
0.000092
0.000020
-0.000085
-0.000203
-0.000226
-0.000179
-0.000178
-0.000215
-0.000176
-0.000039
0.000072
0.000053
-0.000062
-0.000169
-0.000227
-0.000254
-0.000262
-0.000222
-0.000108
0.000032
0.000090
0.000053
0.000033
0.000089
0.000151
0.000151
0.000096
0.000018
-0.000040
-0.000027
0.000052
0.000128
0.000121
0.000028
-0.000006
0.000110
0.000238
0.000226
0.000123
0.000074
0.000065
-0.000039
-0.000188
-0.000195
-0.000099
-0.000090
-0.000140
-0.000094
0.000000
0.000018
-0.000006
0.000017
0.000053
0.000031
0.000004
0.000073
0.000164
0.000080
-0.000144
-0.000241
-0.000105
0.000078
0.000126
0.000064
0.000003
-0.000038
-0.000123
-0.000239
-0.000285
-0.000186
0.000017
0.000169
0.000164
0.000072
0.000020
0.000037
0.000081
0.000094
0.000061
0.000046
0.000106
0.000175
0.000150
0.000050
-0.000020
-0.000000
0.000063
0.000049
-0.000094
-0.000265
-0.000333
-0.000278
-0.000185
-0.000135
-0.000107
-0.000022
0.000112
0.000190
0.000145
0.000024
-0.000076
-0.000094
-0.000052
0.000002
0.000071
0.000200
0.000363
0.000423
0.000309
0.000116
-0.000023
-0.000055
-0.000012
0.000010
-0.000042
-0.000105
-0.000132
-0.000138
-0.000111
-0.000061
-0.000064
-0.000143
-0.000197
-0.000138
-0.000033
0.000028
0.000081
0.000147
0.000131
0.000015
-0.000074
-0.000096
-0.000133
-0.000173
-0.000102
0.000066
0.000166
0.000127
0.000081
0.000100
0.000065
-0.000052
-0.000090
-0.000027
0.000014
0.000032
0.000056
0.000012
-0.000077
-0.000098
-0.000072
-0.000055
0.000002
0.000070
0.000023
-0.000099
-0.000138
-0.000108
-0.000121
-0.000123
0.000006
0.000206
0.000298
0.000257
0.000219
0.000232
0.000202
0.000092
-0.000008
-0.000063
-0.000132
-0.000170
-0.000090
-0.000007
-0.000046
-0.000089
-0.000017
0.000053
-0.000009
-0.000100
-0.000040
0.000091
0.000086
-0.000014
-0.000041
0.000022
0.000092
0.000102
0.000026
-0.000090
-0.000167
-0.000176
-0.000143
-0.000117
-0.000116
-0.000090
-0.000011
0.000043
-0.000001
-0.000069
-0.000060
-0.000013
-0.000007
-0.000015
0.000029
0.000098
0.000118
0.000101
0.000101
0.000120
0.000129
0.000127
0.000120
0.000083
0.000020
-0.000008
0.000026
0.000072
0.000088
0.000071
0.000021
-0.000042
-0.000095
-0.000164
-0.000266
-0.000345
-0.000336
-0.000214
-0.000018
0.000146
0.000197
0.000163
0.000104
0.000026
-0.000062
-0.000082
-0.000004
0.000066
0.000027
-0.000072
-0.000099
-0.000002
0.000127
0.000180
0.000194
0.000236
0.000239
0.000127
-0.000030
-0.000125
-0.000159
-0.000161
-0.000093
0.000033
0.000115
0.000139
0.000136
0.000063
-0.000077
-0.000200
-0.000261
-0.000270
-0.000248
-0.000200
-0.000120
-0.000041
-0.000001
0.000050
0.000125
