7200
-0.000169
-0.000236
-0.000200
-0.000185
-0.000246
-0.000277
-0.000187
0.000011
0.000226
0.000331
0.000266
0.000142
0.000126
0.000207
0.000202
0.000052
-0.000072
-0.000055
0.000009
-0.000014
-0.000093
-0.000086
0.000023
0.000100
0.000065
-0.000025
-0.000102
-0.000187
-0.000270
-0.000258
-0.000149
-0.000057
-0.000004
0.000071
0.000135
0.000113
0.000034
-0.000020
-0.000013
0.000036
0.000060
0.000004
-0.000072
-0.000052
0.000070
0.000187
0.000205
0.000147
0.000122
0.000151
0.000154
0.000133
0.000139
0.000109
-0.000033
-0.000192
-0.000213
-0.000106
-0.000043
-0.000089
-0.000113
-0.000026
0.000071
0.000059
-0.000065
-0.000217
-0.000254
-0.000116
0.000057
0.000092
-0.000019
-0.000157
-0.000210
-0.000133
0.000031
0.000203
0.000303
0.000264
0.000080
-0.000133
-0.000216
-0.000117
0.000077
0.000244
0.000290
0.000213
0.000102
0.000031
-0.000001
-0.000050
-0.000154
-0.000282
-0.000369
-0.000336
-0.000174
-0.000012
0.000038
0.000044
0.000088
0.000158
0.000205
0.000172
0.000041
-0.000102
-0.000143
-0.000078
-0.000011
-0.000003
-0.000002
0.000033
0.000068
0.000089
0.000116
0.000108
0.000030
-0.000012
0.000046
0.000097
0.000069
0.000037
0.000088
0.000206
0.000269
0.000159
-0.000071
-0.000257
-0.000323
-0.000316
-0.000275
-0.000177
-0.000033
0.000086
0.000138
0.000101
-0.000077
-0.000322
-0.000396
-0.000211
0.000040
0.000161
0.000172
0.000198
0.000240
0.000203
0.000108
0.000058
0.000070
0.000100
0.000089
0.000004
-0.000048
0.000035
0.000095
-0.000063
-0.000261
-0.000199
0.000064
0.000206
0.000108
-0.000048
-0.000099
-0.000089
-0.000096
-0.000113
-0.000139
-0.000154
-0.000109
-0.000058
-0.000080
-0.000095
0.000000
0.000133
0.000190
0.000219
0.000277
0.000270
0.000133
-0.000032
-0.000094
-0.000042
0.000021
0.000016
-0.000027
-0.000060
-0.000088
-0.000114
-0.000103
-0.000041
0.000013
-0.000005
-0.000060
-0.000112
-0.000161
-0.000157
-0.000046
0.000129
0.000256
0.000260
0.000168
0.000053
-0.000035
-0.000083
-0.000084
-0.000017
0.000110
0.000196
0.000166
0.000071
0.000010
0.000037
0.000070
-0.000037
-0.000242
-0.000324
-0.000208
-0.000085
-0.000077
-0.000051
0.000084
0.000178
0.000103
-0.000023
-0.000057
-0.000046
-0.000061
-0.000071
-0.000083
-0.000126
-0.000137
-0.000050
0.000063
0.000122
0.000193
0.000298
0.000286
0.000086
-0.000145
-0.000232
-0.000194
-0.000139
-0.000075
0.000030
0.000098
0.000052
-0.000013
0.000030
0.000124
0.000149
0.000135
0.000160
0.000155
0.000030
-0.000135
-0.000210
-0.000193
-0.000164
-0.000170
-0.000168
-0.000089
0.000022
0.000062
0.000040
0.000039
0.000073
0.000130
0.000214
0.000259
0.000204
0.000103
0.000031
-0.000031
-0.000124
-0.000187
-0.000124
-0.000000
0.000028
-0.000019
-0.000028
-0.000020
-0.000066
-0.000111
-0.000071
-0.000003
0.000040
0.000111
0.000166
0.000087
-0.000065
-0.000132
-0.000093
-0.000059
-0.000106
-0.000148
-0.000093
-0.000005
0.000025
-0.000002
-0.000044
-0.000057
-0.000040
-0.000042
-0.000070
-0.000064
0.000035
0.000199
0.000293
0.000229
0.000067
-0.000064
-0.000073
-0.000014
-0.000012
-0.000011
0.000107
0.000241
0.000218
0.000091
-0.000001
-0.000060
-0.000121
-0.000158
-0.000181
-0.000192
-0.000128
-0.000004
0.000045
-0.000022
-0.000099
-0.000089
0.000013
0.000124
0.000143
0.000067
-0.000015
-0.000021
0.000035
0.000051
-0.000009
-0.000022
0.000108
0.000291
0.000369
0.000307
0.000169
0.000002
-0.000146
-0.000221
-0.000265
-0.000343
-0.000373
-0.000248
-0.000032
0.000098
0.000086
0.000054
0.000052
-0.000035
-0.000179
-0.000146
0.000091
0.000229
0.000097
-0.000079
-0.000079
-0.000035
-0.000099
-0.000133
-0.000030
0.000064
0.000047
0.000008
0.000032
0.000072
0.000074
0.000083
0.000131
0.000131
0.000031
-0.000043
0.000037
0.000198
0.000280
0.000223
0.000083
-0.000034
-0.000059
-0.000031
-0.000071
-0.000230
-0.000397
-0.000418
-0.000301
-0.000176
-0.000099
-0.000022
0.000046
0.000042
0.000017
0.000057
0.000106
0.000100
0.000098
0.000135
0.000154
0.000139
0.000139
0.000151
0.000140
0.000122
0.000121
0.000128
0.000111
0.000012
-0.000148
-0.000195
-0.000070
0.000016
-0.000057
-0.000151
-0.000155
-0.000120
-0.000112
-0.000099
-0.000007
0.000125
0.000182
0.000135
0.000046
-0.000056
-0.000171
-0.000241
-0.000222
-0.000173
-0.000153
-0.000132
-0.000080
-0.000018
0.000015
0.000050
0.000140
0.000246
0.000269
0.000178
0.000058
0.000034
0.000087
0.000090
0.000055
0.000104
0.000185
0.000129
-0.000032
-0.000125
-0.000126
-0.000137
-0.000136
-0.000042
0.000080
0.000105
0.000038
-0.000035
-0.000088
-0.000120
-0.000110
-0.000071
-0.000012
0.000070
0.000088
-0.000035
-0.000166
-0.000119
0.000042
0.000102
0.000032
-0.000024
-0.000024
-0.000037
-0.000065
-0.000031
0.000069
0.000114
0.000039
-0.000072
-0.000124
-0.000085
0.000000
0.000055
0.000072
0.000097
0.000134
0.000144
0.000106
0.000054
0.000027
0.000000
-0.000037
-0.000069
-0.000152
-0.000269
-0.000223
0.000039
0.000266
0.000288
0.000211
0.000123
-0.000012
-0.000147
-0.000149
-0.000026
0.000042
-0.000036
-0.000140
-0.000119
-0.000000
0.000061
0.000012
-0.000014
0.000091
0.000230
0.000224
0.000055
-0.000131
-0.000252
-0.000340
-0.000377
-0.000269
-0.000004
0.000247
0.000313
0.000230
0.000120
-0.000013
-0.000175
-0.000265
-0.000207
-0.000081
0.000005
0.000064
0.000161
0.000237
0.000189
0.000047
-0.000082
-0.000155
-0.000141
-0.000024
0.000115
0.000235
0.000340
0.000363
0.000235
0.000013
-0.000151
-0.000203
-0.000266
-0.000367
-0.000346
-0.000165
-0.000010
0.000005
-0.000024
0.000003
0.000071
0.000144
0.000200
0.000220
0.000199
0.000160
0.000143
0.000142
0.000112
0.000051
-0.000012
-0.000071
-0.000121
-0.000157
-0.000159
-0.000105
-0.000077
-0.000176
-0.000292
-0.000270
-0.000192
-0.000201
-0.000238
-0.000174
-0.000005
0.000167
0.000257
0.000261
0.000213
0.000128
0.000055
0.000068
0.000127
0.000140
0.000119
0.000120
0.000111
0.000060
0.000030
0.000058
0.000074
0.000017
-0.000079
-0.000142
-0.000158
-0.000165
-0.000155
-0.000110
-0.000091
-0.000111
-0.000078
0.000039
0.000139
0.000123
0.000020
-0.000056
-0.000046
-0.000008
-0.000014
-0.000020
0.000081
0.000214
0.000204
0.000097
0.000048
0.000041
0.000002
-0.000042
-0.000047
-0.000040
-0.000042
-0.000061
-0.000107
-0.000140
-0.000106
-0.000065
-0.000065
-0.000036
0.000021
0.000025
0.000028
0.000082
0.000090
0.000027
0.000022
0.000105
0.000170
0.000173
0.000133
0.000034
-0.000100
-0.000148
-0.000054
0.000067
0.000090
0.000023
-0.000077
-0.000174
-0.000242
-0.000264
-0.000243
-0.000213
-0.000209
-0.000186
-0.000085
0.000069
0.000212
0.000264
0.000179
0.000060
0.000064
0.000161
0.000213
0.000216
0.000216
0.000155
0.000020
-0.000061
-0.000014
0.000034
-0.000039
-0.000133
-0.000098
0.000023
0.000083
0.000071
0.000091
0.000116
-0.000009
-0.000268
-0.000407
-0.000278
-0.000080
-0.000084
-0.000223
-0.000220
-0.000031
0.000164
0.000287
0.000372
0.000384
0.000295
0.000168
0.000050
-0.000083
-0.000208
-0.000237
-0.000178
-0.000145
-0.000173
-0.000171
-0.000097
-0.000017
0.000012
0.000001
-0.000025
-0.000055
-0.000072
-0.000050
0.000014
0.000080
0.000131
0.000180
0.000216
0.000228
0.000211
0.000162
0.000099
0.000055
0.000044
0.000045
0.000034
0.000016
-0.000011
-0.000082
-0.000179
-0.000195
-0.000095
-0.000004
-0.000024
-0.000106
-0.000138
-0.000088
-0.000028
-0.000028
-0.000060
-0.000040
0.000028
0.000038
-0.000043
-0.000130
-0.000139
-0.000094
-0.000062
-0.000033
0.000026
0.000019
-0.000102
-0.000123
0.000079
0.000250
0.000197
0.000089
0.000065
0.000063
0.000089
0.000172
0.000205
0.000113
-0.000013
-0.000070
-0.000055
0.000012
0.000116
0.000167
0.000077
-0.000067
-0.000105
-0.000047
-0.000017
-0.000036
-0.000033
0.000036
0.000109
0.000079
-0.000068
-0.000239
-0.000335
-0.000332
-0.000279
-0.000194
-0.000031
0.000186
0.000300
0.000241
0.000169
0.000220
0.000275
0.000184
0.000012
-0.000095
-0.000121
-0.000131
-0.000197
-0.000325
-0.000388
-0.000275
-0.000048
0.000111
0.000095
-0.000003
-0.000019
0.000069
0.000165
0.000195
0.000178
0.000187
0.000208
0.000133
-0.000039
-0.000140
-0.000115
-0.000085
-0.000065
0.000024
0.000112
0.000061
-0.000083
-0.000159
-0.000119
-0.000070
-0.000084
-0.000068
0.000037
0.000116
0.000103
0.000091
0.000113
0.000088
-0.000008
-0.000087
-0.000082
-0.000034
-0.000004
0.000024
0.000048
0.000001
-0.000071
-0.000037
0.000051
0.000006
-0.000199
-0.000374
-0.000321
-0.000031
0.000350
0.000702
0.000980
0.001110
0.001021
0.000723
0.000280
-0.000297
-0.000963
-0.001364
-0.001042
-0.000176
0.000400
0.000236
-0.000304
-0.000797
-0.001254
-0.001712
-0.001909
-0.001751
-0.001839
-0.002044
-0.000746
0.001830
0.003314
0.003694
0.004364
0.004353
0.002803
0.001297
0.000458
-0.000994
-0.002496
-0.002212
-0.000954
-0.000500
-0.000393
-0.000093
-0.000377
-0.001003
-0.001231
-0.001769
-0.002836
-0.003194
-0.002660
-0.001969
-0.000796
0.000972
0.002292
0.002937
0.003537
0.003686
0.002835
0.001682
0.000760
-0.000121
-0.000575
-0.000264
0.000045
-0.000077
-0.000037
0.000150
-0.000065
-0.000392
-0.000524
-0.000974
-0.001663
-0.001775
-0.001485
-0.001418
-0.001182
-0.000544
-0.000096
0.000147
0.000568
0.000926
0.000977
0.000816
0.000418
0.000006
0.000028
0.000302
0.000363
0.000386
0.000638
0.000792
0.000600
0.000300
-0.000002
-0.000378
-0.000609
-0.000558
-0.000535
-0.000576
-0.000371
-0.000038
0.000157
0.000256
0.000242
0.000123
0.000082
0.000040
-0.000226
-0.000494
-0.000362
0.000053
0.000397
0.000676
0.000763
0.000247
-0.000381
-0.000184
0.000349
0.000300
0.000165
0.000531
0.000866
0.000803
0.000661
0.000409
-0.000196
-0.000763
-0.000940
-0.001072
-0.001395
-0.001676
-0.001763
-0.001578
-0.000999
-0.000251
0.000239
0.000433
0.000535
0.000555
0.000422
0.000249
0.000204
0.000307
0.000542
0.000899
0.001183
0.001197
0.001076
0.000948
0.000713
0.000441
0.000347
0.000333
0.000119
-0.000316
-0.000724
-0.000869
-0.000723
-0.000483
-0.000416
-0.000493
-0.000394
-0.000220
-0.000401
-0.000768
-0.000882
-0.000749
-0.000500
-0.000213
-0.000012
0.000156
0.000302
0.000263
0.000205
0.000365
0.000491
0.000456
0.000521
0.000594
0.000499
0.000545
0.000759
0.000665
0.000371
0.000417
0.000570
0.000266
-0.000271
-0.000546
-0.000605
-0.000628
-0.000624
-0.000725
-0.000830
-0.000572
-0.000198
-0.000212
-0.000407
-0.000425
-0.000338
-0.000197
-0.000111
-0.000256
-0.000244
0.000252
0.000646
0.000605
0.000632
0.000726
0.000487
0.000290
0.000475
0.000463
0.000052
-0.000113
-0.000005
-0.000169
-0.000388
-0.000173
0.000172
0.000261
0.000302
0.000321
0.000075
-0.000223
-0.000343
-0.000435
-0.000455
-0.000315
-0.000275
-0.000385
-0.000372
-0.000262
-0.000289
-0.000345
-0.000199
0.000086
0.000330
0.000385
0.000108
-0.000273
-0.000237
0.000156
0.000358
0.000344
0.000494
0.000757
0.000895
0.000922
0.000765
0.000313
-0.000165
-0.000417
-0.000603
-0.000828
-0.000880
-0.000651
-0.000347
-0.000138
0.000099
0.000442
0.000639
0.000447
-0.000007
-0.000357
-0.000380
-0.000288
-0.000417
-0.000598
-0.000482
-0.000196
-0.000028
0.000064
0.000197
0.000350
0.000507
0.000589
0.000467
0.000174
-0.000127
-0.000312
-0.000356
-0.000262
-0.000058
0.000104
0.000171
0.000250
0.000253
0.000086
-0.000030
0.000009
0.000059
0.000176
0.000362
0.000289
0.000031
0.000042
0.000174
0.000068
-0.000100
-0.000220
-0.000391
-0.000393
-0.000194
-0.000207
-0.000354
-0.000180
0.000127
0.000162
0.000112
0.000141
0.000060
0.000001
0.000097
-0.000070
-0.000512
-0.000577
-0.000230
0.000103
0.000563
0.001164
0.001272
0.000798
0.000296
-0.000178
-0.000707
-0.000917
-0.000829
-0.000824
-0.000613
0.000010
0.000325
0.000107
0.000094
0.000258
0.000014
-0.000263
-0.000137
-0.000091
-0.000244
-0.000098
0.000248
0.000410
0.000467
0.000436
0.000209
-0.000006
-0.000104
-0.000309
-0.000562
-0.000491
-0.000103
0.000232
0.000426
0.000552
0.000461
0.000199
0.000083
0.000113
0.000054
-0.000061
-0.000080
-0.000068
-0.000142
-0.000234
-0.000292
-0.000399
-0.000508
-0.000477
-0.000428
-0.000627
-0.000939
-0.000998
-0.000832
-0.000643
-0.000379
-0.000014
0.000361
0.000792
0.001169
0.001198
0.001043
0.001109
0.001255
0.001144
0.000962
0.000951
0.000879
0.000707
0.000788
0.000948
0.000689
0.000229
0.000045
-0.000057
-0.000407
-0.000800
-0.000935
-0.000871
-0.000850
-0.000959
-0.001012
-0.000912
-0.000881
-0.001040
-0.001170
-0.001128
-0.001049
-0.000994
-0.000867
-0.000734
-0.000738
-0.000746
-0.000561
-0.000214
0.000210
0.000590
0.000763
0.000842
0.001004
0.001096
0.001068
0.001201
0.001497
0.001618
0.001507
0.001336
0.001075
0.000745
0.000571
0.000584
0.000619
0.000650
0.000651
0.000423
-0.000112
-0.000767
-0.001347
-0.001786
-0.002037
-0.002103
-0.002063
-0.001867
-0.001432
-0.000912
-0.000465
-0.000078
0.000151
0.000087
-0.000122
-0.000259
-0.000281
-0.000191
-0.000007
0.000233
0.000600
0.001151
0.001691
0.001989
0.002010
0.001767
0.001306
0.000727
-0.000185
-0.001806
-0.003633
-0.004359
-0.003497
-0.001940
-0.000659
0.000303
0.001312
0.002118
0.002159
0.001715
0.001591
0.001688
0.001215
0.000355
0.000199
0.000947
0.001805
0.002434
0.002965
0.003135
0.002704
0.001998
0.001308
0.000520
-0.000463
-0.001529
-0.002473
-0.002995
-0.002969
-0.002676
-0.002389
-0.002160
-0.002170
-0.002491
-0.002707
-0.002564
-0.002431
-0.002536
-0.002593
-0.002397
-0.001948
-0.001145
-0.000022
0.001066
0.001877
0.002380
0.002458
0.002149
0.001884
0.001868
0.001766
0.001445
0.001319
0.001609
0.001971
0.002173
0.002455
0.002907
0.003122
0.002818
0.002327
0.001999
0.001542
0.000587
-0.000459
-0.000999
-0.001290
-0.001825
-0.002287
-0.002268
-0.002240
-0.002666
-0.003077
-0.002945
-0.002568
-0.002445
-0.002482
-0.002290
-0.001834
-0.001369
-0.000973
-0.000507
0.000024
0.000346
0.000357
0.000389
0.000697
0.001044
0.001171
0.001196
0.001244
0.001252
0.001303
0.001577
0.001906
0.001956
0.001791
0.001728
0.001777
0.001745
0.001625
0.001509
0.001376
0.001085
0.000562
0.000011
-0.000304
-0.000550
-0.001026
-0.001544
-0.001964
-0.003093
-0.005631
-0.008256
-0.008539
-0.006173
-0.003456
-0.001995
-0.000812
0.001267
0.003298
0.003987
0.004171
0.005198
0.005960
0.004516
0.001998
0.001428
0.003063
0.004462
0.004737
0.005107
0.005668
0.005062
0.003212
0.001604
0.000680
-0.000858
-0.003521
-0.005746
-0.006186
-0.005596
-0.005283
-0.005105
-0.004361
-0.003479
-0.003274
-0.003462
-0.003372
-0.003244
-0.003603
-0.004205
-0.004231
-0.003073
-0.000965
0.001100
0.002430
0.003257
0.003900
0.004102
0.003790
0.003554
0.003718
0.003703
0.002981
0.002107
0.002121
0.003075
0.003852
0.003678
0.003065
0.002651
0.002086
0.001134
0.000574
0.000678
0.000350
-0.000882
-0.001786
-0.001554
-0.001179
-0.001634
-0.002420
-0.002893
-0.003395
-0.004116
-0.004370
-0.003851
-0.003292
-0.003263
-0.003282
-0.002594
-0.001314
-0.000299
0.000061
0.000223
0.000436
0.000371
0.000155
0.000469
0.001248
0.001661
0.001686
0.002178
0.003163
0.003712
0.003535
0.003202
0.002872
0.002201
0.001334
0.000843
0.000823
0.000779
0.000379
-0.000064
-0.000058
0.000269
0.000348
0.000050
-0.000407
-0.001106
-0.002079
-0.002793
-0.002858
-0.003008
-0.004651
-0.007820
-0.010128
-0.009176
-0.005672
-0.002515
-0.000835
0.000960
0.003649
0.005544
0.005764
0.006116
0.007568
0.007776
0.005030
0.002064
0.002462
0.005249
0.006696
0.006108
0.005812
0.006198
0.005174
0.002589
0.000740
-0.000089
-0.002240
-0.006007
-0.008474
-0.008136
-0.006992
-0.006808
-0.006734
-0.005896
-0.005141
-0.005073
-0.004904
-0.004133
-0.003645
-0.004236
-0.005056
-0.004538
-0.002427
0.000079
0.001952
0.003261
0.004477
0.005506
0.005978
0.006140
0.006419
0.006400
0.005399
0.003890
0.003255
0.003916
0.004722
0.004601
0.003814
0.003077
0.002415
0.001475
0.000301
-0.000690
-0.001449
-0.002389
-0.003419
-0.003724
-0.003090
-0.002584
-0.003072
-0.003932
-0.004248
-0.004270
-0.004482
-0.004530
-0.004206
-0.003999
-0.003902
-0.003160
-0.001633
-0.000111
0.000851
0.001407
0.001837
0.002234
0.002526
0.002587
0.002565
0.002688
0.002726
0.002464
0.002445
0.003124
0.003830
0.003747
0.003155
0.002628
0.002031
0.001227
0.000537
0.000022
-0.000563
-0.001129
-0.001403
-0.001374
-0.001177
-0.001011
-0.001197
-0.001786
-0.002412
-0.002865
-0.003228
-0.003301
-0.003048
-0.003766
-0.006775
-0.010356
-0.010654
-0.006765
-0.002273
-0.000168
0.001121
0.004146
0.007536
0.008558
0.008335
0.009514
0.010493
0.007800
0.003204
0.002148
0.005199
0.007266
0.005971
0.004631
0.005391
0.005520
0.003072
0.000560
-0.000230
-0.001957
-0.006540
-0.010774
-0.011154
-0.009320
-0.008694
-0.008981
-0.008027
-0.006229
-0.005372
-0.005254
-0.004497
-0.003376
-0.003373
-0.004438
-0.004629
-0.002737
0.000091
0.002110
0.003348
0.005029
0.007241
0.008722
0.008991
0.008913
0.008736
0.007531
0.005288
0.003732
0.003992
0.004843
0.004495
0.003137
0.002264
0.002131
0.001578
0.000202
-0.001226
-0.002615
-0.004633
-0.006724
-0.007336
-0.006353
-0.005323
-0.005078
-0.004852
-0.004037
-0.003196
-0.002872
-0.002762
-0.002578
-0.002629
-0.003013
-0.002971
-0.001817
-0.000106
0.001127
0.001941
0.003053
0.004283
0.004864
0.004827
0.004685
0.004286
0.003324
0.002331
0.002032
0.002323
0.002553
0.002405
0.002200
0.002284
0.002321
0.001698
0.000495
-0.000690
-0.001784
-0.003105
-0.004289
-0.004562
-0.004050
-0.003511
-0.002983
-0.002007
-0.000869
-0.000375
-0.000584
-0.000878
-0.001086
-0.001495
-0.001900
-0.002042
-0.003093
-0.006326
-0.009705
-0.009065
-0.004136
0.000300
0.001480
0.002599
0.006372
0.009726
0.009606
0.008848
0.010409
0.010892
0.006661
0.001747
0.002191
0.006094
0.006970
0.004350
0.003180
0.004379
0.003922
0.000846
-0.001348
-0.001918
-0.004432
-0.009583
-0.012951
-0.012058
-0.009984
-0.009629
-0.009519
-0.007775
-0.005678
-0.004833
-0.004353
-0.003091
-0.002097
-0.002700
-0.003763
-0.002981
-0.000146
0.002698
0.004139
0.005004
0.006630
0.008668
0.009772
0.009769
0.009525
0.008995
0.007298
0.004841
0.003463
0.003822
0.004181
0.002995
0.001325
0.000931
0.001284
0.000673
-0.000938
-0.002461
-0.004036
-0.006433
-0.008685
-0.008933
-0.007596
-0.006936
-0.007307
-0.006765
-0.004683
-0.002731
-0.001786
-0.000878
0.000206
0.000235
-0.000782
-0.000985
0.000325
0.001631
0.001953
0.002292
0.003578
0.005116
0.005844
0.005876
0.005892
0.005674
0.004515
0.002926
0.002160
0.001987
0.001087
-0.000326
-0.000728
-0.000059
0.000263
-0.000103
-0.000374
-0.000732
-0.002059
-0.003943
-0.005010
-0.005025
-0.005019
-0.005345
-0.005075
-0.003622
-0.001722
-0.000247
0.000859
0.001697
0.001682
0.000715
-0.000040
0.000339
0.001263
0.001355
-0.000640
-0.004860
-0.008652
-0.008014
-0.003131
0.000770
0.001089
0.001757
0.005669
0.009229
0.009336
0.009123
0.010897
0.010375
0.004721
-0.000373
0.000978
0.005105
0.004963
0.001467
0.000659
0.002778
0.002753
-0.000014
-0.001310
-0.001174
-0.004172
-0.010033
-0.012884
-0.010991
-0.009117
-0.009846
-0.010075
-0.007683
-0.004927
-0.003591
-0.002376
-0.000582
0.000074
-0.001259
-0.002566
-0.001666
0.000865
0.002786
0.003431
0.004315
0.006475
0.008838
0.010009
0.010156
0.009865
0.008635
0.006129
0.003768
0.003243
0.003889
0.003412
0.001285
-0.000431
-0.000259
0.000479
-0.000067
-0.001525
-0.002784
-0.004374
-0.006817
-0.008599
-0.008503
-0.007957
-0.008446
-0.008835
-0.007534
-0.005017
-0.002537
-0.000493
0.000976
0.001618
0.001690
0.001832
0.002278
0.002651
0.002453
0.001895
0.002011
0.003275
0.004700
0.005428
0.005949
0.006511
0.006252
0.005028
0.003863
0.002982
0.001596
-0.000280
-0.001691
-0.002204
-0.002195
-0.002147
-0.002322
-0.002633
-0.002851
-0.003157
-0.003727
-0.004099
-0.004149
-0.004582
-0.005293
-0.005050
-0.003622
-0.002136
-0.000948
0.000559
0.002200
0.003199
0.003605
0.003834
0.003758
0.003180
0.002297
0.001636
0.001732
0.001728
-0.000848
-0.006285
-0.010034
-0.007961
-0.002892
-0.000662
-0.001037
0.000815
0.005058
0.007172
0.006679
0.007626
0.009872
0.008302
0.002572
-0.000534
0.002310
0.005476
0.003765
0.000552
0.001081
0.003392
0.002672
0.000142
-0.000137
0.000034
-0.003900
-0.009782
-0.011426
-0.009034
-0.008144
-0.009702
-0.009586
-0.006731
-0.004292
-0.003560
-0.002703
-0.001147
-0.000661
-0.001907
-0.002889
-0.001650
0.000974
0.002581
0.002839
0.003907
0.006644
0.009066
0.009759
0.009818
0.010014
0.009210
0.007006
0.005091
0.004561
0.004137
0.002332
-0.000095
-0.001149
-0.000471
0.000140
-0.000662
-0.002092
-0.003240
-0.004850
-0.007197
-0.008558
-0.008190
-0.008119
-0.009484
-0.010112
-0.008230
-0.005373
-0.003326
-0.001495
0.000731
0.002325
0.002850
0.003438
0.004567
0.005179
0.004601
0.003718
0.003721
0.004535
0.005133
0.005209
0.005456
0.005876
0.005441
0.004099
0.003039
0.002302
0.000627
-0.001814
-0.003313
-0.003486
-0.003600
-0.004135
-0.004331
-0.003964
-0.003651
-0.003593
-0.003393
-0.002936
-0.002671
-0.002906
-0.003171
-0.002760
-0.001828
-0.001115
-0.000604
0.000396
0.001761
0.002639
0.003070
0.003828
0.004644
0.004526
0.003612
0.002828
0.002226
0.001386
0.000720
0.000673
0.000038
-0.003042
-0.007890
-0.010820
-0.009226
-0.005173
-0.002719
-0.002162
-0.000245
0.003864
0.007165
0.008201
0.008896
0.009540
0.007467
0.002985
0.000847
0.002927
0.004921
0.003463
0.001276
0.001845
0.003685
0.003584
0.001894
0.000685
-0.000830
-0.004642
-0.009174
-0.010787
-0.009648
-0.009368
-0.010750
-0.010771
-0.008185
-0.005298
-0.003589
-0.002100
-0.000629
-0.000379
-0.001114
-0.001019
0.000498
0.002141
0.002836
0.003211
0.004662
0.007344
0.009761
0.010710
0.010612
0.010081
0.008691
0.006421
0.004533
0.003581
0.002381
0.000195
-0.001811
-0.002352
-0.001827
-0.001473
-0.001783
-0.002557
-0.003734
-0.005310
-0.006780
-0.007541
-0.007813
-0.008316
-0.008979
-0.008795
-0.007192
-0.004830
-0.002608
-0.000515
0.001722
0.003594
0.004617
0.005313
0.006075
0.006160
0.005161
0.004145
0.004030
0.004258
0.004153
0.003974
0.003936
0.003750
0.003322
0.002772
0.002028
0.001012
-0.000290
-0.001843
-0.003167
-0.003712
-0.003861
-0.004311
-0.004695
-0.004369
-0.003802
-0.003535
-0.003099
-0.002353
-0.002069
-0.002301
-0.002116
-0.001242
-0.000347
0.000143
0.000433
0.000916
0.001750
0.002633
0.003177
0.003523
0.003897
0.003893
0.003283
0.002750
0.002617
0.002173
0.001229
0.000615
0.000580
0.000464
-0.000235
-0.001998
-0.005168
-0.008741
-0.010747
-0.010079
-0.007356
-0.004403
-0.002474
-0.000544
0.003098
0.007427
0.009713
0.009780
0.009329
0.008067
0.005246
0.002983
0.003181
0.003919
0.002914
0.001332
0.001356
0.002757
0.003575
0.002639
0.000505
-0.001897
-0.004669
-0.007822
-0.009901
-0.010053
-0.009843
-0.010364
-0.009987
-0.007558
-0.004615
-0.002523
-0.000937
0.000166
0.000339
0.000220
0.000582
0.001066
0.001338
0.001721
0.002397
0.003648
0.005920
0.008473
0.009802
0.009750
0.009167
0.008152
0.006579
0.004988
0.003452
0.001342
-0.001064
-0.002604
-0.002852
-0.002336
-0.001844
-0.002077
-0.002991
-0.003831
-0.004503
-0.005534
-0.006576
-0.006957
-0.007145
-0.007562
-0.007339
-0.005987
-0.004308
-0.002721
-0.000875
0.000968
0.002284
0.003463
0.004945
0.006104
0.006248
0.005729
0.005268
0.005051
0.004850
0.004536
0.004260
0.004133
0.003892
0.003286
0.002536
0.001782
0.000636
-0.001002
-0.002435
-0.003203
-0.003769
-0.004488
-0.004913
-0.004751
-0.004498
-0.004495
-0.004374
-0.003926
-0.003508
-0.003285
-0.002921
-0.002200
-0.001334
-0.000564
0.000145
0.000956
0.001845
0.002558
0.003019
0.003532
0.004163
0.004445
0.004249
0.004123
0.004245
0.004086
0.003452
0.002732
0.002086
0.001432
0.000820
0.000167
-0.000732
-0.002049
-0.004194
-0.007223
-0.010106
-0.011728
-0.011704
-0.009825
-0.006486
-0.003218
-0.000595
0.002807
0.007081
0.009709
0.009802
0.009398
0.009053
0.007365
0.005099
0.004380
0.004672
0.004054
0.002798
0.002563
0.003525
0.004108
0.003013
0.000747
-0.001468
-0.003848
-0.007078
-0.009887
-0.010815
-0.011017
-0.011681
-0.011210
-0.008491
-0.005469
-0.003695
-0.002355
-0.000999
-0.000207
0.000229
0.000761
0.001105
0.001369
0.002136
0.003257
0.004573
0.006584
0.008820
0.009875
0.009766
0.009519
0.008942
0.007430
0.005482
0.003556
0.001391
-0.000727
-0.002045
-0.002541
-0.002625
-0.002543
-0.002673
-0.003252
-0.003996
-0.004814
-0.005942
-0.007113
-0.007903
-0.008494
-0.008837
-0.008137
-0.006280
-0.004307
-0.002677
-0.000681
0.001862
0.003898
0.004752
0.005134
0.005858
0.006618
0.006740
0.006386
0.006159
0.006065
0.005749
0.005316
0.004980
0.004287
0.002759
0.000904
-0.000438
-0.001335
-0.002458
-0.003839
-0.004813
-0.005131
-0.005242
-0.005309
-0.005006
-0.004472
-0.004286
-0.004358
-0.004051
-0.003374
-0.002905
-0.002656
-0.002055
-0.000981
0.000100
0.000999
0.002007
0.003302
0.004626
0.005554
0.005996
0.006189
0.006131
0.005543
0.004508
0.003525
0.002812
0.002062
0.001110
0.000288
-0.000227
-0.000828
-0.001792
-0.002790
-0.003489
-0.004005
-0.004583
-0.005618
-0.007522
-0.009730
-0.011139
-0.011506
-0.010494
-0.007109
-0.002318
0.001152
0.003478
0.007339
0.011951
0.013717
0.012708
0.011758
0.010747
0.008219
0.005662
0.004909
0.004923
0.004142
0.002778
0.001903
0.002032
0.002130
0.000513
-0.002386
-0.004764
-0.006950
-0.010002
-0.012420
-0.012841
-0.012742
-0.012799
-0.011291
-0.008161
-0.005378
-0.003255
-0.001203
0.000061
0.000505
0.001317
0.002249
0.002420
0.002705
0.003933
0.005340
0.006722
0.008722
0.010644
0.011330
0.011131
0.010615
0.009390
0.007427
0.005217
0.002700
-0.000002
-0.002068
-0.003275
-0.004046
-0.004391
-0.004397
-0.004674
-0.005371
-0.006049
-0.006628
-0.007309
-0.007989
-0.008566
-0.009031
-0.008845
-0.007392
-0.005137
-0.003028
-0.001112
0.000989
0.002968
0.004368
0.005357
0.006129
0.006423
0.006260
0.006315
0.006967
0.007670
0.007771
0.007305
0.006683
0.006011
0.004969
0.003288
0.001187
-0.000920
-0.002905
-0.004686
-0.005889
-0.006335
-0.006405
-0.006372
-0.006027
-0.005305
-0.004614
-0.004241
-0.004087
-0.004031
-0.003939
-0.003556
-0.002828
-0.001925
-0.000874
0.000371
0.001714
0.003079
0.004485
0.005783
0.006703
0.007162
0.007117
0.006435
0.005242
0.003940
0.002728
0.001630
0.000764
0.000049
-0.000759
-0.001496
-0.001841
-0.002030
-0.002507
-0.003189
-0.003739
-0.004053
-0.004120
-0.004004
-0.004240
-0.005402
-0.006898
-0.007637
-0.007898
-0.008058
-0.006479
-0.002263
0.001932
0.004022
0.006147
0.010001
0.012995
0.013039
0.011999
0.011372
0.009850
0.007011
0.004682
0.003844
0.003315
0.001743
-0.000312
-0.000996
-0.000408
-0.001036
-0.003483
-0.005569
-0.006855
-0.009004
-0.011521
-0.012520
-0.012462
-0.012462
-0.011613
-0.009237
-0.006333
-0.003485
-0.000717
0.001284
0.002458
0.003751
0.005032
0.005522
0.005761
0.006442
0.007128
0.007733
0.008731
0.009729
0.010094
0.010001
0.009512
0.008260
0.006424
0.004367
0.001856
-0.001098
-0.003752
-0.005639
-0.006864
-0.007515
-0.007707
-0.007712
-0.007626
-0.007418
-0.007157
-0.006887
-0.006638
-0.006523
-0.006438
-0.005963
-0.004825
-0.003269
-0.001874
-0.000637
0.001413
0.004442
0.006711
0.007174
0.007228
0.008029
0.008656
0.008304
0.007690
0.007416
0.007106
0.006504
0.005851
0.005241
0.004334
0.002546
-0.000118
-0.002605
-0.004260
-0.005890
-0.007997
-0.009495
-0.009625
-0.009145
-0.008607
-0.007572
-0.006033
-0.004728
-0.003804
-0.002709
-0.001405
-0.000496
-0.000177
0.000054
0.000745
0.002011
0.003476
0.004671
0.005601
0.006563
0.007447
0.007893
0.007871
0.007383
0.006179
0.004437
0.002876
0.001694
0.000426
-0.001014
-0.002207
-0.003018
-0.003636
-0.004127
-0.004520
-0.004920
-0.005256
-0.005294
-0.005042
-0.004739
-0.004437
-0.004023
-0.003599
-0.003557
-0.004013
-0.004416
-0.004533
-0.004929
-0.004897
-0.002310
0.002238
0.005337
0.006709
0.009475
0.013462
0.015133
0.014053
0.012713
0.011301
0.008471
0.005003
0.002633
0.001425
0.000142
-0.001985
-0.003992
-0.004353
-0.003897
-0.004917
-0.007271
-0.009105
-0.010323
-0.011636
-0.012402
-0.012121
-0.011268
-0.009772
-0.007401
-0.004736
-0.001933
0.001250
0.003859
0.005022
0.005691
0.006669
0.007204
0.007011
0.006891
0.007021
0.007091
0.007313
0.007777
0.008113
0.008060
0.007350
0.005802
0.003886
0.002083
0.000077
-0.002400
-0.004781
-0.006412
-0.007266
-0.007663
-0.007825
-0.007724
-0.007285
-0.006700
-0.006167
-0.005551
-0.004804
-0.004161
-0.003685
-0.003145
-0.002221
-0.000739
0.000986
0.002462
0.003743
0.005133
0.006516
0.007639
0.008315
0.008167
0.007201
0.006083
0.005053
0.003860
0.002908
0.002564
0.002102
0.001090
0.000198
-0.000422
-0.001385
-0.002710
-0.004154
-0.005808
-0.007286
-0.008042
-0.008320
-0.008278
-0.007520
-0.006193
-0.004719
-0.002848
-0.000631
0.001079
0.002102
0.002998
0.003725
0.004012
0.004155
0.004314
0.004280
0.004202
0.004310
0.004393
0.004371
0.004459
0.004378
0.003643
0.002526
0.001501
0.000358
-0.001078
-0.002327
-0.003109
-0.003722
-0.004228
-0.004348
-0.004165
-0.003986
-0.003789
-0.003433
-0.002981
-0.002507
-0.002019
-0.001599
-0.001220
-0.000676
0.000049
0.000868
0.001644
0.001510
-0.000419
-0.003025
-0.004185
-0.003688
-0.002522
-0.000669
0.001916
0.004483
0.007095
0.010159
0.012454
0.012556
0.010949
0.008606
0.005801
0.003172
0.001169
-0.000952
-0.003449
-0.005243
-0.005728
-0.005384
-0.004827
-0.004712
-0.005467
-0.006583
-0.007362
-0.007914
-0.008444
-0.008715
-0.008587
-0.007823
-0.005882
-0.002928
-0.000004
0.002260
0.003985
0.005313
0.006331
0.007136
0.007526
0.007250
0.006528
0.005875
0.005655
0.005861
0.006139
0.006140
0.005756
0.004982
0.003914
0.002690
0.001152
-0.000936
-0.003311
-0.005436
-0.007002
-0.007889
-0.008175
-0.008156
-0.007857
-0.007001
-0.005764
-0.004643
-0.003652
-0.002628
-0.001803
-0.001268
-0.000688
0.000073
0.000881
0.001790
0.002871
0.004034
0.005296
0.006536
0.007226
0.007126
0.006651
0.006018
0.004887
0.003073
0.000991
-0.000636
-0.001459
-0.001935
-0.002590
-0.003065
-0.002794
-0.002116
-0.001795
-0.002123
-0.002920
-0.003681
-0.003813
-0.003339
-0.002897
-0.002675
-0.002186
-0.001234
-0.000126
0.000929
0.001781
0.002199
0.002286
0.002406
0.002642
0.002808
0.002693
0.002126
0.001397
0.001225
0.001671
0.001899
0.001463
0.000759
0.000109
-0.000488
-0.000941
-0.001337
-0.002014
-0.002830
-0.003211
-0.003040
-0.002642
-0.002182
-0.001779
-0.001578
-0.001266
-0.000412
0.000611
0.001161
0.001368
0.001689
0.002119
0.002466
0.002642
0.002513
0.002082
0.001703
0.001696
0.001793
0.000943
-0.001924
-0.006245
-0.009552
-0.009923
-0.008028
-0.005767
-0.003759
-0.001167
0.002620
0.006928
0.010336
0.011857
0.011370
0.009279
0.006465
0.004126
0.002696
0.001330
-0.000668
-0.002499
-0.002783
-0.001422
0.000103
0.000329
-0.000733
-0.002181
-0.003654
-0.005258
-0.006814
-0.008102
-0.009147
-0.009653
-0.008916
-0.006687
-0.003588
-0.000624
0.001541
0.003038
0.004412
0.005619
0.006014
0.005435
0.004487
0.003760
0.003523
0.003861
0.004540
0.005122
0.005371
0.005279
0.004967
0.004494
0.003478
0.001450
-0.001259
-0.003706
-0.005426
-0.006644
-0.007495
-0.007750
-0.007308
-0.006403
-0.005240
-0.003789
-0.002194
-0.001064
-0.000808
-0.000977
-0.000862
-0.000358
0.000205
0.000718
0.001474
0.002732
0.004288
0.005653
0.006585
0.007096
0.007056
0.006280
0.004950
0.003428
0.001855
0.000282
-0.001157
-0.002277
-0.002946
-0.003375
-0.003891
-0.004200
-0.003847
-0.003386
-0.003590
-0.004093
-0.004308
-0.004254
-0.003653
-0.002390
-0.001395
-0.000876
0.000407
0.002553
0.004098
0.004646
0.004889
0.004842
0.004412
0.003980
0.003352
0.002178
0.000936
0.000016
-0.000723
-0.001068
-0.000942
-0.001042
-0.001524
-0.001622
-0.001337
-0.001498
-0.002098
-0.002543
-0.002904
-0.003240
-0.002970
-0.002021
-0.001004
-0.000085
0.000794
0.001353
0.001803
0.002638
0.003209
0.002725
0.002028
0.002036
0.002073
0.001545
0.000995
0.000689
0.000369
0.000135
0.000027
-0.000223
-0.000642
-0.001765
-0.004699
-0.008571
-0.010533
-0.009855
-0.008386
-0.006553
-0.003244
0.001126
0.005333
0.009202
0.012321
0.013581
0.012894
0.011039
0.008563
0.006181
0.004341
0.002323
-0.000166
-0.001833
-0.001897
-0.001350
-0.001277
-0.001849
-0.003040
-0.004814
-0.006775
-0.008502
-0.009937
-0.011121
-0.011848
-0.011570
-0.009694
-0.006398
-0.002870
-0.000117
0.002019
0.004056
0.005823
0.006888
0.007325
0.007381
0.006995
0.006315
0.005988
0.006339
0.006926
0.007226
0.007103
0.006611
0.005862
0.004757
0.002792
-0.000155
-0.003263
-0.005761
-0.007611
-0.008826
-0.009250
-0.009072
-0.008512
-0.007429
-0.005922
-0.004495
-0.003371
-0.002499
-0.001952
-0.001614
-0.001062
-0.000201
0.000746
0.001826
0.003227
0.004886
0.006570
0.007955
0.008641
0.008481
0.007672
0.006361
0.004576
0.002547
0.000632
-0.001039
-0.002431
-0.003280
-0.003460
-0.003376
-0.003407
-0.003421
-0.003379
-0.003704
-0.004594
-0.005644
-0.006226
-0.005908
-0.004887
-0.003924
-0.003193
-0.001782
0.000925
0.004120
0.006418
0.007378
0.007745
0.008083
0.007925
0.006819
0.005122
0.003220
0.001184
-0.000607
-0.001624
-0.001965
-0.002245
-0.002822
-0.003405
-0.003460
-0.003055
-0.002947
-0.003550
-0.004362
-0.004694
-0.004416
-0.003759
-0.002854
-0.001713
-0.000415
0.000898
0.002187
0.003434
0.004346
0.004499
0.003948
0.003303
0.002989
0.002746
0.002164
0.001436
0.001034
0.000913
0.000699
0.000356
0.000039
-0.000366
-0.001064
-0.001963
-0.002714
-0.003222
-0.004138
-0.006155
-0.008631
-0.009895
-0.008871
-0.005816
-0.002012
0.001302
0.004280
0.007767
0.011195
0.013083
0.013195
0.012125
0.009902
0.006844
0.004108
0.002120
0.000227
-0.001832
-0.003486
-0.004120
-0.003765
-0.003408
-0.004204
-0.006032
-0.007737
-0.008784
-0.009553
-0.010258
-0.010587
-0.010159
-0.008772
-0.006350
-0.002950
0.000957
0.004390
0.006681
0.008203
0.009566
0.010532
0.010489
0.009488
0.008158
0.007008
0.006170
0.005571
0.005106
0.004600
0.003783
0.002535
0.000998
-0.000731
-0.002742
-0.005053
-0.007428
-0.009431
-0.010640
-0.010955
-0.010584
-0.009701
-0.008331
-0.006510
-0.004378
-0.002209
-0.000329
0.001083
0.002108
0.002996
0.003926
0.004850
0.005631
0.006229
0.006759
0.007375
0.007977
0.008179
0.007744
0.006760
0.005353
0.003588
0.001606
-0.000380
-0.002231
-0.003939
-0.005425
-0.006429
-0.006819
-0.006783
-0.006606
-0.006441
-0.006235
-0.005861
-0.005367
-0.004722
-0.003580
-0.002028
-0.000826
0.000003
0.001283
0.002994
0.004607
0.006370
0.008128
0.008914
0.008829
0.008603
0.007886
0.006308
0.004254
0.001747
-0.001067
-0.003239
-0.004510
-0.005550
-0.006354
-0.006526
-0.006305
-0.005837
-0.004934
-0.003985
-0.003548
-0.003290
-0.002583
-0.001527
-0.000484
0.000529
0.001437
0.002164
0.003115
0.004474
0.005559
0.005856
0.005635
0.005060
0.004097
0.003152
0.002411
0.001376
-0.000034
-0.001147
-0.001677
-0.001958
-0.002166
-0.002296
-0.002483
-0.002982
-0.004447
-0.007613
-0.011375
-0.012550
-0.009879
-0.006245
-0.004021
-0.001290
0.003921
0.009575
0.013057
0.014694
0.015298
0.014075
0.010810
0.007062
0.004296
0.002415
0.000225
-0.002599
-0.004269
-0.003388
-0.001799
-0.002102
-0.003873
-0.005252
-0.006162
-0.007596
-0.009590
-0.011261
-0.011865
-0.011389
-0.010035
-0.007330
-0.002951
0.001725
0.004911
0.006924
0.009163
0.011235
0.011507
0.009885
0.007902
0.006496
0.005409
0.004432
0.003894
0.003868
0.003785
0.003155
0.002177
0.001275
0.000177
-0.002006
-0.005407
-0.008666
-0.010464
-0.011062
-0.011211
-0.010657
-0.008944
-0.006496
-0.003941
-0.001411
0.001036
0.003028
0.004125
0.004280
0.004029
0.004018
0.004233
0.004220
0.004119
0.004562
0.005525
0.006312
0.006612
0.006519
0.005815
0.004209
0.001999
-0.000217
-0.002231
-0.004184
-0.006042
-0.007367
-0.007671
-0.007064
-0.006251
-0.005560
-0.004535
-0.003046
-0.001851
-0.001321
-0.000802
0.000033
0.000608
0.000773
0.001222
0.002243
0.003402
0.004382
0.005150
0.005714
0.006087
0.005990
0.005015
0.003426
0.001892
0.000495
-0.001041
-0.002574
-0.003684
-0.004246
-0.004409
-0.004370
-0.004274
-0.003922
-0.002966
-0.001835
-0.001314
-0.001106
-0.000527
0.000023
0.000082
0.000251
0.000869
0.001398
0.001763
0.002379
0.002981
0.003047
0.002800
0.002667
0.002511
0.002087
0.001452
0.000679
-0.000107
-0.000708
-0.001231
-0.001909
-0.002550
-0.002847
-0.002938
-0.002994
-0.002759
-0.002115
-0.001473
-0.001110
-0.000772
-0.000197
0.000491
0.001009
0.001193
0.001215
0.001467
0.001938
0.002180
0.002142
0.002153
0.002199
0.002097
0.001949
0.001748
0.001210
0.000394
-0.000239
-0.000606
-0.001090
-0.001741
-0.002194
-0.002358
-0.002405
-0.002313
-0.001985
-0.001536
-0.001192
-0.001031
-0.000858
-0.000515
-0.000371
-0.000853
-0.001476
-0.001398
-0.000772
-0.000238
0.000341
0.001341
0.002440
0.003234
0.003798
0.004133
0.004043
0.003580
0.002900
0.002059
0.001158
0.000227
-0.000776
-0.001575
-0.001829
-0.001766
-0.001823
-0.001949
-0.001940
-0.001972
-0.002258
-0.002608
-0.002746
-0.002750
-0.002778
-0.002622
-0.001977
-0.000918
0.000220
0.001236
0.002106
0.002799
0.003182
0.003147
0.002801
0.002397
0.002027
0.001636
0.001310
0.001232
0.001347
0.001394
0.001205
0.000792
0.000270
-0.000231
-0.000769
-0.001499
-0.002317
-0.002951
-0.003300
-0.003396
-0.003261
-0.002927
-0.002400
-0.001662
-0.000859
-0.000304
-0.000141
-0.000091
0.000312
0.001043
0.001516
0.001620
0.001993
0.002805
0.003463
0.003702
0.003673
0.003309
0.002545
0.001628
0.000712
-0.000252
-0.001170
-0.001905
-0.002472
-0.002755
-0.002604
-0.002258
-0.002010
-0.001736
-0.001264
-0.000730
-0.000322
-0.000067
0.000052
0.000049
-0.000002
0.000015
0.000153
0.000390
0.000677
0.000930
0.001105
0.001232
0.001246
0.000684
-0.001529
-0.005938
-0.009976
-0.009501
-0.005254
-0.002431
-0.001631
0.001642
0.007487
0.011378
0.012501
0.013171
0.012879
0.009956
0.005492
0.001794
-0.000231
-0.001431
-0.003282
-0.005331
-0.005173
-0.002906
-0.002016
-0.003862
-0.005878
-0.006470
-0.007240
-0.009505
-0.011709
-0.011576
-0.009459
-0.007345
-0.004942
-0.000452
0.005014
0.008442
0.009803
0.011322
0.013039
0.012910
0.010261
0.006772
0.004472
0.003575
0.002712
0.001423
0.000844
0.001181
0.000960
-0.000356
-0.001622
-0.002512
-0.004355
-0.007682
-0.010666
-0.011452
-0.010828
-0.010518
-0.009990
-0.007601
-0.003699
0.000035
0.002964
0.005291
0.006937
0.007584
0.007085
0.005961
0.005284
0.005237
0.004853
0.004079
0.004137
0.005118
0.005585
0.004885
0.003752
0.002596
0.000841
-0.001902
-0.004937
-0.007226
-0.008643
-0.009668
-0.010096
-0.009195
-0.007089
-0.004838
-0.003080
-0.001433
0.000527
0.002207
0.002719
0.002448
0.002578
0.003226
0.003648
0.003908
0.004689
0.005905
0.006823
0.007088
0.006815
0.006066
0.004629
0.002338
-0.000373
-0.002642
-0.004160
-0.005418
-0.006678
-0.007387
-0.007057
-0.006082
-0.005154
-0.004344
-0.003388
-0.002486
-0.002009
-0.001690
-0.000996
-0.000073
0.000587
0.001195
0.002427
0.004243
0.005823
0.006643
0.006917
0.006929
0.006491
0.005347
0.003689
0.001930
0.000221
-0.001491
-0.002981
-0.003806
-0.004013
-0.004142
-0.004375
-0.004409
-0.004146
-0.003908
-0.003922
-0.003985
-0.003796
-0.003320
-0.002622
-0.001657
-0.000374
0.001188
0.002841
0.004247
0.005247
0.005989
0.006416
0.006216
0.005457
0.004531
0.003544
0.002407
0.001295
0.000440
-0.000264
-0.000995
-0.001659
-0.002173
-0.002762
-0.003629
-0.004563
-0.005177
-0.005337
-0.005206
-0.004971
-0.004563
-0.003701
-0.002326
-0.000844
0.000297
0.001170
0.002129
0.003077
0.003609
0.003755
0.003881
0.004091
0.004200
0.004043
0.003658
0.003227
0.002813
0.002269
0.001470
0.000482
-0.000532
-0.001488
-0.002355
-0.003067
-0.003643
-0.004208
-0.004698
-0.004803
-0.004378
-0.003592
-0.002603
-0.001475
-0.000389
0.000433
0.000975
0.001403
0.001815
0.002157
0.002395
0.002598
0.002810
0.002952
0.002952
0.002880
0.002836
0.002699
0.002255
0.001530
0.000731
-0.000056
-0.000899
-0.001835
-0.002718
-0.003317
-0.003593
-0.003652
-0.003476
-0.002968
-0.002208
-0.001440
-0.000817
-0.000310
0.000154
0.000546
0.000794
0.000977
0.001278
0.001690
0.002005
0.002129
0.002185
0.002269
0.002244
0.001916
0.001340
0.000749
0.000267
-0.000188
-0.000743
-0.001356
-0.001861
-0.002149
-0.002256
-0.002315
-0.002337
-0.002125
-0.001599
-0.000993
-0.000499
-0.000066
0.000341
0.000661
0.000948
0.001289
0.001579
0.001711
0.001869
0.002226
0.002550
0.002487
0.002074
0.001598
0.001135
0.000542
-0.000196
-0.000910
-0.001500
-0.002067
-0.002636
-0.002941
-0.002793
-0.002412
-0.002074
-0.001699
-0.001148
-0.000648
-0.000428
-0.000278
0.000089
0.000552
0.000813
0.000900
0.001123
0.001528
0.001811
0.001863
0.001940
0.002168
0.002244
0.001887
0.001302
0.000814
0.000344
-0.000291
-0.000908
-0.001252
-0.001460
-0.001743
-0.001949
-0.001859
-0.001572
-0.001313
-0.001134
-0.000955
-0.000735
-0.000521
-0.000370
-0.000277
-0.000159
0.000066
0.000415
0.000849
0.001252
0.001524
0.001721
0.001922
0.002020
0.001869
0.001496
0.001021
0.000500
-0.000068
-0.000663
-0.001133
-0.001295
-0.001194
-0.001083
-0.001114
-0.001141
-0.000951
-0.000661
-0.000592
-0.000770
-0.000913
-0.000878
-0.000766
-0.000618
-0.000322
0.000154
0.000677
0.001140
0.001536
0.001810
0.001875
0.001754
0.001500
0.001131
0.000690
0.000230
-0.000202
-0.000610
-0.000991
-0.001212
-0.001205
-0.001121
-0.001050
-0.000903
-0.000681
-0.000508
-0.000468
-0.000536
-0.000601
-0.000550
-0.000327
0.000022
0.000332
0.000537
0.000775
0.001072
0.001224
0.001154
0.001042
0.000965
0.000760
0.000395
0.000095
-0.000005
-0.000036
-0.000158
-0.000315
-0.000350
-0.000272
-0.000210
-0.000180
-0.000128
-0.000123
-0.000243
-0.000410
-0.000542
-0.000712
-0.000974
-0.001197
-0.001174
-0.000869
-0.000444
-0.000022
0.000408
0.000788
0.000982
0.001022
0.001064
0.001117
0.001077
0.000919
0.000706
0.000494
0.000292
0.000092
-0.000083
-0.000204
-0.000291
-0.000408
-0.000655
-0.001025
-0.001260
-0.001215
-0.001151
-0.001286
-0.001417
-0.001275
-0.000871
-0.000387
0.000062
0.000439
0.000721
0.000926
0.001098
0.001250
0.001360
0.001388
0.001282
0.001095
0.001012
0.001111
0.001222
0.001168
0.000944
0.000558
-0.000197
-0.001580
-0.003010
-0.003002
-0.001451
-0.000368
-0.000369
0.000353
0.002047
0.002810
0.002245
0.001494
0.000741
-0.000419
-0.001848
-0.003022
-0.003327
-0.002938
-0.002939
-0.003146
-0.001987
0.000254
0.001419
0.001211
0.001289
0.001892
0.001745
0.000712
-0.000112
-0.000251
-0.000060
0.000242
0.000800
0.001690
0.002489
0.002551
0.002020
0.001775
0.001787
0.000989
-0.000606
-0.001673
-0.001857
-0.002074
-0.002543
-0.002522
-0.001755
-0.000867
-0.000394
-0.000090
0.000514
0.001106
0.000912
0.000105
-0.000239
0.000117
0.000284
-0.000073
-0.000270
0.000018
0.000297
0.000243
0.000095
0.000082
0.000099
-0.000077
-0.000385
-0.000485
-0.000340
-0.000302
-0.000372
-0.000147
0.000318
0.000499
0.000396
0.000579
0.001126
0.001462
0.001307
0.001006
0.000845
0.000661
0.000202
-0.000427
-0.000833
-0.000871
-0.000831
-0.000954
-0.001095
-0.001109
-0.001131
-0.001236
-0.001255
-0.001078
-0.000805
-0.000514
-0.000139
0.000322
0.000716
0.000931
0.001001
0.000965
0.000822
0.000698
0.000742
0.000855
0.000813
0.000631
0.000515
0.000502
0.000444
0.000304
0.000195
0.000137
0.000021
-0.000194
-0.000463
-0.000708
-0.000864
-0.000991
-0.001115
-0.001047
-0.000751
-0.000516
-0.000472
-0.000419
-0.000234
0.000010
0.000196
0.000235
0.000171
0.000191
0.000403
0.000703
0.000913
0.000982
0.001006
0.001092
0.001168
0.000978
0.000458
-0.000060
-0.000321
-0.000530
-0.000900
-0.001216
-0.001246
-0.001121
-0.001018
-0.000912
-0.000767
-0.000626
-0.000511
-0.000413
-0.000291
-0.000085
0.000124
0.000165
0.000111
0.000239
0.000614
0.001029
0.001301
0.001456
0.001576
0.001557
0.001216
0.000691
0.000335
0.000192
-0.000010
-0.000399
-0.000797
-0.000937
-0.000813
-0.000677
-0.000623
-0.000589
-0.000691
-0.000970
-0.001093
-0.000840
-0.000489
-0.000362
-0.000340
-0.000114
0.000343
0.000776
0.000974
0.001032
0.001166
0.001229
0.000955
0.000555
0.000334
0.000083
-0.000415
-0.000830
-0.000838
-0.000665
-0.000661
-0.000731
-0.000589
-0.000296
-0.000190
-0.000368
-0.000490
-0.000275
0.000002
-0.000047
-0.000215
-0.000019
0.000499
0.000914
0.001082
0.001161
0.001248
0.001288
0.001171
0.000884
0.000533
0.000132
-0.000376
-0.000822
-0.000988
-0.000997
-0.001035
-0.000970
-0.000667
-0.000332
-0.000233
-0.000318
-0.000398
-0.000540
-0.000843
-0.001054
-0.000894
-0.000526
-0.000258
-0.000094
0.000181
0.000678
0.001215
0.001498
0.001553
0.001599
0.001547
0.001240
0.000868
0.000589
0.000333
0.000137
0.000033
-0.000125
-0.000315
-0.000418
-0.000586
-0.000913
-0.001202
-0.001374
-0.001496
-0.001482
-0.001272
-0.000984
-0.000689
-0.000392
-0.000145
0.000093
0.000405
0.000680
0.000775
0.000726
0.000626
0.000562
0.000595
0.000641
0.000618
0.000665
0.000919
0.001200
0.001204
0.000893
0.000501
0.000176
-0.000200
-0.000732
-0.001257
-0.001534
-0.001596
-0.001617
-0.001447
-0.000832
-0.000017
0.000490
0.000608
0.000592
0.000540
0.000348
-0.000040
-0.000458
-0.000596
-0.000449
-0.000329
-0.000181
0.000389
0.001260
0.001850
0.001928
0.001710
0.001396
0.000974
0.000361
-0.000326
-0.000839
-0.001158
-0.001435
-0.001564
-0.001298
-0.000800
-0.000533
-0.000563
-0.000559
-0.000432
-0.000421
-0.000575
-0.000688
-0.000701
-0.000726
-0.000738
-0.000533
-0.000017
0.000624
0.001149
0.001560
0.001963
0.002233
0.002146
0.001803
0.001459
0.001050
0.000433
-0.000188
-0.000604
-0.000927
-0.001201
-0.001165
-0.000733
-0.000278
-0.000173
-0.000319
-0.000423
-0.000521
-0.000788
-0.001037
-0.000982
-0.000761
-0.000674
-0.000654
-0.000483
-0.000202
0.000083
0.000409
0.000770
0.001027
0.001025
0.000746
0.000462
0.000451
0.000554
0.000474
0.000300
0.000321
0.000513
0.000628
0.000571
0.000399
0.000168
-0.000091
-0.000422
-0.000843
-0.001234
-0.001510
-0.001670
-0.001576
-0.001104
-0.000486
-0.000077
0.000131
0.000404
0.000730
0.000799
0.000571
0.000421
0.000599
0.000939
0.001150
0.001179
0.001188
0.001224
0.001157
0.000953
0.000646
0.000134
-0.000648
-0.001464
-0.001976
-0.002066
-0.001901
-0.001713
-0.001495
-0.001068
-0.000536
-0.000206
-0.000063
0.000129
0.000325
0.000402
0.000513
0.000767
0.000966
0.000936
0.000821
0.000869
0.001080
0.001211
0.001080
0.000788
0.000584
0.000486
0.000290
-0.000094
-0.000556
-0.000936
-0.001116
-0.001100
-0.001051
-0.001037
-0.000898
-0.000573
-0.000242
-0.000062
-0.000036
0.000009
0.000256
0.000444
0.000154
-0.000330
-0.000329
0.000188
0.000647
0.000712
0.000571
0.000523
0.000562
0.000445
0.000153
-0.000047
-0.000136
-0.000351
-0.000605
-0.000587
-0.000321
-0.000084
0.000057
0.000248
0.000502
0.000612
0.000405
-0.000014
-0.000382
-0.000653
-0.000957
-0.001177
-0.001065
-0.000689
-0.000319
0.000046
0.000553
0.001031
0.001174
0.001042
0.000921
0.000832
0.000564
0.000157
-0.000046
0.000027
-0.000031
-0.000417
-0.000683
-0.000444
0.000000
0.000180
0.000077
-0.000076
-0.000230
-0.000503
-0.000848
-0.000994
-0.000855
-0.000610
-0.000281
0.000207
0.000656
0.000786
0.000676
0.000632
0.000697
0.000618
0.000267
-0.000147
-0.000315
-0.000200
-0.000083
-0.000117
-0.000074
0.000136
0.000221
0.000130
0.000198
0.000424
0.000394
0.000012
-0.000357
-0.000472
-0.000490
-0.000641
-0.000819
-0.000755
-0.000506
-0.000307
-0.000147
0.000073
0.000302
0.000456
0.000490
0.000432
0.000418
0.000490
0.000532
0.000493
0.000403
0.000295
0.000271
0.000364
0.000380
0.000165
-0.000171
-0.000458
-0.000639
-0.000714
-0.000712
-0.000667
-0.000567
-0.000457
-0.000464
-0.000535
-0.000438
-0.000141
0.000124
0.000187
0.000085
-0.000023
0.000018
0.000163
0.000188
0.000115
0.000261
0.000662
0.000981
0.001068
0.001031
0.000917
0.000743
0.000538
0.000255
-0.000048
-0.000198
-0.000176
-0.000113
-0.000136
-0.000290
-0.000508
-0.000674
-0.000747
-0.000807
-0.000958
-0.001161
-0.001214
-0.000956
-0.000483
-0.000057
0.000178
0.000330
0.000559
0.000819
0.000910
0.000748
0.000476
0.000317
0.000319
0.000270
0.000086
0.000029
0.000228
0.000392
0.000262
-0.000017
-0.000164
-0.000200
-0.000376
-0.000648
-0.000670
-0.000455
-0.000359
-0.000391
-0.000238
0.000076
0.000227
0.000136
0.000003
-0.000028
0.000015
0.000068
0.000116
0.000181
0.000307
0.000520
0.000726
0.000782
0.000671
0.000497
0.000351
0.000251
0.000106
-0.000193
-0.000541
-0.000633
-0.000389
-0.000166
-0.000245
-0.000403
-0.000346
-0.000204
-0.000250
-0.000471
-0.000654
-0.000665
-0.000554
-0.000418
-0.000183
0.000269
0.000681
0.000671
0.000394
0.000299
0.000356
0.000254
0.000091
0.000163
0.000334
0.000245
-0.000066
-0.000219
-0.000035
0.000280
0.000454
0.000480
0.000526
0.000516
0.000186
-0.000338
-0.000642
-0.000683
-0.000683
-0.000631
-0.000433
-0.000190
-0.000017
0.000123
0.000239
0.000230
0.000072
-0.000152
-0.000345
-0.000427
-0.000409
-0.000402
-0.000386
-0.000180
0.000219
0.000565
0.000679
0.000603
0.000482
0.000388
0.000268
0.000149
0.000152
0.000218
0.000169
0.000069
0.000111
0.000247
0.000235
0.000048
-0.000108
-0.000214
-0.000447
-0.000767
-0.000903
-0.000734
-0.000431
-0.000206
-0.000045
0.000192
0.000467
0.000576
0.000476
0.000338
0.000268
0.000184
0.000019
-0.000156
-0.000277
-0.000353
-0.000365
-0.000286
-0.000184
-0.000169
-0.000219
-0.000133
0.000216
0.000585
0.000620
0.000395
0.000205
0.000061
-0.000140
-0.000320
-0.000378
-0.000290
-0.000128
-0.000016
0.000086
0.000262
0.000397
0.000398
0.000313
0.000073
-0.000333
-0.000575
-0.000449
-0.000223
-0.000122
0.000029
0.000354
0.000646
0.000732
0.000692
0.000606
0.000420
0.000114
-0.000229
-0.000520
-0.000744
-0.000921
-0.000980
-0.000824
-0.000545
-0.000274
-0.000027
0.000119
0.000107
0.000055
0.000028
-0.000003
-0.000031
-0.000067
-0.000083
-0.000009
0.000066
0.000072
0.000212
0.000591
0.000966
0.001134
0.001134
0.001002
0.000712
0.000331
-0.000004
-0.000271
-0.000505
-0.000618
-0.000538
-0.000419
-0.000448
-0.000575
-0.000600
-0.000461
-0.000391
-0.000539
-0.000572
-0.000232
0.000072
-0.000072
-0.000357
-0.000304
0.000015
0.000252
0.000345
0.000438
0.000490
0.000392
0.000299
0.000398
0.000554
0.000566
0.000482
0.000411
0.000365
0.000317
0.000202
-0.000042
-0.000344
-0.000530
-0.000510
-0.000393
-0.000361
-0.000437
-0.000518
-0.000533
-0.000428
-0.000213
-0.000024
0.000065
0.000075
-0.000032
-0.000229
-0.000336
-0.000226
0.000044
0.000352
0.000581
0.000659
0.000632
0.000571
0.000491
0.000438
0.000448
0.000399
0.000155
-0.000218
-0.000546
-0.000727
-0.000733
-0.000605
-0.000429
-0.000268
-0.000138
-0.000012
0.000152
0.000268
0.000151
-0.000147
-0.000340
-0.000351
-0.000343
-0.000295
-0.000002
0.000465
0.000809
0.000957
0.001068
0.001142
0.000933
0.000385
-0.000131
-0.000342
-0.000449
-0.000642
-0.000713
-0.000481
-0.000166
-0.000073
-0.000200
-0.000369
-0.000507
-0.000614
-0.000652
-0.000607
-0.000543
-0.000468
-0.000298
-0.000045
0.000179
0.000387
0.000638
0.000766
0.000602
0.000325
0.000206
0.000193
0.000088
-0.000072
-0.000061
0.000204
0.000544
0.000737
0.000738
0.000624
0.000445
0.000235
0.000009
-0.000289
-0.000650
-0.000848
-0.000691
-0.000315
-0.000032
0.000027
0.000017
0.000069
0.000046
-0.000179
-0.000462
-0.000585
-0.000536
-0.000489
-0.000518
-0.000421
-0.000045
0.000396
0.000672
0.000873
0.001036
0.000922
0.000462
-0.000004
-0.000176
-0.000218
-0.000382
-0.000526
-0.000434
-0.000243
-0.000164
-0.000166
-0.000124
-0.000022
0.000024
-0.000051
-0.000107
-0.000045
-0.000013
-0.000089
-0.000102
0.000040
0.000213
0.000319
0.000418
0.000595
0.000708
0.000530
0.000164
-0.000082
-0.000129
-0.000139
-0.000195
-0.000233
-0.000213
-0.000155
-0.000048
0.000093
0.000192
0.000186
0.000058
-0.000150
-0.000360
-0.000570
-0.000804
-0.000944
-0.000859
-0.000639
-0.000418
-0.000092
0.000418
0.000876
0.001021
0.000909
0.000739
0.000537
0.000267
0.000015
-0.000178
-0.000343
-0.000355
-0.000099
0.000261
0.000498
0.000550
0.000487
0.000394
0.000236
-0.000052
-0.000384
-0.000622
-0.000732
-0.000754
-0.000757
-0.000785
-0.000752
-0.000547
-0.000226
0.000062
0.000323
0.000653
0.000927
0.000917
0.000698
0.000522
0.000369
0.000106
-0.000165
-0.000260
-0.000164
-0.000008
0.000121
0.000269
0.000417
0.000384
0.000143
-0.000147
-0.000445
-0.000819
-0.001190
-0.001336
-0.001144
-0.000798
-0.000507
-0.000148
0.000426
0.000982
0.001144
0.000884
0.000612
0.000573
0.000425
-0.000073
-0.000522
-0.000529
-0.000186
0.000237
0.000557
0.000777
0.000995
0.001069
0.000744
0.000160
-0.000295
-0.000498
-0.000626
-0.000842
-0.001067
-0.001081
-0.000850
-0.000542
-0.000252
0.000022
0.000209
0.000236
0.000212
0.000255
0.000260
0.000167
0.000132
0.000167
0.000093
-0.000029
0.000014
0.000168
0.000227
0.000150
0.000071
0.000104
0.000144
-0.000002
-0.000266
-0.000371
-0.000268
-0.000181
-0.000227
-0.000252
-0.000085
0.000212
0.000396
0.000355
0.000250
0.000232
0.000194
0.000021
-0.000125
-0.000076
0.000059
0.000134
0.000189
0.000285
0.000399
0.000480
0.000408
0.000096
-0.000309
-0.000581
-0.000696
-0.000737
-0.000717
-0.000605
-0.000380
-0.000101
0.000075
0.000112
0.000124
0.000122
0.000037
-0.000096
-0.000256
-0.000447
-0.000558
-0.000465
-0.000187
0.000196
0.000618
0.001031
0.001347
0.001427
0.001242
0.000922
0.000567
0.000150
-0.000299
-0.000616
-0.000702
-0.000639
-0.000502
-0.000282
-0.000062
0.000017
-0.000078
-0.000256
-0.000390
-0.000434
-0.000481
-0.000595
-0.000705
-0.000684
-0.000468
-0.000154
0.000091
0.000249
0.000376
0.000441
0.000437
0.000430
0.000418
0.000355
0.000290
0.000294
0.000327
0.000319
0.000343
0.000484
0.000596
0.000467
0.000174
-0.000052
-0.000214
-0.000472
-0.000808
-0.001005
-0.000958
-0.000809
-0.000696
-0.000531
-0.000197
0.000194
0.000402
0.000365
0.000262
0.000264
0.000323
0.000301
0.000208
0.000160
0.000197
0.000228
0.000138
-0.000024
-0.000033
0.000177
0.000355
0.000297
0.000127
0.000018
-0.000121
-0.000394
-0.000580
-0.000408
-0.000014
0.000293
0.000417
0.000380
0.000208
0.000032
-0.000073
-0.000217
-0.000396
-0.000419
-0.000292
-0.000191
-0.000097
0.000071
0.000193
0.000105
-0.000103
-0.000184
-0.000097
-0.000030
-0.000048
-0.000024
0.000061
0.000104
0.000139
0.000306
0.000557
0.000609
0.000367
0.000105
0.000023
-0.000055
-0.000293
-0.000557
-0.000673
-0.000598
-0.000375
-0.000135
0.000026
0.000154
0.000296
0.000365
0.000267
0.000071
-0.000086
-0.000176
-0.000238
-0.000231
-0.000097
0.000097
0.000235
0.000286
0.000304
0.000339
0.000367
0.000344
0.000277
0.000174
0.000009
-0.000236
-0.000510
-0.000685
-0.000678
-0.000534
-0.000310
-0.000022
0.000249
0.000371
0.000330
0.000228
0.000135
0.000039
-0.000084
-0.000167
-0.000093
0.000123
0.000324
0.000426
0.000450
0.000390
0.000200
-0.000070
-0.000288
-0.000441
-0.000615
-0.000743
-0.000689
-0.000494
-0.000255
0.000026
0.000329
0.000544
0.000601
0.000574
0.000571
0.000544
0.000388
0.000119
-0.000154
-0.000350
-0.000438
-0.000372
-0.000130
0.000153
0.000304
0.000319
0.000261
0.000091
-0.000236
-0.000602
-0.000804
-0.000803
-0.000751
-0.000706
-0.000508
-0.000080
0.000358
0.000583
0.000651
0.000735
0.000826
0.000743
0.000462
0.000208
0.000109
0.000005
-0.000207
-0.000359
-0.000336
-0.000245
-0.000180
-0.000110
0.000008
0.000117
0.000096
-0.000050
-0.000179
-0.000202
-0.000131
-0.000028
0.000056
0.000115
0.000161
0.000211
0.000291
0.000347
0.000253
0.000045
-0.000088
-0.000128
-0.000237
-0.000411
-0.000472
-0.000387
-0.000309
-0.000299
-0.000229
-0.000061
0.000057
0.000082
0.000099
0.000101
0.000039
-0.000029
-0.000027
0.000058
0.000202
0.000322
0.000331
0.000283
0.000320
0.000437
0.000455
0.000281
0.000036
-0.000121
-0.000166
-0.000102
0.000083
0.000279
0.000307
0.000150
-0.000023
-0.000095
-0.000151
-0.000281
-0.000401
-0.000419
-0.000422
-0.000526
-0.000680
-0.000728
-0.000644
-0.000566
-0.000534
-0.000395
-0.000106
0.000165
0.000319
0.000413
0.000448
0.000386
0.000329
0.000441
0.000685
0.000849
0.000867
0.000878
0.000901
0.000780
0.000450
0.000035
-0.000271
-0.000382
-0.000375
-0.000389
-0.000477
-0.000574
-0.000613
-0.000608
-0.000571
-0.000479
-0.000356
-0.000298
-0.000329
-0.000355
-0.000277
-0.000131
-0.000059
-0.000074
-0.000024
0.000085
0.000145
0.000262
0.000553
0.000884
0.001048
0.001005
0.000866
0.000704
0.000450
0.000100
-0.000162
-0.000221
-0.000187
-0.000234
-0.000415
-0.000580
-0.000556
-0.000441
-0.000443
-0.000537
-0.000560
-0.000498
-0.000488
-0.000585
-0.000626
-0.000488
-0.000300
-0.000110
0.000235
0.000721
0.001094
0.001158
0.000959
0.000696
0.000473
0.000261
0.000090
-0.000005
-0.000092
-0.000192
-0.000229
-0.000177
-0.000073
-0.000007
0.000002
0.000040
0.000031
-0.000182
-0.000427
-0.000445
-0.000348
-0.000366
-0.000489
-0.000534
-0.000360
-0.000052
0.000175
0.000311
0.000481
0.000629
0.000589
0.000369
0.000154
0.000074
0.000119
0.000248
0.000381
0.000371
0.000205
0.000035
-0.000051
-0.000065
-0.000062
-0.000122
-0.000211
-0.000233
-0.000281
-0.000462
-0.000657
-0.000741
-0.000759
-0.000741
-0.000595
-0.000291
0.000006
0.000120
0.000130
0.000233
0.000455
0.000642
0.000667
0.000599
0.000624
0.000700
0.000622
0.000471
0.000440
0.000405
0.000221
0.000043
-0.000008
-0.000067
-0.000251
-0.000472
-0.000633
-0.000743
-0.000779
-0.000720
-0.000658
-0.000616
-0.000494
-0.000263
0.000001
0.000175
0.000137
-0.000025
0.000004
0.000282
0.000474
0.000416
0.000331
0.000394
0.000477
0.000430
0.000314
0.000253
0.000236
0.000188
0.000133
0.000142
0.000164
0.000079
-0.000105
-0.000212
-0.000158
-0.000099
-0.000149
-0.000219
-0.000247
-0.000274
-0.000309
-0.000306
-0.000249
-0.000194
-0.000181
-0.000175
-0.000146
-0.000117
-0.000098
-0.000064
-0.000004
0.000079
0.000144
0.000129
0.000061
0.000064
0.000199
0.000387
0.000515
0.000541
0.000437
0.000163
-0.000177
-0.000387
-0.000413
-0.000346
-0.000287
-0.000282
-0.000268
-0.000183
-0.000102
-0.000095
-0.000104
-0.000056
0.000031
0.000116
0.000177
0.000218
0.000267
0.000333
0.000408
0.000435
0.000351
0.000232
0.000225
0.000333
0.000406
0.000308
0.000088
-0.000084
-0.000201
-0.000374
-0.000535
-0.000546
-0.000478
-0.000477
-0.000554
-0.000620
-0.000619
-0.000568
-0.000469
-0.000248
0.000076
0.000312
0.000384
0.000472
0.000662
0.000738
0.000556
0.000341
0.000350
0.000487
0.000501
0.000354
0.000149
-0.000034
-0.000128
-0.000143
-0.000196
-0.000363
-0.000550
-0.000546
-0.000323
-0.000145
-0.000189
-0.000331
-0.000407
-0.000411
-0.000394
-0.000322
-0.000134
0.000116
0.000298
0.000393
0.000462
0.000509
0.000541
0.000544
0.000433
0.000245
0.000124
0.000081
0.000029
-0.000042
-0.000099
-0.000146
-0.000175
-0.000115
0.000027
0.000119
0.000067
-0.000082
-0.000222
-0.000294
-0.000348
-0.000463
-0.000539
-0.000432
-0.000259
-0.000190
-0.000146
-0.000013
0.000143
0.000231
0.000258
0.000289
0.000354
0.000391
0.000327
0.000228
0.000241
0.000398
0.000558
0.000558
0.000406
0.000247
0.000117
-0.000035
-0.000182
-0.000314
-0.000465
-0.000590
-0.000653
-0.000713
-0.000741
-0.000588
-0.000260
-0.000008
-0.000009
-0.000111
-0.000073
0.000033
-0.000000
-0.000097
-0.000047
0.000145
0.000299
0.000306
0.000272
0.000382
0.000571
0.000582
0.000388
0.000272
0.000358
0.000378
0.000134
-0.000134
-0.000196
-0.000232
-0.000376
-0.000397
-0.000187
0.000009
0.000020
-0.000021
0.000042
0.000106
-0.000022
-0.000305
-0.000518
-0.000550
-0.000493
-0.000429
-0.000295
-0.000069
0.000127
0.000254
0.000412
0.000568
0.000546
0.000318
0.000082
0.000028
0.000096
0.000082
-0.000020
0.000011
0.000206
0.000294
0.000145
-0.000013
0.000015
0.000069
-0.000064
-0.000308
-0.000450
-0.000457
-0.000439
-0.000415
-0.000272
0.000003
0.000219
0.000282
0.000328
0.000425
0.000435
0.000228
-0.000082
-0.000242
-0.000208
-0.000179
-0.000228
-0.000211
-0.000057
0.000085
0.000084
0.000008
-0.000011
0.000011
-0.000030
-0.000113
-0.000112
0.000002
0.000158
0.000295
0.000368
0.000343
0.000247
0.000151
0.000075
-0.000073
-0.000325
-0.000487
-0.000398
-0.000202
-0.000106
-0.000074
0.000034
0.000201
0.000226
0.000040
-0.000081
0.000107
0.000419
0.000490
0.000267
0.000026
-0.000042
-0.000067
-0.000207
-0.000351
-0.000339
-0.000236
-0.000210
-0.000296
-0.000354
-0.000264
-0.000110
-0.000005
0.000086
0.000217
0.000341
0.000360
0.000240
0.000106
0.000103
0.000215
0.000340
0.000390
0.000277
0.000043
-0.000114
-0.000130
-0.000152
-0.000244
-0.000310
-0.000297
-0.000277
-0.000310
-0.000315
-0.000186
0.000013
0.000103
0.000008
-0.000143
-0.000166
-0.000035
0.000134
0.000257
0.000338
0.000386
0.000365
0.000253
0.000134
0.000115
0.000124
0.000001
-0.000182
-0.000177
0.000059
0.000273
0.000217
-0.000023
-0.000153
-0.000124
-0.000107
-0.000117
-0.000095
-0.000104
-0.000199
-0.000325
-0.000378
-0.000327
-0.000288
-0.000311
-0.000264
-0.000098
0.000088
0.000246
0.000383
0.000446
0.000348
0.000137
0.000028
0.000097
0.000120
-0.000017
-0.000076
0.000122
0.000349
0.000308
0.000123
0.000114
0.000230
0.000210
0.000085
0.000031
0.000001
-0.000172
-0.000438
-0.000596
-0.000603
-0.000567
-0.000483
-0.000270
-0.000013
0.000142
0.000207
0.000239
0.000225
0.000191
0.000198
0.000249
0.000276
0.000231
0.000147
0.000087
0.000046
0.000034
0.000085
0.000110
0.000018
-0.000103
-0.000136
-0.000096
-0.000070
-0.000079
-0.000083
-0.000118
-0.000232
-0.000353
-0.000391
-0.000360
-0.000290
-0.000173
-0.000032
0.000087
0.000190
0.000345
0.000531
0.000547
0.000301
0.000040
-0.000002
0.000059
0.000013
-0.000074
-0.000029
0.000097
0.000137
0.000073
0.000038
0.000071
0.000032
-0.000124
-0.000213
-0.000134
-0.000070
-0.000190
-0.000313
-0.000201
-0.000013
-0.000009
-0.000085
-0.000065
-0.000030
-0.000072
-0.000087
0.000031
0.000197
0.000235
0.000120
-0.000016
-0.000070
-0.000059
-0.000053
-0.000026
0.000102
0.000220
0.000181
0.000143
0.000276
0.000380
0.000251
0.000061
0.000037
0.000111
0.000092
-0.000047
-0.000137
-0.000096
-0.000090
-0.000256
-0.000456
-0.000501
-0.000413
-0.000349
-0.000335
-0.000263
-0.000111
0.000002
0.000023
0.000015
0.000039
0.000107
0.000202
0.000305
0.000370
0.000356
0.000321
0.000325
0.000290
0.000168
0.000067
0.000044
-0.000014
-0.000190
-0.000354
-0.000288
-0.000005
0.000166
0.000028
-0.000185
-0.000187
-0.000040
-0.000020
-0.000210
-0.000336
-0.000175
0.000095
0.000202
0.000140
0.000049
0.000034
0.000099
0.000140
0.000079
0.000012
0.000046
0.000096
0.000036
-0.000054
-0.000009
0.000157
0.000272
0.000285
0.000260
0.000176
-0.000019
-0.000237
-0.000347
-0.000331
-0.000248
-0.000154
-0.000115
-0.000172
-0.000253
-0.000273
-0.000270
-0.000237
-0.000083
0.000150
0.000309
0.000317
0.000184
0.000005
-0.000028
0.000137
0.000262
0.000176
0.000046
0.000076
0.000174
0.000168
0.000109
0.000106
0.000062
-0.000164
-0.000420
-0.000426
-0.000209
-0.000073
-0.000124
-0.000151
-0.000027
0.000098
0.000133
0.000204
0.000363
0.000445
0.000303
0.000015
-0.000200
-0.000252
-0.000256
-0.000252
-0.000138
0.000067
0.000218
0.000238
0.000142
0.000000
-0.000117
-0.000236
-0.000355
-0.000345
-0.000153
0.000086
0.000226
0.000232
0.000188
0.000209
0.000270
0.000244
0.000131
0.000073
0.000123
0.000141
0.000028
-0.000110
-0.000171
-0.000206
-0.000265
-0.000294
-0.000238
-0.000132
-0.000071
-0.000124
-0.000210
-0.000164
-0.000006
0.000071
0.000008
-0.000064
-0.000047
0.000008
0.000043
0.000074
0.000118
0.000182
0.000245
0.000233
0.000154
0.000102
0.000059
-0.000023
-0.000044
0.000068
0.000197
0.000200
0.000090
0.000024
0.000074
0.000071
-0.000127
-0.000352
-0.000381
-0.000277
-0.000249
-0.000308
-0.000301
-0.000168
0.000001
0.000098
0.000130
0.000194
0.000289
0.000296
0.000182
0.000074
0.000064
0.000099
0.000132
0.000177
0.000216
0.000249
0.000245
0.000088
-0.000175
-0.000285
-0.000132
0.000079
0.000066
-0.000181
-0.000361
-0.000321
-0.000284
-0.000384
-0.000363
-0.000043
0.000284
0.000265
0.000011
-0.000090
0.000029
0.000064
-0.000116
-0.000272
-0.000215
-0.000071
0.000009
0.000101
0.000263
0.000342
0.000258
0.000160
0.000136
0.000101
0.000016
0.000012
0.000171
0.000315
0.000263
0.000135
0.000107
0.000065
-0.000137
-0.000350
-0.000364
-0.000235
-0.000156
-0.000175
-0.000176
-0.000103
-0.000058
-0.000122
-0.000201
-0.000165
-0.000015
0.000115
0.000117
0.000080
0.000154
0.000282
0.000330
0.000332
0.000373
0.000371
0.000239
0.000074
-0.000016
-0.000081
-0.000189
-0.000293
-0.000328
-0.000333
-0.000376
-0.000408
-0.000326
-0.000188
-0.000135
-0.000119
0.000010
0.000198
0.000265
0.000181
0.000045
-0.000068
-0.000118
-0.000110
-0.000107
-0.000086
0.000049
0.000258
0.000360
0.000309
0.000282
0.000343
0.000302
0.000089
-0.000066
-0.000017
0.000073
0.000069
0.000064
0.000091
0.000012
-0.000203
-0.000365
-0.000343
-0.000214
-0.000118
-0.000093
-0.000068
0.000001
0.000040
-0.000004
-0.000114
-0.000251
-0.000283
-0.000104
0.000149
0.000276
0.000249
0.000161
0.000098
0.000044
-0.000063
-0.000155
-0.000068
0.000166
0.000265
0.000111
-0.000022
0.000081
0.000203
0.000066
-0.000164
-0.000123
0.000163
0.000338
0.000250
0.000075
-0.000040
-0.000176
-0.000393
-0.000519
-0.000406
-0.000192
-0.000113
-0.000148
-0.000100
0.000026
0.000067
0.000024
0.000014
0.000052
0.000078
0.000069
0.000042
0.000035
0.000090
0.000178
0.000195
0.000110
0.000057
0.000129
0.000188
0.000119
0.000040
0.000031
-0.000048
-0.000246
-0.000346
-0.000174
0.000097
0.000189
0.000143
0.000180
0.000252
0.000147
-0.000092
-0.000207
-0.000117
-0.000041
-0.000150
-0.000278
-0.000209
-0.000053
-0.000026
-0.000116
-0.000151
-0.000016
0.000195
0.000273
0.000183
0.000103
0.000138
0.000203
0.000173
0.000022
-0.000152
-0.000225
-0.000193
-0.000144
-0.000098
0.000016
0.000169
0.000159
-0.000077
-0.000283
-0.000229
-0.000046
-0.000001
-0.000106
-0.000113
0.000088
0.000255
0.000159
-0.000037
-0.000051
0.000100
0.000187
0.000151
0.000125
0.000164
0.000191
0.000152
0.000052
-0.000088
-0.000200
-0.000217
-0.000171
-0.000133
-0.000105
-0.000024
0.000088
0.000082
-0.000071
-0.000181
-0.000163
-0.000187
-0.000308
-0.000324
-0.000159
0.000016
0.000096
0.000150
0.000229
0.000305
0.000328
0.000254
0.000115
0.000031
0.000043
0.000044
-0.000010
0.000018
0.000209
0.000400
0.000411
0.000267
0.000121
0.000020
-0.000109
-0.000268
-0.000334
-0.000271
-0.000192
-0.000167
-0.000183
-0.000236
-0.000281
-0.000221
-0.000074
-0.000018
-0.000141
-0.000258
-0.000166
0.000046
0.000176
0.000199
0.000179
0.000105
-0.000030
-0.000093
0.000041
0.000224
0.000222
0.000096
0.000064
0.000130
0.000139
0.000067
0.000002
-0.000023
-0.000048
-0.000105
-0.000184
-0.000242
-0.000191
-0.000006
0.000138
0.000104
0.000050
0.000142
0.000263
0.000219
0.000029
-0.000141
-0.000164
-0.000051
0.000066
0.000053
-0.000090
-0.000184
-0.000074
0.000117
0.000110
-0.000092
-0.000173
-0.000017
0.000148
0.000168
0.000144
0.000173
0.000186
0.000087
-0.000078
-0.000180
-0.000186
-0.000162
-0.000170
-0.000244
-0.000358
-0.000406
-0.000311
-0.000125
0.000023
0.000064
0.000056
0.000101
0.000199
0.000284
0.000361
0.000436
0.000420
0.000315
0.000267
0.000302
0.000264
0.000111
-0.000024
-0.000086
-0.000168
-0.000272
-0.000301
-0.000273
-0.000260
-0.000270
-0.000295
-0.000292
-0.000214
-0.000123
-0.000093
-0.000124
-0.000203
-0.000246
-0.000139
0.000066
0.000219
0.000244
0.000166
0.000119
0.000189
0.000277
0.000280
0.000272
0.000351
0.000412
0.000288
0.000030
-0.000153
-0.000167
-0.000094
-0.000040
-0.000028
-0.000047
-0.000111
-0.000223
-0.000301
-0.000276
-0.000233
-0.000250
-0.000225
-0.000093
0.000032
0.000100
0.000180
0.000233
0.000141
-0.000033
-0.000097
0.000012
0.000162
0.000205
0.000171
0.000173
0.000209
0.000184
0.000081
0.000020
0.000054
0.000034
-0.000149
-0.000313
-0.000229
-0.000026
-0.000025
-0.000215
-0.000309
-0.000216
-0.000105
-0.000088
-0.000089
-0.000015
0.000089
0.000124
0.000074
0.000005
-0.000021
0.000021
0.000114
0.000194
0.000202
0.000198
0.000260
0.000309
0.000205
-0.000029
-0.000170
-0.000079
0.000059
-0.000008
-0.000171
-0.000137
0.000066
0.000128
-0.000023
-0.000150
-0.000148
-0.000176
-0.000288
-0.000291
-0.000081
0.000136
0.000120
-0.000053
-0.000121
-0.000043
-0.000013
-0.000064
-0.000020
0.000151
0.000259
0.000205
0.000134
0.000189
0.000256
0.000180
0.000044
-0.000018
-0.000051
-0.000093
-0.000067
0.000007
-0.000021
-0.000146
-0.000201
-0.000172
-0.000206
-0.000309
-0.000324
-0.000217
-0.000133
-0.000154
-0.000169
-0.000034
0.000172
0.000238
0.000138
0.000092
0.000264
0.000506
0.000546
0.000387
0.000266
0.000258
0.000210
0.000086
0.000030
0.000074
0.000081
-0.000034
-0.000199
-0.000311
-0.000354
-0.000364
-0.000350
-0.000300
-0.000265
-0.000304
-0.000367
-0.000364
-0.000302
-0.000238
-0.000156
0.000012
0.000223
0.000339
0.000349
0.000364
0.000382
0.000344
0.000295
0.000260
0.000178
0.000078
0.000079
0.000200
0.000311
0.000272
0.000093
-0.000093
-0.000194
-0.000248
-0.000311
-0.000347
-0.000319
-0.000271
-0.000246
-0.000235
-0.000201
-0.000134
-0.000065
-0.000030
-0.000061
-0.000120
-0.000097
0.000029
0.000144
0.000181
0.000197
0.000263
0.000364
0.000415
0.000377
0.000298
0.000235
0.000188
0.000104
-0.000046
-0.000192
-0.000234
-0.000208
-0.000249
-0.000367
-0.000404
-0.000288
-0.000195
-0.000240
-0.000252
-0.000116
0.000030
0.000085
0.000107
0.000163
0.000266
0.000368
0.000433
0.000471
0.000428
0.000270
0.000101
-0.000010
-0.000102
-0.000180
-0.000204
-0.000169
-0.000137
-0.000158
-0.000197
-0.000200
-0.000185
-0.000202
-0.000247
-0.000286
-0.000278
-0.000185
-0.000055
0.000016
0.000028
0.000052
0.000101
0.000135
0.000145
0.000190
0.000275
0.000292
0.000231
0.000191
0.000175
0.000151
0.000194
0.000320
0.000372
0.000211
-0.000064
-0.000218
-0.000211
-0.000190
-0.000218
-0.000259
-0.000259
-0.000181
-0.000075
-0.000034
-0.000066
-0.000138
-0.000218
-0.000242
-0.000179
-0.000085
-0.000029
-0.000047
-0.000108
-0.000100
0.000028
0.000175
0.000276
0.000355
0.000376
0.000272
0.000106
0.000026
0.000071
0.000127
0.000100
0.000020
-0.000067
-0.000124
-0.000083
0.000061
0.000184
0.000129
-0.000111
-0.000330
-0.000360
-0.000293
-0.000249
-0.000178
-0.000061
0.000002
0.000019
0.000083
0.000167
0.000158
0.000050
-0.000034
-0.000004
0.000066
0.000078
0.000062
0.000057
0.000045
0.000067
0.000140
0.000187
0.000177
0.000123
0.000010
-0.000121
-0.000172
-0.000131
-0.000098
-0.000149
-0.000230
-0.000219
-0.000112
-0.000019
0.000016
0.000046
0.000092
0.000108
0.000081
0.000066
0.000108
0.000199
0.000292
0.000355
0.000360
0.000267
0.000105
-0.000035
-0.000144
-0.000297
-0.000446
-0.000442
-0.000293
-0.000187
-0.000211
-0.000252
-0.000229
-0.000199
-0.000189
-0.000127
0.000023
0.000171
0.000200
0.000126
0.000063
0.000028
-0.000025
