4320
0.000198
0.000253
0.000076
-0.000110
-0.000038
0.000164
0.000149
-0.000100
-0.000337
-0.000451
-0.000462
-0.000341
-0.000113
0.000006
-0.000096
-0.000144
0.000058
0.000179
-0.000068
-0.000294
-0.000051
0.000326
0.000257
-0.000111
-0.000163
0.000198
0.000405
0.000124
-0.000164
0.000073
0.000482
0.000326
-0.000284
-0.000529
-0.000183
0.000165
0.000159
0.000057
0.000102
0.000147
-0.000032
-0.000371
-0.000541
-0.000330
0.000078
0.000334
0.000365
0.000350
0.000338
0.000205
-0.000037
-0.000178
-0.000085
0.000090
0.000072
-0.000120
-0.000210
-0.000135
-0.000091
-0.000155
-0.000199
-0.000143
-0.000098
-0.000166
-0.000235
-0.000134
0.000076
0.000180
0.000153
0.000196
0.000348
0.000375
0.000165
-0.000080
-0.000129
-0.000017
0.000046
-0.000031
-0.000154
-0.000204
-0.000178
-0.000157
-0.000145
-0.000019
0.000271
0.000509
0.000421
0.000066
-0.000204
-0.000226
-0.000176
-0.000170
-0.000090
0.000111
0.000233
0.000114
-0.000079
-0.000092
0.000034
0.000080
-0.000012
-0.000126
-0.000132
-0.000037
-0.000027
-0.000187
-0.000260
-0.000018
0.000299
0.000280
-0.000029
-0.000190
-0.000046
0.000061
-0.000086
-0.000185
-0.000006
0.000159
0.000078
-0.000013
0.000079
0.000213
0.000251
0.000252
0.000216
-0.000011
-0.000399
-0.000556
-0.000229
0.000199
0.000202
-0.000076
-0.000110
0.000134
0.000214
-0.000040
-0.000262
-0.000087
0.000294
0.000360
0.000029
-0.000223
-0.000182
-0.000361
-0.001057
-0.001431
-0.000658
0.000675
0.001586
0.002103
0.002486
0.002324
0.001457
0.000462
-0.000446
-0.001577
-0.002709
-0.003220
-0.002976
-0.002199
-0.001100
-0.000007
0.000843
0.001479
0.001767
0.001468
0.000821
0.000254
-0.000291
-0.000910
-0.001176
-0.000768
-0.000045
0.000550
0.001045
0.001554
0.001882
0.001798
0.001299
0.000568
-0.000165
-0.000800
-0.001348
-0.001642
-0.001413
-0.000785
-0.000142
0.000370
0.000708
0.000685
0.000326
0.000022
-0.000098
-0.000411
-0.001000
-0.001305
-0.000971
-0.000389
-0.000098
-0.000064
0.000161
0.000693
0.001098
0.000921
0.000320
-0.000050
0.000033
0.000010
-0.000431
-0.000673
-0.000121
0.000784
0.001158
0.000811
0.000293
0.000050
-0.000048
-0.000276
-0.000504
-0.000479
-0.000309
-0.000224
-0.000220
-0.000249
-0.000292
-0.000202
0.000021
0.000056
-0.000173
-0.000215
0.000127
0.000366
0.000155
-0.000134
-0.000086
0.000152
0.000222
0.000041
-0.000158
-0.000097
0.000154
0.000249
0.000171
0.000249
0.000430
0.000331
0.000003
-0.000183
-0.000194
-0.000189
-0.000130
0.000005
0.000039
-0.000078
-0.000182
-0.000189
-0.000140
-0.000062
-0.000052
-0.000180
-0.000246
-0.000085
0.000073
0.000039
0.000008
0.000151
0.000293
0.000206
-0.000013
-0.000083
0.000025
0.000058
-0.000045
0.000009
0.000285
0.000370
0.000042
-0.000359
-0.000454
-0.000246
-0.000012
0.000012
-0.000091
-0.000007
0.000288
0.000392
0.000101
-0.000206
-0.000157
0.000034
0.000048
0.000016
0.000081
0.000054
-0.000062
0.000040
0.000262
0.000242
0.000101
0.000134
0.000145
-0.000138
-0.000485
-0.000497
-0.000159
0.000185
0.000277
0.000149
-0.000006
-0.000064
-0.000056
-0.000091
-0.000211
-0.000328
-0.000338
-0.000255
-0.000149
-0.000072
-0.000014
0.000104
0.000258
0.000321
0.000262
0.000175
0.000187
0.000280
0.000222
-0.000019
-0.000121
0.000060
0.000256
0.000160
-0.000229
-0.000554
-0.000471
-0.000167
-0.000044
-0.000021
0.000181
0.000358
0.000179
-0.000119
-0.000106
0.000136
0.000216
0.000015
-0.000237
-0.000243
0.000019
0.000196
0.000058
-0.000079
0.000063
0.000189
0.000048
-0.000104
-0.000019
0.000097
-0.000063
-0.000339
-0.000332
-0.000093
0.000056
0.000130
0.000236
0.000210
-0.000025
-0.000184
-0.000049
0.000119
0.000013
-0.000126
0.000066
0.000337
0.000195
-0.000180
-0.000178
0.000204
0.000423
0.000250
-0.000072
-0.000264
-0.000269
-0.000252
-0.000352
-0.000417
-0.000231
0.000073
0.000177
0.000058
-0.000021
0.000092
0.000250
0.000236
0.000026
-0.000152
-0.000071
0.000142
0.000131
-0.000142
-0.000295
-0.000079
0.000253
0.000311
0.000139
0.000066
0.000119
0.000117
0.000121
0.000236
0.000252
0.000005
-0.000256
-0.000298
-0.000264
-0.000314
-0.000331
-0.000187
0.000045
0.000183
0.000114
-0.000023
-0.000002
0.000087
0.000017
-0.000123
-0.000141
-0.000090
-0.000040
0.000066
0.000164
0.000134
0.000091
0.000156
0.000184
0.000051
-0.000148
-0.000264
-0.000258
-0.000191
-0.000070
0.000182
0.000414
0.000308
-0.000030
-0.000147
-0.000011
0.000002
-0.000159
-0.000178
0.000013
0.000160
0.000122
0.000021
0.000026
0.000110
0.000091
-0.000084
-0.000190
-0.000083
0.000019
-0.000049
-0.000091
0.000092
0.000346
0.000335
-0.000022
-0.000403
-0.000470
-0.000304
-0.000204
-0.000191
0.000017
0.000450
0.000625
0.000264
-0.000174
-0.000222
-0.000071
-0.000074
-0.000176
-0.000132
0.000059
0.000179
0.000100
-0.000058
-0.000065
0.000101
0.000222
0.000203
0.000159
0.000121
0.000023
-0.000101
-0.000174
-0.000196
-0.000132
0.000096
0.000364
0.000385
0.000131
-0.000077
-0.000079
-0.000129
-0.000367
-0.000496
-0.000327
-0.000106
-0.000071
-0.000162
-0.000194
-0.000049
0.000211
0.000361
0.000262
0.000066
0.000030
0.000159
0.000236
0.000163
-0.000020
-0.000290
-0.000458
-0.000261
0.000104
0.000201
0.000144
0.000306
0.000488
0.000272
-0.000130
-0.000184
0.000086
0.000223
0.000067
-0.000152
-0.000207
-0.000129
-0.000149
-0.000321
-0.000379
-0.000205
-0.000060
-0.000066
-0.000009
0.000124
0.000048
-0.000186
-0.000193
0.000043
0.000150
0.000043
0.000018
0.000208
0.000373
0.000291
0.000087
0.000056
0.000223
0.000280
0.000093
-0.000050
0.000034
0.000127
0.000043
-0.000118
-0.000229
-0.000302
-0.000382
-0.000402
-0.000259
-0.000049
-0.000010
-0.000097
-0.000020
0.000158
0.000082
-0.000175
-0.000247
-0.000173
-0.000181
-0.000155
0.000034
0.000219
0.000273
0.000193
-0.000034
-0.000266
-0.000239
0.000047
0.000342
0.000473
0.000410
0.000191
0.000010
0.000096
0.000303
0.000276
0.000076
0.000084
0.000344
0.000511
0.000388
0.000161
0.000086
0.000146
0.000148
0.000022
-0.000055
0.000063
0.000136
-0.000146
-0.000552
-0.000624
-0.000454
-0.000456
-0.000632
-0.000692
-0.000606
-0.000493
-0.000331
-0.000110
0.000000
-0.000105
-0.000267
-0.000285
-0.000188
-0.000107
-0.000066
-0.000034
0.000018
0.000118
0.000254
0.000398
0.000558
0.000682
0.000715
0.000703
0.000666
0.000554
0.000415
0.000367
0.000429
0.000455
0.000346
0.000252
0.000283
0.000214
-0.000140
-0.000497
-0.000539
-0.000451
-0.000540
-0.000750
-0.000886
-0.000877
-0.000753
-0.000584
-0.000407
-0.000257
-0.000213
-0.000277
-0.000291
-0.000149
0.000009
0.000037
0.000078
0.000305
0.000548
0.000584
0.000499
0.000433
0.000354
0.000223
-0.000026
-0.000671
-0.001785
-0.002547
-0.002004
-0.000726
-0.000124
0.000007
0.000956
0.002277
0.002489
0.002116
0.002635
0.003262
0.002329
0.000656
0.000128
0.000529
0.000642
0.000548
0.000842
0.001279
0.001232
0.000496
-0.000495
-0.001074
-0.001343
-0.002072
-0.003090
-0.003327
-0.002868
-0.002782
-0.002906
-0.002326
-0.001443
-0.001169
-0.001241
-0.001074
-0.000869
-0.000799
-0.000605
-0.000310
0.000005
0.000611
0.001391
0.001875
0.002299
0.003049
0.003477
0.002972
0.002294
0.002267
0.002299
0.001650
0.000892
0.000803
0.000988
0.000758
0.000385
0.000408
0.000530
0.000062
-0.001053
-0.002144
-0.002477
-0.002030
-0.001635
-0.001863
-0.002103
-0.001726
-0.001310
-0.001395
-0.001310
-0.000701
-0.000524
-0.001039
-0.001024
-0.000177
0.000330
0.000258
0.000492
0.001035
0.001284
0.001340
0.001363
0.001193
0.001097
0.001205
0.000974
0.000519
0.000630
0.001015
0.000841
0.000507
0.000631
0.000639
0.000178
-0.000073
-0.000082
-0.000560
-0.001228
-0.001345
-0.001149
-0.001047
-0.000818
-0.000520
-0.000538
-0.000675
-0.000572
-0.000369
-0.000153
0.000152
0.000225
-0.000080
-0.000207
0.000014
-0.000010
-0.000281
-0.000052
0.000707
0.001188
0.000871
-0.000651
-0.003699
-0.006479
-0.005813
-0.002352
-0.000485
-0.000556
0.001689
0.005659
0.005913
0.003299
0.004027
0.007139
0.005964
0.001100
-0.000765
0.001217
0.002203
0.000970
0.000708
0.002614
0.004066
0.002574
-0.000589
-0.001916
-0.001303
-0.002559
-0.006248
-0.008093
-0.006878
-0.006139
-0.006578
-0.005260
-0.002397
-0.001017
-0.001338
-0.001533
-0.001264
-0.000805
-0.000214
-0.000245
-0.000700
0.000242
0.002401
0.003251
0.002974
0.004502
0.007284
0.007415
0.004852
0.003649
0.004579
0.004268
0.001914
0.000579
0.001293
0.001489
0.000081
-0.000777
0.000009
0.000602
-0.000359
-0.001886
-0.002881
-0.003567
-0.004377
-0.005173
-0.005494
-0.004992
-0.004100
-0.003623
-0.003222
-0.002176
-0.001329
-0.001517
-0.001498
-0.000476
0.000024
-0.000535
-0.000344
0.001083
0.002323
0.003228
0.004487
0.005480
0.005759
0.005965
0.005850
0.004809
0.003773
0.003169
0.001751
-0.000172
-0.000763
-0.000579
-0.001369
-0.002315
-0.002112
-0.001840
-0.002383
-0.002809
-0.002860
-0.003264
-0.003735
-0.003679
-0.003447
-0.003193
-0.002637
-0.002117
-0.001741
-0.000871
0.000189
0.000469
0.000509
0.001325
0.002175
0.002073
0.001784
0.002258
0.003016
0.003339
0.003350
0.003380
0.003352
0.002983
0.002157
0.001128
0.000259
-0.000423
-0.000998
-0.001323
-0.001459
-0.002117
-0.004357
-0.008009
-0.010050
-0.007655
-0.003509
-0.002297
-0.002166
0.001477
0.005705
0.005155
0.003301
0.005748
0.008546
0.005863
0.001390
0.001145
0.003356
0.003581
0.002268
0.002268
0.003869
0.004518
0.002221
-0.000934
-0.001401
-0.000750
-0.003305
-0.007518
-0.008409
-0.006818
-0.006783
-0.007299
-0.005446
-0.002780
-0.001889
-0.002093
-0.002138
-0.001831
-0.000790
0.000233
-0.000320
-0.001057
0.000624
0.003180
0.003658
0.003693
0.006023
0.008323
0.007218
0.004722
0.004530
0.005435
0.004125
0.001500
0.000791
0.001529
0.000713
-0.001341
-0.001646
-0.000189
0.000186
-0.001243
-0.002632
-0.003173
-0.003742
-0.004835
-0.005894
-0.006063
-0.005214
-0.004400
-0.004234
-0.003499
-0.001477
-0.000029
-0.000790
-0.002196
-0.001611
0.000806
0.002410
0.002220
0.002582
0.004947
0.006744
0.006015
0.005393
0.006722
0.006909
0.004066
0.001410
0.001094
0.000890
-0.000733
-0.002239
-0.002314
-0.001566
-0.001370
-0.002283
-0.002985
-0.002285
-0.001870
-0.003345
-0.004485
-0.003433
-0.002664
-0.003788
-0.004088
-0.002243
-0.000877
-0.001061
-0.000796
0.000564
0.001701
0.002070
0.001994
0.001967
0.002593
0.003387
0.003219
0.002796
0.003456
0.004069
0.003154
0.002050
0.002137
0.002045
0.000659
-0.000677
-0.001029
-0.001453
-0.002549
-0.003211
-0.002697
-0.002453
-0.004909
-0.009511
-0.011291
-0.007431
-0.002889
-0.002563
-0.002292
0.002815
0.007762
0.006779
0.004732
0.007627
0.010933
0.008284
0.002874
0.001301
0.003325
0.004181
0.002626
0.002047
0.004180
0.005320
0.002066
-0.002165
-0.002636
-0.001968
-0.005014
-0.009453
-0.010428
-0.009161
-0.008946
-0.008786
-0.006832
-0.004149
-0.002240
-0.001501
-0.001762
-0.001553
0.000371
0.002021
0.001185
0.000138
0.001863
0.004406
0.004821
0.004967
0.007471
0.009909
0.008766
0.005817
0.005098
0.005949
0.004692
0.001579
0.000120
0.000574
0.000022
-0.001854
-0.002564
-0.001678
-0.001297
-0.002422
-0.004037
-0.004993
-0.005249
-0.005657
-0.006537
-0.006874
-0.006117
-0.005393
-0.005138
-0.003891
-0.001419
-0.000065
-0.000977
-0.001870
-0.000386
0.002464
0.004141
0.004555
0.005628
0.007418
0.008049
0.007476
0.007533
0.008140
0.007248
0.004520
0.001894
0.000674
0.000045
-0.001465
-0.003609
-0.004439
-0.003588
-0.003323
-0.004428
-0.004659
-0.003505
-0.003524
-0.005087
-0.005539
-0.004421
-0.003769
-0.003813
-0.003202
-0.001861
-0.000553
0.000362
0.000830
0.001403
0.002662
0.003736
0.003693
0.003592
0.004425
0.005034
0.004560
0.004131
0.004343
0.004184
0.003310
0.002498
0.001876
0.000911
-0.000466
-0.001922
-0.003126
-0.003854
-0.004184
-0.004256
-0.003936
-0.003268
-0.003128
-0.005123
-0.009558
-0.012722
-0.010118
-0.004157
-0.001476
-0.001206
0.003028
0.009163
0.009683
0.007166
0.009641
0.014071
0.011902
0.005355
0.002716
0.004211
0.004491
0.002661
0.001973
0.003603
0.004665
0.002023
-0.002492
-0.004083
-0.003371
-0.005649
-0.010680
-0.012974
-0.011989
-0.011547
-0.011431
-0.009071
-0.005554
-0.003170
-0.001959
-0.001472
-0.000956
0.001062
0.003447
0.003142
0.001328
0.002163
0.005075
0.006186
0.006193
0.008616
0.012019
0.011794
0.008365
0.006604
0.007428
0.006618
0.002790
-0.000294
-0.000871
-0.001676
-0.003743
-0.004522
-0.003343
-0.002684
-0.003749
-0.005405
-0.006552
-0.006888
-0.006942
-0.007746
-0.008833
-0.008471
-0.006995
-0.006237
-0.005577
-0.003142
0.000250
0.002652
0.004214
0.005774
0.007116
0.007970
0.008237
0.007721
0.007066
0.006950
0.006447
0.004974
0.004049
0.004247
0.003683
0.001725
0.000225
-0.000237
-0.001203
-0.002999
-0.004315
-0.004850
-0.005438
-0.006226
-0.006568
-0.006166
-0.005436
-0.004872
-0.004392
-0.003609
-0.002600
-0.001805
-0.001271
-0.000624
0.000278
0.001175
0.001911
0.002691
0.003696
0.004663
0.005186
0.005328
0.005443
0.005460
0.005021
0.004171
0.003218
0.002207
0.001075
-0.000028
-0.000939
-0.001675
-0.002324
-0.002861
-0.003128
-0.003120
-0.003136
-0.003323
-0.003331
-0.002903
-0.002488
-0.002890
-0.005011
-0.009178
-0.012674
-0.010936
-0.004745
-0.000433
0.000844
0.004641
0.010873
0.012705
0.010239
0.010752
0.014245
0.013356
0.007196
0.002413
0.002007
0.002692
0.001830
0.000903
0.002102
0.003834
0.002151
-0.002528
-0.005221
-0.005121
-0.007061
-0.011976
-0.014998
-0.014459
-0.013472
-0.012687
-0.009937
-0.005602
-0.002056
-0.000188
0.000449
0.000974
0.002727
0.004848
0.004751
0.002941
0.003045
0.005704
0.007662
0.007972
0.009454
0.012536
0.013328
0.010224
0.007070
0.006598
0.005900
0.002285
-0.001699
-0.003261
-0.003990
-0.005679
-0.006787
-0.005940
-0.004584
-0.004612
-0.006137
-0.007815
-0.008284
-0.007917
-0.008368
-0.009463
-0.009127
-0.007125
-0.005121
-0.003118
-0.000000
0.003494
0.005904
0.007339
0.008435
0.009192
0.009511
0.009142
0.007866
0.006552
0.006167
0.005942
0.004913
0.003914
0.003624
0.002956
0.001241
-0.000605
-0.002021
-0.003529
-0.005323
-0.006930
-0.008000
-0.008424
-0.008195
-0.007458
-0.006384
-0.005194
-0.004210
-0.003444
-0.002561
-0.001585
-0.000916
-0.000447
0.000413
0.001704
0.002861
0.003720
0.004727
0.006045
0.007106
0.007353
0.007008
0.006595
0.006077
0.005123
0.003788
0.002333
0.000867
-0.000532
-0.001744
-0.002679
-0.003298
-0.003804
-0.004570
-0.005451
-0.005793
-0.005545
-0.005286
-0.004973
-0.004041
-0.002769
-0.001981
-0.001559
-0.001057
-0.001613
-0.004771
-0.008761
-0.008963
-0.004165
0.001025
0.003407
0.006139
0.011489
0.015091
0.013977
0.012708
0.014477
0.014471
0.008891
0.002280
-0.000097
0.000157
-0.000710
-0.002147
-0.001613
0.000075
-0.000512
-0.003978
-0.006939
-0.007556
-0.008432
-0.011710
-0.015331
-0.016581
-0.015455
-0.012886
-0.009230
-0.005142
-0.001373
0.001784
0.003762
0.004457
0.005439
0.007455
0.008334
0.006777
0.005381
0.006452
0.008327
0.009008
0.009773
0.011860
0.012944
0.010717
0.007155
0.005258
0.004032
0.000819
-0.003646
-0.006634
-0.007886
-0.008849
-0.009430
-0.008749
-0.007383
-0.006647
-0.006945
-0.007757
-0.008291
-0.008160
-0.007806
-0.007676
-0.007258
-0.005950
-0.003899
-0.001165
0.002377
0.006061
0.008985
0.010864
0.011473
0.011106
0.011122
0.011561
0.010482
0.007882
0.006170
0.005560
0.004190
0.002351
0.001387
0.000417
-0.001754
-0.004347
-0.006405
-0.007919
-0.008967
-0.009849
-0.010799
-0.010904
-0.009557
-0.007907
-0.006581
-0.004620
-0.002196
-0.000759
-0.000120
0.000997
0.002369
0.003145
0.003665
0.004481
0.005411
0.006376
0.007433
0.008155
0.008291
0.008181
0.007778
0.006569
0.004716
0.002933
0.001344
-0.000397
-0.002188
-0.003613
-0.004659
-0.005543
-0.006165
-0.006347
-0.006305
-0.006363
-0.006440
-0.006198
-0.005578
-0.004847
-0.004154
-0.003251
-0.001739
0.000297
0.002210
0.003524
0.003618
0.001000
-0.004193
-0.007495
-0.004838
0.000775
0.003820
0.005578
0.010300
0.015271
0.015223
0.012808
0.013578
0.014949
0.010708
0.002310
-0.003365
-0.004252
-0.004091
-0.005163
-0.005515
-0.003737
-0.002534
-0.004707
-0.008004
-0.008575
-0.007818
-0.009903
-0.014225
-0.016531
-0.015491
-0.012799
-0.009215
-0.004623
0.000197
0.004176
0.006726
0.007797
0.008562
0.010371
0.011860
0.010410
0.007178
0.006167
0.007847
0.008880
0.008437
0.009071
0.010767
0.010085
0.006361
0.003036
0.001536
-0.000708
-0.004920
-0.008837
-0.010831
-0.011671
-0.011926
-0.011154
-0.009414
-0.007578
-0.006614
-0.006783
-0.006995
-0.006056
-0.004689
-0.004370
-0.004617
-0.003763
-0.001560
0.001114
0.003967
0.007092
0.010122
0.012381
0.013263
0.012706
0.011585
0.010671
0.009384
0.007017
0.004503
0.003114
0.002381
0.001132
-0.000573
-0.002137
-0.003763
-0.005795
-0.007834
-0.009470
-0.010807
-0.011783
-0.011989
-0.011325
-0.009948
-0.007804
-0.005046
-0.002296
0.000065
0.002031
0.003408
0.004118
0.004612
0.005180
0.005583
0.005776
0.006120
0.006783
0.007581
0.008208
0.008305
0.007620
0.006227
0.004432
0.002521
0.000655
-0.001157
-0.002985
-0.004679
-0.005896
-0.006538
-0.006795
-0.006760
-0.006419
-0.005935
-0.005550
-0.005292
-0.004930
-0.004247
-0.003344
-0.002465
-0.001514
-0.000145
0.001639
0.003452
0.005170
0.006846
0.007396
0.004528
-0.002018
-0.007819
-0.007793
-0.003093
0.000711
0.002594
0.006372
0.011656
0.013394
0.011488
0.011273
0.013154
0.011194
0.003495
-0.004256
-0.007095
-0.006449
-0.006075
-0.006388
-0.005206
-0.002797
-0.002415
-0.004738
-0.006284
-0.005598
-0.006019
-0.009677
-0.013668
-0.014523
-0.012236
-0.008498
-0.004253
0.000220
0.004528
0.007707
0.008884
0.009053
0.010232
0.011763
0.010634
0.006747
0.003975
0.004414
0.005710
0.005775
0.005983
0.007455
0.008002
0.005714
0.002458
0.000684
-0.000633
-0.003743
-0.008153
-0.011609
-0.013030
-0.012764
-0.011490
-0.009608
-0.007165
-0.004635
-0.003204
-0.003070
-0.002719
-0.001486
-0.000833
-0.001531
-0.002039
-0.000969
0.001165
0.003365
0.005586
0.008174
0.010677
0.012004
0.012007
0.011715
0.011326
0.009781
0.006939
0.003988
0.001516
-0.000758
-0.002711
-0.004020
-0.004985
-0.006128
-0.007524
-0.008781
-0.009495
-0.009898
-0.010452
-0.010664
-0.009665
-0.007761
-0.005801
-0.003625
-0.000827
0.001944
0.003907
0.005225
0.006281
0.007034
0.007380
0.007308
0.006867
0.006376
0.006081
0.005754
0.005319
0.005098
0.004860
0.003857
0.002176
0.000718
-0.000336
-0.001739
-0.003729
-0.005519
-0.006508
-0.007019
-0.007433
-0.007473
-0.006759
-0.005506
-0.004302
-0.003430
-0.002670
-0.001755
-0.000872
-0.000405
-0.000046
0.001061
0.002932
0.004645
0.005909
0.007167
0.007804
0.005821
0.000280
-0.006364
-0.009602
-0.007677
-0.003818
-0.001294
0.001470
0.006623
0.011175
0.011641
0.010615
0.011771
0.012257
0.007361
-0.000762
-0.005839
-0.006336
-0.005879
-0.006434
-0.005990
-0.003319
-0.001047
-0.001625
-0.003289
-0.003416
-0.003348
-0.005959
-0.010401
-0.013158
-0.012799
-0.010457
-0.007084
-0.002857
0.001703
0.005638
0.008194
0.009400
0.010112
0.010719
0.010114
0.007434
0.004218
0.002806
0.003201
0.003710
0.004062
0.005186
0.006344
0.005630
0.003298
0.001431
0.000246
-0.002068
-0.005797
-0.009152
-0.011067
-0.011823
-0.011429
-0.009607
-0.006849
-0.004212
-0.002442
-0.001499
-0.000724
0.000230
0.000762
0.000320
-0.000476
-0.000615
0.000156
0.001692
0.003953
0.006540
0.008593
0.009548
0.009443
0.008783
0.008211
0.007504
0.005546
0.002486
0.000188
-0.000729
-0.001582
-0.002649
-0.003025
-0.003280
-0.004638
-0.006486
-0.007617
-0.008289
-0.009157
-0.009933
-0.009903
-0.008537
-0.005988
-0.003219
-0.000651
0.002253
0.005103
0.006484
0.006505
0.006723
0.007241
0.006737
0.005233
0.004168
0.004098
0.004336
0.004315
0.004037
0.003651
0.003102
0.002012
0.000241
-0.001537
-0.002772
-0.003945
-0.005419
-0.006479
-0.006538
-0.006054
-0.005483
-0.004614
-0.003491
-0.002718
-0.002371
-0.001835
-0.000938
-0.000090
0.000590
0.001268
0.001972
0.002878
0.004261
0.005679
0.005678
0.002599
-0.003494
-0.009172
-0.010009
-0.006023
-0.001640
0.001245
0.005110
0.010144
0.012652
0.012170
0.012611
0.014273
0.012381
0.005388
-0.002010
-0.005632
-0.006375
-0.006814
-0.007054
-0.005795
-0.003691
-0.003087
-0.004316
-0.005120
-0.004797
-0.005717
-0.009151
-0.012777
-0.013848
-0.012185
-0.009045
-0.005095
-0.000392
0.004503
0.008220
0.009927
0.010703
0.012093
0.013267
0.011851
0.007967
0.004716
0.003823
0.003727
0.003196
0.003501
0.005075
0.005465
0.003207
0.000470
-0.000819
-0.002121
-0.005146
-0.008844
-0.011439
-0.012666
-0.012819
-0.011704
-0.009234
-0.005971
-0.002972
-0.001094
-0.000030
0.001246
0.002650
0.003009
0.002200
0.001549
0.001899
0.002904
0.004242
0.006039
0.008067
0.009503
0.009656
0.008707
0.007468
0.006175
0.004070
0.000530
-0.003981
-0.007789
-0.008752
-0.006720
-0.004250
-0.002707
-0.000804
0.001081
0.000619
-0.001523
-0.002764
-0.003702
-0.006177
-0.008989
-0.009863
-0.008305
-0.004966
-0.001282
0.001365
0.003723
0.006830
0.008967
0.008677
0.007729
0.007276
0.005771
0.003117
0.001476
0.001340
0.001499
0.001725
0.002091
0.001853
0.000802
-0.000534
-0.002085
-0.003782
-0.005119
-0.006110
-0.006974
-0.006948
-0.005378
-0.003251
-0.001772
-0.000559
0.001022
0.002152
0.001933
0.001119
0.000821
0.000730
0.000229
-0.000015
0.000830
0.002294
0.003467
0.003985
0.003095
-0.000800
-0.007345
-0.011774
-0.009658
-0.004019
-0.001004
0.000509
0.005352
0.010976
0.011987
0.011221
0.013708
0.015763
0.011457
0.003253
-0.002375
-0.003985
-0.004544
-0.005873
-0.006583
-0.004992
-0.002977
-0.003677
-0.005646
-0.005327
-0.004295
-0.006549
-0.010984
-0.013540
-0.013280
-0.011318
-0.007998
-0.003825
0.000456
0.004700
0.008174
0.010019
0.011355
0.013247
0.013692
0.010728
0.006537
0.004453
0.004191
0.003663
0.003162
0.004016
0.004914
0.003648
0.001323
0.000425
-0.000008
-0.002561
-0.006604
-0.009834
-0.011950
-0.013242
-0.012862
-0.010686
-0.007819
-0.004982
-0.002637
-0.001112
0.000439
0.002656
0.004102
0.003598
0.002510
0.002331
0.002714
0.003312
0.004657
0.006631
0.008274
0.008875
0.008383
0.007466
0.006748
0.005541
0.002857
-0.000585
-0.003534
-0.006098
-0.008209
-0.008617
-0.007289
-0.005869
-0.005042
-0.004234
-0.003432
-0.002952
-0.002626
-0.002517
-0.002766
-0.002689
-0.001707
-0.000181
0.001677
0.003861
0.005516
0.005973
0.005961
0.006058
0.005643
0.004428
0.003001
0.001683
0.000582
0.000073
0.000011
-0.000153
-0.000241
-0.000046
-0.000284
-0.001253
-0.002164
-0.002778
-0.003670
-0.004701
-0.005260
-0.005427
-0.005302
-0.004454
-0.002926
-0.001342
0.000192
0.001837
0.003074
0.003470
0.003594
0.003950
0.004098
0.003667
0.003040
0.002441
0.001573
0.000573
-0.000367
-0.002851
-0.008281
-0.012878
-0.010931
-0.004502
-0.000719
0.000798
0.005503
0.011033
0.011356
0.009432
0.011176
0.013298
0.009790
0.002870
-0.001619
-0.002594
-0.002582
-0.003233
-0.003685
-0.002407
-0.001022
-0.002756
-0.006035
-0.006535
-0.005571
-0.007688
-0.011837
-0.013641
-0.012645
-0.010485
-0.006992
-0.002307
0.002072
0.005447
0.007636
0.008483
0.009212
0.010751
0.011137
0.008644
0.005590
0.004873
0.005324
0.004678
0.004176
0.005617
0.006657
0.004369
0.000799
-0.000669
-0.001391
-0.004201
-0.007900
-0.010133
-0.011290
-0.011921
-0.011029
-0.008708
-0.006250
-0.003995
-0.002084
-0.001076
-0.000334
0.001028
0.002069
0.001980
0.001845
0.002399
0.003181
0.004395
0.006448
0.008435
0.009280
0.008993
0.007955
0.006496
0.005010
0.003348
0.000995
-0.001696
-0.003837
-0.005294
-0.006228
-0.006283
-0.005498
-0.004897
-0.005134
-0.005474
-0.005101
-0.004596
-0.004816
-0.005143
-0.004508
-0.003286
-0.002266
-0.000774
0.002125
0.005627
0.008141
0.009278
0.009700
0.009645
0.008546
0.006212
0.003712
0.002102
0.000855
-0.000903
-0.002411
-0.002566
-0.002138
-0.002530
-0.003550
-0.004218
-0.004489
-0.004865
-0.005276
-0.005161
-0.004314
-0.003255
-0.002467
-0.001613
-0.000237
0.001196
0.001938
0.002123
0.002345
0.002593
0.002463
0.002053
0.001959
0.002429
0.002934
0.002900
0.002604
0.002499
0.001334
-0.003217
-0.009769
-0.012197
-0.008253
-0.003828
-0.002382
0.000900
0.007556
0.010980
0.009486
0.009732
0.012834
0.011981
0.005479
-0.000812
-0.003262
-0.003458
-0.003656
-0.004131
-0.003594
-0.001855
-0.001397
-0.003212
-0.004333
-0.003720
-0.004776
-0.008510
-0.011427
-0.011716
-0.010518
-0.007927
-0.003623
0.000837
0.004059
0.006328
0.007944
0.008973
0.009881
0.010189
0.008546
0.005461
0.003278
0.002779
0.002680
0.002745
0.003932
0.005170
0.004195
0.001756
0.000409
-0.000406
-0.003043
-0.006678
-0.008872
-0.009970
-0.011047
-0.010778
-0.008357
-0.005506
-0.003388
-0.001556
0.000065
0.001384
0.002671
0.003345
0.002799
0.002109
0.002253
0.002554
0.002871
0.004237
0.006292
0.007375
0.007174
0.006630
0.006011
0.004877
0.003037
0.000646
-0.001933
-0.004210
-0.005887
-0.006865
-0.006898
-0.005824
-0.004295
-0.003545
-0.003837
-0.004075
-0.003683
-0.003374
-0.003324
-0.002696
-0.001353
0.000069
0.001442
0.002991
0.004780
0.006620
0.007605
0.006997
0.005811
0.005276
0.004612
0.002840
0.000804
-0.000563
-0.001402
-0.001686
-0.001351
-0.001118
-0.001426
-0.001924
-0.002600
-0.003614
-0.004444
-0.004703
-0.004746
-0.004701
-0.004217
-0.003133
-0.001491
0.000450
0.001995
0.002730
0.003036
0.003258
0.003203
0.002809
0.002372
0.002030
0.001730
0.001558
0.001667
0.001950
0.001745
0.000130
-0.002707
-0.004973
-0.005429
-0.004885
-0.004271
-0.003085
-0.001034
0.001002
0.002703
0.004761
0.006933
0.007780
0.006721
0.004629
0.002443
0.000545
-0.000820
-0.001484
-0.001546
-0.001376
-0.001416
-0.001666
-0.001694
-0.001489
-0.001692
-0.002767
-0.004475
-0.006034
-0.006639
-0.006157
-0.005081
-0.003677
-0.001806
0.000346
0.002232
0.003649
0.004726
0.005367
0.005308
0.004585
0.003556
0.002576
0.001921
0.001836
0.002269
0.002738
0.002830
0.002650
0.002413
0.001881
0.000716
-0.000944
-0.002661
-0.004153
-0.005289
-0.005975
-0.006157
-0.005701
-0.004559
-0.003145
-0.001944
-0.000820
0.000490
0.001526
0.001716
0.001400
0.001298
0.001513
0.001777
0.002149
0.002815
0.003542
0.003882
0.003769
0.003516
0.003215
0.002472
0.000986
-0.000864
-0.002426
-0.003461
-0.004140
-0.004618
-0.004573
-0.003333
-0.001065
0.000900
0.001862
0.002366
0.002411
0.001330
-0.000357
-0.001471
-0.002026
-0.002509
-0.002543
-0.001700
-0.000282
0.001167
0.002099
0.002279
0.002283
0.002489
0.002227
0.001249
0.000538
0.000546
0.000503
0.000107
0.000006
0.000382
0.000644
0.000427
-0.000137
-0.000856
-0.001578
-0.002231
-0.002919
-0.003588
-0.003756
-0.003085
-0.001896
-0.001016
-0.001778
-0.005013
-0.008245
-0.007122
-0.002289
0.001120
0.002723
0.006421
0.010847
0.011762
0.011318
0.013343
0.014823
0.011694
0.006043
0.001473
-0.001477
-0.003254
-0.004268
-0.005134
-0.005569
-0.005548
-0.006376
-0.007917
-0.008439
-0.008496
-0.010038
-0.012337
-0.013284
-0.012405
-0.009877
-0.005798
-0.001234
0.002740
0.006158
0.009048
0.011114
0.012607
0.013593
0.013256
0.011349
0.009064
0.007533
0.006667
0.006094
0.005896
0.005546
0.003816
0.000844
-0.001771
-0.003757
-0.006344
-0.009513
-0.012119
-0.013974
-0.015046
-0.014460
-0.012300
-0.009799
-0.007164
-0.004094
-0.001355
0.000628
0.002533
0.004239
0.005016
0.005391
0.006188
0.007057
0.007811
0.009083
0.010644
0.011267
0.010572
0.009298
0.007862
0.005938
0.003342
0.000317
-0.002845
-0.005765
-0.007907
-0.009005
-0.009190
-0.008713
-0.007973
-0.007474
-0.007281
-0.006967
-0.006312
-0.005500
-0.004597
-0.003531
-0.002371
-0.000956
0.001057
0.003406
0.005537
0.007375
0.008775
0.009352
0.009371
0.009275
0.008570
0.006785
0.004632
0.002856
0.001278
-0.000244
-0.001361
-0.002056
-0.002775
-0.003789
-0.004956
-0.005932
-0.006525
-0.006958
-0.007442
-0.007627
-0.007103
-0.006048
-0.004712
-0.002903
-0.000576
0.001752
0.003604
0.004982
0.005972
0.006488
0.006528
0.006210
0.005529
0.004534
0.003582
0.003006
0.002712
0.002419
0.001966
0.001243
0.000219
-0.000976
-0.002197
-0.003305
-0.004132
-0.004740
-0.005364
-0.005867
-0.005824
-0.005151
-0.004044
-0.002662
-0.001277
-0.000125
0.000885
0.001753
0.002202
0.002289
0.002420
0.002688
0.002887
0.003015
0.003129
0.003083
0.002784
0.002405
0.002151
0.001910
0.001319
0.000311
-0.000663
-0.001254
-0.001756
-0.002550
-0.003331
-0.003531
-0.003215
-0.002842
-0.002440
-0.001730
-0.000809
-0.000065
0.000376
0.000712
0.001098
0.001470
0.001664
0.001635
0.001509
0.001383
0.001162
0.000828
0.000668
0.000826
0.000938
0.000668
0.000248
-0.000032
-0.000372
-0.000928
-0.001418
-0.001691
-0.001879
-0.001916
-0.001686
-0.001337
-0.000870
-0.000115
0.000657
0.001023
0.001145
0.001351
0.001517
0.001389
0.000939
0.000375
0.000061
0.000099
0.000155
0.000152
0.000484
0.001121
0.001394
0.000974
0.000266
-0.000295
-0.000742
-0.001256
-0.001703
-0.001769
-0.001502
-0.001228
-0.001006
-0.000712
-0.000416
-0.000255
-0.000234
-0.000314
-0.000405
-0.000416
-0.000444
-0.000550
-0.000505
-0.000116
0.000479
0.001039
0.001460
0.001818
0.002243
0.002556
0.002331
0.001533
0.000589
-0.000175
-0.000595
-0.000527
-0.000105
0.000251
0.000280
0.000001
-0.000441
-0.000763
-0.000809
-0.000858
-0.001140
-0.001466
-0.001662
-0.001715
-0.001538
-0.001157
-0.000785
-0.000405
0.000125
0.000626
0.000910
0.001119
0.001319
0.001348
0.001211
0.001080
0.001005
0.000934
0.000855
0.000713
0.000396
-0.000018
-0.000266
-0.000316
-0.000360
-0.000400
-0.000339
-0.000283
-0.000365
-0.000517
-0.000651
-0.000804
-0.001022
-0.001222
-0.001252
-0.001122
-0.001043
-0.001019
-0.000654
0.000225
0.001069
0.001309
0.001188
0.001278
0.001544
0.001540
0.001292
0.001228
0.001294
0.000905
-0.000019
-0.000771
-0.000908
-0.000766
-0.000639
-0.000310
0.000297
0.000709
0.000512
-0.000072
-0.000605
-0.000983
-0.001364
-0.002000
-0.003236
-0.004991
-0.006209
-0.005832
-0.004198
-0.002164
0.000295
0.003085
0.005289
0.006716
0.007960
0.008652
0.007976
0.006264
0.004296
0.002334
0.000684
-0.000272
-0.000628
-0.000618
-0.000506
-0.000867
-0.001783
-0.002589
-0.003304
-0.004724
-0.006714
-0.008178
-0.008573
-0.008067
-0.006720
-0.004563
-0.001979
0.000550
0.002693
0.004266
0.005351
0.006082
0.006208
0.005475
0.004333
0.003505
0.003134
0.002947
0.002842
0.002781
0.002603
0.002237
0.001621
0.000542
-0.000920
-0.002367
-0.003725
-0.005073
-0.005999
-0.006071
-0.005481
-0.004518
-0.003212
-0.001826
-0.000667
0.000361
0.001218
0.001524
0.001294
0.000971
0.000769
0.000764
0.001211
0.002134
0.003061
0.003554
0.003632
0.003513
0.003256
0.002723
0.001777
0.000543
-0.000642
-0.001628
-0.002495
-0.003074
-0.002981
-0.002337
-0.001770
-0.001561
-0.001350
-0.000852
-0.000390
-0.000396
-0.000674
-0.000719
-0.000511
-0.000327
-0.000083
0.000450
0.001073
0.001359
0.001274
0.001162
0.001183
0.001149
0.000863
0.000330
-0.000306
-0.000851
-0.001123
-0.001053
-0.000726
-0.000334
-0.000064
0.000032
0.000024
0.000002
0.000066
0.000282
0.000564
0.000792
0.000935
0.000960
0.000865
0.000765
0.000697
0.000550
0.000333
0.000198
0.000123
-0.000067
-0.000332
-0.000504
-0.000626
-0.000853
-0.001162
-0.001349
-0.001274
-0.001087
-0.001099
-0.001365
-0.001566
-0.001405
-0.000958
-0.000499
-0.000120
0.000278
0.000758
0.001254
0.001647
0.001888
0.002018
0.002012
0.001729
0.001206
0.000781
0.000632
0.000519
0.000270
0.000092
0.000128
0.000152
-0.000034
-0.000326
-0.000608
-0.000927
-0.001321
-0.001706
-0.001912
-0.001843
-0.001607
-0.001297
-0.000844
-0.000227
0.000460
0.001097
0.001477
0.001476
0.001216
0.000818
0.000334
-0.000002
0.000043
0.000309
0.000429
0.000336
0.000271
0.000312
0.000235
-0.000098
-0.000536
-0.000912
-0.001228
-0.001471
-0.001444
-0.001011
-0.000416
0.000005
0.000327
0.000760
0.001134
0.001209
0.001084
0.000886
0.000592
0.000268
0.000006
-0.000153
-0.000096
0.000190
0.000453
0.000455
0.000198
-0.000125
-0.000298
-0.000283
-0.000292
-0.000463
-0.000669
-0.000805
-0.000864
-0.000782
-0.000579
-0.000398
-0.000255
-0.000059
0.000181
0.000366
0.000493
0.000685
0.000966
0.001141
0.001097
0.000961
0.000840
0.000699
0.000478
0.000133
-0.000296
-0.000690
-0.000989
-0.001209
-0.001387
-0.001524
-0.001538
-0.001333
-0.000964
-0.000614
-0.000423
-0.000332
-0.000175
0.000053
0.000277
0.000609
0.001114
0.001560
0.001824
0.002041
0.002124
0.001829
0.001302
0.000922
0.000663
0.000234
-0.000315
-0.000672
-0.000741
-0.000707
-0.000765
-0.000901
-0.000959
-0.000964
-0.001056
-0.001134
-0.001096
-0.001164
-0.001441
-0.001569
-0.001319
-0.000966
-0.000772
-0.000555
-0.000042
0.000679
0.001337
0.001802
0.002083
0.002189
0.002049
0.001652
0.001163
0.000719
0.000336
0.000109
0.000069
0.000012
-0.000175
-0.000339
-0.000364
-0.000346
-0.000473
-0.000815
-0.001134
-0.001161
-0.001034
-0.001036
-0.001136
-0.001142
-0.000952
-0.000526
0.000029
0.000505
0.000887
0.001280
0.001548
0.001454
0.001138
0.000995
0.001037
0.000912
0.000566
0.000249
0.000017
-0.000207
-0.000359
-0.000461
-0.000653
-0.000943
-0.001281
-0.001609
-0.001719
-0.001524
-0.001291
-0.001191
-0.000955
-0.000371
0.000336
0.000858
0.001144
0.001330
0.001511
0.001544
0.001264
0.000875
0.000702
0.000621
0.000276
-0.000174
-0.000196
0.000204
0.000485
0.000473
0.000452
0.000480
0.000339
0.000009
-0.000289
-0.000473
-0.000706
-0.001039
-0.001305
-0.001418
-0.001417
-0.001304
-0.001071
-0.000728
-0.000280
0.000202
0.000608
0.000863
0.000951
0.000951
0.000895
0.000629
0.000140
-0.000200
-0.000108
0.000187
0.000290
0.000141
0.000028
0.000160
0.000333
0.000276
0.000129
0.000123
0.000182
0.000196
0.000064
-0.000701
-0.002348
-0.003901
-0.004106
-0.003056
-0.001565
0.000202
0.002212
0.003909
0.004914
0.005300
0.005054
0.004131
0.002663
0.000841
-0.000965
-0.002274
-0.002898
-0.002835
-0.002119
-0.001222
-0.000799
-0.000782
-0.000702
-0.000718
-0.001232
-0.002006
-0.002526
-0.002640
-0.002368
-0.001632
-0.000411
0.001065
0.002344
0.003064
0.003319
0.003411
0.003182
0.002200
0.000677
-0.000639
-0.001425
-0.001865
-0.001985
-0.001613
-0.000809
0.000061
0.000631
0.000830
0.000843
0.000665
0.000067
-0.000708
-0.000961
-0.000570
-0.000118
0.000171
0.000607
0.001216
0.001690
0.001902
0.001840
0.001391
0.000508
-0.000624
-0.001693
-0.002449
-0.002792
-0.002705
-0.002220
-0.001544
-0.000995
-0.000598
-0.000107
0.000370
0.000407
0.000062
-0.000072
0.000243
0.000607
0.000721
0.000816
0.001192
0.001728
0.002075
0.002165
0.002178
0.002064
0.001536
0.000578
-0.000401
-0.001092
-0.001613
-0.002075
-0.002231
-0.001894
-0.001346
-0.001009
-0.000907
-0.000744
-0.000403
-0.000113
-0.000080
-0.000149
0.000005
0.000409
0.000769
0.000952
0.001128
0.001341
0.001364
0.001093
0.000744
0.000522
0.000343
0.000029
-0.000326
-0.000421
-0.000236
-0.000138
-0.000341
-0.000618
-0.000730
-0.000795
-0.001038
-0.001371
-0.001450
-0.001132
-0.000674
-0.000378
-0.000182
0.000178
0.000701
0.001125
0.001354
0.001558
0.001776
0.001799
0.001524
0.001122
0.000762
0.000426
0.000044
-0.000327
-0.000541
-0.000601
-0.000733
-0.001017
-0.001226
-0.001263
-0.001331
-0.001473
-0.001515
-0.001450
-0.001345
-0.001086
-0.000598
-0.000039
0.000427
0.000866
0.001410
0.001903
0.002011
0.001734
0.001437
0.001255
0.000965
0.000541
0.000275
0.000202
0.000008
-0.000380
-0.000645
-0.000612
-0.000477
-0.000543
-0.000875
-0.001203
-0.001295
-0.001288
-0.001338
-0.001236
-0.000767
-0.000111
0.000484
0.001024
0.001444
0.001474
0.001102
0.000704
0.000527
0.000465
0.000383
0.000338
0.000410
0.000487
0.000404
0.000211
0.000086
0.000041
-0.000087
-0.000358
-0.000644
-0.000831
-0.000957
-0.001106
-0.001264
-0.001335
-0.001242
-0.000951
-0.000454
0.000179
0.000711
0.000891
0.000751
0.000578
0.000526
0.000500
0.000404
0.000331
0.000409
0.000567
0.000631
0.000631
0.000671
0.000651
0.000493
0.000328
0.000223
0.000045
-0.000299
-0.000712
-0.001037
-0.001179
-0.001104
-0.000830
-0.000498
-0.000282
-0.000160
0.000007
0.000133
0.000050
-0.000054
0.000054
0.000122
-0.000096
-0.000311
-0.000239
-0.000081
-0.000069
-0.000063
0.000175
0.000586
0.000871
0.000886
0.000755
0.000631
0.000560
0.000531
0.000428
0.000125
-0.000265
-0.000464
-0.000385
-0.000224
-0.000151
-0.000147
-0.000155
-0.000214
-0.000432
-0.000786
-0.000987
-0.000804
-0.000430
-0.000182
-0.000017
0.000277
0.000626
0.000798
0.000782
0.000692
0.000515
0.000237
-0.000026
-0.000158
-0.000118
0.000054
0.000212
0.000226
0.000059
-0.000234
-0.000516
-0.000671
-0.000740
-0.000812
-0.000856
-0.000761
-0.000487
-0.000069
0.000424
0.000797
0.000831
0.000594
0.000425
0.000484
0.000509
0.000262
-0.000053
-0.000098
0.000114
0.000288
0.000301
0.000321
0.000409
0.000357
0.000059
-0.000289
-0.000464
-0.000495
-0.000519
-0.000505
-0.000358
-0.000175
-0.000129
-0.000234
-0.000344
-0.000320
-0.000220
-0.000163
-0.000054
0.000210
0.000416
0.000346
0.000154
0.000134
0.000296
0.000410
0.000365
0.000270
0.000263
0.000312
0.000235
0.000012
-0.000144
-0.000171
-0.000260
-0.000493
-0.000692
-0.000644
-0.000355
-0.000049
0.000076
0.000039
-0.000021
-0.000087
-0.000213
-0.000258
-0.000043
0.000285
0.000424
0.000371
0.000367
0.000503
0.000597
0.000495
0.000320
0.000291
0.000324
0.000121
-0.000320
-0.000659
-0.000726
-0.000689
-0.000698
-0.000645
-0.000433
-0.000188
0.000005
0.000227
0.000399
0.000328
0.000154
0.000144
0.000198
0.000152
0.000147
0.000278
0.000343
0.000206
0.000061
0.000141
0.000355
0.000478
0.000448
0.000276
-0.000017
-0.000334
-0.000550
-0.000567
-0.000401
-0.000245
-0.000235
-0.000249
-0.000178
-0.000152
-0.000304
-0.000515
-0.000580
-0.000475
-0.000381
-0.000402
-0.000337
0.000016
0.000472
0.000721
0.000777
0.000844
0.000904
0.000796
0.000572
0.000386
0.000241
0.000108
0.000019
-0.000042
-0.000095
-0.000113
-0.000084
-0.000065
-0.000137
-0.000353
-0.000672
-0.000932
-0.000964
-0.000814
-0.000653
-0.000474
-0.000141
0.000295
0.000617
0.000747
0.000767
0.000751
0.000699
0.000573
0.000391
0.000254
0.000221
0.000225
0.000126
-0.000132
-0.000366
-0.000380
-0.000299
-0.000367
-0.000530
-0.000591
-0.000563
-0.000542
-0.000493
-0.000373
-0.000237
-0.000149
-0.000063
0.000136
0.000418
0.000564
0.000456
0.000281
0.000222
0.000201
0.000157
0.000200
0.000348
0.000490
0.000577
0.000588
0.000458
0.000230
0.000075
0.000009
-0.000151
-0.000429
-0.000674
-0.000813
-0.000803
-0.000607
-0.000336
-0.000161
-0.000081
0.000026
0.000137
0.000062
-0.000214
-0.000423
-0.000338
-0.000063
0.000120
0.000151
0.000210
0.000372
0.000552
0.000722
0.000841
0.000768
0.000498
0.000235
0.000088
-0.000090
-0.000403
-0.000665
-0.000666
-0.000532
-0.000533
-0.000573
-0.000300
0.000222
0.000473
0.000239
-0.000110
-0.000223
-0.000192
-0.000216
-0.000257
-0.000188
-0.000045
0.000051
0.000112
0.000252
0.000470
0.000633
0.000635
0.000498
0.000328
0.000218
0.000188
0.000241
0.000359
0.000399
0.000195
-0.000201
-0.000546
-0.000699
-0.000730
-0.000763
-0.000825
-0.000801
-0.000589
-0.000319
-0.000206
-0.000213
-0.000134
0.000065
0.000236
0.000345
0.000513
0.000714
0.000753
0.000605
0.000461
0.000416
0.000383
0.000337
0.000367
0.000445
0.000401
0.000158
-0.000176
-0.000416
-0.000507
-0.000536
-0.000572
-0.000620
-0.000666
-0.000684
-0.000678
-0.000686
-0.000690
-0.000549
-0.000147
0.000319
0.000496
0.000382
0.000332
0.000518
0.000677
0.000564
0.000415
0.000592
0.000895
0.000774
0.000255
-0.000091
-0.000069
0.000015
0.000023
0.000040
0.000018
-0.000118
-0.000306
-0.000457
-0.000527
-0.000499
-0.000415
-0.000351
-0.000310
-0.000296
-0.000375
-0.000503
-0.000475
-0.000198
0.000140
0.000285
0.000223
0.000171
0.000304
0.000534
0.000576
0.000353
0.000169
0.000232
0.000309
0.000133
-0.000137
-0.000162
0.000093
0.000352
0.000370
0.000177
-0.000018
-0.000140
-0.000295
-0.000490
-0.000565
-0.000502
-0.000512
-0.000632
-0.000603
-0.000329
-0.000032
0.000136
0.000220
0.000249
0.000222
0.000201
0.000266
0.000431
0.000592
0.000593
0.000430
0.000261
0.000206
0.000240
0.000278
0.000261
0.000168
0.000030
-0.000107
-0.000258
-0.000409
-0.000466
-0.000395
-0.000272
-0.000204
-0.000255
-0.000374
-0.000410
-0.000327
-0.000256
-0.000242
-0.000199
-0.000115
0.000002
0.000219
0.000482
0.000599
0.000501
0.000300
0.000113
-0.000036
-0.000207
-0.000411
-0.000478
-0.000249
0.000099
0.000237
0.000194
0.000268
0.000460
0.000500
0.000339
0.000202
0.000169
0.000107
-0.000009
-0.000086
-0.000126
-0.000138
-0.000076
-0.000018
-0.000116
-0.000350
-0.000555
-0.000617
-0.000551
-0.000450
-0.000418
-0.000418
-0.000261
0.000103
0.000472
0.000658
0.000656
0.000549
0.000434
0.000349
0.000266
0.000251
0.000417
0.000582
0.000451
0.000123
-0.000102
-0.000224
-0.000357
-0.000404
-0.000337
-0.000344
-0.000456
-0.000465
-0.000329
-0.000273
-0.000395
-0.000490
-0.000346
-0.000059
0.000075
0.000007
-0.000016
0.000093
0.000216
0.000284
0.000248
0.000089
-0.000057
-0.000040
0.000160
0.000475
0.000776
0.000904
0.000773
0.000440
0.000087
-0.000128
-0.000232
-0.000315
-0.000387
-0.000455
-0.000509
-0.000433
-0.000202
-0.000042
-0.000147
-0.000346
-0.000342
-0.000149
-0.000007
0.000050
0.000153
0.000262
0.000241
0.000144
0.000128
0.000198
0.000213
0.000098
-0.000097
-0.000282
-0.000337
-0.000215
-0.000072
-0.000057
-0.000083
-0.000019
0.000088
0.000144
0.000186
0.000291
0.000379
0.000332
0.000212
0.000188
0.000275
0.000270
0.000057
-0.000196
-0.000306
-0.000312
-0.000294
-0.000188
0.000061
0.000258
0.000143
-0.000216
-0.000484
-0.000507
-0.000478
-0.000548
-0.000534
-0.000225
0.000222
0.000471
0.000478
0.000508
0.000635
0.000617
0.000348
0.000038
-0.000119
-0.000140
-0.000123
-0.000161
-0.000312
-0.000482
-0.000467
-0.000224
0.000053
0.000208
0.000303
0.000393
0.000361
0.000161
-0.000032
-0.000101
-0.000121
-0.000136
-0.000112
-0.000088
-0.000095
-0.000065
0.000029
0.000129
0.000186
0.000131
-0.000037
-0.000147
-0.000091
-0.000002
-0.000054
-0.000212
-0.000264
-0.000115
0.000062
0.000119
0.000148
0.000229
0.000237
0.000094
-0.000016
0.000072
0.000166
-0.000023
-0.000309
-0.000212
0.000268
0.000601
0.000476
0.000144
-0.000054
-0.000111
-0.000173
-0.000266
-0.000333
-0.000330
-0.000280
-0.000312
-0.000458
-0.000517
-0.000345
-0.000137
-0.000126
-0.000207
-0.000135
0.000068
0.000198
0.000263
0.000435
0.000655
0.000677
0.000504
0.000403
0.000485
0.000583
0.000544
0.000420
0.000303
0.000125
-0.000176
-0.000472
-0.000647
-0.000707
-0.000655
-0.000481
-0.000253
-0.000122
-0.000199
-0.000372
-0.000410
-0.000274
