4960
-0.000097
0.000105
0.000205
0.000205
0.000169
0.000069
-0.000095
-0.000200
-0.000173
-0.000055
0.000088
0.000166
0.000127
0.000050
0.000040
0.000085
0.000120
0.000102
0.000051
0.000038
0.000063
0.000062
0.000043
-0.000010
-0.000152
-0.000276
-0.000247
-0.000138
-0.000059
0.000005
0.000066
0.000084
0.000072
0.000080
0.000107
0.000084
-0.000012
-0.000077
0.000002
0.000152
0.000182
0.000087
0.000044
0.000093
0.000118
0.000075
0.000011
-0.000046
-0.000079
-0.000118
-0.000223
-0.000355
-0.000389
-0.000273
-0.000107
-0.000003
0.000039
0.000042
0.000001
-0.000020
0.000045
0.000114
0.000065
-0.000040
-0.000027
0.000133
0.000298
0.000324
0.000216
0.000136
0.000164
0.000145
-0.000011
-0.000140
-0.000127
-0.000057
-0.000021
-0.000017
-0.000043
-0.000122
-0.000178
-0.000087
0.000066
0.000066
-0.000071
-0.000128
-0.000046
0.000022
-0.000008
-0.000039
-0.000017
0.000001
0.000012
0.000028
-0.000013
-0.000108
-0.000151
-0.000120
-0.000096
-0.000113
-0.000105
-0.000033
0.000037
0.000082
0.000176
0.000285
0.000308
0.000289
0.000279
0.000205
0.000034
-0.000129
-0.000168
-0.000079
0.000038
0.000063
-0.000020
-0.000093
-0.000071
-0.000032
-0.000066
-0.000114
-0.000069
0.000018
-0.000025
-0.000200
-0.000296
-0.000207
-0.000035
0.000128
0.000247
0.000241
0.000094
-0.000052
-0.000058
0.000036
0.000111
0.000134
0.000134
0.000098
-0.000004
-0.000121
-0.000142
-0.000058
-0.000007
-0.000062
-0.000117
-0.000059
0.000058
0.000066
-0.000132
-0.000417
-0.000520
-0.000315
0.000010
0.000211
0.000285
0.000346
0.000357
0.000213
0.000032
0.000047
0.000191
0.000213
0.000114
0.000034
-0.000062
-0.000231
-0.000313
-0.000192
-0.000021
0.000022
-0.000025
-0.000028
0.000023
0.000017
-0.000074
-0.000122
-0.000032
0.000141
0.000280
0.000313
0.000243
0.000131
0.000052
0.000012
-0.000045
-0.000092
-0.000055
0.000007
-0.000043
-0.000198
-0.000297
-0.000254
-0.000161
-0.000125
-0.000149
-0.000168
-0.000113
-0.000018
0.000031
0.000057
0.000139
0.000255
0.000314
0.000253
0.000085
-0.000073
-0.000109
-0.000029
0.000067
0.000108
0.000088
0.000003
-0.000100
-0.000108
-0.000060
-0.000095
-0.000169
-0.000139
-0.000019
0.000071
0.000045
-0.000061
-0.000086
0.000052
0.000172
0.000098
-0.000030
-0.000004
0.000091
0.000085
0.000054
0.000125
0.000221
0.000221
0.000163
0.000104
-0.000009
-0.000204
-0.000355
-0.000345
-0.000237
-0.000147
-0.000100
-0.000025
0.000119
0.000210
0.000123
-0.000005
0.000005
0.000050
-0.000017
-0.000111
-0.000127
-0.000121
-0.000144
-0.000136
-0.000041
0.000098
0.000191
0.000186
0.000100
0.000004
-0.000015
0.000064
0.000176
0.000212
0.000119
-0.000027
-0.000094
-0.000017
0.000097
0.000056
-0.000130
-0.000221
-0.000114
0.000011
0.000008
-0.000040
-0.000019
0.000049
0.000096
0.000122
0.000153
0.000160
0.000093
-0.000044
-0.000210
-0.000340
-0.000336
-0.000174
0.000050
0.000210
0.000205
0.000052
-0.000056
0.000014
0.000135
0.000115
-0.000023
-0.000141
-0.000206
-0.000252
-0.000250
-0.000154
0.000005
0.000152
0.000251
0.000285
0.000234
0.000077
-0.000138
-0.000267
-0.000203
-0.000031
0.000078
0.000080
0.000057
0.000054
0.000039
-0.000030
-0.000097
-0.000059
0.000064
0.000165
0.000213
0.000216
0.000155
0.000072
0.000054
0.000063
-0.000016
-0.000129
-0.000119
-0.000034
-0.000041
-0.000134
-0.000191
-0.000157
-0.000047
0.000086
0.000193
0.000218
0.000111
-0.000090
-0.000290
-0.000406
-0.000359
-0.000180
-0.000040
0.000004
0.000054
0.000111
0.000063
-0.000066
-0.000114
-0.000012
0.000128
0.000165
0.000118
0.000131
0.000226
0.000281
0.000221
0.000115
0.000065
0.000089
0.000116
0.000059
-0.000069
-0.000141
-0.000096
-0.000013
-0.000005
-0.000087
-0.000167
-0.000161
-0.000102
-0.000058
0.000004
0.000130
0.000255
0.000268
0.000111
-0.000131
-0.000291
-0.000310
-0.000228
-0.000079
0.000046
0.000019
-0.000123
-0.000211
-0.000165
-0.000033
0.000111
0.000208
0.000214
0.000141
0.000052
-0.000005
-0.000023
-0.000021
-0.000006
0.000053
0.000146
0.000161
0.000002
-0.000248
-0.000356
-0.000202
0.000030
0.000102
0.000051
0.000046
0.000100
0.000129
0.000140
0.000199
0.000265
0.000213
0.000009
-0.000204
-0.000283
-0.000254
-0.000176
-0.000021
0.000158
0.000219
0.000146
0.000033
-0.000068
-0.000118
-0.000071
0.000009
0.000018
0.000011
0.000090
0.000160
0.000058
-0.000139
-0.000204
-0.000093
0.000059
0.000116
0.000042
-0.000073
-0.000113
-0.000096
-0.000095
-0.000082
-0.000012
0.000038
-0.000011
-0.000117
-0.000203
-0.000206
-0.000106
0.000033
0.000137
0.000221
0.000275
0.000225
0.000127
0.000103
0.000085
-0.000018
-0.000102
-0.000069
0.000015
0.000036
-0.000018
-0.000089
-0.000153
-0.000172
-0.000071
0.000089
0.000123
0.000043
0.000027
0.000094
0.000112
0.000053
0.000015
0.000061
0.000104
0.000032
-0.000096
-0.000165
-0.000196
-0.000202
-0.000126
-0.000029
-0.000035
-0.000084
-0.000027
0.000089
0.000105
0.000052
0.000057
0.000122
0.000200
0.000238
0.000150
-0.000035
-0.000130
-0.000054
0.000075
0.000135
0.000093
-0.000055
-0.000244
-0.000363
-0.000383
-0.000327
-0.000196
-0.000051
0.000010
0.000005
0.000058
0.000206
0.000351
0.000398
0.000316
0.000140
-0.000009
-0.000017
0.000060
0.000056
-0.000061
-0.000167
-0.000192
-0.000310
-0.001125
-0.002498
-0.002346
0.000225
0.002530
0.003024
0.003736
0.005082
0.004722
0.002591
0.000501
-0.001930
-0.005170
-0.007094
-0.006694
-0.005613
-0.004259
-0.001704
0.001196
0.003116
0.004364
0.004926
0.003883
0.001851
0.000277
-0.001038
-0.002398
-0.002663
-0.001657
-0.000642
0.000374
0.001997
0.003214
0.003174
0.002684
0.002010
0.000556
-0.001058
-0.001851
-0.002253
-0.002640
-0.002291
-0.001176
-0.000228
0.000410
0.001082
0.001352
0.000904
0.000306
-0.000154
-0.000746
-0.001230
-0.001165
-0.000818
-0.000480
0.000047
0.000628
0.000856
0.000832
0.000724
0.000335
-0.000178
-0.000355
-0.000338
-0.000493
-0.000566
-0.000282
0.000075
0.000265
0.000416
0.000552
0.000576
0.000553
0.000515
0.000370
0.000146
-0.000083
-0.000295
-0.000358
-0.000171
0.000087
0.000226
0.000272
0.000221
-0.000007
-0.000268
-0.000314
-0.000264
-0.000374
-0.000531
-0.000504
-0.000381
-0.000330
-0.000248
0.000003
0.000297
0.000416
0.000329
0.000188
0.000112
0.000078
0.000028
0.000020
0.000119
0.000204
0.000162
0.000134
0.000203
0.000218
0.000142
0.000075
-0.000030
-0.000216
-0.000389
-0.000530
-0.000676
-0.000720
-0.000546
-0.000352
-0.000643
-0.001290
-0.001036
0.000529
0.001942
0.002540
0.003210
0.003736
0.003120
0.001713
0.000201
-0.001549
-0.003358
-0.004461
-0.004473
-0.003595
-0.002263
-0.000827
0.000604
0.001902
0.002700
0.002620
0.001543
-0.000212
-0.001708
-0.002134
-0.001819
-0.001219
0.000106
0.002175
0.003927
0.004575
0.004265
0.003172
0.001140
-0.001256
-0.002708
-0.003041
-0.003231
-0.003255
-0.002267
-0.000535
0.000886
0.001492
0.001266
0.000503
-0.000325
-0.001215
-0.002213
-0.002695
-0.002282
-0.001392
-0.000303
0.001035
0.002307
0.002969
0.002876
0.002262
0.001375
0.000456
-0.000198
-0.000529
-0.000703
-0.000626
-0.000074
0.000692
0.001192
0.001353
0.001206
0.000623
-0.000220
-0.000943
-0.001535
-0.001997
-0.002029
-0.001636
-0.001086
-0.000350
0.000453
0.000825
0.000687
0.000501
0.000399
0.000076
-0.000449
-0.000794
-0.000849
-0.000726
-0.000347
0.000285
0.000844
0.001153
0.001290
0.001183
0.000755
0.000228
-0.000188
-0.000417
-0.000364
-0.000124
0.000067
0.000159
0.000193
0.000171
0.000130
0.000036
-0.000186
-0.000446
-0.000583
-0.000582
-0.000521
-0.000409
-0.000219
-0.000010
0.000143
0.000300
0.000441
0.000325
-0.000070
-0.000361
-0.000348
-0.000240
-0.000179
-0.000096
0.000046
0.000264
0.000547
0.000727
0.000686
0.000477
0.000141
-0.000246
-0.000486
-0.000496
-0.000386
-0.000240
-0.000047
0.000209
0.000418
0.000367
0.000077
-0.000163
-0.000270
-0.000390
-0.000476
-0.000422
-0.000325
-0.000224
-0.000033
0.000199
0.000357
0.000408
0.000354
0.000214
0.000041
-0.000083
-0.000103
-0.000107
-0.000155
-0.000112
0.000084
0.000275
0.000372
0.000408
0.000312
-0.000003
-0.000391
-0.000586
-0.000505
-0.000343
-0.000245
-0.000020
0.000400
0.000669
0.000659
0.000624
0.000577
0.000297
-0.000184
-0.000637
-0.000885
-0.000876
-0.000710
-0.000502
-0.000221
0.000147
0.000451
0.000577
0.000610
0.000634
0.000542
0.000218
-0.000190
-0.000456
-0.000577
-0.000607
-0.000458
-0.000101
0.000295
0.000570
0.000672
0.000602
0.000438
0.000278
0.000072
-0.000244
-0.000554
-0.000651
-0.000478
-0.000155
0.000197
0.000506
0.000656
0.000607
0.000482
0.000293
-0.000063
-0.000486
-0.000776
-0.000900
-0.000910
-0.000802
-0.000531
-0.000106
0.000335
0.000586
0.000550
0.000322
0.000051
-0.000228
-0.000535
-0.000771
-0.000775
-0.000510
-0.000050
0.000472
0.000907
0.001141
0.001091
0.000783
0.000415
0.000155
-0.000055
-0.000274
-0.000342
-0.000178
0.000019
0.000112
0.000188
0.000267
0.000248
0.000071
-0.000237
-0.000550
-0.000745
-0.000785
-0.000670
-0.000438
-0.000158
0.000128
0.000344
0.000339
0.000104
-0.000097
-0.000089
-0.000049
-0.000135
-0.000164
0.000080
0.000437
0.000601
0.000560
0.000479
0.000399
0.000271
0.000045
-0.000313
-0.000696
-0.000899
-0.000965
-0.001170
-0.001512
-0.001583
-0.001102
-0.000287
0.000395
0.000751
0.001019
0.001416
0.001726
0.001681
0.001475
0.001375
0.001241
0.000918
0.000633
0.000604
0.000712
0.000767
0.000715
0.000536
0.000284
0.000080
-0.000096
-0.000363
-0.000668
-0.000928
-0.001278
-0.001746
-0.002018
-0.001943
-0.001804
-0.001804
-0.001770
-0.001555
-0.001264
-0.001021
-0.000823
-0.000626
-0.000436
-0.000295
-0.000201
-0.000102
0.000074
0.000408
0.000880
0.001313
0.001605
0.001847
0.002054
0.002097
0.001969
0.001818
0.001711
0.001613
0.001524
0.001447
0.001323
0.001148
0.000996
0.000854
0.000580
0.000113
-0.000403
-0.000834
-0.001297
-0.001913
-0.002464
-0.002677
-0.002649
-0.002582
-0.002412
-0.002049
-0.001634
-0.001304
-0.001002
-0.000669
-0.000358
-0.000120
0.000035
0.000168
0.000356
0.000528
0.000571
0.000657
0.001020
0.001449
0.001612
0.001645
0.001857
0.002138
0.002153
0.001853
0.001407
0.000932
0.000490
0.000143
-0.000039
-0.000043
-0.000032
-0.000154
-0.000304
-0.000428
-0.000723
-0.001218
-0.001625
-0.001776
-0.001789
-0.001792
-0.001736
-0.001472
-0.000966
-0.000465
-0.000246
-0.000247
-0.000225
-0.000182
-0.000343
-0.000931
-0.002114
-0.003553
-0.003928
-0.002231
0.000364
0.001828
0.002408
0.003781
0.005480
0.005620
0.004585
0.004218
0.004211
0.002959
0.000921
-0.000133
0.000066
0.000641
0.001102
0.001231
0.001000
0.000833
0.000729
-0.000049
-0.001476
-0.002583
-0.003315
-0.004490
-0.005720
-0.005697
-0.004528
-0.003557
-0.003107
-0.002390
-0.001324
-0.000712
-0.000782
-0.000894
-0.000711
-0.000612
-0.000829
-0.000909
-0.000322
0.000863
0.002170
0.003168
0.003700
0.004007
0.004370
0.004505
0.004006
0.003226
0.002706
0.002176
0.001322
0.000754
0.000973
0.001347
0.001165
0.000665
0.000291
-0.000090
-0.000699
-0.001415
-0.002128
-0.002872
-0.003622
-0.004325
-0.004759
-0.004389
-0.003198
-0.002196
-0.001931
-0.001510
-0.000451
0.000286
0.000356
0.000664
0.001181
0.000958
0.000371
0.000546
0.001218
0.001542
0.001691
0.001960
0.002061
0.002089
0.002348
0.002437
0.002028
0.001497
0.000947
0.000137
-0.000519
-0.000541
-0.000404
-0.000608
-0.000763
-0.000614
-0.000600
-0.000832
-0.000966
-0.001118
-0.001531
-0.001858
-0.001757
-0.001445
-0.001143
-0.000823
-0.000548
-0.000351
-0.000071
0.000290
0.000507
0.000540
0.000568
0.000610
0.000590
0.000603
0.000732
0.000871
0.000908
0.000883
0.000923
0.001045
0.001055
0.000825
0.000520
0.000282
0.000016
-0.000313
-0.000613
-0.000866
-0.001017
-0.001106
-0.001748
-0.003465
-0.005312
-0.005472
-0.003596
-0.001327
-0.000059
0.000760
0.002293
0.004096
0.004778
0.004521
0.004709
0.005080
0.003947
0.001546
0.000193
0.000662
0.001328
0.001155
0.000829
0.000933
0.001201
0.001339
0.001144
0.000406
-0.000725
-0.002056
-0.003696
-0.005166
-0.005408
-0.004580
-0.004063
-0.004166
-0.003859
-0.002829
-0.001853
-0.001296
-0.000825
-0.000433
-0.000471
-0.000803
-0.000839
-0.000242
0.000761
0.001606
0.002047
0.002462
0.003246
0.004172
0.004664
0.004544
0.004140
0.003670
0.002961
0.001989
0.001233
0.000973
0.000630
-0.000257
-0.000899
-0.000474
0.000209
0.000091
-0.000249
-0.000120
-0.000314
-0.001250
-0.001969
-0.002246
-0.002900
-0.003717
-0.003921
-0.003833
-0.003781
-0.003232
-0.002292
-0.001666
-0.001065
-0.000055
0.000683
0.000857
0.001198
0.001662
0.001517
0.001169
0.001445
0.001929
0.001986
0.002044
0.002390
0.002482
0.002185
0.001912
0.001628
0.001161
0.000757
0.000443
-0.000039
-0.000453
-0.000485
-0.000480
-0.000710
-0.000854
-0.000836
-0.001032
-0.001412
-0.001571
-0.001508
-0.001535
-0.001655
-0.001650
-0.001482
-0.001187
-0.000729
-0.000197
0.000170
0.000297
0.000368
0.000565
0.000757
0.000682
0.000485
0.000483
0.000373
-0.000473
-0.002108
-0.004005
-0.005209
-0.004490
-0.001834
0.000741
0.001838
0.002894
0.005214
0.007075
0.006931
0.006328
0.006373
0.005312
0.002453
0.000057
-0.000549
-0.000525
-0.000660
-0.000622
-0.000498
-0.000404
0.000083
0.000584
0.000062
-0.001274
-0.002591
-0.004234
-0.006403
-0.007616
-0.006956
-0.005813
-0.005419
-0.004912
-0.003335
-0.001335
0.000115
0.000956
0.001400
0.001332
0.000796
0.000335
0.000467
0.001137
0.001897
0.002488
0.003112
0.004090
0.005357
0.006375
0.006559
0.005912
0.004998
0.004032
0.002672
0.001092
0.000064
-0.000410
-0.001065
-0.001804
-0.001807
-0.001169
-0.000870
-0.001258
-0.001940
-0.002723
-0.003597
-0.004385
-0.005033
-0.005544
-0.005644
-0.005271
-0.004798
-0.004191
-0.002900
-0.001036
0.000518
0.001494
0.002383
0.003109
0.003195
0.002980
0.003092
0.003321
0.003262
0.003216
0.003473
0.003712
0.003731
0.003717
0.003573
0.002968
0.002003
0.001050
0.000148
-0.000785
-0.001579
-0.002161
-0.002693
-0.003114
-0.003178
-0.002947
-0.002677
-0.002383
-0.002031
-0.001875
-0.002017
-0.002122
-0.002047
-0.002032
-0.002049
-0.001788
-0.001263
-0.000701
-0.000043
0.000800
0.001573
0.002088
0.002511
0.002896
0.003046
0.002938
0.002708
0.002337
0.001871
0.001546
0.001390
0.001230
0.001096
0.001047
0.000860
0.000417
-0.000034
-0.000388
-0.000889
-0.001554
-0.002095
-0.002476
-0.002835
-0.002983
-0.002688
-0.002145
-0.001709
-0.001650
-0.002118
-0.002717
-0.002725
-0.002244
-0.002019
-0.001919
-0.001121
0.000287
0.001494
0.002506
0.003922
0.005542
0.006514
0.006521
0.005921
0.005133
0.004298
0.003256
0.001937
0.000801
0.000311
0.000191
-0.000061
-0.000366
-0.000501
-0.000754
-0.001479
-0.002513
-0.003519
-0.004413
-0.005231
-0.005913
-0.006246
-0.005981
-0.005205
-0.004301
-0.003357
-0.002188
-0.000964
-0.000110
0.000361
0.000803
0.001295
0.001607
0.001726
0.001937
0.002432
0.003125
0.003783
0.004243
0.004563
0.004829
0.004886
0.004548
0.003857
0.002839
0.001511
0.000335
-0.000160
-0.000241
-0.000428
-0.000501
-0.000197
-0.000017
-0.000259
-0.000514
-0.000818
-0.001716
-0.003019
-0.004046
-0.004791
-0.005527
-0.005951
-0.005708
-0.004920
-0.003772
-0.002387
-0.001053
0.000085
0.001166
0.002096
0.002568
0.002728
0.002899
0.002874
0.002437
0.002058
0.002166
0.002488
0.002687
0.002830
0.002928
0.002786
0.002417
0.002014
0.001559
0.000937
0.000271
-0.000304
-0.000873
-0.001451
-0.001828
-0.001948
-0.002038
-0.002194
-0.002247
-0.002180
-0.002166
-0.002196
-0.002164
-0.002108
-0.002000
-0.001638
-0.001050
-0.000569
-0.000227
0.000269
0.000796
0.001008
0.001172
0.001688
0.002143
0.001999
0.001659
0.001698
0.001682
0.000688
-0.001504
-0.004101
-0.005786
-0.005644
-0.003964
-0.001799
0.000160
0.001898
0.003684
0.005592
0.007147
0.007733
0.007344
0.006172
0.004013
0.001320
-0.000325
-0.000374
-0.000271
-0.000872
-0.001182
-0.000625
-0.000026
0.000151
0.000157
-0.000320
-0.001766
-0.003725
-0.005461
-0.006768
-0.007422
-0.007255
-0.006771
-0.006275
-0.005106
-0.002944
-0.000675
0.000866
0.001761
0.002220
0.002142
0.001731
0.001581
0.001871
0.002186
0.002289
0.002523
0.003331
0.004642
0.005889
0.006561
0.006571
0.006038
0.005043
0.003765
0.002454
0.001143
-0.000248
-0.001609
-0.002686
-0.003199
-0.003005
-0.002437
-0.002157
-0.002407
-0.002841
-0.003224
-0.003687
-0.004261
-0.004771
-0.005164
-0.005403
-0.005226
-0.004453
-0.003250
-0.001865
-0.000540
0.000426
0.001086
0.001965
0.003155
0.003952
0.004065
0.004215
0.004735
0.004940
0.004664
0.004657
0.004919
0.004576
0.003659
0.003016
0.002622
0.001758
0.000405
-0.000911
-0.001997
-0.002856
-0.003390
-0.003644
-0.003727
-0.003609
-0.003421
-0.003390
-0.003325
-0.002954
-0.002618
-0.002691
-0.002773
-0.002446
-0.002028
-0.001729
-0.001150
-0.000223
0.000542
0.001034
0.001625
0.002313
0.002773
0.003004
0.003156
0.003146
0.002982
0.002878
0.002786
0.002529
0.002276
0.002215
0.002116
0.001759
0.001286
0.000760
0.000017
-0.000814
-0.001362
-0.001733
-0.002336
-0.003053
-0.003425
-0.003393
-0.003211
-0.002987
-0.002653
-0.002149
-0.001518
-0.000965
-0.000616
-0.000240
0.000347
0.000838
0.001007
0.000995
0.000498
-0.001069
-0.003141
-0.004360
-0.004415
-0.003603
-0.001592
0.001130
0.002886
0.003964
0.006360
0.009148
0.009480
0.008102
0.007511
0.006485
0.003193
0.000117
-0.000335
-0.000231
-0.001410
-0.002149
-0.001424
-0.000678
-0.000394
-0.000031
-0.000420
-0.002197
-0.004078
-0.005329
-0.006794
-0.008262
-0.008472
-0.007800
-0.007406
-0.006652
-0.004399
-0.001454
0.000616
0.001664
0.002383
0.002852
0.002792
0.002440
0.002300
0.002420
0.002501
0.002618
0.003249
0.004456
0.005736
0.006707
0.007144
0.006790
0.005867
0.004894
0.003651
0.001691
-0.000336
-0.001580
-0.002389
-0.003174
-0.003367
-0.002865
-0.002603
-0.002900
-0.003208
-0.003553
-0.004226
-0.004798
-0.005052
-0.005488
-0.005848
-0.005144
-0.003614
-0.002345
-0.001229
0.000352
0.001859
0.002675
0.003276
0.003943
0.004107
0.003647
0.003197
0.003007
0.002816
0.002608
0.002515
0.002465
0.002465
0.002581
0.002549
0.002131
0.001553
0.000931
-0.000025
-0.001216
-0.002082
-0.002575
-0.003063
-0.003415
-0.003340
-0.003060
-0.002794
-0.002354
-0.001741
-0.001258
-0.000953
-0.000723
-0.000658
-0.000716
-0.000642
-0.000453
-0.000308
-0.000023
0.000570
0.001187
0.001574
0.001923
0.002368
0.002659
0.002639
0.002394
0.001912
0.001251
0.000784
0.000662
0.000528
0.000213
0.000027
0.000068
0.000088
0.000047
0.000012
-0.000227
-0.000778
-0.001360
-0.001784
-0.002125
-0.002361
-0.002551
-0.003134
-0.004349
-0.005707
-0.006405
-0.005890
-0.004062
-0.001512
0.000713
0.002222
0.003760
0.005887
0.007819
0.008517
0.008206
0.007575
0.006329
0.004217
0.002430
0.001991
0.002001
0.001282
0.000298
0.000039
0.000391
0.000610
0.000287
-0.000739
-0.002402
-0.004173
-0.005643
-0.006898
-0.007791
-0.007919
-0.007543
-0.007189
-0.006523
-0.004957
-0.002931
-0.001393
-0.000495
0.000260
0.000994
0.001418
0.001541
0.001695
0.002007
0.002401
0.002967
0.003929
0.005318
0.006777
0.007683
0.007652
0.006935
0.006065
0.005183
0.004041
0.002590
0.001095
-0.000267
-0.001527
-0.002570
-0.003032
-0.002890
-0.002750
-0.003079
-0.003643
-0.004104
-0.004569
-0.005263
-0.006108
-0.006720
-0.006687
-0.005939
-0.004781
-0.003375
-0.001555
0.000549
0.002322
0.003494
0.004397
0.005071
0.005108
0.004542
0.003840
0.003166
0.002571
0.002334
0.002414
0.002375
0.002199
0.002204
0.002263
0.002034
0.001573
0.001019
0.000247
-0.000732
-0.001666
-0.002513
-0.003326
-0.003878
-0.003968
-0.003736
-0.003290
-0.002623
-0.001985
-0.001603
-0.001301
-0.000987
-0.000867
-0.000876
-0.000711
-0.000435
-0.000250
0.000081
0.000839
0.001792
0.002600
0.003214
0.003568
0.003489
0.003066
0.002545
0.001951
0.001264
0.000669
0.000286
-0.000003
-0.000252
-0.000353
-0.000334
-0.000325
-0.000346
-0.000440
-0.000691
-0.001026
-0.001387
-0.001838
-0.002292
-0.002548
-0.002602
-0.002535
-0.002254
-0.001673
-0.000922
-0.000216
0.000276
0.000399
0.000016
-0.001036
-0.002734
-0.004280
-0.004340
-0.002638
-0.000537
0.000906
0.002494
0.005208
0.008083
0.009474
0.009463
0.009068
0.007984
0.005380
0.002147
0.000023
-0.000883
-0.001710
-0.002699
-0.003093
-0.002525
-0.001418
-0.000497
-0.000353
-0.001084
-0.002342
-0.003902
-0.005733
-0.007317
-0.007916
-0.007727
-0.007550
-0.007224
-0.005794
-0.003250
-0.000743
0.000946
0.002098
0.003125
0.003845
0.003985
0.003747
0.003491
0.003301
0.003120
0.003116
0.003597
0.004584
0.005648
0.006218
0.006076
0.005550
0.004989
0.004199
0.002833
0.001072
-0.000649
-0.002198
-0.003482
-0.004111
-0.003993
-0.003786
-0.004027
-0.004377
-0.004372
-0.004253
-0.004443
-0.004779
-0.004851
-0.004766
-0.004746
-0.004267
-0.002801
-0.000955
0.000432
0.001546
0.002891
0.004231
0.005073
0.005364
0.005200
0.004620
0.003805
0.002957
0.002206
0.001747
0.001597
0.001452
0.001267
0.001362
0.001609
0.001398
0.000626
-0.000214
-0.000941
-0.001775
-0.002669
-0.003319
-0.003615
-0.003648
-0.003516
-0.003251
-0.002797
-0.002129
-0.001443
-0.000970
-0.000602
-0.000103
0.000351
0.000449
0.000414
0.000681
0.001159
0.001483
0.001688
0.002012
0.002365
0.002513
0.002458
0.002291
0.001986
0.001521
0.000935
0.000277
-0.000347
-0.000781
-0.000946
-0.000921
-0.000856
-0.000846
-0.000911
-0.000971
-0.000929
-0.000912
-0.001192
-0.001680
-0.001886
-0.001663
-0.001476
-0.001545
-0.001318
-0.000427
0.000469
0.000656
0.000502
0.000553
0.000223
-0.001392
-0.003703
-0.004696
-0.003291
-0.000888
0.000515
0.001230
0.003095
0.006070
0.008077
0.008378
0.008281
0.008122
0.006529
0.003350
0.000547
-0.000633
-0.001152
-0.002179
-0.003345
-0.003591
-0.002692
-0.001500
-0.001002
-0.001363
-0.002113
-0.003113
-0.004599
-0.006232
-0.007122
-0.007110
-0.006947
-0.006801
-0.005784
-0.003478
-0.000840
0.001087
0.002382
0.003491
0.004231
0.004270
0.003884
0.003605
0.003537
0.003422
0.003221
0.003332
0.004097
0.005206
0.005878
0.005774
0.005290
0.004722
0.003779
0.002215
0.000366
-0.001299
-0.002747
-0.004097
-0.005036
-0.005152
-0.004712
-0.004395
-0.004345
-0.004204
-0.003887
-0.003692
-0.003804
-0.004062
-0.004142
-0.003899
-0.003407
-0.002583
-0.001148
0.000740
0.002424
0.003694
0.004928
0.006017
0.006366
0.006007
0.005416
0.004574
0.003381
0.002297
0.001642
0.001175
0.000771
0.000538
0.000329
0.000025
-0.000197
-0.000447
-0.001106
-0.002029
-0.002791
-0.003476
-0.004264
-0.004780
-0.004681
-0.004210
-0.003632
-0.002815
-0.001748
-0.000786
-0.000102
0.000462
0.000945
0.001265
0.001476
0.001637
0.001750
0.001955
0.002364
0.002800
0.003094
0.003329
0.003541
0.003525
0.003155
0.002531
0.001725
0.000773
-0.000195
-0.001110
-0.001957
-0.002530
-0.002643
-0.002514
-0.002429
-0.002271
-0.001937
-0.001735
-0.001815
-0.001887
-0.001840
-0.001928
-0.002148
-0.002078
-0.001566
-0.000949
-0.000348
0.000422
0.001237
0.001872
0.002482
0.003021
0.002926
0.002213
0.001632
0.000977
-0.000947
-0.003802
-0.005160
-0.003670
-0.001021
0.000563
0.001369
0.003148
0.005827
0.007417
0.007260
0.006758
0.006272
0.004344
0.000947
-0.001636
-0.002246
-0.002265
-0.002870
-0.003502
-0.003355
-0.002417
-0.001273
-0.000760
-0.001190
-0.002002
-0.002881
-0.004241
-0.005784
-0.006321
-0.005801
-0.005411
-0.005259
-0.004150
-0.001780
0.000743
0.002526
0.003634
0.004300
0.004432
0.004027
0.003451
0.003079
0.002874
0.002580
0.002300
0.002533
0.003474
0.004618
0.005241
0.005119
0.004559
0.003826
0.002787
0.001236
-0.000630
-0.002329
-0.003630
-0.004555
-0.004970
-0.004804
-0.004444
-0.004315
-0.004314
-0.004135
-0.003896
-0.003925
-0.004133
-0.004143
-0.003857
-0.003425
-0.002747
-0.001437
0.000538
0.002617
0.004265
0.005480
0.006496
0.007257
0.007412
0.006785
0.005618
0.004248
0.002823
0.001504
0.000578
0.000076
-0.000305
-0.000708
-0.000981
-0.001067
-0.001210
-0.001680
-0.002402
-0.003098
-0.003746
-0.004478
-0.005110
-0.005270
-0.004902
-0.004225
-0.003340
-0.002236
-0.000997
0.000204
0.001190
0.001851
0.002229
0.002437
0.002524
0.002574
0.002745
0.003030
0.003201
0.003211
0.003347
0.003668
0.003755
0.003358
0.002704
0.001948
0.000937
-0.000359
-0.001636
-0.002570
-0.003139
-0.003505
-0.003670
-0.003507
-0.003114
-0.002759
-0.002479
-0.002150
-0.001819
-0.001552
-0.001281
-0.001052
-0.001020
-0.001078
-0.000854
-0.000180
0.000727
0.001630
0.002464
0.003148
0.003561
0.003659
0.003406
0.002769
0.001887
0.001000
0.000157
-0.000965
-0.002849
-0.005285
-0.006647
-0.005240
-0.001985
0.000177
0.000642
0.001955
0.004848
0.006636
0.006263
0.005898
0.006040
0.004521
0.001386
-0.000628
-0.000817
-0.000986
-0.001763
-0.002251
-0.002142
-0.001668
-0.000967
-0.000634
-0.001262
-0.002394
-0.003439
-0.004687
-0.006070
-0.006558
-0.005938
-0.005347
-0.005108
-0.003994
-0.001466
0.001180
0.002708
0.003418
0.003983
0.004215
0.003836
0.003350
0.003272
0.003342
0.003178
0.003055
0.003472
0.004371
0.005207
0.005459
0.004949
0.003967
0.002921
0.001760
0.000191
-0.001596
-0.003148
-0.004466
-0.005611
-0.006076
-0.005589
-0.004849
-0.004502
-0.004297
-0.003916
-0.003584
-0.003427
-0.003283
-0.003253
-0.003484
-0.003504
-0.002662
-0.001000
0.000983
0.002975
0.004850
0.006503
0.007800
0.008452
0.008288
0.007555
0.006444
0.004861
0.003093
0.001735
0.000745
-0.000317
-0.001261
-0.001695
-0.001947
-0.002404
-0.002854
-0.003227
-0.003847
-0.004657
-0.005278
-0.005681
-0.005972
-0.005905
-0.005222
-0.004021
-0.002547
-0.001040
0.000267
0.001342
0.002319
0.003119
0.003487
0.003497
0.003462
0.003454
0.003438
0.003535
0.003802
0.004073
0.004127
0.003886
0.003486
0.003051
0.002405
0.001304
-0.000194
-0.001787
-0.003195
-0.004248
-0.004863
-0.005039
-0.004826
-0.004320
-0.003660
-0.002946
-0.002206
-0.001546
-0.001099
-0.000854
-0.000730
-0.000620
-0.000348
0.000187
0.000882
0.001647
0.002520
0.003418
0.004077
0.004292
0.004019
0.003380
0.002600
0.001789
0.000886
-0.000137
-0.001113
-0.001709
-0.001772
-0.001902
-0.003214
-0.005796
-0.007711
-0.006765
-0.003580
-0.001251
-0.000863
0.000185
0.003447
0.006467
0.007271
0.007562
0.008414
0.007617
0.004353
0.001536
0.000995
0.000922
-0.000285
-0.001728
-0.002337
-0.002211
-0.001679
-0.001232
-0.001523
-0.002436
-0.003444
-0.004698
-0.006193
-0.006969
-0.006622
-0.006149
-0.006103
-0.005500
-0.003530
-0.000912
0.001287
0.002945
0.004269
0.004997
0.005010
0.004863
0.004980
0.004987
0.004451
0.003753
0.003636
0.004239
0.005030
0.005383
0.004966
0.003896
0.002604
0.001329
-0.000083
-0.001686
-0.003234
-0.004658
-0.005980
-0.006715
-0.006389
-0.005533
-0.004996
-0.004675
-0.004067
-0.003352
-0.002947
-0.002744
-0.002530
-0.002412
-0.002338
-0.001890
-0.000798
0.000753
0.002283
0.003425
0.004301
0.005361
0.006618
0.007403
0.007304
0.006781
0.006316
0.005672
0.004526
0.003123
0.001815
0.000566
-0.000785
-0.002133
-0.003242
-0.004162
-0.005176
-0.006192
-0.006715
-0.006648
-0.006426
-0.006157
-0.005479
-0.004341
-0.003046
-0.001687
-0.000210
0.001153
0.002050
0.002506
0.002878
0.003307
0.003614
0.003716
0.003747
0.003813
0.003857
0.003778
0.003578
0.003294
0.002888
0.002324
0.001634
0.000889
0.000175
-0.000538
-0.001368
-0.002212
-0.002818
-0.003234
-0.003647
-0.003932
-0.003870
-0.003586
-0.003312
-0.002968
-0.002390
-0.001749
-0.001301
-0.000913
-0.000293
0.000520
0.001282
0.001911
0.002427
0.002782
0.002967
0.003072
0.003064
0.002807
0.002377
0.001947
0.001465
0.000849
0.000198
-0.000436
-0.001097
-0.001627
-0.001974
-0.002733
-0.004403
-0.006128
-0.006282
-0.004445
-0.001965
-0.000298
0.000759
0.002541
0.005152
0.006998
0.007330
0.007166
0.006795
0.005119
0.002384
0.000501
-0.000024
-0.000530
-0.001562
-0.002346
-0.002448
-0.002102
-0.001611
-0.001465
-0.002161
-0.003495
-0.004844
-0.005927
-0.006584
-0.006505
-0.005826
-0.005066
-0.004114
-0.002316
0.000303
0.002798
0.004437
0.005335
0.005796
0.005759
0.005220
0.004578
0.004088
0.003554
0.002957
0.002711
0.003019
0.003532
0.003782
0.003544
0.002809
0.001634
0.000157
-0.001411
-0.002956
-0.004473
-0.005844
-0.006800
-0.007110
-0.006664
-0.005592
-0.004379
-0.003441
-0.002695
-0.001966
-0.001382
-0.001014
-0.000717
-0.000440
-0.000136
0.000481
0.001576
0.002879
0.004050
0.004972
0.005611
0.005978
0.006134
0.005936
0.005076
0.003537
0.001769
0.000359
-0.000395
-0.000602
-0.000532
-0.000431
-0.000499
-0.000715
-0.000937
-0.001353
-0.002263
-0.003516
-0.004798
-0.006001
-0.006821
-0.006791
-0.005993
-0.004877
-0.003443
-0.001505
0.000608
0.002357
0.003563
0.004283
0.004550
0.004484
0.004252
0.003825
0.003215
0.002743
0.002600
0.002538
0.002384
0.002289
0.002209
0.001784
0.000912
-0.000115
-0.001184
-0.002364
-0.003414
-0.004035
-0.004231
-0.004012
-0.003378
-0.002572
-0.001801
-0.001073
-0.000523
-0.000289
-0.000191
-0.000079
-0.000107
-0.000266
-0.000229
0.000130
0.000664
0.001322
0.002088
0.002742
0.003004
0.002849
0.002521
0.002123
0.001459
0.000546
-0.000241
-0.000792
-0.001380
-0.002086
-0.002904
-0.004305
-0.006414
-0.007632
-0.005896
-0.001976
0.000717
0.001098
0.002190
0.005611
0.008428
0.008538
0.008059
0.008272
0.006927
0.003392
0.000664
0.000152
-0.000122
-0.001333
-0.002556
-0.003202
-0.003294
-0.002711
-0.002147
-0.002831
-0.004510
-0.005910
-0.006904
-0.007846
-0.007955
-0.006712
-0.005206
-0.004231
-0.002822
-0.000136
0.002911
0.005034
0.006134
0.006613
0.006509
0.006054
0.005864
0.005951
0.005616
0.004727
0.004010
0.003882
0.004024
0.004051
0.003680
0.002565
0.000726
-0.001282
-0.003092
-0.004820
-0.006397
-0.007522
-0.008271
-0.008690
-0.008179
-0.006487
-0.004564
-0.003334
-0.002562
-0.001725
-0.000904
-0.000251
0.000413
0.001084
0.001531
0.001940
0.002790
0.004129
0.005590
0.006839
0.007576
0.007606
0.007165
0.006563
0.005585
0.003950
0.001957
0.000064
-0.001628
-0.003146
-0.004358
-0.004984
-0.004907
-0.004672
-0.004971
-0.005433
-0.005218
-0.004641
-0.004406
-0.004037
-0.003054
-0.002194
-0.001718
-0.000716
0.000901
0.002186
0.002994
0.003780
0.004364
0.004531
0.004578
0.004449
0.003803
0.002977
0.002481
0.002093
0.001599
0.001352
0.001301
0.000819
-0.000089
-0.000788
-0.001291
-0.002070
-0.002971
-0.003641
-0.004233
-0.004686
-0.004492
-0.003742
-0.003015
-0.002270
-0.001239
-0.000268
0.000410
0.001155
0.001894
0.002110
0.002038
0.002302
0.002659
0.002597
0.002472
0.002665
0.002679
0.002217
0.001790
0.001526
0.000923
-0.000009
-0.000810
-0.001430
-0.001940
-0.002145
-0.002125
-0.002179
-0.002098
-0.001694
-0.001952
-0.004226
-0.007827
-0.009368
-0.006348
-0.001501
0.000312
0.000074
0.002951
0.008419
0.011079
0.010722
0.011335
0.011903
0.008706
0.003682
0.001159
0.000518
-0.000875
-0.002647
-0.003787
-0.004650
-0.004759
-0.003506
-0.002586
-0.003589
-0.005293
-0.006441
-0.007762
-0.009215
-0.009207
-0.007709
-0.006417
-0.005477
-0.003313
0.000343
0.004018
0.006796
0.008688
0.009315
0.008482
0.007400
0.007215
0.007131
0.005939
0.004270
0.003429
0.003412
0.003586
0.003785
0.003663
0.002472
0.000171
-0.002419
-0.004704
-0.006554
-0.007879
-0.008893
-0.009920
-0.010320
-0.009025
-0.006464
-0.004178
-0.002529
-0.000877
0.000467
0.000844
0.000942
0.001653
0.002419
0.002477
0.002441
0.003257
0.004783
0.006391
0.007693
0.008227
0.007766
0.006758
0.005535
0.003912
0.001965
0.000055
-0.001897
-0.004025
-0.005712
-0.006157
-0.005559
-0.005068
-0.005298
-0.005410
-0.004553
-0.003544
-0.003384
-0.003236
-0.002254
-0.001461
-0.001367
-0.000545
0.001493
0.003228
0.003880
0.004199
0.004581
0.004755
0.004648
0.004190
0.003284
0.002269
0.001448
0.000730
0.000250
0.000246
0.000271
-0.000215
-0.000818
-0.000989
-0.001164
-0.001912
-0.002832
-0.003384
-0.003765
-0.004068
-0.003836
-0.003029
-0.002178
-0.001447
-0.000607
0.000357
0.001376
0.002359
0.002836
0.002574
0.002246
0.002329
0.002322
0.002030
0.002015
0.002240
0.002080
0.001603
0.001247
0.000867
0.000201
-0.000645
-0.001560
-0.002396
-0.002849
-0.003162
-0.004262
-0.006406
-0.008311
-0.008466
-0.006798
-0.004235
-0.001385
0.001506
0.004216
0.006797
0.009301
0.011159
0.011660
0.010755
0.008764
0.006023
0.003331
0.001626
0.000731
-0.000359
-0.001788
-0.002791
-0.003175
-0.003519
-0.004182
-0.005230
-0.006811
-0.008686
-0.010002
-0.010218
-0.009583
-0.008412
-0.006679
-0.004472
-0.002060
0.000581
0.003531
0.006184
0.007628
0.007807
0.007536
0.007366
0.007228
0.007020
0.006710
0.006147
0.005434
0.004972
0.004794
0.004425
0.003451
0.001767
-0.000548
-0.003137
-0.005402
-0.007047
-0.008314
-0.009348
-0.009806
-0.009386
-0.008212
-0.006568
-0.004693
-0.002894
-0.001494
-0.000559
0.000173
0.000975
0.001846
0.002622
0.003298
0.004091
0.005163
0.006391
0.007456
0.008044
0.007954
0.007185
0.005906
0.004336
0.002687
0.001033
-0.000717
-0.002520
-0.004022
-0.004940
-0.005369
-0.005546
-0.005546
-0.005431
-0.005530
-0.006021
-0.006171
-0.005046
-0.003291
-0.002424
-0.002114
-0.000746
0.001488
0.003112
0.004058
0.004893
0.005225
0.005056
0.005191
0.005475
0.005216
0.004652
0.003945
0.002692
0.001464
0.001157
0.000978
-0.000246
-0.001873
-0.002864
-0.003560
-0.004401
-0.004976
-0.005186
-0.005372
-0.005216
-0.004215
-0.002854
-0.001853
-0.001014
-0.000005
0.000879
0.001591
0.002496
0.003313
0.003423
0.003023
0.002707
0.002543
0.002477
0.002621
0.002629
0.002104
0.001488
0.001217
0.000815
-0.000019
-0.000761
-0.001246
-0.001966
-0.002897
-0.003372
-0.003187
-0.002834
-0.002666
-0.002442
-0.001805
-0.000879
-0.000159
-0.000341
-0.002175
-0.004954
-0.005711
-0.002952
0.000258
0.001137
0.001989
0.005292
0.008729
0.009963
0.010608
0.011463
0.010160
0.006235
0.002379
-0.000181
-0.002264
-0.003881
-0.004874
-0.006007
-0.006974
-0.006370
-0.004706
-0.004081
-0.004849
-0.005741
-0.006456
-0.007386
-0.007844
-0.006856
-0.004926
-0.003113
-0.001219
0.001468
0.004656
0.007583
0.009789
0.010680
0.009918
0.008439
0.007399
0.006475
0.004879
0.003122
0.002011
0.001262
0.000565
0.000382
0.000619
0.000199
-0.001440
-0.003691
-0.005749
-0.007285
-0.008250
-0.008757
-0.008966
-0.008642
-0.007309
-0.005119
-0.002845
-0.000788
0.001312
0.003137
0.003968
0.004073
0.004271
0.004433
0.004085
0.003655
0.003710
0.004097
0.004667
0.005441
0.005816
0.005147
0.003836
0.002532
0.001059
-0.000921
-0.003184
-0.005178
-0.006310
-0.006364
-0.005743
-0.004790
-0.003518
-0.002288
-0.001589
-0.001247
-0.001048
-0.001370
-0.002202
-0.002651
-0.002203
-0.001161
0.000298
0.002073
0.003692
0.005043
0.006392
0.007311
0.007096
0.005886
0.004114
0.001828
-0.000526
-0.002033
-0.002637
-0.003103
-0.003496
-0.003230
-0.002403
-0.001686
-0.001304
-0.001185
-0.001487
-0.002141
-0.002667
-0.002858
-0.002817
-0.002422
-0.001539
-0.000362
0.000947
0.002354
0.003479
0.003891
0.003791
0.003474
0.002753
0.001719
0.000972
0.000609
0.000227
-0.000113
-0.000027
0.000380
0.000708
0.000808
0.000590
-0.000075
-0.001005
-0.002078
-0.003938
-0.007119
-0.010265
-0.010666
-0.007585
-0.003564
-0.000825
0.001680
0.005448
0.009212
0.011183
0.011782
0.011681
0.009948
0.006291
0.002483
0.000087
-0.001016
-0.001466
-0.001773
-0.002353
-0.002806
-0.002356
-0.001657
-0.002261
-0.004293
-0.006599
-0.008601
-0.010188
-0.010687
-0.009565
-0.007351
-0.004818
-0.002059
0.001040
0.004228
0.007079
0.009036
0.009438
0.008334
0.006848
0.005900
0.005217
0.004337
0.003632
0.003475
0.003459
0.003240
0.003052
0.002782
0.001635
-0.000772
-0.003762
-0.006325
-0.007964
-0.008756
-0.008971
-0.008710
-0.007793
-0.006113
-0.003965
-0.001828
-0.000008
0.001312
0.001896
0.001791
0.001683
0.002163
0.002882
0.003241
0.003410
0.003927
0.004897
0.006074
0.007018
0.007033
0.005806
0.003943
0.002102
0.000181
-0.001899
-0.003625
-0.004776
-0.005661
-0.006182
-0.005846
-0.004690
-0.003405
-0.002664
-0.002628
-0.002958
-0.003119
-0.002747
-0.001890
-0.000942
-0.000152
0.000804
0.002334
0.004137
0.005497
0.006115
0.006051
0.005289
0.004024
0.002819
0.001891
0.000858
-0.000425
-0.001435
-0.001686
-0.001383
-0.001056
-0.000959
-0.001156
-0.001734
-0.002518
-0.003078
-0.003325
-0.003538
-0.003731
-0.003534
-0.002708
-0.001401
0.000047
0.001346
0.002394
0.003138
0.003378
0.003068
0.002480
0.001779
0.000925
0.000076
-0.000350
-0.000038
0.000847
0.001658
0.001921
0.001894
0.001923
0.001620
0.000609
-0.000591
-0.001484
-0.002351
-0.003262
-0.003643
-0.003291
-0.002594
-0.001783
-0.000904
-0.000198
0.000182
0.000393
0.000515
0.000462
0.000309
0.000170
0.000085
0.000290
0.000927
0.001556
0.001773
0.001875
0.002085
0.001994
0.001491
0.001033
0.000604
-0.000165
-0.000940
-0.001179
-0.001127
-0.001143
-0.000955
-0.000478
-0.000256
-0.000483
-0.000711
-0.000742
-0.000831
-0.001138
-0.001570
-0.001846
-0.001637
-0.000959
-0.000242
0.000224
0.000580
0.000999
0.001390
0.001622
0.001727
0.001773
0.001694
0.001393
0.000977
0.000724
0.000765
0.000907
0.000902
0.000715
0.000402
-0.000016
-0.000431
-0.000743
-0.001068
-0.001536
-0.001987
-0.002133
-0.001901
-0.001481
-0.001090
-0.000837
-0.000709
-0.000560
-0.000228
0.000245
0.000593
0.000636
0.000523
0.000529
0.000737
0.001015
0.001187
0.001216
0.001184
0.001166
0.001159
0.001056
0.000777
0.000395
0.000037
-0.000236
-0.000469
-0.000749
-0.001044
-0.001218
-0.001273
-0.001337
-0.001420
-0.001373
-0.001104
-0.000698
-0.000314
-0.000014
0.000273
0.000555
0.000651
0.000419
0.000098
0.000228
0.000939
0.001480
0.001238
0.000881
0.001212
0.001646
0.001358
0.000746
0.000330
-0.000217
-0.001037
-0.001776
-0.002730
-0.004751
-0.007243
-0.007529
-0.004321
-0.000572
0.000895
0.002141
0.005447
0.008292
0.008445
0.008036
0.008106
0.006290
0.002546
-0.000181
-0.001286
-0.002159
-0.002728
-0.002810
-0.003285
-0.003838
-0.003340
-0.002528
-0.002942
-0.004273
-0.005302
-0.005889
-0.006267
-0.005853
-0.004140
-0.001785
0.000342
0.002355
0.004551
0.006540
0.007992
0.008714
0.007964
0.005716
0.003635
0.002719
0.001882
0.000527
-0.000286
-0.000404
-0.000872
-0.001471
-0.001321
-0.001088
-0.001916
-0.003524
-0.004985
-0.005930
-0.006214
-0.005777
-0.004996
-0.004079
-0.002631
-0.000535
0.001579
0.003142
0.004171
0.004692
0.004396
0.003431
0.002700
0.002577
0.002418
0.001956
0.001762
0.001984
0.002171
0.002198
0.002047
0.001360
0.000150
-0.001177
-0.002603
-0.004056
-0.004875
-0.004835
-0.004538
-0.004165
-0.003237
-0.001753
-0.000308
0.000720
0.001259
0.001338
0.001185
0.001043
0.000934
0.000860
0.000960
0.001303
0.001768
0.002258
0.002795
0.003237
0.003220
0.002590
0.001573
0.000408
-0.000819
-0.001954
-0.002742
-0.003109
-0.003157
-0.002931
-0.002417
-0.001682
-0.000868
-0.000149
0.000252
0.000213
-0.000017
-0.000039
0.000133
0.000210
0.000188
0.000338
0.000821
0.001525
0.002167
0.002460
0.002276
0.001730
0.001008
0.000198
-0.000609
-0.001254
-0.001709
-0.002040
-0.002097
-0.001686
-0.000973
-0.000346
-0.000010
0.000069
0.000021
-0.000015
0.000020
0.000063
0.000076
0.000138
0.000321
0.000631
0.001033
0.001401
0.001600
0.001617
0.001448
0.001020
0.000359
-0.000318
-0.000852
-0.001286
-0.001630
-0.001755
-0.001606
-0.001304
-0.001028
-0.000816
-0.000563
-0.000281
-0.000085
0.000072
0.000258
0.000321
0.000201
0.000218
0.000633
0.001235
0.001601
0.001595
0.001526
0.001619
0.001506
0.000853
0.000101
-0.000274
-0.000457
-0.000628
-0.000611
-0.000482
-0.000537
-0.000712
-0.000793
-0.000935
-0.001286
-0.001529
-0.001477
-0.001431
-0.001453
-0.001235
-0.000855
-0.000559
-0.000076
0.000744
0.001365
0.001484
0.001490
0.001583
0.001566
0.001519
0.001570
0.001389
0.000820
0.000378
0.000422
0.000589
0.000501
0.000255
-0.000031
-0.000480
-0.001038
-0.001378
-0.001442
-0.001519
-0.001660
-0.001664
-0.001579
-0.001470
-0.001076
-0.000429
-0.000014
0.000192
0.000669
0.001193
0.001133
0.000731
0.000691
0.000915
0.000936
0.000861
0.000939
0.001069
0.001128
0.001065
0.000766
0.000299
-0.000108
-0.000448
-0.000818
-0.001197
-0.001588
-0.001924
-0.001925
-0.001462
-0.000822
-0.000401
-0.000268
-0.000129
0.000213
0.000550
0.000672
0.000757
0.000968
0.001145
0.001237
0.001367
0.001403
0.001208
0.000937
0.000639
0.000221
-0.000186
-0.000491
-0.000838
-0.001218
-0.001445
-0.001465
-0.001336
-0.001152
-0.000994
-0.000777
-0.000449
-0.000197
-0.000097
0.000041
0.000313
0.000578
0.000617
0.000340
0.000062
0.000239
0.000751
0.001056
0.001049
0.000998
0.000902
0.000623
0.000366
0.000424
0.000583
0.000377
-0.000156
-0.000574
-0.000749
-0.000810
-0.000750
-0.000705
-0.000887
-0.001011
-0.000665
-0.000150
-0.000023
-0.000237
-0.000499
-0.000798
-0.000984
-0.000712
-0.000161
0.000160
0.000341
0.000746
0.001194
0.001475
0.001775
0.001975
0.001665
0.001008
0.000471
0.000032
-0.000431
-0.000698
-0.000789
-0.001030
-0.001253
-0.001021
-0.000583
-0.000544
-0.000832
-0.000928
-0.000746
-0.000494
-0.000181
0.000123
0.000237
0.000319
0.000559
0.000668
0.000521
0.000544
0.000748
0.000567
0.000141
0.000149
0.000389
0.000302
0.000205
0.000443
0.000583
0.000449
0.000371
0.000202
-0.000290
-0.000720
-0.000931
-0.001193
-0.001324
-0.001044
-0.000657
-0.000404
-0.000140
0.000123
0.000325
0.000581
0.000713
0.000393
-0.000108
-0.000255
-0.000123
-0.000072
-0.000013
0.000290
0.000632
0.000726
0.000744
0.000798
0.000525
-0.000080
-0.000422
-0.000330
-0.000199
-0.000193
-0.000195
-0.000108
0.000140
0.000424
0.000491
0.000365
0.000120
-0.000448
-0.001212
-0.001499
-0.001188
-0.000912
-0.000812
-0.000446
0.000122
0.000467
0.000689
0.001044
0.001196
0.000823
0.000348
0.000204
0.000158
-0.000039
-0.000197
-0.000153
0.000045
0.000348
0.000613
0.000689
0.000646
0.000486
0.000081
-0.000385
-0.000570
-0.000591
-0.000832
-0.001246
-0.001384
-0.001020
-0.000432
-0.000050
0.000002
-0.000027
0.000092
0.000275
0.000418
0.000603
0.000740
0.000582
0.000245
0.000092
0.000198
0.000350
0.000412
0.000413
0.000423
0.000537
0.000752
0.000747
0.000305
-0.000186
-0.000374
-0.000577
-0.000973
-0.001101
-0.000830
-0.000648
-0.000684
-0.000590
-0.000344
-0.000219
-0.000232
-0.000257
-0.000267
-0.000158
0.000152
0.000450
0.000524
0.000509
0.000573
0.000683
0.000779
0.000828
0.000742
0.000486
0.000189
-0.000028
-0.000179
-0.000242
-0.000172
-0.000141
-0.000282
-0.000378
-0.000292
-0.000238
-0.000320
-0.000382
-0.000398
-0.000395
-0.000263
-0.000076
-0.000083
-0.000202
-0.000149
0.000075
0.000306
0.000505
0.000671
0.000718
0.000549
0.000240
0.000018
-0.000058
-0.000143
-0.000263
-0.000299
-0.000253
-0.000162
0.000010
0.000139
0.000022
-0.000272
-0.000488
-0.000517
-0.000429
-0.000278
-0.000107
-0.000050
-0.000141
-0.000149
0.000071
0.000323
0.000392
0.000363
0.000433
0.000576
0.000637
0.000629
0.000567
0.000321
0.000052
0.000156
0.000486
0.000502
0.000174
-0.000114
-0.000299
-0.000553
-0.000824
-0.000997
-0.001092
-0.001121
-0.001099
-0.001019
-0.000700
-0.000088
0.000414
0.000447
0.000301
0.000424
0.000660
0.000627
0.000425
0.000329
0.000273
0.000165
0.000156
0.000274
0.000371
0.000478
0.000614
0.000590
0.000425
0.000340
0.000256
-0.000045
-0.000470
-0.000777
-0.000846
-0.000682
-0.000446
-0.000290
-0.000113
0.000149
0.000232
0.000037
-0.000115
-0.000146
-0.000343
-0.000638
-0.000633
-0.000346
-0.000133
-0.000002
0.000289
0.000606
0.000576
0.000294
0.000174
0.000231
0.000216
0.000140
0.000103
0.000083
0.000125
0.000248
0.000276
0.000175
0.000144
0.000176
0.000052
-0.000224
-0.000441
-0.000499
-0.000455
-0.000377
-0.000292
-0.000262
-0.000259
-0.000096
0.000202
0.000351
0.000334
0.000351
0.000302
0.000066
-0.000110
-0.000082
-0.000057
-0.000111
-0.000084
0.000040
0.000085
0.000043
0.000067
0.000107
-0.000029
-0.000269
-0.000364
-0.000283
-0.000123
0.000064
0.000129
-0.000006
-0.000098
0.000076
0.000409
0.000622
0.000542
0.000330
0.000306
0.000436
0.000411
0.000203
0.000019
-0.000111
-0.000269
-0.000387
-0.000353
-0.000235
-0.000234
-0.000435
-0.000661
-0.000649
-0.000406
-0.000219
-0.000301
-0.000603
-0.000922
-0.001022
-0.000791
-0.000311
0.000252
0.000743
0.001027
0.001095
0.001071
0.001055
0.001019
0.000861
0.000589
0.000389
0.000344
0.000291
0.000123
-0.000042
-0.000090
-0.000084
-0.000118
-0.000171
-0.000250
-0.000422
-0.000623
-0.000739
-0.000817
-0.000904
-0.000904
-0.000744
-0.000479
-0.000156
0.000187
0.000411
0.000463
0.000519
0.000621
0.000536
0.000237
0.000011
-0.000038
-0.000050
-0.000035
0.000086
0.000264
0.000394
0.000391
0.000232
0.000069
0.000009
-0.000130
-0.000440
-0.000622
-0.000506
-0.000358
-0.000319
-0.000204
0.000011
0.000159
0.000268
0.000397
0.000360
0.000131
0.000039
0.000146
0.000106
-0.000115
-0.000179
-0.000066
0.000000
0.000070
0.000218
0.000260
0.000201
0.000285
0.000405
0.000240
-0.000100
-0.000285
-0.000327
-0.000399
-0.000469
-0.000455
-0.000430
-0.000493
-0.000555
-0.000439
-0.000163
0.000063
0.000157
0.000242
0.000380
0.000441
0.000371
0.000374
0.000532
0.000597
0.000442
0.000295
0.000352
0.000494
0.000511
0.000370
0.000180
0.000020
-0.000148
-0.000371
-0.000570
-0.000656
-0.000684
-0.000727
-0.000748
-0.000673
-0.000524
-0.000465
-0.000588
-0.000767
-0.000826
-0.000676
-0.000260
0.000351
0.000863
0.001093
0.001214
0.001377
0.001417
0.001193
0.000873
0.000638
0.000446
0.000218
-0.000067
-0.000397
-0.000586
-0.000476
-0.000340
-0.000453
-0.000533
-0.000357
-0.000275
-0.000496
-0.000682
-0.000622
-0.000522
-0.000526
-0.000491
-0.000312
-0.000129
-0.000095
-0.000105
0.000018
0.000211
0.000297
0.000291
0.000293
0.000310
0.000352
0.000464
0.000634
0.000795
0.000835
0.000712
0.000514
0.000337
0.000217
0.000111
-0.000110
-0.000447
-0.000640
-0.000515
-0.000224
-0.000005
0.000078
0.000054
-0.000116
-0.000422
-0.000678
-0.000729
-0.000653
-0.000597
-0.000578
-0.000518
-0.000353
-0.000058
0.000300
0.000559
0.000631
0.000585
0.000473
0.000327
0.000269
0.000354
0.000433
0.000356
0.000211
0.000240
0.000460
0.000547
0.000286
-0.000093
-0.000324
-0.000517
-0.000878
-0.001269
-0.001339
-0.001008
-0.000552
-0.000190
0.000122
0.000394
0.000536
0.000617
0.000712
0.000720
0.000606
0.000462
0.000324
0.000215
0.000194
0.000229
0.000243
0.000230
0.000180
0.000039
-0.000203
-0.000467
-0.000615
-0.000608
-0.000567
-0.000564
-0.000519
-0.000406
-0.000252
-0.000048
0.000106
0.000099
0.000024
-0.000020
-0.000080
-0.000147
-0.000143
-0.000070
0.000056
0.000342
0.000816
0.001214
0.001268
0.001076
0.000846
0.000530
0.000097
-0.000263
-0.000502
-0.000744
-0.000935
-0.000953
-0.000881
-0.000814
-0.000681
-0.000459
-0.000283
-0.000212
-0.000123
0.000036
0.000113
0.000037
-0.000032
0.000038
0.000221
0.000474
0.000729
0.000861
0.000886
0.000938
0.000951
0.000683
0.000147
-0.000287
-0.000420
-0.000471
-0.000537
-0.000405
-0.000087
0.000120
0.000076
-0.000165
-0.000497
-0.000790
-0.000957
-0.000936
-0.000719
-0.000468
-0.000341
-0.000259
-0.000054
0.000292
0.000615
0.000752
0.000774
0.000860
0.000961
0.000891
0.000619
0.000280
0.000076
0.000090
0.000183
0.000227
0.000246
0.000203
-0.000029
-0.000424
-0.000783
-0.000990
-0.001059
-0.001023
-0.000976
-0.001128
-0.001497
-0.001491
-0.000497
0.000891
0.001518
0.001573
0.001998
0.002497
0.002195
0.001315
0.000564
0.000009
-0.000606
-0.001221
-0.001504
-0.001330
-0.000990
-0.000795
-0.000751
-0.000669
-0.000482
-0.000345
-0.000329
-0.000242
0.000006
0.000236
0.000359
0.000467
0.000597
0.000693
0.000685
0.000585
0.000567
0.000665
0.000513
-0.000088
-0.000634
-0.000611
-0.000302
-0.000251
-0.000382
-0.000307
-0.000019
0.000253
0.000401
0.000434
0.000435
0.000415
0.000188
-0.000221
-0.000427
-0.000338
-0.000267
-0.000265
-0.000095
0.000152
0.000154
-0.000042
-0.000135
-0.000115
-0.000175
-0.000306
-0.000399
-0.000450
-0.000429
-0.000267
-0.000025
0.000183
0.000316
0.000342
0.000301
0.000319
0.000424
0.000502
0.000416
0.000178
0.000014
0.000099
0.000289
0.000326
0.000233
0.000196
0.000146
-0.000106
-0.000494
-0.000781
-0.000839
-0.000740
-0.000646
-0.000570
-0.000348
-0.000009
0.000182
0.000168
0.000187
0.000307
0.000349
0.000318
0.000400
0.000555
0.000578
0.000437
0.000241
0.000100
0.000089
0.000130
0.000039
-0.000173
-0.000307
-0.000306
-0.000281
-0.000269
-0.000234
-0.000220
-0.000340
-0.000586
-0.000685
-0.000416
-0.000069
-0.000007
-0.000000
0.000277
0.000544
0.000411
0.000141
0.000231
0.000562
0.000635
0.000383
0.000151
0.000155
0.000332
0.000423
0.000248
0.000025
-0.000030
-0.000117
-0.000375
-0.000603
-0.000673
-0.000651
-0.000589
-0.000459
-0.000208
0.000054
0.000076
-0.000106
-0.000173
-0.000028
0.000132
0.000130
0.000027
0.000044
0.000166
0.000120
-0.000077
-0.000077
0.000187
0.000348
0.000199
0.000031
0.000169
0.000435
0.000434
0.000193
0.000084
0.000197
0.000266
0.000144
-0.000030
-0.000088
-0.000062
-0.000070
-0.000165
-0.000335
-0.000519
