7840
0.000186
0.000005
-0.000128
-0.000195
-0.000176
-0.000066
0.000048
0.000111
0.000146
0.000155
0.000149
0.000116
-0.000009
-0.000154
-0.000185
-0.000184
-0.000195
-0.000029
0.000233
0.000179
-0.000173
-0.000357
-0.000217
0.000068
0.000321
0.000392
0.000334
0.000233
-0.000070
-0.000455
-0.000436
-0.000044
0.000212
0.000238
0.000215
0.000083
-0.000122
-0.000212
-0.000265
-0.000348
-0.000244
0.000057
0.000252
0.000229
0.000116
0.000020
0.000002
0.000055
0.000078
0.000028
-0.000025
-0.000028
-0.000015
-0.000042
-0.000102
-0.000133
-0.000093
-0.000028
0.000042
0.000135
0.000172
0.000089
0.000017
0.000077
0.000191
0.000214
0.000058
-0.000217
-0.000414
-0.000415
-0.000269
-0.000068
0.000098
0.000148
0.000124
0.000155
0.000217
0.000186
0.000111
0.000101
0.000087
-0.000008
-0.000099
-0.000103
-0.000091
-0.000137
-0.000163
-0.000057
0.000147
0.000273
0.000207
0.000047
-0.000065
-0.000121
-0.000151
-0.000114
-0.000013
0.000033
-0.000044
-0.000123
-0.000097
-0.000086
-0.000205
-0.000303
-0.000190
0.000029
0.000142
0.000160
0.000195
0.000268
0.000322
0.000287
0.000182
0.000062
-0.000121
-0.000325
-0.000342
-0.000167
-0.000042
-0.000052
-0.000023
0.000148
0.000307
0.000282
0.000137
0.000036
0.000016
0.000026
0.000025
-0.000027
-0.000124
-0.000172
-0.000138
-0.000104
-0.000117
-0.000153
-0.000171
-0.000134
-0.000042
0.000080
0.000215
0.000318
0.000324
0.000213
0.000010
-0.000208
-0.000320
-0.000287
-0.000190
-0.000104
-0.000030
0.000068
0.000179
0.000207
0.000132
0.000086
0.000117
0.000121
0.000056
-0.000021
-0.000085
-0.000116
-0.000066
0.000028
0.000071
0.000040
-0.000015
-0.000046
-0.000060
-0.000072
-0.000079
-0.000085
-0.000059
0.000039
0.000132
0.000100
-0.000032
-0.000122
-0.000122
-0.000096
-0.000076
-0.000004
0.000147
0.000251
0.000171
-0.000005
-0.000097
-0.000063
0.000032
0.000080
0.000020
-0.000059
-0.000055
-0.000013
-0.000045
-0.000172
-0.000243
-0.000107
0.000115
0.000162
0.000018
-0.000051
0.000075
0.000192
0.000124
-0.000017
-0.000046
0.000042
0.000129
0.000181
0.000216
0.000176
0.000021
-0.000169
-0.000287
-0.000277
-0.000181
-0.000089
-0.000021
0.000058
0.000100
0.000001
-0.000206
-0.000317
-0.000204
-0.000003
0.000037
-0.000094
-0.000127
0.000093
0.000344
0.000303
0.000053
0.000008
0.000241
0.000393
0.000272
0.000050
-0.000093
-0.000130
-0.000095
-0.000059
-0.000085
-0.000140
-0.000116
0.000014
0.000106
0.000033
-0.000078
-0.000051
0.000028
0.000003
-0.000093
-0.000145
-0.000103
0.000033
0.000195
0.000276
0.000241
0.000137
-0.000004
-0.000184
-0.000377
-0.000484
-0.000428
-0.000248
-0.000028
0.000157
0.000260
0.000272
0.000231
0.000185
0.000143
0.000075
-0.000025
-0.000110
-0.000131
-0.000107
-0.000077
-0.000062
-0.000047
0.000014
0.000144
0.000279
0.000303
0.000162
-0.000055
-0.000198
-0.000200
-0.000098
0.000025
0.000091
0.000103
0.000071
-0.000043
-0.000208
-0.000305
-0.000287
-0.000200
-0.000061
0.000128
0.000282
0.000309
0.000229
0.000116
0.000004
-0.000069
-0.000060
-0.000001
0.000010
-0.000048
-0.000080
-0.000027
0.000021
-0.000016
-0.000049
0.000032
0.000151
0.000150
0.000038
-0.000035
-0.000027
-0.000028
-0.000072
-0.000079
-0.000033
-0.000027
-0.000066
-0.000067
-0.000038
-0.000045
-0.000040
0.000063
0.000186
0.000188
0.000091
0.000018
0.000023
0.000051
-0.000005
-0.000153
-0.000241
-0.000185
-0.000116
-0.000140
-0.000185
-0.000139
-0.000019
0.000040
0.000004
0.000028
0.000161
0.000210
0.000107
0.000040
0.000138
0.000275
0.000289
0.000186
0.000041
-0.000119
-0.000249
-0.000248
-0.000086
0.000118
0.000215
0.000160
-0.000003
-0.000162
-0.000236
-0.000259
-0.000237
-0.000132
-0.000015
0.000031
0.000046
0.000092
0.000141
0.000128
0.000063
0.000019
0.000025
0.000049
0.000060
0.000044
-0.000001
-0.000070
-0.000143
-0.000182
-0.000161
-0.000071
0.000081
0.000216
0.000212
0.000068
-0.000025
0.000067
0.000190
0.000144
0.000009
-0.000033
0.000007
-0.000002
-0.000112
-0.000235
-0.000246
-0.000144
-0.000072
-0.000123
-0.000239
-0.000255
-0.000072
0.000173
0.000260
0.000169
0.000078
0.000107
0.000198
0.000253
0.000242
0.000173
0.000061
-0.000063
-0.000153
-0.000177
-0.000165
-0.000129
-0.000040
0.000079
0.000146
0.000119
0.000029
-0.000065
-0.000145
-0.000220
-0.000244
-0.000160
-0.000032
0.000056
0.000142
0.000217
0.000149
-0.000028
-0.000087
0.000011
0.000098
0.000105
0.000089
0.000086
0.000071
0.000010
-0.000062
-0.000089
-0.000098
-0.000134
-0.000153
-0.000102
-0.000057
-0.000113
-0.000194
-0.000181
-0.000090
0.000032
0.000152
0.000193
0.000109
-0.000018
-0.000048
0.000070
0.000241
0.000310
0.000226
0.000096
0.000051
0.000107
0.000187
0.000207
0.000129
-0.000010
-0.000143
-0.000214
-0.000178
-0.000079
-0.000071
-0.000214
-0.000396
-0.000453
-0.000321
-0.000144
-0.000077
-0.000047
0.000071
0.000215
0.000265
0.000242
0.000191
0.000086
-0.000009
0.000024
0.000124
0.000186
0.000254
0.000350
0.000322
0.000123
-0.000079
-0.000194
-0.000293
-0.000365
-0.000314
-0.000157
-0.000030
-0.000033
-0.000155
-0.000304
-0.000351
-0.000225
-0.000005
0.000168
0.000254
0.000303
0.000299
0.000212
0.000116
0.000081
0.000040
-0.000082
-0.000179
-0.000089
0.000102
0.000138
-0.000021
-0.000191
-0.000227
-0.000124
0.000056
0.000239
0.000336
0.000301
0.000179
0.000036
-0.000099
-0.000208
-0.000253
-0.000172
0.000008
0.000110
0.000023
-0.000138
-0.000198
-0.000189
-0.000574
-0.001375
-0.001176
0.000554
0.001884
0.002071
0.002560
0.003083
0.002125
0.000302
-0.001171
-0.002622
-0.003949
-0.004136
-0.003368
-0.002414
-0.001028
0.000760
0.002028
0.002638
0.003026
0.002761
0.001549
0.000207
-0.000726
-0.001486
-0.001910
-0.001594
-0.000794
0.000050
0.000868
0.001560
0.001854
0.001687
0.001216
0.000566
-0.000193
-0.000910
-0.001410
-0.001568
-0.001293
-0.000701
-0.000089
0.000422
0.000816
0.000952
0.000763
0.000341
-0.000181
-0.000621
-0.000863
-0.001018
-0.001133
-0.000934
-0.000338
0.000249
0.000581
0.000867
0.000868
-0.000072
-0.001075
-0.000529
0.000709
0.001053
0.001342
0.002346
0.002849
0.002331
0.001604
0.000658
-0.000865
-0.002229
-0.002945
-0.003493
-0.003713
-0.003031
-0.002040
-0.001333
-0.000400
0.000647
0.000983
0.000932
0.001135
0.001167
0.000814
0.000660
0.000851
0.001071
0.001279
0.001479
0.001563
0.001554
0.001396
0.000909
0.000234
-0.000256
-0.000553
-0.000922
-0.001247
-0.001271
-0.001124
-0.000914
-0.000576
-0.000304
-0.000227
-0.000174
-0.000231
-0.000553
-0.000763
-0.000603
-0.000430
-0.000379
-0.000165
0.000205
0.000494
0.000668
0.000802
0.000854
0.000705
0.000401
0.000120
-0.000085
-0.000215
-0.000249
-0.000235
-0.000256
-0.000453
-0.000599
-0.000123
0.000533
0.000559
0.000620
0.001282
0.001602
0.001207
0.000792
0.000299
-0.000622
-0.001323
-0.001387
-0.001417
-0.001524
-0.001190
-0.000625
-0.000274
0.000097
0.000479
0.000394
0.000075
0.000077
0.000148
-0.000010
-0.000052
0.000079
0.000061
0.000058
0.000336
0.000657
0.000791
0.000797
0.000724
0.000577
0.000406
0.000226
-0.000012
-0.000270
-0.000422
-0.000500
-0.000553
-0.000449
-0.000239
-0.000187
-0.000233
-0.000132
0.000001
-0.000037
-0.000161
-0.000270
-0.000356
-0.000337
-0.000195
-0.000040
0.000087
0.000225
0.000313
0.000286
0.000237
0.000201
0.000080
-0.000085
-0.000149
-0.000154
-0.000187
-0.000079
0.000274
0.000578
0.000649
0.000632
0.000509
0.000193
-0.000122
-0.000307
-0.000508
-0.000725
-0.000704
-0.000406
-0.000128
-0.000075
-0.000125
-0.000065
0.000162
0.000386
0.000399
0.000244
0.000126
0.000046
-0.000082
-0.000168
-0.000151
-0.000122
-0.000096
-0.000000
0.000136
0.000205
0.000185
0.000092
-0.000034
-0.000093
-0.000097
-0.000122
-0.000079
0.000054
0.000112
0.000090
0.000115
0.000140
0.000059
-0.000084
-0.000169
-0.000111
0.000036
0.000064
-0.000054
-0.000093
-0.000001
0.000059
0.000037
-0.000044
-0.000203
-0.000346
-0.000301
-0.000100
0.000036
0.000040
0.000073
0.000202
0.000316
0.000368
0.000323
0.000112
-0.000106
-0.000159
-0.000195
-0.000258
-0.000141
0.000084
0.000155
0.000145
0.000250
0.000326
0.000219
0.000126
0.000085
-0.000195
-0.000591
-0.000666
-0.000533
-0.000495
-0.000320
0.000160
0.000585
0.000724
0.000715
0.000577
0.000264
-0.000088
-0.000386
-0.000590
-0.000562
-0.000322
-0.000110
0.000056
0.000313
0.000470
0.000317
0.000128
0.000079
-0.000129
-0.000463
-0.000515
-0.000400
-0.000373
-0.000154
0.000278
0.000422
0.000288
0.000339
0.000537
0.000520
0.000241
-0.000069
-0.000234
-0.000276
-0.000287
-0.000266
-0.000180
-0.000009
0.000196
0.000268
0.000183
0.000066
-0.000082
-0.000238
-0.000321
-0.000425
-0.000526
-0.000389
-0.000100
0.000072
0.000131
0.000160
0.000220
0.000399
0.000548
0.000491
0.000341
0.000129
-0.000176
-0.000322
-0.000221
-0.000136
-0.000094
0.000009
0.000020
-0.000105
-0.000141
-0.000065
-0.000062
-0.000159
-0.000237
-0.000291
-0.000287
-0.000065
0.000263
0.000404
0.000470
0.000590
0.000495
0.000200
0.000031
-0.000102
-0.000339
-0.000452
-0.000417
-0.000365
-0.000186
0.000056
0.000136
0.000162
0.000220
0.000140
-0.000007
-0.000030
-0.000077
-0.000220
-0.000161
0.000113
0.000243
0.000216
0.000243
0.000248
0.000247
0.000404
0.000458
0.000150
-0.000161
-0.000175
-0.000131
-0.000195
-0.000243
-0.000224
-0.000181
-0.000193
-0.000314
-0.000351
-0.000159
-0.000033
-0.000175
-0.000324
-0.000292
-0.000199
-0.000108
0.000021
0.000139
0.000208
0.000321
0.000491
0.000547
0.000422
0.000234
0.000086
0.000004
-0.000064
-0.000170
-0.000184
-0.000009
0.000153
0.000137
0.000043
-0.000040
-0.000105
-0.000122
-0.000145
-0.000248
-0.000311
-0.000253
-0.000253
-0.000354
-0.000284
-0.000006
0.000190
0.000238
0.000305
0.000344
0.000226
0.000088
0.000053
-0.000021
-0.000150
-0.000179
-0.000154
-0.000103
0.000103
0.000320
0.000284
0.000098
-0.000063
-0.000220
-0.000344
-0.000647
-0.001488
-0.002262
-0.001831
-0.000502
0.000259
0.000235
0.000662
0.001855
0.002530
0.002040
0.001519
0.001755
0.001664
0.000378
-0.000813
-0.000536
0.000319
0.000386
0.000130
0.000456
0.000932
0.000886
0.000536
0.000243
-0.000022
-0.000364
-0.000941
-0.001794
-0.002418
-0.002284
-0.001734
-0.001456
-0.001409
-0.001089
-0.000511
-0.000211
-0.000350
-0.000473
-0.000350
-0.000419
-0.000923
-0.001239
-0.000761
0.000100
0.000553
0.000656
0.001077
0.001804
0.002056
0.001704
0.001584
0.001952
0.002023
0.001464
0.000940
0.000884
0.001002
0.001019
0.000922
0.000724
0.000546
0.000454
0.000198
-0.000317
-0.000737
-0.001016
-0.001585
-0.002316
-0.002473
-0.002029
-0.001731
-0.001749
-0.001527
-0.000967
-0.000576
-0.000513
-0.000472
-0.000398
-0.000502
-0.000690
-0.000669
-0.000404
0.000027
0.000580
0.001036
0.001266
0.001488
0.001791
0.001902
0.001753
0.001619
0.001473
0.001026
0.000465
0.000305
0.000552
0.000729
0.000585
0.000326
0.000189
0.000081
-0.000203
-0.000605
-0.000916
-0.001122
-0.001352
-0.001593
-0.001683
-0.001565
-0.001406
-0.001317
-0.001112
-0.000721
-0.000789
-0.002104
-0.003873
-0.003829
-0.001564
0.000174
-0.000152
0.000014
0.002564
0.004780
0.004269
0.003496
0.004836
0.005788
0.003729
0.000939
0.000562
0.001555
0.001373
0.000237
-0.000169
0.000331
0.000667
0.000302
-0.000268
-0.000407
-0.000427
-0.001305
-0.003058
-0.004300
-0.004112
-0.003400
-0.003441
-0.003941
-0.003723
-0.002576
-0.001429
-0.000986
-0.000722
0.000208
0.001099
0.000454
-0.000996
-0.000792
0.001073
0.001916
0.001093
0.000944
0.002253
0.003065
0.002653
0.002575
0.003344
0.003536
0.002509
0.001318
0.000853
0.000935
0.001051
0.000838
0.000277
-0.000114
0.000051
0.000217
-0.000248
-0.000857
-0.001027
-0.001486
-0.002799
-0.003562
-0.002604
-0.001503
-0.001923
-0.002469
-0.001406
-0.000007
0.000004
-0.000418
-0.000011
0.000311
-0.000303
-0.000915
-0.000807
-0.000460
-0.000164
0.000136
0.000345
0.000845
0.001922
0.002579
0.002150
0.001780
0.002052
0.001669
0.000395
-0.000100
0.000377
0.000209
-0.000632
-0.000796
-0.000400
-0.000261
-0.000015
0.000582
0.000823
0.000664
0.000551
0.000023
-0.000978
-0.001258
-0.000791
-0.000963
-0.001556
-0.001209
-0.000461
-0.000552
-0.000784
-0.000241
0.000245
0.000045
-0.000104
0.000035
-0.000108
-0.000385
-0.000430
-0.000574
-0.000733
-0.000331
0.000048
-0.000859
-0.002793
-0.003809
-0.002556
-0.000213
0.000853
0.000621
0.001527
0.003946
0.004969
0.003764
0.003494
0.005119
0.005066
0.002082
-0.000093
0.000543
0.001340
0.000412
-0.000815
-0.000937
-0.000326
0.000093
-0.000154
-0.000645
-0.000643
-0.000656
-0.001904
-0.003808
-0.004489
-0.003913
-0.003710
-0.004224
-0.004389
-0.003659
-0.002306
-0.001022
-0.000500
-0.000255
0.000704
0.001441
0.000425
-0.000834
0.000183
0.002160
0.002158
0.001079
0.001692
0.003436
0.004064
0.003869
0.004239
0.004613
0.003893
0.002519
0.001414
0.000853
0.000724
0.000463
-0.000511
-0.001576
-0.001617
-0.001050
-0.001163
-0.001867
-0.002216
-0.002273
-0.002532
-0.002735
-0.002593
-0.002433
-0.002455
-0.002451
-0.002246
-0.001655
-0.000614
0.000273
0.000399
0.000319
0.000817
0.001391
0.001324
0.001158
0.001453
0.001609
0.001233
0.001020
0.001362
0.001645
0.001449
0.001118
0.000989
0.001009
0.000976
0.000669
0.000151
-0.000152
-0.000164
-0.000325
-0.000655
-0.000638
-0.000288
-0.000233
-0.000531
-0.000582
-0.000324
-0.000342
-0.000786
-0.001210
-0.001373
-0.001422
-0.001479
-0.001500
-0.001286
-0.000695
-0.000035
0.000228
0.000223
0.000417
0.000753
0.000864
0.000822
0.000895
0.000952
0.000774
0.000507
0.000297
-0.000282
-0.001976
-0.004408
-0.005211
-0.002818
0.000156
0.000270
-0.000667
0.001378
0.004864
0.005252
0.003582
0.004180
0.005928
0.004491
0.000863
-0.000401
0.000976
0.001574
0.000338
-0.000784
-0.000463
0.000599
0.001060
0.000589
0.000045
-0.000193
-0.001156
-0.003362
-0.005328
-0.005657
-0.005072
-0.005021
-0.005692
-0.006011
-0.004766
-0.002217
-0.000422
-0.000305
0.000079
0.001745
0.002321
0.000776
0.000177
0.002025
0.003230
0.002092
0.001402
0.002965
0.004702
0.004969
0.004819
0.005030
0.004876
0.004043
0.002971
0.001864
0.000907
0.000220
-0.000771
-0.002352
-0.003396
-0.002983
-0.002138
-0.002262
-0.002910
-0.002837
-0.002308
-0.002480
-0.003157
-0.003152
-0.002520
-0.002423
-0.002902
-0.002665
-0.001309
-0.000024
0.000354
0.000535
0.001355
0.002351
0.002574
0.002146
0.001987
0.002164
0.001811
0.000911
0.000632
0.001349
0.001921
0.001629
0.001243
0.001466
0.001784
0.001560
0.000989
0.000475
0.000046
-0.000445
-0.001035
-0.001494
-0.001514
-0.001302
-0.001388
-0.001607
-0.001318
-0.000743
-0.000656
-0.000946
-0.001020
-0.001024
-0.001318
-0.001659
-0.001757
-0.001640
-0.001273
-0.000724
-0.000290
0.000140
0.000924
0.001761
0.002107
0.002190
0.002417
0.002420
0.001812
0.001135
0.000982
0.000978
0.000607
0.000152
-0.000007
-0.000182
-0.001049
-0.003048
-0.005401
-0.005798
-0.003390
-0.001217
-0.001753
-0.002114
0.000924
0.004435
0.004432
0.003277
0.004746
0.006442
0.004524
0.001176
0.000581
0.001956
0.001981
0.000371
-0.000670
-0.000079
0.001018
0.001079
0.000199
-0.000330
-0.000484
-0.001610
-0.003703
-0.005058
-0.005014
-0.004710
-0.005078
-0.005775
-0.005707
-0.003976
-0.001329
0.000034
-0.000211
0.000270
0.001965
0.002320
0.001029
0.001097
0.002886
0.003157
0.001350
0.000695
0.002326
0.003846
0.003940
0.003772
0.004054
0.004183
0.003771
0.002954
0.002006
0.001278
0.000614
-0.000646
-0.002211
-0.002737
-0.002045
-0.001678
-0.002430
-0.003099
-0.002693
-0.002175
-0.002702
-0.003550
-0.003328
-0.002430
-0.002449
-0.003281
-0.003024
-0.001286
-0.000036
-0.000204
-0.000159
0.001224
0.002623
0.002756
0.002446
0.002791
0.003259
0.002899
0.002035
0.001701
0.002086
0.002294
0.001686
0.000908
0.000884
0.001224
0.000886
0.000041
-0.000326
-0.000292
-0.000776
-0.001752
-0.002246
-0.002008
-0.001883
-0.002306
-0.002561
-0.002016
-0.001179
-0.000862
-0.000939
-0.000751
-0.000310
-0.000183
-0.000397
-0.000389
0.000043
0.000465
0.000519
0.000472
0.000831
0.001545
0.001964
0.001807
0.001600
0.001681
0.001550
0.000903
0.000378
0.000444
0.000558
0.000194
-0.000311
-0.000490
-0.000465
-0.000594
-0.001117
-0.002386
-0.004519
-0.006203
-0.005418
-0.002710
-0.001310
-0.001962
-0.001248
0.002238
0.004912
0.004727
0.004781
0.006671
0.006941
0.003997
0.001540
0.001867
0.002426
0.001135
-0.000562
-0.000940
-0.000234
0.000524
0.000729
0.000516
0.000323
-0.000147
-0.001619
-0.003627
-0.004788
-0.004893
-0.005099
-0.005994
-0.006745
-0.006132
-0.004020
-0.001912
-0.001184
-0.000880
0.000604
0.002197
0.001995
0.001282
0.002282
0.003633
0.002958
0.001599
0.002102
0.003717
0.004372
0.004234
0.004296
0.004307
0.003971
0.003571
0.002934
0.001903
0.000980
0.000124
-0.001299
-0.002770
-0.003088
-0.002665
-0.003017
-0.004132
-0.004477
-0.003576
-0.002649
-0.002540
-0.002676
-0.002398
-0.002011
-0.002027
-0.002146
-0.001669
-0.000635
0.000175
0.000482
0.000971
0.002062
0.003083
0.003291
0.002993
0.002856
0.002729
0.002153
0.001478
0.001273
0.001222
0.000798
0.000320
0.000357
0.000778
0.001027
0.000849
0.000439
0.000135
-0.000037
-0.000484
-0.001345
-0.002060
-0.002246
-0.002284
-0.002433
-0.002352
-0.001987
-0.001726
-0.001507
-0.000971
-0.000293
0.000115
0.000224
0.000197
0.000180
0.000354
0.000617
0.000599
0.000441
0.000671
0.001144
0.001330
0.001427
0.001840
0.002161
0.001910
0.001444
0.001177
0.000922
0.000530
0.000153
-0.000237
-0.000713
-0.001085
-0.001303
-0.001542
-0.001724
-0.001777
-0.002333
-0.004115
-0.006221
-0.006242
-0.003486
-0.000837
-0.000791
-0.001141
0.001389
0.005058
0.006051
0.005408
0.006517
0.008007
0.006329
0.002927
0.001788
0.002531
0.001977
-0.000176
-0.001675
-0.001434
-0.000347
0.000224
-0.000161
-0.000775
-0.001084
-0.001755
-0.003264
-0.004649
-0.005019
-0.004999
-0.005593
-0.006587
-0.006661
-0.004872
-0.002188
-0.000680
-0.000450
0.000603
0.002741
0.003509
0.002503
0.002415
0.003720
0.003695
0.001916
0.001173
0.002377
0.003489
0.003468
0.003286
0.003529
0.003834
0.003889
0.003454
0.002538
0.001711
0.001006
-0.000408
-0.002357
-0.003346
-0.003090
-0.003113
-0.004042
-0.004568
-0.003820
-0.002788
-0.002643
-0.003095
-0.003179
-0.002754
-0.002371
-0.002161
-0.001719
-0.000892
-0.000057
0.000452
0.000868
0.001703
0.002889
0.003602
0.003439
0.003191
0.003529
0.003761
0.003112
0.002146
0.001667
0.001459
0.001104
0.000773
0.000590
0.000305
-0.000188
-0.000738
-0.001142
-0.001257
-0.001302
-0.001712
-0.002329
-0.002537
-0.002361
-0.002370
-0.002517
-0.002303
-0.001804
-0.001385
-0.000983
-0.000469
0.000022
0.000435
0.000744
0.000833
0.000926
0.001266
0.001397
0.001048
0.000972
0.001544
0.001952
0.001755
0.001527
0.001490
0.001282
0.000956
0.000751
0.000485
0.000122
-0.000058
-0.000163
-0.000450
-0.000699
-0.000749
-0.000917
-0.001345
-0.001699
-0.001715
-0.001470
-0.001183
-0.001187
-0.001937
-0.003543
-0.005241
-0.005595
-0.003890
-0.001577
-0.000774
-0.000780
0.001092
0.004617
0.006749
0.006996
0.007592
0.008389
0.007159
0.004442
0.002866
0.002572
0.001650
-0.000224
-0.001744
-0.002112
-0.001551
-0.000859
-0.000747
-0.001038
-0.001261
-0.001798
-0.003053
-0.004333
-0.004966
-0.005374
-0.006049
-0.006708
-0.006678
-0.005343
-0.002956
-0.001066
-0.000454
0.000322
0.002183
0.003527
0.003305
0.003069
0.003720
0.003773
0.002666
0.002054
0.002683
0.003446
0.003710
0.003727
0.003592
0.003551
0.003809
0.003642
0.002459
0.001022
0.000019
-0.001050
-0.002334
-0.002958
-0.002769
-0.002801
-0.003478
-0.003978
-0.003679
-0.002984
-0.002564
-0.002638
-0.002932
-0.003029
-0.002873
-0.002689
-0.002336
-0.001487
-0.000456
0.000210
0.000786
0.001874
0.003157
0.003781
0.003645
0.003421
0.003534
0.003670
0.003348
0.002634
0.001954
0.001452
0.000983
0.000587
0.000486
0.000608
0.000507
-0.000014
-0.000537
-0.000739
-0.001055
-0.001951
-0.003063
-0.003746
-0.003938
-0.003902
-0.003653
-0.003126
-0.002449
-0.001722
-0.000875
0.000096
0.001038
0.001734
0.001951
0.001764
0.001708
0.002032
0.002237
0.002007
0.001799
0.001874
0.001827
0.001515
0.001321
0.001300
0.001097
0.000672
0.000289
-0.000062
-0.000551
-0.001133
-0.001720
-0.002218
-0.002324
-0.001955
-0.001603
-0.001531
-0.001269
-0.000642
-0.000308
-0.000495
-0.000408
0.000332
0.000732
-0.000409
-0.002861
-0.004878
-0.004922
-0.003342
-0.001804
-0.001033
-0.000022
0.002183
0.004881
0.006747
0.007679
0.008257
0.008046
0.006266
0.003782
0.002366
0.002036
0.001180
-0.000652
-0.002074
-0.002130
-0.001502
-0.001198
-0.001323
-0.001553
-0.002005
-0.003012
-0.004371
-0.005416
-0.005889
-0.006327
-0.007172
-0.007807
-0.007103
-0.004892
-0.002248
-0.000215
0.001178
0.002461
0.003742
0.004568
0.004785
0.004849
0.004855
0.004233
0.003103
0.002679
0.003461
0.004347
0.004384
0.004045
0.004049
0.004162
0.003824
0.002965
0.001721
0.000135
-0.001617
-0.003179
-0.004247
-0.004701
-0.004770
-0.004901
-0.005187
-0.005190
-0.004570
-0.003593
-0.002865
-0.002682
-0.002747
-0.002653
-0.002416
-0.002136
-0.001603
-0.000810
-0.000110
0.000679
0.002157
0.004067
0.005456
0.006050
0.006263
0.006225
0.005797
0.005038
0.004051
0.002861
0.001609
0.000447
-0.000474
-0.000871
-0.000812
-0.000913
-0.001394
-0.001760
-0.001867
-0.002166
-0.002766
-0.003376
-0.003933
-0.004454
-0.004757
-0.004719
-0.004341
-0.003564
-0.002438
-0.001182
0.000104
0.001398
0.002425
0.002882
0.002968
0.003099
0.003201
0.002955
0.002462
0.002150
0.002200
0.002397
0.002468
0.002402
0.002275
0.001943
0.001318
0.000658
0.000088
-0.000635
-0.001562
-0.002398
-0.002963
-0.003269
-0.003251
-0.002872
-0.002347
-0.001910
-0.001494
-0.000952
-0.000463
-0.000333
-0.000435
-0.000303
0.000072
0.000020
-0.000873
-0.002214
-0.003501
-0.004418
-0.004218
-0.002261
0.000419
0.002002
0.002800
0.004721
0.007490
0.008753
0.008143
0.007522
0.007178
0.005601
0.002958
0.001166
0.000591
-0.000225
-0.001800
-0.002979
-0.002786
-0.001739
-0.001232
-0.001913
-0.003068
-0.003955
-0.004843
-0.006044
-0.007099
-0.007601
-0.007676
-0.007417
-0.006708
-0.005347
-0.003042
-0.000138
0.002031
0.002898
0.003694
0.005132
0.005983
0.005538
0.005012
0.005118
0.004986
0.004409
0.004428
0.005207
0.005662
0.005239
0.004409
0.003679
0.003099
0.002346
0.000938
-0.001134
-0.003132
-0.004504
-0.005499
-0.006324
-0.006640
-0.006386
-0.006042
-0.005789
-0.005273
-0.004313
-0.003301
-0.002718
-0.002451
-0.001944
-0.001100
-0.000454
-0.000236
0.000062
0.000928
0.002222
0.003585
0.004983
0.006415
0.007480
0.007783
0.007473
0.006846
0.005755
0.004020
0.002100
0.000601
-0.000468
-0.001369
-0.002142
-0.002794
-0.003304
-0.003500
-0.003438
-0.003487
-0.003737
-0.003965
-0.004164
-0.004405
-0.004473
-0.004253
-0.003973
-0.003627
-0.002901
-0.001758
-0.000376
0.001146
0.002519
0.003414
0.003952
0.004368
0.004545
0.004446
0.004309
0.004095
0.003565
0.002949
0.002656
0.002537
0.002255
0.001895
0.001522
0.000863
-0.000138
-0.001235
-0.002388
-0.003612
-0.004621
-0.005210
-0.005460
-0.005321
-0.004702
-0.003887
-0.003114
-0.002203
-0.001154
-0.000280
0.000482
0.001306
0.001797
0.001745
0.001780
0.002114
0.001805
0.000246
-0.001769
-0.002953
-0.002560
-0.000736
0.001303
0.002359
0.003117
0.005155
0.007888
0.009129
0.008489
0.007304
0.005804
0.003318
0.000545
-0.001060
-0.001611
-0.002474
-0.004044
-0.005144
-0.004643
-0.003109
-0.002288
-0.002818
-0.003720
-0.004484
-0.005643
-0.006986
-0.007534
-0.007334
-0.007155
-0.006821
-0.005590
-0.003351
-0.000413
0.002647
0.004773
0.005662
0.006461
0.007714
0.008259
0.007497
0.006553
0.006098
0.005435
0.004494
0.004266
0.004859
0.005196
0.004603
0.003351
0.002007
0.000875
-0.000320
-0.002139
-0.004503
-0.006590
-0.007876
-0.008505
-0.008615
-0.008137
-0.007245
-0.006305
-0.005406
-0.004330
-0.002978
-0.001651
-0.000816
-0.000545
-0.000357
0.000124
0.000775
0.001583
0.002834
0.004198
0.004892
0.005221
0.006245
0.007606
0.007911
0.007271
0.006838
0.006366
0.005070
0.003615
0.002618
0.001210
-0.000984
-0.002875
-0.003924
-0.004680
-0.005343
-0.005903
-0.006690
-0.007390
-0.007246
-0.006598
-0.006167
-0.005596
-0.004546
-0.003549
-0.002557
-0.000886
0.001055
0.002294
0.003031
0.003875
0.004635
0.005140
0.005560
0.005653
0.005233
0.004783
0.004563
0.004199
0.003615
0.003121
0.002603
0.001756
0.000730
-0.000279
-0.001372
-0.002461
-0.003337
-0.004139
-0.004960
-0.005521
-0.005672
-0.005511
-0.004986
-0.004124
-0.003237
-0.002368
-0.001279
-0.000170
0.000604
0.001264
0.002029
0.002513
0.002506
0.002537
0.002983
0.003362
0.003050
0.001920
0.000049
-0.002222
-0.003652
-0.002787
-0.000180
0.001447
0.001085
0.001496
0.004543
0.007445
0.007376
0.006066
0.005688
0.004655
0.001577
-0.001312
-0.002141
-0.002417
-0.003838
-0.005608
-0.006001
-0.004582
-0.002693
-0.002128
-0.003020
-0.003866
-0.004008
-0.004311
-0.005072
-0.005496
-0.005296
-0.004849
-0.004215
-0.003061
-0.000820
0.002653
0.005810
0.006795
0.006566
0.007469
0.008913
0.008503
0.006581
0.005287
0.004597
0.003367
0.002224
0.002154
0.002481
0.002161
0.001088
-0.000375
-0.001637
-0.002260
-0.002926
-0.004637
-0.006828
-0.008097
-0.008326
-0.008301
-0.008033
-0.007019
-0.005446
-0.003970
-0.002704
-0.001183
0.000724
0.002317
0.002835
0.002591
0.002660
0.003416
0.004267
0.004792
0.005177
0.005569
0.005839
0.006016
0.006275
0.006289
0.005326
0.003416
0.001689
0.000860
0.000146
-0.001387
-0.003172
-0.004099
-0.004315
-0.004657
-0.005137
-0.005390
-0.005609
-0.005904
-0.005799
-0.005140
-0.004398
-0.003756
-0.002955
-0.001880
-0.000518
0.001146
0.002824
0.004097
0.004920
0.005467
0.005662
0.005408
0.004932
0.004366
0.003559
0.002601
0.001876
0.001489
0.001164
0.000665
0.000024
-0.000571
-0.000983
-0.001327
-0.001880
-0.002643
-0.003365
-0.003979
-0.004472
-0.004618
-0.004321
-0.003798
-0.003144
-0.002180
-0.000880
0.000445
0.001426
0.001930
0.002137
0.002326
0.002527
0.002577
0.002445
0.002225
0.001938
0.001648
0.001485
0.001245
0.000570
-0.000478
-0.002018
-0.004648
-0.007346
-0.006957
-0.002895
0.000408
0.000091
0.000058
0.004088
0.008744
0.009425
0.007957
0.007819
0.007458
0.004292
0.000264
-0.001480
-0.001427
-0.002059
-0.004003
-0.005487
-0.004785
-0.002621
-0.001459
-0.002390
-0.004127
-0.005238
-0.005747
-0.006320
-0.007105
-0.007377
-0.006324
-0.004623
-0.003554
-0.002045
0.001866
0.006418
0.007954
0.007114
0.007508
0.009135
0.009047
0.007092
0.005582
0.004972
0.004132
0.003097
0.002669
0.002831
0.002855
0.001979
-0.000016
-0.002215
-0.003444
-0.004088
-0.005661
-0.008290
-0.010214
-0.010228
-0.009207
-0.008368
-0.007289
-0.005117
-0.002628
-0.001126
-0.000166
0.001516
0.003534
0.004378
0.003914
0.003521
0.004091
0.005229
0.006142
0.006510
0.006627
0.006868
0.007018
0.006580
0.005594
0.004391
0.002809
0.000481
-0.002305
-0.004582
-0.005664
-0.006079
-0.006863
-0.007646
-0.007025
-0.005354
-0.004510
-0.004586
-0.004072
-0.002987
-0.002526
-0.002568
-0.002124
-0.000973
0.000511
0.001871
0.002871
0.004057
0.005834
0.007134
0.007058
0.006656
0.006792
0.006344
0.004528
0.002408
0.000839
-0.000527
-0.001929
-0.003106
-0.003748
-0.003609
-0.003075
-0.003078
-0.003597
-0.003624
-0.003092
-0.002989
-0.003455
-0.003582
-0.003002
-0.002217
-0.001518
-0.000641
0.000607
0.001960
0.002962
0.003484
0.003815
0.004111
0.004031
0.003305
0.002353
0.001794
0.001605
0.001295
0.000731
0.000296
0.000157
-0.000092
-0.000694
-0.001356
-0.001950
-0.002847
-0.004803
-0.008697
-0.012962
-0.012368
-0.005389
0.000302
-0.000722
-0.001056
0.006259
0.013936
0.013897
0.011490
0.012848
0.013011
0.007698
0.002018
0.000447
0.000677
-0.000439
-0.003262
-0.005961
-0.005559
-0.002223
-0.000725
-0.003338
-0.006545
-0.007876
-0.008888
-0.010495
-0.011823
-0.012097
-0.010463
-0.007502
-0.005524
-0.003411
0.002622
0.010051
0.012019
0.009688
0.010131
0.013014
0.012545
0.009071
0.006919
0.006034
0.004409
0.002877
0.002570
0.002888
0.003262
0.002877
0.000393
-0.003217
-0.005149
-0.005584
-0.007611
-0.011661
-0.014378
-0.013695
-0.011464
-0.009894
-0.008157
-0.004734
-0.000978
0.000900
0.001775
0.003778
0.006177
0.006775
0.005664
0.004687
0.004985
0.006397
0.007770
0.008026
0.007742
0.008179
0.008705
0.007738
0.005613
0.003580
0.001256
-0.002232
-0.006192
-0.009159
-0.010400
-0.010336
-0.010161
-0.010168
-0.009030
-0.006388
-0.004003
-0.002630
-0.001153
0.000307
0.000564
0.000305
0.000891
0.001857
0.002505
0.003309
0.004358
0.005351
0.006681
0.008009
0.008026
0.006941
0.005983
0.004781
0.002492
-0.000032
-0.001802
-0.003202
-0.004497
-0.005136
-0.005018
-0.004615
-0.004151
-0.003727
-0.003451
-0.003149
-0.002727
-0.002524
-0.002658
-0.002608
-0.001931
-0.000795
0.000480
0.001759
0.002827
0.003502
0.004038
0.004673
0.004944
0.004364
0.003356
0.002534
0.001770
0.000849
0.000059
-0.000540
-0.001244
-0.001826
-0.001848
-0.001731
-0.002687
-0.005862
-0.010587
-0.012722
-0.008653
-0.002310
-0.000877
-0.002411
0.001336
0.009619
0.013899
0.013154
0.013307
0.014183
0.011055
0.005150
0.001426
0.000603
0.000032
-0.002126
-0.005584
-0.007506
-0.005524
-0.002391
-0.002703
-0.005822
-0.008006
-0.008791
-0.009815
-0.011039
-0.011466
-0.010455
-0.008112
-0.005852
-0.003999
0.000247
0.007578
0.012825
0.012640
0.011284
0.012624
0.013703
0.011481
0.008216
0.006408
0.005124
0.003312
0.001711
0.001072
0.001321
0.001513
-0.000029
-0.003533
-0.006604
-0.007549
-0.008118
-0.010545
-0.013659
-0.014445
-0.012441
-0.009894
-0.007726
-0.004513
-0.000196
0.002878
0.003948
0.005078
0.007202
0.008619
0.008089
0.006486
0.005407
0.005753
0.006991
0.007597
0.007110
0.006673
0.006649
0.005865
0.003944
0.001822
-0.000365
-0.003441
-0.007345
-0.010714
-0.012085
-0.011338
-0.010264
-0.010397
-0.010052
-0.006557
-0.001515
0.000994
0.001154
0.002307
0.004319
0.004609
0.003658
0.003650
0.004364
0.004508
0.004152
0.003986
0.004650
0.006132
0.006559
0.004526
0.002181
0.001693
0.001108
-0.001644
-0.004566
-0.005439
-0.005335
-0.005592
-0.005561
-0.004658
-0.003410
-0.002403
-0.001913
-0.001663
-0.000831
0.000365
0.000503
-0.000319
-0.000104
0.001598
0.002857
0.002763
0.002665
0.003434
0.004137
0.003952
0.003295
0.002631
0.001770
0.000541
-0.000796
-0.001724
-0.001927
-0.002007
-0.002864
-0.003861
-0.003612
-0.002977
-0.004723
-0.009387
-0.012754
-0.009612
-0.001773
0.002295
0.000694
0.002361
0.010924
0.017189
0.015875
0.013882
0.014879
0.013008
0.006367
0.000750
-0.001012
-0.001562
-0.003388
-0.006949
-0.010067
-0.009073
-0.005141
-0.004289
-0.007680
-0.010371
-0.010592
-0.010870
-0.011720
-0.011701
-0.010197
-0.007013
-0.003269
-0.000715
0.002785
0.010170
0.017006
0.017065
0.013772
0.013958
0.015553
0.013154
0.008416
0.005496
0.003914
0.001946
0.000184
-0.000819
-0.001414
-0.001897
-0.003412
-0.006967
-0.010608
-0.011592
-0.011131
-0.012591
-0.015476
-0.015711
-0.011971
-0.007429
-0.004349
-0.001132
0.003476
0.007343
0.008791
0.009582
0.011259
0.012293
0.011086
0.008544
0.006556
0.006199
0.007056
0.007209
0.005496
0.003450
0.002571
0.001562
-0.000994
-0.004007
-0.006275
-0.008493
-0.011194
-0.013195
-0.013117
-0.011146
-0.008914
-0.007725
-0.006745
-0.004162
-0.000245
0.002930
0.004410
0.004777
0.004876
0.005576
0.006884
0.007457
0.007097
0.007542
0.008767
0.008604
0.007273
0.006819
0.006318
0.003526
-0.000490
-0.003438
-0.005548
-0.007790
-0.009795
-0.011009
-0.011038
-0.009490
-0.007204
-0.005468
-0.003831
-0.001489
0.000521
0.001259
0.001749
0.002790
0.003597
0.003786
0.004134
0.005038
0.006043
0.006546
0.006246
0.005458
0.004805
0.004087
0.002379
-0.000247
-0.002515
-0.003898
-0.005017
-0.005841
-0.005592
-0.004583
-0.003951
-0.003566
-0.002456
-0.001038
-0.000694
-0.001510
-0.002341
-0.003066
-0.005553
-0.010180
-0.011543
-0.004451
0.005053
0.006947
0.005205
0.010924
0.020564
0.022226
0.017320
0.014628
0.012699
0.006348
-0.001399
-0.005765
-0.007143
-0.007626
-0.009135
-0.012083
-0.012548
-0.008203
-0.004756
-0.007181
-0.011410
-0.012666
-0.012248
-0.011867
-0.011049
-0.009559
-0.006182
-0.000225
0.005053
0.008270
0.013783
0.021433
0.023390
0.018451
0.015067
0.015684
0.013764
0.007474
0.001946
-0.000581
-0.002100
-0.003503
-0.004464
-0.005215
-0.005849
-0.006861
-0.009525
-0.013214
-0.015076
-0.014404
-0.014045
-0.015413
-0.015283
-0.010572
-0.003607
0.001443
0.004877
0.009309
0.013720
0.015299
0.014765
0.014447
0.013853
0.011470
0.007971
0.005161
0.004102
0.004420
0.004177
0.002027
-0.000520
-0.001648
-0.002606
-0.005308
-0.008956
-0.011906
-0.014012
-0.015379
-0.015434
-0.013855
-0.010836
-0.006869
-0.002803
0.000896
0.004538
0.007886
0.009738
0.009754
0.009080
0.008536
0.007740
0.006530
0.005733
0.005749
0.005794
0.005378
0.005004
0.004632
0.003313
0.000785
-0.002280
-0.005325
-0.007859
-0.009474
-0.010523
-0.011171
-0.010434
-0.007981
-0.005157
-0.002809
-0.000529
0.001541
0.002690
0.003044
0.003126
0.003017
0.002878
0.002954
0.003061
0.003302
0.004202
0.005346
0.005656
0.005163
0.004587
0.003660
0.001701
-0.000829
-0.002896
-0.004326
-0.005540
-0.006450
-0.006488
-0.005511
-0.004045
-0.002547
-0.001145
-0.000050
0.000598
0.000985
0.001110
0.000875
0.000851
0.001488
0.001674
-0.000279
-0.003784
-0.005109
-0.001549
0.003462
0.004298
0.002534
0.004370
0.009020
0.010288
0.008072
0.006751
0.005731
0.002153
-0.002210
-0.004418
-0.004887
-0.005152
-0.006242
-0.008274
-0.008834
-0.006043
-0.003133
-0.003806
-0.005897
-0.005841
-0.004494
-0.003767
-0.003165
-0.001906
0.000012
0.002453
0.004655
0.006464
0.009296
0.012536
0.012647
0.009365
0.007013
0.007019
0.005939
0.002256
-0.001437
-0.003327
-0.004261
-0.005111
-0.005672
-0.005706
-0.005490
-0.005633
-0.006431
-0.007115
-0.006645
-0.005476
-0.005163
-0.005725
-0.004990
-0.001788
0.001924
0.004085
0.005557
0.007700
0.009483
0.009591
0.008764
0.007909
0.006503
0.004129
0.001415
-0.000687
-0.001381
-0.000915
-0.001052
-0.002601
-0.003717
-0.003180
-0.002794
-0.003920
-0.005175
-0.005574
-0.006049
-0.006784
-0.006560
-0.004922
-0.002754
-0.000929
0.000681
0.002741
0.005035
0.006520
0.007061
0.007478
0.007647
0.006684
0.005010
0.003889
0.003228
0.001986
0.000042
-0.001796
-0.002887
-0.003384
-0.004121
-0.005397
-0.006210
-0.005787
-0.004909
-0.004394
-0.003718
-0.002328
-0.000740
0.000504
0.001610
0.002782
0.003688
0.003879
0.003356
0.002693
0.002387
0.002089
0.001241
0.000318
0.000175
0.000513
0.000544
0.000465
0.000638
0.000367
-0.000910
-0.002515
-0.004273
-0.007872
-0.013031
-0.013936
-0.006938
0.000554
0.000869
0.000532
0.008225
0.017471
0.018560
0.015282
0.014234
0.012485
0.007047
0.001357
-0.002187
-0.004070
-0.004913
-0.006940
-0.010417
-0.010170
-0.005203
-0.003361
-0.007745
-0.011476
-0.011052
-0.010321
-0.010835
-0.010669
-0.008986
-0.005194
0.000263
0.004702
0.008498
0.014715
0.020179
0.018746
0.013649
0.012518
0.013450
0.009882
0.003307
-0.000435
-0.000911
-0.001260
-0.002312
-0.003174
-0.003753
-0.004639
-0.006532
-0.009556
-0.012273
-0.013131
-0.013133
-0.014285
-0.015152
-0.011892
-0.004894
0.000761
0.003305
0.006315
0.010961
0.013701
0.013184
0.012092
0.011450
0.009656
0.006706
0.004439
0.003919
0.004792
0.005299
0.003629
0.000929
-0.000145
-0.000438
-0.003083
-0.007692
-0.011092
-0.012572
-0.013555
-0.013967
-0.012625
-0.009527
-0.005883
-0.002881
-0.000437
0.002671
0.006245
0.007867
0.006716
0.005522
0.006254
0.007162
0.006469
0.005653
0.006570
0.008011
0.007743
0.006096
0.004818
0.003674
0.000941
-0.003331
-0.007048
-0.008952
-0.009889
-0.010978
-0.011700
-0.010579
-0.007716
-0.005139
-0.003598
-0.001430
0.001729
0.003554
0.003246
0.003219
0.004829
0.006277
0.006151
0.005566
0.005824
0.006636
0.006961
0.006116
0.004370
0.002645
0.001005
-0.001381
-0.004122
-0.005764
-0.006449
-0.007395
-0.008017
-0.006859
-0.004617
-0.003188
-0.002649
-0.001669
-0.000053
0.001034
0.000922
0.000382
0.000612
0.001658
0.002468
0.002767
0.003573
0.005090
0.005940
0.005463
0.004642
0.003940
0.002528
0.000289
-0.001672
-0.002862
-0.003749
-0.004378
-0.004229
-0.003250
-0.002030
-0.001207
-0.001020
-0.001133
-0.001032
-0.000867
-0.001181
-0.001779
-0.002183
-0.002705
-0.003245
-0.002345
0.000296
0.002541
0.003207
0.003779
0.005143
0.006107
0.005966
0.005207
0.003896
0.002057
0.000547
-0.000125
-0.000355
-0.000440
-0.000570
-0.001146
-0.001893
-0.002032
-0.001883
-0.002492
-0.003862
-0.005186
-0.005956
-0.005954
-0.005280
-0.004383
-0.003329
-0.001777
0.000127
0.001897
0.003491
0.004833
0.005267
0.004635
0.003861
0.003612
0.003520
0.003182
0.002815
0.002665
0.002611
0.002498
0.002293
0.001866
0.001004
-0.000349
-0.001922
-0.003214
-0.003940
-0.004373
-0.004872
-0.005261
-0.005200
-0.004697
-0.003772
-0.002395
-0.001010
-0.000090
0.000640
0.001486
0.002140
0.002474
0.002722
0.002752
0.002492
0.002418
0.002541
0.002276
0.001805
0.001780
0.001888
0.001476
0.000794
0.000331
-0.000014
-0.000409
-0.000760
-0.000994
-0.001061
-0.000990
-0.001031
-0.001215
-0.001256
-0.001304
-0.001863
-0.002723
-0.003082
-0.002792
-0.002365
-0.001894
-0.001131
-0.000246
0.000565
0.001490
0.002319
0.002389
0.001106
-0.002731
-0.008801
-0.010926
-0.003777
0.004888
0.004277
0.000982
0.007640
0.018153
0.019207
0.014094
0.011725
0.009072
0.002148
-0.004420
-0.007382
-0.008354
-0.008765
-0.010627
-0.013666
-0.011800
-0.004344
-0.001343
-0.006465
-0.010374
-0.008452
-0.006475
-0.006884
-0.006318
-0.003631
0.000298
0.004808
0.008732
0.012845
0.018502
0.021421
0.017006
0.010618
0.009589
0.010075
0.004967
-0.002848
-0.006388
-0.005788
-0.005436
-0.006255
-0.006508
-0.006297
-0.007343
-0.009863
-0.011955
-0.011922
-0.010442
-0.009878
-0.010726
-0.009561
-0.003320
0.004803
0.009022
0.010094
0.012944
0.016589
0.016264
0.012965
0.010792
0.008876
0.004721
0.000348
-0.001328
-0.000929
-0.000538
-0.001603
-0.004248
-0.006197
-0.005828
-0.005982
-0.009381
-0.013094
-0.013489
-0.012041
-0.010944
-0.008613
-0.003753
0.001422
0.004675
0.006724
0.009418
0.012630
0.013848
0.011459
0.007770
0.006291
0.006633
0.005779
0.003559
0.002354
0.002293
0.001328
-0.000774
-0.002501
-0.003894
-0.006464
-0.010147
-0.012805
-0.012891
-0.011181
-0.009566
-0.008592
-0.006717
-0.002761
0.001670
0.004077
0.004687
0.005738
0.007668
0.008694
0.008228
0.007995
0.008820
0.008983
0.007474
0.006108
0.006124
0.005539
0.002352
-0.002253
-0.005864
-0.007907
-0.009513
-0.011360
-0.012337
-0.011120
-0.008769
-0.007134
-0.005445
-0.002229
0.001116
0.002623
0.003036
0.003808
0.004796
0.005445
0.005679
0.005676
0.006070
0.007029
0.007418
0.006639
0.005522
0.004183
0.001797
-0.001173
-0.003456
-0.005067
-0.006552
-0.007618
-0.007885
-0.007404
-0.006229
-0.004651
-0.003217
-0.002099
-0.001130
-0.000231
0.000702
0.001846
0.003051
0.003829
0.003974
0.003984
0.004502
0.005273
0.005404
0.004700
0.003692
0.002629
0.001493
0.000370
-0.000762
-0.001954
-0.003091
-0.003994
-0.004235
-0.003708
-0.004146
-0.007614
-0.012166
-0.012749
-0.008242
-0.003312
-0.001402
-0.000138
0.004126
0.010462
0.014788
0.015485
0.014469
0.013011
0.010082
0.005768
0.002616
0.001560
-0.000025
-0.003807
-0.007163
-0.007014
-0.004783
-0.004579
-0.007426
-0.010319
-0.011012
-0.010651
-0.010754
-0.010459
-0.008510
-0.005584
-0.002706
0.000834
0.005942
0.011139
0.013560
0.012725
0.011438
0.011752
0.011887
0.009248
0.004850
0.001863
0.001057
0.000703
-0.000123
-0.000981
-0.001968
-0.003826
-0.006354
-0.008247
-0.008922
-0.009553
-0.011210
-0.012554
-0.011219
-0.007234
-0.002926
0.000383
0.003231
0.005985
0.008115
0.009311
0.009748
0.009342
0.007808
0.005522
0.003671
0.003169
0.003498
0.003068
0.001245
-0.000660
-0.001423
-0.001929
-0.003526
-0.005584
-0.006784
-0.007397
-0.008061
-0.007948
-0.006186
-0.003629
-0.001728
-0.000566
0.001038
0.003496
0.005308
0.004956
0.003357
0.002843
0.004016
0.005186
0.004912
0.003822
0.003376
0.003564
0.003032
0.001477
0.000014
-0.001139
-0.002878
-0.004880
-0.005736
-0.005389
-0.005199
-0.005691
-0.005702
-0.004030
-0.001435
0.000038
0.000020
0.000189
0.001174
0.001822
0.001914
0.002470
0.003364
0.003660
0.003781
0.004638
0.005623
0.005572
0.004364
0.002492
0.000578
-0.000816
-0.002027
-0.003793
-0.005575
-0.006176
-0.005531
-0.004259
-0.002675
-0.001332
-0.001131
-0.002585
-0.005489
-0.007943
-0.006843
-0.002553
0.000215
0.000283
0.002652
0.009070
0.014314
0.015209
0.014190
0.012644
0.009374
0.004979
0.001262
-0.001628
-0.004326
-0.007099
-0.009417
-0.009334
-0.006305
-0.003930
-0.005170
-0.007481
-0.007567
-0.006639
-0.006840
-0.007288
-0.006507
-0.004686
-0.002194
0.001342
0.006038
0.010773
0.013433
0.013052
0.011458
0.010760
0.009923
0.006641
0.001693
-0.001827
-0.002879
-0.003059
-0.003465
-0.003721
-0.003804
-0.004460
-0.005646
-0.006385
-0.006440
-0.006745
-0.007802
-0.008471
-0.006984
-0.003252
0.000694
0.003328
0.005434
0.007953
0.009935
0.010269
0.009363
0.007778
0.005359
0.002524
0.000498
-0.000244
-0.000486
-0.001169
-0.002333
-0.003088
-0.002874
-0.002588
-0.003557
-0.005494
-0.006871
-0.007168
-0.007000
-0.006466
-0.005098
-0.002862
-0.000264
0.002048
0.003878
0.005807
0.007765
0.008181
0.006705
0.005512
0.005334
0.004196
0.001969
0.000842
0.000762
0.000047
-0.000966
-0.001367
-0.001719
-0.002418
-0.003369
-0.004821
-0.006057
-0.005836
-0.004850
-0.004341
-0.003568
-0.001782
-0.000026
0.001165
0.002592
0.003976
0.004089
0.003336
0.003254
0.003850
0.003858
0.003024
0.002112
0.001416
0.000812
0.000314
-0.000264
-0.001118
-0.002014
-0.002802
-0.003446
-0.003478
-0.002857
-0.002503
-0.002553
-0.001966
-0.000771
-0.000250
-0.000624
-0.000840
-0.000277
0.000728
0.001539
0.002059
0.002887
0.004052
0.004479
0.003825
0.003214
0.002992
0.001954
-0.000223
-0.002144
-0.002862
-0.002980
-0.003247
-0.003429
-0.003100
-0.002529
-0.002048
-0.001493
-0.000853
-0.000509
-0.000546
-0.000644
-0.000374
0.000612
0.001927
0.002607
0.002724
0.003195
0.003814
0.003831
0.003547
0.003056
0.001678
-0.000037
-0.000867
-0.001291
-0.002194
-0.002942
-0.003008
-0.002857
-0.002462
-0.001722
-0.001419
-0.001802
-0.002217
-0.002545
-0.002785
-0.002386
-0.001561
-0.001131
-0.000718
0.000542
0.002281
0.003749
0.004831
0.005406
0.005347
0.005009
0.004514
0.003498
0.002087
0.000851
-0.000198
-0.001266
-0.002004
-0.002203
-0.002423
-0.002999
-0.003408
-0.003302
-0.003158
-0.003357
-0.003475
-0.003036
-0.002261
-0.001571
-0.000926
-0.000066
0.000982
0.001886
0.002518
0.003233
0.004067
0.004282
0.003656
0.003036
0.002716
0.002019
0.000842
-0.000259
-0.001136
-0.001723
-0.001789
-0.001696
-0.001977
-0.002492
-0.003310
-0.005477
-0.008876
-0.010043
-0.006216
-0.001211
-0.000203
-0.000045
0.004912
0.011353
0.013287
0.012464
0.012018
0.010081
0.006139
0.002775
0.000431
-0.001518
-0.003090
-0.005433
-0.007516
-0.005869
-0.002759
-0.004103
-0.008212
-0.009369
-0.008533
-0.008981
-0.009172
-0.007463
-0.005107
-0.002407
0.001234
0.005418
0.009651
0.012594
0.012269
0.010093
0.009601
0.010015
0.007783
0.003539
0.000819
0.000174
-0.000243
-0.000959
-0.001451
-0.002155
-0.003994
-0.006542
-0.008184
-0.008370
-0.008474
-0.009597
-0.010388
-0.008469
-0.003955
0.000229
0.002423
0.004202
0.006705
0.008315
0.008071
0.007355
0.006571
0.004619
0.002210
0.001382
0.002234
0.003134
0.002914
0.001614
0.000287
-0.000289
-0.001096
-0.003239
-0.005665
-0.007017
-0.007708
-0.007937
-0.006620
-0.003916
-0.001631
-0.000386
0.000921
0.002805
0.004269
0.004233
0.002947
0.001762
0.001553
0.001874
0.002047
0.002211
0.002602
0.002809
0.002523
0.002161
0.001889
0.000900
-0.001298
-0.003620
-0.004552
-0.004074
-0.003390
-0.003073
-0.002510
-0.001181
0.000423
0.001528
0.001977
0.001860
0.001072
-0.000057
-0.000584
-0.000228
0.000102
-0.000293
-0.000800
-0.000191
0.001703
0.003323
0.003255
0.002165
0.001248
0.000156
-0.001482
-0.002618
-0.002682
-0.002579
-0.002781
-0.002427
-0.000773
0.001421
0.002297
0.001293
0.000314
0.000733
0.001008
-0.000272
-0.001686
-0.001658
-0.000915
-0.000458
0.000250
0.001788
0.003162
0.002977
0.001744
0.001362
0.001812
0.000902
-0.001578
-0.002980
-0.002273
-0.001391
-0.001413
-0.001284
-0.000577
-0.000199
-0.000261
0.000177
0.001030
0.000933
-0.000419
-0.001385
-0.000733
0.000396
0.000202
-0.000787
-0.000372
0.001549
0.002374
0.001016
-0.000217
0.000413
0.001246
0.000326
-0.001190
-0.001084
-0.000010
-0.000353
-0.001666
-0.001170
0.000879
0.001046
-0.001008
-0.001404
0.001068
0.002612
0.001212
-0.000212
0.000354
0.000989
0.000341
-0.000252
-0.000013
-0.000025
-0.001015
-0.001940
-0.001226
0.000446
0.000345
-0.001552
-0.001891
-0.000150
0.000472
-0.000526
-0.000557
0.000465
0.000615
0.000274
0.001001
0.002314
0.002545
0.001303
0.000015
0.000162
0.000918
0.000268
-0.001347
-0.001696
-0.000848
-0.000664
-0.000977
-0.000394
0.000334
-0.000200
-0.000959
-0.000332
0.000870
0.000771
-0.000715
-0.001759
-0.000993
0.000431
0.000429
-0.000534
-0.000372
0.000619
0.000672
0.000272
0.000720
0.001078
0.000182
-0.000860
-0.000605
0.000546
0.001189
0.000671
-0.000039
0.000463
0.001537
0.001328
0.000184
-0.000186
-0.000162
-0.000937
-0.001615
-0.001073
-0.000305
-0.000452
-0.000789
-0.000214
0.000900
0.001254
0.000421
-0.000536
-0.000611
-0.000324
-0.000566
-0.000923
-0.000643
-0.000151
-0.000106
-0.000031
0.000689
0.001329
0.000920
0.000061
-0.000020
0.000478
0.000428
-0.000337
-0.000868
-0.000544
-0.000028
-0.000256
-0.000644
0.000004
0.000979
0.000803
0.000253
0.000853
0.001672
0.001114
-0.000047
-0.000308
0.000016
-0.000174
-0.000897
-0.001283
-0.000867
-0.000314
-0.000356
-0.000449
0.000009
0.000129
-0.000769
-0.001543
-0.001214
-0.000611
-0.000638
-0.000735
-0.000089
0.000930
0.001474
0.001557
0.001524
0.000739
-0.001360
-0.003261
-0.003019
-0.001555
-0.001014
-0.000816
0.000923
0.003686
0.005585
0.006074
0.005593
0.004524
0.003085
0.001253
-0.000703
-0.002067
-0.002890
-0.003701
-0.003872
-0.002716
-0.001448
-0.001451
-0.002121
-0.002410
-0.002524
-0.002944
-0.003488
-0.003711
-0.003307
-0.002273
-0.000815
0.001135
0.003488
0.005269
0.005737
0.005619
0.005739
0.005455
0.003927
0.001876
0.000600
0.000137
-0.000234
-0.000594
-0.000681
-0.000742
-0.001204
-0.002028
-0.002874
-0.003634
-0.004520
-0.005477
-0.005728
-0.004610
-0.002717
-0.001138
0.000093
0.001546
0.003048
0.004024
0.004350
0.004167
0.003594
0.002779
0.001887
0.001164
0.000850
0.000770
0.000574
0.000394
0.000471
0.000457
-0.000105
-0.001096
-0.002116
-0.002933
-0.003462
-0.003630
-0.003369
-0.002690
-0.001707
-0.000534
0.000691
0.001651
0.001994
0.001775
0.001456
0.001328
0.001235
0.001023
0.000897
0.001049
0.001287
0.001390
0.001398
0.001273
0.000746
-0.000231
-0.001209
-0.001770
-0.002070
-0.002420
-0.002598
-0.002134
-0.001117
-0.000174
0.000359
0.000740
0.001167
0.001327
0.000939
0.000332
-0.000023
-0.000221
-0.000550
-0.000705
-0.000181
0.000646
0.000760
0.000207
0.000444
0.001836
0.002476
0.001423
0.000504
0.000745
0.000615
-0.000498
-0.001183
-0.001025
-0.001114
-0.001654
-0.001631
-0.000720
-0.000135
-0.000874
-0.001857
-0.001613
-0.000934
-0.001244
-0.001821
-0.001298
-0.000110
0.000660
0.001124
0.001837
0.002486
0.002468
0.002076
0.002131
0.002620
0.002531
0.001421
0.000500
0.000923
0.001559
0.000680
-0.000962
-0.001601
-0.001471
-0.001568
-0.001890
-0.002446
-0.003157
-0.003306
-0.002969
-0.002607
-0.001769
-0.000928
-0.001153
-0.001046
0.000675
0.001952
0.001745
0.001955
0.002766
0.002995
0.003285
0.003681
0.002926
0.001733
0.001289
0.000952
0.000623
0.000664
-0.000045
-0.001538
-0.001896
-0.001210
-0.001421
-0.002473
-0.003131
-0.003386
-0.003367
-0.002763
-0.001937
-0.001274
-0.000573
0.000037
0.000386
0.000794
0.001100
0.000802
0.000359
0.000500
0.001062
0.001769
0.002609
0.003209
0.003465
0.003890
0.004233
0.003582
0.002107
0.000645
-0.000702
-0.001942
-0.002713
-0.003183
-0.003720
-0.004062
-0.004020
-0.003782
-0.003223
-0.002390
-0.001866
-0.001568
-0.000753
0.000469
0.001383
0.001951
0.002500
0.003113
0.003790
0.004273
0.004121
0.003409
0.002513
0.001515
0.000503
-0.000392
-0.001372
-0.002413
-0.002975
-0.003014
-0.003109
-0.003293
-0.003122
-0.002595
-0.001952
-0.001225
-0.000498
0.000142
0.000808
0.001518
0.002164
0.002778
0.003304
0.003493
0.003356
0.003088
0.002561
0.001585
0.000399
-0.000653
-0.001520
-0.002238
-0.002749
-0.002982
-0.002912
-0.002671
-0.002485
-0.002286
-0.001804
-0.001183
-0.000760
-0.000385
0.000266
0.001067
0.001749
0.002297
0.002732
0.002945
0.002884
0.002648
0.002325
0.001777
0.000814
-0.000307
-0.000997
-0.001181
-0.001342
-0.001649
-0.001800
-0.001658
-0.001433
-0.001301
-0.001246
-0.001177
-0.001046
-0.000878
-0.000609
-0.000120
0.000462
0.000900
0.001277
0.001736
0.002050
0.001952
0.001499
0.000909
0.000389
0.000005
-0.000383
-0.000819
-0.001140
-0.001281
-0.001242
-0.000954
-0.000560
-0.000370
-0.000370
-0.000319
-0.000218
-0.000176
-0.000126
0.000019
0.000238
0.000537
0.000911
0.001267
0.001523
0.001619
0.001471
0.001101
0.000639
0.000115
-0.000504
-0.001187
-0.001744
-0.001776
-0.001219
-0.000764
-0.000819
-0.000785
-0.000224
0.000331
0.000285
-0.000263
-0.000732
-0.000676
-0.000343
-0.000199
-0.000136
-0.000005
0.000186
0.000924
0.002137
0.002607
0.002199
0.001995
0.001894
0.001187
0.000137
-0.000884
-0.001655
-0.001824
-0.001686
-0.001596
-0.001250
-0.000800
-0.000736
-0.000827
-0.000787
-0.000691
-0.000587
-0.000602
-0.000511
0.000137
0.000834
0.001059
0.001443
0.002058
0.002084
0.001662
0.001295
0.000781
0.000201
-0.000273
-0.000866
-0.001270
-0.001202
-0.001186
-0.001278
-0.001088
-0.000828
-0.000570
-0.000187
-0.000077
-0.000184
-0.000017
0.000204
0.000282
0.000389
0.000326
0.000260
0.000681
0.001174
0.001344
0.001530
0.001478
0.000733
-0.000115
-0.000447
-0.000536
-0.000879
-0.001508
-0.001746
-0.001108
-0.000454
-0.000629
-0.000926
-0.000576
-0.000023
0.000172
0.000039
-0.000025
0.000378
0.000878
0.000777
0.000523
0.000862
0.001225
0.001053
0.000982
0.001278
0.001205
0.000423
-0.000562
-0.001037
-0.000787
-0.000546
-0.000921
-0.001119
-0.000557
-0.000230
-0.000591
-0.000734
-0.000572
-0.000711
-0.000911
-0.000788
-0.000358
0.000206
0.000324
0.000049
0.000343
0.000849
0.000488
0.000048
0.000508
0.000962
0.000729
0.000462
0.000540
0.000749
0.000834
0.000577
0.000308
0.000546
0.000809
0.000409
-0.000170
-0.000331
-0.000473
-0.000905
-0.001210
-0.001176
-0.001121
-0.001323
-0.001572
-0.001252
-0.000349
0.000098
-0.000268
-0.000302
0.000395
0.000673
0.000220
0.000013
0.000255
0.000406
0.000527
0.000956
0.001618
0.002119
0.002053
0.001558
0.001299
0.001237
0.000544
-0.000679
-0.001378
-0.001420
-0.001534
-0.001833
-0.001959
-0.001769
-0.001368
-0.001186
-0.001346
-0.001163
-0.000475
-0.000053
0.000078
0.000496
0.000934
0.001018
0.001132
0.001542
0.002000
0.002100
0.001629
0.001137
0.001245
0.001323
0.000556
-0.000460
-0.000811
-0.000698
-0.000752
-0.001103
-0.001529
-0.001776
-0.001743
-0.001544
-0.001283
-0.000966
-0.000721
-0.000652
-0.000418
0.000294
0.000988
0.001127
0.001076
0.001286
0.001633
0.001948
0.001991
0.001523
0.000950
0.000648
0.000291
-0.000150
-0.000438
-0.000916
-0.001604
-0.001837
-0.001604
-0.001484
-0.001605
-0.001750
-0.001603
-0.000938
-0.000221
-0.000050
-0.000122
0.000153
0.000688
0.001056
0.001121
0.001124
0.001302
0.001558
0.001810
0.002105
0.002129
0.001577
0.000871
0.000483
0.000216
-0.000268
-0.000947
-0.001468
-0.001552
-0.001528
-0.001774
-0.001918
-0.001658
-0.001316
-0.001035
-0.000783
-0.000722
-0.000738
-0.000558
-0.000195
0.000289
0.000772
0.001071
0.001347
0.001725
0.001875
0.001641
0.001225
0.000790
0.000540
0.000542
0.000471
0.000091
-0.000410
-0.000630
-0.000348
0.000029
-0.000070
-0.000479
-0.000683
-0.000622
-0.000571
-0.000799
-0.001258
-0.001495
-0.001306
-0.000959
-0.000521
0.000049
0.000461
0.000613
0.000769
0.000985
0.001093
0.001043
0.000936
0.000914
0.000883
0.000578
0.000147
-0.000010
-0.000036
-0.000271
-0.000461
-0.000348
-0.000331
-0.000661
-0.000944
-0.000918
-0.000789
-0.000708
-0.000624
-0.000435
-0.000093
0.000237
0.000367
0.000433
0.000581
0.000689
0.000715
0.000773
0.000803
0.000635
0.000299
0.000082
0.000194
0.000359
0.000142
-0.000302
-0.000446
-0.000231
-0.000079
-0.000197
-0.000350
-0.000384
-0.000487
-0.000703
-0.000770
-0.000678
-0.000687
-0.000743
-0.000518
0.000039
0.000573
0.000752
0.000624
0.000519
0.000618
0.000678
0.000453
0.000216
0.000298
0.000466
0.000412
0.000261
0.000199
0.000121
-0.000152
-0.000540
-0.000691
-0.000514
-0.000422
-0.000611
-0.000717
-0.000540
-0.000351
-0.000338
-0.000294
0.000014
0.000439
0.000677
0.000728
0.000784
0.000781
0.000452
-0.000116
-0.000460
-0.000445
-0.000391
-0.000419
-0.000291
0.000072
0.000403
0.000489
0.000485
0.000614
0.000695
0.000422
-0.000041
-0.000349
-0.000534
-0.000677
-0.000603
-0.000302
0.000044
0.000342
0.000470
0.000347
0.000126
-0.000123
-0.000515
-0.000921
-0.001022
-0.000874
-0.000818
-0.000780
-0.000371
0.000299
0.000709
0.000744
0.000768
0.000986
0.001145
0.000956
0.000588
0.000350
0.000167
-0.000099
-0.000222
-0.000049
0.000139
0.000123
0.000043
-0.000016
-0.000148
-0.000329
-0.000498
-0.000722
-0.000988
-0.001109
-0.000992
-0.000689
-0.000307
-0.000010
0.000144
0.000322
0.000649
0.000973
0.001041
0.000777
0.000382
0.000183
0.000218
0.000194
0.000019
-0.000083
-0.000058
-0.000054
-0.000028
0.000150
0.000298
0.000144
-0.000188
-0.000363
-0.000346
-0.000396
-0.000612
-0.000822
-0.000914
-0.000893
-0.000680
-0.000309
-0.000044
0.000054
0.000254
0.000693
0.001135
0.001262
0.001095
0.000938
0.000837
0.000565
0.000157
-0.000163
-0.000398
-0.000588
-0.000557
-0.000194
0.000246
0.000354
0.000064
-0.000283
-0.000446
-0.000557
-0.000769
-0.000930
-0.000846
-0.000707
-0.000773
-0.000798
-0.000398
0.000213
0.000526
0.000536
0.000650
0.000947
0.001061
0.000824
0.000592
0.000651
0.000768
0.000702
0.000611
0.000614
0.000512
0.000191
-0.000181
-0.000474
-0.000690
-0.000830
-0.000947
-0.001103
-0.001251
-0.001302
-0.001206
-0.000936
-0.000529
-0.000125
0.000151
0.000290
0.000311
0.000220
0.000123
0.000187
0.000399
0.000604
0.000771
0.001014
0.001333
0.001540
0.001525
0.001416
0.001263
0.000853
0.000119
-0.000611
-0.001086
-0.001417
-0.001725
-0.001879
-0.001709
-0.001306
-0.000988
-0.000955
-0.001051
-0.000978
-0.000662
-0.000240
0.000191
0.000609
0.000938
0.001147
0.001354
0.001676
0.002013
0.002076
0.001736
0.001199
0.000723
0.000338
-0.000040
-0.000365
-0.000518
-0.000539
-0.000644
-0.000924
-0.001147
-0.001151
-0.001156
-0.001276
-0.001322
-0.001241
-0.001124
-0.000940
-0.000639
-0.000248
0.000192
0.000628
0.001000
0.001203
0.001133
0.000929
0.000876
0.000975
0.000955
0.000758
0.000584
0.000491
0.000337
0.000103
-0.000086
-0.000203
-0.000330
-0.000516
-0.000684
-0.000710
-0.000623
-0.000590
-0.000612
-0.000516
-0.000281
-0.000071
0.000060
0.000178
0.000214
0.000056
-0.000167
-0.000214
-0.000076
0.000050
0.000068
0.000085
0.000186
0.000298
0.000374
0.000463
0.000532
0.000424
0.000141
-0.000069
-0.000070
-0.000029
-0.000118
-0.000306
-0.000433
-0.000345
-0.000062
0.000196
0.000275
0.000267
0.000268
0.000150
-0.000183
-0.000519
-0.000615
-0.000512
-0.000325
-0.000045
0.000288
0.000511
0.000499
0.000323
0.000195
0.000182
0.000114
-0.000095
-0.000315
-0.000424
-0.000395
-0.000239
-0.000017
0.000178
0.000286
0.000309
0.000292
0.000247
0.000145
-0.000019
-0.000190
-0.000274
-0.000257
-0.000184
-0.000032
0.000164
0.000244
0.000180
0.000124
0.000085
-0.000131
-0.000529
-0.000795
-0.000711
-0.000436
-0.000243
-0.000189
-0.000074
0.000275
0.000673
0.000753
0.000493
0.000235
0.000198
0.000257
0.000255
0.000270
0.000358
0.000362
0.000257
0.000295
0.000535
0.000648
0.000392
-0.000069
-0.000480
-0.000773
-0.000959
-0.001070
-0.001143
-0.001132
-0.000980
-0.000705
-0.000357
-0.000018
0.000202
0.000281
0.000301
0.000344
0.000469
0.000653
0.000722
0.000564
0.000394
0.000495
0.000783
0.000923
0.000814
0.000665
0.000572
0.000337
-0.000124
-0.000578
-0.000877
-0.001158
-0.001458
-0.001532
-0.001250
-0.000842
-0.000595
-0.000515
-0.000398
-0.000098
0.000316
0.000618
0.000687
0.000691
0.000846
0.001066
0.001151
0.001133
0.001110
0.001003
0.000700
0.000288
-0.000000
-0.000090
-0.000198
-0.000550
-0.001030
-0.001267
-0.001113
-0.000845
-0.000751
-0.000746
-0.000626
-0.000407
-0.000189
-0.000004
0.000081
-0.000037
-0.000299
-0.000417
-0.000169
0.000307
0.000750
0.001105
0.001325
0.001259
0.000995
0.000806
0.000682
0.000399
-0.000028
-0.000350
-0.000430
-0.000384
-0.000379
-0.000406
-0.000377
-0.000321
-0.000313
-0.000345
-0.000411
-0.000521
-0.000561
-0.000402
-0.000141
0.000023
0.000082
0.000174
0.000326
0.000397
0.000270
0.000000
-0.000261
-0.000444
-0.000561
-0.000570
-0.000383
-0.000047
0.000232
0.000386
0.000576
0.000842
0.000971
0.000857
0.000695
0.000614
0.000488
0.000240
-0.000007
-0.000172
-0.000282
-0.000343
-0.000354
-0.000415
-0.000567
-0.000680
-0.000681
-0.000679
-0.000739
-0.000782
-0.000734
-0.000613
-0.000455
-0.000234
0.000114
0.000528
0.000840
0.000954
0.000935
0.000938
0.001002
0.000982
0.000802
0.000600
0.000498
0.000424
0.000302
0.000160
-0.000068
-0.000472
-0.000898
-0.001150
-0.001223
-0.001159
-0.001032
-0.000985
-0.000990
-0.000850
-0.000547
-0.000226
0.000125
0.000550
0.000867
0.000908
0.000791
0.000739
0.000807
0.000849
0.000710
0.000490
0.000429
0.000526
0.000565
0.000450
0.000224
-0.000087
-0.000436
-0.000723
-0.000900
-0.000967
-0.000967
-0.000961
-0.000905
-0.000713
-0.000476
-0.000327
-0.000211
-0.000024
0.000194
0.000401
0.000616
0.000812
0.000904
0.000845
0.000706
0.000556
0.000362
0.000156
0.000103
0.000224
0.000285
0.000122
-0.000161
-0.000395
-0.000528
-0.000545
-0.000449
-0.000341
-0.000320
-0.000334
-0.000279
-0.000191
-0.000150
-0.000119
-0.000058
-0.000027
-0.000059
-0.000073
-0.000009
0.000060
0.000042
-0.000048
-0.000118
-0.000099
0.000029
0.000212
0.000357
0.000441
0.000538
0.000678
0.000774
0.000740
0.000578
0.000353
0.000146
-0.000027
-0.000244
-0.000506
-0.000663
-0.000626
-0.000521
-0.000553
-0.000736
-0.000810
-0.000585
-0.000265
-0.000166
-0.000269
-0.000357
-0.000331
-0.000167
0.000125
0.000405
0.000536
0.000601
0.000729
0.000856
0.000900
0.000926
0.000920
0.000730
0.000401
0.000193
0.000161
0.000074
-0.000220
-0.000585
-0.000805
-0.000852
-0.000859
-0.000889
-0.000864
-0.000739
-0.000561
-0.000382
-0.000248
-0.000195
-0.000152
-0.000007
0.000237
0.000481
0.000661
0.000779
0.000829
0.000785
0.000667
0.000517
0.000346
0.000163
0.000007
-0.000080
-0.000093
-0.000081
-0.000094
-0.000154
-0.000218
-0.000201
-0.000129
-0.000152
-0.000304
-0.000465
-0.000529
-0.000483
-0.000424
-0.000436
-0.000440
-0.000266
0.000112
0.000477
0.000589
0.000474
0.000335
0.000243
0.000132
-0.000037
-0.000253
-0.000420
-0.000361
-0.000089
0.000163
0.000282
0.000363
0.000424
0.000405
0.000378
0.000390
0.000264
-0.000076
-0.000315
-0.000176
0.000112
0.000208
0.000175
0.000204
0.000261
0.000205
-0.000032
-0.000406
-0.000745
-0.000920
-0.000949
-0.000838
-0.000584
-0.000297
-0.000065
0.000119
0.000277
0.000408
0.000480
0.000457
0.000381
0.000320
0.000263
0.000187
0.000137
0.000157
0.000231
0.000307
0.000347
0.000367
0.000331
0.000150
-0.000105
-0.000239
-0.000223
-0.000236
-0.000394
-0.000557
-0.000566
-0.000515
-0.000528
-0.000516
-0.000349
-0.000068
0.000177
0.000304
0.000362
0.000406
0.000419
0.000408
0.000441
0.000484
0.000403
0.000227
0.000108
0.000029
-0.000125
-0.000290
-0.000338
-0.000358
-0.000485
-0.000588
-0.000458
-0.000166
0.000037
0.000070
0.000061
0.000084
0.000071
-0.000019
-0.000102
-0.000052
0.000198
0.000525
0.000662
0.000544
0.000375
0.000278
0.000192
0.000053
-0.000143
-0.000364
-0.000568
-0.000673
-0.000584
-0.000364
-0.000205
-0.000120
0.000061
0.000310
0.000351
0.000115
-0.000103
-0.000148
-0.000163
-0.000135
0.000065
0.000322
0.000455
0.000474
0.000488
0.000564
0.000617
0.000465
0.000120
-0.000202
-0.000391
-0.000543
-0.000732
-0.000808
-0.000625
-0.000361
-0.000302
-0.000402
-0.000419
-0.000305
-0.000158
-0.000029
0.000081
0.000216
0.000362
0.000416
0.000379
0.000396
0.000562
0.000806
0.000948
0.000849
0.000566
0.000289
0.000053
-0.000274
-0.000626
-0.000740
-0.000616
-0.000527
-0.000505
-0.000369
-0.000202
-0.000201
-0.000241
-0.000155
-0.000094
-0.000167
-0.000219
-0.000193
-0.000174
-0.000087
0.000193
0.000546
0.000752
0.000777
0.000724
0.000676
0.000670
0.000624
0.000366
-0.000113
-0.000592
-0.000855
-0.000874
-0.000786
-0.000715
-0.000611
-0.000374
-0.000119
-0.000034
-0.000032
0.000052
0.000093
-0.000018
-0.000054
0.000128
0.000319
0.000337
0.000275
0.000305
0.000449
0.000607
0.000706
0.000697
0.000513
0.000214
-0.000002
-0.000026
0.000017
-0.000079
-0.000339
-0.000563
-0.000591
-0.000492
-0.000418
-0.000424
-0.000474
-0.000561
-0.000672
-0.000662
-0.000406
-0.000081
0.000049
0.000053
0.000197
0.000525
0.000795
0.000808
0.000619
0.000405
0.000293
0.000328
0.000419
0.000344
0.000051
-0.000227
-0.000324
-0.000303
-0.000235
-0.000148
-0.000127
-0.000193
-0.000198
-0.000059
0.000095
0.000145
0.000094
-0.000039
-0.000196
-0.000271
-0.000286
-0.000335
-0.000351
-0.000211
0.000044
0.000275
0.000389
0.000366
0.000282
0.000243
0.000188
-0.000016
-0.000275
-0.000367
-0.000286
-0.000149
0.000009
0.000177
0.000332
0.000474
0.000568
0.000564
0.000509
0.000420
0.000206
-0.000145
-0.000490
-0.000703
-0.000760
-0.000757
-0.000853
-0.001017
-0.000984
-0.000595
-0.000014
0.000426
0.000523
0.000411
0.000372
0.000482
0.000579
0.000528
0.000390
0.000325
0.000349
0.000364
0.000434
0.000647
0.000781
0.000557
0.000087
-0.000289
-0.000485
-0.000637
-0.000769
-0.000831
-0.000862
-0.000860
-0.000737
-0.000487
-0.000222
-0.000061
-0.000020
0.000022
0.000210
0.000497
0.000662
0.000613
0.000505
0.000508
0.000609
0.000693
0.000676
0.000547
0.000367
0.000196
-0.000008
-0.000327
-0.000726
-0.001043
-0.001134
-0.000989
-0.000783
-0.000716
-0.000722
-0.000534
-0.000126
0.000230
0.000376
0.000436
0.000561
0.000712
0.000736
0.000620
0.000553
0.000620
0.000637
0.000450
0.000151
-0.000064
-0.000135
-0.000177
-0.000284
-0.000372
-0.000339
-0.000257
-0.000251
-0.000289
-0.000258
-0.000146
-0.000075
-0.000107
-0.000139
-0.000097
-0.000037
-0.000001
-0.000029
-0.000172
-0.000326
-0.000295
-0.000073
0.000166
0.000273
0.000279
0.000346
0.000462
0.000384
0.000071
-0.000171
-0.000172
-0.000091
-0.000045
0.000005
0.000042
0.000029
0.000045
0.000159
0.000279
0.000283
0.000186
0.000112
0.000103
0.000047
-0.000088
-0.000150
-0.000097
-0.000088
-0.000179
-0.000234
-0.000181
-0.000132
-0.000229
-0.000427
-0.000506
-0.000396
-0.000277
-0.000238
-0.000156
0.000024
0.000201
0.000332
0.000479
0.000609
0.000584
0.000429
0.000379
0.000504
0.000535
0.000273
-0.000089
-0.000291
-0.000368
-0.000428
-0.000422
-0.000311
-0.000216
-0.000269
-0.000410
-0.000410
-0.000204
-0.000059
-0.000156
-0.000250
-0.000125
0.000024
0.000004
-0.000011
0.000174
0.000437
0.000585
0.000625
0.000641
0.000645
0.000591
0.000454
0.000284
0.000140
-0.000007
-0.000186
-0.000349
-0.000471
-0.000599
-0.000724
-0.000734
-0.000632
-0.000579
-0.000591
-0.000456
-0.000133
0.000088
0.000037
-0.000042
0.000105
0.000371
0.000512
0.000522
0.000585
0.000762
0.000884
0.000802
0.000603
0.000447
0.000290
-0.000003
-0.000389
-0.000700
-0.000851
-0.000855
-0.000748
-0.000602
-0.000509
-0.000439
-0.000296
-0.000105
-0.000008
-0.000054
-0.000066
0.000103
0.000302
0.000356
0.000374
0.000493
0.000600
0.000593
0.000592
0.000644
0.000625
0.000479
0.000260
-0.000007
-0.000275
-0.000473
-0.000601
-0.000673
-0.000627
-0.000456
-0.000301
-0.000306
-0.000466
-0.000599
-0.000517
-0.000285
-0.000142
-0.000084
0.000126
0.000450
0.000614
0.000610
0.000592
0.000528
0.000394
0.000319
0.000310
0.000216
0.000037
-0.000050
0.000015
0.000047
-0.000084
-0.000208
-0.000123
0.000032
-0.000028
-0.000263
-0.000390
-0.000383
-0.000454
-0.000587
-0.000575
-0.000403
-0.000226
-0.000110
0.000016
0.000247
0.000588
0.000846
0.000771
0.000451
0.000257
0.000250
0.000145
-0.000112
-0.000266
-0.000202
-0.000068
-0.000008
-0.000047
-0.000111
-0.000075
0.000065
0.000143
0.000038
-0.000189
-0.000388
-0.000458
-0.000426
-0.000365
-0.000276
-0.000159
-0.000057
0.000021
0.000110
0.000259
0.000488
0.000685
0.000691
0.000541
0.000406
0.000332
0.000221
0.000040
-0.000123
-0.000244
-0.000429
-0.000655
-0.000749
-0.000674
-0.000532
-0.000343
-0.000095
0.000119
0.000206
0.000243
0.000346
0.000439
0.000360
0.000121
-0.000116
-0.000264
-0.000346
-0.000317
-0.000095
0.000209
0.000384
0.000405
0.000365
0.000278
0.000131
0.000006
0.000009
0.000096
0.000110
0.000012
-0.000060
0.000008
0.000136
0.000175
0.000095
-0.000043
-0.000237
-0.000520
-0.000775
-0.000773
-0.000520
-0.000262
-0.000118
-0.000023
0.000090
0.000240
0.000352
0.000363
0.000366
0.000431
0.000417
0.000229
0.000034
0.000042
0.000191
0.000249
0.000172
0.000155
0.000280
0.000360
0.000222
-0.000078
-0.000369
-0.000565
-0.000695
-0.000784
-0.000802
-0.000719
-0.000501
-0.000178
0.000061
0.000100
0.000124
0.000317
0.000534
0.000545
0.000400
0.000299
0.000271
0.000205
0.000088
0.000029
0.000076
0.000153
0.000184
0.000193
0.000211
0.000208
0.000108
-0.000166
-0.000538
-0.000760
-0.000700
-0.000477
-0.000235
-0.000031
0.000101
0.000151
0.000170
0.000230
0.000335
0.000420
0.000390
0.000192
-0.000055
-0.000154
-0.000081
-0.000000
-0.000032
-0.000152
-0.000251
-0.000213
-0.000053
0.000066
0.000056
0.000003
-0.000018
-0.000059
-0.000167
-0.000249
-0.000175
0.000068
0.000361
0.000530
0.000489
0.000309
0.000122
-0.000026
-0.000171
-0.000292
-0.000306
-0.000214
-0.000116
-0.000105
-0.000175
-0.000229
-0.000205
-0.000138
-0.000093
-0.000078
-0.000054
-0.000036
-0.000044
-0.000004
0.000131
0.000281
0.000368
0.000392
0.000385
0.000369
0.000365
0.000373
0.000300
0.000070
-0.000180
-0.000247
-0.000203
-0.000274
-0.000442
-0.000480
-0.000314
-0.000135
-0.000160
-0.000342
-0.000383
-0.000137
0.000120
0.000106
0.000034
0.000233
0.000513
0.000477
0.000206
0.000092
0.000212
0.000291
0.000173
0.000007
-0.000044
-0.000003
0.000012
-0.000069
-0.000211
-0.000266
-0.000168
-0.000094
-0.000240
-0.000496
-0.000589
-0.000468
-0.000333
-0.000300
-0.000246
-0.000031
0.000305
0.000608
0.000766
0.000776
0.000723
0.000655
0.000536
0.000409
0.000441
0.000562
0.000414
-0.000061
-0.000494
-0.000685
-0.000799
-0.000950
-0.001007
-0.000870
-0.000674
-0.000547
-0.000415
-0.000226
-0.000082
-0.000012
0.000144
0.000438
0.000653
0.000632
0.000540
0.000592
0.000729
0.000758
0.000629
0.000425
0.000223
0.000043
-0.000154
-0.000331
-0.000338
-0.000168
-0.000096
-0.000316
-0.000598
-0.000620
-0.000490
-0.000526
-0.000675
-0.000594
-0.000198
0.000223
0.000413
0.000399
0.000351
0.000390
0.000446
0.000342
0.000101
-0.000059
-0.000043
0.000042
0.000079
0.000075
0.000071
0.000021
-0.000112
-0.000219
-0.000145
0.000089
0.000267
0.000211
0.000018
-0.000063
0.000042
0.000177
0.000167
-0.000008
-0.000190
-0.000237
-0.000174
-0.000114
-0.000144
-0.000214
-0.000180
-0.000084
-0.000121
-0.000214
-0.000107
0.000144
0.000247
0.000116
-0.000037
0.000019
0.000268
0.000442
0.000317
0.000056
-0.000006
0.000088
0.000058
-0.000116
-0.000250
-0.000249
-0.000151
-0.000116
-0.000207
-0.000241
-0.000069
0.000192
0.000279
0.000136
0.000023
0.000111
0.000198
0.000048
-0.000206
-0.000284
-0.000137
0.000075
0.000195
0.000187
0.000122
0.000085
0.000076
0.000018
-0.000084
-0.000135
-0.000119
-0.000129
-0.000221
-0.000334
-0.000370
-0.000286
-0.000127
0.000000
0.000101
0.000294
0.000505
0.000494
0.000272
0.000086
0.000012
-0.000074
-0.000212
-0.000314
-0.000281
-0.000077
0.000205
0.000385
0.000448
0.000550
0.000679
0.000614
0.000309
-0.000012
-0.000225
-0.000446
-0.000724
-0.000897
-0.000841
-0.000614
-0.000381
-0.000274
-0.000264
-0.000220
-0.000076
0.000121
0.000273
0.000280
0.000154
0.000077
0.000178
0.000334
0.000402
0.000422
0.000485
0.000581
0.000604
0.000479
0.000275
0.000136
0.000089
0.000003
-0.000218
-0.000464
-0.000552
-0.000517
-0.000553
-0.000661
-0.000619
-0.000361
-0.000123
-0.000099
-0.000161
-0.000130
-0.000084
-0.000132
-0.000142
0.000047
0.000389
0.000706
0.000854
0.000830
0.000746
0.000610
0.000333
-0.000001
-0.000211
-0.000294
-0.000344
-0.000372
-0.000345
-0.000263
-0.000151
-0.000088
-0.000188
-0.000427
-0.000522
-0.000309
-0.000085
-0.000147
-0.000307
-0.000258
-0.000026
0.000225
0.000477
0.000742
0.000874
0.000746
0.000522
0.000398
0.000239
-0.000118
-0.000474
-0.000556
-0.000413
-0.000268
-0.000209
-0.000200
-0.000227
-0.000279
-0.000285
-0.000193
-0.000078
-0.000051
-0.000087
-0.000069
0.000048
0.000213
0.000352
0.000435
0.000502
0.000583
0.000625
0.000512
0.000236
-0.000048
-0.000232
-0.000381
-0.000555
-0.000652
-0.000549
-0.000308
-0.000106
-0.000044
-0.000086
-0.000087
0.000008
0.000019
-0.000162
-0.000308
-0.000198
0.000031
0.000133
0.000127
0.000196
0.000409
0.000649
0.000725
0.000574
0.000357
0.000194
0.000019
-0.000189
-0.000351
-0.000447
-0.000504
-0.000477
-0.000303
-0.000112
-0.000090
-0.000139
-0.000037
0.000154
0.000220
0.000190
0.000249
0.000356
0.000312
0.000118
-0.000065
-0.000176
-0.000216
-0.000190
-0.000175
-0.000187
-0.000118
0.000012
0.000044
-0.000060
-0.000157
-0.000125
-0.000057
-0.000132
-0.000283
-0.000229
0.000043
0.000191
0.000074
-0.000039
0.000075
0.000302
0.000416
0.000366
0.000307
0.000384
0.000526
0.000521
0.000283
-0.000011
-0.000124
-0.000088
-0.000122
-0.000295
-0.000466
-0.000505
-0.000450
-0.000415
-0.000415
-0.000377
-0.000307
-0.000321
-0.000407
-0.000339
0.000000
0.000366
0.000461
0.000335
0.000275
0.000398
0.000539
0.000528
0.000397
0.000258
0.000158
0.000137
0.000188
0.000182
0.000046
-0.000101
-0.000148
-0.000169
-0.000259
-0.000348
-0.000372
-0.000447
-0.000615
-0.000673
-0.000473
-0.000149
0.000087
0.000185
0.000221
0.000265
0.000306
0.000303
0.000263
0.000250
0.000296
0.000325
0.000202
-0.000075
-0.000270
-0.000188
0.000009
0.000057
0.000004
0.000040
0.000116
0.000076
-0.000030
-0.000090
-0.000142
-0.000232
-0.000242
-0.000069
0.000156
0.000219
0.000117
0.000024
0.000031
0.000083
0.000105
0.000055
-0.000083
-0.000242
-0.000326
-0.000334
-0.000267
-0.000097
0.000085
0.000120
0.000022
-0.000050
-0.000049
-0.000074
-0.000152
-0.000159
-0.000015
0.000165
0.000239
0.000283
0.000414
0.000529
0.000513
0.000438
0.000399
0.000361
0.000239
0.000020
-0.000207
-0.000365
-0.000485
-0.000590
-0.000613
-0.000512
-0.000358
-0.000238
-0.000159
-0.000099
-0.000072
-0.000081
-0.000098
-0.000117
-0.000106
-0.000027
0.000052
0.000056
0.000060
0.000173
0.000343
0.000408
0.000334
0.000255
0.000259
0.000251
0.000164
0.000127
0.000216
0.000294
0.000250
0.000165
0.000125
0.000058
-0.000106
-0.000300
-0.000426
-0.000465
-0.000465
-0.000478
-0.000489
-0.000427
-0.000277
-0.000120
-0.000025
0.000055
0.000185
0.000305
0.000327
0.000284
0.000236
0.000165
0.000078
0.000064
0.000136
0.000180
0.000148
0.000114
0.000124
0.000110
-0.000013
-0.000156
-0.000157
-0.000039
0.000034
-0.000008
-0.000127
-0.000244
-0.000260
-0.000146
-0.000033
-0.000045
-0.000128
-0.000142
-0.000080
-0.000065
-0.000112
-0.000082
0.000064
0.000202
0.000264
0.000282
0.000292
0.000285
0.000172
-0.000042
-0.000165
-0.000141
-0.000125
-0.000150
-0.000094
0.000043
0.000109
0.000053
0.000010
0.000045
0.000013
-0.000170
-0.000362
-0.000382
-0.000218
-0.000002
0.000151
0.000251
0.000351
0.000407
0.000305
0.000087
-0.000020
0.000056
0.000097
-0.000023
-0.000131
-0.000078
0.000033
0.000028
-0.000094
-0.000191
-0.000195
-0.000144
-0.000064
-0.000012
-0.000060
-0.000164
-0.000221
-0.000198
-0.000127
-0.000038
0.000062
0.000176
0.000299
0.000366
0.000318
0.000225
0.000145
0.000017
-0.000157
-0.000253
-0.000227
-0.000194
-0.000228
-0.000206
-0.000028
0.000156
0.000220
0.000248
0.000259
0.000192
0.000114
0.000080
0.000008
-0.000118
-0.000185
-0.000116
0.000053
0.000172
0.000082
-0.000168
-0.000322
-0.000265
-0.000171
-0.000224
-0.000354
-0.000357
-0.000199
-0.000053
0.000011
0.000157
0.000427
0.000557
0.000372
0.000092
0.000020
0.000140
0.000224
0.000179
0.000111
0.000138
0.000220
0.000213
0.000093
0.000014
0.000060
0.000114
0.000036
-0.000143
-0.000278
-0.000347
-0.000447
-0.000575
-0.000654
-0.000631
-0.000468
-0.000223
-0.000035
0.000070
0.000155
0.000202
0.000200
0.000257
0.000383
0.000388
0.000225
0.000123
0.000197
0.000271
0.000247
0.000224
0.000245
0.000238
0.000182
0.000127
0.000106
0.000065
-0.000072
-0.000256
-0.000357
-0.000357
-0.000345
-0.000362
-0.000339
-0.000222
-0.000074
0.000010
0.000024
0.000013
0.000027
0.000099
0.000138
-0.000002
-0.000212
-0.000220
-0.000068
-0.000006
0.000024
0.000209
0.000419
0.000406
0.000192
0.000019
0.000011
0.000025
-0.000080
-0.000189
-0.000150
-0.000043
0.000027
0.000098
0.000173
0.000183
0.000161
0.000179
0.000177
0.000025
-0.000263
-0.000496
-0.000516
-0.000373
-0.000186
0.000014
0.000165
0.000162
0.000021
-0.000126
-0.000157
-0.000077
-0.000036
-0.000086
-0.000055
0.000114
0.000224
0.000175
0.000095
0.000144
0.000333
0.000482
0.000423
0.000222
0.000059
0.000031
0.000126
0.000193
0.000057
-0.000224
-0.000403
-0.000434
-0.000475
-0.000537
-0.000461
-0.000233
-0.000022
0.000079
0.000136
0.000190
0.000203
0.000166
0.000131
0.000107
0.000023
-0.000091
-0.000100
0.000016
0.000164
0.000269
0.000269
0.000150
0.000001
-0.000084
-0.000113
-0.000137
-0.000186
-0.000265
-0.000306
-0.000209
-0.000009
0.000142
0.000181
0.000164
0.000113
0.000021
-0.000036
0.000032
0.000167
0.000217
0.000135
0.000042
0.000041
0.000082
0.000070
-0.000005
-0.000092
-0.000138
-0.000134
-0.000109
-0.000076
-0.000063
-0.000118
-0.000184
-0.000168
-0.000130
-0.000177
-0.000224
-0.000130
0.000055
0.000193
0.000254
0.000233
0.000096
-0.000043
-0.000027
0.000087
0.000167
0.000213
0.000265
0.000311
0.000332
0.000296
0.000162
-0.000036
-0.000196
-0.000249
-0.000239
-0.000245
-0.000227
-0.000144
-0.000117
-0.000218
-0.000294
-0.000262
-0.000251
-0.000301
-0.000292
-0.000203
-0.000123
-0.000054
0.000093
0.000306
0.000470
0.000559
0.000608
0.000584
0.000477
0.000338
0.000181
0.000035
-0.000046
-0.000089
-0.000182
-0.000322
-0.000371
-0.000261
-0.000141
-0.000178
-0.000296
-0.000310
-0.000230
-0.000192
-0.000183
-0.000114
0.000017
0.000182
0.000320
0.000337
0.000231
0.000123
0.000100
0.000105
0.000037
-0.000070
-0.000086
0.000003
0.000079
0.000102
0.000142
0.000193
0.000138
-0.000076
-0.000300
-0.000332
-0.000181
-0.000052
-0.000053
-0.000034
0.000139
0.000309
0.000231
-0.000004
-0.000082
0.000058
0.000178
0.000112
-0.000050
-0.000140
-0.000135
-0.000132
-0.000169
-0.000212
-0.000268
-0.000343
-0.000383
-0.000314
-0.000161
-0.000061
-0.000043
0.000052
0.000283
0.000468
0.000454
0.000324
0.000217
0.000159
0.000170
0.000311
0.000497
0.000509
0.000296
0.000084
0.000015
-0.000082
-0.000323
-0.000508
-0.000502
-0.000443
-0.000422
-0.000358
-0.000219
-0.000059
0.000033
-0.000044
-0.000240
-0.000304
-0.000133
0.000048
0.000036
-0.000039
0.000109
0.000486
0.000720
0.000582
0.000316
0.000212
0.000265
0.000369
0.000427
0.000291
-0.000034
-0.000296
-0.000363
-0.000402
-0.000536
-0.000659
-0.000641
-0.000462
-0.000214
-0.000077
-0.000123
-0.000182
-0.000115
-0.000005
0.000046
0.000086
0.000178
0.000316
0.000457
0.000534
0.000537
0.000540
0.000522
0.000350
0.000072
-0.000101
-0.000119
-0.000121
-0.000202
-0.000309
-0.000348
-0.000301
-0.000244
-0.000235
-0.000229
-0.000174
-0.000118
-0.000126
-0.000173
-0.000177
-0.000080
0.000065
0.000125
0.000059
0.000011
0.000122
0.000305
0.000369
0.000304
0.000239
0.000223
0.000161
-0.000021
-0.000198
-0.000208
-0.000109
-0.000031
0.000011
-0.000016
-0.000115
-0.000102
0.000114
0.000307
0.000300
0.000199
0.000112
-0.000015
-0.000193
-0.000324
-0.000363
-0.000353
-0.000295
-0.000170
-0.000047
0.000017
0.000035
-0.000007
-0.000077
-0.000039
0.000109
0.000174
0.000071
-0.000032
0.000025
0.000124
0.000071
-0.000024
0.000063
0.000255
0.000341
0.000313
0.000247
0.000111
-0.000061
-0.000113
-0.000046
-0.000043
-0.000138
-0.000180
-0.000135
-0.000149
-0.000254
-0.000264
-0.000110
0.000005
-0.000023
-0.000034
0.000066
0.000164
0.000146
0.000050
0.000023
0.000167
0.000383
0.000439
0.000232
-0.000025
-0.000089
-0.000082
-0.000258
-0.000511
-0.000554
-0.000388
-0.000228
-0.000133
-0.000031
0.000088
0.000184
0.000215
0.000166
0.000097
0.000093
0.000116
0.000060
-0.000044
-0.000085
-0.000044
0.000038
0.000173
0.000344
0.000385
0.000225
0.000076
0.000052
-0.000020
-0.000235
-0.000400
-0.000338
-0.000177
-0.000108
-0.000079
0.000059
0.000249
0.000269
0.000056
-0.000167
-0.000206
-0.000126
-0.000078
