5760
-0.000223
0.000044
0.000180
0.000239
0.000376
0.000516
0.000465
0.000305
0.000261
0.000297
0.000220
0.000044
-0.000049
-0.000027
-0.000022
-0.000098
-0.000221
-0.000365
-0.000493
-0.000512
-0.000376
-0.000148
0.000050
0.000059
-0.000126
-0.000188
0.000076
0.000362
0.000350
0.000183
0.000122
0.000153
0.000169
0.000201
0.000236
0.000156
0.000018
-0.000024
-0.000050
-0.000191
-0.000301
-0.000213
-0.000068
-0.000045
-0.000100
-0.000150
-0.000201
-0.000253
-0.000283
-0.000256
-0.000138
0.000025
0.000163
0.000264
0.000311
0.000285
0.000181
-0.000006
-0.000117
0.000030
0.000268
0.000311
0.000216
0.000219
0.000256
0.000055
-0.000312
-0.000443
-0.000222
0.000033
0.000105
0.000111
0.000128
0.000056
-0.000099
-0.000201
-0.000223
-0.000218
-0.000146
0.000004
0.000105
0.000090
0.000026
-0.000075
-0.000201
-0.000201
-0.000025
0.000159
0.000228
0.000166
0.000051
0.000055
0.000183
0.000183
-0.000032
-0.000206
-0.000136
0.000054
0.000123
0.000029
-0.000073
-0.000104
-0.000152
-0.000216
-0.000157
-0.000005
0.000089
0.000193
0.000374
0.000376
0.000057
-0.000260
-0.000273
-0.000085
0.000089
0.000153
0.000051
-0.000172
-0.000267
-0.000068
0.000222
0.000279
0.000076
-0.000139
-0.000222
-0.000226
-0.000202
-0.000188
-0.000213
-0.000167
0.000016
0.000179
0.000192
0.000108
0.000022
0.000032
0.000196
0.000397
0.000442
0.000295
0.000049
-0.000159
-0.000224
-0.000211
-0.000243
-0.000273
-0.000165
0.000077
0.000279
0.000312
0.000224
0.000109
0.000019
0.000018
0.000110
0.000141
-0.000041
-0.000347
-0.000515
-0.000407
-0.000135
0.000038
-0.000020
-0.000145
-0.000190
-0.000214
-0.000215
-0.000083
0.000155
0.000304
0.000272
0.000195
0.000189
0.000213
0.000226
0.000201
0.000069
-0.000117
-0.000173
-0.000073
0.000052
0.000208
0.000411
0.000445
0.000191
-0.000112
-0.000242
-0.000260
-0.000312
-0.000424
-0.000492
-0.000438
-0.000305
-0.000181
-0.000100
-0.000017
0.000119
0.000248
0.000313
0.000330
0.000255
0.000086
0.000005
0.000146
0.000350
0.000362
0.000188
0.000039
-0.000001
-0.000041
-0.000164
-0.000308
-0.000369
-0.000287
-0.000108
0.000030
0.000029
-0.000077
-0.000195
-0.000253
-0.000184
0.000024
0.000226
0.000269
0.000208
0.000154
0.000122
0.000107
0.000075
-0.000018
-0.000067
0.000056
0.000210
0.000172
0.000018
-0.000040
-0.000022
-0.000072
-0.000166
-0.000196
-0.000197
-0.000258
-0.000301
-0.000218
-0.000115
-0.000083
0.000028
0.000262
0.000393
0.000391
0.000443
0.000472
0.000282
-0.000026
-0.000261
-0.000389
-0.000427
-0.000390
-0.000286
-0.000108
0.000081
0.000161
0.000086
-0.000028
-0.000002
0.000169
0.000275
0.000171
-0.000010
-0.000042
0.000052
0.000082
0.000010
-0.000050
-0.000049
-0.000040
-0.000080
-0.000155
-0.000213
-0.000198
-0.000058
0.000120
0.000143
0.000033
-0.000000
0.000070
0.000094
0.000016
-0.000065
-0.000039
0.000042
0.000059
0.000041
0.000078
0.000122
0.000095
0.000038
0.000005
-0.000039
-0.000123
-0.000170
-0.000140
-0.000138
-0.000199
-0.000154
0.000105
0.000404
0.000461
0.000240
-0.000005
-0.000080
-0.000077
-0.000141
-0.000211
-0.000116
0.000100
0.000160
-0.000044
-0.000299
-0.000377
-0.000295
-0.000230
-0.000224
-0.000133
0.000063
0.000232
0.000312
0.000330
0.000350
0.000385
0.000334
0.000152
-0.000031
-0.000099
-0.000099
-0.000138
-0.000197
-0.000139
0.000051
0.000198
0.000159
0.000019
-0.000013
0.000080
0.000043
-0.000195
-0.000314
-0.000171
-0.000070
-0.000126
-0.000075
0.000128
0.000188
0.000007
-0.000120
-0.000003
0.000110
-0.000016
-0.000217
-0.000249
-0.000141
-0.000067
-0.000130
-0.000286
-0.000316
-0.000092
0.000182
0.000282
0.000290
0.000386
0.000572
0.000692
0.000579
0.000238
-0.000165
-0.000468
-0.000545
-0.000349
-0.000028
0.000204
0.000259
0.000135
-0.000110
-0.000290
-0.000228
-0.000013
0.000080
-0.000034
-0.000185
-0.000257
-0.000242
-0.000106
0.000115
0.000260
0.000251
0.000189
0.000168
0.000133
0.000004
-0.000127
-0.000135
-0.000083
-0.000108
-0.000179
-0.000171
-0.000094
-0.000025
0.000032
0.000084
0.000135
0.000127
-0.000020
-0.000152
-0.000078
0.000050
0.000025
-0.000056
-0.000034
0.000055
0.000130
0.000196
0.000243
0.000192
0.000071
0.000022
0.000045
0.000022
-0.000042
-0.000076
-0.000093
-0.000127
-0.000189
-0.000210
-0.000111
0.000004
-0.000042
-0.000191
-0.000243
-0.000139
0.000053
0.000221
0.000223
0.000074
-0.000016
0.000022
0.000055
0.000045
0.000052
0.000090
0.000124
0.000092
-0.000006
-0.000090
-0.000139
-0.000189
-0.000204
-0.000123
0.000017
0.000139
0.000245
0.000345
0.000371
0.000288
0.000164
0.000048
-0.000069
-0.000194
-0.000289
-0.000278
-0.000140
0.000009
0.000026
-0.000041
-0.000093
-0.000197
-0.000361
-0.000431
-0.000341
-0.000109
0.000205
0.000434
0.000446
0.000302
0.000124
0.000001
0.000065
0.000328
0.000490
0.000296
-0.000081
-0.000325
-0.000375
-0.000328
-0.000242
-0.000130
-0.000032
-0.000024
-0.000078
-0.000023
0.000153
0.000204
0.000033
-0.000138
-0.000113
0.000059
0.000175
0.000109
-0.000035
-0.000119
-0.000176
-0.000232
-0.000205
-0.000085
0.000004
0.000030
0.000095
0.000190
0.000172
0.000037
-0.000035
0.000041
0.000115
0.000061
-0.000004
0.000080
0.000258
0.000340
0.000252
0.000096
-0.000014
-0.000085
-0.000132
-0.000061
0.000125
0.000195
0.000024
-0.000212
-0.000352
-0.000421
-0.000444
-0.000383
-0.000241
-0.000080
0.000025
0.000074
0.000131
0.000209
0.000246
0.000161
-0.000004
-0.000058
0.000050
0.000150
0.000141
0.000070
0.000012
0.000021
0.000093
0.000147
0.000110
-0.000012
-0.000150
-0.000238
-0.000309
-0.000400
-0.000395
-0.000198
0.000057
0.000209
0.000287
0.000370
0.000441
0.000451
0.000382
0.000252
0.000069
-0.000111
-0.000180
-0.000164
-0.000156
-0.000151
-0.000199
-0.000373
-0.000500
-0.000350
-0.000040
0.000163
0.000266
0.000396
0.000467
0.000294
-0.000071
-0.000351
-0.000356
-0.000124
0.000177
0.000350
0.000267
-0.000004
-0.000252
-0.000345
-0.000290
-0.000164
-0.000044
0.000055
0.000137
0.000157
0.000073
-0.000079
-0.000153
-0.000060
0.000039
-0.000034
-0.000120
0.000060
0.000390
0.000485
0.000237
-0.000108
-0.000271
-0.000208
-0.000080
-0.000005
0.000041
0.000098
0.000106
-0.000007
-0.000145
-0.000151
-0.000076
-0.000056
-0.000062
-0.000015
0.000037
-0.000016
-0.000170
-0.000252
-0.000121
0.000154
0.000348
0.000290
0.000089
0.000024
0.000159
0.000270
0.000206
0.000038
-0.000106
-0.000175
-0.000185
-0.000116
0.000042
0.000091
-0.000124
-0.000361
-0.000377
-0.000275
-0.000179
-0.000033
0.000202
0.000449
0.000578
0.000529
0.000332
0.000051
-0.000191
-0.000270
-0.000157
0.000079
0.000273
0.000246
-0.000001
-0.000276
-0.000423
-0.000446
-0.000394
-0.000285
-0.000144
-0.000002
0.000086
0.000068
-0.000043
-0.000166
-0.000200
-0.000080
0.000104
0.000172
0.000079
0.000004
0.000119
0.000303
0.000315
0.000187
0.000146
0.000236
0.000272
0.000164
0.000048
0.000043
0.000030
-0.000125
-0.000266
-0.000199
-0.000049
0.000000
-0.000016
-0.000034
-0.000057
-0.000056
-0.000039
-0.000072
-0.000142
-0.000126
0.000019
0.000153
0.000125
-0.000048
-0.000207
-0.000221
-0.000101
0.000066
0.000179
0.000187
0.000143
0.000110
0.000056
-0.000057
-0.000190
-0.000324
-0.000411
-0.000267
0.000094
0.000316
0.000265
0.000225
0.000341
0.000446
0.000372
0.000113
-0.000144
-0.000218
-0.000235
-0.000390
-0.000537
-0.000408
-0.000098
0.000077
0.000085
0.000101
0.000114
0.000045
-0.000034
-0.000068
-0.000089
-0.000097
-0.000042
0.000066
0.000148
0.000197
0.000294
0.000379
0.000279
0.000077
0.000033
0.000127
0.000164
0.000143
0.000119
0.000033
-0.000105
-0.000226
-0.000324
-0.000361
-0.000333
-0.000344
-0.000421
-0.000458
-0.000368
-0.000159
0.000069
0.000269
0.000409
0.000378
0.000198
0.000092
0.000180
0.000318
0.000308
0.000150
0.000006
-0.000081
-0.000181
-0.000204
-0.000062
0.000081
0.000079
-0.000003
-0.000074
-0.000096
-0.000070
-0.000043
-0.000033
0.000022
0.000094
0.000051
-0.000067
-0.000048
0.000124
0.000199
0.000076
-0.000015
0.000064
0.000114
-0.000033
-0.000248
-0.000340
-0.000289
-0.000165
-0.000028
0.000059
0.000102
0.000183
0.000228
0.000043
-0.000277
-0.000348
-0.000051
0.000259
0.000275
0.000093
-0.000033
-0.000012
0.000071
0.000152
0.000196
0.000146
0.000053
-0.000004
-0.000094
-0.000212
-0.000235
-0.000188
-0.000200
-0.000245
-0.000171
0.000044
0.000213
0.000226
0.000193
0.000199
0.000218
0.000236
0.000217
0.000106
-0.000021
-0.000078
-0.000126
-0.000215
-0.000279
-0.000264
-0.000203
-0.000163
-0.000176
-0.000164
-0.000046
0.000097
0.000174
0.000254
0.000348
0.000315
0.000144
0.000032
0.000043
0.000003
-0.000147
-0.000232
-0.000195
-0.000176
-0.000238
-0.000325
-0.000325
-0.000152
0.000113
0.000297
0.000343
0.000307
0.000263
0.000256
0.000271
0.000229
0.000084
-0.000084
-0.000192
-0.000258
-0.000288
-0.000451
-0.001163
-0.002033
-0.001619
0.000183
0.001606
0.002110
0.002878
0.003814
0.003632
0.002529
0.001441
-0.000029
-0.002092
-0.003573
-0.004101
-0.004527
-0.004650
-0.003647
-0.002026
-0.000586
0.000805
0.001969
0.002367
0.002375
0.002325
0.001546
0.000107
-0.000800
-0.000968
-0.000990
-0.000551
0.000618
0.001655
0.002117
0.002469
0.002570
0.001941
0.000983
0.000127
-0.000945
-0.002157
-0.002571
-0.001824
-0.000782
-0.000071
0.000476
0.000768
0.000763
0.000762
0.000358
-0.000766
-0.001703
-0.001900
-0.001990
-0.002070
-0.001466
-0.000485
0.000119
0.000758
0.001766
0.002228
0.001799
0.001307
0.000858
-0.000164
-0.001810
-0.003108
-0.002429
-0.000041
0.001601
0.002240
0.003790
0.005493
0.005076
0.003357
0.002037
0.000076
-0.003048
-0.005168
-0.005467
-0.005363
-0.004846
-0.003141
-0.001213
0.000206
0.001550
0.002251
0.001700
0.000807
-0.000252
-0.002267
-0.003963
-0.003302
-0.001147
0.000747
0.002896
0.005581
0.007110
0.006844
0.005842
0.004179
0.001354
-0.001733
-0.003895
-0.004963
-0.004892
-0.003678
-0.002110
-0.000712
0.000903
0.002303
0.002243
0.000986
-0.000250
-0.001405
-0.002714
-0.003550
-0.003546
-0.002951
-0.001792
-0.000180
0.001279
0.002251
0.002868
0.002971
0.002361
0.001486
0.000715
-0.000134
-0.000799
-0.000722
-0.000198
0.000304
0.000990
0.001792
0.002123
0.001911
0.001401
0.000449
-0.000827
-0.001771
-0.002215
-0.002466
-0.002334
-0.001573
-0.000671
0.000015
0.000709
0.001199
0.000960
0.000302
-0.000152
-0.000550
-0.001143
-0.001525
-0.001367
-0.000816
0.000019
0.000949
0.001535
0.001704
0.001658
0.001297
0.000683
0.000237
-0.000115
-0.000677
-0.001047
-0.000818
-0.000385
-0.000092
0.000246
0.000617
0.000764
0.000758
0.000647
0.000202
-0.000415
-0.000768
-0.000958
-0.001119
-0.000832
-0.000124
0.000302
0.000367
0.000545
0.000677
0.000356
-0.000157
-0.000425
-0.000491
-0.000551
-0.000552
-0.000381
-0.000114
0.000100
0.000272
0.000518
0.000783
0.000806
0.000509
0.000137
-0.000159
-0.000429
-0.000630
-0.000655
-0.000461
-0.000064
0.000352
0.000566
0.000622
0.000670
0.000646
0.000437
0.000105
-0.000325
-0.000816
-0.001092
-0.000983
-0.000680
-0.000355
0.000042
0.000513
0.000862
0.000896
0.000665
0.000330
-0.000040
-0.000373
-0.000589
-0.000666
-0.000517
-0.000123
0.000293
0.000531
0.000572
0.000406
0.000085
-0.000251
-0.000588
-0.000871
-0.000844
-0.000520
-0.000291
-0.000211
0.000091
0.000614
0.000929
0.000923
0.000830
0.000681
0.000415
0.000156
-0.000066
-0.000381
-0.000646
-0.000621
-0.000435
-0.000261
0.000001
0.000332
0.000514
0.000437
0.000118
-0.000236
-0.000285
-0.000118
-0.000229
-0.000557
-0.000516
-0.000081
0.000249
0.000339
0.000364
0.000329
0.000228
0.000142
0.000046
-0.000077
-0.000126
-0.000102
-0.000088
-0.000024
0.000106
0.000140
0.000111
0.000218
0.000312
0.000134
-0.000108
-0.000185
-0.000310
-0.000547
-0.000564
-0.000328
-0.000166
-0.000127
-0.000021
0.000164
0.000322
0.000366
0.000171
-0.000213
-0.000411
-0.000244
-0.000012
0.000055
0.000093
0.000191
0.000224
0.000190
0.000234
0.000363
0.000487
0.000572
0.000579
0.000460
0.000205
-0.000165
-0.000535
-0.000692
-0.000618
-0.000504
-0.000343
-0.000034
0.000188
0.000021
-0.000418
-0.000761
-0.000791
-0.000527
-0.000164
0.000057
0.000118
0.000228
0.000439
0.000623
0.000852
0.001115
0.000931
0.000227
-0.000234
-0.000186
-0.000256
-0.000581
-0.000608
-0.000277
-0.000052
-0.000012
0.000085
0.000215
0.000216
0.000054
-0.000258
-0.000669
-0.001124
-0.001596
-0.001827
-0.001457
-0.000715
-0.000170
0.000321
0.001176
0.001867
0.001768
0.001422
0.001466
0.001488
0.001048
0.000581
0.000543
0.000701
0.000797
0.001010
0.001358
0.001443
0.001078
0.000477
-0.000149
-0.000707
-0.001149
-0.001499
-0.001798
-0.001980
-0.001930
-0.001667
-0.001388
-0.001207
-0.000962
-0.000653
-0.000659
-0.001022
-0.001181
-0.000912
-0.000697
-0.000732
-0.000559
-0.000044
0.000377
0.000641
0.001074
0.001532
0.001639
0.001539
0.001545
0.001593
0.001523
0.001270
0.000860
0.000634
0.000868
0.001103
0.000815
0.000402
0.000421
0.000505
0.000102
-0.000535
-0.000914
-0.001076
-0.001259
-0.001446
-0.001528
-0.001467
-0.001265
-0.000965
-0.000635
-0.000414
-0.000463
-0.000650
-0.000660
-0.000509
-0.000450
-0.000534
-0.000611
-0.000535
-0.000230
0.000295
0.000921
0.001445
0.001806
0.002061
0.002030
0.001575
0.001127
0.001018
0.000715
-0.000090
-0.000455
0.000160
0.000538
-0.000111
-0.000484
0.000307
0.000865
0.000138
-0.001122
-0.002913
-0.005669
-0.007129
-0.005132
-0.002322
-0.001798
-0.001216
0.001995
0.004554
0.003639
0.002959
0.005364
0.006661
0.003587
0.000165
0.000191
0.001174
0.000474
0.000067
0.001537
0.002780
0.002269
0.001452
0.001438
0.001319
0.000486
-0.000657
-0.002265
-0.004375
-0.005530
-0.004913
-0.004053
-0.003910
-0.003141
-0.001479
-0.001011
-0.002015
-0.001918
-0.000320
-0.000092
-0.001762
-0.002372
-0.001107
-0.000279
-0.000265
0.000923
0.003099
0.003969
0.003371
0.003183
0.003616
0.003266
0.002092
0.001238
0.000830
0.000344
0.000127
0.000716
0.001624
0.002132
0.002395
0.002666
0.002501
0.001765
0.001033
0.000248
-0.001214
-0.002894
-0.003704
-0.003767
-0.003853
-0.003685
-0.002812
-0.002031
-0.002008
-0.001871
-0.000965
-0.000286
-0.000548
-0.000877
-0.000694
-0.000647
-0.000906
-0.000702
0.000089
0.000709
0.000837
0.000871
0.001070
0.001275
0.001341
0.001300
0.001239
0.001268
0.001389
0.001521
0.001738
0.002148
0.002551
0.002617
0.002384
0.002157
0.001872
0.001170
0.000101
-0.000923
-0.001828
-0.002766
-0.003378
-0.003120
-0.002326
-0.001838
-0.001620
-0.001014
-0.000251
-0.000179
-0.000592
-0.000503
-0.000174
-0.001353
-0.004856
-0.008549
-0.008968
-0.005718
-0.002439
-0.001250
0.000668
0.005194
0.008505
0.007685
0.006652
0.008852
0.010150
0.006286
0.001128
0.000117
0.001611
0.001492
0.000599
0.001592
0.003333
0.003282
0.001919
0.001264
0.001390
0.000630
-0.002010
-0.005643
-0.008222
-0.008588
-0.007760
-0.007274
-0.006814
-0.005200
-0.003100
-0.002318
-0.002499
-0.001580
0.000184
0.000170
-0.001896
-0.003012
-0.001852
-0.000514
-0.000065
0.001204
0.003832
0.005747
0.005916
0.005878
0.006690
0.007169
0.006102
0.004052
0.002184
0.000938
0.000326
0.000286
0.000597
0.001093
0.001646
0.001878
0.001539
0.000979
0.000493
-0.000373
-0.001994
-0.003702
-0.004650
-0.005009
-0.005303
-0.005323
-0.004695
-0.003798
-0.003177
-0.002596
-0.001653
-0.000823
-0.000708
-0.000871
-0.000636
-0.000214
0.000039
0.000458
0.001254
0.001924
0.002220
0.002566
0.003132
0.003503
0.003353
0.002784
0.002103
0.001570
0.001223
0.000972
0.000920
0.001186
0.001493
0.001515
0.001336
0.001141
0.000850
0.000329
-0.000369
-0.001145
-0.002017
-0.002917
-0.003527
-0.003638
-0.003439
-0.003148
-0.002701
-0.001971
-0.001094
-0.000390
-0.000002
0.000040
-0.000327
-0.000639
-0.000274
0.000229
0.000161
0.000337
0.001093
0.000620
-0.001480
-0.002427
-0.001203
-0.000517
-0.001142
-0.000340
0.002043
0.002803
0.001967
0.002931
0.005587
0.006431
0.005092
0.004230
0.004197
0.003315
0.001819
0.001177
0.001110
0.000408
-0.000747
-0.001436
-0.001625
-0.001683
-0.001597
-0.001619
-0.002411
-0.003726
-0.004409
-0.004401
-0.004852
-0.005661
-0.005473
-0.004464
-0.004037
-0.003821
-0.002444
-0.000670
-0.000190
-0.000374
0.000307
0.001254
0.001324
0.001331
0.002212
0.003073
0.003156
0.003287
0.004047
0.004755
0.004920
0.004876
0.004717
0.004064
0.002921
0.001769
0.000957
0.000552
0.000507
0.000607
0.000537
0.000298
0.000200
0.000203
-0.000230
-0.001254
-0.002384
-0.003447
-0.004685
-0.005756
-0.006053
-0.005898
-0.005883
-0.005571
-0.004375
-0.002737
-0.001246
0.000160
0.001464
0.002301
0.002670
0.002882
0.002894
0.002527
0.002023
0.001682
0.001514
0.001565
0.001874
0.002232
0.002516
0.002832
0.003068
0.002930
0.002494
0.002044
0.001477
0.000565
-0.000393
-0.000914
-0.001131
-0.001459
-0.001804
-0.001913
-0.001964
-0.002218
-0.002556
-0.002683
-0.002512
-0.002214
-0.001976
-0.001752
-0.001286
-0.000480
0.000347
0.000807
0.000974
0.000946
-0.000122
-0.003280
-0.007410
-0.009059
-0.006600
-0.003046
-0.001580
-0.000407
0.003441
0.007870
0.009258
0.009313
0.011330
0.012850
0.009800
0.004567
0.002208
0.002214
0.001012
-0.001043
-0.001323
-0.000279
0.000020
-0.000123
0.000484
0.001052
0.000181
-0.002128
-0.005136
-0.007962
-0.009429
-0.009290
-0.008963
-0.009247
-0.008777
-0.006581
-0.004059
-0.002475
-0.000885
0.001300
0.002326
0.001121
-0.000218
0.000367
0.001683
0.001923
0.001920
0.003160
0.005005
0.006259
0.007286
0.008626
0.009391
0.008660
0.006887
0.004913
0.003058
0.001556
0.000494
-0.000551
-0.001781
-0.002617
-0.002644
-0.002281
-0.001920
-0.001616
-0.001880
-0.003141
-0.004535
-0.004947
-0.004836
-0.005311
-0.006075
-0.006075
-0.005386
-0.004611
-0.003427
-0.001496
0.000333
0.001265
0.001778
0.002521
0.003220
0.003422
0.003268
0.003057
0.002840
0.002641
0.002518
0.002491
0.002656
0.002980
0.003071
0.002770
0.002506
0.002461
0.002065
0.000984
-0.000197
-0.000937
-0.001480
-0.001969
-0.002030
-0.001740
-0.001737
-0.002107
-0.002284
-0.002113
-0.002045
-0.002281
-0.002508
-0.002519
-0.002419
-0.002243
-0.001870
-0.001267
-0.000518
0.000219
0.000793
0.001292
0.001984
0.002740
0.002920
0.002119
0.000531
-0.001475
-0.003383
-0.004399
-0.004165
-0.003151
-0.001799
-0.000135
0.001599
0.003211
0.005160
0.007413
0.008629
0.007920
0.006171
0.004475
0.002851
0.001323
0.000459
0.000206
-0.000199
-0.000865
-0.001126
-0.000740
-0.000234
-0.000266
-0.001100
-0.002497
-0.003985
-0.005260
-0.006219
-0.006831
-0.007134
-0.007142
-0.006771
-0.005913
-0.004459
-0.002475
-0.000513
0.000735
0.001235
0.001545
0.001971
0.002322
0.002463
0.002573
0.002780
0.003025
0.003474
0.004430
0.005633
0.006342
0.006240
0.005680
0.005039
0.004329
0.003382
0.002107
0.000647
-0.000684
-0.001667
-0.002325
-0.002691
-0.002645
-0.002309
-0.002234
-0.002648
-0.003018
-0.002955
-0.002910
-0.003361
-0.004014
-0.004506
-0.005024
-0.005456
-0.004988
-0.003430
-0.001733
-0.000456
0.000874
0.002357
0.003388
0.003858
0.004133
0.004138
0.003684
0.003097
0.002733
0.002563
0.002490
0.002408
0.002093
0.001574
0.001269
0.001365
0.001475
0.001211
0.000612
-0.000171
-0.001041
-0.001748
-0.002082
-0.002247
-0.002523
-0.002753
-0.002671
-0.002396
-0.002160
-0.001889
-0.001502
-0.001225
-0.001163
-0.001062
-0.000783
-0.000489
-0.000295
-0.000098
0.000391
0.001373
0.002434
0.002898
0.002897
0.002882
0.001813
-0.002116
-0.007687
-0.010205
-0.007588
-0.003999
-0.003382
-0.002908
0.001531
0.007228
0.009314
0.009576
0.012121
0.014179
0.010657
0.004181
0.001189
0.001528
0.000432
-0.002538
-0.003953
-0.002981
-0.001690
-0.000938
0.000143
0.001563
0.001850
-0.000171
-0.003927
-0.007301
-0.008630
-0.008723
-0.009581
-0.010977
-0.010529
-0.007648
-0.004610
-0.002667
-0.000264
0.003113
0.004797
0.003368
0.001792
0.002737
0.004152
0.003287
0.001643
0.002036
0.003890
0.005128
0.006012
0.007744
0.009336
0.008971
0.007047
0.005347
0.004295
0.002941
0.000799
-0.001563
-0.003312
-0.004127
-0.004336
-0.004389
-0.004241
-0.003727
-0.003496
-0.004277
-0.005203
-0.004956
-0.004425
-0.005387
-0.006966
-0.006839
-0.005200
-0.003878
-0.002663
-0.000260
0.002452
0.003716
0.004088
0.005096
0.006253
0.006196
0.005151
0.004185
0.003455
0.002621
0.001895
0.001713
0.001964
0.002119
0.001859
0.001417
0.001295
0.001414
0.000927
-0.000477
-0.001879
-0.002562
-0.003009
-0.003661
-0.003972
-0.003524
-0.002939
-0.002757
-0.002451
-0.001517
-0.000578
-0.000367
-0.000547
-0.000509
-0.000416
-0.000579
-0.000666
-0.000293
0.000313
0.000731
0.000971
0.001352
0.002041
0.002861
0.003483
0.003703
0.003527
0.002812
0.000943
-0.002500
-0.006651
-0.009417
-0.009139
-0.006549
-0.004119
-0.002646
-0.000214
0.004043
0.007773
0.009367
0.010537
0.011870
0.010455
0.005532
0.001287
0.000408
0.000251
-0.001576
-0.003267
-0.002821
-0.001260
-0.000156
0.000603
0.001444
0.001689
0.000279
-0.002796
-0.006115
-0.008147
-0.008955
-0.009730
-0.010608
-0.010313
-0.008131
-0.004888
-0.001754
0.000909
0.003194
0.004720
0.004810
0.003858
0.003373
0.003694
0.003379
0.002032
0.001448
0.002757
0.004775
0.006191
0.007248
0.008272
0.008391
0.006947
0.004896
0.003452
0.002247
0.000192
-0.002528
-0.004657
-0.005685
-0.006099
-0.006063
-0.005272
-0.004094
-0.003484
-0.003661
-0.003821
-0.003394
-0.002984
-0.003505
-0.004609
-0.004925
-0.003990
-0.002709
-0.001590
-0.000032
0.002058
0.003633
0.004247
0.004800
0.005766
0.006241
0.005464
0.004061
0.003082
0.002668
0.002308
0.001778
0.001289
0.000930
0.000460
-0.000108
-0.000338
-0.000250
-0.000512
-0.001387
-0.002343
-0.002865
-0.003018
-0.003103
-0.003075
-0.002690
-0.002102
-0.001716
-0.001453
-0.000896
-0.000161
0.000204
0.000111
-0.000057
-0.000107
-0.000112
-0.000046
0.000159
0.000394
0.000647
0.001116
0.001721
0.002188
0.002661
0.003384
0.003945
0.003635
0.001951
-0.001862
-0.007713
-0.012091
-0.010934
-0.006481
-0.004777
-0.005222
-0.001629
0.005567
0.009515
0.009774
0.012036
0.015289
0.012837
0.005524
0.001100
0.001375
0.000945
-0.002390
-0.004881
-0.004068
-0.002040
-0.000961
0.000019
0.001978
0.003258
0.001531
-0.002537
-0.006029
-0.007661
-0.008733
-0.010492
-0.012399
-0.012812
-0.010623
-0.006669
-0.002937
0.000127
0.003393
0.005957
0.005975
0.004687
0.005117
0.006609
0.005638
0.002402
0.001080
0.002920
0.004854
0.005505
0.006771
0.008865
0.009227
0.007311
0.005618
0.005033
0.003480
0.000001
-0.003646
-0.005992
-0.007271
-0.007790
-0.007571
-0.007086
-0.006541
-0.005667
-0.004779
-0.004140
-0.003124
-0.002002
-0.002354
-0.003967
-0.004453
-0.003182
-0.001980
-0.001291
0.000316
0.002735
0.004447
0.005502
0.006904
0.008154
0.008014
0.006547
0.004845
0.003616
0.002716
0.001654
0.000384
-0.000558
-0.000891
-0.001013
-0.001105
-0.000763
-0.000240
-0.000601
-0.001909
-0.002956
-0.003264
-0.003614
-0.004327
-0.004689
-0.004310
-0.003660
-0.003037
-0.002090
-0.000607
0.000915
0.001791
0.001989
0.002088
0.002368
0.002397
0.001857
0.001237
0.001096
0.001128
0.000828
0.000629
0.001218
0.002208
0.002711
0.002782
0.003000
0.003173
0.002750
0.001741
-0.000363
-0.005179
-0.011979
-0.015511
-0.012428
-0.007557
-0.006557
-0.006005
-0.000143
0.007461
0.010244
0.010763
0.014287
0.016893
0.012404
0.004640
0.001373
0.001998
0.000736
-0.002912
-0.004668
-0.003111
-0.000885
0.000260
0.001383
0.003072
0.003311
0.000313
-0.004341
-0.007618
-0.008886
-0.009836
-0.011557
-0.013161
-0.012735
-0.009419
-0.004806
-0.001112
0.001774
0.004877
0.006853
0.006079
0.004601
0.005168
0.006038
0.004074
0.001068
0.001125
0.003748
0.005460
0.006124
0.007851
0.009709
0.009076
0.006581
0.004891
0.003942
0.001568
-0.002300
-0.005657
-0.007491
-0.008109
-0.007830
-0.007102
-0.006473
-0.005832
-0.004943
-0.004168
-0.003540
-0.002662
-0.002186
-0.003079
-0.004302
-0.003935
-0.002252
-0.000850
0.000255
0.001981
0.004059
0.005711
0.006977
0.008031
0.008397
0.007554
0.005716
0.003760
0.002405
0.001467
0.000308
-0.000963
-0.001526
-0.001257
-0.000988
-0.001027
-0.000848
-0.000613
-0.001232
-0.002649
-0.003812
-0.004294
-0.004560
-0.004873
-0.004963
-0.004535
-0.003513
-0.002080
-0.000607
0.000738
0.001996
0.002976
0.003455
0.003701
0.003962
0.003802
0.002884
0.001813
0.001258
0.000997
0.000680
0.000599
0.000949
0.001295
0.001243
0.000961
0.000862
0.001046
0.001057
0.000438
-0.000497
-0.001564
-0.004326
-0.009997
-0.015098
-0.014149
-0.008486
-0.005356
-0.005727
-0.002600
0.005483
0.011063
0.011468
0.012792
0.016543
0.015934
0.009141
0.003541
0.003369
0.003850
0.000667
-0.003276
-0.003713
-0.001559
-0.000253
-0.000229
0.000378
0.001147
-0.000503
-0.004641
-0.008204
-0.009543
-0.010133
-0.011457
-0.012976
-0.013048
-0.010472
-0.005934
-0.001732
0.001136
0.003843
0.006387
0.006787
0.005348
0.005266
0.006899
0.006536
0.003254
0.001406
0.003508
0.006349
0.007029
0.007255
0.008675
0.009159
0.007009
0.004390
0.003256
0.001854
-0.001675
-0.005816
-0.008188
-0.008547
-0.007978
-0.007370
-0.007021
-0.006546
-0.005590
-0.004639
-0.004052
-0.003266
-0.002445
-0.002940
-0.004488
-0.004616
-0.002461
-0.000109
0.001109
0.002384
0.004548
0.006560
0.007653
0.008450
0.009185
0.008782
0.006680
0.004129
0.002593
0.001850
0.000706
-0.000925
-0.001875
-0.001677
-0.001304
-0.001464
-0.001692
-0.001761
-0.002441
-0.004004
-0.005317
-0.005396
-0.004839
-0.004709
-0.004838
-0.004300
-0.002922
-0.001335
0.000077
0.001447
0.002800
0.003709
0.003850
0.003597
0.003494
0.003314
0.002611
0.001930
0.002070
0.002499
0.002206
0.001575
0.001582
0.001790
0.001140
-0.000084
-0.000882
-0.001212
-0.001704
-0.002451
-0.002855
-0.002521
-0.001873
-0.001440
-0.001146
-0.001577
-0.004736
-0.010396
-0.013344
-0.009800
-0.004510
-0.003614
-0.003815
0.001326
0.008896
0.012046
0.012540
0.015710
0.018554
0.014928
0.007552
0.003939
0.004366
0.002976
-0.001749
-0.005188
-0.004543
-0.002512
-0.001947
-0.001796
-0.000714
-0.000646
-0.003578
-0.007768
-0.010247
-0.010788
-0.011207
-0.012484
-0.013720
-0.012862
-0.008853
-0.003557
0.000297
0.002920
0.006017
0.008557
0.008497
0.007414
0.008148
0.009243
0.007338
0.003834
0.003213
0.005646
0.007325
0.007302
0.007810
0.008699
0.007623
0.004939
0.003065
0.001806
-0.001064
-0.005454
-0.009016
-0.010538
-0.010562
-0.009949
-0.009361
-0.008905
-0.008017
-0.006642
-0.005464
-0.004394
-0.002909
-0.001951
-0.002564
-0.003151
-0.001478
0.001552
0.003533
0.004499
0.006071
0.008234
0.009662
0.010076
0.010162
0.009815
0.008162
0.005311
0.002760
0.001423
0.000336
-0.001536
-0.003371
-0.003879
-0.003458
-0.003308
-0.003501
-0.003466
-0.003466
-0.004130
-0.005150
-0.005679
-0.005633
-0.005588
-0.005606
-0.005021
-0.003433
-0.001321
0.000517
0.001912
0.003345
0.004836
0.005597
0.005362
0.005031
0.005071
0.004665
0.003525
0.002766
0.002914
0.002918
0.002078
0.001188
0.000960
0.000751
-0.000306
-0.001942
-0.003273
-0.004070
-0.004795
-0.005520
-0.005516
-0.004428
-0.003126
-0.002309
-0.001254
0.000655
0.002223
0.001182
-0.003642
-0.009725
-0.011384
-0.006890
-0.002461
-0.002698
-0.002198
0.004373
0.011632
0.013638
0.014797
0.019364
0.021190
0.014877
0.006397
0.003239
0.003129
-0.000060
-0.005956
-0.009236
-0.008110
-0.006104
-0.005673
-0.004892
-0.002678
-0.002270
-0.005716
-0.009723
-0.010830
-0.010227
-0.010575
-0.011980
-0.012686
-0.010973
-0.006407
-0.000777
0.003621
0.006813
0.009788
0.011487
0.010800
0.009811
0.010607
0.010921
0.007959
0.004195
0.003848
0.006005
0.006938
0.006668
0.007347
0.007794
0.005569
0.002023
-0.000118
-0.001733
-0.005217
-0.009965
-0.013458
-0.014581
-0.013938
-0.012673
-0.011476
-0.009929
-0.007604
-0.005338
-0.003716
-0.001804
0.000513
0.001354
0.000295
0.000038
0.002348
0.005341
0.006871
0.007803
0.009789
0.012112
0.012979
0.012397
0.011531
0.010201
0.007273
0.003212
-0.000002
-0.001739
-0.003433
-0.005823
-0.007543
-0.007565
-0.006971
-0.006900
-0.006807
-0.006175
-0.005861
-0.006459
-0.007040
-0.006611
-0.005567
-0.004742
-0.003988
-0.002539
-0.000157
0.002538
0.004725
0.006278
0.007587
0.008473
0.008293
0.007340
0.006593
0.005971
0.004664
0.003035
0.002144
0.001851
0.001247
0.000393
-0.000025
-0.000239
-0.001083
-0.002590
-0.004172
-0.005539
-0.006584
-0.007204
-0.007499
-0.007365
-0.006329
-0.004466
-0.002633
-0.001106
0.000836
0.003233
0.004940
0.005337
0.004122
-0.000250
-0.007263
-0.010840
-0.006679
-0.000582
0.000280
-0.000049
0.005618
0.013445
0.015919
0.015542
0.017759
0.018656
0.012294
0.002680
-0.002197
-0.002510
-0.004446
-0.009438
-0.012483
-0.010628
-0.007140
-0.005402
-0.004113
-0.001950
-0.001637
-0.005071
-0.009275
-0.010991
-0.010822
-0.010601
-0.010660
-0.010356
-0.008222
-0.002859
0.004203
0.009386
0.011950
0.013906
0.015064
0.013567
0.010844
0.009963
0.009713
0.006649
0.002207
0.001083
0.003285
0.004606
0.003997
0.003658
0.003281
0.000857
-0.002650
-0.005034
-0.006903
-0.009876
-0.013337
-0.015485
-0.015343
-0.013074
-0.009936
-0.007287
-0.005034
-0.002479
-0.000002
0.001858
0.003482
0.004794
0.004838
0.003810
0.003473
0.004874
0.007193
0.009118
0.010258
0.010998
0.011565
0.011465
0.010026
0.007347
0.004012
0.000198
-0.003768
-0.006718
-0.007984
-0.008463
-0.009032
-0.009177
-0.008259
-0.006793
-0.005546
-0.004621
-0.004089
-0.004336
-0.005210
-0.005781
-0.005353
-0.004009
-0.002177
-0.000210
0.001906
0.004457
0.007156
0.009051
0.009822
0.010043
0.009804
0.008551
0.006488
0.004590
0.003154
0.001727
0.000304
-0.000619
-0.000956
-0.001131
-0.001485
-0.002078
-0.002916
-0.004005
-0.005177
-0.006198
-0.007013
-0.007520
-0.007448
-0.006734
-0.005513
-0.003780
-0.001673
0.000311
0.001924
0.003339
0.004477
0.005074
0.005319
0.005584
0.005702
0.004778
0.001465
-0.004343
-0.009412
-0.009472
-0.005041
-0.001171
0.000115
0.002171
0.006839
0.011071
0.012583
0.013116
0.013590
0.011392
0.005282
-0.001196
-0.004143
-0.004427
-0.005542
-0.008035
-0.009181
-0.007629
-0.005169
-0.003534
-0.002411
-0.001546
-0.002252
-0.005133
-0.008192
-0.009211
-0.008558
-0.007879
-0.007498
-0.006387
-0.003508
0.001218
0.006447
0.010302
0.012136
0.012539
0.011794
0.009935
0.007937
0.006705
0.005421
0.003093
0.000882
0.000560
0.001747
0.002796
0.003094
0.002696
0.001251
-0.001178
-0.003644
-0.005660
-0.007769
-0.010281
-0.012446
-0.013140
-0.011859
-0.009018
-0.005674
-0.002820
-0.000664
0.001066
0.002226
0.002586
0.002760
0.003453
0.004152
0.004045
0.003766
0.004735
0.007008
0.009084
0.009881
0.009745
0.009280
0.008229
0.006057
0.003051
-0.000007
-0.003009
-0.006207
-0.008893
-0.009916
-0.009424
-0.008601
-0.007941
-0.007040
-0.005761
-0.004475
-0.003417
-0.002590
-0.002032
-0.001756
-0.001591
-0.001109
0.000173
0.002193
0.004224
0.005740
0.006937
0.008028
0.008638
0.008366
0.007405
0.006136
0.004556
0.002599
0.000686
-0.000578
-0.001164
-0.001641
-0.002320
-0.002881
-0.003137
-0.003456
-0.004086
-0.004748
-0.005252
-0.005826
-0.006446
-0.006474
-0.005450
-0.003809
-0.002270
-0.000871
0.000769
0.002485
0.003669
0.004216
0.004535
0.004759
0.004686
0.004381
0.004232
0.004411
0.004341
0.002591
-0.001706
-0.006570
-0.008479
-0.007073
-0.005321
-0.004293
-0.002160
0.001444
0.004795
0.007380
0.009870
0.011659
0.011156
0.007931
0.003500
0.000108
-0.001625
-0.003222
-0.005538
-0.007187
-0.007026
-0.005790
-0.004256
-0.002391
-0.000830
-0.000772
-0.002281
-0.004230
-0.005643
-0.006344
-0.006709
-0.007056
-0.007014
-0.005619
-0.002441
0.001661
0.005483
0.008565
0.010635
0.011131
0.010256
0.009202
0.008292
0.006459
0.003581
0.001284
0.000475
0.000375
0.000496
0.001051
0.001422
0.000693
-0.000767
-0.002084
-0.003311
-0.004963
-0.007003
-0.008881
-0.010001
-0.010027
-0.009007
-0.007199
-0.004910
-0.002590
-0.000683
0.000803
0.002130
0.003179
0.003556
0.003369
0.003315
0.003927
0.005015
0.006107
0.007126
0.008151
0.008821
0.008568
0.007334
0.005592
0.003586
0.001035
-0.002056
-0.004909
-0.006819
-0.007872
-0.008382
-0.008165
-0.007020
-0.005465
-0.004237
-0.003419
-0.002727
-0.002185
-0.002019
-0.002153
-0.002116
-0.001506
-0.000427
0.000749
0.002019
0.003652
0.005425
0.006695
0.007272
0.007411
0.007070
0.006023
0.004437
0.002622
0.000752
-0.000878
-0.001991
-0.002604
-0.002794
-0.002690
-0.002631
-0.002806
-0.003004
-0.003054
-0.003204
-0.003734
-0.004401
-0.004598
-0.004058
-0.003096
-0.002022
-0.000688
0.001026
0.002697
0.003849
0.004552
0.004966
0.004792
0.003869
0.002785
0.002137
0.001792
0.001497
0.001450
0.001360
-0.000266
-0.004065
-0.007713
-0.008763
-0.008284
-0.007978
-0.006459
-0.002742
0.000767
0.002877
0.005938
0.010470
0.013235
0.012525
0.010168
0.007820
0.005337
0.002464
-0.000335
-0.002529
-0.004135
-0.005415
-0.005931
-0.004944
-0.003117
-0.002265
-0.002980
-0.004264
-0.005428
-0.006492
-0.007305
-0.007750
-0.008026
-0.007853
-0.006403
-0.003475
0.000196
0.003918
0.007319
0.009676
0.010284
0.009719
0.009216
0.008580
0.006735
0.004245
0.002619
0.001818
0.001189
0.001265
0.002177
0.002509
0.001512
0.000104
-0.001164
-0.002807
-0.004977
-0.007196
-0.009158
-0.010575
-0.010894
-0.009846
-0.007762
-0.005224
-0.002776
-0.000771
0.000830
0.002305
0.003647
0.004407
0.004273
0.003637
0.003332
0.003888
0.005144
0.006444
0.007351
0.008034
0.008583
0.008499
0.007449
0.005763
0.003560
0.000444
-0.003307
-0.006563
-0.008715
-0.009986
-0.010546
-0.010350
-0.009432
-0.007942
-0.006232
-0.004631
-0.003076
-0.001527
-0.000392
0.000182
0.000785
0.001816
0.002946
0.003940
0.005066
0.006413
0.007584
0.008151
0.007979
0.007148
0.005842
0.004184
0.002239
0.000305
-0.001258
-0.002486
-0.003535
-0.004163
-0.004146
-0.003831
-0.003720
-0.003792
-0.003719
-0.003513
-0.003510
-0.003786
-0.004042
-0.004012
-0.003539
-0.002380
-0.000492
0.001618
0.003425
0.004924
0.006079
0.006503
0.006190
0.005529
0.004545
0.003247
0.002178
0.001178
-0.001575
-0.007332
-0.013630
-0.015422
-0.011065
-0.005329
-0.002920
-0.001402
0.003830
0.010688
0.013997
0.014350
0.015068
0.014383
0.008993
0.001692
-0.001977
-0.001915
-0.002548
-0.005500
-0.007646
-0.006381
-0.003400
-0.001598
-0.001067
-0.000875
-0.002071
-0.005582
-0.009452
-0.011127
-0.010687
-0.009872
-0.009288
-0.007868
-0.004448
0.000882
0.006717
0.011112
0.012936
0.012775
0.011785
0.010126
0.007834
0.005853
0.004413
0.002372
-0.000023
-0.000491
0.001476
0.003418
0.003623
0.002597
0.000684
-0.002314
-0.005455
-0.007522
-0.008953
-0.010752
-0.012350
-0.012282
-0.010186
-0.006939
-0.003497
-0.000402
0.002045
0.003756
0.004878
0.005551
0.005688
0.005114
0.003901
0.002572
0.002005
0.002788
0.004490
0.006032
0.006748
0.006675
0.006095
0.005177
0.003712
0.001296
-0.001766
-0.004391
-0.006130
-0.007430
-0.008035
-0.007098
-0.005229
-0.003989
-0.003392
-0.002407
-0.001274
-0.001068
-0.001751
-0.002373
-0.002473
-0.002192
-0.001537
-0.000164
0.002037
0.004416
0.006214
0.007382
0.008065
0.007922
0.006672
0.004730
0.002711
0.000701
-0.001418
-0.003230
-0.004108
-0.004102
-0.003821
-0.003483
-0.002818
-0.001933
-0.001396
-0.001358
-0.001506
-0.001738
-0.002095
-0.002450
-0.002582
-0.002108
-0.000783
0.000876
0.002119
0.003043
0.004164
0.005192
0.005310
0.004446
0.003271
0.002106
0.000797
-0.000492
-0.001431
-0.003007
-0.007485
-0.014227
-0.016989
-0.011286
-0.002958
-0.000373
-0.000741
0.003968
0.011695
0.014716
0.014044
0.015385
0.016539
0.011687
0.003254
-0.001069
-0.000062
0.000176
-0.003684
-0.007537
-0.007015
-0.004135
-0.003113
-0.003824
-0.004063
-0.004792
-0.008064
-0.012120
-0.013250
-0.011229
-0.009111
-0.008341
-0.007222
-0.003924
0.001458
0.007441
0.011947
0.013541
0.013018
0.012144
0.011047
0.009385
0.008131
0.007122
0.004461
0.000944
0.000063
0.001941
0.002964
0.001837
0.000230
-0.001652
-0.004632
-0.007494
-0.008759
-0.009487
-0.011198
-0.012976
-0.012789
-0.010250
-0.006561
-0.002851
0.000288
0.002522
0.003982
0.005122
0.006084
0.006635
0.006472
0.005440
0.004160
0.003963
0.005214
0.006611
0.006977
0.006484
0.005617
0.004355
0.002560
0.000211
-0.002445
-0.004844
-0.006923
-0.009000
-0.010171
-0.009069
-0.006580
-0.004769
-0.003529
-0.001555
0.000650
0.001799
0.002076
0.002148
0.001781
0.000809
0.000023
0.000330
0.001666
0.003075
0.003924
0.004563
0.005326
0.005658
0.004923
0.003379
0.001660
-0.000120
-0.002154
-0.004069
-0.004953
-0.004613
-0.003959
-0.003551
-0.002902
-0.001713
-0.000613
-0.000307
-0.000694
-0.001104
-0.001208
-0.001300
-0.001404
-0.000891
0.000338
0.001476
0.002249
0.003227
0.004423
0.005055
0.004770
0.003956
0.002944
0.001654
0.000088
-0.001291
-0.002073
-0.002804
-0.004895
-0.008689
-0.011793
-0.011383
-0.008170
-0.005128
-0.002728
0.000777
0.005234
0.008888
0.011623
0.014159
0.015412
0.013754
0.009809
0.005893
0.003264
0.001186
-0.001309
-0.003840
-0.005429
-0.005892
-0.005680
-0.005124
-0.004662
-0.005126
-0.006880
-0.009059
-0.010349
-0.010317
-0.009524
-0.008539
-0.007281
-0.005197
-0.001829
0.002578
0.006907
0.010042
0.011819
0.012504
0.012030
0.010717
0.009486
0.008316
0.006219
0.003439
0.001568
0.001127
0.001022
0.000428
-0.000576
-0.002039
-0.004131
-0.006332
-0.007911
-0.008926
-0.009880
-0.010712
-0.010690
-0.009242
-0.006547
-0.003317
-0.000345
0.001878
0.003382
0.004482
0.005397
0.006123
0.006406
0.005968
0.005052
0.004427
0.004471
0.004804
0.005015
0.004988
0.004477
0.003259
0.001603
-0.000071
-0.001767
-0.003751
-0.005960
-0.007706
-0.008181
-0.007322
-0.005823
-0.004280
-0.002788
-0.001335
-0.000071
0.000805
0.001155
0.001014
0.000643
0.000371
0.000433
0.001037
0.002219
0.003541
0.004489
0.005050
0.005347
0.005109
0.004071
0.002474
0.000782
-0.000788
-0.002234
-0.003421
-0.004049
-0.004044
-0.003669
-0.003138
-0.002512
-0.001904
-0.001469
-0.001207
-0.000948
-0.000641
-0.000474
-0.000415
-0.000080
0.000618
0.001234
0.001596
0.002169
0.003038
0.003466
0.003135
0.002697
0.002447
0.001789
0.000507
-0.000926
-0.002893
-0.006315
-0.009761
-0.010050
-0.007255
-0.004812
-0.003448
-0.000403
0.004580
0.008407
0.010058
0.011370
0.012453
0.011163
0.007289
0.003515
0.001642
0.000451
-0.001708
-0.004122
-0.005072
-0.004617
-0.004069
-0.003742
-0.003317
-0.003402
-0.004768
-0.006818
-0.008195
-0.008394
-0.007945
-0.007243
-0.005957
-0.003675
-0.000425
0.003385
0.006894
0.009168
0.010172
0.010405
0.009804
0.008371
0.006881
0.005482
0.003386
0.000965
-0.000234
-0.000064
0.000121
-0.000281
-0.000954
-0.002004
-0.003677
-0.005445
-0.006613
-0.007320
-0.008008
-0.008421
-0.007928
-0.006322
-0.003832
-0.000941
0.001645
0.003449
0.004631
0.005504
0.005949
0.005740
0.004997
0.003991
0.002984
0.002364
0.002400
0.002829
0.003030
0.002614
0.001794
0.001059
0.000276
-0.001203
-0.003210
-0.004759
-0.005590
-0.006153
-0.006238
-0.005311
-0.003720
-0.002263
-0.001106
0.000055
0.001268
0.002202
0.002530
0.002282
0.001738
0.001104
0.000706
0.001032
0.001979
0.002781
0.003134
0.003398
0.003622
0.003428
0.002607
0.001227
-0.000453
-0.002015
-0.003155
-0.003804
-0.003953
-0.003612
-0.002881
-0.001905
-0.000839
0.000077
0.000560
0.000468
-0.000076
-0.000726
-0.001138
-0.001192
-0.000937
-0.000427
0.000298
0.001172
0.002079
0.002843
0.003352
0.003338
0.001596
-0.003206
-0.009273
-0.011588
-0.008263
-0.003916
-0.002386
-0.000568
0.005075
0.011393
0.014203
0.015091
0.016239
0.014695
0.008132
0.000667
-0.002853
-0.003871
-0.006497
-0.010311
-0.011501
-0.009191
-0.006243
-0.004544
-0.003390
-0.002526
-0.003300
-0.005855
-0.007897
-0.007673
-0.006258
-0.005336
-0.004356
-0.001575
0.003263
0.008679
0.012927
0.014982
0.014863
0.013295
0.010761
0.007522
0.004315
0.001525
-0.001596
-0.004894
-0.006234
-0.004738
-0.002697
-0.002197
-0.002664
-0.003212
-0.004319
-0.005960
-0.007011
-0.007414
-0.008286
-0.009385
-0.008877
-0.005891
-0.001514
0.002721
0.006100
0.008518
0.009949
0.010458
0.010227
0.009202
0.007094
0.004086
0.001268
-0.000117
0.000027
0.000550
0.000498
0.000001
-0.000511
-0.001106
-0.002029
-0.003291
-0.004893
-0.006906
-0.008975
-0.010080
-0.009277
-0.006785
-0.003952
-0.001740
0.000258
0.002728
0.005181
0.006458
0.006329
0.005696
0.005108
0.004164
0.002953
0.002553
0.003200
0.003660
0.003247
0.002769
0.002834
0.002729
0.001563
-0.000529
-0.002820
-0.004891
-0.006618
-0.007736
-0.007926
-0.007242
-0.006110
-0.004787
-0.003093
-0.000940
0.001116
0.002431
0.003064
0.003401
0.003474
0.003295
0.003259
0.003587
0.003959
0.004071
0.003960
0.003693
0.003199
0.002379
0.001170
-0.000347
-0.001827
-0.002951
-0.003751
-0.004328
-0.004515
-0.004214
-0.003632
-0.002970
-0.002289
-0.001589
-0.000893
-0.000335
0.000017
0.000339
0.000770
0.001193
0.001508
0.001875
0.002472
0.003116
0.003378
0.003148
0.002715
0.002246
0.001623
0.000814
-0.000052
-0.000891
-0.001670
-0.002292
-0.002569
-0.002332
-0.001715
-0.001147
-0.000882
-0.000819
-0.000808
-0.000848
-0.001011
-0.001233
-0.001249
-0.000891
-0.000330
0.000285
0.001082
0.001985
0.002486
0.002385
0.002138
0.002052
0.001831
0.001202
0.000338
-0.000408
-0.000833
-0.000978
-0.001009
-0.000985
-0.000865
-0.000722
-0.000668
-0.000661
-0.000642
-0.000677
-0.000843
-0.001104
-0.001259
-0.001017
-0.000379
0.000290
0.000811
0.001374
0.001982
0.002290
0.002130
0.001725
0.001282
0.000712
-0.000108
-0.001009
-0.001631
-0.001746
-0.001417
-0.000872
-0.000342
0.000059
0.000328
0.000416
0.000180
-0.000388
-0.001063
-0.001580
-0.001763
-0.001569
-0.001097
-0.000433
0.000384
0.001225
0.001929
0.002448
0.002692
0.002334
0.000982
-0.001236
-0.003253
-0.003881
-0.003325
-0.002741
-0.002134
-0.000489
0.002026
0.004088
0.005233
0.005864
0.005704
0.004143
0.001754
-0.000113
-0.001038
-0.001779
-0.002796
-0.003424
-0.002976
-0.001858
-0.000876
-0.000257
0.000047
-0.000132
-0.000892
-0.001910
-0.002681
-0.003003
-0.003078
-0.002967
-0.002294
-0.000832
0.001090
0.002938
0.004219
0.004682
0.004529
0.004028
0.003198
0.002109
0.000938
-0.000272
-0.001361
-0.001828
-0.001418
-0.000571
0.000104
0.000373
0.000211
-0.000379
-0.001223
-0.002046
-0.002766
-0.003430
-0.003833
-0.003529
-0.002389
-0.000888
0.000440
0.001531
0.002473
0.003113
0.003296
0.003067
0.002430
0.001417
0.000391
-0.000234
-0.000473
-0.000546
-0.000397
0.000055
0.000483
0.000536
0.000425
0.000511
0.000566
0.000061
-0.000885
-0.001657
-0.002018
-0.002058
-0.001750
-0.001031
-0.000021
0.000912
0.001420
0.001539
0.001472
0.001193
0.000586
-0.000229
-0.000953
-0.001382
-0.001465
-0.001224
-0.000713
0.000006
0.000771
0.001317
0.001574
0.001699
0.001690
0.001332
0.000616
-0.000147
-0.000751
-0.001248
-0.001565
-0.001413
-0.000833
-0.000316
-0.000102
-0.000050
-0.000466
-0.002362
-0.006024
-0.009126
-0.008394
-0.004597
-0.001870
-0.000486
0.003199
0.008841
0.012296
0.013240
0.014212
0.014095
0.010215
0.004276
0.000148
-0.001832
-0.004139
-0.007333
-0.009296
-0.008821
-0.007271
-0.006127
-0.005260
-0.004487
-0.004570
-0.005703
-0.006755
-0.006652
-0.005578
-0.004453
-0.003294
-0.000842
0.003422
0.008052
0.011397
0.013195
0.013712
0.012775
0.010342
0.007179
0.004284
0.001636
-0.001498
-0.004489
-0.005569
-0.004850
-0.004265
-0.004380
-0.004373
-0.004447
-0.005313
-0.006381
-0.006731
-0.006628
-0.006576
-0.006010
-0.004066
-0.000932
0.002394
0.005214
0.007342
0.008737
0.009351
0.009018
0.007660
0.005703
0.003668
0.001550
-0.000543
-0.001802
-0.001877
-0.001654
-0.001868
-0.002240
-0.002537
-0.003097
-0.004030
-0.004987
-0.005747
-0.006322
-0.006469
-0.005660
-0.003714
-0.001172
0.001204
0.003234
0.005181
0.006895
0.007728
0.007371
0.006193
0.004664
0.002979
0.001375
0.000300
-0.000108
-0.000276
-0.000558
-0.000817
-0.000936
-0.001250
-0.002088
-0.003297
-0.004502
-0.005388
-0.005705
-0.005296
-0.004247
-0.002942
-0.001685
-0.000315
0.001425
0.003190
0.004275
0.004496
0.004297
0.004032
0.003559
0.002676
0.001726
0.001291
0.001291
0.001118
0.000748
0.000663
0.000602
-0.000168
-0.001451
-0.002400
-0.002931
-0.003556
-0.004175
-0.004171
-0.003503
-0.002722
-0.001921
-0.000701
0.000735
0.001584
0.001749
0.001921
0.002266
0.002278
0.001891
0.001570
0.001459
0.001365
0.001331
0.001497
0.001669
0.001519
0.000928
0.000047
-0.000748
-0.001238
-0.001671
-0.002245
-0.002618
-0.002531
-0.002288
-0.002030
-0.001393
-0.000361
0.000438
0.000648
0.000683
0.000880
0.000940
0.000721
0.000637
0.000797
0.000777
0.000513
0.000458
0.000744
0.001023
0.001077
0.000919
0.000537
-0.000033
-0.000639
-0.001174
-0.001592
-0.001789
-0.001593
-0.000968
-0.000191
0.000317
0.000441
0.000477
0.000668
0.000850
0.000770
0.000496
0.000315
0.000314
0.000268
0.000105
0.000198
0.000664
0.000935
0.000654
0.000272
0.000185
0.000057
-0.000480
-0.001127
-0.001476
-0.001636
-0.001758
-0.001586
-0.001005
-0.000442
-0.000268
-0.000220
0.000059
0.000311
0.000179
-0.000057
0.000055
0.000432
0.000727
0.000841
0.000952
0.001308
0.001897
0.002267
0.002065
0.001542
0.001011
0.000201
-0.001073
-0.002030
-0.001854
-0.001242
-0.001330
-0.001448
-0.000409
0.000839
0.000915
0.000634
0.000963
0.000894
-0.000338
-0.001626
-0.001911
-0.001603
-0.001590
-0.001886
-0.001614
-0.000459
0.000687
0.001192
0.001427
0.001642
0.001585
0.001156
0.000559
0.000099
-0.000114
-0.000340
-0.000511
-0.000058
0.000827
0.001182
0.000932
0.000804
0.000862
0.000621
0.000009
-0.000634
-0.000991
-0.001061
-0.001079
-0.000893
-0.000154
0.000643
0.000681
0.000270
0.000153
0.000015
-0.000711
-0.001523
-0.001706
-0.001490
-0.001291
-0.000819
0.000168
0.001109
0.001389
0.001192
0.001038
0.001039
0.000946
0.000559
0.000014
-0.000335
-0.000467
-0.000568
-0.000426
0.000139
0.000658
0.000652
0.000306
0.000004
-0.000205
-0.000374
-0.000479
-0.000579
-0.000788
-0.001005
-0.000882
-0.000238
0.000538
0.000928
0.000997
0.001085
0.001183
0.001064
0.000665
0.000133
-0.000329
-0.000700
-0.001110
-0.001393
-0.001200
-0.000696
-0.000305
-0.000009
0.000315
0.000466
0.000390
0.000334
0.000319
0.000184
0.000075
0.000219
0.000416
0.000347
0.000141
0.000117
0.000177
-0.000037
-0.000431
-0.000540
-0.000310
-0.000162
-0.000307
-0.000447
-0.000265
0.000028
0.000055
-0.000019
0.000143
0.000312
0.000112
-0.000220
-0.000178
0.000191
0.000381
0.000211
0.000038
0.000115
0.000255
0.000278
0.000294
0.000328
0.000123
-0.000336
-0.000582
-0.000318
0.000075
0.000107
-0.000140
-0.000317
-0.000316
-0.000156
0.000115
0.000261
0.000071
-0.000284
-0.000409
-0.000180
0.000198
0.000546
0.000787
0.000830
0.000677
0.000440
0.000146
-0.000266
-0.000778
-0.001212
-0.001327
-0.001101
-0.000801
-0.000627
-0.000502
-0.000276
0.000052
0.000379
0.000604
0.000701
0.000735
0.000713
0.000597
0.000585
0.000934
0.001374
0.001403
0.001135
0.001018
0.000907
0.000407
-0.000246
-0.000597
-0.000801
-0.001176
-0.001530
-0.001579
-0.001500
-0.001579
-0.001670
-0.001434
-0.000882
-0.000402
-0.000289
-0.000355
-0.000197
0.000293
0.000900
0.001354
0.001524
0.001533
0.001628
0.001823
0.001791
0.001354
0.000791
0.000374
0.000026
-0.000297
-0.000493
-0.000688
-0.001033
-0.001290
-0.001253
-0.001136
-0.001105
-0.001050
-0.000917
-0.000771
-0.000621
-0.000420
-0.000176
0.000020
0.000070
0.000050
0.000220
0.000650
0.001002
0.001012
0.000914
0.000954
0.000929
0.000725
0.000648
0.000808
0.000883
0.000708
0.000426
0.000127
-0.000142
-0.000286
-0.000354
-0.000532
-0.000857
-0.001176
-0.001366
-0.001447
-0.001440
-0.001337
-0.001182
-0.000932
-0.000489
0.000017
0.000343
0.000506
0.000691
0.000930
0.001160
0.001351
0.001470
0.001553
0.001636
0.001549
0.001117
0.000485
-0.000041
-0.000353
-0.000592
-0.000871
-0.001074
-0.001065
-0.000945
-0.000902
-0.000976
-0.001118
-0.001263
-0.001313
-0.001162
-0.000846
-0.000569
-0.000377
-0.000057
0.000478
0.001059
0.001581
0.002062
0.002383
0.002334
0.001989
0.001671
0.001397
0.000872
0.000111
-0.000541
-0.000947
-0.001182
-0.001293
-0.001425
-0.001649
-0.001726
-0.001587
-0.001562
-0.001773
-0.001999
-0.002073
-0.001877
-0.001326
-0.000531
0.000356
0.001260
0.002097
0.002799
0.003294
0.003463
0.003295
0.002947
0.002540
0.001981
0.000992
-0.000483
-0.001854
-0.002399
-0.002236
-0.002015
-0.001820
-0.001285
-0.000572
-0.000224
-0.000285
-0.000409
-0.000636
-0.001213
-0.001805
-0.001840
-0.001395
-0.000894
-0.000352
0.000449
0.001490
0.002474
0.003059
0.003165
0.002920
0.002298
0.001233
0.000087
-0.000639
-0.000965
-0.001180
-0.001262
-0.001038
-0.000567
-0.000155
-0.000121
-0.000466
-0.000907
-0.001245
-0.001417
-0.001393
-0.001290
-0.001190
-0.000865
-0.000117
0.000830
0.001616
0.002110
0.002287
0.002055
0.001416
0.000587
-0.000119
-0.000539
-0.000761
-0.000848
-0.000685
-0.000298
0.000096
0.000420
0.000645
0.000580
0.000131
-0.000508
-0.001047
-0.001321
-0.001453
-0.001603
-0.001518
-0.000903
-0.000078
0.000566
0.001202
0.001865
0.002079
0.001706
0.001148
0.000565
-0.000177
-0.000895
-0.001196
-0.001078
-0.000844
-0.000608
-0.000315
0.000021
0.000371
0.000679
0.000822
0.000773
0.000603
0.000350
0.000045
-0.000226
-0.000382
-0.000361
-0.000147
0.000155
0.000363
0.000358
0.000120
-0.000229
-0.000457
-0.000492
-0.000496
-0.000602
-0.000778
-0.000850
-0.000634
-0.000210
0.000224
0.000700
0.001168
0.001227
0.000780
0.000333
0.000146
-0.000063
-0.000335
-0.000357
-0.000208
-0.000276
-0.000531
-0.000626
-0.000552
-0.000567
-0.000634
-0.000434
0.000072
0.000522
0.000657
0.000647
0.000737
0.000800
0.000592
0.000230
0.000078
0.000236
0.000404
0.000346
0.000249
0.000318
0.000348
0.000085
-0.000336
-0.000655
-0.000875
-0.001116
-0.001288
-0.001215
-0.000957
-0.000702
-0.000377
0.000165
0.000658
0.000718
0.000520
0.000543
0.000801
0.000871
0.000555
0.000122
-0.000068
-0.000044
-0.000120
-0.000192
0.000170
0.000727
0.000773
0.000389
0.000217
0.000259
0.000044
-0.000469
-0.000956
-0.001168
-0.001110
-0.000997
-0.000805
-0.000276
0.000346
0.000566
0.000539
0.000700
0.000909
0.000727
0.000171
-0.000255
-0.000324
-0.000427
-0.000704
-0.000622
-0.000052
0.000334
0.000252
0.000164
0.000297
0.000366
0.000215
0.000062
0.000024
-0.000102
-0.000328
-0.000300
0.000016
0.000239
0.000287
0.000396
0.000547
0.000510
0.000292
0.000128
0.000060
-0.000197
-0.000763
-0.001283
-0.001349
-0.000945
-0.000374
0.000086
0.000396
0.000621
0.000695
0.000533
0.000310
0.000227
0.000176
0.000031
-0.000074
-0.000058
-0.000064
-0.000155
-0.000129
0.000205
0.000613
0.000619
0.000270
0.000035
-0.000051
-0.000303
-0.000690
-0.000890
-0.000751
-0.000439
-0.000181
0.000002
0.000171
0.000298
0.000357
0.000322
0.000151
-0.000043
-0.000081
0.000046
0.000212
0.000327
0.000400
0.000478
0.000450
0.000188
-0.000127
-0.000301
-0.000471
-0.000700
-0.000820
-0.000739
-0.000413
0.000142
0.000690
0.001035
0.001136
0.000930
0.000484
0.000065
-0.000222
-0.000528
-0.000923
-0.001260
-0.001270
-0.000766
0.000033
0.000640
0.000912
0.001071
0.001144
0.000887
0.000248
-0.000450
-0.000890
-0.001096
-0.001153
-0.000938
-0.000445
0.000092
0.000554
0.000940
0.001112
0.000970
0.000575
0.000034
-0.000505
-0.000879
-0.001042
-0.000990
-0.000644
0.000031
0.000784
0.001155
0.001039
0.000804
0.000635
0.000318
-0.000244
-0.000852
-0.001265
-0.001321
-0.000989
-0.000419
0.000141
0.000530
0.000812
0.001070
0.001066
0.000592
-0.000025
-0.000361
-0.000481
-0.000543
-0.000451
-0.000248
-0.000100
0.000101
0.000460
0.000741
0.000726
0.000474
0.000123
-0.000288
-0.000743
-0.001057
-0.001007
-0.000660
-0.000243
0.000181
0.000567
0.000731
0.000621
0.000411
0.000268
0.000198
0.000028
-0.000319
-0.000581
-0.000537
-0.000344
-0.000167
0.000085
0.000398
0.000514
0.000352
0.000145
-0.000023
-0.000312
-0.000658
-0.000782
-0.000664
-0.000461
-0.000148
0.000265
0.000546
0.000639
0.000739
0.000891
0.000917
0.000686
0.000268
-0.000108
-0.000308
-0.000375
-0.000316
-0.000119
0.000027
-0.000049
-0.000168
-0.000154
-0.000166
-0.000345
-0.000546
-0.000633
-0.000663
-0.000664
-0.000519
-0.000173
0.000219
0.000412
0.000374
0.000395
0.000733
0.001196
0.001347
0.001049
0.000539
0.000058
-0.000303
-0.000536
-0.000680
-0.000761
-0.000769
-0.000772
-0.000862
-0.000934
-0.000741
-0.000269
0.000171
0.000361
0.000411
0.000470
0.000506
0.000415
0.000213
0.000028
-0.000062
-0.000079
-0.000009
0.000138
0.000226
0.000272
0.000486
0.000791
0.000879
0.000666
0.000288
-0.000067
-0.000261
-0.000381
-0.000523
-0.000561
-0.000444
-0.000325
-0.000246
-0.000155
-0.000157
-0.000288
-0.000337
-0.000251
-0.000277
-0.000492
-0.000691
-0.000664
-0.000341
0.000112
0.000449
0.000644
0.000791
0.000874
0.000825
0.000651
0.000474
0.000413
0.000389
0.000276
0.000140
0.000073
0.000037
0.000011
-0.000004
-0.000130
-0.000429
-0.000685
-0.000645
-0.000406
-0.000333
-0.000602
-0.001016
-0.001265
-0.001158
-0.000702
-0.000090
0.000412
0.000620
0.000565
0.000487
0.000547
0.000649
0.000669
0.000637
0.000632
0.000676
0.000723
0.000701
0.000604
0.000414
0.000078
-0.000318
-0.000620
-0.000809
-0.000965
-0.001128
-0.001142
-0.000786
-0.000212
0.000212
0.000467
0.000711
0.000827
0.000662
0.000335
0.000048
-0.000182
-0.000447
-0.000671
-0.000663
-0.000405
-0.000025
0.000342
0.000558
0.000626
0.000663
0.000615
0.000365
0.000060
-0.000132
-0.000294
-0.000497
-0.000631
-0.000601
-0.000384
-0.000042
0.000225
0.000284
0.000171
-0.000029
-0.000207
-0.000308
-0.000364
-0.000327
-0.000156
0.000014
0.000131
0.000308
0.000530
0.000646
0.000557
0.000330
0.000159
0.000073
-0.000135
-0.000479
-0.000691
-0.000662
-0.000468
-0.000095
0.000408
0.000807
0.000881
0.000560
0.000054
-0.000295
-0.000495
-0.000775
-0.000985
-0.000788
-0.000269
0.000201
0.000454
0.000591
0.000722
0.000804
0.000726
0.000493
0.000274
0.000160
0.000020
-0.000257
-0.000564
-0.000681
-0.000458
-0.000019
0.000274
0.000330
0.000350
0.000204
-0.000339
-0.000919
-0.001079
-0.001003
-0.001024
-0.000964
-0.000563
-0.000042
0.000227
0.000323
0.000606
0.001042
0.001158
0.000801
0.000443
0.000461
0.000627
0.000588
0.000374
0.000244
0.000281
0.000317
0.000263
0.000226
0.000181
-0.000041
-0.000355
-0.000543
-0.000698
-0.001006
-0.001290
-0.001261
-0.000945
-0.000621
-0.000476
-0.000335
0.000095
0.000609
0.000723
0.000489
0.000360
0.000449
0.000509
0.000404
0.000255
0.000214
0.000240
0.000236
0.000256
0.000332
0.000353
0.000274
0.000186
0.000107
-0.000089
-0.000425
-0.000696
-0.000703
-0.000569
-0.000562
-0.000631
-0.000482
-0.000114
0.000164
0.000262
0.000388
0.000584
0.000665
0.000584
0.000464
0.000345
0.000161
-0.000078
-0.000264
-0.000341
-0.000334
-0.000217
0.000040
0.000316
0.000464
0.000442
0.000203
-0.000248
-0.000703
-0.000897
-0.000821
-0.000742
-0.000756
-0.000684
-0.000505
-0.000324
-0.000057
0.000331
0.000628
0.000674
0.000592
0.000598
0.000699
0.000731
0.000694
0.000728
0.000745
0.000507
0.000089
-0.000144
-0.000020
0.000238
0.000290
0.000089
-0.000133
-0.000293
-0.000497
-0.000717
-0.000905
-0.001135
-0.001336
-0.001263
-0.000876
-0.000402
-0.000066
0.000114
0.000298
0.000559
0.000716
0.000627
0.000474
0.000516
0.000711
0.000766
0.000558
0.000322
0.000273
0.000295
0.000178
-0.000042
-0.000172
-0.000193
-0.000264
-0.000425
-0.000561
-0.000620
-0.000680
-0.000791
-0.000799
-0.000524
-0.000150
0.000035
0.000203
0.000580
0.000855
0.000749
0.000551
0.000533
0.000478
0.000197
-0.000031
0.000089
0.000377
0.000473
0.000303
0.000070
-0.000088
-0.000210
-0.000342
-0.000417
-0.000356
-0.000239
-0.000259
-0.000482
-0.000737
-0.000836
-0.000788
-0.000666
-0.000436
-0.000087
0.000220
0.000324
0.000286
0.000293
0.000423
0.000595
0.000677
0.000620
0.000518
0.000406
0.000158
-0.000141
-0.000122
0.000231
0.000448
0.000334
0.000174
0.000125
0.000014
-0.000235
-0.000435
-0.000444
-0.000391
-0.000427
-0.000474
-0.000431
-0.000325
-0.000178
-0.000021
0.000076
0.000146
0.000252
0.000320
0.000249
0.000111
0.000030
-0.000011
-0.000094
-0.000188
-0.000169
-0.000013
0.000137
0.000206
0.000277
0.000379
0.000403
0.000295
0.000115
-0.000103
-0.000356
-0.000560
-0.000629
-0.000589
-0.000536
-0.000571
-0.000629
-0.000444
0.000029
0.000454
0.000618
0.000673
0.000746
0.000743
0.000594
0.000427
0.000368
0.000312
0.000127
-0.000021
0.000063
0.000199
0.000112
-0.000105
-0.000160
-0.000023
-0.000005
-0.000284
-0.000581
-0.000650
-0.000721
-0.000977
-0.001112
-0.000824
-0.000299
0.000053
0.000106
0.000065
0.000105
0.000250
0.000478
0.000702
0.000765
0.000636
0.000476
0.000372
0.000290
0.000331
0.000567
0.000746
0.000641
0.000390
0.000170
-0.000096
-0.000505
-0.000919
-0.001112
-0.001054
-0.000920
-0.000866
-0.000847
-0.000661
-0.000232
0.000217
0.000405
0.000336
0.000273
0.000386
0.000544
