4800
-0.000154
-0.000014
-0.000010
-0.000063
0.000006
0.000241
0.000448
0.000442
0.000249
-0.000004
-0.000234
-0.000407
-0.000516
-0.000586
-0.000649
-0.000636
-0.000423
-0.000073
0.000206
0.000345
0.000486
0.000706
0.000825
0.000689
0.000435
0.000228
-0.000005
-0.000265
-0.000288
0.000009
0.000250
0.000146
-0.000091
-0.000165
-0.000145
-0.000220
-0.000388
-0.000524
-0.000528
-0.000350
-0.000071
0.000125
0.000187
0.000226
0.000282
0.000292
0.000235
0.000160
0.000138
0.000195
0.000256
0.000238
0.000139
-0.000015
-0.000176
-0.000275
-0.000292
-0.000257
-0.000198
-0.000154
-0.000133
-0.000050
0.000165
0.000396
0.000427
0.000194
-0.000148
-0.000379
-0.000364
-0.000162
0.000033
0.000107
0.000085
0.000034
0.000016
0.000046
0.000065
-0.000007
-0.000187
-0.000341
-0.000324
-0.000189
-0.000059
0.000075
0.000234
0.000313
0.000211
0.000000
-0.000121
-0.000054
0.000119
0.000265
0.000351
0.000429
0.000491
0.000387
0.000051
-0.000287
-0.000365
-0.000213
-0.000077
-0.000156
-0.000392
-0.000520
-0.000424
-0.000266
-0.000185
-0.000144
-0.000095
-0.000045
0.000017
0.000099
0.000203
0.000349
0.000481
0.000500
0.000430
0.000392
0.000385
0.000266
0.000013
-0.000179
-0.000208
-0.000241
-0.000352
-0.000323
-0.000083
0.000062
-0.000059
-0.000202
-0.000175
-0.000089
-0.000064
-0.000032
0.000073
0.000143
0.000060
-0.000119
-0.000276
-0.000359
-0.000359
-0.000338
-0.000384
-0.000436
-0.000326
-0.000028
0.000326
0.000608
0.000771
0.000829
0.000816
0.000745
0.000588
0.000307
-0.000043
-0.000326
-0.000464
-0.000461
-0.000342
-0.000190
-0.000119
-0.000132
-0.000118
-0.000028
0.000047
0.000026
-0.000064
-0.000161
-0.000216
-0.000203
-0.000166
-0.000184
-0.000217
-0.000165
-0.000053
0.000041
0.000163
0.000319
0.000392
0.000348
0.000255
0.000165
0.000086
0.000001
-0.000047
0.000026
0.000135
0.000079
-0.000126
-0.000280
-0.000291
-0.000207
-0.000112
-0.000059
0.000009
0.000138
0.000214
0.000177
0.000161
0.000191
0.000088
-0.000157
-0.000319
-0.000325
-0.000316
-0.000355
-0.000381
-0.000328
-0.000153
0.000098
0.000297
0.000381
0.000393
0.000383
0.000333
0.000212
0.000063
-0.000037
-0.000046
0.000042
0.000191
0.000312
0.000331
0.000245
0.000097
-0.000080
-0.000262
-0.000400
-0.000448
-0.000397
-0.000276
-0.000127
-0.000009
0.000032
0.000019
0.000014
0.000012
-0.000031
-0.000100
-0.000139
-0.000124
-0.000047
0.000055
0.000070
-0.000028
-0.000077
0.000054
0.000244
0.000306
0.000260
0.000242
0.000272
0.000288
0.000220
0.000050
-0.000136
-0.000290
-0.000438
-0.000533
-0.000519
-0.000429
-0.000334
-0.000295
-0.000244
-0.000026
0.000278
0.000472
0.000607
0.000790
0.000854
0.000612
0.000159
-0.000262
-0.000477
-0.000425
-0.000197
-0.000011
0.000010
-0.000034
-0.000003
0.000043
-0.000068
-0.000311
-0.000423
-0.000288
-0.000103
-0.000024
0.000057
0.000241
0.000404
0.000434
0.000385
0.000283
0.000111
-0.000056
-0.000131
-0.000127
-0.000102
-0.000095
-0.000113
-0.000151
-0.000202
-0.000252
-0.000280
-0.000250
-0.000159
-0.000093
-0.000109
-0.000116
-0.000014
0.000144
0.000241
0.000262
0.000286
0.000351
0.000379
0.000278
0.000082
-0.000067
-0.000093
-0.000081
-0.000134
-0.000222
-0.000229
-0.000159
-0.000146
-0.000237
-0.000323
-0.000280
-0.000135
-0.000019
0.000073
0.000250
0.000468
0.000567
0.000535
0.000491
0.000428
0.000217
-0.000127
-0.000418
-0.000530
-0.000486
-0.000343
-0.000169
-0.000072
-0.000099
-0.000138
-0.000030
0.000201
0.000345
0.000288
0.000123
-0.000022
-0.000148
-0.000326
-0.000468
-0.000340
0.000047
0.000337
0.000314
0.000187
0.000212
0.000292
0.000208
-0.000005
-0.000168
-0.000213
-0.000170
-0.000115
-0.000087
-0.000037
0.000059
0.000144
0.000195
0.000258
0.000297
0.000178
-0.000062
-0.000196
-0.000193
-0.000190
-0.000145
0.000023
0.000165
0.000097
-0.000142
-0.000369
-0.000463
-0.000432
-0.000330
-0.000199
-0.000060
0.000084
0.000227
0.000329
0.000339
0.000263
0.000170
0.000101
0.000050
0.000039
0.000124
0.000245
0.000232
0.000069
-0.000030
0.000041
0.000121
0.000089
0.000027
-0.000014
-0.000121
-0.000330
-0.000563
-0.000689
-0.000580
-0.000235
0.000135
0.000300
0.000288
0.000282
0.000252
0.000097
-0.000011
0.000087
0.000264
0.000381
0.000420
0.000360
0.000242
0.000149
0.000032
-0.000198
-0.000449
-0.000558
-0.000515
-0.000423
-0.000324
-0.000182
-0.000005
0.000155
0.000259
0.000255
0.000107
-0.000121
-0.000282
-0.000282
-0.000143
0.000077
0.000346
0.000575
0.000642
0.000537
0.000375
0.000211
-0.000016
-0.000283
-0.000419
-0.000366
-0.000278
-0.000301
-0.000382
-0.000387
-0.000311
-0.000233
-0.000146
-0.000028
0.000053
0.000018
-0.000054
0.000011
0.000202
0.000351
0.000417
0.000471
0.000481
0.000362
0.000139
-0.000094
-0.000266
-0.000332
-0.000311
-0.000268
-0.000176
0.000006
0.000193
0.000297
0.000312
0.000227
0.000037
-0.000179
-0.000295
-0.000285
-0.000199
-0.000064
0.000060
0.000117
0.000158
0.000203
0.000164
0.000060
0.000041
0.000088
0.000024
-0.000140
-0.000222
-0.000171
-0.000091
-0.000072
-0.000093
-0.000056
0.000044
0.000066
-0.000019
-0.000043
0.000059
0.000163
0.000173
0.000126
0.000047
-0.000096
-0.000257
-0.000301
-0.000153
0.000126
0.000331
0.000273
0.000027
-0.000155
-0.000196
-0.000201
-0.000212
-0.000211
-0.000184
-0.000069
0.000153
0.000328
0.000357
0.000301
0.000144
-0.000163
-0.000441
-0.000442
-0.000167
0.000138
0.000269
0.000247
0.000175
0.000042
-0.000147
-0.000235
-0.000116
0.000110
0.000295
0.000445
0.000593
0.000649
0.000533
0.000277
-0.000034
-0.000307
-0.000467
-0.000499
-0.000463
-0.000426
-0.000378
-0.000283
-0.000167
-0.000088
-0.000091
-0.000173
-0.000231
-0.000183
-0.000127
-0.000148
-0.000125
0.000049
0.000258
0.000361
0.000407
0.000484
0.000502
0.000350
0.000143
0.000097
0.000245
0.000429
0.000493
0.000406
0.000196
-0.000123
-0.000498
-0.000827
-0.001005
-0.000974
-0.000804
-0.000631
-0.000492
-0.000305
0.000018
0.000418
0.000697
0.000729
0.000607
0.000463
0.000314
-0.000008
-0.000814
-0.001686
-0.001300
0.000247
0.001215
0.001574
0.002681
0.003714
0.003035
0.001557
0.000579
-0.000773
-0.002753
-0.003623
-0.003050
-0.002823
-0.003684
-0.004488
-0.003874
-0.001784
0.000279
0.001573
0.003356
0.005781
0.006725
0.005593
0.004099
0.002498
-0.000186
-0.002777
-0.003567
-0.003462
-0.003636
-0.003151
-0.001587
-0.000202
0.000659
0.001656
0.002361
0.002072
0.001355
0.000686
-0.000404
-0.001681
-0.002178
-0.002033
-0.001947
-0.001627
-0.000688
0.000316
0.000954
0.001456
0.001795
0.001647
0.001131
0.000527
-0.000107
-0.000530
-0.000496
-0.000322
-0.000288
-0.000088
0.000386
0.000710
0.000751
0.000747
0.000602
0.000120
-0.000409
-0.000678
-0.000854
-0.001191
-0.001809
-0.002318
-0.001584
0.000415
0.001940
0.002633
0.003819
0.004751
0.003428
0.000770
-0.001016
-0.002432
-0.004537
-0.005849
-0.005203
-0.003964
-0.003114
-0.001664
0.000961
0.003510
0.004826
0.005309
0.005420
0.004638
0.002787
0.000598
-0.001473
-0.003424
-0.004756
-0.004782
-0.003713
-0.002163
-0.000246
0.001667
0.002751
0.002985
0.002864
0.002228
0.000949
-0.000339
-0.001377
-0.002535
-0.003168
-0.002147
-0.000181
0.001304
0.002424
0.003390
0.003179
0.001542
0.000018
-0.000599
-0.001433
-0.002714
-0.003009
-0.002195
-0.001427
-0.000637
0.000593
0.001520
0.001669
0.001396
0.000522
-0.001004
-0.001992
-0.001949
-0.001800
-0.001396
0.000200
0.002138
0.003092
0.003538
0.003983
0.003443
0.001550
-0.000424
-0.001771
-0.002987
-0.003870
-0.003642
-0.002523
-0.001106
0.000477
0.001812
0.002359
0.002199
0.001512
0.000277
-0.001148
-0.002176
-0.002614
-0.002523
-0.001868
-0.000737
0.000564
0.001743
0.002566
0.002908
0.002776
0.002121
0.000977
-0.000252
-0.001117
-0.001559
-0.001688
-0.001401
-0.000638
0.000221
0.000780
0.001126
0.001368
0.001266
0.000638
-0.000376
-0.001349
-0.001827
-0.001864
-0.001770
-0.001397
-0.000585
0.000286
0.000870
0.001189
0.001278
0.001122
0.000777
0.000260
-0.000370
-0.000821
-0.000854
-0.000556
-0.000024
0.000733
0.001385
0.001528
0.001298
0.001036
0.000619
-0.000192
-0.001118
-0.001723
-0.001926
-0.001769
-0.001251
-0.000508
0.000270
0.000911
0.001240
0.001247
0.001039
0.000592
-0.000129
-0.000884
-0.001297
-0.001278
-0.001064
-0.000733
-0.000114
0.000647
0.001132
0.001329
0.001411
0.001234
0.000758
0.000239
-0.000232
-0.000672
-0.000944
-0.001016
-0.000979
-0.000720
-0.000126
0.000538
0.000958
0.001138
0.001083
0.000645
-0.000045
-0.000552
-0.000756
-0.000918
-0.001044
-0.000853
-0.000403
-0.000041
0.000180
0.000367
0.000423
0.000244
-0.000014
-0.000055
0.000152
0.000313
0.000312
0.000354
0.000487
0.000512
0.000348
0.000153
0.000086
0.000060
-0.000143
-0.000484
-0.000666
-0.000592
-0.000541
-0.000658
-0.000623
-0.000221
0.000213
0.000318
0.000228
0.000232
0.000255
0.000059
-0.000272
-0.000481
-0.000526
-0.000483
-0.000293
0.000120
0.000557
0.000693
0.000551
0.000440
0.000430
0.000363
0.000217
0.000076
-0.000069
-0.000261
-0.000435
-0.000449
-0.000203
0.000197
0.000472
0.000470
0.000336
0.000304
0.000336
0.000212
-0.000013
-0.000070
0.000022
0.000094
0.000248
0.000532
0.000592
0.000232
-0.000204
-0.000436
-0.000543
-0.000575
-0.000500
-0.000408
-0.000382
-0.000400
-0.000390
-0.000284
-0.000151
-0.000124
-0.000129
0.000017
0.000233
0.000275
0.000138
0.000002
-0.000083
-0.000178
-0.000316
-0.000526
-0.000728
-0.000721
-0.000495
-0.000293
-0.000223
-0.000102
0.000258
0.000845
0.001486
0.001896
0.001858
0.001468
0.001000
0.000549
0.000076
-0.000350
-0.000618
-0.000735
-0.000751
-0.000698
-0.000603
-0.000440
-0.000205
-0.000074
-0.000198
-0.000395
-0.000420
-0.000415
-0.000642
-0.000923
-0.000844
-0.000436
-0.000111
0.000052
0.000268
0.000428
0.000355
0.000273
0.000364
0.000484
0.000613
0.000859
0.001050
0.000959
0.000761
0.000671
0.000311
-0.000994
-0.003180
-0.004920
-0.004744
-0.003013
-0.001662
-0.001236
-0.000097
0.002265
0.003893
0.003870
0.003850
0.004513
0.004165
0.002253
0.000733
0.000833
0.001409
0.001237
0.000709
0.000713
0.001241
0.001564
0.001228
0.000605
0.000223
-0.000291
-0.001666
-0.003460
-0.004381
-0.004294
-0.004327
-0.004717
-0.004473
-0.003434
-0.002625
-0.002383
-0.001918
-0.000966
-0.000375
-0.000690
-0.001244
-0.001120
-0.000337
0.000486
0.001148
0.001985
0.003264
0.004715
0.005627
0.005633
0.005243
0.004953
0.004363
0.003181
0.002202
0.001971
0.001630
0.000532
-0.000354
-0.000193
0.000121
-0.000390
-0.001319
-0.002219
-0.003364
-0.004557
-0.005103
-0.004991
-0.004692
-0.004262
-0.003574
-0.002788
-0.002028
-0.001285
-0.000710
-0.000346
0.000022
0.000362
0.000417
0.000419
0.000861
0.001579
0.002083
0.002474
0.003080
0.003794
0.004323
0.004506
0.004227
0.003406
0.002236
0.001147
0.000329
-0.000362
-0.000957
-0.001300
-0.001347
-0.001218
-0.001059
-0.000995
-0.001107
-0.001456
-0.002057
-0.002711
-0.003061
-0.002965
-0.002602
-0.002124
-0.001480
-0.000643
0.000217
0.000674
0.000058
-0.001892
-0.004192
-0.005243
-0.004515
-0.002921
-0.001423
0.000141
0.002463
0.005281
0.007418
0.008394
0.008826
0.008816
0.007496
0.005003
0.003049
0.002419
0.001895
0.000694
-0.000266
-0.000284
0.000052
0.000045
-0.000347
-0.001001
-0.002043
-0.003574
-0.005312
-0.006657
-0.007186
-0.007174
-0.007199
-0.007086
-0.006122
-0.004435
-0.002979
-0.002121
-0.001436
-0.000802
-0.000523
-0.000492
-0.000130
0.000821
0.001950
0.002754
0.003370
0.004359
0.005847
0.007262
0.007946
0.007805
0.007126
0.006012
0.004593
0.003419
0.002751
0.001985
0.000688
-0.000360
-0.000258
0.000343
-0.000026
-0.001395
-0.002500
-0.003108
-0.004165
-0.005743
-0.006911
-0.007458
-0.007889
-0.008008
-0.007151
-0.005492
-0.003819
-0.002386
-0.000934
0.000592
0.001909
0.002641
0.002728
0.002707
0.003033
0.003391
0.003449
0.003603
0.004116
0.004506
0.004488
0.004473
0.004583
0.004310
0.003494
0.002548
0.001669
0.000737
-0.000222
-0.001131
-0.002023
-0.002715
-0.002905
-0.002742
-0.002739
-0.003039
-0.003312
-0.003353
-0.003295
-0.003256
-0.003173
-0.003020
-0.002819
-0.002403
-0.001545
-0.000414
0.000544
0.001258
0.002028
0.002772
0.002747
0.001333
-0.001050
-0.003298
-0.004647
-0.004671
-0.003118
-0.000665
0.001483
0.003317
0.005704
0.008396
0.010043
0.010047
0.008967
0.007117
0.004459
0.001859
0.000362
-0.000427
-0.001356
-0.002128
-0.002125
-0.001445
-0.000548
-0.000066
-0.000654
-0.002219
-0.003976
-0.005515
-0.006978
-0.008254
-0.009053
-0.009429
-0.009231
-0.007836
-0.005344
-0.002778
-0.000681
0.001058
0.002233
0.002626
0.002695
0.002898
0.003047
0.002990
0.003162
0.003923
0.005040
0.006243
0.007568
0.008751
0.009122
0.008487
0.007214
0.005487
0.003427
0.001444
-0.000209
-0.001674
-0.002972
-0.003774
-0.003925
-0.003884
-0.004219
-0.004839
-0.005356
-0.005819
-0.006376
-0.006774
-0.006808
-0.006647
-0.006347
-0.005612
-0.004223
-0.002363
-0.000438
0.001317
0.002907
0.004223
0.005000
0.005249
0.005315
0.005304
0.004913
0.004140
0.003611
0.003724
0.004018
0.003976
0.003757
0.003580
0.003187
0.002294
0.001029
-0.000248
-0.001348
-0.002352
-0.003331
-0.004135
-0.004545
-0.004561
-0.004448
-0.004390
-0.004188
-0.003612
-0.002942
-0.002639
-0.002606
-0.002319
-0.001635
-0.000945
-0.000377
0.000494
0.001810
0.002966
0.003451
0.003578
0.003859
0.004122
0.003927
0.003227
0.001841
-0.000607
-0.003606
-0.005864
-0.006595
-0.005732
-0.003709
-0.001543
0.000263
0.002654
0.006074
0.008749
0.009035
0.008008
0.007206
0.005755
0.002907
0.000520
-0.000189
-0.000731
-0.002018
-0.002775
-0.002143
-0.000823
0.000103
-0.000121
-0.001445
-0.002857
-0.003761
-0.004860
-0.006490
-0.007630
-0.007877
-0.008089
-0.008022
-0.006329
-0.003466
-0.001333
-0.000187
0.001066
0.002431
0.003181
0.003422
0.003619
0.003713
0.003625
0.003688
0.004151
0.004926
0.005907
0.006914
0.007450
0.007180
0.006341
0.005211
0.003771
0.002084
0.000366
-0.001216
-0.002463
-0.003201
-0.003546
-0.003828
-0.004187
-0.004435
-0.004487
-0.004671
-0.005217
-0.005853
-0.006254
-0.006367
-0.006134
-0.005428
-0.004271
-0.002819
-0.001202
0.000506
0.002271
0.004001
0.005406
0.006147
0.006237
0.005984
0.005470
0.004613
0.003665
0.002961
0.002425
0.001947
0.001718
0.001741
0.001701
0.001465
0.001091
0.000552
-0.000190
-0.001055
-0.001967
-0.002908
-0.003766
-0.004419
-0.004957
-0.005362
-0.005226
-0.004417
-0.003513
-0.002890
-0.002102
-0.000818
0.000467
0.001293
0.001856
0.002248
0.002221
0.001930
0.001874
0.002119
0.002317
0.002408
0.002642
0.002779
0.001872
-0.000440
-0.002942
-0.004468
-0.005540
-0.006422
-0.005511
-0.002386
0.000506
0.001976
0.004073
0.007573
0.009860
0.009368
0.007882
0.006769
0.005083
0.002458
0.000032
-0.001603
-0.002602
-0.003081
-0.003311
-0.003064
-0.001653
-0.000064
-0.000238
-0.001579
-0.002054
-0.002316
-0.004268
-0.006834
-0.007811
-0.007775
-0.008011
-0.007580
-0.005695
-0.003511
-0.001666
0.000360
0.002204
0.003188
0.003850
0.004535
0.004493
0.003797
0.003700
0.004387
0.004774
0.004742
0.005235
0.006213
0.006602
0.006158
0.005567
0.004943
0.003692
0.001674
-0.000403
-0.001863
-0.002866
-0.003893
-0.004765
-0.004901
-0.004446
-0.004285
-0.004758
-0.005176
-0.005086
-0.005079
-0.005602
-0.005973
-0.005555
-0.004783
-0.003997
-0.002639
-0.000531
0.001606
0.003366
0.004968
0.006394
0.007311
0.007557
0.007116
0.006079
0.004794
0.003564
0.002355
0.001250
0.000572
0.000229
-0.000126
-0.000245
0.000195
0.000620
0.000317
-0.000528
-0.001468
-0.002537
-0.003664
-0.004404
-0.004711
-0.004916
-0.004920
-0.004443
-0.003671
-0.002842
-0.001898
-0.000914
-0.000019
0.000958
0.001961
0.002485
0.002455
0.002453
0.002742
0.002932
0.002753
0.002461
0.002374
0.002464
0.002271
0.001123
-0.000914
-0.002671
-0.003703
-0.005142
-0.006827
-0.006311
-0.003221
-0.000593
0.000450
0.002507
0.006429
0.009085
0.008591
0.007149
0.006638
0.005740
0.003296
0.000526
-0.001141
-0.001671
-0.001953
-0.002602
-0.002730
-0.001227
0.000522
0.000200
-0.001405
-0.001886
-0.001931
-0.003855
-0.006683
-0.007757
-0.007513
-0.007871
-0.008150
-0.006747
-0.004277
-0.002123
-0.000385
0.001199
0.002599
0.003919
0.004897
0.004958
0.004558
0.004731
0.005193
0.004968
0.004529
0.005008
0.005875
0.005811
0.005076
0.004698
0.004373
0.003251
0.001655
0.000384
-0.000696
-0.002085
-0.003456
-0.004115
-0.004216
-0.004440
-0.004858
-0.005052
-0.004969
-0.004981
-0.005361
-0.005888
-0.005997
-0.005519
-0.004894
-0.004215
-0.002802
-0.000480
0.001833
0.003622
0.005370
0.007075
0.007911
0.007715
0.007106
0.006172
0.004647
0.002924
0.001566
0.000576
-0.000119
-0.000421
-0.000445
-0.000336
-0.000123
-0.000072
-0.000364
-0.000754
-0.001244
-0.002249
-0.003570
-0.004364
-0.004423
-0.004276
-0.004064
-0.003585
-0.002997
-0.002381
-0.001443
-0.000277
0.000692
0.001521
0.002301
0.002635
0.002515
0.002474
0.002471
0.002076
0.001611
0.001682
0.002069
0.002199
0.002079
0.001896
0.001199
-0.000617
-0.003016
-0.004598
-0.005172
-0.006057
-0.007229
-0.006447
-0.003107
0.000046
0.001502
0.003453
0.006971
0.009347
0.008936
0.007815
0.007495
0.006602
0.004165
0.001342
-0.000511
-0.001122
-0.001285
-0.002057
-0.002905
-0.002262
-0.000893
-0.001218
-0.002823
-0.003312
-0.003223
-0.004796
-0.007135
-0.007877
-0.007577
-0.007702
-0.007286
-0.005290
-0.002841
-0.000906
0.000875
0.002483
0.003556
0.004381
0.004969
0.004804
0.004267
0.004200
0.004327
0.004158
0.004242
0.004927
0.005511
0.005561
0.005400
0.005065
0.004254
0.002920
0.001141
-0.000748
-0.001991
-0.002588
-0.003529
-0.004744
-0.004962
-0.004298
-0.004214
-0.004858
-0.005191
-0.005149
-0.005320
-0.005470
-0.005103
-0.004408
-0.003648
-0.002635
-0.001142
0.000835
0.002917
0.004381
0.005116
0.005866
0.006690
0.006615
0.005495
0.004404
0.003706
0.002718
0.001449
0.000661
0.000362
-0.000018
-0.000418
-0.000404
-0.000093
-0.000041
-0.000565
-0.001481
-0.002309
-0.002829
-0.003361
-0.004097
-0.004508
-0.004123
-0.003300
-0.002490
-0.001527
-0.000307
0.000696
0.001125
0.001209
0.001248
0.001257
0.001150
0.000908
0.000711
0.000909
0.001478
0.001868
0.001884
0.001996
0.002295
0.002161
0.001486
0.001025
0.000963
0.000387
-0.001325
-0.003468
-0.004799
-0.005058
-0.005290
-0.006131
-0.006244
-0.004027
-0.000543
0.001734
0.002897
0.005056
0.007879
0.008852
0.007861
0.007107
0.006900
0.005508
0.002752
0.000481
-0.000269
-0.000392
-0.001143
-0.002416
-0.002815
-0.001885
-0.001379
-0.002584
-0.003918
-0.003819
-0.003768
-0.005290
-0.006757
-0.006474
-0.005784
-0.006005
-0.005779
-0.003998
-0.001882
-0.000591
0.000326
0.001542
0.002953
0.004001
0.004222
0.003975
0.004214
0.004892
0.004989
0.004617
0.004985
0.005978
0.006241
0.005624
0.005083
0.004590
0.003277
0.001097
-0.001083
-0.002467
-0.003039
-0.003634
-0.004689
-0.005231
-0.004516
-0.003610
-0.003650
-0.004054
-0.003997
-0.004007
-0.004600
-0.004968
-0.004480
-0.003788
-0.003321
-0.002489
-0.000867
0.001277
0.003381
0.004848
0.005680
0.006473
0.007085
0.006646
0.005278
0.003969
0.002763
0.001134
-0.000333
-0.000761
-0.000609
-0.000700
-0.000760
-0.000280
0.000377
0.000535
0.000034
-0.000786
-0.001521
-0.002151
-0.002904
-0.003593
-0.003711
-0.003358
-0.003054
-0.002644
-0.001668
-0.000523
0.000125
0.000473
0.000955
0.001289
0.001094
0.000653
0.000435
0.000492
0.000637
0.000729
0.000788
0.001075
0.001669
0.002060
0.001931
0.001748
0.001756
0.001443
0.000690
0.000230
0.000190
-0.000535
-0.002386
-0.003867
-0.003738
-0.003313
-0.004179
-0.004948
-0.003386
-0.000433
0.001274
0.001716
0.002935
0.005038
0.006140
0.005716
0.005037
0.004797
0.004321
0.002887
0.001009
0.000099
0.000412
0.000311
-0.000983
-0.001758
-0.000999
-0.000586
-0.001959
-0.003534
-0.003818
-0.003964
-0.005093
-0.006181
-0.006203
-0.005663
-0.005121
-0.004301
-0.002924
-0.001152
0.000469
0.001319
0.001661
0.002430
0.003468
0.003679
0.003251
0.003427
0.004142
0.004300
0.003977
0.004118
0.004651
0.004751
0.004295
0.003675
0.003030
0.002299
0.001151
-0.000596
-0.002110
-0.002553
-0.002704
-0.003591
-0.004395
-0.003931
-0.002936
-0.002772
-0.003258
-0.003532
-0.003652
-0.003946
-0.004072
-0.003749
-0.003189
-0.002469
-0.001476
-0.000196
0.001424
0.003128
0.004201
0.004571
0.004982
0.005441
0.005102
0.003962
0.002907
0.002152
0.001278
0.000456
0.000179
0.000274
0.000201
-0.000146
-0.000458
-0.000488
-0.000403
-0.000682
-0.001430
-0.002160
-0.002640
-0.003194
-0.003745
-0.003696
-0.003088
-0.002599
-0.002257
-0.001514
-0.000490
0.000216
0.000655
0.001230
0.001804
0.002063
0.002116
0.002197
0.002317
0.002276
0.001861
0.001297
0.001124
0.001278
0.001162
0.000759
0.000648
0.000925
0.001050
0.000747
0.000305
0.000010
-0.000205
-0.000632
-0.001703
-0.003537
-0.005255
-0.005700
-0.005135
-0.005029
-0.005655
-0.005343
-0.003020
0.000015
0.002063
0.003394
0.005193
0.007185
0.008086
0.007727
0.007019
0.006282
0.004970
0.002879
0.000926
0.000277
0.000579
0.000199
-0.001143
-0.001790
-0.001108
-0.000841
-0.002157
-0.003660
-0.004090
-0.004441
-0.005594
-0.006492
-0.006177
-0.005354
-0.004868
-0.004318
-0.002982
-0.001112
0.000281
0.000784
0.001185
0.002161
0.003020
0.002941
0.002595
0.003003
0.003795
0.004122
0.004169
0.004494
0.004881
0.004815
0.004301
0.003640
0.002966
0.002162
0.001033
-0.000183
-0.000906
-0.001283
-0.002065
-0.003057
-0.003319
-0.003035
-0.003306
-0.004177
-0.004715
-0.004752
-0.004846
-0.004922
-0.004515
-0.003712
-0.002746
-0.001527
-0.000057
0.001517
0.003051
0.004123
0.004419
0.004365
0.004400
0.004136
0.003221
0.002190
0.001646
0.001411
0.001083
0.000742
0.000647
0.000718
0.000657
0.000367
0.000042
-0.000212
-0.000679
-0.001559
-0.002443
-0.002845
-0.002919
-0.002972
-0.002773
-0.002095
-0.001317
-0.000825
-0.000465
-0.000045
0.000298
0.000491
0.000672
0.000839
0.000932
0.001038
0.001121
0.001085
0.001168
0.001523
0.001726
0.001510
0.001280
0.001217
0.000912
0.000296
-0.000206
-0.000520
-0.000891
-0.001222
-0.001299
-0.001221
-0.001070
-0.000791
-0.000611
-0.001013
-0.002088
-0.003173
-0.003519
-0.003347
-0.003515
-0.003901
-0.003173
-0.000798
0.001896
0.003544
0.004479
0.005630
0.006778
0.007151
0.006730
0.005935
0.004880
0.003429
0.001653
0.000118
-0.000577
-0.000703
-0.001205
-0.002196
-0.002596
-0.002056
-0.001880
-0.002931
-0.004228
-0.004759
-0.004967
-0.005457
-0.005856
-0.005667
-0.005020
-0.004172
-0.003025
-0.001448
0.000336
0.001758
0.002470
0.002948
0.003822
0.004660
0.004615
0.003959
0.003653
0.003825
0.003871
0.003655
0.003603
0.003799
0.003766
0.003197
0.002387
0.001701
0.000943
-0.000289
-0.001729
-0.002616
-0.002891
-0.003323
-0.004159
-0.004785
-0.004905
-0.004924
-0.005040
-0.004888
-0.004283
-0.003551
-0.002918
-0.002185
-0.001139
0.000099
0.001210
0.002058
0.002846
0.003742
0.004517
0.004852
0.004748
0.004397
0.003853
0.003090
0.002251
0.001575
0.001066
0.000577
0.000136
-0.000098
-0.000135
-0.000200
-0.000454
-0.000810
-0.001129
-0.001465
-0.002003
-0.002696
-0.003217
-0.003405
-0.003437
-0.003382
-0.003041
-0.002362
-0.001568
-0.000811
-0.000040
0.000741
0.001413
0.001929
0.002294
0.002508
0.002625
0.002646
0.002477
0.002191
0.001964
0.001667
0.001067
0.000373
-0.000043
-0.000255
-0.000537
-0.000822
-0.000910
-0.000850
-0.000815
-0.000834
-0.000888
-0.001023
-0.001173
-0.001142
-0.000993
-0.001074
-0.001537
-0.002151
-0.002542
-0.002508
-0.002286
-0.002249
-0.002192
-0.001496
-0.000051
0.001644
0.003174
0.004452
0.005418
0.005916
0.005934
0.005578
0.004806
0.003622
0.002214
0.000780
-0.000315
-0.000759
-0.001022
-0.001764
-0.002589
-0.002667
-0.002214
-0.002092
-0.002456
-0.002825
-0.003068
-0.003483
-0.004079
-0.004405
-0.004148
-0.003559
-0.003095
-0.002687
-0.001791
-0.000314
0.001074
0.001910
0.002544
0.003353
0.004124
0.004442
0.004176
0.003697
0.003554
0.003710
0.003621
0.003207
0.002878
0.002528
0.001768
0.000946
0.000470
-0.000203
-0.001438
-0.002517
-0.003002
-0.003402
-0.003905
-0.004137
-0.004143
-0.004208
-0.004127
-0.003709
-0.003248
-0.002780
-0.002004
-0.001135
-0.000506
0.000211
0.001282
0.002293
0.002913
0.003350
0.003813
0.004195
0.004317
0.004166
0.003886
0.003569
0.003068
0.002249
0.001378
0.000741
0.000152
-0.000583
-0.001248
-0.001756
-0.002402
-0.003176
-0.003559
-0.003401
-0.003177
-0.003102
-0.002931
-0.002648
-0.002446
-0.002217
-0.001760
-0.001179
-0.000604
0.000047
0.000774
0.001523
0.002381
0.003132
0.003293
0.002981
0.002776
0.002707
0.002345
0.001709
0.001228
0.000961
0.000643
0.000245
-0.000114
-0.000400
-0.000543
-0.000572
-0.000694
-0.000980
-0.001328
-0.001709
-0.002116
-0.002397
-0.002439
-0.002280
-0.001933
-0.001405
-0.000823
-0.000280
0.000191
0.000336
-0.000022
-0.000366
-0.000155
0.000155
-0.000040
-0.000232
0.000316
0.001275
0.002005
0.002655
0.003528
0.004246
0.004336
0.003962
0.003495
0.002932
0.001974
0.000458
-0.001113
-0.001858
-0.001806
-0.001978
-0.002669
-0.003022
-0.002685
-0.002370
-0.002528
-0.002746
-0.002645
-0.002495
-0.002556
-0.002518
-0.002061
-0.001412
-0.000944
-0.000519
0.000329
0.001471
0.002148
0.002152
0.002134
0.002416
0.002581
0.002406
0.002139
0.001889
0.001530
0.001107
0.000868
0.000963
0.001273
0.001462
0.001284
0.000861
0.000496
0.000125
-0.000684
-0.001915
-0.002894
-0.003277
-0.003436
-0.003610
-0.003476
-0.002819
-0.001958
-0.001186
-0.000332
0.000683
0.001451
0.001667
0.001639
0.001807
0.002078
0.001995
0.001511
0.001109
0.001072
0.001206
0.001311
0.001337
0.001229
0.000964
0.000604
0.000216
-0.000203
-0.000710
-0.001266
-0.001639
-0.001637
-0.001381
-0.001209
-0.001325
-0.001552
-0.001506
-0.001164
-0.000965
-0.001110
-0.001241
-0.001063
-0.000737
-0.000417
0.000041
0.000667
0.001149
0.001309
0.001440
0.001855
0.002334
0.002408
0.002133
0.001989
0.001997
0.001690
0.000954
0.000145
-0.000516
-0.001060
-0.001496
-0.001742
-0.001691
-0.001391
-0.001097
-0.000924
-0.000705
-0.000417
-0.000355
-0.000636
-0.000952
-0.001026
-0.000991
-0.000996
-0.000870
-0.000552
-0.000297
-0.000117
0.000344
0.001121
0.001781
0.001958
0.001472
0.000463
-0.000265
-0.000142
0.000056
-0.000495
-0.001010
-0.000456
0.000690
0.001544
0.002221
0.002920
0.003148
0.002744
0.002124
0.001275
0.000083
-0.000996
-0.001767
-0.002417
-0.002577
-0.002027
-0.001540
-0.001576
-0.001529
-0.001067
-0.000714
-0.000728
-0.000834
-0.001066
-0.001492
-0.001692
-0.001495
-0.001172
-0.000668
0.000098
0.000704
0.000988
0.001430
0.002049
0.002154
0.001740
0.001636
0.001883
0.001788
0.001429
0.001323
0.001315
0.001060
0.000775
0.000726
0.000630
0.000195
-0.000408
-0.000988
-0.001461
-0.001733
-0.001957
-0.002287
-0.002390
-0.001957
-0.001304
-0.000897
-0.000722
-0.000498
-0.000195
0.000022
0.000095
0.000040
-0.000043
0.000035
0.000284
0.000591
0.000987
0.001411
0.001609
0.001604
0.001679
0.001755
0.001411
0.000630
-0.000094
-0.000486
-0.000725
-0.000955
-0.001098
-0.001077
-0.000908
-0.000645
-0.000370
-0.000210
-0.000220
-0.000305
-0.000367
-0.000419
-0.000470
-0.000457
-0.000326
-0.000079
0.000275
0.000668
0.000909
0.000900
0.000802
0.000812
0.000915
0.000912
0.000693
0.000390
0.000133
-0.000135
-0.000412
-0.000517
-0.000400
-0.000319
-0.000447
-0.000580
-0.000541
-0.000503
-0.000656
-0.000933
-0.001186
-0.001327
-0.001310
-0.001147
-0.000832
-0.000285
0.000446
0.001066
0.001369
0.001597
0.001972
0.002136
0.001562
0.000225
-0.001169
-0.001675
-0.001330
-0.001139
-0.001243
-0.000621
0.000941
0.002378
0.003057
0.003335
0.003394
0.002926
0.002044
0.001140
0.000087
-0.001216
-0.002386
-0.003236
-0.003685
-0.003441
-0.002724
-0.002194
-0.001849
-0.001204
-0.000388
-0.000018
-0.000177
-0.000435
-0.000611
-0.000711
-0.000610
-0.000285
0.000235
0.000971
0.001644
0.001951
0.002169
0.002526
0.002572
0.002064
0.001574
0.001513
0.001455
0.000982
0.000433
0.000236
0.000165
-0.000139
-0.000575
-0.000908
-0.001146
-0.001472
-0.001923
-0.002250
-0.002305
-0.002298
-0.002309
-0.002044
-0.001390
-0.000734
-0.000363
-0.000029
0.000466
0.000875
0.001009
0.001016
0.001043
0.001087
0.001090
0.001025
0.000999
0.001159
0.001452
0.001608
0.001503
0.001356
0.001333
0.001180
0.000612
-0.000199
-0.000919
-0.001447
-0.001815
-0.002053
-0.002179
-0.002104
-0.001742
-0.001221
-0.000720
-0.000244
0.000208
0.000481
0.000528
0.000542
0.000611
0.000610
0.000565
0.000611
0.000642
0.000587
0.000717
0.001094
0.001277
0.001064
0.000750
0.000453
0.000021
-0.000524
-0.001004
-0.001329
-0.001483
-0.001497
-0.001484
-0.001455
-0.001197
-0.000686
-0.000230
0.000100
0.000409
0.000499
0.000301
0.000184
0.000300
0.000404
0.000438
0.000628
0.001037
0.001448
0.001556
0.001109
0.000254
-0.000378
-0.000581
-0.001000
-0.001771
-0.001902
-0.000940
0.000285
0.001185
0.002076
0.002999
0.003349
0.002923
0.002172
0.001357
0.000350
-0.000926
-0.002344
-0.003420
-0.003577
-0.003007
-0.002463
-0.002048
-0.001296
-0.000275
0.000380
0.000406
0.000110
-0.000228
-0.000526
-0.000709
-0.000700
-0.000432
0.000096
0.000617
0.000860
0.001096
0.001644
0.002060
0.001791
0.001177
0.000905
0.001017
0.001082
0.000938
0.000832
0.000927
0.001044
0.000967
0.000739
0.000465
-0.000036
-0.000961
-0.001939
-0.002464
-0.002716
-0.003096
-0.003359
-0.002958
-0.001920
-0.000848
-0.000108
0.000437
0.000909
0.001209
0.001217
0.000983
0.000735
0.000520
0.000232
0.000117
0.000478
0.001020
0.001271
0.001314
0.001484
0.001661
0.001498
0.001044
0.000598
0.000253
-0.000060
-0.000404
-0.000786
-0.001079
-0.001109
-0.000951
-0.000842
-0.000777
-0.000615
-0.000452
-0.000479
-0.000630
-0.000675
-0.000569
-0.000497
-0.000505
-0.000344
0.000100
0.000564
0.000793
0.000838
0.000838
0.000793
0.000665
0.000446
0.000122
-0.000193
-0.000300
-0.000306
-0.000431
-0.000527
-0.000454
-0.000466
-0.000637
-0.000602
-0.000244
0.000074
0.000144
0.000149
0.000241
0.000395
0.000542
0.000564
0.000518
0.000635
0.000491
-0.000774
-0.002481
-0.002620
-0.001252
-0.000655
-0.001041
-0.000251
0.001934
0.003546
0.004005
0.004319
0.004420
0.003471
0.001980
0.000826
-0.000173
-0.001184
-0.002116
-0.003071
-0.003544
-0.002973
-0.002092
-0.001854
-0.001969
-0.001692
-0.001086
-0.000687
-0.000654
-0.000928
-0.001265
-0.001173
-0.000706
-0.000286
0.000321
0.001215
0.001646
0.001469
0.001646
0.002363
0.002506
0.001707
0.001011
0.001008
0.001142
0.000993
0.000686
0.000381
0.000254
0.000385
0.000449
0.000178
-0.000267
-0.000916
-0.001874
-0.002474
-0.002239
-0.001947
-0.002092
-0.001893
-0.000930
0.000090
0.000650
0.000902
0.000936
0.000804
0.000741
0.000594
0.000063
-0.000443
-0.000506
-0.000415
-0.000250
0.000308
0.000991
0.001208
0.001080
0.001105
0.001237
0.001085
0.000577
-0.000066
-0.000534
-0.000670
-0.000785
-0.001130
-0.001246
-0.000799
-0.000346
-0.000281
-0.000121
0.000294
0.000333
-0.000093
-0.000291
-0.000096
0.000094
0.000244
0.000484
0.000717
0.000914
0.001026
0.000835
0.000471
0.000363
0.000344
-0.000139
-0.000922
-0.001335
-0.001240
-0.001032
-0.000942
-0.000815
-0.000450
0.000023
0.000215
0.000044
-0.000058
0.000133
0.000199
-0.000108
-0.000370
-0.000269
-0.000023
0.000135
0.000269
0.000525
0.000915
0.001291
0.001457
0.001248
0.000514
-0.000668
-0.001683
-0.001956
-0.001858
-0.002031
-0.002121
-0.001319
0.000254
0.001673
0.002474
0.002933
0.003186
0.003037
0.002543
0.001985
0.001368
0.000435
-0.000736
-0.001510
-0.001542
-0.001305
-0.001299
-0.001467
-0.001489
-0.001159
-0.000674
-0.000516
-0.000866
-0.001415
-0.001721
-0.001619
-0.001259
-0.000773
-0.000216
0.000299
0.000713
0.001108
0.001496
0.001632
0.001265
0.000587
0.000094
0.000024
0.000170
0.000222
0.000157
0.000260
0.000758
0.001464
0.001861
0.001644
0.000987
0.000214
-0.000451
-0.000921
-0.001276
-0.001621
-0.001941
-0.002037
-0.001675
-0.000923
-0.000125
0.000381
0.000436
0.000183
-0.000076
-0.000229
-0.000366
-0.000515
-0.000508
-0.000110
0.000488
0.000726
0.000723
0.001246
0.002185
0.002537
0.002112
0.001689
0.001478
0.000979
0.000161
-0.000604
-0.001367
-0.002230
-0.002754
-0.002574
-0.002002
-0.001542
-0.001236
-0.000761
-0.000079
0.000340
0.000302
0.000233
0.000356
0.000429
0.000432
0.000580
0.000764
0.000709
0.000578
0.000769
0.001128
0.001180
0.000887
0.000505
0.000152
-0.000085
-0.000154
-0.000180
-0.000288
-0.000379
-0.000330
-0.000243
-0.000244
-0.000310
-0.000422
-0.000571
-0.000679
-0.000755
-0.000867
-0.000926
-0.000777
-0.000472
-0.000204
-0.000013
0.000204
0.000467
0.000680
0.000726
0.000667
0.000784
0.001037
0.000957
0.000560
0.000434
0.000567
0.000335
-0.000235
-0.000674
-0.001214
-0.002023
-0.002315
-0.001854
-0.001589
-0.001754
-0.001537
-0.000671
0.000615
0.002190
0.003439
0.003721
0.003524
0.003608
0.003594
0.002789
0.001467
0.000242
-0.000781
-0.001547
-0.001910
-0.002028
-0.002051
-0.001972
-0.001848
-0.001552
-0.001017
-0.000750
-0.001144
-0.001789
-0.002106
-0.002011
-0.001678
-0.001217
-0.000748
-0.000275
0.000454
0.001397
0.002059
0.002278
0.002299
0.002086
0.001582
0.001235
0.001322
0.001396
0.001045
0.000563
0.000430
0.000623
0.000768
0.000618
0.000206
-0.000303
-0.000848
-0.001482
-0.002118
-0.002497
-0.002540
-0.002397
-0.002031
-0.001286
-0.000370
0.000308
0.000660
0.000871
0.001015
0.001015
0.000830
0.000550
0.000368
0.000422
0.000572
0.000546
0.000398
0.000408
0.000597
0.000786
0.000907
0.000886
0.000589
0.000177
-0.000083
-0.000330
-0.000701
-0.000888
-0.000763
-0.000728
-0.000938
-0.000952
-0.000584
-0.000333
-0.000509
-0.000728
-0.000621
-0.000343
-0.000117
0.000129
0.000423
0.000605
0.000708
0.000961
0.001335
0.001470
0.001142
0.000628
0.000286
0.000075
-0.000104
-0.000162
-0.000192
-0.000398
-0.000630
-0.000604
-0.000412
-0.000359
-0.000489
-0.000618
-0.000624
-0.000495
-0.000300
-0.000151
-0.000064
0.000033
0.000104
0.000038
-0.000086
-0.000054
0.000154
0.000336
0.000380
0.000366
0.000380
0.000396
0.000387
0.000423
0.000494
0.000432
0.000199
0.000009
0.000003
-0.000001
-0.000231
-0.000738
-0.001520
-0.002387
-0.002785
-0.002464
-0.001947
-0.001663
-0.001255
-0.000205
0.001416
0.003036
0.004019
0.004197
0.004093
0.004105
0.003831
0.002878
0.001624
0.000541
-0.000442
-0.001390
-0.001988
-0.002141
-0.002192
-0.002400
-0.002630
-0.002574
-0.002282
-0.002166
-0.002253
-0.002166
-0.001811
-0.001364
-0.000882
-0.000326
0.000271
0.000851
0.001477
0.002146
0.002626
0.002682
0.002304
0.001744
0.001325
0.001123
0.000982
0.000760
0.000460
0.000256
0.000256
0.000300
0.000197
-0.000081
-0.000503
-0.000988
-0.001369
-0.001542
-0.001612
-0.001772
-0.001987
-0.001950
-0.001495
-0.000830
-0.000257
0.000116
0.000349
0.000541
0.000727
0.000825
0.000715
0.000478
0.000424
0.000667
0.000941
0.001031
0.001052
0.001100
0.001027
0.000770
0.000543
0.000429
0.000184
-0.000275
-0.000623
-0.000632
-0.000517
-0.000555
-0.000684
-0.000749
-0.000891
-0.001231
-0.001312
-0.000695
-0.000017
-0.000072
-0.000315
0.000122
0.000869
0.001084
0.000862
0.000875
0.001081
0.001041
0.000939
0.000919
0.000576
-0.000130
-0.000676
-0.000766
-0.000736
-0.000936
-0.001041
-0.000789
-0.000574
-0.000550
-0.000436
-0.000272
-0.000321
-0.000467
-0.000328
0.000045
0.000215
0.000153
0.000141
0.000229
0.000398
0.000660
0.000861
0.000851
0.000716
0.000628
0.000569
0.000366
0.000007
-0.000326
-0.000460
-0.000358
-0.000155
-0.000044
-0.000058
-0.000054
-0.000000
-0.000017
-0.000138
-0.000336
-0.000615
-0.000875
-0.000904
-0.000642
-0.000306
-0.000126
-0.000074
0.000004
0.000119
0.000186
0.000216
0.000248
0.000138
-0.000232
-0.000605
-0.000610
-0.000245
0.000158
0.000414
0.000704
0.001201
0.001734
0.001979
0.001861
0.001647
0.001533
0.001273
0.000661
-0.000029
-0.000593
-0.001177
-0.001681
-0.001710
-0.001361
-0.001194
-0.001334
-0.001389
-0.001183
-0.000923
-0.000784
-0.000737
-0.000701
-0.000623
-0.000406
0.000001
0.000420
0.000656
0.000754
0.000848
0.000959
0.001036
0.001033
0.000916
0.000698
0.000495
0.000392
0.000307
0.000129
-0.000043
-0.000028
0.000141
0.000291
0.000354
0.000321
0.000115
-0.000284
-0.000697
-0.000923
-0.000984
-0.001004
-0.000999
-0.000918
-0.000731
-0.000426
-0.000008
0.000411
0.000653
0.000708
0.000759
0.000855
0.000859
0.000716
0.000505
0.000290
0.000133
0.000099
0.000121
0.000023
-0.000221
-0.000396
-0.000363
-0.000292
-0.000367
-0.000499
-0.000509
-0.000394
-0.000318
-0.000448
-0.000729
-0.000874
-0.000683
-0.000319
-0.000147
-0.000181
-0.000054
0.000263
0.000418
0.000501
0.000838
0.001165
0.001104
0.000885
0.000849
0.000877
0.000761
0.000610
0.000520
0.000368
0.000155
-0.000055
-0.000352
-0.000733
-0.001006
-0.001021
-0.000941
-0.001098
-0.001349
-0.001215
-0.000730
-0.000309
-0.000051
0.000197
0.000386
0.000371
0.000253
0.000188
0.000137
0.000091
0.000169
0.000379
0.000614
0.000790
0.000818
0.000671
0.000488
0.000349
0.000174
0.000004
-0.000011
0.000046
-0.000023
-0.000179
-0.000282
-0.000386
-0.000595
-0.000774
-0.000666
-0.000256
0.000178
0.000378
0.000383
0.000382
0.000349
0.000125
-0.000233
-0.000509
-0.000589
-0.000521
-0.000397
-0.000258
-0.000130
-0.000026
0.000062
0.000110
0.000099
0.000051
0.000026
0.000095
0.000205
0.000227
0.000155
0.000058
0.000007
0.000074
0.000252
0.000455
0.000578
0.000519
0.000302
0.000066
-0.000129
-0.000285
-0.000354
-0.000330
-0.000312
-0.000342
-0.000322
-0.000204
-0.000079
0.000010
0.000143
0.000325
0.000392
0.000251
0.000065
0.000007
0.000032
-0.000020
-0.000197
-0.000317
-0.000154
0.000159
0.000279
0.000185
0.000097
0.000077
0.000067
0.000069
0.000045
-0.000136
-0.000447
-0.000651
-0.000623
-0.000490
-0.000387
-0.000280
-0.000094
0.000119
0.000301
0.000453
0.000520
0.000456
0.000333
0.000232
0.000205
0.000226
0.000166
0.000031
0.000034
0.000264
0.000535
0.000664
0.000644
0.000466
0.000117
-0.000273
-0.000570
-0.000740
-0.000774
-0.000736
-0.000690
-0.000554
-0.000329
-0.000186
-0.000164
-0.000134
-0.000095
-0.000188
-0.000402
-0.000504
-0.000344
-0.000081
0.000029
0.000045
0.000238
0.000616
0.000948
0.001144
0.001239
0.001181
0.000898
0.000478
0.000111
-0.000116
-0.000285
-0.000470
-0.000601
-0.000574
-0.000408
-0.000195
-0.000032
-0.000004
-0.000131
-0.000338
-0.000512
-0.000565
-0.000487
-0.000348
-0.000205
-0.000064
0.000066
0.000140
0.000124
0.000096
0.000169
0.000272
0.000222
0.000023
-0.000160
-0.000273
-0.000370
-0.000476
-0.000715
-0.001228
-0.001704
-0.001542
-0.000643
0.000410
0.001145
0.001881
0.003018
0.004002
0.004049
0.003308
0.002338
0.001206
-0.000137
-0.001301
-0.001995
-0.002454
-0.002801
-0.002750
-0.002207
-0.001505
-0.001010
-0.000808
-0.000788
-0.000795
-0.000673
-0.000449
-0.000352
-0.000439
-0.000496
-0.000270
0.000335
0.001109
0.001669
0.001861
0.001877
0.001919
0.001844
0.001383
0.000640
-0.000052
-0.000561
-0.000837
-0.000722
-0.000311
-0.000064
-0.000135
-0.000128
0.000110
0.000137
-0.000296
-0.000847
-0.001212
-0.001406
-0.001419
-0.001182
-0.000749
-0.000219
0.000331
0.000781
0.001069
0.001228
0.001225
0.001005
0.000654
0.000316
0.000051
-0.000127
-0.000222
-0.000279
-0.000288
-0.000157
0.000111
0.000323
0.000311
0.000169
0.000088
-0.000011
-0.000352
-0.000830
-0.001072
-0.000959
-0.000774
-0.000702
-0.000511
-0.000046
0.000432
0.000654
0.000685
0.000708
0.000742
0.000672
0.000465
0.000258
0.000161
0.000133
0.000132
0.000209
0.000303
0.000266
0.000117
-0.000031
-0.000159
-0.000298
-0.000465
-0.000627
-0.000727
-0.000765
-0.000776
-0.000713
-0.000512
-0.000253
-0.000072
0.000060
0.000226
0.000371
0.000435
0.000465
0.000510
0.000540
0.000504
0.000432
0.000407
0.000456
0.000535
0.000524
0.000332
0.000043
-0.000171
-0.000273
-0.000383
-0.000555
-0.000667
-0.000644
-0.000572
-0.000502
-0.000433
-0.000361
-0.000253
-0.000172
-0.000238
-0.000323
-0.000191
0.000105
0.000348
0.000493
0.000583
0.000592
0.000538
0.000505
0.000477
0.000408
0.000379
0.000395
0.000280
-0.000020
-0.000309
-0.000410
-0.000389
-0.000396
-0.000419
-0.000358
-0.000224
-0.000104
0.000000
0.000155
0.000325
0.000384
0.000281
0.000095
-0.000085
-0.000233
-0.000316
-0.000244
-0.000042
0.000107
0.000103
0.000043
0.000034
0.000060
0.000041
-0.000062
-0.000216
-0.000351
-0.000403
-0.000363
-0.000269
-0.000145
-0.000034
-0.000028
-0.000124
-0.000159
-0.000007
0.000237
0.000352
0.000308
0.000250
0.000237
0.000222
0.000206
0.000201
0.000172
0.000126
0.000134
0.000194
0.000209
0.000173
0.000208
0.000321
0.000312
0.000100
-0.000130
-0.000238
-0.000312
-0.000442
-0.000563
-0.000556
-0.000422
-0.000306
-0.000277
-0.000220
-0.000061
0.000078
0.000097
0.000088
0.000149
0.000237
0.000285
0.000267
0.000194
0.000088
-0.000059
-0.000207
-0.000222
-0.000079
0.000046
0.000038
0.000044
0.000190
0.000363
0.000423
0.000371
0.000269
0.000150
-0.000022
-0.000243
-0.000420
-0.000487
-0.000424
-0.000249
-0.000091
-0.000045
0.000003
0.000195
0.000448
0.000526
0.000351
0.000079
-0.000124
-0.000239
-0.000284
-0.000254
-0.000180
-0.000096
0.000011
0.000087
0.000055
-0.000042
-0.000123
-0.000144
-0.000116
-0.000128
-0.000198
-0.000214
-0.000148
-0.000126
-0.000196
-0.000219
-0.000089
0.000105
0.000234
0.000298
0.000352
0.000377
0.000337
0.000289
0.000284
0.000248
0.000151
0.000082
0.000084
0.000114
0.000102
0.000045
0.000052
0.000131
0.000116
-0.000033
-0.000157
-0.000163
-0.000144
-0.000215
-0.000337
-0.000401
-0.000416
-0.000437
-0.000396
-0.000249
-0.000120
-0.000087
-0.000042
0.000041
0.000026
-0.000073
-0.000097
-0.000034
0.000079
0.000289
0.000498
0.000485
0.000273
0.000115
0.000159
0.000319
0.000443
0.000423
0.000245
0.000039
-0.000095
-0.000221
-0.000352
-0.000355
-0.000221
-0.000106
-0.000072
-0.000063
-0.000071
-0.000111
-0.000141
-0.000145
-0.000122
-0.000064
-0.000042
-0.000106
-0.000159
-0.000077
0.000086
0.000134
0.000012
-0.000103
-0.000085
0.000003
0.000071
0.000081
0.000019
-0.000069
-0.000064
0.000038
0.000097
0.000094
0.000148
0.000228
0.000227
0.000183
0.000164
0.000110
-0.000022
-0.000110
-0.000049
0.000083
0.000169
0.000212
0.000248
0.000240
0.000132
-0.000015
-0.000078
-0.000052
-0.000036
-0.000064
-0.000089
-0.000115
-0.000219
-0.000392
-0.000501
-0.000445
-0.000266
-0.000118
-0.000103
-0.000139
-0.000099
-0.000018
-0.000019
-0.000086
-0.000098
0.000007
0.000174
0.000304
0.000375
0.000448
0.000501
0.000431
0.000225
-0.000012
-0.000190
-0.000248
-0.000143
0.000020
0.000071
0.000038
0.000047
0.000064
0.000003
-0.000079
-0.000096
-0.000077
-0.000068
-0.000086
-0.000174
-0.000292
-0.000314
-0.000236
-0.000160
-0.000102
-0.000026
0.000041
0.000066
0.000106
0.000219
0.000344
0.000375
0.000315
0.000255
0.000198
0.000070
-0.000107
-0.000220
-0.000174
0.000015
0.000129
-0.000016
-0.000248
-0.000299
-0.000198
-0.000125
-0.000123
-0.000141
-0.000123
-0.000044
0.000043
0.000089
0.000123
0.000137
0.000112
0.000120
0.000192
0.000239
0.000203
0.000113
0.000017
-0.000030
0.000006
0.000046
0.000005
-0.000059
-0.000076
-0.000065
-0.000077
-0.000135
-0.000184
-0.000170
-0.000154
-0.000210
-0.000275
-0.000243
-0.000111
0.000049
0.000170
0.000219
0.000206
0.000156
0.000078
0.000005
-0.000045
-0.000112
-0.000195
-0.000169
0.000056
0.000351
0.000484
0.000390
0.000229
0.000162
0.000157
0.000097
0.000015
0.000003
0.000013
-0.000034
-0.000091
-0.000068
-0.000009
-0.000060
-0.000250
-0.000441
-0.000530
-0.000482
-0.000297
-0.000107
-0.000093
-0.000201
-0.000219
-0.000104
0.000025
0.000112
0.000191
0.000290
0.000365
0.000334
0.000231
0.000233
0.000399
0.000564
0.000569
0.000409
0.000212
0.000087
0.000017
-0.000098
-0.000263
-0.000358
-0.000312
-0.000205
-0.000165
-0.000242
-0.000356
-0.000394
-0.000395
-0.000468
-0.000538
-0.000419
-0.000127
0.000117
0.000192
0.000181
0.000204
0.000262
0.000309
0.000334
0.000327
0.000288
0.000279
0.000301
0.000241
0.000078
-0.000072
-0.000150
-0.000201
-0.000236
-0.000188
-0.000058
-0.000022
-0.000221
-0.000462
-0.000414
-0.000131
0.000021
-0.000026
0.000018
0.000253
0.000478
0.000520
0.000340
0.000056
-0.000128
-0.000146
-0.000072
0.000041
0.000138
0.000175
0.000191
0.000231
0.000274
0.000258
0.000115
-0.000164
-0.000485
-0.000673
-0.000614
-0.000369
-0.000122
-0.000018
-0.000053
-0.000127
-0.000165
-0.000123
0.000001
0.000133
0.000186
0.000162
0.000131
0.000121
0.000114
0.000121
0.000166
0.000233
0.000305
0.000339
0.000261
0.000120
0.000045
0.000041
0.000033
-0.000013
-0.000087
-0.000144
-0.000162
-0.000149
-0.000134
-0.000159
-0.000188
-0.000144
-0.000060
-0.000016
-0.000044
-0.000137
-0.000226
-0.000216
-0.000117
-0.000047
-0.000087
-0.000165
-0.000150
-0.000037
0.000066
0.000091
0.000092
0.000149
0.000254
0.000326
0.000320
0.000244
0.000131
0.000052
0.000055
0.000067
0.000002
-0.000051
0.000026
0.000121
0.000103
0.000074
0.000113
0.000104
0.000020
-0.000014
-0.000007
-0.000045
-0.000085
-0.000048
0.000028
0.000024
-0.000106
-0.000279
-0.000420
-0.000524
-0.000566
-0.000496
-0.000313
-0.000112
-0.000014
-0.000024
-0.000029
0.000050
0.000140
0.000116
0.000006
-0.000063
-0.000025
0.000135
0.000363
0.000496
0.000498
0.000552
0.000728
0.000836
0.000744
0.000563
0.000373
0.000130
-0.000126
-0.000319
-0.000466
-0.000588
-0.000673
-0.000734
-0.000783
-0.000813
-0.000799
-0.000702
-0.000487
-0.000199
0.000047
0.000211
0.000352
0.000463
0.000485
0.000462
0.000448
0.000375
0.000214
0.000082
0.000064
0.000120
0.000189
0.000209
0.000148
0.000076
0.000064
0.000058
0.000035
0.000072
0.000131
0.000065
-0.000108
-0.000240
-0.000314
-0.000389
-0.000446
-0.000452
-0.000410
-0.000326
-0.000195
-0.000042
0.000070
0.000116
0.000128
0.000112
0.000098
0.000164
0.000312
0.000435
0.000431
0.000327
0.000268
0.000304
0.000312
0.000224
0.000102
-0.000023
-0.000164
-0.000272
-0.000298
-0.000309
-0.000406
-0.000509
-0.000446
-0.000259
-0.000127
-0.000061
0.000023
0.000084
0.000022
-0.000133
-0.000236
-0.000196
-0.000095
-0.000072
-0.000073
0.000100
0.000422
0.000609
0.000579
0.000551
0.000579
0.000471
0.000165
-0.000184
-0.000365
-0.000298
-0.000154
-0.000118
-0.000125
-0.000053
0.000044
0.000066
0.000009
-0.000074
-0.000131
-0.000174
-0.000257
-0.000335
-0.000306
-0.000212
-0.000181
-0.000211
-0.000169
0.000017
0.000259
0.000386
0.000378
0.000379
0.000405
0.000306
0.000073
-0.000131
-0.000204
-0.000209
-0.000250
-0.000305
-0.000227
0.000057
0.000402
0.000566
0.000466
0.000237
0.000035
-0.000094
-0.000156
-0.000195
-0.000261
-0.000311
-0.000290
-0.000247
-0.000185
-0.000049
0.000078
0.000057
-0.000069
-0.000097
0.000031
0.000150
0.000160
0.000112
0.000006
-0.000155
-0.000262
-0.000282
-0.000271
-0.000169
0.000075
0.000276
0.000293
0.000274
0.000331
0.000358
0.000283
0.000184
0.000139
0.000125
0.000090
0.000037
0.000022
0.000090
0.000196
0.000225
0.000148
0.000015
-0.000143
-0.000302
-0.000485
-0.000703
-0.000821
-0.000724
-0.000520
-0.000385
-0.000292
-0.000084
0.000230
0.000442
0.000418
0.000251
0.000140
0.000196
0.000342
0.000415
0.000388
0.000369
0.000375
0.000309
0.000203
0.000172
0.000158
0.000058
-0.000079
-0.000194
-0.000314
-0.000446
-0.000517
-0.000452
-0.000294
-0.000175
-0.000142
-0.000139
-0.000127
-0.000090
