6400
-0.000019
-0.000177
-0.000308
-0.000292
-0.000160
-0.000033
0.000054
0.000104
0.000102
0.000083
0.000095
0.000090
-0.000029
-0.000204
-0.000203
0.000018
0.000182
0.000095
-0.000086
-0.000132
-0.000036
0.000078
0.000147
0.000175
0.000193
0.000207
0.000155
-0.000008
-0.000173
-0.000195
-0.000126
-0.000135
-0.000214
-0.000206
-0.000109
-0.000076
-0.000147
-0.000195
-0.000082
0.000182
0.000414
0.000467
0.000392
0.000248
0.000024
-0.000187
-0.000221
-0.000099
0.000010
0.000054
0.000113
0.000168
0.000085
-0.000107
-0.000188
-0.000107
-0.000037
-0.000051
-0.000038
0.000030
0.000002
-0.000161
-0.000270
-0.000222
-0.000138
-0.000131
-0.000157
-0.000108
0.000032
0.000166
0.000251
0.000335
0.000417
0.000432
0.000340
0.000173
-0.000020
-0.000208
-0.000328
-0.000305
-0.000193
-0.000131
-0.000117
-0.000053
0.000025
0.000025
-0.000010
-0.000018
-0.000000
0.000040
0.000060
0.000013
-0.000053
-0.000093
-0.000118
-0.000102
0.000013
0.000133
0.000088
-0.000049
-0.000041
0.000127
0.000226
0.000147
0.000048
0.000067
0.000122
0.000101
0.000033
-0.000001
-0.000003
-0.000027
-0.000093
-0.000140
-0.000088
0.000041
0.000100
0.000010
-0.000123
-0.000183
-0.000172
-0.000122
-0.000041
0.000034
0.000038
-0.000012
-0.000025
0.000023
0.000066
0.000093
0.000150
0.000182
0.000075
-0.000123
-0.000219
-0.000131
0.000028
0.000084
0.000010
-0.000067
-0.000075
-0.000070
-0.000069
-0.000038
-0.000010
-0.000024
0.000001
0.000138
0.000253
0.000170
-0.000030
-0.000127
-0.000065
0.000022
0.000016
-0.000046
-0.000048
0.000051
0.000164
0.000165
0.000085
0.000065
0.000087
0.000007
-0.000159
-0.000200
-0.000009
0.000212
0.000204
0.000024
-0.000084
-0.000121
-0.000242
-0.000380
-0.000348
-0.000172
-0.000021
0.000030
0.000072
0.000186
0.000260
0.000180
0.000096
0.000122
0.000085
-0.000108
-0.000263
-0.000234
-0.000086
0.000038
0.000068
0.000074
0.000166
0.000288
0.000280
0.000136
-0.000016
-0.000108
-0.000172
-0.000236
-0.000259
-0.000215
-0.000162
-0.000132
-0.000064
0.000064
0.000167
0.000190
0.000169
0.000159
0.000201
0.000270
0.000263
0.000185
0.000147
0.000108
-0.000065
-0.000290
-0.000361
-0.000304
-0.000302
-0.000313
-0.000126
0.000189
0.000297
0.000086
-0.000155
-0.000162
-0.000019
0.000067
0.000026
-0.000090
-0.000153
-0.000062
0.000080
0.000080
-0.000021
-0.000005
0.000146
0.000248
0.000224
0.000133
0.000050
0.000024
0.000029
0.000020
-0.000002
-0.000034
-0.000076
-0.000110
-0.000158
-0.000204
-0.000130
0.000110
0.000318
0.000284
0.000071
-0.000129
-0.000234
-0.000256
-0.000222
-0.000184
-0.000210
-0.000235
-0.000069
0.000279
0.000500
0.000417
0.000224
0.000142
0.000133
0.000074
-0.000026
-0.000063
-0.000035
-0.000082
-0.000239
-0.000343
-0.000280
-0.000151
-0.000103
-0.000132
-0.000122
-0.000017
0.000123
0.000215
0.000241
0.000270
0.000331
0.000319
0.000166
-0.000018
-0.000122
-0.000184
-0.000230
-0.000159
0.000025
0.000113
0.000024
-0.000101
-0.000163
-0.000179
-0.000133
-0.000015
0.000069
0.000038
0.000006
0.000086
0.000125
-0.000049
-0.000266
-0.000276
-0.000115
0.000033
0.000115
0.000167
0.000207
0.000236
0.000216
0.000091
-0.000120
-0.000283
-0.000282
-0.000143
0.000013
0.000104
0.000145
0.000175
0.000182
0.000163
0.000120
0.000026
-0.000083
-0.000127
-0.000115
-0.000087
-0.000018
0.000078
0.000131
0.000128
0.000135
0.000169
0.000149
0.000030
-0.000091
-0.000118
-0.000098
-0.000102
-0.000076
-0.000007
-0.000029
-0.000180
-0.000270
-0.000207
-0.000143
-0.000188
-0.000241
-0.000193
-0.000054
0.000102
0.000216
0.000268
0.000251
0.000149
0.000001
-0.000075
-0.000058
-0.000035
-0.000021
0.000028
0.000100
0.000165
0.000196
0.000156
0.000060
-0.000033
-0.000070
-0.000017
0.000071
0.000090
0.000037
-0.000026
-0.000102
-0.000193
-0.000224
-0.000135
0.000001
0.000058
0.000062
0.000131
0.000221
0.000200
0.000083
-0.000003
-0.000034
-0.000105
-0.000196
-0.000153
0.000040
0.000180
0.000111
-0.000073
-0.000172
-0.000123
-0.000005
0.000057
-0.000017
-0.000161
-0.000259
-0.000278
-0.000226
-0.000108
0.000048
0.000169
0.000218
0.000248
0.000286
0.000281
0.000213
0.000131
0.000063
0.000003
-0.000042
-0.000062
-0.000099
-0.000184
-0.000237
-0.000149
0.000016
0.000061
-0.000042
-0.000120
-0.000090
-0.000012
0.000102
0.000264
0.000352
0.000240
0.000005
-0.000170
-0.000224
-0.000245
-0.000304
-0.000340
-0.000247
-0.000028
0.000179
0.000252
0.000197
0.000101
0.000031
0.000035
0.000128
0.000204
0.000132
-0.000020
-0.000068
-0.000003
0.000033
0.000016
0.000022
0.000018
-0.000064
-0.000163
-0.000191
-0.000134
-0.000025
0.000064
0.000081
0.000063
0.000060
0.000047
-0.000021
-0.000078
-0.000017
0.000111
0.000151
0.000082
0.000016
0.000009
0.000001
-0.000069
-0.000137
-0.000109
-0.000038
-0.000021
-0.000048
-0.000080
-0.000104
-0.000108
-0.000121
-0.000177
-0.000186
-0.000030
0.000224
0.000347
0.000253
0.000116
0.000101
0.000149
0.000155
0.000146
0.000112
-0.000084
-0.000368
-0.000435
-0.000257
-0.000123
-0.000137
-0.000101
0.000086
0.000275
0.000350
0.000339
0.000268
0.000150
0.000022
-0.000088
-0.000130
-0.000058
0.000038
0.000018
-0.000077
-0.000104
-0.000058
-0.000046
-0.000083
-0.000075
-0.000009
0.000038
0.000052
0.000026
-0.000053
-0.000127
-0.000137
-0.000112
-0.000096
-0.000090
-0.000074
-0.000007
0.000126
0.000217
0.000150
0.000005
-0.000041
0.000003
-0.000022
-0.000109
-0.000102
0.000011
0.000103
0.000105
0.000046
-0.000025
-0.000061
-0.000035
0.000032
0.000099
0.000147
0.000168
0.000143
0.000036
-0.000143
-0.000283
-0.000274
-0.000131
0.000028
0.000109
0.000147
0.000232
0.000324
0.000284
0.000086
-0.000151
-0.000312
-0.000335
-0.000223
-0.000052
0.000105
0.000197
0.000180
0.000075
-0.000030
-0.000100
-0.000155
-0.000193
-0.000177
-0.000087
0.000041
0.000103
0.000028
-0.000100
-0.000119
-0.000002
0.000121
0.000129
0.000056
0.000023
0.000040
0.000039
0.000067
0.000205
0.000332
0.000270
0.000046
-0.000148
-0.000192
-0.000115
-0.000020
0.000005
-0.000047
-0.000103
-0.000096
-0.000067
-0.000097
-0.000174
-0.000192
-0.000105
-0.000003
0.000035
0.000080
0.000183
0.000225
0.000101
-0.000081
-0.000112
0.000052
0.000222
0.000195
-0.000014
-0.000200
-0.000188
-0.000018
0.000107
0.000054
-0.000087
-0.000148
-0.000105
-0.000033
-0.000008
-0.000067
-0.000106
-0.000029
0.000053
0.000071
0.000137
0.000223
0.000157
-0.000005
-0.000057
-0.000027
-0.000060
-0.000098
-0.000043
0.000010
-0.000022
-0.000037
0.000001
-0.000021
-0.000090
-0.000036
0.000139
0.000259
0.000240
0.000115
-0.000034
-0.000105
-0.000066
0.000001
0.000030
0.000025
-0.000010
-0.000057
-0.000099
-0.000177
-0.000288
-0.000308
-0.000177
-0.000006
0.000126
0.000248
0.000301
0.000161
-0.000078
-0.000135
0.000053
0.000213
0.000167
0.000057
0.000022
0.000046
0.000109
0.000195
0.000236
0.000156
-0.000059
-0.000289
-0.000361
-0.000317
-0.000332
-0.000358
-0.000220
0.000022
0.000169
0.000194
0.000172
0.000121
0.000049
0.000003
-0.000001
0.000016
0.000049
0.000084
0.000068
-0.000039
-0.000173
-0.000173
-0.000007
0.000126
0.000093
0.000019
0.000033
0.000089
0.000090
0.000011
-0.000065
-0.000039
0.000060
0.000100
0.000029
-0.000038
-0.000007
0.000026
-0.000033
-0.000090
-0.000053
0.000023
0.000063
0.000101
0.000146
0.000087
-0.000129
-0.000361
-0.000407
-0.000226
0.000025
0.000182
0.000210
0.000129
-0.000003
-0.000094
-0.000102
-0.000047
0.000032
0.000063
0.000013
-0.000032
0.000014
0.000126
0.000118
-0.000399
-0.001270
-0.001229
0.000155
0.001345
0.001674
0.002293
0.003111
0.002820
0.001750
0.000801
-0.000673
-0.002861
-0.004252
-0.004297
-0.004030
-0.003558
-0.002266
-0.000740
0.000356
0.001531
0.002745
0.003082
0.002705
0.002282
0.001404
-0.000016
-0.000890
-0.000957
-0.001034
-0.001006
-0.000229
0.000787
0.001313
0.001599
0.001820
0.001621
0.001061
0.000383
-0.000582
-0.001621
-0.001973
-0.001664
-0.001418
-0.001253
-0.000725
-0.000054
0.000308
0.000459
0.000583
0.000556
0.000314
-0.000094
-0.000609
-0.000951
-0.000899
-0.000655
-0.000351
0.000151
0.000739
0.001108
0.001252
0.001314
0.001196
0.000779
0.000175
-0.000433
-0.000873
-0.000983
-0.000787
-0.000471
-0.000118
0.000256
0.000526
0.000590
0.000522
0.000393
0.000140
-0.000252
-0.000645
-0.000852
-0.000769
-0.000478
-0.000201
-0.000023
0.000173
0.000411
0.000540
0.000539
0.000508
0.000377
0.000082
-0.000194
-0.000319
-0.000409
-0.000484
-0.000385
-0.000138
0.000071
0.000235
0.000386
0.000388
0.000210
-0.000061
-0.000546
-0.000981
-0.000607
0.000249
0.000481
0.000350
0.000693
0.000997
0.000641
0.000247
0.000178
-0.000119
-0.000591
-0.000607
-0.000354
-0.000334
-0.000351
-0.000253
-0.000282
-0.000267
0.000064
0.000266
0.000045
-0.000082
0.000006
-0.000165
-0.000382
-0.000159
0.000126
0.000063
0.000032
0.000254
0.000412
0.000451
0.000481
0.000324
0.000040
-0.000003
0.000087
-0.000068
-0.000262
-0.000124
0.000041
-0.000095
-0.000165
0.000068
0.000234
0.000201
0.000201
0.000159
-0.000046
-0.000181
-0.000198
-0.000317
-0.000403
-0.000224
0.000006
0.000044
-0.000023
-0.000077
-0.000048
0.000130
0.000277
0.000146
-0.000135
-0.000258
-0.000196
-0.000101
-0.000008
0.000095
0.000146
0.000128
0.000075
0.000003
-0.000017
0.000044
0.000068
-0.000013
-0.000081
-0.000071
-0.000084
-0.000121
-0.000075
0.000015
0.000060
0.000088
0.000130
0.000199
0.000321
0.000368
0.000168
-0.000121
-0.000199
-0.000129
-0.000111
-0.000079
-0.000017
-0.000113
-0.000288
-0.000283
-0.000164
-0.000072
0.000080
0.000229
0.000172
0.000088
0.000183
0.000193
-0.000047
-0.000220
-0.000123
0.000060
0.000130
0.000083
0.000035
0.000079
0.000168
0.000205
0.000198
0.000169
0.000092
-0.000006
-0.000125
-0.000301
-0.000434
-0.000369
-0.000198
-0.000138
-0.000136
-0.000058
-0.000025
-0.000083
-0.000032
0.000131
0.000209
0.000212
0.000225
0.000185
0.000097
0.000013
-0.000142
-0.000318
-0.000260
0.000021
0.000226
0.000276
0.000282
0.000235
0.000120
-0.000010
-0.000161
-0.000289
-0.000276
-0.000164
-0.000091
-0.000026
0.000085
0.000147
0.000124
0.000113
0.000081
-0.000037
-0.000108
-0.000067
-0.000044
-0.000050
-0.000039
-0.000083
-0.000113
0.000028
0.000166
0.000092
0.000008
0.000071
0.000067
-0.000038
-0.000009
0.000067
-0.000058
-0.000223
-0.000197
-0.000149
-0.000236
-0.000381
-0.000539
-0.000530
-0.000111
0.000388
0.000564
0.000771
0.001226
0.001382
0.001111
0.000942
0.000798
0.000214
-0.000500
-0.000868
-0.001124
-0.001383
-0.001276
-0.000913
-0.000718
-0.000512
-0.000100
0.000111
0.000046
0.000145
0.000299
0.000080
-0.000288
-0.000404
-0.000370
-0.000306
-0.000122
0.000117
0.000364
0.000724
0.001079
0.001187
0.001070
0.000848
0.000507
0.000129
-0.000103
-0.000220
-0.000359
-0.000416
-0.000262
-0.000043
0.000118
0.000264
0.000302
0.000097
-0.000203
-0.000429
-0.000643
-0.000834
-0.000863
-0.000770
-0.000620
-0.000337
0.000035
0.000330
0.000493
0.000512
0.000384
0.000186
-0.000010
-0.000197
-0.000319
-0.000296
-0.000151
0.000012
0.000157
0.000312
0.000442
0.000487
0.000506
0.000552
0.000503
0.000269
-0.000027
-0.000240
-0.000351
-0.000342
-0.000201
-0.000030
0.000018
-0.000062
-0.000109
-0.000038
0.000009
-0.000072
-0.000184
-0.000264
-0.000359
-0.000454
-0.000452
-0.000363
-0.000307
-0.000310
-0.000187
0.000152
0.000454
0.000559
0.000652
0.000710
0.000469
0.000070
-0.000110
-0.000126
-0.000190
-0.000175
-0.000013
0.000035
-0.000076
-0.000042
0.000148
0.000200
0.000137
0.000165
0.000192
0.000106
0.000061
0.000055
-0.000059
-0.000139
-0.000048
0.000030
0.000017
0.000064
0.000169
0.000197
0.000129
0.000022
-0.000058
-0.000036
0.000041
0.000014
-0.000103
-0.000107
0.000011
0.000047
-0.000038
-0.000124
-0.000168
-0.000182
-0.000229
-0.000383
-0.000545
-0.000542
-0.000437
-0.000393
-0.000370
-0.000242
-0.000053
0.000068
0.000084
0.000057
0.000064
0.000165
0.000348
0.000505
0.000522
0.000422
0.000313
0.000263
0.000316
0.000449
0.000530
0.000467
0.000305
0.000133
-0.000006
-0.000116
-0.000242
-0.000402
-0.000509
-0.000454
-0.000247
-0.000022
0.000095
0.000109
0.000065
-0.000069
-0.000272
-0.000378
-0.000324
-0.000313
-0.000483
-0.000592
-0.000356
0.000045
0.000245
0.000253
0.000291
0.000375
0.000392
0.000351
0.000317
0.000246
0.000067
-0.000133
-0.000166
0.000005
0.000190
0.000083
-0.000587
-0.001670
-0.002271
-0.001670
-0.000562
-0.000120
-0.000084
0.000525
0.001371
0.001479
0.001200
0.001481
0.001949
0.001598
0.000655
0.000200
0.000455
0.000693
0.000543
0.000442
0.000749
0.001134
0.001062
0.000546
0.000096
-0.000020
-0.000120
-0.000602
-0.001411
-0.002123
-0.002432
-0.002452
-0.002436
-0.002294
-0.001770
-0.001121
-0.000854
-0.000834
-0.000562
-0.000099
0.000070
-0.000135
-0.000291
-0.000143
0.000114
0.000277
0.000500
0.001000
0.001582
0.001850
0.001863
0.002023
0.002281
0.002159
0.001597
0.001109
0.000998
0.001050
0.000956
0.000627
0.000219
-0.000054
-0.000188
-0.000376
-0.000656
-0.000857
-0.000933
-0.001058
-0.001314
-0.001535
-0.001602
-0.001609
-0.001591
-0.001402
-0.001041
-0.000798
-0.000830
-0.000882
-0.000691
-0.000383
-0.000216
-0.000147
0.000021
0.000197
0.000179
0.000157
0.000441
0.000916
0.001266
0.001477
0.001713
0.001988
0.002165
0.002078
0.001649
0.001049
0.000575
0.000311
0.000116
-0.000110
-0.000367
-0.000622
-0.000826
-0.000935
-0.000944
-0.000909
-0.000906
-0.000974
-0.001107
-0.001217
-0.001213
-0.001187
-0.001521
-0.002556
-0.003745
-0.003722
-0.002173
-0.000679
-0.000318
0.000174
0.001895
0.003346
0.003108
0.002699
0.003731
0.004670
0.003637
0.001859
0.001298
0.001496
0.001248
0.000886
0.001153
0.001725
0.001833
0.001223
0.000276
-0.000352
-0.000498
-0.000823
-0.001876
-0.003206
-0.003932
-0.003911
-0.003735
-0.003651
-0.003194
-0.002211
-0.001465
-0.001532
-0.001755
-0.001247
-0.000383
-0.000155
-0.000491
-0.000487
0.000033
0.000429
0.000570
0.001115
0.002264
0.003149
0.003044
0.002542
0.002617
0.003009
0.002736
0.001848
0.001194
0.000818
0.000204
-0.000320
-0.000103
0.000510
0.000785
0.000685
0.000517
0.000389
0.000328
0.000219
-0.000261
-0.001078
-0.001722
-0.002027
-0.002393
-0.002863
-0.002853
-0.002228
-0.001704
-0.001586
-0.001222
-0.000382
0.000168
0.000057
-0.000133
-0.000071
-0.000145
-0.000503
-0.000697
-0.000420
0.000109
0.000595
0.000976
0.001280
0.001535
0.001804
0.002077
0.002220
0.002164
0.001993
0.001693
0.001155
0.000581
0.000330
0.000294
0.000121
-0.000110
-0.000148
-0.000164
-0.000423
-0.000752
-0.000869
-0.000898
-0.001122
-0.001491
-0.001723
-0.001736
-0.001707
-0.001774
-0.001952
-0.002487
-0.003574
-0.004338
-0.003433
-0.001325
-0.000027
0.000171
0.001075
0.002936
0.003794
0.003331
0.003620
0.005043
0.005361
0.003782
0.002212
0.001840
0.001789
0.001392
0.001130
0.001280
0.001415
0.001120
0.000455
-0.000126
-0.000263
-0.000329
-0.001165
-0.002816
-0.004231
-0.004613
-0.004389
-0.004374
-0.004468
-0.003927
-0.002813
-0.002088
-0.002029
-0.001716
-0.000642
0.000284
0.000180
-0.000348
-0.000182
0.000613
0.001129
0.001214
0.001666
0.002730
0.003519
0.003468
0.003263
0.003561
0.003833
0.003353
0.002392
0.001587
0.000962
0.000310
-0.000240
-0.000559
-0.000736
-0.000778
-0.000646
-0.000425
-0.000158
0.000098
0.000025
-0.000556
-0.001230
-0.001623
-0.002037
-0.002745
-0.003239
-0.002980
-0.002339
-0.001997
-0.001842
-0.001275
-0.000341
0.000302
0.000433
0.000500
0.000729
0.000791
0.000557
0.000414
0.000526
0.000562
0.000441
0.000567
0.001086
0.001636
0.001923
0.001956
0.001845
0.001706
0.001528
0.001187
0.000776
0.000545
0.000448
0.000202
-0.000204
-0.000485
-0.000539
-0.000576
-0.000744
-0.000939
-0.001040
-0.001115
-0.001288
-0.001525
-0.001658
-0.001590
-0.001411
-0.001276
-0.001207
-0.001302
-0.002006
-0.003392
-0.004218
-0.003172
-0.001116
-0.000049
0.000208
0.001515
0.003632
0.004418
0.003947
0.004454
0.005913
0.005828
0.003739
0.001936
0.001574
0.001514
0.000967
0.000572
0.000889
0.001439
0.001331
0.000363
-0.000614
-0.000814
-0.000795
-0.001711
-0.003496
-0.004872
-0.005168
-0.005028
-0.005104
-0.005077
-0.004420
-0.003360
-0.002506
-0.001875
-0.000934
0.000346
0.001146
0.000982
0.000540
0.000681
0.001238
0.001542
0.001650
0.002203
0.003158
0.003682
0.003561
0.003579
0.004048
0.004133
0.003269
0.002115
0.001362
0.000729
-0.000083
-0.000684
-0.000866
-0.000984
-0.001160
-0.001227
-0.001228
-0.001124
-0.000730
-0.000424
-0.000839
-0.001707
-0.002187
-0.002287
-0.002616
-0.002980
-0.002714
-0.002086
-0.001786
-0.001541
-0.000731
0.000321
0.000915
0.001060
0.001140
0.001186
0.001063
0.000894
0.000878
0.000943
0.000902
0.000788
0.000803
0.001037
0.001418
0.001751
0.001799
0.001603
0.001452
0.001364
0.001069
0.000606
0.000266
-0.000018
-0.000493
-0.000945
-0.001030
-0.000944
-0.001046
-0.001225
-0.001217
-0.001098
-0.001042
-0.001054
-0.001108
-0.001155
-0.001146
-0.001170
-0.001244
-0.001186
-0.001193
-0.002035
-0.003721
-0.004571
-0.003223
-0.001032
-0.000129
0.000158
0.001834
0.004131
0.004774
0.004348
0.005129
0.006570
0.006194
0.003999
0.002220
0.001687
0.001411
0.000877
0.000545
0.000679
0.000924
0.000737
0.000012
-0.000610
-0.000618
-0.000723
-0.001995
-0.004087
-0.005532
-0.005769
-0.005602
-0.005635
-0.005449
-0.004577
-0.003374
-0.002436
-0.001679
-0.000553
0.000865
0.001651
0.001299
0.000604
0.000596
0.001176
0.001600
0.001853
0.002568
0.003619
0.004056
0.003802
0.003932
0.004716
0.004967
0.003960
0.002558
0.001694
0.001101
0.000226
-0.000783
-0.001536
-0.001944
-0.002095
-0.002120
-0.002112
-0.001928
-0.001464
-0.001156
-0.001505
-0.002146
-0.002368
-0.002379
-0.002810
-0.003304
-0.003064
-0.002388
-0.002031
-0.001635
-0.000475
0.000964
0.001719
0.001893
0.002172
0.002518
0.002469
0.002053
0.001589
0.001219
0.001029
0.001009
0.000966
0.000934
0.001195
0.001613
0.001694
0.001424
0.001228
0.001104
0.000658
-0.000051
-0.000598
-0.000965
-0.001430
-0.001892
-0.001964
-0.001652
-0.001378
-0.001363
-0.001415
-0.001271
-0.000889
-0.000535
-0.000478
-0.000578
-0.000533
-0.000427
-0.000478
-0.000527
-0.000580
-0.001418
-0.003314
-0.004575
-0.003444
-0.001073
0.000077
0.000324
0.001834
0.004131
0.004768
0.004131
0.004843
0.006624
0.006513
0.004022
0.001740
0.001141
0.001208
0.000825
0.000252
0.000241
0.000695
0.000668
-0.000197
-0.000921
-0.000743
-0.000668
-0.002050
-0.004330
-0.005805
-0.006016
-0.005861
-0.005828
-0.005458
-0.004433
-0.003198
-0.002325
-0.001704
-0.000660
0.000925
0.002014
0.001742
0.000901
0.000937
0.001834
0.002383
0.002347
0.002737
0.003793
0.004394
0.004120
0.004105
0.004863
0.005134
0.004030
0.002515
0.001625
0.000972
-0.000060
-0.001189
-0.001924
-0.002245
-0.002392
-0.002594
-0.002803
-0.002596
-0.001954
-0.001793
-0.002661
-0.003524
-0.003314
-0.002717
-0.002813
-0.003130
-0.002691
-0.001771
-0.001154
-0.000614
0.000502
0.001891
0.002632
0.002566
0.002455
0.002781
0.003046
0.002666
0.001979
0.001706
0.001810
0.001648
0.001135
0.000946
0.001288
0.001416
0.000868
0.000208
-0.000025
-0.000121
-0.000464
-0.000912
-0.001230
-0.001453
-0.001674
-0.001828
-0.001827
-0.001703
-0.001565
-0.001541
-0.001649
-0.001637
-0.001270
-0.000780
-0.000550
-0.000427
-0.000037
0.000420
0.000559
0.000681
0.001258
0.001912
0.001747
0.000263
-0.002178
-0.004059
-0.003776
-0.001999
-0.001103
-0.001193
0.000106
0.002855
0.004216
0.003833
0.004600
0.006828
0.007115
0.004296
0.001437
0.000795
0.001041
0.000377
-0.000761
-0.001006
-0.000322
0.000029
-0.000549
-0.000955
-0.000266
0.000252
-0.001133
-0.003679
-0.005242
-0.005423
-0.005477
-0.005926
-0.006039
-0.005208
-0.003796
-0.002603
-0.001732
-0.000417
0.001548
0.002930
0.002659
0.001640
0.001629
0.002675
0.003183
0.002611
0.002356
0.003259
0.004137
0.004033
0.003981
0.004820
0.005245
0.003971
0.002005
0.000928
0.000536
-0.000208
-0.001356
-0.002392
-0.003124
-0.003483
-0.003523
-0.003496
-0.003273
-0.002570
-0.001984
-0.002350
-0.003065
-0.002864
-0.002057
-0.001958
-0.002448
-0.002295
-0.001420
-0.000698
-0.000075
0.001124
0.002566
0.003266
0.003118
0.002941
0.003209
0.003511
0.003232
0.002363
0.001603
0.001458
0.001434
0.000941
0.000456
0.000520
0.000553
-0.000079
-0.000813
-0.000906
-0.000775
-0.001195
-0.001975
-0.002453
-0.002516
-0.002404
-0.002172
-0.001776
-0.001239
-0.000642
-0.000230
-0.000182
-0.000172
0.000141
0.000389
0.000166
-0.000084
0.000153
0.000521
0.000568
0.000647
0.001132
0.001597
0.001607
0.001464
0.001223
-0.000109
-0.002857
-0.004950
-0.004331
-0.002430
-0.002001
-0.002270
-0.000502
0.002526
0.003739
0.003553
0.004863
0.007115
0.006944
0.004042
0.001523
0.001012
0.001140
0.000486
-0.000553
-0.000862
-0.000345
-0.000063
-0.000514
-0.000705
-0.000090
-0.000108
-0.001925
-0.004279
-0.005438
-0.005596
-0.005819
-0.006197
-0.006090
-0.005075
-0.003367
-0.001783
-0.000754
0.000447
0.002279
0.003520
0.003013
0.001904
0.002075
0.003188
0.003433
0.002713
0.002710
0.003772
0.004360
0.003985
0.003964
0.004621
0.004503
0.003009
0.001321
0.000298
-0.000467
-0.001370
-0.002292
-0.003172
-0.003878
-0.004029
-0.003741
-0.003551
-0.003391
-0.002957
-0.002717
-0.003044
-0.003166
-0.002443
-0.001563
-0.001243
-0.001058
-0.000479
0.000275
0.000920
0.001585
0.002407
0.003210
0.003648
0.003578
0.003326
0.003264
0.003125
0.002378
0.001281
0.000600
0.000353
0.000007
-0.000324
-0.000177
0.000097
-0.000187
-0.000806
-0.001099
-0.001151
-0.001448
-0.001986
-0.002437
-0.002627
-0.002492
-0.002017
-0.001369
-0.000785
-0.000284
0.000257
0.000736
0.000959
0.001066
0.001254
0.001272
0.000892
0.000489
0.000414
0.000390
0.000173
0.000088
0.000378
0.000726
0.000812
0.000761
0.000800
0.000729
-0.000186
-0.002411
-0.004935
-0.005807
-0.004642
-0.003203
-0.002508
-0.001309
0.001211
0.003530
0.004419
0.005102
0.006660
0.007628
0.006348
0.003709
0.001778
0.001101
0.000639
-0.000343
-0.001285
-0.001338
-0.000792
-0.000619
-0.000844
-0.000654
-0.000210
-0.000761
-0.002618
-0.004550
-0.005537
-0.005792
-0.005890
-0.005896
-0.005500
-0.004468
-0.002928
-0.001318
0.000191
0.001823
0.003335
0.003854
0.003227
0.002663
0.003091
0.003687
0.003312
0.002566
0.002719
0.003494
0.003755
0.003580
0.003786
0.004122
0.003638
0.002321
0.001003
0.000034
-0.000925
-0.002115
-0.003376
-0.004340
-0.004701
-0.004524
-0.004181
-0.003797
-0.003243
-0.002750
-0.002671
-0.002662
-0.002124
-0.001299
-0.000904
-0.000913
-0.000661
0.000085
0.000935
0.001604
0.002243
0.002983
0.003532
0.003577
0.003368
0.003371
0.003476
0.003106
0.002175
0.001326
0.000952
0.000640
0.000007
-0.000671
-0.001062
-0.001310
-0.001623
-0.001862
-0.001849
-0.001716
-0.001700
-0.001872
-0.002145
-0.002277
-0.002027
-0.001531
-0.001153
-0.000864
-0.000304
0.000438
0.000901
0.001127
0.001503
0.001852
0.001709
0.001237
0.000908
0.000714
0.000460
0.000265
0.000233
0.000191
0.000039
-0.000053
0.000079
0.000349
0.000526
0.000396
-0.000333
-0.001879
-0.003695
-0.004526
-0.003900
-0.002909
-0.002438
-0.001623
0.000339
0.002369
0.003447
0.004495
0.006196
0.007115
0.005982
0.003840
0.002348
0.001614
0.000772
-0.000398
-0.001205
-0.001127
-0.000665
-0.000588
-0.000729
-0.000542
-0.000435
-0.001223
-0.002731
-0.004123
-0.005047
-0.005602
-0.005849
-0.005846
-0.005572
-0.004737
-0.003182
-0.001305
0.000451
0.002084
0.003371
0.003670
0.003120
0.002860
0.003362
0.003761
0.003383
0.002793
0.002806
0.003286
0.003609
0.003766
0.004103
0.004303
0.003700
0.002417
0.001110
-0.000036
-0.001200
-0.002432
-0.003723
-0.004873
-0.005394
-0.005154
-0.004614
-0.004095
-0.003490
-0.002893
-0.002643
-0.002563
-0.002049
-0.001054
-0.000259
-0.000098
-0.000119
0.000393
0.001377
0.002155
0.002584
0.003143
0.003845
0.004109
0.003846
0.003636
0.003618
0.003196
0.002109
0.000940
0.000227
-0.000209
-0.000756
-0.001336
-0.001658
-0.001789
-0.001982
-0.002166
-0.002140
-0.002006
-0.002005
-0.002151
-0.002264
-0.002165
-0.001801
-0.001322
-0.000927
-0.000561
-0.000049
0.000509
0.000922
0.001322
0.001835
0.002176
0.002132
0.001968
0.001900
0.001706
0.001162
0.000448
-0.000063
-0.000191
-0.000100
-0.000084
-0.000206
-0.000236
-0.000048
0.000087
-0.000188
-0.001087
-0.002715
-0.004520
-0.005181
-0.004218
-0.002821
-0.001927
-0.000809
0.001206
0.003230
0.004435
0.005460
0.006780
0.007331
0.006068
0.003624
0.001482
0.000349
-0.000184
-0.000732
-0.001238
-0.001252
-0.000830
-0.000579
-0.000759
-0.001014
-0.001238
-0.001940
-0.003337
-0.004825
-0.005703
-0.005908
-0.005840
-0.005721
-0.005269
-0.004028
-0.002026
0.000108
0.001880
0.003352
0.004493
0.004804
0.004187
0.003529
0.003574
0.003819
0.003522
0.003057
0.003163
0.003669
0.003972
0.003988
0.003859
0.003392
0.002350
0.000833
-0.000870
-0.002466
-0.003710
-0.004602
-0.005357
-0.005886
-0.005749
-0.004945
-0.004097
-0.003508
-0.002873
-0.002091
-0.001561
-0.001494
-0.001478
-0.001071
-0.000476
-0.000064
0.000432
0.001529
0.003010
0.004176
0.004924
0.005642
0.006160
0.005880
0.004858
0.003732
0.002736
0.001626
0.000307
-0.000981
-0.001890
-0.002308
-0.002466
-0.002537
-0.002401
-0.002080
-0.001948
-0.002180
-0.002507
-0.002759
-0.003033
-0.003261
-0.003259
-0.003002
-0.002421
-0.001451
-0.000365
0.000567
0.001443
0.002278
0.002765
0.002917
0.003146
0.003372
0.003068
0.002347
0.001850
0.001666
0.001411
0.001042
0.000839
0.000864
0.000857
0.000586
0.000101
-0.000449
-0.001022
-0.001613
-0.002145
-0.002508
-0.002627
-0.002518
-0.002401
-0.002747
-0.003795
-0.004844
-0.004773
-0.003576
-0.002279
-0.001187
0.000331
0.002242
0.003762
0.004901
0.006275
0.007520
0.007651
0.006617
0.005164
0.003824
0.002673
0.001520
0.000284
-0.000714
-0.001238
-0.001599
-0.002036
-0.002253
-0.002192
-0.002444
-0.003326
-0.004428
-0.005366
-0.006072
-0.006388
-0.006213
-0.005727
-0.004907
-0.003480
-0.001620
0.000113
0.001585
0.002974
0.004065
0.004510
0.004546
0.004712
0.004999
0.004950
0.004498
0.004062
0.003848
0.003691
0.003516
0.003392
0.003136
0.002352
0.001003
-0.000492
-0.001789
-0.002816
-0.003627
-0.004392
-0.005145
-0.005542
-0.005337
-0.004820
-0.004354
-0.003934
-0.003403
-0.002706
-0.001960
-0.001446
-0.001272
-0.001026
-0.000134
0.001319
0.002642
0.003581
0.004533
0.005586
0.006233
0.006209
0.005760
0.005045
0.003988
0.002636
0.001214
-0.000068
-0.001090
-0.001840
-0.002414
-0.002812
-0.002866
-0.002663
-0.002622
-0.002873
-0.003122
-0.003274
-0.003491
-0.003658
-0.003523
-0.003191
-0.002786
-0.002060
-0.000884
0.000479
0.001831
0.003030
0.003790
0.004123
0.004365
0.004429
0.003945
0.003139
0.002512
0.001936
0.001109
0.000428
0.000396
0.000727
0.000805
0.000448
-0.000215
-0.001019
-0.001770
-0.002441
-0.003163
-0.003837
-0.004146
-0.003999
-0.003591
-0.002998
-0.002148
-0.001254
-0.000863
-0.001342
-0.002320
-0.002807
-0.002192
-0.000879
0.000436
0.001697
0.003226
0.004961
0.006500
0.007681
0.008552
0.008863
0.008077
0.006045
0.003486
0.001426
0.000100
-0.001095
-0.002510
-0.003726
-0.004297
-0.004384
-0.004345
-0.004293
-0.004299
-0.004520
-0.005081
-0.005939
-0.006681
-0.006724
-0.006017
-0.005055
-0.004030
-0.002580
-0.000506
0.001822
0.003899
0.005552
0.006757
0.007330
0.007152
0.006487
0.005830
0.005397
0.004943
0.004229
0.003451
0.002960
0.002796
0.002649
0.002153
0.001163
-0.000242
-0.001896
-0.003576
-0.005023
-0.006112
-0.006925
-0.007482
-0.007570
-0.007037
-0.005973
-0.004564
-0.003095
-0.001890
-0.000973
-0.000210
0.000307
0.000539
0.000782
0.001272
0.002037
0.003164
0.004580
0.005819
0.006597
0.007124
0.007453
0.007214
0.006204
0.004622
0.002731
0.000708
-0.001322
-0.003237
-0.004711
-0.005404
-0.005474
-0.005276
-0.004761
-0.003953
-0.003362
-0.003173
-0.002886
-0.002324
-0.001961
-0.001998
-0.002066
-0.001757
-0.000899
0.000354
0.001586
0.002619
0.003661
0.004689
0.005260
0.005185
0.004764
0.004186
0.003348
0.002297
0.001269
0.000377
-0.000376
-0.000897
-0.001079
-0.001049
-0.001149
-0.001593
-0.002208
-0.002700
-0.003053
-0.003421
-0.003799
-0.003996
-0.003818
-0.003235
-0.002410
-0.001501
-0.000444
0.000842
0.002107
0.002985
0.003284
0.002733
0.001063
-0.001141
-0.002452
-0.002102
-0.000789
0.000470
0.001593
0.003061
0.004961
0.006771
0.007815
0.007834
0.006977
0.005167
0.002273
-0.000877
-0.002979
-0.003941
-0.004680
-0.005453
-0.005659
-0.005003
-0.003935
-0.003037
-0.002495
-0.002230
-0.002312
-0.002984
-0.004155
-0.005109
-0.005083
-0.004127
-0.002922
-0.001666
0.000148
0.002660
0.005148
0.006844
0.007648
0.007794
0.007285
0.006111
0.004711
0.003613
0.002823
0.002016
0.001170
0.000647
0.000655
0.000854
0.000671
-0.000061
-0.001060
-0.002203
-0.003687
-0.005391
-0.006722
-0.007338
-0.007498
-0.007451
-0.006914
-0.005502
-0.003388
-0.001197
0.000498
0.001503
0.002113
0.002685
0.003093
0.003084
0.003033
0.003539
0.004395
0.004952
0.005318
0.006050
0.006895
0.006923
0.005808
0.004107
0.002343
0.000440
-0.001787
-0.004022
-0.005630
-0.006382
-0.006664
-0.006721
-0.006161
-0.004822
-0.003464
-0.002788
-0.002519
-0.002132
-0.001715
-0.001501
-0.001292
-0.000803
-0.000019
0.000981
0.002153
0.003450
0.004760
0.005745
0.006010
0.005631
0.005093
0.004500
0.003471
0.001992
0.000604
-0.000389
-0.001167
-0.001826
-0.002214
-0.002316
-0.002329
-0.002403
-0.002586
-0.002915
-0.003306
-0.003564
-0.003663
-0.003630
-0.003245
-0.002423
-0.001563
-0.000963
-0.000240
0.001121
0.002765
0.003717
0.003800
0.003856
0.004178
0.003898
0.002384
0.000123
-0.001923
-0.002942
-0.002648
-0.001660
-0.000625
0.000769
0.002635
0.003969
0.004309
0.004456
0.004581
0.003746
0.001682
-0.000803
-0.002868
-0.003960
-0.004073
-0.003980
-0.004035
-0.003501
-0.002211
-0.001212
-0.000922
-0.000700
-0.000548
-0.001151
-0.002357
-0.003235
-0.003304
-0.002750
-0.001851
-0.000706
0.000723
0.002433
0.004124
0.005311
0.005774
0.005635
0.005007
0.003840
0.002309
0.001022
0.000385
0.000041
-0.000460
-0.000801
-0.000511
0.000093
0.000394
0.000219
-0.000426
-0.001549
-0.002913
-0.004165
-0.005079
-0.005414
-0.005065
-0.004364
-0.003546
-0.002329
-0.000661
0.000935
0.002127
0.002940
0.003190
0.002777
0.002204
0.001919
0.001811
0.001880
0.002340
0.002934
0.003329
0.003810
0.004457
0.004482
0.003381
0.001698
0.000008
-0.001698
-0.003346
-0.004616
-0.005370
-0.005602
-0.005326
-0.004694
-0.003812
-0.002600
-0.001232
-0.000294
-0.000055
-0.000128
-0.000170
-0.000231
-0.000272
-0.000047
0.000531
0.001357
0.002242
0.002976
0.003566
0.004174
0.004591
0.004304
0.003276
0.002086
0.001111
0.000156
-0.000860
-0.001567
-0.001771
-0.001722
-0.001601
-0.001400
-0.001250
-0.001328
-0.001599
-0.001948
-0.002297
-0.002515
-0.002514
-0.002338
-0.001965
-0.001299
-0.000455
0.000346
0.001156
0.002071
0.002790
0.002964
0.002663
0.002167
0.001673
0.001266
0.000884
0.000429
0.000030
-0.000107
-0.000191
-0.000783
-0.001989
-0.002955
-0.002780
-0.001914
-0.001492
-0.001326
-0.000352
0.001129
0.001963
0.002347
0.003148
0.003926
0.003730
0.002710
0.001588
0.000731
0.000169
-0.000425
-0.001334
-0.002038
-0.001980
-0.001683
-0.001736
-0.001720
-0.001368
-0.001315
-0.001835
-0.002352
-0.002494
-0.002337
-0.001994
-0.001681
-0.001460
-0.000898
0.000240
0.001405
0.002072
0.002485
0.003000
0.003333
0.003096
0.002597
0.002372
0.002277
0.001842
0.001198
0.000861
0.000858
0.000793
0.000465
-0.000104
-0.000828
-0.001520
-0.002097
-0.002666
-0.003182
-0.003432
-0.003433
-0.003295
-0.002929
-0.002260
-0.001379
-0.000402
0.000485
0.001123
0.001664
0.002253
0.002684
0.002815
0.002810
0.002764
0.002635
0.002410
0.001981
0.001282
0.000587
0.000104
-0.000396
-0.001076
-0.001652
-0.001880
-0.001918
-0.002000
-0.002107
-0.002095
-0.001934
-0.001711
-0.001468
-0.001202
-0.000921
-0.000607
-0.000242
0.000142
0.000526
0.000912
0.001239
0.001501
0.001804
0.002101
0.002225
0.002198
0.002133
0.001998
0.001734
0.001381
0.000956
0.000406
-0.000288
-0.001027
-0.001612
-0.001901
-0.001943
-0.001889
-0.001830
-0.001759
-0.001655
-0.001539
-0.001414
-0.001219
-0.000918
-0.000595
-0.000349
-0.000151
0.000102
0.000431
0.000766
0.001017
0.001181
0.001346
0.001571
0.001802
0.001903
0.001798
0.001609
0.001424
0.001012
0.000007
-0.001581
-0.002963
-0.003142
-0.002346
-0.001785
-0.001483
-0.000329
0.001497
0.002648
0.003005
0.003394
0.003559
0.002707
0.001110
-0.000376
-0.001267
-0.001568
-0.001839
-0.002494
-0.002847
-0.002180
-0.001151
-0.000623
-0.000274
0.000243
0.000307
-0.000438
-0.001325
-0.001709
-0.001628
-0.001358
-0.001052
-0.000651
0.000116
0.001268
0.002264
0.002693
0.002853
0.003044
0.002880
0.002046
0.001087
0.000567
0.000145
-0.000580
-0.001186
-0.001176
-0.000742
-0.000352
-0.000189
-0.000161
-0.000154
-0.000236
-0.000594
-0.001153
-0.001621
-0.002035
-0.002526
-0.002624
-0.001815
-0.000510
0.000534
0.001226
0.001822
0.002248
0.002310
0.002016
0.001465
0.000797
0.000231
-0.000119
-0.000292
-0.000277
-0.000112
-0.000027
-0.000060
0.000080
0.000400
0.000448
0.000042
-0.000517
-0.001020
-0.001448
-0.001700
-0.001688
-0.001443
-0.000957
-0.000260
0.000421
0.000919
0.001289
0.001489
0.001321
0.000846
0.000412
0.000186
0.000049
-0.000022
0.000102
0.000391
0.000638
0.000733
0.000747
0.000703
0.000457
-0.000111
-0.000799
-0.001235
-0.001447
-0.001744
-0.002002
-0.001816
-0.001225
-0.000639
-0.000215
0.000196
0.000652
0.000994
0.001080
0.000958
0.000783
0.000641
0.000492
0.000303
0.000207
0.000372
0.000677
0.000804
0.000720
0.000687
0.000714
0.000488
-0.000076
-0.000719
-0.001372
-0.002138
-0.002731
-0.002669
-0.001997
-0.001143
-0.000245
0.000787
0.001821
0.002620
0.003080
0.003157
0.002831
0.002144
0.001201
0.000199
-0.000601
-0.001056
-0.001253
-0.001320
-0.001217
-0.000922
-0.000605
-0.000452
-0.000545
-0.000887
-0.001345
-0.001652
-0.001643
-0.001456
-0.001297
-0.001063
-0.000550
0.000103
0.000658
0.001152
0.001642
0.001953
0.001916
0.001623
0.001280
0.001002
0.000781
0.000496
0.000133
-0.000032
0.000152
0.000381
0.000377
0.000275
0.000164
-0.000199
-0.000831
-0.001347
-0.001582
-0.001789
-0.002064
-0.002085
-0.001586
-0.000750
0.000020
0.000522
0.000828
0.001038
0.001065
0.000835
0.000592
0.000581
0.000589
0.000344
0.000120
0.000328
0.000783
0.000982
0.000892
0.000848
0.000925
0.000897
0.000563
-0.000065
-0.000738
-0.001195
-0.001453
-0.001669
-0.001721
-0.001334
-0.000679
-0.000244
-0.000088
0.000124
0.000439
0.000589
0.000515
0.000390
0.000279
0.000131
-0.000053
-0.000180
-0.000154
0.000016
0.000235
0.000439
0.000611
0.000694
0.000606
0.000363
0.000059
-0.000248
-0.000478
-0.000526
-0.000464
-0.000486
-0.000583
-0.000548
-0.000314
0.000012
0.000317
0.000436
0.000266
0.000005
-0.000090
-0.000036
0.000075
0.000244
0.000374
0.000338
0.000266
0.000317
0.000358
0.000220
-0.000046
-0.000316
-0.000466
-0.000421
-0.000329
-0.000353
-0.000355
-0.000233
-0.000276
-0.000598
-0.000780
-0.000590
-0.000357
-0.000247
0.000020
0.000549
0.001064
0.001356
0.001448
0.001395
0.001233
0.000988
0.000690
0.000455
0.000337
0.000168
-0.000196
-0.000617
-0.000852
-0.000875
-0.000875
-0.000944
-0.000999
-0.001011
-0.000990
-0.000853
-0.000592
-0.000365
-0.000198
0.000062
0.000400
0.000607
0.000632
0.000627
0.000675
0.000657
0.000441
0.000145
-0.000008
-0.000039
-0.000087
-0.000106
0.000002
0.000169
0.000306
0.000442
0.000555
0.000461
0.000019
-0.000624
-0.001114
-0.001271
-0.001275
-0.001313
-0.001256
-0.000872
-0.000198
0.000452
0.000826
0.001026
0.001270
0.001452
0.001365
0.001101
0.000835
0.000553
0.000176
-0.000235
-0.000449
-0.000332
-0.000053
0.000167
0.000287
0.000312
0.000230
0.000051
-0.000223
-0.000568
-0.000890
-0.001099
-0.001183
-0.001151
-0.000999
-0.000747
-0.000426
-0.000083
0.000190
0.000349
0.000402
0.000330
0.000169
0.000053
0.000049
0.000142
0.000362
0.000719
0.001050
0.001126
0.000943
0.000741
0.000676
0.000587
0.000251
-0.000260
-0.000653
-0.000788
-0.000802
-0.000814
-0.000735
-0.000491
-0.000209
-0.000065
-0.000038
0.000011
0.000039
-0.000083
-0.000243
-0.000294
-0.000328
-0.000452
-0.000559
-0.000482
-0.000193
0.000206
0.000595
0.000870
0.000969
0.000901
0.000697
0.000361
-0.000070
-0.000447
-0.000587
-0.000479
-0.000295
-0.000207
-0.000304
-0.000480
-0.000431
-0.000063
0.000307
0.000438
0.000491
0.000630
0.000733
0.000695
0.000598
0.000504
0.000444
0.000477
0.000536
0.000469
0.000289
0.000049
-0.000350
-0.000880
-0.001216
-0.001178
-0.000992
-0.000914
-0.000893
-0.000752
-0.000478
-0.000236
-0.000080
0.000141
0.000478
0.000752
0.000790
0.000623
0.000434
0.000325
0.000195
0.000009
-0.000067
-0.000030
-0.000091
-0.000218
-0.000182
-0.000054
-0.000091
-0.000210
-0.000139
0.000077
0.000173
0.000072
-0.000140
-0.000322
-0.000299
-0.000096
0.000064
0.000105
0.000127
0.000162
0.000196
0.000280
0.000422
0.000529
0.000540
0.000469
0.000315
0.000082
-0.000116
-0.000175
-0.000117
-0.000025
0.000011
-0.000098
-0.000327
-0.000484
-0.000470
-0.000422
-0.000417
-0.000361
-0.000260
-0.000244
-0.000320
-0.000325
-0.000162
0.000019
0.000079
0.000133
0.000290
0.000407
0.000327
0.000158
0.000110
0.000196
0.000283
0.000319
0.000350
0.000406
0.000469
0.000476
0.000405
0.000296
0.000140
-0.000095
-0.000331
-0.000460
-0.000495
-0.000533
-0.000619
-0.000689
-0.000665
-0.000543
-0.000314
0.000002
0.000245
0.000292
0.000228
0.000165
0.000080
-0.000073
-0.000228
-0.000244
-0.000080
0.000118
0.000242
0.000431
0.000745
0.000911
0.000718
0.000353
0.000061
-0.000166
-0.000361
-0.000397
-0.000221
-0.000047
-0.000096
-0.000265
-0.000235
0.000044
0.000253
0.000171
-0.000132
-0.000504
-0.000787
-0.000870
-0.000799
-0.000646
-0.000398
-0.000050
0.000362
0.000762
0.001053
0.001145
0.001035
0.000873
0.000770
0.000626
0.000328
-0.000031
-0.000271
-0.000361
-0.000397
-0.000411
-0.000341
-0.000204
-0.000102
-0.000085
-0.000174
-0.000321
-0.000341
-0.000211
-0.000178
-0.000277
-0.000260
-0.000113
-0.000044
-0.000092
-0.000152
-0.000196
-0.000235
-0.000255
-0.000263
-0.000259
-0.000192
-0.000039
0.000139
0.000321
0.000560
0.000806
0.000930
0.000885
0.000706
0.000476
0.000253
0.000004
-0.000254
-0.000402
-0.000414
-0.000393
-0.000415
-0.000472
-0.000521
-0.000505
-0.000387
-0.000196
-0.000044
-0.000001
0.000008
0.000076
0.000151
0.000150
0.000118
0.000103
0.000078
0.000082
0.000158
0.000221
0.000200
0.000116
0.000034
0.000083
0.000305
0.000480
0.000447
0.000371
0.000364
0.000247
-0.000039
-0.000288
-0.000384
-0.000433
-0.000491
-0.000472
-0.000390
-0.000419
-0.000587
-0.000691
-0.000599
-0.000350
-0.000043
0.000156
0.000216
0.000331
0.000557
0.000698
0.000678
0.000606
0.000499
0.000310
0.000137
0.000070
0.000013
-0.000132
-0.000262
-0.000232
-0.000111
-0.000072
-0.000114
-0.000142
-0.000133
-0.000085
-0.000077
-0.000252
-0.000516
-0.000605
-0.000498
-0.000345
-0.000184
-0.000032
0.000072
0.000224
0.000488
0.000749
0.000951
0.001023
0.000710
0.000097
-0.000277
-0.000349
-0.000623
-0.001022
-0.000945
-0.000459
-0.000053
0.000283
0.000565
0.000455
0.000108
0.000115
0.000388
0.000387
0.000150
0.000041
0.000029
-0.000011
0.000018
0.000051
-0.000048
-0.000059
0.000203
0.000425
0.000344
0.000185
0.000093
-0.000131
-0.000489
-0.000703
-0.000612
-0.000277
0.000023
-0.000011
-0.000184
-0.000041
0.000256
0.000187
-0.000124
-0.000164
-0.000038
-0.000241
-0.000679
-0.000810
-0.000551
-0.000232
0.000079
0.000520
0.000965
0.001093
0.000835
0.000485
0.000313
0.000144
-0.000307
-0.000761
-0.000746
-0.000470
-0.000420
-0.000447
-0.000105
0.000503
0.000897
0.000926
0.000823
0.000690
0.000365
-0.000161
-0.000608
-0.000792
-0.000835
-0.000878
-0.000806
-0.000476
-0.000026
0.000313
0.000487
0.000575
0.000594
0.000488
0.000241
-0.000034
-0.000141
-0.000038
0.000078
0.000038
-0.000095
-0.000167
-0.000132
-0.000037
0.000095
0.000228
0.000270
0.000203
0.000074
-0.000101
-0.000314
-0.000500
-0.000566
-0.000471
-0.000274
-0.000081
0.000086
0.000252
0.000326
0.000224
0.000092
0.000035
-0.000116
-0.000396
-0.000487
-0.000247
0.000021
0.000102
0.000151
0.000329
0.000528
0.000571
0.000477
0.000348
0.000142
-0.000143
-0.000321
-0.000254
-0.000041
0.000098
0.000079
0.000039
0.000099
0.000139
-0.000031
-0.000278
-0.000280
-0.000069
0.000004
-0.000198
-0.000421
-0.000394
-0.000206
-0.000092
-0.000058
-0.000024
-0.000047
-0.000148
-0.000228
-0.000124
0.000254
0.000607
0.000454
0.000005
0.000003
0.000438
0.000586
0.000313
0.000100
0.000125
0.000259
0.000411
0.000500
0.000496
0.000336
-0.000103
-0.000591
-0.000653
-0.000377
-0.000350
-0.000648
-0.000721
-0.000389
-0.000090
-0.000048
-0.000006
0.000135
0.000131
-0.000069
-0.000175
-0.000069
-0.000001
-0.000152
-0.000314
-0.000192
0.000131
0.000280
0.000173
0.000114
0.000220
0.000269
0.000151
-0.000039
-0.000208
-0.000269
-0.000169
-0.000014
0.000092
0.000225
0.000408
0.000480
0.000427
0.000419
0.000374
0.000061
-0.000353
-0.000485
-0.000348
-0.000226
-0.000191
-0.000104
0.000092
0.000294
0.000407
0.000434
0.000368
0.000189
-0.000015
-0.000154
-0.000289
-0.000473
-0.000622
-0.000631
-0.000474
-0.000191
0.000122
0.000319
0.000304
0.000118
-0.000106
-0.000223
-0.000197
-0.000211
-0.000440
-0.000675
-0.000543
-0.000101
0.000236
0.000308
0.000326
0.000452
0.000624
0.000719
0.000680
0.000521
0.000313
0.000111
-0.000042
-0.000054
0.000107
0.000307
0.000376
0.000293
0.000143
-0.000076
-0.000402
-0.000676
-0.000709
-0.000620
-0.000602
-0.000574
-0.000440
-0.000315
-0.000266
-0.000166
0.000040
0.000202
0.000217
0.000181
0.000193
0.000227
0.000213
0.000183
0.000257
0.000440
0.000542
0.000442
0.000282
0.000246
0.000272
0.000178
-0.000022
-0.000152
-0.000176
-0.000251
-0.000433
-0.000524
-0.000411
-0.000290
-0.000268
-0.000130
0.000177
0.000353
0.000258
0.000086
-0.000042
-0.000164
-0.000191
-0.000017
0.000150
0.000023
-0.000246
-0.000276
-0.000091
-0.000008
-0.000054
0.000023
0.000275
0.000468
0.000485
0.000445
0.000378
0.000171
-0.000104
-0.000211
-0.000165
-0.000219
-0.000426
-0.000514
-0.000315
-0.000063
-0.000037
-0.000132
-0.000074
0.000107
0.000173
0.000083
-0.000009
-0.000016
0.000035
0.000077
0.000071
0.000070
0.000128
0.000164
0.000105
0.000014
-0.000040
-0.000064
-0.000061
-0.000004
0.000129
0.000289
0.000362
0.000347
0.000350
0.000329
0.000122
-0.000229
-0.000483
-0.000541
-0.000538
-0.000556
-0.000507
-0.000373
-0.000282
-0.000263
-0.000204
-0.000070
0.000073
0.000148
0.000168
0.000226
0.000301
0.000270
0.000172
0.000129
0.000130
0.000162
0.000294
0.000450
0.000401
0.000186
0.000127
0.000293
0.000410
0.000356
0.000274
0.000232
0.000150
-0.000055
-0.000373
-0.000687
-0.000847
-0.000805
-0.000652
-0.000519
-0.000465
-0.000472
-0.000470
-0.000353
-0.000114
0.000120
0.000261
0.000317
0.000312
0.000273
0.000261
0.000311
0.000394
0.000468
0.000500
0.000490
0.000488
0.000501
0.000494
0.000465
0.000367
0.000150
-0.000057
-0.000116
-0.000105
-0.000167
-0.000338
-0.000578
-0.000811
-0.000979
-0.001052
-0.000981
-0.000783
-0.000573
-0.000371
-0.000122
0.000131
0.000363
0.000605
0.000766
0.000762
0.000688
0.000645
0.000585
0.000430
0.000172
-0.000104
-0.000229
-0.000110
0.000114
0.000172
-0.000039
-0.000319
-0.000357
-0.000117
0.000103
0.000107
0.000019
-0.000064
-0.000193
-0.000318
-0.000327
-0.000267
-0.000246
-0.000231
-0.000055
0.000314
0.000611
0.000593
0.000414
0.000348
0.000321
0.000134
-0.000139
-0.000311
-0.000373
-0.000422
-0.000444
-0.000353
-0.000176
-0.000013
0.000084
0.000097
0.000040
-0.000055
-0.000206
-0.000390
-0.000449
-0.000319
-0.000135
0.000035
0.000256
0.000498
0.000630
0.000605
0.000502
0.000416
0.000365
0.000288
0.000158
0.000047
0.000027
0.000051
0.000003
-0.000135
-0.000246
-0.000274
-0.000288
-0.000308
-0.000286
-0.000244
-0.000285
-0.000429
-0.000542
-0.000491
-0.000322
-0.000192
-0.000129
0.000040
0.000362
0.000621
0.000678
0.000583
0.000339
-0.000012
-0.000232
-0.000194
-0.000085
-0.000071
-0.000100
-0.000111
-0.000090
0.000016
0.000183
0.000258
0.000162
0.000009
-0.000028
0.000065
0.000146
0.000131
0.000090
0.000095
0.000134
0.000166
0.000156
0.000096
-0.000002
-0.000109
-0.000166
-0.000149
-0.000152
-0.000233
-0.000283
-0.000218
-0.000133
-0.000101
-0.000046
0.000073
0.000172
0.000165
0.000037
-0.000135
-0.000238
-0.000234
-0.000159
-0.000051
0.000019
0.000008
-0.000014
0.000013
0.000004
-0.000097
-0.000143
0.000008
0.000250
0.000359
0.000264
0.000119
0.000128
0.000317
0.000486
0.000445
0.000246
0.000075
0.000016
0.000031
0.000048
0.000010
-0.000088
-0.000222
-0.000383
-0.000545
-0.000655
-0.000733
-0.000781
-0.000649
-0.000265
0.000151
0.000351
0.000334
0.000273
0.000280
0.000345
0.000413
0.000408
0.000315
0.000228
0.000155
-0.000007
-0.000210
-0.000252
-0.000094
0.000068
0.000114
0.000138
0.000193
0.000161
-0.000031
-0.000272
-0.000369
-0.000264
-0.000110
-0.000054
-0.000058
-0.000001
0.000149
0.000281
0.000279
0.000187
0.000122
0.000095
0.000003
-0.000184
-0.000330
-0.000302
-0.000130
0.000023
0.000016
-0.000082
-0.000078
0.000038
0.000078
-0.000026
-0.000125
-0.000085
0.000018
0.000029
-0.000005
0.000069
0.000156
0.000054
-0.000118
-0.000127
-0.000039
-0.000021
-0.000027
0.000043
0.000157
0.000232
0.000237
0.000210
0.000170
0.000083
-0.000016
-0.000015
0.000046
-0.000011
-0.000188
-0.000298
-0.000242
-0.000135
-0.000144
-0.000245
-0.000261
-0.000137
-0.000018
0.000024
0.000080
0.000125
0.000044
-0.000059
-0.000016
0.000088
0.000063
-0.000087
-0.000155
-0.000003
0.000210
0.000286
0.000310
0.000402
0.000443
0.000359
0.000286
0.000287
0.000236
0.000068
-0.000096
-0.000133
-0.000094
-0.000120
-0.000225
-0.000332
-0.000430
-0.000531
-0.000560
-0.000464
-0.000268
-0.000021
0.000150
0.000108
-0.000089
-0.000248
-0.000264
-0.000133
0.000117
0.000386
0.000498
0.000417
0.000320
0.000326
0.000327
0.000184
-0.000063
-0.000227
-0.000196
-0.000100
-0.000138
-0.000283
-0.000356
-0.000295
-0.000166
-0.000026
0.000077
0.000114
0.000160
0.000302
0.000449
0.000443
0.000324
0.000250
0.000226
0.000147
0.000015
-0.000099
-0.000187
-0.000264
-0.000281
-0.000213
-0.000124
-0.000092
-0.000114
-0.000152
-0.000217
-0.000304
-0.000326
-0.000247
-0.000139
-0.000035
0.000051
0.000028
-0.000095
-0.000137
-0.000034
0.000050
0.000049
0.000093
0.000227
0.000367
0.000481
0.000585
0.000617
0.000480
0.000206
-0.000016
-0.000068
-0.000044
-0.000077
-0.000155
-0.000174
-0.000118
-0.000070
-0.000107
-0.000192
-0.000194
-0.000092
-0.000013
0.000021
0.000050
-0.000065
-0.000404
-0.000688
-0.000644
-0.000420
-0.000285
-0.000221
-0.000089
0.000075
0.000191
0.000310
0.000443
0.000511
0.000511
0.000495
0.000448
0.000317
0.000133
0.000016
-0.000001
-0.000019
-0.000094
-0.000178
-0.000176
-0.000063
0.000038
-0.000008
-0.000166
-0.000283
-0.000233
-0.000059
0.000051
0.000010
-0.000063
-0.000016
0.000134
0.000207
0.000147
0.000130
0.000222
0.000238
0.000076
-0.000129
-0.000261
-0.000333
-0.000371
-0.000364
-0.000267
-0.000079
0.000074
0.000093
0.000064
0.000085
0.000118
0.000117
0.000098
0.000050
-0.000026
-0.000049
-0.000014
-0.000053
-0.000182
-0.000226
-0.000071
0.000190
0.000367
0.000375
0.000280
0.000158
-0.000000
-0.000151
-0.000159
-0.000025
0.000061
0.000012
-0.000027
0.000035
0.000052
-0.000042
-0.000047
0.000119
0.000198
0.000026
-0.000166
-0.000159
-0.000071
-0.000052
-0.000028
0.000027
-0.000066
-0.000321
-0.000436
-0.000278
-0.000106
-0.000135
-0.000225
-0.000187
-0.000041
0.000089
0.000116
0.000071
0.000070
0.000161
0.000295
0.000385
0.000372
0.000335
0.000365
0.000374
0.000282
0.000169
0.000059
-0.000110
-0.000300
-0.000401
-0.000349
-0.000203
-0.000086
-0.000013
0.000070
0.000114
0.000046
-0.000085
-0.000142
-0.000088
-0.000064
-0.000177
-0.000290
-0.000229
-0.000072
0.000050
0.000196
0.000358
0.000329
0.000091
-0.000105
-0.000163
-0.000173
-0.000123
0.000018
0.000125
0.000089
0.000000
-0.000005
0.000050
0.000040
-0.000047
-0.000082
0.000020
0.000184
0.000257
0.000179
0.000052
-0.000003
-0.000009
-0.000035
-0.000035
0.000032
0.000049
-0.000098
-0.000286
-0.000324
-0.000266
-0.000278
-0.000316
-0.000195
0.000107
0.000363
0.000369
0.000212
0.000109
0.000092
0.000096
0.000141
0.000212
0.000214
0.000119
0.000003
-0.000019
0.000062
0.000071
-0.000094
-0.000261
-0.000288
-0.000254
-0.000219
-0.000141
-0.000055
-0.000031
-0.000046
-0.000048
-0.000009
0.000100
0.000256
0.000318
0.000242
0.000169
0.000127
-0.000004
-0.000188
-0.000324
-0.000446
-0.000522
-0.000386
-0.000032
0.000326
0.000506
0.000466
0.000259
0.000047
-0.000029
-0.000042
-0.000140
-0.000291
-0.000336
-0.000229
-0.000059
0.000067
0.000098
0.000096
0.000161
0.000223
0.000153
-0.000004
-0.000142
-0.000235
-0.000276
-0.000226
-0.000088
0.000091
0.000261
0.000389
0.000457
0.000460
0.000393
0.000230
0.000021
-0.000086
-0.000034
0.000040
-0.000005
-0.000126
-0.000200
-0.000235
-0.000320
-0.000415
-0.000381
-0.000227
-0.000109
-0.000107
-0.000154
-0.000161
-0.000091
0.000030
0.000130
0.000159
0.000143
0.000134
0.000140
0.000134
0.000120
0.000131
0.000184
0.000254
0.000271
0.000166
0.000014
-0.000006
0.000142
0.000299
0.000294
0.000091
-0.000191
-0.000386
-0.000470
-0.000526
-0.000544
-0.000437
-0.000232
-0.000074
-0.000007
0.000049
0.000140
0.000222
0.000221
0.000145
0.000099
0.000112
0.000077
-0.000029
-0.000074
-0.000013
0.000036
0.000029
0.000060
0.000132
0.000096
-0.000087
-0.000183
-0.000046
0.000114
0.000113
0.000089
0.000180
0.000303
0.000341
0.000263
0.000109
-0.000013
-0.000010
0.000064
0.000078
-0.000012
-0.000150
-0.000259
-0.000280
-0.000261
-0.000325
-0.000441
-0.000447
-0.000324
-0.000237
-0.000263
-0.000280
-0.000136
0.000134
0.000333
0.000319
0.000156
0.000013
-0.000007
0.000100
0.000298
0.000497
0.000587
0.000540
0.000437
0.000343
0.000226
0.000094
0.000034
0.000053
0.000071
0.000015
-0.000163
-0.000402
-0.000546
-0.000548
-0.000518
-0.000523
-0.000467
-0.000304
-0.000178
-0.000166
-0.000171
-0.000152
-0.000145
-0.000107
0.000012
0.000189
0.000361
0.000437
0.000384
0.000336
0.000388
0.000425
0.000371
0.000336
0.000344
0.000281
0.000151
0.000056
0.000008
-0.000053
-0.000156
-0.000279
-0.000353
-0.000328
-0.000275
-0.000311
-0.000425
-0.000501
-0.000474
-0.000354
-0.000176
-0.000028
0.000045
0.000112
0.000181
0.000183
0.000165
0.000218
0.000297
0.000350
0.000398
0.000414
0.000370
0.000316
0.000233
0.000049
-0.000120
-0.000083
0.000085
0.000150
0.000070
-0.000039
-0.000134
-0.000249
-0.000351
-0.000376
-0.000372
-0.000412
-0.000468
-0.000470
-0.000392
-0.000273
-0.000161
-0.000049
0.000069
0.000187
0.000309
0.000407
0.000417
0.000333
0.000244
0.000241
0.000304
0.000358
0.000383
0.000365
0.000235
-0.000007
-0.000223
-0.000304
-0.000276
-0.000231
-0.000224
-0.000226
-0.000184
-0.000093
0.000023
0.000104
0.000078
-0.000037
-0.000140
-0.000197
-0.000261
-0.000325
-0.000279
-0.000065
0.000208
0.000346
0.000247
0.000030
-0.000079
-0.000031
0.000013
0.000008
0.000077
0.000204
0.000220
0.000092
-0.000044
-0.000061
0.000073
0.000267
0.000361
0.000299
0.000189
0.000134
0.000085
-0.000062
-0.000245
-0.000337
-0.000374
-0.000438
-0.000469
-0.000374
-0.000169
0.000006
0.000017
-0.000062
-0.000045
0.000093
0.000222
0.000267
0.000222
0.000077
-0.000103
-0.000173
-0.000113
-0.000054
-0.000042
0.000026
0.000207
0.000388
0.000402
0.000312
0.000310
0.000345
0.000224
-0.000032
-0.000243
-0.000259
-0.000067
0.000094
-0.000035
-0.000330
-0.000432
-0.000218
0.000100
0.000236
0.000103
-0.000145
-0.000319
-0.000376
-0.000369
-0.000345
-0.000318
-0.000232
-0.000048
0.000127
0.000170
0.000154
0.000195
0.000202
0.000051
-0.000092
0.000029
0.000308
0.000431
0.000373
0.000337
0.000370
0.000333
0.000201
0.000121
0.000153
0.000163
0.000047
-0.000138
-0.000263
-0.000274
-0.000274
-0.000369
-0.000482
-0.000522
-0.000537
-0.000546
-0.000462
-0.000263
-0.000076
-0.000042
-0.000083
0.000049
0.000357
0.000567
0.000579
0.000564
0.000590
0.000520
0.000305
0.000094
0.000025
0.000068
0.000089
0.000030
-0.000059
-0.000160
-0.000284
-0.000378
-0.000351
-0.000205
-0.000040
0.000081
0.000120
0.000041
-0.000100
-0.000200
-0.000239
-0.000273
-0.000318
-0.000310
-0.000215
-0.000091
0.000031
0.000217
0.000491
0.000706
0.000685
0.000457
0.000180
-0.000043
-0.000157
-0.000185
-0.000234
-0.000309
-0.000296
-0.000178
-0.000045
0.000024
0.000011
0.000005
0.000106
0.000219
0.000186
0.000038
-0.000054
-0.000018
0.000020
-0.000100
-0.000330
-0.000449
-0.000358
-0.000189
-0.000067
0.000040
0.000173
0.000261
0.000272
0.000293
0.000338
0.000310
0.000194
0.000047
-0.000116
-0.000253
-0.000288
-0.000210
-0.000083
0.000050
0.000172
0.000218
0.000145
0.000035
-0.000058
-0.000178
-0.000303
-0.000322
-0.000224
-0.000111
-0.000048
-0.000023
-0.000018
0.000020
0.000171
0.000384
0.000456
0.000303
0.000109
0.000078
0.000135
0.000069
-0.000100
-0.000165
-0.000091
-0.000034
-0.000080
-0.000153
-0.000146
-0.000057
0.000007
-0.000017
-0.000100
-0.000176
-0.000146
0.000005
0.000127
0.000115
0.000072
0.000120
0.000178
0.000107
-0.000042
-0.000121
-0.000134
-0.000165
-0.000177
-0.000099
-0.000001
-0.000014
-0.000172
-0.000344
-0.000302
0.000005
0.000318
0.000387
0.000293
0.000227
0.000181
0.000074
-0.000064
-0.000162
-0.000185
-0.000127
-0.000014
0.000106
0.000185
0.000227
0.000272
0.000282
0.000178
0.000019
-0.000076
-0.000132
-0.000216
-0.000275
-0.000230
-0.000128
-0.000089
-0.000110
-0.000068
0.000030
0.000040
-0.000045
-0.000089
-0.000072
-0.000062
-0.000056
-0.000055
-0.000094
-0.000129
-0.000090
-0.000001
0.000087
0.000220
0.000436
0.000617
0.000633
0.000498
0.000303
0.000104
-0.000118
-0.000354
-0.000490
-0.000461
-0.000366
-0.000301
-0.000226
-0.000091
0.000065
0.000165
0.000138
-0.000003
-0.000144
-0.000228
-0.000263
-0.000229
-0.000142
-0.000071
-0.000017
0.000082
0.000234
0.000356
0.000367
0.000337
0.000395
0.000441
0.000298
0.000045
-0.000122
-0.000155
-0.000159
-0.000245
-0.000365
-0.000375
-0.000285
-0.000185
-0.000058
0.000086
0.000127
0.000038
-0.000093
-0.000185
-0.000195
-0.000138
-0.000075
0.000015
0.000172
0.000310
0.000363
0.000369
0.000313
0.000168
0.000017
-0.000035
-0.000002
0.000035
0.000015
-0.000057
-0.000110
-0.000075
0.000003
0.000013
-0.000031
-0.000040
-0.000036
-0.000067
-0.000119
-0.000178
-0.000226
-0.000224
-0.000177
-0.000141
-0.000127
-0.000076
0.000007
0.000029
0.000003
0.000071
0.000241
0.000303
0.000154
-0.000024
-0.000040
0.000062
0.000129
0.000162
0.000255
0.000347
0.000311
0.000171
0.000036
-0.000082
-0.000221
-0.000362
-0.000454
-0.000442
-0.000295
-0.000088
0.000067
0.000173
0.000269
0.000304
0.000264
0.000217
0.000159
0.000027
-0.000174
-0.000356
-0.000418
-0.000336
-0.000209
-0.000145
-0.000130
-0.000081
0.000018
0.000100
0.000147
0.000203
0.000250
0.000186
0.000017
-0.000090
-0.000054
0.000015
-0.000003
-0.000065
-0.000030
0.000137
0.000290
0.000284
0.000161
0.000069
0.000052
0.000055
0.000087
0.000154
0.000159
0.000074
0.000008
0.000013
-0.000021
-0.000220
-0.000497
-0.000605
-0.000494
-0.000356
-0.000293
-0.000218
-0.000060
0.000140
0.000271
0.000254
0.000176
0.000190
0.000260
0.000262
0.000211
0.000143
-0.000001
-0.000189
-0.000266
-0.000145
0.000082
0.000260
0.000339
0.000353
0.000292
0.000135
-0.000057
-0.000203
-0.000291
-0.000287
-0.000157
0.000012
0.000079
0.000015
-0.000107
-0.000203
-0.000216
-0.000151
-0.000087
-0.000095
-0.000145
-0.000135
-0.000047
0.000033
0.000098
0.000232
0.000380
0.000369
0.000187
0.000008
-0.000057
-0.000020
0.000062
0.000099
0.000038
-0.000050
-0.000091
-0.000096
-0.000088
-0.000092
-0.000142
-0.000186
-0.000146
-0.000041
0.000030
0.000009
-0.000071
-0.000132
-0.000123
-0.000048
0.000030
0.000029
-0.000042
-0.000095
-0.000050
0.000089
0.000209
0.000225
0.000198
0.000205
0.000196
0.000114
0.000044
0.000107
0.000258
0.000339
0.000259
0.000071
-0.000094
-0.000161
-0.000168
-0.000209
-0.000324
-0.000462
-0.000521
-0.000384
-0.000048
0.000234
0.000219
0.000040
0.000003
0.000116
0.000132
-0.000022
-0.000124
-0.000051
0.000004
-0.000076
-0.000094
0.000083
0.000241
0.000153
-0.000044
-0.000047
0.000120
0.000169
0.000087
0.000087
0.000133
0.000055
-0.000079
-0.000094
0.000000
0.000048
-0.000035
-0.000139
-0.000096
0.000079
0.000206
0.000173
0.000055
-0.000037
-0.000131
-0.000294
-0.000433
-0.000412
-0.000287
-0.000177
-0.000065
0.000052
0.000108
0.000103
0.000058
-0.000025
-0.000068
0.000018
0.000181
0.000321
0.000419
0.000466
0.000378
0.000128
-0.000126
-0.000199
-0.000125
-0.000019
0.000134
0.000305
0.000319
0.000121
-0.000161
-0.000416
-0.000549
-0.000480
-0.000286
-0.000150
-0.000126
-0.000087
0.000039
0.000155
0.000175
0.000158
0.000143
0.000099
0.000068
0.000113
0.000171
0.000144
0.000061
0.000047
0.000111
0.000109
0.000018
-0.000053
-0.000089
-0.000125
-0.000144
-0.000103
-0.000003
0.000088
0.000117
0.000112
0.000070
-0.000099
-0.000362
-0.000453
-0.000235
0.000035
0.000089
-0.000013
-0.000109
-0.000130
-0.000087
-0.000063
-0.000101
-0.000089
0.000053
0.000194
0.000216
0.000165
0.000127
0.000114
0.000106
0.000113
0.000150
0.000139
-0.000009
-0.000193
-0.000201
-0.000011
0.000178
0.000216
0.000146
0.000103
0.000115
0.000111
0.000089
0.000070
0.000007
-0.000113
-0.000215
-0.000292
-0.000400
-0.000457
-0.000314
-0.000056
0.000095
0.000114
0.000142
0.000245
0.000321
0.000246
0.000071
-0.000057
-0.000072
0.000001
0.000078
0.000049
-0.000112
-0.000250
-0.000191
-0.000014
0.000029
-0.000110
-0.000213
-0.000120
0.000048
0.000081
0.000021
0.000060
0.000175
0.000196
0.000139
0.000118
0.000112
0.000067
0.000059
0.000128
0.000174
0.000149
0.000103
0.000015
-0.000143
-0.000270
-0.000282
-0.000241
-0.000204
-0.000151
-0.000107
-0.000106
-0.000066
0.000051
0.000114
0.000058
0.000012
0.000025
0.000003
-0.000037
0.000005
0.000089
0.000070
-0.000047
-0.000116
-0.000078
-0.000007
0.000011
-0.000029
-0.000035
0.000053
0.000152
0.000165
0.000098
0.000048
0.000083
0.000141
0.000135
0.000098
0.000094
0.000071
-0.000033
-0.000156
-0.000206
-0.000156
-0.000009
0.000154
0.000174
0.000024
-0.000113
-0.000094
0.000021
0.000115
0.000115
-0.000012
-0.000200
-0.000264
-0.000135
0.000033
0.000074
0.000008
-0.000064
-0.000097
-0.000109
-0.000110
-0.000119
-0.000176
-0.000232
-0.000134
0.000116
0.000287
0.000273
0.000225
0.000232
0.000166
-0.000026
-0.000161
-0.000085
0.000101
0.000202
0.000147
0.000003
-0.000121
-0.000152
-0.000093
0.000012
0.000098
0.000124
0.000114
0.000097
0.000059
0.000011
-0.000037
-0.000093
-0.000144
-0.000157
-0.000137
-0.000141
-0.000210
-0.000298
-0.000278
-0.000082
0.000159
0.000256
0.000180
0.000026
-0.000099
-0.000084
0.000073
0.000180
0.000093
-0.000051
-0.000020
0.000173
0.000304
0.000263
0.000140
0.000048
0.000025
0.000036
-0.000020
-0.000164
-0.000230
-0.000118
0.000030
0.000070
0.000028
-0.000051
-0.000176
-0.000240
-0.000127
0.000054
0.000117
0.000068
0.000013
-0.000014
-0.000033
-0.000051
-0.000060
-0.000040
-0.000006
0.000002
-0.000001
0.000023
0.000068
0.000082
0.000008
-0.000104
-0.000138
-0.000089
-0.000027
0.000053
0.000158
0.000200
0.000151
0.000123
0.000158
0.000153
0.000032
-0.000121
-0.000179
-0.000128
-0.000048
-0.000028
-0.000112
-0.000193
-0.000115
0.000037
0.000088
0.000105
0.000211
0.000303
0.000232
0.000034
-0.000135
-0.000180
-0.000161
-0.000165
-0.000181
-0.000162
-0.000095
0.000001
0.000079
0.000066
-0.000054
-0.000148
-0.000107
-0.000055
-0.000112
-0.000137
0.000022
0.000216
0.000203
0.000038
-0.000031
0.000055
0.000175
0.000235
0.000202
0.000133
0.000114
0.000140
0.000175
0.000232
0.000267
0.000190
0.000017
-0.000145
-0.000244
-0.000309
-0.000343
-0.000297
-0.000214
-0.000239
-0.000360
-0.000401
-0.000284
-0.000101
0.000036
0.000088
0.000083
0.000094
0.000149
0.000182
0.000140
0.000115
0.000232
0.000383
0.000336
0.000134
0.000023
0.000024
-0.000048
-0.000178
-0.000147
0.000071
0.000224
0.000156
0.000016
-0.000021
-0.000011
-0.000042
-0.000047
-0.000006
-0.000011
-0.000040
-0.000018
-0.000051
-0.000243
-0.000414
-0.000345
-0.000121
0.000021
0.000004
-0.000078
-0.000125
-0.000116
-0.000087
-0.000063
-0.000013
0.000068
0.000148
0.000233
0.000287
0.000235
0.000139
0.000127
0.000184
0.000203
0.000164
0.000140
0.000139
0.000117
0.000109
0.000146
0.000132
-0.000008
-0.000203
-0.000351
-0.000450
-0.000495
-0.000408
-0.000214
-0.000097
-0.000164
-0.000279
-0.000247
-0.000091
0.000040
0.000149
0.000293
0.000379
0.000294
0.000123
0.000058
0.000137
0.000226
0.000199
0.000094
0.000050
0.000088
0.000089
0.000038
0.000038
0.000078
0.000039
-0.000097
-0.000189
-0.000149
-0.000079
-0.000088
-0.000135
-0.000135
-0.000094
-0.000089
-0.000094
0.000019
0.000204
0.000226
0.000033
-0.000146
-0.000133
0.000003
0.000081
0.000008
-0.000115
-0.000131
-0.000044
0.000016
0.000034
0.000092
0.000135
0.000083
0.000072
0.000219
0.000328
0.000186
-0.000113
-0.000339
-0.000386
-0.000294
-0.000194
-0.000192
-0.000257
-0.000254
-0.000085
0.000146
0.000228
0.000138
0.000050
0.000055
0.000094
0.000090
0.000028
-0.000021
0.000014
0.000091
0.000155
0.000211
0.000236
0.000215
0.000204
0.000274
0.000373
0.000319
0.000071
-0.000164
-0.000247
-0.000235
-0.000214
-0.000227
-0.000282
-0.000289
-0.000159
-0.000012
-0.000056
-0.000251
-0.000342
-0.000236
-0.000107
-0.000076
-0.000085
-0.000089
-0.000075
0.000026
0.000251
0.000476
0.000519
0.000386
0.000266
0.000224
0.000139
-0.000014
-0.000092
0.000012
0.000190
0.000196
-0.000015
-0.000193
-0.000186
-0.000148
-0.000212
-0.000243
-0.000145
-0.000079
-0.000155
-0.000236
-0.000189
-0.000065
0.000023
0.000025
-0.000034
-0.000051
0.000015
0.000024
-0.000095
-0.000155
-0.000032
0.000113
0.000130
0.000080
0.000052
0.000083
0.000183
0.000280
0.000285
0.000197
0.000104
0.000105
0.000160
0.000121
0.000012
-0.000028
-0.000019
-0.000037
-0.000069
-0.000095
-0.000108
-0.000075
-0.000006
0.000009
-0.000034
-0.000047
-0.000036
-0.000044
-0.000047
-0.000072
-0.000183
-0.000330
-0.000404
-0.000360
-0.000234
-0.000098
-0.000023
0.000008
0.000089
0.000209
0.000229
0.000124
0.000038
0.000073
0.000175
0.000226
0.000214
0.000265
0.000383
0.000359
0.000177
0.000107
0.000197
0.000183
-0.000010
-0.000173
-0.000211
-0.000254
-0.000356
-0.000405
-0.000321
-0.000158
-0.000031
0.000007
-0.000019
-0.000079
-0.000138
-0.000144
-0.000095
-0.000041
-0.000018
-0.000022
-0.000015
0.000022
0.000059
0.000047
0.000008
0.000066
0.000254
0.000398
0.000368
0.000263
0.000186
0.000103
0.000004
-0.000047
-0.000069
-0.000151
-0.000234
-0.000196
-0.000102
-0.000078
-0.000076
-0.000057
-0.000099
-0.000140
-0.000007
0.000175
0.000109
-0.000096
-0.000083
0.000097
0.000089
-0.000122
-0.000227
-0.000118
0.000003
