6240
0.000193
0.000094
0.000072
0.000088
0.000030
-0.000018
0.000003
-0.000007
-0.000063
-0.000072
-0.000015
0.000065
0.000102
0.000025
-0.000112
-0.000172
-0.000145
-0.000107
-0.000061
-0.000017
-0.000027
-0.000070
-0.000042
0.000043
0.000047
-0.000017
-0.000027
0.000027
0.000085
0.000122
0.000136
0.000122
0.000106
0.000126
0.000133
0.000062
-0.000031
-0.000072
-0.000101
-0.000175
-0.000240
-0.000229
-0.000169
-0.000114
-0.000048
0.000050
0.000122
0.000125
0.000086
0.000031
-0.000006
0.000012
0.000046
0.000033
-0.000006
-0.000002
0.000071
0.000163
0.000217
0.000200
0.000073
-0.000110
-0.000195
-0.000142
-0.000079
-0.000089
-0.000167
-0.000280
-0.000319
-0.000213
-0.000080
-0.000047
-0.000044
0.000034
0.000162
0.000275
0.000330
0.000261
0.000080
-0.000039
0.000012
0.000088
0.000044
-0.000006
0.000067
0.000139
0.000078
-0.000018
-0.000016
0.000068
0.000146
0.000159
0.000112
0.000051
-0.000017
-0.000112
-0.000171
-0.000087
0.000047
0.000023
-0.000140
-0.000247
-0.000245
-0.000197
-0.000129
-0.000060
-0.000034
-0.000060
-0.000066
0.000019
0.000118
0.000098
-0.000037
-0.000155
-0.000173
-0.000109
-0.000017
0.000052
0.000091
0.000135
0.000178
0.000172
0.000131
0.000091
0.000045
0.000018
0.000051
0.000098
0.000096
0.000075
0.000081
0.000076
0.000005
-0.000106
-0.000162
-0.000133
-0.000071
-0.000021
-0.000010
-0.000047
-0.000081
-0.000059
0.000015
0.000088
0.000079
-0.000021
-0.000085
-0.000033
0.000078
0.000170
0.000192
0.000144
0.000076
0.000020
-0.000022
-0.000085
-0.000184
-0.000247
-0.000250
-0.000272
-0.000289
-0.000217
-0.000111
-0.000028
0.000069
0.000168
0.000187
0.000130
0.000116
0.000183
0.000208
0.000127
0.000050
0.000049
0.000055
0.000045
0.000088
0.000166
0.000152
0.000028
-0.000050
-0.000006
0.000022
-0.000083
-0.000207
-0.000202
-0.000124
-0.000110
-0.000150
-0.000145
-0.000064
0.000026
0.000042
0.000012
0.000024
0.000018
-0.000116
-0.000264
-0.000232
-0.000058
0.000066
0.000100
0.000164
0.000299
0.000399
0.000373
0.000249
0.000126
0.000061
0.000024
-0.000020
-0.000043
-0.000045
-0.000088
-0.000134
-0.000120
-0.000140
-0.000237
-0.000250
-0.000107
0.000049
0.000087
-0.000005
-0.000147
-0.000208
-0.000163
-0.000099
-0.000019
0.000108
0.000178
0.000134
0.000111
0.000173
0.000218
0.000178
0.000099
0.000020
-0.000069
-0.000147
-0.000151
-0.000114
-0.000133
-0.000191
-0.000175
-0.000066
-0.000016
-0.000109
-0.000150
0.000014
0.000216
0.000246
0.000155
0.000138
0.000235
0.000278
0.000179
0.000058
0.000043
0.000095
0.000086
-0.000026
-0.000189
-0.000303
-0.000272
-0.000123
-0.000012
-0.000011
-0.000036
-0.000001
0.000085
0.000166
0.000169
0.000091
0.000040
0.000090
0.000184
0.000194
0.000026
-0.000230
-0.000385
-0.000396
-0.000352
-0.000279
-0.000141
0.000009
0.000077
0.000073
0.000033
-0.000024
-0.000041
0.000004
0.000060
0.000116
0.000179
0.000186
0.000085
-0.000043
-0.000073
-0.000023
0.000026
0.000094
0.000188
0.000211
0.000118
-0.000007
-0.000045
0.000035
0.000097
0.000000
-0.000149
-0.000162
-0.000089
-0.000091
-0.000152
-0.000162
-0.000109
-0.000064
-0.000085
-0.000120
-0.000056
0.000084
0.000165
0.000184
0.000226
0.000224
0.000111
0.000002
-0.000006
0.000031
0.000069
0.000126
0.000184
0.000174
0.000044
-0.000126
-0.000189
-0.000147
-0.000128
-0.000142
-0.000103
0.000013
0.000146
0.000211
0.000145
0.000011
-0.000078
-0.000146
-0.000243
-0.000267
-0.000167
-0.000125
-0.000243
-0.000317
-0.000182
0.000039
0.000176
0.000220
0.000215
0.000181
0.000121
0.000059
0.000029
0.000014
-0.000011
0.000011
0.000096
0.000106
-0.000015
-0.000078
0.000042
0.000186
0.000175
0.000074
0.000045
0.000088
0.000073
-0.000039
-0.000154
-0.000184
-0.000143
-0.000081
-0.000039
-0.000051
-0.000080
-0.000029
0.000102
0.000166
0.000057
-0.000104
-0.000134
-0.000055
-0.000017
-0.000058
-0.000093
-0.000046
0.000042
0.000077
0.000040
-0.000010
-0.000031
-0.000026
-0.000005
0.000014
-0.000028
-0.000129
-0.000138
0.000023
0.000185
0.000188
0.000096
0.000055
0.000095
0.000077
-0.000060
-0.000147
-0.000075
0.000018
0.000011
-0.000024
0.000045
0.000193
0.000217
0.000050
-0.000096
-0.000061
0.000066
0.000177
0.000241
0.000214
0.000085
-0.000077
-0.000197
-0.000232
-0.000181
-0.000103
-0.000082
-0.000118
-0.000169
-0.000247
-0.000313
-0.000260
-0.000108
0.000005
0.000037
0.000080
0.000175
0.000240
0.000219
0.000171
0.000163
0.000179
0.000161
0.000076
-0.000061
-0.000189
-0.000229
-0.000142
-0.000010
0.000022
-0.000060
-0.000124
-0.000075
0.000072
0.000186
0.000151
0.000048
0.000008
0.000020
0.000033
0.000047
0.000062
0.000046
-0.000019
-0.000096
-0.000137
-0.000166
-0.000193
-0.000144
-0.000004
0.000108
0.000092
-0.000019
-0.000114
-0.000072
0.000118
0.000268
0.000205
0.000029
-0.000047
-0.000263
-0.000991
-0.001405
-0.000289
0.001528
0.002380
0.002479
0.002576
0.002017
0.000390
-0.001331
-0.002556
-0.003458
-0.003572
-0.002489
-0.000964
0.000267
0.001201
0.001639
0.001269
0.000489
-0.000172
-0.000708
-0.001017
-0.000734
0.000046
0.000823
0.001337
0.001562
0.001400
0.000881
0.000290
-0.000209
-0.000614
-0.000777
-0.000578
-0.000155
0.000291
0.000581
0.000534
0.000204
-0.000125
-0.000329
-0.000534
-0.000724
-0.000708
-0.000478
-0.000157
0.000176
0.000393
0.000331
0.000028
-0.000233
-0.000254
-0.000165
-0.000123
-0.000045
0.000132
0.000271
0.000290
0.000239
0.000124
-0.000048
-0.000149
-0.000108
-0.000004
0.000070
0.000073
0.000054
0.000146
0.000340
0.000418
0.000256
0.000001
-0.000171
-0.000244
-0.000241
-0.000172
-0.000092
-0.000055
-0.000045
-0.000013
0.000009
-0.000049
-0.000187
-0.000323
-0.000353
-0.000260
-0.000140
-0.000049
0.000050
0.000180
0.000272
0.000251
0.000162
0.000121
0.000168
0.000216
0.000166
0.000052
0.000000
0.000037
0.000051
0.000010
0.000013
0.000047
-0.000009
-0.000125
-0.000154
-0.000090
-0.000060
-0.000089
-0.000091
-0.000057
-0.000056
-0.000105
-0.000122
-0.000046
0.000056
0.000079
0.000035
-0.000013
-0.000042
-0.000009
0.000121
0.000275
0.000334
0.000267
0.000165
0.000062
-0.000069
-0.000156
-0.000155
-0.000115
-0.000004
0.000164
0.000179
-0.000024
-0.000197
-0.000201
-0.000196
-0.000273
-0.000329
-0.000330
-0.000304
-0.000176
0.000024
0.000099
0.000031
0.000016
0.000088
0.000113
0.000102
0.000184
0.000329
0.000359
0.000255
0.000163
0.000068
-0.000115
-0.000247
-0.000195
-0.000068
0.000051
0.000186
0.000274
0.000218
0.000103
0.000003
-0.000205
-0.000431
-0.000328
0.000035
0.000199
0.000102
0.000075
0.000167
0.000131
-0.000060
-0.000135
0.000025
0.000171
0.000123
0.000004
-0.000079
-0.000136
-0.000145
-0.000074
0.000024
0.000016
-0.000134
-0.000246
-0.000194
-0.000088
-0.000034
-0.000049
-0.000125
-0.000159
-0.000078
0.000008
0.000056
0.000161
0.000221
0.000049
-0.000162
-0.000120
0.000054
0.000149
0.000206
0.000234
0.000157
0.000059
0.000016
-0.000066
-0.000146
-0.000040
0.000110
0.000028
-0.000096
0.000024
0.000172
-0.000072
-0.000559
-0.000464
0.000321
0.000700
0.000348
0.000146
0.000303
0.000214
-0.000102
-0.000133
-0.000010
-0.000036
0.000034
0.000234
0.000255
0.000077
-0.000197
-0.000531
-0.000733
-0.000642
-0.000464
-0.000360
-0.000110
0.000262
0.000426
0.000405
0.000384
0.000207
-0.000152
-0.000328
-0.000281
-0.000296
-0.000229
0.000134
0.000465
0.000484
0.000397
0.000358
0.000258
0.000068
-0.000076
-0.000131
-0.000127
0.000045
0.000266
0.000126
-0.000268
-0.000448
-0.000445
-0.000435
-0.000334
-0.000215
-0.000145
0.000042
0.000258
0.000212
0.000018
-0.000018
-0.000011
-0.000115
-0.000019
0.000353
0.000426
-0.000148
-0.000596
0.000074
0.001125
0.001147
0.000544
0.000375
0.000314
-0.000217
-0.000679
-0.000681
-0.000815
-0.001038
-0.000583
0.000189
0.000324
0.000028
-0.000091
-0.000220
-0.000439
-0.000312
0.000031
0.000179
0.000283
0.000420
0.000357
0.000219
0.000270
0.000402
0.000399
0.000305
0.000235
0.000145
0.000033
-0.000000
0.000013
-0.000012
-0.000065
-0.000187
-0.000448
-0.000673
-0.000644
-0.000518
-0.000448
-0.000264
0.000001
0.000105
0.000154
0.000354
0.000534
0.000451
0.000189
-0.000069
-0.000376
-0.000670
-0.000596
-0.000298
-0.000225
-0.000130
0.000305
0.000777
0.001067
0.001327
0.001508
0.001388
0.001047
0.000586
-0.000043
-0.000618
-0.000933
-0.001114
-0.001228
-0.001104
-0.000744
-0.000495
-0.000454
-0.000395
-0.000365
-0.000471
-0.000552
-0.000598
-0.000655
-0.000465
0.000059
0.000540
0.000743
0.000817
0.000856
0.000803
0.000674
0.000549
0.000444
0.000324
0.000223
0.000247
0.000348
0.000354
0.000272
0.000185
0.000020
-0.000250
-0.000561
-0.000856
-0.000965
-0.000753
-0.000429
-0.000282
-0.000263
-0.000177
-0.000047
-0.000018
-0.000068
-0.000062
-0.000016
-0.000004
0.000061
0.000237
0.000407
0.000454
0.000401
0.000397
0.000501
0.000515
0.000314
0.000147
0.000184
0.000191
-0.000003
-0.000289
-0.000492
-0.000413
-0.000050
0.000211
0.000142
0.000034
0.000035
-0.000105
-0.000357
-0.000442
-0.000406
-0.000395
-0.000268
0.000019
0.000157
0.000034
-0.000066
-0.000045
-0.000086
-0.000213
-0.000291
-0.000246
-0.000086
0.000127
0.000310
0.000414
0.000446
0.000405
0.000297
0.000171
0.000056
-0.000024
-0.000037
-0.000004
0.000028
0.000053
0.000094
0.000097
-0.000010
-0.000162
-0.000258
-0.000348
-0.000472
-0.000491
-0.000294
0.000016
0.000268
0.000353
0.000276
0.000164
0.000100
0.000020
-0.000106
-0.000163
-0.000090
-0.000000
0.000046
0.000165
0.000381
0.000484
0.000319
0.000035
-0.000122
-0.000102
-0.000033
0.000012
0.000066
0.000100
0.000011
-0.000182
-0.000325
-0.000330
-0.000266
-0.000221
-0.000128
0.000125
0.000398
0.000421
0.000185
-0.000106
-0.000319
-0.000418
-0.000389
-0.000225
0.000025
0.000148
0.000011
-0.000115
0.000000
0.000128
0.000097
0.000060
0.000060
0.000034
0.000047
0.000080
-0.000005
-0.000135
-0.000075
0.000101
0.000098
-0.000038
-0.000053
0.000056
0.000191
0.000314
0.000342
0.000247
0.000118
-0.000015
-0.000176
-0.000294
-0.000277
-0.000116
0.000124
0.000320
0.000401
0.000397
0.000292
0.000022
-0.000340
-0.000626
-0.000786
-0.000836
-0.000676
-0.000262
0.000251
0.000650
0.000742
0.000466
0.000063
-0.000219
-0.000383
-0.000408
-0.000216
0.000009
0.000053
0.000050
0.000198
0.000419
0.000545
0.000474
0.000166
-0.000180
-0.000294
-0.000252
-0.000277
-0.000289
-0.000094
0.000194
0.000376
0.000476
0.000492
0.000335
0.000104
-0.000075
-0.000266
-0.000451
-0.000444
-0.000303
-0.000229
-0.000150
0.000013
0.000083
0.000009
-0.000068
-0.000140
-0.000271
-0.000393
-0.000346
-0.000052
0.000349
0.000551
0.000456
0.000352
0.000407
0.000380
0.000151
-0.000117
-0.000318
-0.000351
-0.000100
0.000262
0.000420
0.000337
0.000119
-0.000208
-0.000502
-0.000520
-0.000339
-0.000262
-0.000261
-0.000083
0.000251
0.000554
0.000723
0.000623
0.000192
-0.000398
-0.000917
-0.001185
-0.001008
-0.000432
0.000128
0.000377
0.000485
0.000659
0.000762
0.000600
0.000210
-0.000221
-0.000456
-0.000390
-0.000191
-0.000025
0.000200
0.000469
0.000510
0.000301
0.000108
-0.000039
-0.000301
-0.000604
-0.000728
-0.000532
-0.000025
0.000500
0.000664
0.000540
0.000449
0.000316
-0.000039
-0.000351
-0.000421
-0.000503
-0.000693
-0.000676
-0.000296
0.000237
0.000674
0.000839
0.000654
0.000322
0.000113
-0.000058
-0.000361
-0.000605
-0.000555
-0.000378
-0.000270
-0.000065
0.000323
0.000570
0.000406
-0.000006
-0.000365
-0.000584
-0.000656
-0.000542
-0.000336
-0.000136
0.000128
0.000436
0.000611
0.000646
0.000617
0.000414
-0.000073
-0.000634
-0.000909
-0.000755
-0.000265
0.000373
0.000955
0.001339
0.001407
0.001105
0.000637
0.000280
0.000037
-0.000204
-0.000346
-0.000196
0.000178
0.000454
0.000435
0.000218
-0.000022
-0.000283
-0.000652
-0.001009
-0.001151
-0.001129
-0.001071
-0.000934
-0.000744
-0.000644
-0.000556
-0.000299
0.000042
0.000280
0.000321
0.000075
-0.000397
-0.000758
-0.000708
-0.000276
0.000324
0.000893
0.001247
0.001329
0.001292
0.001243
0.001105
0.000856
0.000611
0.000374
0.000091
-0.000063
-0.000019
-0.000092
-0.000359
-0.000432
-0.000143
0.000229
0.000365
0.000115
-0.000397
-0.000801
-0.000956
-0.001087
-0.001247
-0.001202
-0.000901
-0.000501
-0.000100
0.000245
0.000431
0.000347
0.000027
-0.000323
-0.000528
-0.000470
-0.000093
0.000413
0.000796
0.001035
0.001205
0.001293
0.001222
0.000942
0.000498
0.000086
-0.000104
-0.000138
-0.000151
-0.000095
0.000061
0.000240
0.000429
0.000566
0.000421
-0.000418
-0.002366
-0.004866
-0.005965
-0.004488
-0.002060
-0.000775
0.000071
0.002037
0.004028
0.004207
0.003405
0.003176
0.002777
0.001123
-0.000630
-0.000818
0.000355
0.001609
0.002290
0.002570
0.002802
0.002931
0.002488
0.001332
0.000006
-0.001150
-0.002473
-0.003935
-0.004636
-0.004058
-0.002876
-0.002011
-0.001688
-0.001622
-0.001564
-0.001542
-0.001699
-0.002006
-0.002249
-0.002314
-0.002210
-0.001713
-0.000497
0.001121
0.002296
0.002774
0.003053
0.003307
0.003160
0.002591
0.002152
0.002148
0.002226
0.002010
0.001781
0.002113
0.002928
0.003415
0.003007
0.001993
0.000873
-0.000335
-0.001668
-0.002727
-0.003243
-0.003590
-0.004106
-0.004340
-0.003723
-0.002587
-0.001782
-0.001570
-0.001567
-0.001508
-0.001460
-0.001411
-0.001134
-0.000576
-0.000038
0.000269
0.000583
0.001188
0.001876
0.002217
0.002202
0.002221
0.002476
0.002715
0.002673
0.002469
0.002243
0.001857
0.001247
0.000666
0.000384
0.000356
0.000223
-0.000286
-0.000992
-0.001534
-0.001850
-0.002111
-0.002373
-0.002458
-0.002187
-0.001719
-0.001369
-0.001137
-0.000911
-0.000793
-0.000817
-0.000773
-0.000495
-0.000009
0.000540
0.000997
0.001321
0.001574
0.001782
0.001910
0.001956
0.001728
0.000660
-0.001490
-0.003827
-0.004842
-0.003820
-0.001632
0.000106
0.000893
0.001795
0.003429
0.004672
0.004506
0.003578
0.002666
0.001361
-0.000436
-0.001456
-0.000792
0.000678
0.001602
0.001766
0.001796
0.002013
0.002059
0.001409
0.000030
-0.001600
-0.003121
-0.004496
-0.005400
-0.005194
-0.003949
-0.002665
-0.002045
-0.001826
-0.001509
-0.001111
-0.000996
-0.001255
-0.001549
-0.001612
-0.001512
-0.001219
-0.000343
0.001238
0.002858
0.003802
0.004197
0.004503
0.004649
0.004345
0.003653
0.002799
0.001900
0.001100
0.000613
0.000533
0.000750
0.001012
0.000963
0.000364
-0.000561
-0.001294
-0.001754
-0.002311
-0.002933
-0.003198
-0.003126
-0.003034
-0.002765
-0.002000
-0.001068
-0.000583
-0.000546
-0.000578
-0.000575
-0.000586
-0.000580
-0.000560
-0.000466
-0.000111
0.000503
0.001191
0.001956
0.002744
0.003088
0.002760
0.002201
0.001781
0.001359
0.000793
0.000211
-0.000261
-0.000529
-0.000488
-0.000259
-0.000107
-0.000063
-0.000059
-0.000243
-0.000639
-0.000917
-0.000978
-0.001125
-0.001387
-0.001455
-0.001299
-0.001128
-0.000931
-0.000623
-0.000239
0.000233
0.000718
0.000906
0.000753
0.000603
0.000553
0.000379
0.000126
0.000036
0.000067
0.000101
0.000212
0.000354
0.000394
0.000447
0.000610
0.000750
0.000841
0.000954
0.000916
0.000408
-0.000678
-0.002126
-0.003640
-0.004963
-0.005471
-0.004349
-0.001949
0.000073
0.001073
0.002381
0.004584
0.006005
0.005499
0.004283
0.003465
0.002393
0.000793
-0.000157
0.000133
0.000802
0.001061
0.000993
0.000984
0.001281
0.001699
0.001510
0.000255
-0.001606
-0.003402
-0.004857
-0.005721
-0.005745
-0.005119
-0.004242
-0.003301
-0.002397
-0.001539
-0.000655
-0.000035
-0.000147
-0.000728
-0.001051
-0.001001
-0.000750
0.000024
0.001412
0.002721
0.003550
0.004308
0.005107
0.005421
0.005091
0.004417
0.003394
0.001994
0.000754
0.000104
-0.000200
-0.000376
-0.000286
-0.000105
-0.000258
-0.000626
-0.000823
-0.001073
-0.001848
-0.002960
-0.003743
-0.003867
-0.003565
-0.003176
-0.002732
-0.002064
-0.001160
-0.000243
0.000446
0.000894
0.001199
0.001243
0.000874
0.000369
0.000178
0.000315
0.000547
0.000910
0.001466
0.001926
0.002097
0.002190
0.002259
0.002066
0.001560
0.000857
0.000047
-0.000643
-0.001001
-0.001153
-0.001251
-0.001130
-0.000737
-0.000391
-0.000252
-0.000173
-0.000206
-0.000504
-0.000909
-0.001237
-0.001515
-0.001624
-0.001334
-0.000804
-0.000396
-0.000108
0.000235
0.000575
0.000804
0.000914
0.000881
0.000706
0.000522
0.000432
0.000418
0.000439
0.000430
0.000326
0.000199
0.000182
0.000259
0.000330
0.000494
0.000856
0.001181
0.001166
0.000685
-0.000363
-0.001872
-0.003377
-0.004630
-0.005603
-0.005495
-0.003462
-0.000669
0.000966
0.001962
0.003950
0.006058
0.006318
0.005144
0.004072
0.003026
0.001463
0.000065
-0.000383
-0.000023
0.000636
0.001045
0.001002
0.001122
0.001742
0.001852
0.000610
-0.001254
-0.002831
-0.004205
-0.005454
-0.006136
-0.006012
-0.005231
-0.004070
-0.002971
-0.002088
-0.000980
0.000270
0.000694
0.000163
-0.000227
-0.000153
-0.000241
-0.000213
0.000711
0.002065
0.002973
0.003638
0.004488
0.005216
0.005521
0.005418
0.004654
0.003159
0.001673
0.000761
0.000049
-0.000738
-0.001169
-0.001099
-0.001016
-0.001137
-0.001249
-0.001380
-0.001744
-0.002332
-0.003073
-0.003896
-0.004466
-0.004458
-0.003976
-0.003240
-0.002233
-0.001069
-0.000061
0.000808
0.001762
0.002536
0.002652
0.002265
0.001889
0.001686
0.001588
0.001572
0.001561
0.001549
0.001681
0.001915
0.002013
0.001973
0.001862
0.001392
0.000419
-0.000605
-0.001291
-0.001777
-0.002154
-0.002239
-0.002102
-0.001966
-0.001722
-0.001228
-0.000725
-0.000493
-0.000534
-0.000794
-0.001169
-0.001368
-0.001266
-0.001021
-0.000682
-0.000177
0.000472
0.001219
0.001988
0.002536
0.002652
0.002414
0.002004
0.001477
0.000891
0.000401
0.000062
-0.000160
-0.000192
-0.000080
-0.000085
-0.000214
-0.000211
-0.000160
-0.000360
-0.000688
-0.000784
-0.000657
-0.000537
-0.000586
-0.001093
-0.002167
-0.003361
-0.004377
-0.005206
-0.005072
-0.003120
-0.000438
0.001112
0.002000
0.003922
0.006233
0.006939
0.006139
0.005230
0.004264
0.002720
0.001210
0.000562
0.000633
0.000778
0.000592
0.000305
0.000568
0.001314
0.001434
0.000328
-0.001262
-0.002666
-0.004108
-0.005575
-0.006434
-0.006487
-0.006059
-0.005299
-0.004285
-0.003090
-0.001552
0.000058
0.000829
0.000608
0.000390
0.000638
0.000813
0.000874
0.001408
0.002322
0.003055
0.003694
0.004536
0.005304
0.005666
0.005509
0.004606
0.003106
0.001785
0.000951
0.000135
-0.000751
-0.001279
-0.001495
-0.001753
-0.001882
-0.001599
-0.001316
-0.001620
-0.002438
-0.003306
-0.003941
-0.004259
-0.004329
-0.004286
-0.003947
-0.002973
-0.001609
-0.000425
0.000613
0.001814
0.002883
0.003354
0.003355
0.003224
0.002942
0.002448
0.001940
0.001617
0.001491
0.001467
0.001406
0.001294
0.001262
0.001226
0.000864
0.000179
-0.000425
-0.000776
-0.001120
-0.001578
-0.001955
-0.002092
-0.002026
-0.001862
-0.001657
-0.001441
-0.001283
-0.001245
-0.001289
-0.001267
-0.001055
-0.000744
-0.000485
-0.000211
0.000191
0.000613
0.000958
0.001393
0.002008
0.002515
0.002635
0.002387
0.001886
0.001295
0.000846
0.000625
0.000505
0.000335
0.000099
-0.000141
-0.000375
-0.000591
-0.000716
-0.000806
-0.001084
-0.001602
-0.002010
-0.001876
-0.001218
-0.000519
-0.000220
-0.000388
-0.000921
-0.001767
-0.002910
-0.004276
-0.005203
-0.004475
-0.002060
0.000243
0.001462
0.002978
0.005655
0.007843
0.008070
0.007174
0.006199
0.004748
0.002630
0.000803
-0.000008
-0.000103
-0.000207
-0.000664
-0.000936
-0.000321
0.000637
0.000567
-0.000790
-0.002454
-0.003847
-0.005122
-0.006231
-0.006815
-0.006687
-0.005922
-0.004858
-0.003798
-0.002437
-0.000480
0.001283
0.001928
0.001877
0.001944
0.001921
0.001547
0.001434
0.001879
0.002334
0.002675
0.003374
0.004375
0.005153
0.005432
0.005050
0.003959
0.002681
0.001737
0.000818
-0.000432
-0.001551
-0.002115
-0.002393
-0.002570
-0.002450
-0.002089
-0.001826
-0.001849
-0.002218
-0.002866
-0.003451
-0.003731
-0.003900
-0.004048
-0.003774
-0.002819
-0.001566
-0.000417
0.000768
0.002097
0.003173
0.003729
0.003990
0.004078
0.003812
0.003193
0.002506
0.001988
0.001630
0.001291
0.000976
0.000878
0.001032
0.001080
0.000715
0.000163
-0.000312
-0.000902
-0.001730
-0.002486
-0.002947
-0.003241
-0.003397
-0.003210
-0.002648
-0.001945
-0.001319
-0.000880
-0.000653
-0.000519
-0.000315
-0.000043
0.000216
0.000496
0.000803
0.001078
0.001408
0.001908
0.002437
0.002747
0.002771
0.002584
0.002283
0.001976
0.001689
0.001324
0.000794
0.000043
-0.000865
-0.001616
-0.001916
-0.001864
-0.001764
-0.001679
-0.001486
-0.001251
-0.001149
-0.001164
-0.001166
-0.001119
-0.001063
-0.001002
-0.000816
-0.000410
-0.000048
-0.000245
-0.001179
-0.002531
-0.003728
-0.003857
-0.002244
0.000156
0.001546
0.002127
0.003686
0.006101
0.007412
0.007126
0.006301
0.005162
0.003370
0.001527
0.000419
-0.000026
-0.000268
-0.000682
-0.001270
-0.001313
-0.000405
0.000358
-0.000185
-0.001526
-0.002695
-0.003714
-0.004783
-0.005582
-0.005911
-0.005880
-0.005562
-0.005055
-0.004234
-0.002581
-0.000344
0.001103
0.001295
0.001363
0.001802
0.001893
0.001666
0.001900
0.002425
0.002635
0.002826
0.003506
0.004474
0.005324
0.005741
0.005359
0.004334
0.003343
0.002469
0.001267
-0.000067
-0.001001
-0.001749
-0.002669
-0.003309
-0.003219
-0.002806
-0.002673
-0.002912
-0.003284
-0.003532
-0.003593
-0.003678
-0.003968
-0.004252
-0.004100
-0.003331
-0.002082
-0.000573
0.000907
0.002130
0.003163
0.004119
0.004847
0.005165
0.005048
0.004498
0.003664
0.002898
0.002329
0.001771
0.001233
0.000924
0.000733
0.000376
-0.000055
-0.000334
-0.000649
-0.001319
-0.002209
-0.002942
-0.003418
-0.003763
-0.004019
-0.004055
-0.003714
-0.003011
-0.002133
-0.001291
-0.000595
-0.000052
0.000363
0.000706
0.001094
0.001517
0.001791
0.001896
0.002075
0.002454
0.002845
0.003020
0.002967
0.002826
0.002620
0.002205
0.001538
0.000763
-0.000008
-0.000720
-0.001308
-0.001749
-0.002019
-0.002098
-0.002131
-0.002262
-0.002267
-0.001862
-0.001324
-0.001178
-0.001321
-0.001192
-0.000695
-0.000221
0.000063
0.000362
0.000693
0.000629
-0.000219
-0.001640
-0.003086
-0.004212
-0.004476
-0.003055
-0.000456
0.001426
0.002319
0.004054
0.006825
0.008445
0.008061
0.006931
0.005591
0.003596
0.001444
0.000161
-0.000238
-0.000437
-0.000842
-0.001314
-0.001231
-0.000323
0.000431
-0.000120
-0.001701
-0.003313
-0.004648
-0.005801
-0.006630
-0.006953
-0.006714
-0.006047
-0.005233
-0.004104
-0.002147
0.000172
0.001511
0.001657
0.001706
0.002033
0.002120
0.002134
0.002584
0.003153
0.003498
0.004025
0.004920
0.005775
0.006336
0.006417
0.005612
0.004055
0.002515
0.001241
-0.000149
-0.001640
-0.002779
-0.003418
-0.003713
-0.003714
-0.003404
-0.002937
-0.002661
-0.002868
-0.003426
-0.003834
-0.003823
-0.003691
-0.003751
-0.003765
-0.003358
-0.002584
-0.001612
-0.000318
0.001322
0.002830
0.003745
0.004246
0.004820
0.005491
0.005805
0.005450
0.004606
0.003717
0.003014
0.002384
0.001723
0.001084
0.000356
-0.000638
-0.001658
-0.002272
-0.002512
-0.002833
-0.003436
-0.004010
-0.004174
-0.003932
-0.003548
-0.003162
-0.002702
-0.002128
-0.001556
-0.001078
-0.000615
-0.000104
0.000319
0.000550
0.000823
0.001404
0.002117
0.002624
0.002945
0.003280
0.003602
0.003722
0.003573
0.003258
0.002852
0.002267
0.001431
0.000520
-0.000274
-0.000962
-0.001511
-0.001782
-0.001846
-0.001955
-0.002179
-0.002409
-0.002631
-0.002897
-0.003070
-0.002935
-0.002551
-0.002150
-0.001766
-0.001274
-0.000658
0.000033
0.000785
0.001526
0.002137
0.002497
0.002263
0.001063
-0.000753
-0.002409
-0.003703
-0.004294
-0.003076
-0.000247
0.002113
0.003395
0.005264
0.007867
0.009120
0.008337
0.006799
0.005040
0.002709
0.000203
-0.001667
-0.002631
-0.002864
-0.002832
-0.002861
-0.002519
-0.001435
-0.000450
-0.000649
-0.001902
-0.003396
-0.004690
-0.005709
-0.006482
-0.006928
-0.006646
-0.005528
-0.004179
-0.002767
-0.000661
0.001845
0.003349
0.003565
0.003548
0.003633
0.003360
0.002902
0.002768
0.002913
0.003201
0.003769
0.004515
0.005158
0.005663
0.005811
0.005135
0.003769
0.002339
0.000928
-0.000754
-0.002513
-0.003871
-0.004658
-0.004952
-0.004841
-0.004417
-0.003863
-0.003422
-0.003195
-0.003084
-0.003043
-0.003142
-0.003348
-0.003517
-0.003542
-0.003195
-0.002180
-0.000616
0.000973
0.002263
0.003266
0.003945
0.004296
0.004592
0.004904
0.004851
0.004388
0.004108
0.004318
0.004535
0.004229
0.003467
0.002524
0.001430
0.000200
-0.001065
-0.002418
-0.003906
-0.005332
-0.006392
-0.006780
-0.006300
-0.005175
-0.003942
-0.002872
-0.001867
-0.000887
-0.000100
0.000361
0.000521
0.000501
0.000445
0.000471
0.000674
0.001130
0.001825
0.002628
0.003391
0.004016
0.004407
0.004437
0.004058
0.003376
0.002496
0.001448
0.000374
-0.000528
-0.001295
-0.002039
-0.002557
-0.002624
-0.002460
-0.002412
-0.002451
-0.002380
-0.002289
-0.002353
-0.002442
-0.002316
-0.002008
-0.001711
-0.001379
-0.000746
0.000165
0.000990
0.001584
0.002110
0.002561
0.002758
0.002779
0.002917
0.003128
0.002867
0.001708
-0.000120
-0.001987
-0.003548
-0.004866
-0.005475
-0.004290
-0.001605
0.000540
0.001502
0.002969
0.005379
0.006737
0.006111
0.004791
0.003540
0.001879
-0.000086
-0.001497
-0.001985
-0.001893
-0.001721
-0.001622
-0.001195
-0.000198
0.000636
0.000324
-0.001037
-0.002517
-0.003601
-0.004488
-0.005324
-0.005690
-0.005134
-0.003998
-0.002996
-0.001924
-0.000094
0.001957
0.002987
0.003026
0.002984
0.002950
0.002590
0.002239
0.002226
0.002311
0.002484
0.003026
0.003787
0.004422
0.004762
0.004497
0.003392
0.001875
0.000533
-0.000694
-0.002070
-0.003346
-0.004132
-0.004424
-0.004373
-0.003991
-0.003329
-0.002644
-0.002227
-0.002090
-0.002043
-0.002075
-0.002273
-0.002467
-0.002432
-0.002086
-0.001346
-0.000252
0.000872
0.001799
0.002684
0.003583
0.004122
0.004165
0.004153
0.004173
0.003755
0.003032
0.002768
0.003000
0.003007
0.002524
0.001874
0.001229
0.000434
-0.000710
-0.002128
-0.003468
-0.004559
-0.005547
-0.006280
-0.006217
-0.005301
-0.004147
-0.003104
-0.001932
-0.000545
0.000632
0.001240
0.001427
0.001497
0.001489
0.001322
0.001093
0.001044
0.001330
0.001814
0.002243
0.002667
0.003230
0.003672
0.003622
0.003129
0.002468
0.001680
0.000680
-0.000379
-0.001202
-0.001711
-0.002018
-0.002216
-0.002339
-0.002420
-0.002481
-0.002544
-0.002590
-0.002534
-0.002321
-0.002060
-0.001866
-0.001610
-0.001124
-0.000500
0.000110
0.000808
0.001731
0.002634
0.003082
0.003074
0.002990
0.002915
0.002594
0.002004
0.001437
0.001103
0.000950
0.000810
0.000426
-0.000524
-0.001999
-0.003502
-0.004891
-0.006359
-0.007064
-0.005744
-0.003215
-0.001468
-0.000189
0.002396
0.005653
0.007271
0.007006
0.006352
0.005665
0.004335
0.002559
0.001149
0.000404
-0.000044
-0.000642
-0.001191
-0.000957
0.000061
0.000677
-0.000010
-0.001449
-0.002594
-0.003342
-0.004362
-0.005769
-0.006678
-0.006465
-0.005716
-0.005025
-0.003850
-0.001792
0.000179
0.001162
0.001684
0.002434
0.003073
0.003193
0.003072
0.003092
0.003370
0.003855
0.004335
0.004694
0.005113
0.005541
0.005459
0.004623
0.003421
0.002172
0.000696
-0.001188
-0.003132
-0.004561
-0.005356
-0.005785
-0.005877
-0.005434
-0.004607
-0.003857
-0.003335
-0.002821
-0.002235
-0.001778
-0.001575
-0.001441
-0.001020
-0.000204
0.000712
0.001498
0.002387
0.003569
0.004563
0.004751
0.004347
0.004061
0.003965
0.003537
0.002691
0.001954
0.001638
0.001502
0.001258
0.000941
0.000615
-0.000016
-0.001289
-0.002892
-0.004103
-0.004762
-0.005320
-0.005883
-0.005985
-0.005365
-0.004229
-0.002812
-0.001249
0.000282
0.001565
0.002455
0.002960
0.003209
0.003213
0.002819
0.002130
0.001641
0.001639
0.001833
0.001878
0.001902
0.002164
0.002436
0.002301
0.001839
0.001329
0.000646
-0.000364
-0.001394
-0.002043
-0.002290
-0.002378
-0.002540
-0.002813
-0.002989
-0.002945
-0.002828
-0.002698
-0.002349
-0.001723
-0.001069
-0.000523
0.000073
0.000822
0.001554
0.002100
0.002541
0.002977
0.003291
0.003300
0.002970
0.002439
0.001898
0.001390
0.000848
0.000363
0.000056
-0.000241
-0.000686
-0.001069
-0.001183
-0.001211
-0.001340
-0.001501
-0.001843
-0.002800
-0.004241
-0.005390
-0.005897
-0.005867
-0.004850
-0.002515
0.000111
0.002086
0.004126
0.006736
0.008634
0.008839
0.008046
0.006873
0.005150
0.003154
0.001502
0.000220
-0.000857
-0.001597
-0.001944
-0.001946
-0.001594
-0.001241
-0.001569
-0.002699
-0.003970
-0.004847
-0.005454
-0.006031
-0.006350
-0.006004
-0.005034
-0.003761
-0.002154
-0.000126
0.001807
0.003032
0.003668
0.004110
0.004293
0.004094
0.003825
0.003707
0.003566
0.003385
0.003381
0.003559
0.003794
0.003989
0.003836
0.003003
0.001668
0.000253
-0.001226
-0.002889
-0.004454
-0.005544
-0.006071
-0.006012
-0.005368
-0.004437
-0.003611
-0.002917
-0.002126
-0.001275
-0.000634
-0.000213
0.000112
0.000240
0.000236
0.000571
0.001409
0.002321
0.003034
0.003721
0.004426
0.004835
0.004658
0.003963
0.003068
0.002154
0.001095
-0.000125
-0.000992
-0.001102
-0.000911
-0.001009
-0.001257
-0.001378
-0.001605
-0.002172
-0.002876
-0.003398
-0.003637
-0.003678
-0.003584
-0.003217
-0.002402
-0.001240
-0.000023
0.001129
0.002203
0.003005
0.003308
0.003183
0.002853
0.002388
0.001776
0.001151
0.000735
0.000602
0.000649
0.000736
0.000769
0.000759
0.000752
0.000608
0.000114
-0.000636
-0.001339
-0.001921
-0.002420
-0.002637
-0.002379
-0.001864
-0.001410
-0.000955
-0.000353
0.000195
0.000438
0.000451
0.000439
0.000453
0.000449
0.000433
0.000490
0.000678
0.000949
0.001232
0.001446
0.001456
0.001237
0.000968
0.000771
0.000573
0.000267
-0.000160
-0.000616
-0.000979
-0.001188
-0.001317
-0.001448
-0.001423
-0.001060
-0.000546
-0.000203
-0.000042
0.000080
0.000170
0.000225
0.000244
-0.000075
-0.001082
-0.002513
-0.003732
-0.004323
-0.003931
-0.002350
-0.000234
0.001496
0.003067
0.005100
0.006883
0.007341
0.006765
0.005779
0.004177
0.002080
0.000353
-0.000692
-0.001459
-0.002154
-0.002667
-0.002776
-0.002215
-0.001216
-0.000693
-0.001134
-0.001966
-0.002607
-0.003203
-0.003894
-0.004321
-0.004239
-0.003896
-0.003411
-0.002376
-0.000615
0.001175
0.002243
0.002661
0.002897
0.003095
0.003134
0.002936
0.002556
0.002231
0.002231
0.002477
0.002705
0.002957
0.003257
0.003153
0.002343
0.001233
0.000214
-0.000913
-0.002322
-0.003690
-0.004612
-0.004942
-0.004751
-0.004209
-0.003389
-0.002348
-0.001408
-0.000869
-0.000594
-0.000350
-0.000187
-0.000159
-0.000090
0.000186
0.000629
0.001186
0.001887
0.002656
0.003328
0.003845
0.004141
0.004005
0.003364
0.002454
0.001467
0.000366
-0.000769
-0.001613
-0.002000
-0.002128
-0.002161
-0.002001
-0.001622
-0.001254
-0.001109
-0.001182
-0.001355
-0.001602
-0.001965
-0.002310
-0.002317
-0.001857
-0.001196
-0.000540
0.000315
0.001468
0.002506
0.003013
0.003056
0.002893
0.002641
0.002304
0.001797
0.001079
0.000375
-0.000015
-0.000108
-0.000132
-0.000166
-0.000147
-0.000138
-0.000280
-0.000546
-0.000860
-0.001299
-0.001820
-0.002174
-0.002246
-0.002088
-0.001739
-0.001266
-0.000743
-0.000169
0.000373
0.000672
0.000730
0.000798
0.000894
0.000790
0.000577
0.000606
0.000863
0.001055
0.001138
0.001229
0.001293
0.001239
0.001029
0.000630
0.000117
-0.000343
-0.000713
-0.001006
-0.001162
-0.001251
-0.001427
-0.001577
-0.001434
-0.000994
-0.000502
-0.000147
0.000043
0.000123
0.000140
0.000100
0.000053
0.000086
0.000239
0.000500
0.000708
0.000389
-0.000777
-0.001977
-0.001752
-0.000220
0.000850
0.000898
0.001251
0.002432
0.003405
0.003644
0.003556
0.003167
0.002215
0.000942
-0.000128
-0.000659
-0.000759
-0.001102
-0.002073
-0.002926
-0.002814
-0.002109
-0.001731
-0.001871
-0.002097
-0.002148
-0.002125
-0.002096
-0.001889
-0.001432
-0.001022
-0.000817
-0.000408
0.000544
0.001680
0.002391
0.002499
0.002310
0.002192
0.002140
0.001873
0.001448
0.001265
0.001308
0.001214
0.001070
0.001212
0.001436
0.001211
0.000460
-0.000393
-0.000982
-0.001335
-0.001759
-0.002312
-0.002568
-0.002306
-0.001948
-0.001750
-0.001307
-0.000490
0.000045
-0.000073
-0.000352
-0.000369
-0.000354
-0.000523
-0.000534
-0.000035
0.000641
0.000973
0.001134
0.001576
0.002118
0.002220
0.001817
0.001296
0.000893
0.000511
0.000042
-0.000371
-0.000496
-0.000355
-0.000214
-0.000198
-0.000133
0.000052
0.000047
-0.000360
-0.000833
-0.001024
-0.001137
-0.001426
-0.001658
-0.001508
-0.001053
-0.000605
-0.000260
0.000231
0.000972
0.001564
0.001641
0.001427
0.001281
0.001100
0.000647
0.000053
-0.000338
-0.000398
-0.000280
-0.000144
0.000033
0.000280
0.000396
0.000154
-0.000328
-0.000721
-0.000920
-0.001107
-0.001336
-0.001352
-0.001023
-0.000603
-0.000313
-0.000050
0.000324
0.000721
0.000922
0.000854
0.000703
0.000638
0.000564
0.000394
0.000293
0.000401
0.000589
0.000697
0.000747
0.000803
0.000771
0.000523
0.000132
-0.000184
-0.000387
-0.000623
-0.000939
-0.001178
-0.001170
-0.000961
-0.000742
-0.000579
-0.000406
-0.000202
-0.000032
0.000036
0.000005
-0.000055
-0.000097
-0.000071
0.000064
0.000227
0.000316
0.000403
0.000473
0.000115
-0.000898
-0.001813
-0.001675
-0.000846
-0.000416
-0.000338
0.000253
0.001342
0.002274
0.002902
0.003328
0.003348
0.002838
0.002005
0.001147
0.000533
0.000093
-0.000696
-0.001907
-0.002686
-0.002433
-0.001666
-0.001152
-0.000963
-0.000814
-0.000686
-0.000730
-0.000887
-0.001004
-0.001143
-0.001429
-0.001701
-0.001615
-0.001025
-0.000164
0.000554
0.000942
0.001168
0.001410
0.001543
0.001409
0.001182
0.001029
0.000767
0.000350
0.000158
0.000413
0.000866
0.001211
0.001330
0.001229
0.001020
0.000766
0.000349
-0.000259
-0.000872
-0.001417
-0.001939
-0.002232
-0.002040
-0.001574
-0.001221
-0.000960
-0.000590
-0.000166
0.000156
0.000331
0.000343
0.000221
0.000083
0.000027
0.000078
0.000264
0.000539
0.000672
0.000591
0.000604
0.000887
0.001199
0.001354
0.001384
0.001202
0.000763
0.000320
0.000035
-0.000197
-0.000423
-0.000615
-0.000813
-0.001005
-0.001101
-0.001098
-0.001081
-0.001046
-0.000888
-0.000582
-0.000221
0.000102
0.000286
0.000273
0.000138
0.000001
-0.000054
0.000025
0.000205
0.000360
0.000408
0.000426
0.000530
0.000660
0.000669
0.000563
0.000451
0.000339
0.000174
0.000007
-0.000047
-0.000012
-0.000028
-0.000129
-0.000228
-0.000285
-0.000346
-0.000425
-0.000476
-0.000476
-0.000483
-0.000531
-0.000514
-0.000344
-0.000151
-0.000054
0.000054
0.000216
0.000236
0.000066
0.000021
0.000283
0.000577
0.000654
0.000609
0.000580
0.000520
0.000323
0.000004
-0.000278
-0.000374
-0.000342
-0.000354
-0.000411
-0.000397
-0.000339
-0.000340
-0.000378
-0.000384
-0.000382
-0.000348
-0.000152
0.000191
0.000464
0.000529
0.000478
0.000464
0.000462
0.000231
-0.000328
-0.000851
-0.000885
-0.000547
-0.000301
-0.000133
0.000333
0.001051
0.001607
0.001834
0.001872
0.001807
0.001525
0.000915
0.000182
-0.000281
-0.000494
-0.000893
-0.001490
-0.001754
-0.001514
-0.001223
-0.001202
-0.001273
-0.001132
-0.000801
-0.000589
-0.000577
-0.000473
-0.000181
0.000022
0.000014
0.000032
0.000236
0.000470
0.000565
0.000611
0.000765
0.000983
0.001101
0.001046
0.000917
0.000866
0.000854
0.000711
0.000470
0.000306
0.000254
0.000249
0.000225
0.000095
-0.000166
-0.000448
-0.000690
-0.000969
-0.001289
-0.001528
-0.001610
-0.001520
-0.001299
-0.001047
-0.000762
-0.000357
0.000098
0.000427
0.000579
0.000623
0.000661
0.000785
0.000967
0.001041
0.000954
0.000933
0.001143
0.001375
0.001344
0.001072
0.000748
0.000422
0.000047
-0.000375
-0.000786
-0.001113
-0.001323
-0.001443
-0.001505
-0.001504
-0.001402
-0.001200
-0.000926
-0.000540
-0.000058
0.000312
0.000407
0.000321
0.000256
0.000307
0.000406
0.000445
0.000454
0.000568
0.000773
0.000934
0.001068
0.001208
0.001162
0.000819
0.000435
0.000286
0.000281
0.000151
-0.000129
-0.000301
-0.000220
-0.000086
-0.000188
-0.000544
-0.000884
-0.001002
-0.001030
-0.001197
-0.001432
-0.001520
-0.001444
-0.001262
-0.000913
-0.000367
0.000252
0.000791
0.001205
0.001439
0.001456
0.001387
0.001319
0.001081
0.000580
0.000058
-0.000259
-0.000396
-0.000405
-0.000279
-0.000061
0.000173
0.000377
0.000522
0.000526
0.000262
-0.000252
-0.000762
-0.001030
-0.001084
-0.001057
-0.000919
-0.000628
-0.000278
0.000093
0.000527
0.000854
0.000782
0.000337
-0.000134
-0.000343
-0.000333
-0.000325
-0.000348
-0.000199
0.000212
0.000797
0.001445
0.001989
0.002198
0.001922
0.001196
0.000318
-0.000365
-0.000825
-0.001237
-0.001568
-0.001615
-0.001367
-0.001053
-0.000802
-0.000476
-0.000057
0.000175
0.000045
-0.000301
-0.000603
-0.000696
-0.000627
-0.000526
-0.000328
0.000090
0.000575
0.000870
0.000938
0.000932
0.000932
0.000821
0.000523
0.000189
-0.000044
-0.000215
-0.000346
-0.000358
-0.000174
0.000166
0.000476
0.000598
0.000617
0.000649
0.000520
0.000052
-0.000567
-0.001017
-0.001181
-0.001121
-0.000955
-0.000748
-0.000491
-0.000204
0.000065
0.000361
0.000721
0.000947
0.000774
0.000342
0.000073
0.000035
-0.000024
-0.000142
-0.000142
0.000042
0.000256
0.000318
0.000270
0.000265
0.000229
-0.000030
-0.000433
-0.000676
-0.000648
-0.000538
-0.000454
-0.000277
0.000027
0.000288
0.000428
0.000496
0.000461
0.000286
0.000053
-0.000114
-0.000127
-0.000022
0.000024
-0.000086
-0.000197
-0.000106
0.000152
0.000370
0.000427
0.000422
0.000502
0.000526
0.000238
-0.000194
-0.000421
-0.000509
-0.000666
-0.000768
-0.000703
-0.000591
-0.000473
-0.000313
-0.000155
0.000012
0.000242
0.000445
0.000525
0.000565
0.000615
0.000540
0.000299
0.000129
0.000224
0.000428
0.000473
0.000353
0.000207
0.000030
-0.000224
-0.000425
-0.000495
-0.000582
-0.000755
-0.000877
-0.000881
-0.000821
-0.000674
-0.000388
-0.000045
0.000207
0.000365
0.000520
0.000616
0.000537
0.000352
0.000173
0.000011
-0.000068
0.000055
0.000284
0.000375
0.000320
0.000270
0.000230
0.000134
0.000006
-0.000123
-0.000264
-0.000361
-0.000288
-0.000040
0.000247
0.000466
0.000530
0.000404
0.000219
0.000157
0.000190
0.000086
-0.000223
-0.000491
-0.000512
-0.000387
-0.000259
-0.000118
-0.000027
-0.000083
-0.000145
-0.000050
0.000094
0.000134
0.000068
-0.000072
-0.000232
-0.000293
-0.000233
-0.000149
-0.000077
-0.000023
0.000031
0.000187
0.000444
0.000556
0.000344
-0.000048
-0.000316
-0.000349
-0.000317
-0.000328
-0.000244
0.000017
0.000284
0.000380
0.000335
0.000244
0.000112
-0.000040
-0.000126
-0.000135
-0.000128
-0.000156
-0.000250
-0.000338
-0.000263
-0.000005
0.000243
0.000352
0.000433
0.000554
0.000533
0.000221
-0.000226
-0.000508
-0.000539
-0.000486
-0.000460
-0.000388
-0.000194
0.000085
0.000341
0.000514
0.000616
0.000643
0.000602
0.000500
0.000275
-0.000057
-0.000310
-0.000398
-0.000447
-0.000490
-0.000406
-0.000268
-0.000262
-0.000303
-0.000181
0.000051
0.000224
0.000343
0.000450
0.000453
0.000319
0.000189
0.000095
-0.000111
-0.000413
-0.000597
-0.000578
-0.000484
-0.000378
-0.000212
-0.000018
0.000117
0.000226
0.000363
0.000473
0.000472
0.000362
0.000223
0.000126
0.000055
-0.000003
0.000024
0.000157
0.000262
0.000214
0.000084
0.000017
0.000003
-0.000081
-0.000270
-0.000411
-0.000359
-0.000267
-0.000382
-0.000588
-0.000584
-0.000398
-0.000260
-0.000149
0.000103
0.000463
0.000682
0.000604
0.000370
0.000215
0.000170
0.000096
-0.000075
-0.000203
-0.000129
0.000066
0.000152
0.000108
0.000140
0.000265
0.000233
-0.000018
-0.000215
-0.000177
-0.000109
-0.000277
-0.000547
-0.000609
-0.000475
-0.000352
-0.000245
-0.000074
0.000099
0.000212
0.000353
0.000587
0.000822
0.000895
0.000726
0.000422
0.000198
0.000117
0.000058
-0.000044
-0.000135
-0.000205
-0.000301
-0.000381
-0.000318
-0.000111
0.000071
0.000107
0.000036
-0.000046
-0.000103
-0.000169
-0.000300
-0.000484
-0.000614
-0.000603
-0.000509
-0.000447
-0.000444
-0.000442
-0.000339
-0.000085
0.000174
0.000281
0.000334
0.000515
0.000800
0.000984
0.000961
0.000839
0.000721
0.000553
0.000293
0.000010
-0.000191
-0.000239
-0.000162
-0.000109
-0.000175
-0.000305
-0.000420
-0.000463
-0.000399
-0.000316
-0.000335
-0.000416
-0.000457
-0.000450
-0.000394
-0.000250
-0.000030
0.000190
0.000343
0.000403
0.000376
0.000328
0.000332
0.000332
0.000215
-0.000009
-0.000251
-0.000437
-0.000450
-0.000247
0.000038
0.000258
0.000376
0.000429
0.000442
0.000362
0.000158
-0.000117
-0.000399
-0.000604
-0.000619
-0.000432
-0.000152
0.000117
0.000319
0.000419
0.000449
0.000455
0.000423
0.000299
0.000079
-0.000115
-0.000160
-0.000130
-0.000136
-0.000109
-0.000002
0.000090
0.000135
0.000170
0.000141
0.000008
-0.000094
-0.000106
-0.000191
-0.000399
-0.000557
-0.000585
-0.000508
-0.000287
-0.000003
0.000113
0.000048
0.000027
0.000088
0.000070
-0.000024
-0.000066
-0.000058
-0.000030
0.000070
0.000266
0.000472
0.000583
0.000616
0.000663
0.000719
0.000683
0.000492
0.000152
-0.000213
-0.000429
-0.000497
-0.000553
-0.000629
-0.000659
-0.000615
-0.000512
-0.000382
-0.000264
-0.000207
-0.000247
-0.000335
-0.000362
-0.000259
-0.000059
0.000147
0.000306
0.000453
0.000615
0.000721
0.000698
0.000592
0.000468
0.000295
0.000076
-0.000107
-0.000211
-0.000210
-0.000070
0.000096
0.000104
0.000023
0.000064
0.000165
0.000148
0.000078
0.000062
0.000024
-0.000091
-0.000220
-0.000341
-0.000489
-0.000618
-0.000594
-0.000389
-0.000158
-0.000046
-0.000026
0.000017
0.000077
0.000043
-0.000046
-0.000046
0.000031
0.000076
0.000041
-0.000016
0.000033
0.000207
0.000336
0.000326
0.000304
0.000331
0.000268
0.000092
-0.000007
0.000052
0.000129
0.000152
0.000213
0.000332
0.000351
0.000169
-0.000080
-0.000196
-0.000179
-0.000213
-0.000382
-0.000557
-0.000598
-0.000502
-0.000368
-0.000283
-0.000244
-0.000177
-0.000051
0.000077
0.000170
0.000227
0.000220
0.000181
0.000215
0.000307
0.000308
0.000137
-0.000112
-0.000260
-0.000195
-0.000010
0.000072
0.000015
0.000026
0.000171
0.000243
0.000131
-0.000044
-0.000130
-0.000116
-0.000095
-0.000095
-0.000093
-0.000104
-0.000064
0.000137
0.000372
0.000418
0.000299
0.000176
0.000097
0.000053
0.000037
0.000016
-0.000026
-0.000103
-0.000224
-0.000307
-0.000250
-0.000105
-0.000010
0.000008
0.000032
0.000132
0.000240
0.000214
0.000058
-0.000102
-0.000211
-0.000261
-0.000224
-0.000148
-0.000157
-0.000267
-0.000331
-0.000220
-0.000028
0.000021
-0.000079
-0.000108
0.000028
0.000172
0.000208
0.000163
0.000032
-0.000093
0.000017
0.000331
0.000579
0.000671
0.000625
0.000423
0.000154
-0.000027
-0.000127
-0.000280
-0.000484
-0.000527
-0.000313
-0.000019
0.000179
0.000272
0.000257
0.000115
-0.000099
-0.000304
-0.000448
-0.000483
-0.000419
-0.000355
-0.000299
-0.000150
0.000032
0.000082
0.000038
0.000035
0.000092
0.000166
0.000168
0.000050
-0.000076
-0.000078
0.000003
0.000026
0.000009
0.000129
0.000417
0.000661
0.000666
0.000462
0.000228
0.000124
0.000161
0.000221
0.000219
0.000170
0.000097
-0.000018
-0.000174
-0.000340
-0.000486
-0.000581
-0.000611
-0.000575
-0.000462
-0.000323
-0.000224
-0.000121
0.000053
0.000212
0.000245
0.000204
0.000178
0.000131
-0.000014
-0.000247
-0.000415
-0.000351
-0.000087
0.000188
0.000362
0.000439
0.000424
0.000339
0.000294
0.000295
0.000156
-0.000163
-0.000432
-0.000491
-0.000419
-0.000314
-0.000165
0.000037
0.000228
0.000320
0.000272
0.000134
0.000000
-0.000049
0.000013
0.000144
0.000282
0.000390
0.000428
0.000359
0.000215
0.000076
0.000007
0.000001
-0.000035
-0.000184
-0.000377
-0.000464
-0.000430
-0.000403
-0.000436
-0.000478
-0.000472
-0.000411
-0.000341
-0.000252
-0.000059
0.000201
0.000357
0.000345
0.000296
0.000335
0.000383
0.000298
0.000087
-0.000133
-0.000246
-0.000194
-0.000005
0.000212
0.000367
0.000450
0.000491
0.000490
0.000423
0.000296
0.000164
0.000072
-0.000029
-0.000201
-0.000397
-0.000533
-0.000559
-0.000476
-0.000384
-0.000349
-0.000271
-0.000073
0.000181
0.000389
0.000460
0.000348
0.000122
-0.000088
-0.000221
-0.000302
-0.000375
-0.000450
-0.000444
-0.000256
0.000062
0.000327
0.000438
0.000450
0.000442
0.000405
0.000310
0.000192
0.000073
-0.000085
-0.000275
-0.000375
-0.000324
-0.000217
-0.000122
0.000008
0.000141
0.000177
0.000140
0.000117
0.000114
0.000067
-0.000058
-0.000186
-0.000244
-0.000268
-0.000270
-0.000193
-0.000072
0.000005
0.000056
0.000128
0.000193
0.000250
0.000335
0.000395
0.000329
0.000162
0.000028
-0.000002
0.000021
0.000007
-0.000060
-0.000122
-0.000148
-0.000159
-0.000185
-0.000214
-0.000185
-0.000119
-0.000124
-0.000217
-0.000309
-0.000334
-0.000255
-0.000088
0.000051
0.000108
0.000191
0.000333
0.000404
0.000346
0.000261
0.000259
0.000306
0.000277
0.000189
0.000175
0.000202
0.000135
-0.000026
-0.000153
-0.000192
-0.000213
-0.000254
-0.000273
-0.000253
-0.000200
-0.000107
-0.000043
-0.000117
-0.000284
-0.000390
-0.000420
-0.000462
-0.000485
-0.000394
-0.000199
0.000034
0.000260
0.000410
0.000488
0.000630
0.000859
0.000957
0.000760
0.000392
0.000093
-0.000051
-0.000122
-0.000227
-0.000407
-0.000608
-0.000722
-0.000619
-0.000233
0.000252
0.000485
0.000362
0.000125
-0.000018
-0.000080
-0.000129
-0.000197
-0.000271
-0.000298
-0.000227
-0.000077
0.000054
0.000100
0.000111
0.000149
0.000184
0.000181
0.000150
0.000127
0.000147
0.000172
0.000123
0.000015
-0.000051
-0.000065
-0.000063
-0.000030
0.000031
0.000044
-0.000029
-0.000123
-0.000192
-0.000266
-0.000302
-0.000206
-0.000049
-0.000006
-0.000056
-0.000006
0.000182
0.000327
0.000342
0.000314
0.000284
0.000206
0.000095
0.000004
-0.000072
-0.000146
-0.000144
-0.000048
0.000008
-0.000035
-0.000107
-0.000207
-0.000356
-0.000449
-0.000419
-0.000317
-0.000174
-0.000017
0.000079
0.000121
0.000169
0.000221
0.000258
0.000275
0.000245
0.000178
0.000139
0.000166
0.000229
0.000279
0.000282
0.000231
0.000154
0.000076
0.000004
-0.000043
-0.000099
-0.000251
-0.000423
-0.000413
-0.000273
-0.000253
-0.000361
-0.000393
-0.000302
-0.000216
-0.000223
-0.000274
-0.000223
-0.000040
0.000123
0.000186
0.000256
0.000391
0.000473
0.000428
0.000342
0.000310
0.000343
0.000357
0.000245
0.000079
0.000038
0.000104
0.000130
0.000116
0.000137
0.000149
0.000061
-0.000105
-0.000238
-0.000267
-0.000249
-0.000272
-0.000351
-0.000400
-0.000360
-0.000358
-0.000458
-0.000455
-0.000248
-0.000060
-0.000084
-0.000221
-0.000243
-0.000097
0.000066
0.000167
0.000263
0.000359
0.000406
0.000420
0.000418
0.000387
0.000369
0.000414
0.000464
0.000384
0.000140
-0.000075
-0.000093
-0.000027
-0.000056
-0.000151
-0.000194
-0.000191
-0.000218
-0.000245
-0.000217
-0.000203
-0.000243
-0.000256
-0.000250
-0.000320
-0.000387
-0.000326
-0.000221
-0.000138
0.000036
0.000304
0.000473
0.000463
0.000401
0.000402
0.000436
0.000380
0.000185
-0.000024
-0.000091
-0.000051
-0.000075
-0.000201
-0.000270
-0.000193
-0.000127
-0.000209
-0.000312
-0.000287
-0.000176
-0.000077
-0.000016
-0.000014
-0.000071
-0.000078
0.000051
0.000252
0.000417
0.000461
0.000349
0.000174
0.000092
0.000119
0.000095
-0.000057
-0.000196
-0.000188
-0.000097
-0.000037
0.000014
0.000145
0.000328
0.000385
0.000214
-0.000028
-0.000196
-0.000338
-0.000451
-0.000442
-0.000361
-0.000313
-0.000235
-0.000061
0.000087
0.000116
0.000144
0.000272
0.000370
0.000301
0.000142
-0.000003
-0.000136
-0.000231
-0.000242
-0.000183
-0.000091
-0.000010
0.000045
0.000090
0.000121
0.000083
-0.000018
-0.000024
0.000162
0.000379
0.000405
0.000251
0.000067
-0.000085
-0.000199
-0.000253
-0.000267
-0.000292
-0.000308
-0.000259
-0.000181
-0.000153
-0.000152
-0.000097
-0.000002
0.000073
0.000144
0.000249
0.000349
0.000369
0.000296
0.000221
0.000260
0.000370
0.000353
0.000143
-0.000077
-0.000147
-0.000151
-0.000227
-0.000332
-0.000318
-0.000167
-0.000043
-0.000074
-0.000219
-0.000339
-0.000316
-0.000188
-0.000158
-0.000290
-0.000354
-0.000197
0.000010
0.000125
0.000253
0.000396
0.000390
0.000268
0.000216
0.000238
0.000217
0.000163
0.000168
0.000221
0.000184
0.000049
0.000010
0.000113
0.000153
0.000061
0.000024
0.000133
0.000223
0.000135
-0.000046
-0.000192
-0.000295
-0.000349
-0.000338
-0.000354
-0.000463
-0.000573
-0.000544
-0.000362
-0.000170
-0.000096
-0.000088
-0.000054
0.000018
0.000153
0.000340
0.000460
0.000487
0.000499
0.000495
0.000429
0.000316
0.000208
0.000138
0.000105
0.000068
-0.000009
-0.000131
-0.000300
-0.000491
-0.000602
-0.000550
-0.000358
-0.000117
0.000111
0.000272
0.000297
0.000210
0.000098
-0.000031
-0.000190
-0.000324
-0.000352
-0.000228
-0.000001
0.000190
0.000270
0.000297
0.000356
0.000455
0.000527
0.000494
0.000328
0.000076
-0.000165
-0.000299
-0.000311
-0.000277
-0.000270
-0.000292
-0.000333
-0.000363
-0.000296
-0.000121
0.000013
-0.000004
-0.000085
-0.000110
-0.000080
-0.000043
0.000011
0.000108
0.000203
0.000224
0.000212
0.000261
0.000319
0.000266
0.000140
0.000052
0.000031
0.000049
0.000062
0.000054
0.000061
0.000085
0.000066
-0.000010
-0.000081
-0.000095
-0.000101
-0.000214
-0.000418
-0.000519
-0.000425
-0.000285
-0.000209
-0.000143
-0.000033
0.000104
0.000230
0.000281
0.000223
0.000119
0.000077
0.000121
0.000183
0.000179
0.000094
-0.000003
-0.000029
0.000054
0.000197
0.000290
0.000299
0.000275
0.000198
0.000018
-0.000190
-0.000268
-0.000203
-0.000154
-0.000218
-0.000326
-0.000357
-0.000280
-0.000185
-0.000178
-0.000236
-0.000216
-0.000059
0.000105
0.000199
0.000317
0.000456
0.000462
0.000315
0.000175
0.000120
0.000061
-0.000053
-0.000159
-0.000197
-0.000139
-0.000006
0.000100
0.000129
0.000167
0.000223
0.000152
-0.000059
-0.000218
-0.000247
-0.000242
-0.000245
-0.000258
-0.000279
-0.000237
-0.000119
-0.000053
-0.000045
0.000065
0.000256
0.000308
0.000162
-0.000023
-0.000124
-0.000132
-0.000099
-0.000074
-0.000042
-0.000024
-0.000049
-0.000013
0.000140
0.000238
0.000189
0.000143
0.000201
0.000262
0.000224
0.000132
0.000080
0.000079
0.000096
0.000101
0.000068
0.000000
-0.000063
-0.000113
-0.000171
-0.000240
-0.000266
-0.000204
-0.000132
-0.000168
-0.000257
-0.000238
-0.000109
-0.000007
0.000043
0.000091
0.000097
0.000044
0.000013
0.000032
0.000028
-0.000038
-0.000066
0.000048
0.000224
0.000317
0.000319
0.000306
0.000269
0.000123
-0.000109
-0.000259
-0.000224
-0.000093
-0.000038
-0.000102
-0.000164
-0.000142
-0.000071
0.000005
0.000050
0.000015
-0.000110
-0.000226
-0.000217
-0.000092
0.000050
0.000153
0.000237
0.000314
0.000330
0.000265
0.000209
0.000227
0.000227
0.000078
-0.000178
-0.000372
-0.000437
-0.000420
-0.000335
-0.000191
-0.000096
-0.000095
-0.000042
0.000112
0.000206
0.000181
0.000153
0.000134
0.000003
-0.000215
-0.000313
-0.000196
-0.000012
0.000072
0.000086
0.000121
0.000166
0.000200
0.000251
0.000296
0.000256
0.000107
-0.000099
-0.000277
-0.000339
-0.000270
-0.000121
0.000039
0.000154
0.000225
0.000266
0.000237
0.000131
0.000031
-0.000030
-0.000120
-0.000213
-0.000176
-0.000019
0.000085
0.000061
0.000008
0.000020
0.000044
-0.000017
-0.000147
-0.000283
-0.000381
-0.000395
-0.000318
-0.000176
0.000008
0.000194
0.000335
0.000405
0.000414
0.000323
0.000083
-0.000178
-0.000221
-0.000051
0.000006
-0.000203
-0.000366
-0.000236
-0.000024
0.000041
0.000074
0.000233
0.000418
0.000437
0.000288
0.000087
-0.000139
-0.000361
-0.000442
-0.000320
-0.000086
0.000133
0.000256
0.000247
0.000147
0.000057
0.000048
0.000121
0.000205
0.000170
-0.000035
-0.000247
-0.000232
-0.000023
0.000122
0.000090
-0.000001
-0.000042
-0.000046
-0.000065
-0.000129
-0.000209
-0.000225
-0.000183
-0.000159
-0.000143
-0.000095
-0.000043
0.000003
0.000076
0.000173
0.000250
0.000246
0.000116
-0.000100
-0.000287
-0.000378
-0.000388
-0.000305
-0.000081
0.000251
0.000533
0.000622
0.000560
0.000491
0.000468
0.000419
0.000246
-0.000054
-0.000350
-0.000491
-0.000466
-0.000336
-0.000132
0.000056
0.000102
0.000038
0.000015
0.000074
0.000089
-0.000051
-0.000270
-0.000396
-0.000401
-0.000400
-0.000412
-0.000319
-0.000083
0.000170
0.000296
0.000294
0.000238
0.000113
-0.000031
-0.000013
0.000169
0.000289
0.000222
0.000072
0.000026
0.000117
0.000206
0.000205
0.000207
0.000316
0.000420
0.000285
-0.000095
-0.000432
-0.000511
-0.000404
-0.000288
-0.000212
-0.000147
-0.000119
-0.000142
-0.000141
-0.000077
0.000016
0.000091
0.000091
0.000016
-0.000046
-0.000085
-0.000147
-0.000180
-0.000142
-0.000113
-0.000081
0.000088
0.000364
0.000540
0.000512
0.000351
0.000176
0.000069
0.000057
0.000095
0.000112
0.000095
0.000054
-0.000028
-0.000137
-0.000209
-0.000223
-0.000189
-0.000119
-0.000066
-0.000129
-0.000325
-0.000497
-0.000433
-0.000133
0.000166
0.000262
0.000148
-0.000036
-0.000150
-0.000156
-0.000090
-0.000001
0.000094
0.000261
0.000491
0.000570
0.000401
0.000208
0.000175
0.000195
0.000113
-0.000025
-0.000095
-0.000085
-0.000077
-0.000151
-0.000276
-0.000355
-0.000378
-0.000355
-0.000255
-0.000127
-0.000075
-0.000082
-0.000065
-0.000013
0.000051
0.000121
0.000142
0.000076
-0.000015
-0.000044
0.000001
0.000078
0.000174
0.000291
0.000365
0.000314
0.000173
0.000028
-0.000118
-0.000276
-0.000351
-0.000238
-0.000010
0.000151
0.000221
0.000302
0.000362
0.000279
0.000103
0.000003
-0.000014
-0.000118
-0.000336
-0.000488
-0.000478
-0.000392
-0.000301
-0.000207
-0.000102
0.000048
0.000206
0.000233
0.000154
0.000153
0.000184
0.000066
-0.000113
-0.000141
-0.000057
-0.000007
0.000013
0.000053
0.000125
0.000258
0.000385
0.000354
0.000195
0.000094
0.000110
0.000134
0.000097
0.000003
-0.000181
-0.000398
-0.000443
-0.000283
-0.000136
-0.000097
-0.000019
0.000148
0.000251
0.000224
0.000144
0.000068
0.000004
-0.000109
-0.000331
-0.000516
-0.000443
-0.000201
-0.000062
-0.000043
0.000043
0.000233
0.000393
0.000445
0.000401
0.000255
0.000029
-0.000134
-0.000135
-0.000048
0.000002
-0.000038
-0.000121
-0.000144
-0.000080
-0.000020
-0.000035
-0.000101
-0.000170
-0.000193
-0.000123
-0.000012
0.000008
-0.000068
-0.000119
-0.000071
0.000060
0.000171
0.000179
0.000192
0.000334
0.000496
0.000515
0.000390
0.000179
-0.000069
-0.000273
-0.000358
-0.000354
-0.000308
-0.000203
-0.000090
-0.000048
-0.000027
0.000042
0.000083
-0.000016
-0.000198
-0.000273
-0.000203
-0.000144
-0.000168
-0.000156
-0.000002
0.000213
0.000293
0.000185
0.000072
0.000131
0.000318
0.000480
0.000491
0.000311
0.000074
-0.000026
-0.000022
-0.000086
-0.000217
-0.000274
-0.000259
-0.000275
-0.000282
-0.000207
-0.000137
-0.000155
-0.000206
-0.000177
-0.000050
0.000029
-0.000014
0.000001
0.000188
0.000368
0.000404
0.000387
0.000337
0.000121
-0.000208
-0.000368
-0.000251
-0.000099
-0.000141
-0.000243
-0.000128
0.000157
0.000322
0.000279
0.000186
0.000131
0.000105
0.000088
0.000057
0.000013
-0.000061
-0.000188
-0.000280
-0.000225
-0.000077
0.000002
-0.000035
-0.000068
-0.000012
0.000046
0.000027
-0.000024
-0.000049
-0.000052
-0.000077
-0.000144
-0.000223
-0.000219
-0.000030
0.000257
0.000391
0.000303
0.000157
0.000069
0.000037
0.000054
0.000075
0.000038
-0.000026
-0.000048
-0.000016
0.000041
0.000075
0.000044
-0.000013
-0.000017
0.000004
-0.000074
-0.000213
-0.000203
-0.000027
0.000061
-0.000091
-0.000315
-0.000339
-0.000159
-0.000053
-0.000114
-0.000096
0.000131
0.000365
0.000377
0.000178
-0.000043
-0.000137
-0.000101
0.000015
0.000166
0.000283
0.000340
0.000404
0.000444
0.000313
0.000035
-0.000194
-0.000268
-0.000204
-0.000095
-0.000082
-0.000163
-0.000184
-0.000138
-0.000137
-0.000176
-0.000202
-0.000231
-0.000271
-0.000290
-0.000265
-0.000228
-0.000235
-0.000211
-0.000018
0.000264
0.000404
0.000366
0.000299
0.000308
0.000400
0.000488
0.000461
0.000332
0.000185
0.000041
-0.000116
-0.000236
-0.000226
-0.000094
0.000027
0.000035
-0.000032
-0.000070
-0.000054
-0.000060
-0.000141
-0.000303
-0.000513
-0.000641
-0.000547
-0.000288
-0.000055
0.000057
0.000086
0.000119
0.000211
0.000314
0.000356
0.000349
0.000297
0.000179
0.000066
0.000041
0.000037
0.000010
0.000064
0.000195
0.000217
0.000080
-0.000039
-0.000051
-0.000074
-0.000179
-0.000238
-0.000166
-0.000070
-0.000037
-0.000010
0.000036
0.000056
0.000061
0.000061
-0.000002
-0.000114
-0.000181
-0.000234
-0.000343
-0.000379
-0.000202
0.000032
0.000116
0.000121
0.000163
0.000187
0.000143
0.000091
0.000091
0.000134
0.000173
0.000201
0.000230
0.000219
0.000142
0.000074
0.000065
0.000037
-0.000083
-0.000244
-0.000347
-0.000330
-0.000192
-0.000027
0.000025
-0.000070
-0.000177
-0.000156
-0.000052
0.000018
0.000063
0.000128
0.000144
0.000040
-0.000106
-0.000151
-0.000064
0.000072
0.000155
0.000150
0.000130
0.000153
0.000116
-0.000062
-0.000212
-0.000158
0.000021
0.000180
0.000275
0.000279
0.000136
-0.000104
-0.000209
-0.000072
0.000074
0.000047
-0.000001
0.000033
0.000007
-0.000133
-0.000259
-0.000309
-0.000316
-0.000282
-0.000188
-0.000033
0.000123
0.000186
0.000149
0.000107
0.000082
0.000049
0.000073
0.000175
0.000189
0.000041
-0.000097
-0.000098
-0.000009
0.000119
0.000218
0.000201
0.000127
0.000131
0.000185
0.000158
0.000058
-0.000022
-0.000060
-0.000083
-0.000094
-0.000087
-0.000069
-0.000083
-0.000157
-0.000255
-0.000329
-0.000353
-0.000318
-0.000248
-0.000145
0.000008
0.000173
0.000248
0.000175
0.000044
-0.000017
-0.000027
-0.000070
-0.000098
-0.000022
0.000106
0.000165
0.000157
0.000156
0.000140
0.000066
0.000011
0.000070
0.000183
0.000198
0.000085
-0.000034
-0.000059
-0.000013
0.000033
0.000052
0.000065
0.000085
0.000104
0.000118
0.000067
-0.000103
-0.000286
-0.000319
-0.000232
-0.000146
-0.000076
-0.000031
-0.000081
-0.000180
-0.000205
-0.000178
-0.000184
-0.000184
-0.000101
0.000047
0.000160
0.000183
0.000171
0.000193
0.000234
0.000217
0.000182
0.000266
0.000425
0.000439
0.000267
0.000098
0.000018
-0.000080
-0.000231
-0.000296
-0.000235
-0.000196
-0.000267
-0.000339
-0.000263
-0.000091
-0.000043
-0.000165
-0.000256
-0.000173
0.000004
0.000103
0.000077
0.000038
0.000065
0.000114
0.000150
0.000187
0.000179
0.000066
-0.000053
-0.000037
0.000050
0.000078
0.000060
0.000057
0.000069
0.000066
0.000025
-0.000037
-0.000050
-0.000014
-0.000025
-0.000077
-0.000067
0.000043
0.000188
0.000267
0.000244
0.000149
0.000018
-0.000048
0.000022
0.000112
0.000062
-0.000130
-0.000351
-0.000499
-0.000504
-0.000349
-0.000132
0.000003
0.000025
0.000029
0.000074
0.000117
0.000117
0.000113
0.000110
0.000080
0.000112
0.000270
0.000371
0.000238
-0.000005
-0.000153
-0.000181
-0.000166
-0.000133
-0.000081
-0.000070
-0.000127
-0.000173
-0.000139
-0.000052
0.000009
0.000023
0.000043
0.000051
-0.000010
-0.000075
-0.000018
0.000157
0.000296
0.000300
0.000254
0.000230
0.000175
0.000027
-0.000185
-0.000325
-0.000266
-0.000077
0.000041
0.000013
-0.000060
-0.000076
-0.000076
-0.000104
-0.000077
0.000029
0.000084
0.000034
-0.000012
0.000024
0.000086
0.000088
0.000042
0.000010
-0.000010
-0.000027
0.000002
0.000055
0.000059
0.000085
0.000182
0.000173
-0.000015
-0.000178
-0.000222
-0.000244
-0.000228
-0.000095
0.000089
0.000202
0.000217
0.000197
0.000194
0.000144
-0.000022
-0.000212
-0.000300
-0.000313
-0.000323
-0.000295
-0.000197
-0.000119
-0.000122
-0.000099
0.000068
0.000314
0.000461
0.000421
0.000282
0.000184
0.000163
0.000136
0.000059
-0.000006
-0.000022
-0.000043
-0.000092
-0.000105
-0.000045
0.000012
-0.000005
-0.000051
-0.000068
-0.000132
-0.000306
-0.000466
-0.000468
-0.000332
-0.000163
-0.000029
0.000073
0.000167
0.000217
0.000187
0.000134
0.000154
0.000259
0.000376
0.000409
0.000302
0.000109
-0.000017
0.000025
0.000143
0.000157
0.000080
0.000076
0.000099
-0.000040
-0.000254
-0.000327
-0.000266
-0.000179
-0.000109
-0.000087
-0.000126
-0.000189
-0.000209
-0.000160
-0.000103
-0.000125
-0.000209
-0.000255
-0.000192
-0.000027
0.000157
0.000280
0.000318
0.000246
0.000084
-0.000010
0.000060
0.000156
0.000128
0.000038
0.000020
0.000097
0.000198
0.000266
0.000280
0.000243
0.000191
0.000171
0.000134
-0.000006
-0.000211
-0.000358
-0.000387
-0.000361
-0.000345
-0.000288
-0.000161
-0.000076
-0.000101
-0.000113
0.000015
0.000215
0.000303
0.000202
0.000024
-0.000073
-0.000072
-0.000080
-0.000115
-0.000112
-0.000092
-0.000062
0.000052
0.000208
0.000282
0.000247
0.000142
0.000031
-0.000054
-0.000116
-0.000119
-0.000047
0.000029
0.000064
0.000095
0.000141
0.000156
0.000114
0.000060
0.000015
-0.000080
-0.000216
-0.000222
-0.000038
0.000108
0.000035
-0.000124
-0.000189
-0.000193
-0.000217
-0.000196
-0.000059
0.000081
0.000099
0.000034
-0.000031
-0.000050
-0.000008
0.000052
0.000116
0.000220
0.000288
0.000196
0.000024
-0.000049
-0.000032
-0.000023
0.000033
0.000192
0.000292
0.000188
-0.000000
-0.000082
-0.000066
-0.000066
-0.000147
-0.000287
-0.000367
-0.000291
-0.000138
-0.000038
-0.000004
0.000035
0.000098
0.000122
0.000059
-0.000007
0.000027
0.000102
0.000107
0.000049
-0.000010
-0.000003
0.000136
0.000297
0.000250
0.000035
-0.000065
0.000022
0.000078
-0.000008
-0.000107
-0.000112
-0.000099
-0.000161
-0.000264
-0.000300
-0.000224
-0.000135
-0.000146
-0.000192
-0.000151
-0.000024
0.000142
0.000285
0.000315
0.000236
0.000140
0.000079
0.000075
0.000131
0.000199
0.000230
0.000215
0.000137
-0.000004
-0.000135
-0.000186
-0.000188
-0.000230
-0.000300
-0.000288
-0.000182
-0.000109
-0.000121
-0.000097
0.000050
0.000183
0.000140
0.000005
-0.000018
0.000105
0.000184
0.000064
-0.000116
-0.000135
-0.000043
0.000005
0.000057
0.000197
0.000343
0.000413
0.000409
0.000322
0.000178
0.000061
-0.000014
-0.000080
-0.000138
-0.000177
-0.000205
-0.000234
-0.000269
-0.000332
-0.000420
-0.000438
-0.000323
-0.000177
-0.000079
0.000025
0.000136
0.000185
0.000197
0.000225
0.000222
0.000157
0.000093
0.000057
0.000008
-0.000037
-0.000025
-0.000001
-0.000029
-0.000044
0.000021
0.000112
0.000172
0.000206
0.000174
0.000051
-0.000060
-0.000038
0.000066
0.000071
-0.000072
-0.000185
-0.000137
-0.000016
0.000069
0.000122
0.000148
0.000077
-0.000106
-0.000252
-0.000244
