5760
-0.000174
-0.000164
-0.000071
0.000047
0.000094
0.000132
0.000174
0.000158
0.000151
0.000191
0.000170
0.000091
0.000096
0.000182
0.000191
0.000072
-0.000078
-0.000208
-0.000293
-0.000259
-0.000101
0.000050
0.000051
-0.000102
-0.000215
-0.000128
0.000032
0.000063
0.000022
0.000099
0.000264
0.000284
0.000080
-0.000151
-0.000221
-0.000146
-0.000040
-0.000004
-0.000025
0.000018
0.000092
0.000022
-0.000152
-0.000221
-0.000193
-0.000158
-0.000022
0.000246
0.000404
0.000298
0.000103
-0.000018
-0.000108
-0.000161
-0.000068
0.000117
0.000201
0.000146
0.000079
0.000028
-0.000062
-0.000147
-0.000150
-0.000103
-0.000107
-0.000209
-0.000316
-0.000297
-0.000173
-0.000019
0.000182
0.000395
0.000480
0.000392
0.000239
0.000133
0.000065
-0.000026
-0.000082
-0.000019
0.000050
-0.000007
-0.000082
-0.000062
-0.000046
-0.000139
-0.000283
-0.000345
-0.000272
-0.000132
-0.000007
0.000073
0.000082
0.000005
-0.000102
-0.000126
-0.000061
-0.000030
-0.000032
0.000050
0.000172
0.000199
0.000166
0.000206
0.000308
0.000330
0.000217
0.000062
-0.000037
-0.000092
-0.000150
-0.000180
-0.000128
-0.000060
-0.000103
-0.000217
-0.000215
-0.000059
0.000040
-0.000017
-0.000060
-0.000030
-0.000092
-0.000189
-0.000061
0.000259
0.000468
0.000428
0.000233
0.000010
-0.000167
-0.000289
-0.000361
-0.000334
-0.000142
0.000172
0.000413
0.000421
0.000272
0.000152
0.000121
0.000106
-0.000008
-0.000247
-0.000449
-0.000458
-0.000316
-0.000182
-0.000161
-0.000205
-0.000129
0.000150
0.000432
0.000490
0.000371
0.000259
0.000203
0.000116
-0.000065
-0.000276
-0.000382
-0.000351
-0.000275
-0.000192
-0.000072
0.000043
0.000082
0.000074
0.000089
0.000137
0.000185
0.000238
0.000313
0.000335
0.000214
0.000021
-0.000056
-0.000006
-0.000027
-0.000167
-0.000240
-0.000169
-0.000106
-0.000176
-0.000258
-0.000180
-0.000031
-0.000037
-0.000206
-0.000324
-0.000244
-0.000017
0.000212
0.000317
0.000263
0.000123
0.000010
-0.000000
0.000083
0.000180
0.000203
0.000132
0.000046
0.000064
0.000195
0.000299
0.000256
0.000096
-0.000072
-0.000187
-0.000255
-0.000304
-0.000350
-0.000343
-0.000196
0.000042
0.000167
0.000096
-0.000019
-0.000026
0.000034
0.000047
0.000010
0.000004
0.000043
0.000046
-0.000018
-0.000093
-0.000164
-0.000245
-0.000244
-0.000071
0.000167
0.000287
0.000296
0.000297
0.000258
0.000111
-0.000080
-0.000173
-0.000108
0.000033
0.000108
0.000072
0.000039
0.000087
0.000084
-0.000092
-0.000312
-0.000382
-0.000282
-0.000105
0.000092
0.000236
0.000224
0.000061
-0.000129
-0.000205
-0.000110
0.000047
0.000128
0.000116
0.000074
0.000071
0.000140
0.000207
0.000163
0.000032
-0.000056
-0.000039
0.000013
0.000009
-0.000048
-0.000090
-0.000127
-0.000217
-0.000318
-0.000339
-0.000259
-0.000096
0.000110
0.000278
0.000335
0.000285
0.000194
0.000081
-0.000084
-0.000224
-0.000178
-0.000001
0.000081
0.000082
0.000167
0.000250
0.000142
-0.000075
-0.000175
-0.000140
-0.000113
-0.000108
-0.000033
0.000067
0.000069
-0.000031
-0.000158
-0.000224
-0.000148
0.000025
0.000143
0.000148
0.000101
0.000064
0.000079
0.000146
0.000199
0.000165
0.000041
-0.000078
-0.000077
0.000016
0.000056
0.000006
-0.000050
-0.000088
-0.000145
-0.000190
-0.000139
-0.000021
0.000009
-0.000103
-0.000189
-0.000085
0.000106
0.000140
-0.000013
-0.000132
-0.000102
-0.000022
0.000026
0.000044
0.000040
0.000019
0.000012
0.000067
0.000186
0.000282
0.000272
0.000190
0.000157
0.000174
0.000119
-0.000027
-0.000162
-0.000211
-0.000170
-0.000122
-0.000167
-0.000251
-0.000226
-0.000077
0.000054
0.000052
0.000002
0.000038
0.000112
0.000099
-0.000005
-0.000115
-0.000142
-0.000103
-0.000099
-0.000107
0.000008
0.000222
0.000320
0.000189
0.000004
-0.000041
-0.000040
-0.000158
-0.000293
-0.000280
-0.000153
0.000006
0.000210
0.000426
0.000516
0.000434
0.000290
0.000126
-0.000135
-0.000414
-0.000472
-0.000274
-0.000087
-0.000087
-0.000125
-0.000045
0.000089
0.000190
0.000239
0.000166
-0.000020
-0.000137
-0.000094
-0.000028
-0.000056
-0.000085
0.000002
0.000147
0.000224
0.000152
-0.000026
-0.000119
-0.000045
0.000027
-0.000046
-0.000147
-0.000137
-0.000083
-0.000075
-0.000027
0.000138
0.000275
0.000192
-0.000040
-0.000176
-0.000109
0.000032
0.000056
-0.000069
-0.000188
-0.000174
-0.000092
-0.000063
-0.000050
0.000079
0.000290
0.000381
0.000292
0.000177
0.000103
-0.000049
-0.000254
-0.000333
-0.000265
-0.000144
-0.000009
0.000059
-0.000034
-0.000227
-0.000307
-0.000105
0.000260
0.000433
0.000265
-0.000007
-0.000129
-0.000116
-0.000071
0.000008
0.000178
0.000413
0.000529
0.000349
0.000008
-0.000162
-0.000108
-0.000053
-0.000075
-0.000067
0.000008
0.000041
-0.000061
-0.000249
-0.000381
-0.000389
-0.000312
-0.000194
-0.000074
-0.000043
-0.000118
-0.000138
-0.000004
0.000141
0.000175
0.000195
0.000260
0.000246
0.000120
0.000048
0.000101
0.000143
0.000125
0.000149
0.000199
0.000168
0.000085
0.000063
0.000051
-0.000117
-0.000398
-0.000518
-0.000360
-0.000122
-0.000024
-0.000067
-0.000106
-0.000048
0.000048
0.000095
0.000107
0.000132
0.000168
0.000208
0.000203
0.000069
-0.000134
-0.000203
-0.000090
-0.000002
-0.000085
-0.000192
-0.000113
0.000075
0.000143
0.000086
0.000078
0.000147
0.000198
0.000260
0.000368
0.000346
0.000043
-0.000345
-0.000489
-0.000370
-0.000229
-0.000184
-0.000145
-0.000033
0.000113
0.000233
0.000262
0.000123
-0.000091
-0.000155
-0.000055
0.000019
0.000008
-0.000035
-0.000093
-0.000112
-0.000056
0.000026
0.000080
0.000075
-0.000022
-0.000145
-0.000140
-0.000004
0.000085
0.000062
0.000085
0.000215
0.000291
0.000209
0.000054
-0.000085
-0.000181
-0.000164
-0.000012
0.000142
0.000178
0.000097
-0.000043
-0.000140
-0.000102
0.000032
0.000133
0.000122
0.000009
-0.000114
-0.000181
-0.000234
-0.000334
-0.000407
-0.000287
0.000020
0.000299
0.000401
0.000361
0.000268
0.000137
-0.000050
-0.000224
-0.000231
-0.000044
0.000151
0.000158
0.000025
-0.000029
0.000073
0.000180
0.000145
0.000014
-0.000076
-0.000112
-0.000148
-0.000138
-0.000047
0.000044
0.000075
0.000029
-0.000146
-0.000372
-0.000429
-0.000285
-0.000150
-0.000120
-0.000035
0.000209
0.000454
0.000492
0.000335
0.000152
0.000028
-0.000095
-0.000241
-0.000253
-0.000019
0.000267
0.000324
0.000158
-0.000027
-0.000137
-0.000170
-0.000108
-0.000011
-0.000001
-0.000050
0.000001
0.000158
0.000221
0.000070
-0.000137
-0.000189
-0.000083
0.000037
0.000093
0.000077
-0.000009
-0.000122
-0.000143
-0.000031
0.000065
0.000001
-0.000117
-0.000094
0.000011
0.000008
-0.000093
-0.000123
-0.000005
0.000162
0.000239
0.000192
0.000101
0.000044
0.000012
-0.000038
-0.000114
-0.000169
-0.000136
-0.000038
-0.000002
-0.000043
-0.000043
0.000002
-0.000019
-0.000098
-0.000095
0.000048
0.000207
0.000061
-0.000624
-0.001236
-0.000693
0.000690
0.001575
0.001935
0.002449
0.002440
0.001186
-0.000334
-0.001265
-0.002238
-0.003348
-0.003652
-0.003211
-0.002506
-0.001015
0.001020
0.002185
0.002559
0.003280
0.003715
0.002731
0.001229
0.000206
-0.001033
-0.002547
-0.002985
-0.002261
-0.001593
-0.000937
0.000366
0.001563
0.001906
0.002067
0.002219
0.001450
0.000000
-0.000916
-0.001387
-0.002089
-0.002430
-0.001850
-0.001110
-0.000624
0.000206
0.001253
0.001696
0.001702
0.001827
0.001582
0.000581
-0.000311
-0.000568
-0.000893
-0.001445
-0.001457
-0.000963
-0.000610
-0.000204
0.000588
0.001197
0.001228
0.001092
0.000893
0.000314
-0.000369
-0.000724
-0.000955
-0.001134
-0.000813
-0.000108
0.000265
0.000307
0.000600
0.001007
0.000971
0.000634
0.000401
0.000078
-0.000498
-0.000877
-0.000856
-0.000824
-0.000920
-0.001145
-0.001543
-0.001352
-0.000002
0.001383
0.001905
0.002409
0.003147
0.002889
0.001597
0.000575
-0.000302
-0.001926
-0.003407
-0.003551
-0.003039
-0.002587
-0.001565
0.000002
0.001041
0.001496
0.002049
0.002374
0.001908
0.001073
0.000310
-0.000504
-0.001174
-0.001278
-0.000973
-0.000533
0.000194
0.001059
0.001473
0.001440
0.001455
0.001352
0.000616
-0.000431
-0.001109
-0.001473
-0.001768
-0.001740
-0.001262
-0.000662
-0.000127
0.000389
0.000743
0.000792
0.000743
0.000728
0.000510
0.000063
-0.000289
-0.000518
-0.000780
-0.000820
-0.000423
0.000012
0.000199
0.000491
0.000996
0.001176
0.000850
0.000449
0.000104
-0.000393
-0.000832
-0.000868
-0.000670
-0.000457
-0.000126
0.000226
0.000329
0.000305
0.000373
0.000359
0.000163
0.000079
0.000090
-0.000233
-0.000753
-0.000841
-0.000493
-0.000214
-0.000032
0.000309
0.000642
0.000709
0.000585
0.000346
-0.000011
-0.000241
-0.000191
-0.000137
-0.000227
-0.000214
-0.000088
-0.000084
-0.000068
0.000145
0.000273
0.000154
0.000101
0.000169
0.000015
-0.000289
-0.000299
-0.000109
-0.000120
-0.000178
0.000028
0.000238
0.000163
0.000053
0.000139
0.000213
0.000104
-0.000065
-0.000180
-0.000219
-0.000151
-0.000071
-0.000125
-0.000229
-0.000209
-0.000094
0.000026
0.000165
0.000263
0.000189
0.000037
0.000045
0.000179
0.000211
0.000171
0.000232
0.000312
0.000205
-0.000057
-0.000254
-0.000257
-0.000119
0.000009
-0.000004
-0.000147
-0.000274
-0.000313
-0.000369
-0.000465
-0.000379
-0.000022
0.000299
0.000351
0.000293
0.000252
0.000164
0.000106
0.000180
0.000229
0.000118
-0.000015
-0.000025
0.000046
0.000123
0.000165
0.000110
-0.000010
-0.000075
-0.000092
-0.000173
-0.000314
-0.000408
-0.000378
-0.000193
0.000050
0.000104
-0.000104
-0.000284
-0.000175
0.000094
0.000260
0.000275
0.000256
0.000260
0.000221
0.000084
-0.000043
-0.000015
0.000115
0.000186
0.000118
-0.000071
-0.000245
-0.000266
-0.000219
-0.000217
-0.000127
0.000099
0.000221
0.000141
0.000033
-0.000039
-0.000135
-0.000170
-0.000047
0.000107
0.000139
0.000099
0.000058
-0.000034
-0.000154
-0.000138
0.000082
0.000315
0.000339
0.000249
0.000278
0.000363
0.000306
0.000200
0.000176
-0.000001
-0.000488
-0.000875
-0.000842
-0.000720
-0.000744
-0.000616
-0.000244
0.000074
0.000218
0.000322
0.000457
0.000565
0.000545
0.000358
0.000140
0.000078
0.000117
0.000023
-0.000198
-0.000225
0.000079
0.000413
0.000501
0.000449
0.000413
0.000346
0.000233
0.000103
-0.000166
-0.000605
-0.000946
-0.000963
-0.000764
-0.000576
-0.000444
-0.000254
0.000014
0.000231
0.000289
0.000255
0.000264
0.000243
0.000073
-0.000049
0.000080
0.000247
0.000238
0.000214
0.000300
0.000325
0.000199
0.000108
0.000183
0.000274
0.000204
0.000021
-0.000106
-0.000132
-0.000163
-0.000265
-0.000353
-0.000330
-0.000198
-0.000010
0.000115
0.000049
-0.000118
-0.000152
-0.000065
-0.000064
-0.000118
-0.000061
0.000033
0.000016
-0.000070
-0.000125
-0.000096
0.000014
0.000111
0.000133
0.000127
0.000117
0.000086
0.000067
0.000048
-0.000049
-0.000138
-0.000034
0.000171
0.000214
0.000091
-0.000027
-0.000083
-0.000080
-0.000037
-0.000041
-0.000078
0.000003
0.000203
0.000302
0.000195
0.000035
-0.000024
-0.000012
-0.000034
-0.000132
-0.000232
-0.000207
-0.000068
0.000027
0.000041
0.000064
0.000075
0.000005
-0.000082
-0.000120
-0.000132
-0.000096
0.000002
0.000071
0.000070
0.000049
0.000016
-0.000019
-0.000030
-0.000058
-0.000100
-0.000025
0.000173
0.000314
0.000332
0.000276
0.000109
-0.000102
-0.000166
-0.000122
-0.000138
-0.000180
-0.000171
-0.000173
-0.000165
-0.000043
0.000087
0.000051
-0.000035
-0.000009
-0.000016
-0.000148
-0.000156
0.000058
0.000227
0.000225
0.000216
0.000268
0.000284
0.000230
0.000102
-0.000104
-0.000260
-0.000288
-0.000305
-0.000341
-0.000303
-0.000224
-0.000132
0.000062
0.000273
0.000264
0.000020
-0.000210
-0.000292
-0.000311
-0.000228
0.000043
0.000281
0.000307
0.000295
0.000340
0.000292
0.000158
0.000098
0.000074
-0.000020
-0.000132
-0.000273
-0.000494
-0.000615
-0.000488
-0.000314
-0.000243
-0.000158
-0.000043
0.000044
0.000220
0.000506
0.000682
0.000721
0.000851
0.001051
0.001054
0.000821
0.000563
0.000365
0.000185
0.000072
0.000043
-0.000011
-0.000092
-0.000138
-0.000230
-0.000419
-0.000629
-0.000847
-0.001077
-0.001229
-0.001217
-0.001072
-0.000921
-0.000853
-0.000775
-0.000548
-0.000255
-0.000124
-0.000151
-0.000060
0.000212
0.000380
0.000334
0.000333
0.000541
0.000825
0.001055
0.001166
0.001114
0.001016
0.001038
0.001113
0.001047
0.000817
0.000588
0.000481
0.000395
0.000150
-0.000246
-0.000627
-0.000876
-0.000978
-0.000987
-0.001039
-0.001255
-0.001514
-0.001491
-0.001081
-0.000618
-0.000433
-0.000416
-0.000299
-0.000070
0.000133
0.000261
0.000319
0.000305
0.000303
0.000424
0.000604
0.000715
0.000855
0.001133
0.001335
0.001211
0.000891
0.000617
0.000278
-0.000389
-0.001433
-0.002710
-0.003741
-0.003743
-0.002593
-0.001211
-0.000227
0.000804
0.002130
0.003022
0.003096
0.002993
0.003018
0.002510
0.001278
0.000296
0.000261
0.000682
0.000940
0.001149
0.001515
0.001757
0.001542
0.000926
0.000157
-0.000668
-0.001624
-0.002720
-0.003690
-0.004150
-0.004049
-0.003724
-0.003373
-0.002838
-0.002079
-0.001382
-0.000904
-0.000438
0.000090
0.000310
0.000009
-0.000337
-0.000211
0.000238
0.000757
0.001540
0.002595
0.003415
0.003705
0.003698
0.003594
0.003263
0.002600
0.001739
0.000898
0.000269
-0.000149
-0.000620
-0.001023
-0.000704
0.000119
0.000199
-0.000498
-0.000606
-0.000159
-0.000592
-0.001701
-0.002042
-0.001897
-0.002390
-0.002929
-0.002483
-0.001615
-0.001254
-0.001232
-0.000966
-0.000347
0.000269
0.000459
0.000349
0.000537
0.000970
0.000932
0.000543
0.000651
0.001145
0.001274
0.001225
0.001546
0.001837
0.001525
0.001027
0.000949
0.000997
0.000598
-0.000044
-0.000299
-0.000119
-0.000052
-0.000335
-0.000597
-0.000593
-0.000584
-0.000753
-0.000878
-0.000785
-0.000695
-0.000877
-0.001169
-0.001191
-0.000975
-0.000845
-0.000748
-0.000353
0.000210
0.000417
0.000287
0.000415
0.000811
0.000884
0.000679
0.000667
0.000719
0.000565
0.000243
-0.000662
-0.002731
-0.005158
-0.005975
-0.004421
-0.002023
-0.000468
0.000700
0.002774
0.005085
0.005955
0.005793
0.006060
0.006061
0.004323
0.001849
0.000684
0.000792
0.000888
0.000707
0.000753
0.001100
0.001309
0.000847
-0.000289
-0.001392
-0.002288
-0.003816
-0.005945
-0.007207
-0.007065
-0.006588
-0.006145
-0.004998
-0.003229
-0.001793
-0.000956
-0.000199
0.000701
0.001311
0.001134
0.000469
0.000312
0.000992
0.001758
0.002349
0.003442
0.004951
0.005828
0.005861
0.005761
0.005657
0.005054
0.003777
0.002144
0.000725
-0.000110
-0.000644
-0.001216
-0.001464
-0.001182
-0.001117
-0.001709
-0.002277
-0.002457
-0.002883
-0.003799
-0.004628
-0.005098
-0.005297
-0.005049
-0.004438
-0.003880
-0.003062
-0.001469
0.000261
0.001458
0.002559
0.003556
0.003679
0.003285
0.003324
0.003461
0.003113
0.002804
0.002872
0.002788
0.002449
0.002271
0.002146
0.001799
0.001397
0.000956
0.000258
-0.000560
-0.001321
-0.002155
-0.002917
-0.003174
-0.002991
-0.002803
-0.002641
-0.002311
-0.001913
-0.001618
-0.001378
-0.001123
-0.000902
-0.000764
-0.000647
-0.000406
0.000032
0.000551
0.001012
0.001460
0.001924
0.002223
0.002232
0.002089
0.001919
0.001659
0.001273
0.000876
0.000556
0.000317
0.000280
0.000577
0.000885
0.000672
0.000114
-0.000162
-0.000341
-0.001048
-0.001874
-0.001963
-0.001652
-0.002036
-0.003562
-0.005695
-0.007197
-0.006980
-0.005219
-0.002950
-0.000646
0.001808
0.004182
0.005980
0.007087
0.007704
0.007868
0.007261
0.005622
0.003585
0.002410
0.002332
0.002355
0.002063
0.001969
0.001947
0.001306
0.000211
-0.000761
-0.001861
-0.003583
-0.005668
-0.007468
-0.008553
-0.008719
-0.008040
-0.006856
-0.005427
-0.003920
-0.002626
-0.001629
-0.000662
0.000212
0.000531
0.000379
0.000465
0.001122
0.002053
0.003029
0.004099
0.005214
0.006139
0.006702
0.006971
0.007039
0.006722
0.005707
0.004016
0.002179
0.000798
-0.000070
-0.000764
-0.001357
-0.001691
-0.001867
-0.002132
-0.002525
-0.003024
-0.003722
-0.004614
-0.005494
-0.006092
-0.006253
-0.006137
-0.005942
-0.005260
-0.003629
-0.001736
-0.000490
0.000698
0.002592
0.004150
0.004352
0.004227
0.004734
0.005000
0.004414
0.003835
0.003755
0.003571
0.002991
0.002471
0.002315
0.002229
0.001658
0.000515
-0.000516
-0.000996
-0.001525
-0.002542
-0.003327
-0.003309
-0.003148
-0.003387
-0.003430
-0.002857
-0.002321
-0.002313
-0.002390
-0.002082
-0.001550
-0.001140
-0.000832
-0.000308
0.000476
0.001119
0.001474
0.001960
0.002754
0.003290
0.003139
0.002753
0.002680
0.002661
0.002196
0.001510
0.001234
0.001307
0.001005
0.000271
-0.000108
-0.000077
-0.000506
-0.001451
-0.002044
-0.002122
-0.002254
-0.002483
-0.002714
-0.003759
-0.006153
-0.008545
-0.008957
-0.007039
-0.004041
-0.001261
0.001083
0.003682
0.006583
0.008656
0.009507
0.010018
0.010044
0.008296
0.005257
0.003226
0.002946
0.002907
0.002183
0.001589
0.001729
0.001809
0.000894
-0.000785
-0.002494
-0.004348
-0.006844
-0.009349
-0.010563
-0.010336
-0.009569
-0.008648
-0.007262
-0.005398
-0.003476
-0.001799
-0.000364
0.000844
0.001527
0.001444
0.001204
0.001823
0.003254
0.004538
0.005444
0.006553
0.007832
0.008603
0.008676
0.008309
0.007461
0.005927
0.003839
0.001684
0.000020
-0.000941
-0.001577
-0.002316
-0.002995
-0.003323
-0.003530
-0.003907
-0.004370
-0.004944
-0.005871
-0.006959
-0.007524
-0.007211
-0.006342
-0.005317
-0.004083
-0.002398
-0.000521
0.000942
0.001971
0.002897
0.003566
0.003833
0.003986
0.004064
0.004048
0.004450
0.005497
0.006576
0.007105
0.006997
0.006358
0.005352
0.003949
0.001939
-0.000422
-0.002544
-0.004266
-0.005598
-0.006288
-0.006261
-0.005853
-0.005360
-0.004756
-0.003940
-0.003055
-0.002405
-0.002139
-0.002147
-0.002201
-0.002098
-0.001682
-0.000883
0.000187
0.001338
0.002493
0.003613
0.004508
0.004949
0.004906
0.004527
0.003937
0.003211
0.002531
0.002087
0.001793
0.001462
0.001099
0.000689
0.000059
-0.000753
-0.001406
-0.001790
-0.002226
-0.002862
-0.003368
-0.003563
-0.003693
-0.003801
-0.003559
-0.002887
-0.002034
-0.001090
-0.000166
-0.000030
-0.001582
-0.004407
-0.006710
-0.006887
-0.004692
-0.001338
0.001604
0.004093
0.007219
0.010408
0.011845
0.011795
0.011682
0.010643
0.007305
0.003378
0.001382
0.000913
0.000242
-0.000699
-0.001012
-0.000728
-0.000724
-0.001589
-0.003149
-0.005025
-0.007312
-0.010022
-0.012129
-0.012486
-0.011322
-0.009653
-0.007840
-0.005575
-0.002728
0.000087
0.001971
0.002960
0.003752
0.004126
0.003504
0.002815
0.003430
0.004883
0.005918
0.006676
0.007865
0.009104
0.009582
0.009124
0.007917
0.006170
0.004055
0.001588
-0.000928
-0.002711
-0.003613
-0.004426
-0.005307
-0.005453
-0.004889
-0.004710
-0.005248
-0.005783
-0.006090
-0.006634
-0.007317
-0.007341
-0.006354
-0.004854
-0.003399
-0.001954
-0.000254
0.001590
0.003297
0.004790
0.005732
0.005550
0.004740
0.004636
0.005179
0.005185
0.005007
0.005867
0.007042
0.007065
0.006437
0.006071
0.005082
0.002639
-0.000366
-0.002950
-0.005140
-0.007059
-0.008512
-0.009173
-0.008761
-0.007634
-0.006528
-0.005382
-0.003819
-0.002514
-0.002220
-0.002211
-0.001557
-0.000717
-0.000288
0.000312
0.001643
0.003227
0.004539
0.005624
0.006453
0.006753
0.006434
0.005644
0.004650
0.003685
0.002676
0.001490
0.000482
0.000080
-0.000073
-0.000593
-0.001366
-0.002032
-0.002763
-0.003737
-0.004555
-0.004761
-0.004591
-0.004721
-0.005080
-0.004604
-0.002921
-0.001208
-0.000313
0.000421
0.001532
0.002375
0.002454
0.002403
0.002825
0.002706
0.000042
-0.005015
-0.008694
-0.007598
-0.003365
-0.000239
0.001314
0.004309
0.008776
0.011166
0.010853
0.010887
0.011288
0.008542
0.002844
-0.001062
-0.001199
-0.000492
-0.001209
-0.002118
-0.001657
-0.000541
-0.000425
-0.001639
-0.003138
-0.004572
-0.007062
-0.010646
-0.012797
-0.011797
-0.009487
-0.008124
-0.006839
-0.003904
-0.000218
0.002170
0.003248
0.004271
0.005036
0.004387
0.002883
0.002608
0.004102
0.005658
0.006199
0.006698
0.007997
0.009240
0.009262
0.008098
0.006441
0.004428
0.001673
-0.001493
-0.003737
-0.004440
-0.004714
-0.005524
-0.006068
-0.005457
-0.004497
-0.004274
-0.004539
-0.004762
-0.005215
-0.006069
-0.006621
-0.006147
-0.004838
-0.003417
-0.002122
-0.000495
0.001765
0.004025
0.005364
0.005790
0.005866
0.005506
0.004483
0.003275
0.002392
0.002336
0.003624
0.005165
0.005445
0.005729
0.007219
0.007455
0.004982
0.002242
0.000132
-0.003087
-0.006822
-0.008979
-0.009754
-0.010117
-0.009821
-0.008603
-0.006611
-0.004093
-0.001933
-0.000930
-0.000417
0.000447
0.000946
0.000604
0.000716
0.001879
0.002849
0.003249
0.004156
0.005553
0.006183
0.005730
0.004909
0.004053
0.003019
0.001759
0.000463
-0.000402
-0.000587
-0.000675
-0.001136
-0.001315
-0.000940
-0.001110
-0.002300
-0.003494
-0.004037
-0.004300
-0.004568
-0.004525
-0.003725
-0.002334
-0.001047
0.000037
0.001437
0.002860
0.003377
0.003048
0.002691
0.002407
0.001856
0.001299
0.000893
-0.000288
-0.003195
-0.007185
-0.009968
-0.009015
-0.004423
-0.000107
0.001368
0.003082
0.007448
0.010656
0.010074
0.009477
0.010631
0.009257
0.004215
0.000657
0.001090
0.002130
0.001133
-0.000648
-0.001310
-0.000820
-0.000777
-0.002413
-0.004805
-0.006593
-0.008486
-0.011217
-0.012913
-0.011711
-0.008982
-0.007255
-0.006423
-0.004403
-0.001011
0.001434
0.002015
0.002590
0.003901
0.004194
0.003347
0.003862
0.006248
0.008039
0.008203
0.008302
0.009190
0.009932
0.009534
0.007861
0.005587
0.003481
0.001315
-0.001305
-0.003371
-0.003971
-0.004295
-0.005586
-0.006720
-0.006420
-0.005789
-0.006237
-0.007107
-0.007349
-0.007385
-0.007698
-0.007545
-0.006289
-0.004401
-0.002529
-0.000805
0.000872
0.002620
0.004469
0.006090
0.006856
0.006799
0.006883
0.007362
0.007248
0.006531
0.006615
0.007465
0.007350
0.006003
0.004783
0.003770
0.001780
-0.001231
-0.004120
-0.006312
-0.008091
-0.009559
-0.010230
-0.009693
-0.008358
-0.007077
-0.005963
-0.004400
-0.002506
-0.001288
-0.000843
-0.000163
0.000978
0.001839
0.002393
0.003352
0.004645
0.005475
0.005728
0.005939
0.006123
0.005729
0.004630
0.003384
0.002490
0.001807
0.000946
0.000027
-0.000492
-0.000670
-0.001101
-0.001948
-0.002736
-0.003295
-0.004076
-0.005158
-0.005789
-0.005468
-0.004759
-0.004199
-0.003234
-0.001454
0.000152
0.000814
0.001485
0.002897
0.003928
0.003675
0.003095
0.003087
0.003043
0.002272
0.000978
-0.000550
-0.002319
-0.004619
-0.007691
-0.009743
-0.007396
-0.001489
0.002205
0.002392
0.004573
0.009804
0.012114
0.010151
0.008941
0.009183
0.006803
0.002032
-0.000731
-0.000215
0.000705
-0.000212
-0.001961
-0.002332
-0.001461
-0.001802
-0.004241
-0.006906
-0.008592
-0.010203
-0.012063
-0.012587
-0.010565
-0.007361
-0.005416
-0.004492
-0.002010
0.001920
0.004124
0.004116
0.004592
0.005853
0.005784
0.004844
0.005405
0.007311
0.008544
0.008649
0.008571
0.008845
0.009105
0.008240
0.005659
0.002647
0.000555
-0.001430
-0.004149
-0.006193
-0.006583
-0.006864
-0.007968
-0.008267
-0.006937
-0.005813
-0.006195
-0.006982
-0.007024
-0.006559
-0.005952
-0.004975
-0.003350
-0.001175
0.000986
0.002656
0.004219
0.006094
0.007320
0.006966
0.006328
0.006882
0.007449
0.006621
0.005613
0.005678
0.005734
0.004771
0.003649
0.003207
0.002713
0.000968
-0.001851
-0.004290
-0.005765
-0.007240
-0.009086
-0.010133
-0.009608
-0.008291
-0.007046
-0.005558
-0.003416
-0.001369
-0.000253
0.000395
0.001386
0.002463
0.002947
0.003072
0.003665
0.004776
0.005568
0.005661
0.005538
0.005397
0.004762
0.003496
0.002166
0.001188
0.000378
-0.000513
-0.001349
-0.001837
-0.001984
-0.002189
-0.002684
-0.003134
-0.003309
-0.003581
-0.004107
-0.004347
-0.003970
-0.003324
-0.002668
-0.001674
-0.000097
0.001570
0.002666
0.003167
0.003445
0.003594
0.003369
0.002735
0.002194
0.002183
0.002350
0.002122
0.001501
0.000310
-0.002452
-0.007058
-0.011472
-0.012538
-0.009201
-0.004310
-0.001339
0.000743
0.005231
0.010703
0.012859
0.012193
0.012004
0.011189
0.007056
0.001919
-0.000083
0.000597
0.000592
-0.001037
-0.002296
-0.001791
-0.000808
-0.001469
-0.003807
-0.006250
-0.008395
-0.010891
-0.012975
-0.012860
-0.010596
-0.008237
-0.006714
-0.004470
-0.000392
0.003620
0.005244
0.005319
0.005836
0.006324
0.005644
0.004986
0.005872
0.007466
0.008210
0.008183
0.008411
0.009074
0.009131
0.007423
0.004193
0.000977
-0.001497
-0.003906
-0.006259
-0.007494
-0.007658
-0.007970
-0.008440
-0.007935
-0.006593
-0.005831
-0.006073
-0.006368
-0.006070
-0.005390
-0.004481
-0.003078
-0.001028
0.001292
0.003320
0.005027
0.006811
0.008425
0.008903
0.008069
0.006996
0.006387
0.005724
0.004405
0.002600
0.001213
0.001256
0.002141
0.001876
0.000487
-0.000014
0.000104
-0.001151
-0.003335
-0.004753
-0.005659
-0.006947
-0.008186
-0.008395
-0.007297
-0.005623
-0.004293
-0.003195
-0.001611
0.000278
0.001568
0.002236
0.003111
0.004126
0.004512
0.004626
0.005254
0.005759
0.005199
0.004083
0.003295
0.002675
0.001675
0.000275
-0.001145
-0.002150
-0.002574
-0.002676
-0.002620
-0.002246
-0.001803
-0.001819
-0.002029
-0.001870
-0.001641
-0.001812
-0.002062
-0.001853
-0.001181
-0.000419
0.000297
0.001241
0.002366
0.003038
0.003106
0.003158
0.003212
0.002568
0.001272
0.000303
0.000056
-0.000164
-0.000969
-0.002550
-0.005368
-0.009313
-0.012472
-0.012400
-0.008575
-0.003186
0.000985
0.003955
0.007807
0.012150
0.014255
0.013843
0.012825
0.011038
0.007314
0.003275
0.001519
0.001627
0.001251
-0.000365
-0.001974
-0.002440
-0.002324
-0.003298
-0.005915
-0.008977
-0.011490
-0.013416
-0.014253
-0.013041
-0.010122
-0.007151
-0.004882
-0.002362
0.001028
0.004106
0.005462
0.005414
0.005282
0.005535
0.005873
0.006452
0.007626
0.008907
0.009398
0.009068
0.008734
0.008694
0.007987
0.005608
0.002092
-0.001088
-0.003448
-0.005508
-0.007270
-0.008158
-0.008281
-0.008356
-0.008361
-0.007626
-0.006318
-0.005460
-0.005423
-0.005524
-0.005044
-0.003868
-0.002300
-0.000655
0.001039
0.002891
0.004735
0.006337
0.007756
0.008838
0.008913
0.007809
0.006401
0.005407
0.004558
0.003487
0.002396
0.001471
0.000496
-0.000933
-0.002871
-0.004225
-0.003874
-0.003255
-0.004476
-0.006111
-0.005724
-0.004436
-0.004071
-0.003756
-0.002713
-0.001828
-0.001403
-0.000893
-0.000085
0.000904
0.001553
0.001420
0.001328
0.002396
0.003948
0.004457
0.004061
0.003823
0.003505
0.002613
0.001924
0.001744
0.000983
-0.000685
-0.002126
-0.002542
-0.002259
-0.002003
-0.002167
-0.002394
-0.002076
-0.001488
-0.001402
-0.001628
-0.001485
-0.001218
-0.001203
-0.000851
0.000206
0.001300
0.001906
0.002246
0.002609
0.002968
0.003158
0.003072
0.002622
0.001721
0.000554
-0.000491
-0.001298
-0.001945
-0.002523
-0.003660
-0.006295
-0.009853
-0.011982
-0.011219
-0.008204
-0.003977
0.000677
0.004870
0.008527
0.012072
0.014672
0.015172
0.013883
0.011479
0.008143
0.004820
0.002850
0.002076
0.001209
-0.000221
-0.001615
-0.002599
-0.003560
-0.005043
-0.007268
-0.010084
-0.012858
-0.014583
-0.014653
-0.013324
-0.011099
-0.008273
-0.005193
-0.002017
0.001403
0.004542
0.006320
0.006769
0.006897
0.007044
0.007144
0.007666
0.008709
0.009473
0.009545
0.009363
0.009124
0.008407
0.006852
0.004403
0.001204
-0.002164
-0.004939
-0.006916
-0.008276
-0.008964
-0.008989
-0.008751
-0.008408
-0.007628
-0.006444
-0.005475
-0.004993
-0.004620
-0.003951
-0.002771
-0.001054
0.000870
0.002613
0.004179
0.005743
0.007275
0.008554
0.009215
0.008895
0.007676
0.006059
0.004405
0.002826
0.001474
0.000436
-0.000412
-0.001183
-0.001896
-0.002668
-0.003558
-0.004407
-0.005162
-0.005949
-0.006647
-0.006789
-0.006082
-0.004826
-0.003443
-0.001827
0.000192
0.002106
0.003321
0.004006
0.004518
0.004594
0.003967
0.003145
0.002778
0.002773
0.002608
0.002183
0.001861
0.001721
0.001319
0.000422
-0.000639
-0.001606
-0.002642
-0.003780
-0.004561
-0.004578
-0.004058
-0.003471
-0.002788
-0.001746
-0.000586
0.000240
0.000736
0.001171
0.001590
0.001881
0.002042
0.002272
0.002714
0.003085
0.003026
0.002771
0.002737
0.002689
0.002123
0.001124
0.000142
-0.000707
-0.001565
-0.002337
-0.002716
-0.002790
-0.003387
-0.005167
-0.007604
-0.009855
-0.011399
-0.010808
-0.006921
-0.001833
0.001697
0.004851
0.009503
0.013565
0.014800
0.014488
0.013701
0.011370
0.007651
0.004472
0.002722
0.001769
0.000757
-0.000672
-0.001967
-0.002494
-0.003078
-0.005048
-0.008111
-0.010946
-0.013066
-0.014583
-0.014942
-0.013324
-0.010209
-0.007100
-0.004339
-0.000975
0.002821
0.005525
0.006647
0.007072
0.007309
0.007342
0.007537
0.008241
0.009107
0.009550
0.009375
0.008768
0.008024
0.007114
0.005411
0.002453
-0.001009
-0.003803
-0.005923
-0.007866
-0.009169
-0.009372
-0.009164
-0.008992
-0.008196
-0.006600
-0.005113
-0.004227
-0.003623
-0.003067
-0.002402
-0.001268
0.000394
0.002232
0.003981
0.005524
0.006797
0.007904
0.008769
0.008861
0.007887
0.006343
0.004802
0.003262
0.001642
0.000182
-0.000994
-0.002037
-0.003029
-0.003904
-0.004507
-0.004684
-0.004717
-0.005132
-0.005698
-0.005670
-0.005139
-0.004664
-0.003811
-0.001918
0.000282
0.001710
0.002710
0.004056
0.005303
0.005557
0.004897
0.004033
0.003379
0.002891
0.002282
0.001549
0.001087
0.000874
0.000394
-0.000342
-0.000906
-0.001503
-0.002561
-0.003720
-0.004363
-0.004533
-0.004488
-0.004071
-0.003113
-0.001817
-0.000530
0.000516
0.001302
0.001925
0.002321
0.002385
0.002365
0.002563
0.002836
0.002914
0.002850
0.002759
0.002575
0.002176
0.001485
0.000511
-0.000610
-0.001772
-0.003001
-0.004434
-0.006077
-0.007312
-0.007353
-0.006329
-0.004788
-0.002702
-0.000182
0.002056
0.003801
0.005461
0.006933
0.007595
0.007211
0.006175
0.005117
0.004439
0.004046
0.003559
0.002784
0.001857
0.000892
-0.000249
-0.001687
-0.003355
-0.005156
-0.006929
-0.008282
-0.008834
-0.008595
-0.007801
-0.006488
-0.004704
-0.002845
-0.001233
0.000216
0.001507
0.002396
0.002852
0.003178
0.003699
0.004538
0.005521
0.006260
0.006551
0.006580
0.006455
0.005936
0.004938
0.003637
0.001947
-0.000279
-0.002565
-0.004183
-0.005104
-0.005786
-0.006221
-0.006073
-0.005448
-0.004723
-0.004024
-0.003373
-0.002861
-0.002474
-0.002099
-0.001618
-0.000837
0.000340
0.001703
0.003003
0.004198
0.005245
0.005920
0.006021
0.005564
0.004734
0.003733
0.002708
0.001766
0.000940
0.000144
-0.000706
-0.001622
-0.002626
-0.003546
-0.003917
-0.003769
-0.003913
-0.004556
-0.005086
-0.005418
-0.005048
-0.002562
0.000934
0.002421
0.002604
0.004158
0.005789
0.005309
0.004157
0.003658
0.002681
0.000961
-0.000257
-0.000404
0.000087
0.000303
-0.000415
-0.001338
-0.001214
-0.000550
-0.000939
-0.002138
-0.002643
-0.002669
-0.003129
-0.003113
-0.001869
-0.000781
-0.000734
-0.000664
0.000092
0.000960
0.001436
0.001395
0.001081
0.001095
0.001419
0.001539
0.001714
0.002265
0.002527
0.002216
0.001889
0.001174
-0.000918
-0.003834
-0.005953
-0.006514
-0.005601
-0.003522
-0.000927
0.001579
0.003863
0.005766
0.006988
0.007506
0.007118
0.005318
0.002458
-0.000152
-0.001744
-0.002553
-0.002928
-0.002889
-0.002400
-0.001644
-0.001022
-0.000887
-0.001370
-0.002499
-0.004150
-0.005682
-0.006199
-0.005543
-0.004367
-0.002991
-0.001192
0.000896
0.002803
0.004397
0.005602
0.006015
0.005486
0.004449
0.003429
0.002750
0.002483
0.002371
0.002235
0.002249
0.002332
0.001973
0.001066
-0.000106
-0.001633
-0.003553
-0.005248
-0.006157
-0.006325
-0.005963
-0.005261
-0.004416
-0.003365
-0.001931
-0.000409
0.000650
0.001159
0.001356
0.001354
0.001356
0.001722
0.002412
0.003025
0.003528
0.004219
0.004954
0.005180
0.004686
0.003684
0.002415
0.001069
-0.000252
-0.001493
-0.002415
-0.002815
-0.002899
-0.002949
-0.002922
-0.002801
-0.002814
-0.002993
-0.003075
-0.002966
-0.002799
-0.002588
-0.002209
-0.001599
-0.000780
0.000171
0.001086
0.001816
0.002498
0.003441
0.004395
0.004564
0.003991
0.003657
0.003653
0.003167
0.002276
0.001618
0.001040
0.000195
-0.000713
-0.001421
-0.001914
-0.002365
-0.002993
-0.003629
-0.003857
-0.003707
-0.003520
-0.003261
-0.002660
-0.001871
-0.001255
-0.000650
0.000256
0.001071
0.001280
0.001241
0.001519
0.001871
0.001915
0.001947
0.002240
0.002482
0.002474
0.002459
0.002545
0.002468
0.001945
0.000980
-0.000076
-0.000843
-0.001361
-0.001888
-0.002307
-0.002282
-0.001927
-0.001669
-0.001602
-0.001514
-0.001359
-0.001238
-0.001164
-0.001118
-0.001097
-0.001034
-0.000817
-0.000339
0.000376
0.001100
0.001614
0.001929
0.002134
0.002156
0.001855
0.001231
0.000363
-0.000680
-0.001625
-0.002033
-0.001778
-0.001116
-0.000218
0.000836
0.001758
0.002337
0.002706
0.002902
0.002652
0.001867
0.000831
-0.000087
-0.000638
-0.000826
-0.000882
-0.000941
-0.000890
-0.000636
-0.000367
-0.000396
-0.000830
-0.001573
-0.002508
-0.003384
-0.003815
-0.003687
-0.003183
-0.002344
-0.001150
0.000107
0.001105
0.001930
0.002700
0.003167
0.003115
0.002783
0.002524
0.002331
0.002021
0.001643
0.001389
0.001304
0.001270
0.001141
0.000853
0.000395
-0.000274
-0.001142
-0.001989
-0.002573
-0.002945
-0.003229
-0.003216
-0.002675
-0.001868
-0.001174
-0.000591
-0.000024
0.000406
0.000603
0.000760
0.001052
0.001234
0.001065
0.000873
0.000989
0.001127
0.000986
0.000773
0.000730
0.000788
0.000752
0.000487
0.000089
-0.000234
-0.000488
-0.000715
-0.000763
-0.000639
-0.000530
-0.000405
-0.000195
-0.000077
-0.000089
0.000014
0.000227
0.000225
0.000054
0.000126
0.000429
0.000532
0.000372
0.000305
0.000440
0.000496
0.000296
-0.000031
-0.000303
-0.000480
-0.000659
-0.000919
-0.001129
-0.001170
-0.001175
-0.001160
-0.000919
-0.000514
-0.000186
0.000092
0.000405
0.000674
0.000849
0.000990
0.001173
0.001381
0.001487
0.001449
0.001338
0.001187
0.000974
0.000681
0.000314
-0.000044
-0.000282
-0.000474
-0.000834
-0.001320
-0.001667
-0.001866
-0.002244
-0.003105
-0.004010
-0.003528
-0.001210
0.000939
0.001381
0.001139
0.000837
-0.000449
-0.002183
-0.002418
-0.000932
0.000638
0.001513
0.002801
0.005271
0.007544
0.008167
0.007621
0.006566
0.004627
0.001814
-0.000976
-0.003016
-0.004381
-0.005521
-0.006267
-0.005891
-0.004578
-0.003595
-0.003488
-0.003595
-0.003562
-0.003672
-0.003779
-0.003326
-0.002259
-0.001006
0.000310
0.002097
0.004453
0.006518
0.007391
0.007197
0.006545
0.005622
0.004329
0.002802
0.001437
0.000340
-0.000742
-0.001675
-0.002010
-0.001939
-0.002174
-0.002914
-0.003718
-0.004270
-0.004663
-0.004960
-0.004920
-0.004323
-0.003275
-0.001976
-0.000400
0.001401
0.002953
0.003817
0.004121
0.004201
0.004084
0.003656
0.003031
0.002470
0.002050
0.001630
0.001141
0.000694
0.000332
-0.000128
-0.000844
-0.001689
-0.002435
-0.003032
-0.003479
-0.003629
-0.003366
-0.002804
-0.002065
-0.001169
-0.000245
0.000523
0.001123
0.001610
0.001931
0.001990
0.001764
0.001391
0.001147
0.001221
0.001476
0.001657
0.001722
0.001725
0.001569
0.001098
0.000313
-0.000614
-0.001493
-0.002235
-0.002783
-0.003043
-0.003018
-0.002804
-0.002356
-0.001591
-0.000714
-0.000041
0.000366
0.000619
0.000744
0.000749
0.000720
0.000730
0.000904
0.001397
0.002065
0.002528
0.002657
0.002551
0.002212
0.001655
0.000982
0.000217
-0.000582
-0.001241
-0.001688
-0.001975
-0.002082
-0.001994
-0.001804
-0.001560
-0.001286
-0.001097
-0.001069
-0.001097
-0.000989
-0.000683
-0.000329
-0.000003
0.000419
0.000963
0.001483
0.001855
0.001998
0.001913
0.001638
0.001126
0.000519
0.000192
0.000143
-0.000021
-0.000303
-0.000305
-0.000068
-0.000034
-0.000194
-0.000241
-0.000312
-0.000623
-0.000913
-0.000989
-0.001018
-0.001007
-0.000795
-0.000434
-0.000060
0.000324
0.000692
0.000921
0.000942
0.000799
0.000554
0.000285
0.000090
-0.000048
-0.000219
-0.000359
-0.000373
-0.000339
-0.000320
-0.000242
-0.000129
-0.000126
-0.000230
-0.000265
-0.000107
0.000118
0.000124
-0.000116
-0.000294
-0.000220
-0.000055
0.000013
0.000046
0.000208
0.000433
0.000441
0.000201
0.000075
0.000251
0.000466
0.000514
0.000550
0.000651
0.000563
0.000231
-0.000025
-0.000102
-0.000223
-0.000465
-0.000668
-0.000660
-0.000441
-0.000205
-0.000102
-0.000087
-0.000079
-0.000076
-0.000105
-0.000124
-0.000076
-0.000023
-0.000022
0.000037
0.000173
0.000233
0.000212
0.000167
-0.000027
-0.000364
-0.000546
-0.000450
-0.000321
-0.000317
-0.000215
0.000190
0.000658
0.000866
0.000843
0.000752
0.000599
0.000292
-0.000143
-0.000424
-0.000396
-0.000388
-0.000614
-0.000662
-0.000312
-0.000041
-0.000090
-0.000091
0.000106
0.000222
0.000105
-0.000137
-0.000364
-0.000420
-0.000234
0.000061
0.000345
0.000572
0.000629
0.000553
0.000650
0.000922
0.000906
0.000502
0.000215
0.000245
0.000234
-0.000036
-0.000458
-0.000807
-0.000915
-0.000970
-0.001238
-0.001469
-0.001361
-0.001182
-0.001115
-0.000820
-0.000229
0.000243
0.000499
0.000801
0.001098
0.001094
0.000854
0.000731
0.000787
0.000803
0.000733
0.000729
0.000841
0.000917
0.000809
0.000602
0.000405
0.000160
-0.000086
-0.000197
-0.000337
-0.000699
-0.001019
-0.001008
-0.000919
-0.001040
-0.001143
-0.001006
-0.000818
-0.000656
-0.000326
0.000099
0.000257
0.000070
-0.000136
-0.000150
-0.000021
0.000215
0.000490
0.000647
0.000638
0.000557
0.000538
0.000642
0.000774
0.000832
0.000750
0.000402
-0.000084
-0.000332
-0.000360
-0.000471
-0.000625
-0.000650
-0.000578
-0.000453
-0.000291
-0.000166
-0.000113
-0.000068
0.000025
0.000087
0.000081
0.000094
0.000088
0.000055
0.000156
0.000318
0.000337
0.000287
0.000202
-0.000004
-0.000113
0.000068
0.000300
0.000296
0.000083
-0.000119
-0.000154
-0.000089
-0.000086
-0.000185
-0.000294
-0.000283
-0.000104
0.000166
0.000374
0.000356
0.000141
-0.000019
-0.000064
-0.000143
-0.000268
-0.000366
-0.000410
-0.000319
-0.000033
0.000311
0.000466
0.000346
0.000112
-0.000071
-0.000236
-0.000470
-0.000662
-0.000640
-0.000457
-0.000234
0.000048
0.000314
0.000414
0.000420
0.000473
0.000502
0.000447
0.000401
0.000345
0.000137
-0.000125
-0.000176
0.000049
0.000349
0.000451
0.000319
0.000211
0.000232
0.000129
-0.000211
-0.000516
-0.000589
-0.000585
-0.000645
-0.000655
-0.000548
-0.000463
-0.000489
-0.000597
-0.000694
-0.000629
-0.000378
-0.000089
0.000126
0.000247
0.000323
0.000488
0.000804
0.001147
0.001324
0.001279
0.001111
0.000850
0.000461
0.000113
-0.000011
-0.000036
-0.000141
-0.000265
-0.000228
-0.000026
0.000094
-0.000045
-0.000282
-0.000483
-0.000773
-0.001142
-0.001326
-0.001250
-0.001135
-0.001065
-0.000808
-0.000202
0.000516
0.000972
0.001102
0.001037
0.000802
0.000505
0.000375
0.000395
0.000375
0.000336
0.000372
0.000434
0.000475
0.000460
0.000312
0.000092
-0.000039
-0.000166
-0.000488
-0.000948
-0.001318
-0.001454
-0.001332
-0.001000
-0.000583
-0.000214
0.000109
0.000442
0.000685
0.000661
0.000454
0.000365
0.000463
0.000549
0.000559
0.000594
0.000650
0.000621
0.000541
0.000557
0.000583
0.000333
-0.000159
-0.000531
-0.000680
-0.000822
-0.001013
-0.001002
-0.000634
-0.000217
-0.000128
-0.000217
-0.000088
0.000221
0.000350
0.000151
-0.000174
-0.000326
-0.000191
0.000108
0.000372
0.000532
0.000622
0.000619
0.000504
0.000344
0.000153
-0.000072
-0.000248
-0.000321
-0.000331
-0.000322
-0.000345
-0.000408
-0.000385
-0.000200
-0.000007
0.000045
0.000037
0.000019
-0.000119
-0.000303
-0.000229
0.000116
0.000391
0.000484
0.000552
0.000527
0.000297
0.000080
0.000112
0.000321
0.000512
0.000551
0.000380
0.000110
-0.000080
-0.000228
-0.000461
-0.000691
-0.000751
-0.000660
-0.000559
-0.000504
-0.000435
-0.000361
-0.000395
-0.000495
-0.000502
-0.000448
-0.000417
-0.000314
-0.000064
0.000230
0.000470
0.000662
0.000858
0.001097
0.001284
0.001267
0.001102
0.000940
0.000764
0.000494
0.000157
-0.000176
-0.000471
-0.000650
-0.000605
-0.000464
-0.000492
-0.000631
-0.000663
-0.000630
-0.000647
-0.000692
-0.000693
-0.000598
-0.000477
-0.000418
-0.000309
-0.000088
0.000120
0.000316
0.000609
0.000914
0.001013
0.000875
0.000682
0.000549
0.000443
0.000315
0.000153
0.000043
0.000086
0.000137
0.000022
-0.000119
-0.000130
-0.000125
-0.000268
-0.000527
-0.000708
-0.000722
-0.000680
-0.000612
-0.000451
-0.000278
-0.000170
-0.000045
0.000101
0.000144
0.000078
0.000064
0.000200
0.000325
0.000275
0.000219
0.000372
0.000593
0.000610
0.000432
0.000288
0.000247
0.000184
0.000102
0.000093
0.000118
0.000127
0.000129
0.000055
-0.000184
-0.000519
-0.000765
-0.000810
-0.000749
-0.000747
-0.000736
-0.000518
-0.000161
0.000068
0.000124
0.000217
0.000450
0.000699
0.000838
0.000854
0.000747
0.000470
0.000071
-0.000223
-0.000281
-0.000256
-0.000290
-0.000299
-0.000184
0.000006
0.000125
0.000086
0.000021
0.000049
0.000009
-0.000233
-0.000460
-0.000444
-0.000269
-0.000116
0.000019
0.000194
0.000316
0.000316
0.000280
0.000284
0.000318
0.000307
0.000122
-0.000167
-0.000328
-0.000303
-0.000160
0.000015
0.000114
0.000141
0.000124
0.000024
-0.000118
-0.000219
-0.000291
-0.000317
-0.000270
-0.000255
-0.000355
-0.000440
-0.000393
-0.000268
-0.000080
0.000181
0.000364
0.000361
0.000281
0.000260
0.000321
0.000419
0.000507
0.000609
0.000763
0.000864
0.000748
0.000450
0.000138
-0.000159
-0.000462
-0.000652
-0.000685
-0.000718
-0.000840
-0.000946
-0.000888
-0.000664
-0.000485
-0.000457
-0.000363
-0.000111
0.000086
0.000197
0.000401
0.000657
0.000812
0.000876
0.000894
0.000809
0.000619
0.000451
0.000425
0.000480
0.000413
0.000140
-0.000197
-0.000410
-0.000480
-0.000507
-0.000560
-0.000666
-0.000809
-0.000879
-0.000812
-0.000669
-0.000486
-0.000240
0.000013
0.000141
0.000105
0.000034
0.000088
0.000226
0.000253
0.000162
0.000200
0.000492
0.000829
0.000940
0.000829
0.000686
0.000547
0.000320
0.000058
-0.000110
-0.000206
-0.000292
-0.000295
-0.000170
-0.000045
-0.000058
-0.000206
-0.000382
-0.000465
-0.000435
-0.000424
-0.000508
-0.000540
-0.000365
-0.000108
-0.000017
-0.000081
-0.000066
0.000086
0.000232
0.000332
0.000413
0.000398
0.000282
0.000198
0.000164
0.000063
-0.000111
-0.000209
-0.000125
0.000027
0.000072
0.000060
0.000128
0.000211
0.000182
0.000063
-0.000080
-0.000220
-0.000323
-0.000323
-0.000251
-0.000244
-0.000274
-0.000133
0.000241
0.000674
0.000898
0.000769
0.000439
0.000171
-0.000019
-0.000246
-0.000423
-0.000378
-0.000185
-0.000033
0.000068
0.000190
0.000292
0.000259
0.000042
-0.000280
-0.000601
-0.000882
-0.001045
-0.000968
-0.000695
-0.000432
-0.000258
-0.000067
0.000188
0.000430
0.000614
0.000716
0.000728
0.000734
0.000778
0.000757
0.000608
0.000425
0.000315
0.000284
0.000256
0.000162
0.000013
-0.000183
-0.000433
-0.000633
-0.000680
-0.000661
-0.000671
-0.000647
-0.000550
-0.000445
-0.000351
-0.000202
0.000020
0.000179
0.000171
0.000105
0.000092
0.000113
0.000179
0.000314
0.000455
0.000553
0.000610
0.000614
0.000544
0.000380
0.000165
0.000034
0.000017
-0.000030
-0.000174
-0.000300
-0.000346
-0.000430
-0.000644
-0.000875
-0.000949
-0.000832
-0.000611
-0.000418
-0.000331
-0.000226
0.000053
0.000404
0.000619
0.000672
0.000687
0.000726
0.000654
0.000349
0.000016
-0.000039
0.000183
0.000439
0.000521
0.000414
0.000249
0.000125
0.000019
-0.000125
-0.000274
-0.000371
-0.000439
-0.000461
-0.000379
-0.000237
-0.000126
-0.000090
-0.000126
-0.000151
-0.000120
-0.000120
-0.000159
-0.000103
0.000104
0.000340
0.000445
0.000400
0.000334
0.000305
0.000202
0.000020
-0.000055
0.000016
0.000020
-0.000138
-0.000298
-0.000403
-0.000555
-0.000694
-0.000643
-0.000445
-0.000309
-0.000261
-0.000132
0.000100
0.000260
0.000284
0.000320
0.000481
0.000689
0.000807
0.000807
0.000757
0.000705
0.000645
0.000531
0.000368
0.000197
-0.000026
-0.000330
-0.000549
-0.000594
-0.000660
-0.000852
-0.000972
-0.000864
-0.000683
-0.000628
-0.000622
-0.000476
-0.000255
-0.000152
-0.000099
0.000045
0.000168
0.000142
0.000077
0.000127
0.000235
0.000249
0.000243
0.000452
0.000876
0.001249
0.001387
0.001303
0.001054
0.000740
0.000484
0.000242
-0.000111
-0.000496
-0.000715
-0.000766
-0.000835
-0.001004
-0.001152
-0.001157
-0.001015
-0.000793
-0.000630
-0.000621
-0.000616
-0.000424
-0.000116
0.000145
0.000357
0.000598
0.000873
0.001091
0.001171
0.001123
0.001013
0.000871
0.000667
0.000417
0.000226
0.000140
0.000080
-0.000019
-0.000179
-0.000404
-0.000655
-0.000849
-0.000880
-0.000717
-0.000511
-0.000467
-0.000603
-0.000715
-0.000635
-0.000478
-0.000443
-0.000423
-0.000102
0.000500
0.000946
0.001024
0.000957
0.000852
0.000614
0.000319
0.000155
0.000163
0.000240
0.000286
0.000252
0.000148
0.000050
0.000038
0.000046
-0.000082
-0.000382
-0.000685
-0.000784
-0.000725
-0.000733
-0.000773
-0.000580
-0.000127
0.000321
0.000552
0.000563
0.000496
0.000485
0.000493
0.000390
0.000198
0.000080
0.000058
-0.000030
-0.000234
-0.000396
-0.000384
-0.000253
-0.000163
-0.000170
-0.000150
-0.000018
0.000132
0.000219
0.000258
0.000218
0.000081
-0.000001
0.000110
0.000256
0.000150
-0.000181
-0.000436
-0.000468
-0.000388
-0.000319
-0.000242
-0.000087
0.000131
0.000376
0.000656
0.000925
0.001055
0.000926
0.000521
0.000011
-0.000393
-0.000693
-0.000951
-0.001045
-0.000901
-0.000700
-0.000560
-0.000357
-0.000018
0.000291
0.000407
0.000380
0.000319
0.000187
-0.000054
-0.000221
-0.000161
-0.000055
-0.000106
-0.000183
-0.000038
0.000344
0.000751
0.000932
0.000790
0.000489
0.000269
0.000175
0.000151
0.000162
0.000083
-0.000141
-0.000273
-0.000148
-0.000027
-0.000170
-0.000438
-0.000619
-0.000716
-0.000763
-0.000736
-0.000633
-0.000459
-0.000255
-0.000087
0.000051
0.000202
0.000347
0.000456
0.000547
0.000614
0.000606
0.000542
0.000543
0.000602
0.000537
0.000323
0.000166
0.000108
-0.000037
-0.000279
-0.000464
-0.000593
-0.000705
-0.000673
-0.000452
-0.000226
-0.000165
-0.000216
-0.000210
-0.000117
-0.000044
0.000039
0.000231
0.000394
0.000327
0.000163
0.000173
0.000274
0.000177
-0.000057
-0.000083
0.000116
0.000211
0.000130
0.000121
0.000256
0.000346
0.000277
0.000105
-0.000123
-0.000412
-0.000701
-0.000878
-0.000876
-0.000701
-0.000400
-0.000012
0.000377
0.000561
0.000446
0.000252
0.000211
0.000274
0.000290
0.000244
0.000195
0.000182
0.000208
0.000228
0.000193
0.000128
0.000032
-0.000127
-0.000279
-0.000323
-0.000274
-0.000205
-0.000196
-0.000277
-0.000361
-0.000357
-0.000271
-0.000136
-0.000008
0.000038
-0.000009
-0.000083
-0.000095
-0.000003
0.000169
0.000347
0.000477
0.000550
0.000529
0.000375
0.000175
0.000075
0.000057
-0.000023
-0.000185
-0.000256
-0.000136
0.000053
0.000195
0.000279
0.000252
0.000108
-0.000014
-0.000061
-0.000147
-0.000309
-0.000416
-0.000376
-0.000302
-0.000334
-0.000438
-0.000508
-0.000499
-0.000411
-0.000265
-0.000101
0.000047
0.000154
0.000196
0.000205
0.000287
0.000482
0.000650
0.000675
0.000644
0.000630
0.000535
0.000344
0.000201
0.000147
0.000098
0.000026
-0.000035
-0.000076
-0.000134
-0.000221
-0.000279
-0.000330
-0.000502
-0.000759
-0.000890
-0.000813
-0.000615
-0.000399
-0.000255
-0.000218
-0.000161
0.000088
0.000456
0.000706
0.000762
0.000724
0.000695
0.000664
0.000557
0.000393
0.000234
0.000034
-0.000230
-0.000454
-0.000586
-0.000642
-0.000569
-0.000352
-0.000127
-0.000029
-0.000020
0.000030
0.000148
0.000183
0.000052
-0.000068
-0.000020
0.000011
-0.000186
-0.000403
-0.000327
-0.000014
0.000259
0.000360
0.000335
0.000299
0.000319
0.000359
0.000361
0.000290
0.000114
-0.000123
-0.000319
-0.000444
-0.000513
-0.000475
-0.000301
-0.000057
0.000155
0.000279
0.000352
0.000444
0.000458
0.000257
-0.000028
-0.000186
-0.000257
-0.000358
-0.000441
-0.000439
-0.000368
-0.000194
0.000094
0.000315
0.000309
0.000209
0.000189
0.000198
0.000132
0.000029
-0.000013
0.000006
0.000011
-0.000009
-0.000050
-0.000135
-0.000189
-0.000129
-0.000038
-0.000040
-0.000096
-0.000049
0.000095
0.000136
0.000016
-0.000085
-0.000053
0.000052
0.000139
0.000204
0.000281
0.000349
0.000326
0.000177
0.000048
0.000101
0.000189
0.000044
-0.000253
-0.000399
-0.000364
-0.000342
-0.000396
-0.000443
-0.000372
-0.000114
0.000209
0.000326
0.000181
0.000027
-0.000017
-0.000129
-0.000373
-0.000538
-0.000457
-0.000237
-0.000078
0.000026
0.000214
0.000492
0.000728
0.000844
0.000872
0.000811
0.000585
0.000218
-0.000114
-0.000277
-0.000347
-0.000442
-0.000485
-0.000391
-0.000278
-0.000210
-0.000082
0.000104
0.000205
0.000159
0.000008
-0.000204
-0.000395
-0.000420
-0.000272
-0.000131
-0.000077
0.000013
0.000194
0.000309
0.000221
0.000056
0.000008
0.000034
0.000014
-0.000007
0.000054
0.000139
0.000179
0.000208
0.000249
0.000269
0.000283
0.000270
0.000108
-0.000187
-0.000430
-0.000567
-0.000649
-0.000643
-0.000513
-0.000317
-0.000146
-0.000051
0.000018
0.000161
0.000357
0.000456
0.000444
0.000439
0.000412
0.000279
0.000108
-0.000001
-0.000012
0.000036
-0.000009
-0.000171
-0.000252
-0.000193
-0.000158
-0.000183
-0.000147
-0.000013
0.000151
0.000282
0.000349
0.000339
0.000287
0.000244
0.000159
-0.000058
-0.000350
-0.000529
-0.000488
-0.000320
-0.000168
-0.000022
0.000166
0.000304
0.000301
0.000195
0.000063
-0.000030
-0.000056
-0.000076
-0.000184
-0.000377
-0.000555
-0.000601
-0.000457
-0.000219
-0.000074
-0.000058
-0.000006
0.000215
0.000522
0.000717
0.000768
0.000791
0.000813
0.000734
0.000484
0.000099
-0.000318
-0.000640
-0.000815
-0.000893
-0.000883
-0.000685
-0.000253
0.000295
0.000710
0.000821
0.000709
0.000587
0.000502
0.000315
-0.000051
-0.000454
-0.000724
-0.000867
-0.000947
-0.000967
-0.000922
-0.000765
-0.000454
-0.000118
0.000107
0.000281
0.000494
0.000682
0.000765
0.000826
0.000947
0.000986
0.000770
0.000399
0.000078
-0.000159
-0.000324
-0.000374
-0.000297
-0.000141
-0.000025
-0.000061
-0.000161
-0.000148
-0.000020
0.000082
0.000091
0.000074
0.000069
-0.000013
-0.000213
-0.000397
-0.000445
-0.000474
-0.000614
-0.000687
-0.000490
-0.000187
-0.000006
0.000118
0.000289
0.000435
0.000507
0.000495
0.000326
0.000046
-0.000119
-0.000092
-0.000006
0.000079
0.000191
0.000296
0.000346
0.000340
0.000284
0.000176
0.000078
0.000022
-0.000065
-0.000199
-0.000298
-0.000324
-0.000294
-0.000223
-0.000116
0.000044
0.000224
0.000313
0.000212
-0.000026
-0.000202
-0.000249
-0.000280
-0.000286
-0.000184
-0.000059
-0.000040
-0.000120
-0.000200
-0.000197
-0.000091
0.000029
0.000080
0.000125
0.000210
0.000240
0.000215
0.000255
0.000329
0.000328
0.000289
0.000264
0.000203
0.000115
0.000123
0.000242
0.000317
0.000243
0.000072
-0.000137
-0.000400
-0.000698
-0.000893
-0.000871
-0.000708
-0.000534
-0.000341
-0.000108
0.000067
0.000086
-0.000033
-0.000134
-0.000043
0.000240
0.000529
0.000655
0.000653
0.000641
0.000581
0.000410
0.000225
0.000110
-0.000009
-0.000169
-0.000276
-0.000285
-0.000223
-0.000090
0.000086
0.000204
0.000198
0.000073
-0.000100
-0.000205
-0.000220
-0.000282
-0.000453
-0.000579
-0.000542
-0.000420
-0.000310
-0.000215
-0.000111
0.000029
0.000260
0.000557
0.000731
0.000649
0.000404
0.000156
0.000012
-0.000014
-0.000013
-0.000059
-0.000117
-0.000124
-0.000092
-0.000057
0.000027
0.000165
0.000230
0.000155
0.000044
-0.000007
-0.000019
-0.000044
-0.000093
-0.000160
-0.000224
-0.000197
-0.000049
0.000045
-0.000015
-0.000053
0.000017
0.000033
-0.000062
-0.000138
-0.000120
-0.000033
0.000091
0.000215
0.000262
0.000175
-0.000022
-0.000241
-0.000358
-0.000315
-0.000197
-0.000134
-0.000114
-0.000018
0.000154
0.000282
0.000319
0.000356
0.000444
0.000458
0.000283
0.000001
-0.000241
-0.000365
-0.000377
-0.000337
-0.000264
-0.000134
0.000029
0.000178
0.000264
0.000216
0.000079
0.000047
0.000156
0.000175
-0.000023
-0.000235
-0.000239
-0.000108
-0.000050
-0.000119
-0.000202
-0.000200
-0.000152
-0.000131
-0.000113
-0.000042
0.000054
0.000080
0.000019
-0.000002
0.000096
0.000217
0.000272
0.000337
0.000455
0.000466
0.000296
0.000137
0.000103
0.000068
-0.000060
-0.000219
-0.000340
-0.000425
-0.000463
-0.000414
-0.000269
-0.000101
-0.000026
-0.000049
-0.000040
0.000053
0.000130
0.000091
-0.000038
-0.000111
-0.000041
0.000076
0.000115
0.000120
0.000197
0.000281
0.000215
-0.000004
-0.000234
-0.000335
-0.000237
-0.000035
0.000050
0.000010
0.000078
0.000302
0.000438
0.000383
0.000306
0.000284
0.000194
0.000003
-0.000156
-0.000203
-0.000175
-0.000168
-0.000286
-0.000515
-0.000647
-0.000495
-0.000177
0.000047
0.000104
0.000117
0.000182
0.000230
0.000148
-0.000020
-0.000128
-0.000109
-0.000008
0.000069
0.000082
0.000122
0.000235
0.000315
0.000299
0.000267
0.000271
0.000225
0.000052
-0.000167
-0.000266
-0.000186
-0.000052
-0.000051
-0.000199
-0.000309
-0.000239
-0.000088
-0.000003
0.000029
0.000051
0.000038
0.000040
0.000097
0.000115
0.000036
-0.000037
0.000005
0.000118
0.000165
0.000080
-0.000089
-0.000246
-0.000348
-0.000408
-0.000364
-0.000126
0.000188
0.000327
0.000260
0.000205
0.000248
0.000249
0.000136
0.000044
0.000077
0.000164
0.000163
0.000017
-0.000187
-0.000280
-0.000233
-0.000231
-0.000376
-0.000480
-0.000344
-0.000068
0.000133
0.000232
0.000310
0.000360
0.000322
0.000204
0.000074
-0.000014
-0.000061
-0.000083
-0.000042
0.000070
0.000169
0.000177
0.000131
0.000100
0.000055
-0.000054
-0.000157
-0.000180
-0.000162
-0.000135
-0.000068
0.000032
0.000083
0.000020
-0.000119
-0.000225
-0.000223
-0.000133
-0.000059
-0.000081
-0.000146
-0.000128
0.000006
0.000131
0.000153
0.000164
0.000268
0.000384
0.000401
0.000349
0.000260
0.000111
-0.000068
-0.000224
-0.000327
-0.000331
-0.000256
-0.000206
-0.000216
-0.000174
0.000013
0.000233
0.000297
0.000178
-0.000011
-0.000178
-0.000291
-0.000357
-0.000360
-0.000259
-0.000054
0.000173
0.000309
0.000282
0.000164
0.000135
0.000227
0.000299
0.000309
0.000342
0.000359
0.000256
0.000059
-0.000139
-0.000257
-0.000223
-0.000078
0.000013
-0.000080
-0.000317
-0.000531
-0.000630
-0.000648
-0.000604
-0.000452
-0.000164
0.000178
0.000393
0.000388
0.000296
0.000289
0.000347
0.000342
0.000297
0.000326
0.000410
0.000409
0.000240
-0.000022
-0.000185
-0.000135
0.000025
0.000096
-0.000002
-0.000173
-0.000263
-0.000219
-0.000131
-0.000091
-0.000075
-0.000078
-0.000195
-0.000421
-0.000564
-0.000497
-0.000309
-0.000139
-0.000016
0.000118
0.000291
0.000438
0.000474
0.000390
0.000245
0.000121
0.000109
0.000228
0.000336
0.000290
0.000154
0.000073
0.000035
-0.000055
-0.000200
-0.000280
-0.000214
-0.000128
-0.000204
-0.000387
-0.000448
-0.000312
-0.000120
-0.000013
0.000011
0.000029
0.000070
0.000135
0.000240
0.000347
0.000339
0.000194
0.000079
0.000130
0.000219
0.000153
0.000011
-0.000018
0.000008
-0.000032
-0.000090
-0.000126
-0.000198
-0.000289
-0.000319
-0.000325
-0.000372
-0.000360
-0.000172
0.000095
0.000244
0.000196
0.000027
-0.000080
0.000010
0.000216
0.000327
0.000246
0.000096
0.000070
0.000204
0.000385
0.000445
0.000282
-0.000004
-0.000192
-0.000196
-0.000116
-0.000058
-0.000058
-0.000088
-0.000093
-0.000060
-0.000026
-0.000021
-0.000060
-0.000155
-0.000301
-0.000464
-0.000570
-0.000540
-0.000383
-0.000199
-0.000049
0.000126
0.000346
0.000478
0.000477
0.000486
0.000516
0.000418
0.000245
0.000189
0.000225
0.000170
0.000014
-0.000079
-0.000056
-0.000052
-0.000141
-0.000195
-0.000161
-0.000177
-0.000303
-0.000421
-0.000439
-0.000382
-0.000312
-0.000276
-0.000290
-0.000250
-0.000043
0.000255
0.000468
0.000553
0.000568
0.000551
0.000506
0.000399
0.000210
0.000034
-0.000006
0.000062
0.000060
-0.000140
-0.000430
-0.000547
-0.000389
-0.000147
-0.000037
-0.000053
-0.000057
0.000015
0.000075
0.000017
-0.000110
-0.000186
-0.000187
-0.000160
-0.000113
-0.000057
-0.000046
-0.000060
0.000014
0.000158
0.000205
0.000142
0.000132
0.000197
0.000253
0.000331
0.000453
0.000457
0.000279
0.000121
0.000074
-0.000038
-0.000271
-0.000426
-0.000416
-0.000396
-0.000435
-0.000431
-0.000334
-0.000186
-0.000015
0.000158
0.000280
0.000322
0.000304
0.000236
0.000101
-0.000038
-0.000070
-0.000065
-0.000190
-0.000369
-0.000342
-0.000073
0.000226
0.000380
0.000372
0.000257
0.000105
-0.000012
-0.000020
0.000071
0.000107
-0.000018
-0.000157
-0.000130
-0.000009
0.000037
0.000002
-0.000023
-0.000024
-0.000032
-0.000086
-0.000247
-0.000431
-0.000416
-0.000181
0.000067
0.000218
0.000296
0.000337
0.000357
0.000333
0.000226
0.000087
0.000058
0.000168
0.000233
0.000099
-0.000130
-0.000272
-0.000286
-0.000225
-0.000193
-0.000252
-0.000295
-0.000238
-0.000197
-0.000221
-0.000184
-0.000070
-0.000031
-0.000063
0.000025
0.000231
0.000345
0.000359
0.000397
0.000367
0.000188
0.000013
-0.000043
-0.000030
-0.000005
0.000053
0.000156
0.000187
0.000047
-0.000142
-0.000213
-0.000203
-0.000216
-0.000208
-0.000108
0.000035
0.000150
0.000191
0.000105
-0.000066
-0.000195
-0.000238
-0.000229
-0.000196
-0.000172
-0.000185
-0.000178
-0.000047
0.000159
0.000234
0.000152
0.000120
0.000178
0.000186
0.000156
0.000162
0.000134
0.000051
0.000078
0.000246
0.000348
0.000270
0.000159
0.000180
0.000238
0.000088
-0.000281
-0.000584
-0.000642
-0.000575
-0.000506
-0.000411
-0.000336
-0.000338
-0.000236
0.000072
0.000268
0.000122
-0.000070
0.000036
0.000329
0.000516
0.000527
0.000480
0.000450
0.000410
0.000293
0.000084
-0.000126
-0.000227
-0.000235
-0.000220
-0.000189
-0.000169
-0.000186
-0.000156
-0.000065
-0.000056
-0.000138
-0.000142
-0.000061
-0.000068
-0.000181
