6880
-0.000211
-0.000385
-0.000438
-0.000399
-0.000281
-0.000112
0.000017
0.000068
0.000077
0.000073
0.000080
0.000102
0.000127
0.000173
0.000227
0.000190
0.000050
-0.000022
0.000073
0.000186
0.000149
0.000039
0.000056
0.000183
0.000213
0.000088
-0.000081
-0.000217
-0.000300
-0.000299
-0.000225
-0.000139
-0.000093
-0.000072
-0.000009
0.000093
0.000103
-0.000018
-0.000097
0.000004
0.000177
0.000254
0.000217
0.000113
-0.000009
-0.000082
-0.000078
-0.000053
-0.000092
-0.000187
-0.000216
-0.000118
-0.000003
-0.000005
-0.000099
-0.000152
-0.000107
-0.000001
0.000116
0.000205
0.000228
0.000190
0.000157
0.000163
0.000123
0.000005
-0.000051
0.000033
0.000113
0.000039
-0.000144
-0.000300
-0.000359
-0.000294
-0.000114
0.000085
0.000160
0.000074
-0.000044
-0.000055
0.000017
0.000051
0.000025
0.000038
0.000139
0.000240
0.000240
0.000165
0.000106
0.000101
0.000127
0.000152
0.000121
-0.000001
-0.000161
-0.000289
-0.000331
-0.000280
-0.000231
-0.000255
-0.000292
-0.000276
-0.000234
-0.000176
-0.000070
0.000077
0.000208
0.000303
0.000376
0.000398
0.000346
0.000289
0.000294
0.000298
0.000219
0.000092
0.000014
-0.000013
-0.000088
-0.000226
-0.000297
-0.000260
-0.000248
-0.000312
-0.000357
-0.000346
-0.000308
-0.000228
-0.000091
0.000033
0.000058
0.000011
0.000020
0.000160
0.000387
0.000563
0.000548
0.000365
0.000192
0.000128
0.000095
-0.000034
-0.000233
-0.000349
-0.000349
-0.000346
-0.000333
-0.000206
-0.000047
-0.000011
-0.000042
0.000012
0.000136
0.000168
0.000046
-0.000106
-0.000124
0.000016
0.000175
0.000214
0.000184
0.000255
0.000413
0.000429
0.000230
0.000024
-0.000062
-0.000120
-0.000188
-0.000189
-0.000142
-0.000139
-0.000169
-0.000182
-0.000197
-0.000237
-0.000270
-0.000233
-0.000099
0.000033
0.000048
0.000043
0.000179
0.000349
0.000349
0.000206
0.000075
-0.000009
-0.000111
-0.000221
-0.000249
-0.000166
-0.000029
0.000096
0.000163
0.000165
0.000137
0.000109
0.000031
-0.000140
-0.000280
-0.000244
-0.000136
-0.000149
-0.000259
-0.000273
-0.000113
0.000088
0.000199
0.000256
0.000347
0.000475
0.000551
0.000479
0.000265
0.000025
-0.000113
-0.000141
-0.000164
-0.000226
-0.000259
-0.000237
-0.000214
-0.000208
-0.000188
-0.000123
-0.000023
0.000080
0.000151
0.000186
0.000209
0.000194
0.000106
0.000006
-0.000054
-0.000068
-0.000023
0.000032
0.000000
-0.000096
-0.000141
-0.000121
-0.000118
-0.000157
-0.000184
-0.000164
-0.000144
-0.000139
-0.000059
0.000112
0.000200
0.000116
0.000038
0.000112
0.000212
0.000185
0.000096
0.000090
0.000189
0.000280
0.000252
0.000115
-0.000054
-0.000187
-0.000176
-0.000018
0.000072
-0.000040
-0.000222
-0.000323
-0.000311
-0.000230
-0.000168
-0.000134
-0.000021
0.000169
0.000274
0.000244
0.000199
0.000176
0.000094
-0.000046
-0.000108
0.000008
0.000195
0.000238
0.000081
-0.000114
-0.000188
-0.000179
-0.000195
-0.000246
-0.000277
-0.000242
-0.000130
0.000012
0.000075
-0.000000
-0.000095
-0.000070
0.000023
0.000082
0.000128
0.000224
0.000342
0.000381
0.000265
0.000052
-0.000061
0.000037
0.000205
0.000248
0.000145
0.000005
-0.000086
-0.000163
-0.000254
-0.000275
-0.000198
-0.000109
-0.000064
-0.000103
-0.000197
-0.000220
-0.000158
-0.000132
-0.000150
-0.000085
0.000099
0.000287
0.000385
0.000405
0.000359
0.000255
0.000113
-0.000035
-0.000144
-0.000186
-0.000168
-0.000103
-0.000050
-0.000066
-0.000076
0.000013
0.000103
0.000048
-0.000137
-0.000315
-0.000353
-0.000212
-0.000029
0.000035
0.000022
0.000064
0.000157
0.000250
0.000341
0.000385
0.000328
0.000203
0.000078
-0.000026
-0.000097
-0.000121
-0.000125
-0.000162
-0.000254
-0.000351
-0.000361
-0.000221
0.000000
0.000108
0.000021
-0.000090
-0.000068
0.000020
0.000061
0.000107
0.000220
0.000287
0.000230
0.000174
0.000194
0.000169
0.000047
-0.000064
-0.000113
-0.000161
-0.000226
-0.000284
-0.000337
-0.000332
-0.000153
0.000119
0.000200
0.000046
-0.000051
0.000067
0.000263
0.000390
0.000385
0.000254
0.000100
0.000026
0.000030
0.000069
0.000100
0.000055
-0.000088
-0.000229
-0.000280
-0.000272
-0.000246
-0.000213
-0.000204
-0.000207
-0.000149
-0.000041
-0.000023
-0.000131
-0.000198
-0.000121
-0.000003
0.000083
0.000206
0.000371
0.000457
0.000385
0.000248
0.000196
0.000227
0.000223
0.000137
-0.000012
-0.000181
-0.000290
-0.000274
-0.000187
-0.000133
-0.000127
-0.000153
-0.000211
-0.000240
-0.000164
-0.000033
0.000042
0.000062
0.000106
0.000152
0.000141
0.000096
0.000038
-0.000015
0.000015
0.000130
0.000204
0.000191
0.000144
0.000072
-0.000027
-0.000119
-0.000153
-0.000096
-0.000031
-0.000084
-0.000183
-0.000153
-0.000042
-0.000037
-0.000112
-0.000111
-0.000034
0.000037
0.000107
0.000157
0.000132
0.000077
0.000064
0.000080
0.000113
0.000158
0.000142
0.000042
-0.000038
-0.000061
-0.000122
-0.000257
-0.000336
-0.000258
-0.000141
-0.000142
-0.000189
-0.000076
0.000158
0.000253
0.000173
0.000149
0.000251
0.000305
0.000222
0.000125
0.000134
0.000225
0.000281
0.000222
0.000079
-0.000062
-0.000150
-0.000205
-0.000285
-0.000385
-0.000428
-0.000397
-0.000354
-0.000337
-0.000318
-0.000233
-0.000045
0.000170
0.000260
0.000177
0.000059
0.000076
0.000216
0.000327
0.000346
0.000332
0.000313
0.000263
0.000161
0.000036
-0.000051
-0.000118
-0.000221
-0.000318
-0.000305
-0.000170
-0.000013
0.000044
-0.000031
-0.000110
-0.000044
0.000114
0.000175
0.000076
-0.000070
-0.000141
-0.000137
-0.000115
-0.000061
0.000036
0.000113
0.000148
0.000188
0.000229
0.000222
0.000152
0.000000
-0.000200
-0.000321
-0.000316
-0.000270
-0.000196
-0.000014
0.000223
0.000316
0.000242
0.000206
0.000276
0.000256
0.000034
-0.000188
-0.000185
-0.000036
0.000044
0.000002
-0.000047
0.000001
0.000100
0.000092
-0.000091
-0.000332
-0.000483
-0.000484
-0.000343
-0.000190
-0.000180
-0.000225
-0.000117
0.000097
0.000186
0.000129
0.000111
0.000218
0.000389
0.000523
0.000543
0.000465
0.000379
0.000321
0.000240
0.000097
-0.000082
-0.000249
-0.000358
-0.000385
-0.000374
-0.000369
-0.000349
-0.000286
-0.000188
-0.000110
-0.000109
-0.000134
-0.000091
0.000038
0.000232
0.000446
0.000545
0.000415
0.000141
-0.000042
-0.000026
0.000064
0.000084
0.000016
-0.000084
-0.000157
-0.000152
-0.000085
-0.000050
-0.000100
-0.000203
-0.000285
-0.000281
-0.000225
-0.000216
-0.000226
-0.000125
0.000080
0.000241
0.000295
0.000318
0.000360
0.000380
0.000349
0.000299
0.000235
0.000110
-0.000057
-0.000191
-0.000279
-0.000334
-0.000306
-0.000196
-0.000129
-0.000162
-0.000149
0.000014
0.000157
0.000103
-0.000022
-0.000009
0.000105
0.000148
0.000074
-0.000006
0.000000
0.000071
0.000123
0.000126
0.000135
0.000196
0.000239
0.000135
-0.000086
-0.000241
-0.000277
-0.000279
-0.000237
-0.000158
-0.000149
-0.000194
-0.000182
-0.000140
-0.000116
-0.000035
0.000107
0.000176
0.000140
0.000147
0.000257
0.000344
0.000346
0.000334
0.000282
0.000092
-0.000150
-0.000251
-0.000216
-0.000188
-0.000192
-0.000170
-0.000163
-0.000258
-0.000370
-0.000320
-0.000122
0.000020
0.000030
0.000066
0.000238
0.000405
0.000388
0.000243
0.000148
0.000143
0.000150
0.000172
0.000239
0.000230
0.000026
-0.000240
-0.000349
-0.000239
0.000055
0.000423
0.000613
0.000443
-0.000044
-0.000666
-0.001061
-0.000926
-0.000467
-0.000123
0.000107
0.000486
0.000851
0.000577
-0.000397
-0.000904
-0.000334
0.000014
-0.000487
-0.000410
0.000574
0.000831
0.000198
0.000163
0.000590
0.000276
-0.000397
-0.000549
-0.000570
-0.001007
-0.001506
-0.001394
-0.000505
0.000641
0.001602
0.002519
0.003314
0.003332
0.002376
0.001022
-0.000322
-0.001609
-0.002605
-0.002995
-0.002777
-0.002141
-0.001266
-0.000317
0.000535
0.001062
0.000995
0.000363
-0.000372
-0.000818
-0.001007
-0.000990
-0.000541
0.000333
0.001128
0.001512
0.001693
0.001829
0.001668
0.001030
0.000212
-0.000372
-0.000690
-0.000882
-0.000872
-0.000588
-0.000158
0.000290
0.000577
0.000444
0.000054
-0.000236
-0.000605
-0.001135
-0.001238
-0.000824
-0.000587
-0.000553
-0.000129
0.000533
0.000809
0.000701
0.000555
0.000425
0.000233
0.000021
-0.000118
-0.000165
-0.000103
0.000118
0.000377
0.000477
0.000467
0.000469
0.000350
0.000022
-0.000259
-0.000326
-0.000383
-0.000583
-0.000729
-0.000584
-0.000317
-0.000240
-0.000186
0.000175
0.000580
0.000588
0.000350
0.000199
0.000118
0.000018
-0.000057
-0.000072
-0.000042
-0.000012
-0.000003
0.000022
0.000021
-0.000078
-0.000147
-0.000066
-0.000003
-0.000092
-0.000136
-0.000006
0.000085
-0.000014
-0.000106
0.000015
0.000216
0.000225
0.000052
-0.000065
-0.000049
0.000006
0.000064
0.000094
0.000051
0.000029
0.000122
0.000176
0.000058
-0.000093
-0.000145
-0.000157
-0.000188
-0.000180
-0.000128
-0.000141
-0.000214
-0.000177
0.000023
0.000198
0.000190
0.000119
0.000175
0.000275
0.000233
0.000107
0.000030
-0.000044
-0.000126
-0.000124
-0.000069
-0.000025
0.000009
-0.000016
-0.000102
-0.000166
-0.000254
-0.000429
-0.000500
-0.000297
-0.000030
0.000085
0.000218
0.000479
0.000629
0.000549
0.000403
0.000256
0.000068
-0.000048
0.000016
0.000124
0.000136
0.000115
0.000121
0.000067
-0.000118
-0.000399
-0.000660
-0.000767
-0.000690
-0.000505
-0.000250
0.000043
0.000246
0.000297
0.000299
0.000333
0.000360
0.000317
0.000200
0.000053
-0.000065
-0.000129
-0.000156
-0.000178
-0.000154
-0.000030
0.000061
-0.000027
-0.000140
-0.000075
0.000087
0.000162
0.000082
-0.000085
-0.000187
-0.000157
-0.000051
0.000112
0.000295
0.000384
0.000398
0.000447
0.000428
0.000183
-0.000121
-0.000248
-0.000221
-0.000114
0.000033
0.000056
-0.000108
-0.000263
-0.000336
-0.000409
-0.000369
-0.000203
-0.000213
-0.000371
-0.000306
-0.000065
0.000040
0.000079
0.000257
0.000433
0.000427
0.000343
0.000278
0.000169
0.000042
0.000004
0.000030
0.000046
0.000087
0.000195
0.000289
0.000238
0.000037
-0.000173
-0.000302
-0.000373
-0.000390
-0.000377
-0.000374
-0.000310
-0.000120
0.000100
0.000225
0.000278
0.000324
0.000323
0.000225
0.000106
0.000105
0.000218
0.000257
0.000083
-0.000190
-0.000318
-0.000284
-0.000318
-0.000436
-0.000432
-0.000312
-0.000176
0.000005
0.000153
0.000107
-0.000029
-0.000046
0.000018
0.000124
0.000336
0.000451
0.000288
0.000116
0.000140
0.000177
0.000170
0.000233
0.000267
0.000175
0.000106
0.000101
0.000007
-0.000191
-0.000395
-0.000590
-0.000662
-0.000465
-0.000210
-0.000180
-0.000202
-0.000074
0.000018
-0.000011
0.000101
0.000379
0.000505
0.000439
0.000413
0.000394
0.000244
0.000161
0.000307
0.000400
0.000194
-0.000155
-0.000458
-0.000623
-0.000605
-0.000580
-0.000677
-0.000644
-0.000355
-0.000124
-0.000068
0.000073
0.000273
0.000279
0.000197
0.000259
0.000389
0.000426
0.000365
0.000241
0.000144
0.000170
0.000193
0.000072
-0.000044
-0.000029
-0.000049
-0.000184
-0.000263
-0.000236
-0.000229
-0.000264
-0.000278
-0.000258
-0.000146
0.000087
0.000242
0.000214
0.000204
0.000257
0.000200
0.000080
0.000061
0.000079
0.000084
0.000159
0.000216
0.000111
-0.000013
-0.000018
-0.000012
-0.000011
0.000085
0.000129
-0.000053
-0.000250
-0.000275
-0.000280
-0.000289
-0.000171
-0.000048
-0.000042
-0.000041
-0.000062
-0.000198
-0.000264
-0.000102
0.000131
0.000285
0.000379
0.000401
0.000317
0.000156
-0.000042
-0.000222
-0.000306
-0.000275
-0.000206
-0.000191
-0.000187
-0.000082
0.000076
0.000163
0.000192
0.000199
0.000115
-0.000040
-0.000128
-0.000174
-0.000273
-0.000279
-0.000060
0.000214
0.000386
0.000514
0.000598
0.000507
0.000265
0.000058
-0.000057
-0.000166
-0.000323
-0.000472
-0.000525
-0.000501
-0.000484
-0.000400
-0.000108
0.000255
0.000446
0.000471
0.000387
0.000144
-0.000152
-0.000249
-0.000104
0.000096
0.000218
0.000244
0.000190
0.000131
0.000165
0.000199
0.000053
-0.000209
-0.000399
-0.000494
-0.000517
-0.000430
-0.000251
-0.000062
0.000034
0.000012
-0.000051
-0.000130
-0.000287
-0.000543
-0.000764
-0.000726
-0.000402
-0.000017
0.000351
0.000765
0.001035
0.001029
0.001104
0.001457
0.001583
0.001094
0.000420
0.000122
0.000136
0.000131
0.000049
0.000024
0.000124
0.000262
0.000292
0.000164
-0.000048
-0.000286
-0.000586
-0.001014
-0.001503
-0.001852
-0.001941
-0.001810
-0.001521
-0.001152
-0.000817
-0.000487
-0.000077
0.000255
0.000342
0.000359
0.000473
0.000510
0.000386
0.000389
0.000636
0.000839
0.000907
0.001078
0.001353
0.001494
0.001472
0.001369
0.001167
0.000905
0.000653
0.000308
-0.000162
-0.000511
-0.000643
-0.000784
-0.000989
-0.001066
-0.001030
-0.001059
-0.001111
-0.001039
-0.000944
-0.001019
-0.001190
-0.001225
-0.001036
-0.000716
-0.000395
-0.000070
0.000342
0.000722
0.000874
0.000910
0.001075
0.001295
0.001292
0.001053
0.000825
0.000727
0.000712
0.000730
0.000699
0.000527
0.000249
0.000036
0.000009
0.000017
-0.000168
-0.000467
-0.000632
-0.000615
-0.000550
-0.000561
-0.000646
-0.000682
-0.000626
-0.000559
-0.000504
-0.000449
-0.000443
-0.000463
-0.000329
-0.000084
-0.000281
-0.001320
-0.002610
-0.003046
-0.002267
-0.000989
-0.000045
0.000614
0.001492
0.002411
0.002763
0.002754
0.003111
0.003603
0.003276
0.002158
0.001316
0.001172
0.001151
0.001022
0.001130
0.001408
0.001317
0.000690
-0.000059
-0.000534
-0.000872
-0.001546
-0.002688
-0.003787
-0.004301
-0.004267
-0.003996
-0.003555
-0.002988
-0.002536
-0.002294
-0.002040
-0.001480
-0.000566
0.000346
0.000777
0.000713
0.000685
0.001090
0.001754
0.002418
0.003052
0.003508
0.003535
0.003244
0.002996
0.002861
0.002567
0.001957
0.001198
0.000507
-0.000003
-0.000266
-0.000326
-0.000360
-0.000508
-0.000736
-0.000926
-0.001080
-0.001272
-0.001449
-0.001528
-0.001574
-0.001677
-0.001788
-0.001750
-0.001499
-0.001198
-0.001074
-0.001051
-0.000822
-0.000437
-0.000279
-0.000322
-0.000175
0.000110
0.000200
0.000212
0.000449
0.000831
0.001128
0.001296
0.001347
0.001320
0.001339
0.001391
0.001331
0.001214
0.001105
0.000810
0.000319
-0.000020
-0.000096
-0.000159
-0.000287
-0.000325
-0.000266
-0.000227
-0.000237
-0.000330
-0.000534
-0.000693
-0.000664
-0.000601
-0.000661
-0.000756
-0.000812
-0.000848
-0.000818
-0.000679
-0.000462
-0.000225
-0.000056
-0.000004
0.000052
0.000230
0.000367
0.000292
0.000160
0.000174
0.000278
0.000361
0.000470
0.000653
0.000849
0.001032
0.001093
0.000536
-0.001021
-0.002973
-0.004135
-0.003976
-0.002879
-0.001490
-0.000227
0.000905
0.002153
0.003420
0.004238
0.004567
0.004681
0.004243
0.002776
0.000885
-0.000253
-0.000384
-0.000133
0.000109
0.000407
0.000744
0.000896
0.000760
0.000503
0.000211
-0.000496
-0.001986
-0.003789
-0.004980
-0.005282
-0.005075
-0.004587
-0.003811
-0.002924
-0.002135
-0.001359
-0.000464
0.000406
0.000983
0.001108
0.000818
0.000424
0.000381
0.000887
0.001680
0.002349
0.002769
0.003130
0.003593
0.004077
0.004369
0.004281
0.003698
0.002631
0.001339
0.000216
-0.000532
-0.000965
-0.001242
-0.001504
-0.001757
-0.001832
-0.001640
-0.001391
-0.001341
-0.001535
-0.001953
-0.002506
-0.002878
-0.002830
-0.002523
-0.002175
-0.001753
-0.001261
-0.000781
-0.000151
0.000717
0.001464
0.001802
0.001834
0.001664
0.001349
0.001139
0.001179
0.001264
0.001246
0.001219
0.001215
0.001183
0.001144
0.001068
0.000866
0.000597
0.000321
-0.000086
-0.000582
-0.000840
-0.000796
-0.000732
-0.000757
-0.000741
-0.000649
-0.000543
-0.000474
-0.000527
-0.000733
-0.000919
-0.000916
-0.000846
-0.000886
-0.000947
-0.000840
-0.000536
-0.000128
0.000278
0.000601
0.000844
0.001026
0.001071
0.000976
0.000883
0.000824
0.000677
0.000454
0.000317
0.000239
0.000057
-0.000097
0.000071
0.000447
0.000448
-0.000554
-0.002682
-0.004959
-0.005646
-0.004193
-0.002220
-0.001238
-0.000522
0.001086
0.002928
0.004041
0.005055
0.006453
0.006843
0.005073
0.002452
0.001017
0.000910
0.000930
0.000613
0.000417
0.000506
0.000493
0.000220
0.000042
0.000088
-0.000279
-0.001720
-0.003874
-0.005655
-0.006433
-0.006432
-0.006160
-0.005840
-0.005262
-0.004143
-0.002654
-0.001165
0.000373
0.001958
0.002854
0.002516
0.001733
0.001679
0.002316
0.002769
0.002844
0.003067
0.003542
0.003932
0.004298
0.004857
0.005269
0.004985
0.003875
0.002207
0.000505
-0.000697
-0.001393
-0.002075
-0.002943
-0.003611
-0.003746
-0.003462
-0.002977
-0.002461
-0.002184
-0.002313
-0.002642
-0.002826
-0.002730
-0.002408
-0.002001
-0.001662
-0.001305
-0.000656
0.000287
0.001263
0.002111
0.002670
0.002762
0.002561
0.002393
0.002247
0.001988
0.001663
0.001294
0.000913
0.000787
0.001048
0.001359
0.001372
0.001116
0.000716
0.000226
-0.000219
-0.000527
-0.000830
-0.001272
-0.001768
-0.002121
-0.002220
-0.002060
-0.001726
-0.001367
-0.001053
-0.000752
-0.000523
-0.000470
-0.000505
-0.000477
-0.000460
-0.000517
-0.000430
-0.000033
0.000512
0.001031
0.001493
0.001810
0.001919
0.001915
0.001890
0.001835
0.001666
0.001296
0.000800
0.000353
-0.000098
-0.000717
-0.001262
-0.001291
-0.000958
-0.000822
-0.000912
-0.000889
-0.001203
-0.002781
-0.005160
-0.006333
-0.005205
-0.003067
-0.001675
-0.000823
0.000867
0.003390
0.005374
0.006431
0.007410
0.008137
0.007199
0.004531
0.002117
0.001392
0.001542
0.001077
-0.000034
-0.000718
-0.000598
-0.000364
-0.000496
-0.000712
-0.000903
-0.001685
-0.003484
-0.005584
-0.006770
-0.006812
-0.006584
-0.006602
-0.006292
-0.005056
-0.003259
-0.001558
0.000070
0.001788
0.003020
0.003127
0.002517
0.002268
0.002825
0.003562
0.003750
0.003559
0.003675
0.004226
0.004749
0.005028
0.005221
0.005171
0.004345
0.002705
0.000985
-0.000194
-0.001022
-0.002044
-0.003344
-0.004402
-0.004684
-0.004299
-0.003818
-0.003476
-0.003125
-0.002918
-0.003120
-0.003330
-0.002970
-0.002337
-0.002079
-0.002023
-0.001567
-0.000676
0.000349
0.001455
0.002597
0.003491
0.003946
0.003995
0.003774
0.003490
0.003149
0.002521
0.001684
0.001067
0.000817
0.000712
0.000635
0.000574
0.000413
0.000084
-0.000380
-0.000930
-0.001421
-0.001739
-0.002022
-0.002368
-0.002538
-0.002329
-0.001963
-0.001717
-0.001495
-0.001124
-0.000723
-0.000440
-0.000242
-0.000085
0.000049
0.000223
0.000389
0.000469
0.000585
0.000844
0.001153
0.001473
0.001838
0.002090
0.002054
0.001855
0.001669
0.001384
0.000859
0.000195
-0.000370
-0.000696
-0.000876
-0.001097
-0.001284
-0.001191
-0.000882
-0.000679
-0.000692
-0.000933
-0.001777
-0.003596
-0.005720
-0.006459
-0.004964
-0.002596
-0.001085
0.000075
0.002317
0.005000
0.006489
0.007113
0.008066
0.008534
0.006957
0.004008
0.001831
0.001189
0.001034
0.000354
-0.000550
-0.000790
-0.000442
-0.000407
-0.000847
-0.001156
-0.001514
-0.002837
-0.005076
-0.007047
-0.007937
-0.007874
-0.007379
-0.006852
-0.006070
-0.004412
-0.002040
0.000134
0.001844
0.003366
0.004227
0.003829
0.002955
0.002854
0.003449
0.003855
0.003868
0.003934
0.004297
0.004826
0.005286
0.005466
0.005244
0.004546
0.003255
0.001480
-0.000231
-0.001463
-0.002474
-0.003641
-0.004756
-0.005294
-0.005102
-0.004483
-0.003798
-0.003216
-0.002808
-0.002677
-0.002811
-0.002972
-0.002908
-0.002620
-0.002302
-0.001958
-0.001260
-0.000003
0.001528
0.002890
0.003934
0.004630
0.004824
0.004574
0.004237
0.003891
0.003243
0.002282
0.001377
0.000774
0.000458
0.000337
0.000307
0.000303
0.000264
-0.000006
-0.000608
-0.001287
-0.001807
-0.002368
-0.003138
-0.003749
-0.003778
-0.003316
-0.002709
-0.002150
-0.001624
-0.001020
-0.000344
0.000197
0.000454
0.000555
0.000690
0.000843
0.000934
0.001031
0.001251
0.001620
0.002092
0.002548
0.002816
0.002788
0.002523
0.002151
0.001652
0.000941
0.000178
-0.000371
-0.000798
-0.001356
-0.001872
-0.001976
-0.001822
-0.001794
-0.001788
-0.001548
-0.001224
-0.001012
-0.000849
-0.000730
-0.000745
-0.000998
-0.001966
-0.004013
-0.006021
-0.005941
-0.003520
-0.000892
0.000512
0.001790
0.004137
0.006559
0.007699
0.008157
0.008880
0.008848
0.006703
0.003479
0.001464
0.001083
0.000852
-0.000074
-0.000980
-0.001152
-0.001028
-0.001348
-0.001950
-0.002334
-0.002924
-0.004483
-0.006610
-0.008052
-0.008241
-0.007721
-0.007245
-0.006820
-0.005741
-0.003674
-0.001336
0.000540
0.002203
0.003838
0.004635
0.004209
0.003670
0.004037
0.004793
0.005005
0.004743
0.004621
0.004860
0.005265
0.005517
0.005403
0.004907
0.003928
0.002298
0.000367
-0.001118
-0.002040
-0.003039
-0.004331
-0.005323
-0.005586
-0.005323
-0.004865
-0.004397
-0.004056
-0.003876
-0.003754
-0.003526
-0.003032
-0.002305
-0.001687
-0.001370
-0.000976
-0.000059
0.001266
0.002580
0.003661
0.004465
0.004965
0.005182
0.005180
0.004931
0.004341
0.003421
0.002308
0.001198
0.000353
-0.000049
-0.000214
-0.000505
-0.000903
-0.001155
-0.001283
-0.001506
-0.001903
-0.002442
-0.003036
-0.003501
-0.003683
-0.003561
-0.003177
-0.002639
-0.002101
-0.001556
-0.000828
0.000052
0.000784
0.001247
0.001607
0.001930
0.002142
0.002249
0.002306
0.002371
0.002528
0.002711
0.002705
0.002461
0.002119
0.001762
0.001370
0.000859
0.000078
-0.000945
-0.001829
-0.002245
-0.002327
-0.002408
-0.002553
-0.002585
-0.002397
-0.002041
-0.001569
-0.001009
-0.000541
-0.000370
-0.000389
-0.000252
0.000088
-0.000055
-0.001550
-0.003997
-0.005439
-0.004382
-0.001768
0.000252
0.001323
0.002864
0.005133
0.006851
0.007773
0.008745
0.009245
0.007796
0.004698
0.001935
0.000622
0.000171
-0.000387
-0.001251
-0.001898
-0.001993
-0.001899
-0.001997
-0.002112
-0.002237
-0.003055
-0.004895
-0.006893
-0.007919
-0.007795
-0.007189
-0.006658
-0.005973
-0.004523
-0.002384
-0.000303
0.001506
0.003327
0.004599
0.004428
0.003441
0.003196
0.003902
0.004478
0.004445
0.004292
0.004453
0.004966
0.005625
0.006023
0.005896
0.005276
0.004128
0.002438
0.000629
-0.000871
-0.002247
-0.003779
-0.005162
-0.005931
-0.006103
-0.005962
-0.005656
-0.005289
-0.005002
-0.004806
-0.004589
-0.004252
-0.003706
-0.002918
-0.002011
-0.001090
0.000007
0.001434
0.002990
0.004383
0.005527
0.006301
0.006523
0.006263
0.005699
0.004885
0.003916
0.002947
0.001991
0.001048
0.000286
-0.000217
-0.000654
-0.001163
-0.001651
-0.002053
-0.002456
-0.002880
-0.003231
-0.003490
-0.003749
-0.004034
-0.004200
-0.004053
-0.003509
-0.002672
-0.001756
-0.000862
0.000063
0.000972
0.001719
0.002292
0.002739
0.003026
0.003126
0.003097
0.003025
0.002959
0.002845
0.002623
0.002368
0.002171
0.001902
0.001389
0.000718
-0.000004
-0.000850
-0.001775
-0.002511
-0.002910
-0.003041
-0.002949
-0.002651
-0.002311
-0.002105
-0.001970
-0.001752
-0.001428
-0.001004
-0.000505
-0.000063
0.000255
0.000635
0.001255
0.001969
0.002472
0.002439
0.001221
-0.001640
-0.004875
-0.005914
-0.004116
-0.001905
-0.001117
-0.000357
0.001998
0.004750
0.006357
0.007623
0.009185
0.009277
0.006708
0.003351
0.001533
0.001119
0.000536
-0.000840
-0.002205
-0.002636
-0.002252
-0.001816
-0.001623
-0.001537
-0.001886
-0.003276
-0.005464
-0.007256
-0.007749
-0.007385
-0.007360
-0.007744
-0.007116
-0.004804
-0.002018
0.000211
0.002296
0.004352
0.005363
0.005074
0.004717
0.005074
0.005527
0.005382
0.004807
0.004428
0.004702
0.005496
0.006132
0.006145
0.005683
0.004794
0.003134
0.000870
-0.001174
-0.002708
-0.004270
-0.006029
-0.007339
-0.007672
-0.007206
-0.006482
-0.005843
-0.005228
-0.004566
-0.004048
-0.003626
-0.002888
-0.001891
-0.001189
-0.000781
-0.000038
0.001337
0.003063
0.004694
0.005874
0.006591
0.007114
0.007402
0.007111
0.006240
0.005060
0.003593
0.001854
0.000245
-0.000876
-0.001619
-0.002250
-0.002838
-0.003291
-0.003506
-0.003505
-0.003472
-0.003565
-0.003750
-0.003962
-0.004203
-0.004337
-0.004055
-0.003272
-0.002238
-0.001157
0.000017
0.001330
0.002577
0.003437
0.003819
0.003924
0.003931
0.003799
0.003456
0.003038
0.002712
0.002445
0.002154
0.001863
0.001553
0.001114
0.000506
-0.000173
-0.000816
-0.001434
-0.002141
-0.002903
-0.003415
-0.003505
-0.003398
-0.003266
-0.002949
-0.002377
-0.001764
-0.001227
-0.000725
-0.000331
-0.000078
0.000172
0.000450
0.000694
0.000996
0.001420
0.001856
0.002288
0.002775
0.003131
0.002754
0.000634
-0.003415
-0.006912
-0.006701
-0.003784
-0.002142
-0.002072
-0.000250
0.003518
0.006232
0.007633
0.009501
0.010766
0.009135
0.005415
0.002286
0.000881
0.000350
-0.000730
-0.002728
-0.004206
-0.003855
-0.002641
-0.002168
-0.002278
-0.002270
-0.002718
-0.004400
-0.006760
-0.008263
-0.008107
-0.007456
-0.007829
-0.008223
-0.006399
-0.002870
-0.000007
0.002036
0.004505
0.006664
0.007146
0.006757
0.006872
0.007206
0.006950
0.006076
0.004973
0.004326
0.004734
0.005562
0.005602
0.004913
0.004212
0.003203
0.001366
-0.000710
-0.002381
-0.004077
-0.006250
-0.008294
-0.009260
-0.008968
-0.008021
-0.007043
-0.006118
-0.005058
-0.003993
-0.003221
-0.002667
-0.002145
-0.001718
-0.001245
-0.000336
0.000932
0.002299
0.003995
0.005969
0.007473
0.008344
0.009096
0.009471
0.008753
0.007160
0.005341
0.003433
0.001492
-0.000243
-0.001733
-0.002984
-0.003819
-0.004249
-0.004486
-0.004548
-0.004471
-0.004556
-0.004882
-0.005147
-0.005229
-0.005219
-0.004977
-0.004247
-0.003037
-0.001568
-0.000054
0.001373
0.002699
0.003897
0.004743
0.005003
0.004831
0.004586
0.004298
0.003821
0.003326
0.003035
0.002787
0.002400
0.001996
0.001609
0.001023
0.000156
-0.000863
-0.001941
-0.003027
-0.004033
-0.004924
-0.005577
-0.005659
-0.005078
-0.004226
-0.003375
-0.002349
-0.001047
0.000258
0.001260
0.001889
0.002241
0.002412
0.002367
0.002014
0.001506
0.001232
0.001357
0.001692
0.002100
0.002642
0.003213
0.003520
0.003520
0.003202
0.001630
-0.002475
-0.007983
-0.010909
-0.009225
-0.006097
-0.004943
-0.004082
-0.000620
0.003971
0.006907
0.008791
0.010908
0.011612
0.009056
0.004630
0.001265
-0.000002
-0.000584
-0.002022
-0.003733
-0.003929
-0.002434
-0.000897
-0.000382
-0.000476
-0.000819
-0.002045
-0.004682
-0.007647
-0.008960
-0.008489
-0.008245
-0.008763
-0.007826
-0.004361
-0.000337
0.002639
0.005119
0.007332
0.008257
0.007684
0.006728
0.006245
0.006087
0.005548
0.004229
0.002941
0.003057
0.004439
0.005409
0.005164
0.004391
0.003393
0.001596
-0.000999
-0.003527
-0.005534
-0.007395
-0.009264
-0.010441
-0.010146
-0.008550
-0.006635
-0.005110
-0.003831
-0.002461
-0.001226
-0.000516
-0.000138
0.000334
0.000779
0.000822
0.000714
0.001160
0.002430
0.004295
0.006409
0.008226
0.009307
0.009822
0.009846
0.008927
0.007125
0.005031
0.002590
-0.000298
-0.002778
-0.004231
-0.005096
-0.005780
-0.006250
-0.006605
-0.006840
-0.006671
-0.006204
-0.005868
-0.005640
-0.005230
-0.004673
-0.004009
-0.002936
-0.001315
0.000480
0.002136
0.003724
0.005212
0.006314
0.006869
0.006889
0.006414
0.005559
0.004484
0.003311
0.002241
0.001526
0.001060
0.000492
-0.000140
-0.000494
-0.000574
-0.000744
-0.001271
-0.002128
-0.003116
-0.004042
-0.004791
-0.005257
-0.005277
-0.004791
-0.003999
-0.003107
-0.002068
-0.000872
0.000223
0.001069
0.001760
0.002284
0.002585
0.002796
0.003011
0.003235
0.003545
0.003787
0.003650
0.003293
0.003093
0.002849
0.002137
0.001087
0.000081
-0.000827
-0.001686
-0.002301
-0.002459
-0.002359
-0.002853
-0.005050
-0.008807
-0.011642
-0.010818
-0.007011
-0.003701
-0.002136
0.000041
0.004108
0.008153
0.010804
0.012798
0.013951
0.012663
0.009070
0.005495
0.003460
0.002354
0.000873
-0.001340
-0.003251
-0.003624
-0.002790
-0.002274
-0.002643
-0.003280
-0.004221
-0.006192
-0.008713
-0.010097
-0.009813
-0.009228
-0.009272
-0.008787
-0.006376
-0.002630
0.000870
0.003634
0.005927
0.007481
0.007920
0.007650
0.007419
0.007473
0.007430
0.006758
0.005581
0.004926
0.005466
0.006325
0.006192
0.005029
0.003512
0.001633
-0.000868
-0.003518
-0.005684
-0.007491
-0.009301
-0.010791
-0.011238
-0.010421
-0.008798
-0.006982
-0.005265
-0.003596
-0.001935
-0.000502
0.000542
0.001433
0.002347
0.003007
0.003319
0.003723
0.004562
0.005726
0.006793
0.007290
0.007362
0.007648
0.007866
0.007034
0.005345
0.003743
0.002129
0.000015
-0.002237
-0.004115
-0.005513
-0.006366
-0.006874
-0.007397
-0.007677
-0.007296
-0.006645
-0.006160
-0.005444
-0.004229
-0.003011
-0.002000
-0.000746
0.000885
0.002508
0.003898
0.005088
0.006072
0.006761
0.006974
0.006589
0.005871
0.005156
0.004228
0.002800
0.001334
0.000431
-0.000145
-0.000958
-0.001916
-0.002559
-0.002819
-0.002964
-0.003174
-0.003478
-0.003822
-0.004134
-0.004374
-0.004449
-0.004198
-0.003611
-0.002871
-0.002037
-0.000954
0.000390
0.001741
0.002872
0.003748
0.004438
0.004969
0.005163
0.004849
0.004249
0.003684
0.003030
0.002060
0.000983
0.000162
-0.000337
-0.000783
-0.001474
-0.002256
-0.002661
-0.002688
-0.002816
-0.003192
-0.003478
-0.003424
-0.003078
-0.002534
-0.001818
-0.001133
-0.001094
-0.002125
-0.003509
-0.003948
-0.003082
-0.001294
0.001181
0.003707
0.005502
0.007074
0.009121
0.010684
0.010751
0.009709
0.007709
0.004504
0.001133
-0.001163
-0.002773
-0.004403
-0.005770
-0.006572
-0.006815
-0.006322
-0.005397
-0.004942
-0.005113
-0.005312
-0.005456
-0.005725
-0.005680
-0.004844
-0.003410
-0.001821
-0.000182
0.001731
0.003965
0.006024
0.007377
0.008018
0.008054
0.007357
0.006140
0.005058
0.004337
0.003583
0.002665
0.001931
0.001478
0.001080
0.000674
0.000161
-0.000749
-0.002068
-0.003587
-0.005241
-0.006813
-0.007831
-0.008105
-0.007849
-0.007129
-0.005755
-0.003820
-0.001782
0.000086
0.001727
0.002920
0.003453
0.003505
0.003453
0.003419
0.003289
0.003058
0.002911
0.003043
0.003448
0.003716
0.003344
0.002690
0.002675
0.002895
0.001969
0.000176
-0.001038
-0.001722
-0.002645
-0.003408
-0.003583
-0.003605
-0.003653
-0.003580
-0.003418
-0.002971
-0.002174
-0.001690
-0.001787
-0.001580
-0.000581
0.000406
0.000862
0.001399
0.002315
0.002987
0.003119
0.003136
0.003263
0.003252
0.002860
0.002085
0.001246
0.000727
0.000341
-0.000395
-0.001297
-0.001789
-0.001915
-0.002089
-0.002272
-0.002245
-0.002085
-0.001861
-0.001504
-0.001048
-0.000557
-0.000093
0.000144
0.000175
0.000426
0.000967
0.001237
0.001033
0.000925
0.001237
0.001542
0.001498
0.001275
0.001028
0.000710
0.000349
0.000014
-0.000237
-0.000345
-0.000451
-0.000765
-0.001015
-0.000814
-0.000544
-0.000750
-0.001079
-0.001001
-0.000768
-0.000753
-0.000824
-0.000771
-0.000545
-0.000167
0.000148
0.000259
0.000487
0.000949
0.001104
0.000779
0.000587
0.000780
0.000864
0.000570
0.000101
-0.000424
-0.000982
-0.001561
-0.002325
-0.003089
-0.002955
-0.001550
0.000109
0.001208
0.002348
0.003906
0.004887
0.004684
0.004099
0.003731
0.003098
0.001811
0.000312
-0.000771
-0.001320
-0.001620
-0.001860
-0.001974
-0.001868
-0.001700
-0.001887
-0.002515
-0.002993
-0.002994
-0.003107
-0.003645
-0.003828
-0.003085
-0.002010
-0.001198
-0.000339
0.000907
0.002183
0.002978
0.003269
0.003401
0.003519
0.003328
0.002659
0.002011
0.001946
0.002246
0.002293
0.001954
0.001560
0.001265
0.000846
0.000104
-0.000807
-0.001647
-0.002426
-0.003191
-0.003742
-0.003877
-0.003676
-0.003288
-0.002740
-0.002052
-0.001278
-0.000533
0.000002
0.000315
0.000652
0.001092
0.001342
0.001264
0.001097
0.000947
0.000720
0.000767
0.001528
0.002438
0.002708
0.002733
0.002997
0.002954
0.002352
0.001708
0.001023
-0.000035
-0.001247
-0.002307
-0.003102
-0.003395
-0.003273
-0.003225
-0.003191
-0.002617
-0.001684
-0.001120
-0.000896
-0.000511
-0.000081
0.000149
0.000506
0.001201
0.001898
0.002292
0.002378
0.002287
0.002258
0.002347
0.002160
0.001444
0.000618
0.000116
-0.000270
-0.000766
-0.001044
-0.000893
-0.000634
-0.000518
-0.000457
-0.000404
-0.000470
-0.000726
-0.001136
-0.001584
-0.001879
-0.001949
-0.001932
-0.001799
-0.001255
-0.000413
0.000186
0.000438
0.000737
0.001173
0.001426
0.001363
0.001248
0.001282
0.001287
0.001125
0.001079
0.001318
0.001501
0.001331
0.000921
0.000434
-0.000113
-0.000686
-0.001192
-0.001551
-0.001677
-0.001550
-0.001343
-0.001226
-0.001090
-0.000752
-0.000303
0.000006
0.000061
0.000003
0.000134
0.000453
0.000398
-0.000537
-0.001997
-0.002927
-0.002685
-0.001613
-0.000268
0.001199
0.002655
0.003868
0.004766
0.005254
0.005293
0.005043
0.004231
0.002412
0.000297
-0.000910
-0.001332
-0.001810
-0.002368
-0.002668
-0.002766
-0.002753
-0.002675
-0.002738
-0.002995
-0.003350
-0.003876
-0.004381
-0.004177
-0.003035
-0.001619
-0.000527
0.000414
0.001626
0.002930
0.003704
0.003902
0.003998
0.003910
0.003226
0.002226
0.001532
0.001277
0.001277
0.001358
0.001376
0.001368
0.001442
0.001353
0.000724
-0.000318
-0.001327
-0.002203
-0.003072
-0.003758
-0.003974
-0.003731
-0.003197
-0.002471
-0.001605
-0.000669
0.000142
0.000575
0.000610
0.000494
0.000398
0.000238
-0.000019
-0.000099
0.000219
0.000780
0.001337
0.001880
0.002515
0.003055
0.002971
0.002099
0.001049
0.000406
0.000066
-0.000300
-0.000708
-0.000908
-0.000704
-0.000235
0.000173
0.000380
0.000359
0.000024
-0.000578
-0.001186
-0.001611
-0.001948
-0.002355
-0.002633
-0.002356
-0.001497
-0.000474
0.000375
0.000997
0.001467
0.001795
0.001853
0.001570
0.001107
0.000660
0.000248
-0.000121
-0.000310
-0.000256
-0.000107
-0.000000
0.000059
0.000112
0.000153
0.000064
-0.000218
-0.000473
-0.000512
-0.000467
-0.000444
-0.000301
0.000016
0.000303
0.000374
0.000314
0.000332
0.000415
0.000329
-0.000018
-0.000422
-0.000627
-0.000576
-0.000378
-0.000147
0.000053
0.000186
0.000248
0.000280
0.000307
0.000310
0.000289
0.000266
0.000232
0.000181
0.000125
0.000053
-0.000018
-0.000061
-0.000124
-0.000221
-0.000257
-0.000184
-0.000060
0.000047
0.000031
-0.000152
-0.000296
-0.000241
-0.000164
-0.000248
-0.000374
-0.000394
-0.000365
-0.000342
-0.000219
-0.000005
-0.000024
-0.000447
-0.000963
-0.001484
-0.002162
-0.002173
-0.000581
0.001328
0.001751
0.001693
0.002888
0.004399
0.004730
0.004328
0.003721
0.002498
0.000925
-0.000239
-0.001029
-0.001647
-0.002000
-0.002431
-0.003096
-0.003128
-0.002208
-0.001535
-0.001853
-0.002340
-0.002300
-0.002189
-0.002361
-0.002257
-0.001528
-0.000763
-0.000338
0.000240
0.001252
0.002311
0.003028
0.003124
0.002578
0.002013
0.001843
0.001556
0.000915
0.000605
0.000842
0.000974
0.000860
0.000980
0.001266
0.001210
0.000690
-0.000055
-0.000773
-0.001345
-0.001920
-0.002628
-0.003077
-0.002837
-0.002207
-0.001721
-0.001319
-0.000694
-0.000012
0.000331
0.000342
0.000331
0.000350
0.000228
-0.000011
-0.000137
0.000050
0.000504
0.000867
0.000948
0.001179
0.001754
0.001897
0.001332
0.001193
0.001850
0.001990
0.001248
0.000775
0.000749
0.000370
-0.000369
-0.001043
-0.001574
-0.001828
-0.001884
-0.002225
-0.002640
-0.002335
-0.001587
-0.001360
-0.001400
-0.000829
0.000011
0.000366
0.000517
0.000884
0.001170
0.001132
0.000945
0.000829
0.000985
0.001368
0.001447
0.001000
0.000640
0.000707
0.000666
0.000297
0.000121
0.000273
0.000267
-0.000038
-0.000273
-0.000243
-0.000172
-0.000329
-0.000672
-0.000918
-0.000967
-0.001084
-0.001431
-0.001669
-0.001499
-0.001212
-0.001075
-0.000801
-0.000189
0.000461
0.000913
0.001209
0.001343
0.001352
0.001356
0.001283
0.001054
0.000825
0.000611
0.000266
-0.000007
0.000048
0.000107
-0.000163
-0.000470
-0.000491
-0.000378
-0.000371
-0.000542
-0.000840
-0.001057
-0.001031
-0.000860
-0.000695
-0.000497
-0.000205
0.000060
0.000284
0.000683
0.001200
0.001496
0.001494
0.001377
0.001236
0.001088
0.000962
0.000841
0.000596
-0.000083
-0.001622
-0.003639
-0.004420
-0.003179
-0.001879
-0.001962
-0.001617
0.000434
0.002324
0.002838
0.003161
0.003697
0.003444
0.002278
0.001006
0.000203
0.000000
-0.000107
-0.000839
-0.001731
-0.001534
-0.000486
-0.000148
-0.000703
-0.000816
-0.000282
-0.000358
-0.001254
-0.001649
-0.001123
-0.000783
-0.001048
-0.001048
-0.000322
0.000643
0.001212
0.001102
0.000708
0.000686
0.000743
0.000144
-0.000573
-0.000366
0.000262
0.000172
-0.000209
0.000203
0.001045
0.001305
0.001036
0.000786
0.000590
0.000254
-0.000285
-0.000837
-0.000976
-0.000679
-0.000510
-0.000663
-0.000599
-0.000080
0.000277
0.000084
-0.000121
0.000093
0.000337
0.000237
-0.000009
-0.000079
0.000062
0.000124
-0.000136
-0.000399
-0.000130
0.000502
0.000802
0.000689
0.000679
0.000799
0.000614
0.000130
-0.000267
-0.000478
-0.000707
-0.001083
-0.001448
-0.001493
-0.001218
-0.000985
-0.000877
-0.000563
-0.000007
0.000415
0.000611
0.000859
0.001206
0.001421
0.001414
0.001298
0.001196
0.001110
0.000893
0.000496
0.000174
0.000067
-0.000099
-0.000472
-0.000763
-0.000772
-0.000736
-0.000875
-0.001068
-0.001152
-0.001145
-0.001062
-0.000864
-0.000551
-0.000177
0.000119
0.000213
0.000234
0.000449
0.000776
0.000772
0.000304
-0.000181
-0.000302
-0.000171
0.000025
0.000251
0.000496
0.000765
0.000973
0.000965
0.000801
0.000625
0.000345
-0.000121
-0.000562
-0.000792
-0.000871
-0.000845
-0.000677
-0.000457
-0.000287
-0.000087
0.000151
0.000268
0.000303
0.000414
0.000464
0.000292
0.000110
0.000141
0.000246
0.000234
0.000156
0.000139
0.000178
0.000162
0.000022
-0.000186
-0.000349
-0.000439
-0.000465
-0.000347
-0.000126
-0.000275
-0.001274
-0.002675
-0.003205
-0.002411
-0.001394
-0.000909
-0.000087
0.001600
0.003162
0.004022
0.004707
0.005162
0.004718
0.003403
0.001730
0.000165
-0.000849
-0.001498
-0.002484
-0.003507
-0.003516
-0.002706
-0.002193
-0.002045
-0.001643
-0.001191
-0.001217
-0.001423
-0.001178
-0.000560
-0.000096
0.000096
0.000343
0.000954
0.001853
0.002474
0.002425
0.002212
0.002318
0.002141
0.001171
0.000215
0.000054
0.000155
-0.000142
-0.000504
-0.000475
-0.000313
-0.000463
-0.000894
-0.001216
-0.001262
-0.001335
-0.001704
-0.002128
-0.002161
-0.001733
-0.001168
-0.000650
0.000008
0.000823
0.001416
0.001651
0.001816
0.001924
0.001727
0.001315
0.000972
0.000820
0.000888
0.001098
0.001245
0.001227
0.001082
0.000747
0.000142
-0.000536
-0.001085
-0.001687
-0.002425
-0.002874
-0.002728
-0.002199
-0.001573
-0.000962
-0.000409
0.000093
0.000491
0.000628
0.000534
0.000477
0.000531
0.000546
0.000577
0.000759
0.000932
0.000958
0.001017
0.001219
0.001359
0.001238
0.000883
0.000470
0.000148
-0.000123
-0.000467
-0.000795
-0.000894
-0.000827
-0.000817
-0.000829
-0.000739
-0.000713
-0.000907
-0.001113
-0.001110
-0.000991
-0.000882
-0.000691
-0.000305
0.000198
0.000664
0.001040
0.001363
0.001620
0.001674
0.001417
0.000964
0.000550
0.000278
0.000107
-0.000024
-0.000127
-0.000196
-0.000260
-0.000303
-0.000242
-0.000147
-0.000229
-0.000524
-0.000807
-0.000904
-0.000868
-0.000757
-0.000554
-0.000368
-0.000314
-0.000240
-0.000015
0.000197
0.000308
0.000405
0.000416
0.000308
0.000319
0.000514
0.000585
0.000272
-0.000356
-0.000954
-0.001110
-0.000714
-0.000180
0.000098
0.000393
0.001035
0.001629
0.001844
0.002027
0.002204
0.001924
0.001338
0.000896
0.000465
-0.000169
-0.000862
-0.001580
-0.002317
-0.002757
-0.002768
-0.002603
-0.002283
-0.001686
-0.001084
-0.000720
-0.000307
0.000331
0.000909
0.001241
0.001383
0.001359
0.001297
0.001322
0.001232
0.000915
0.000660
0.000542
0.000255
-0.000164
-0.000333
-0.000233
-0.000154
-0.000185
-0.000218
-0.000177
-0.000067
0.000015
-0.000062
-0.000296
-0.000551
-0.000702
-0.000705
-0.000587
-0.000414
-0.000248
-0.000120
0.000042
0.000350
0.000743
0.000978
0.000888
0.000567
0.000256
0.000096
-0.000003
-0.000181
-0.000372
-0.000379
-0.000174
0.000086
0.000269
0.000368
0.000411
0.000369
0.000175
-0.000176
-0.000552
-0.000835
-0.001089
-0.001344
-0.001369
-0.001012
-0.000486
-0.000054
0.000300
0.000702
0.001131
0.001381
0.001278
0.000925
0.000596
0.000408
0.000254
0.000046
-0.000095
-0.000044
0.000102
0.000210
0.000303
0.000371
0.000314
0.000112
-0.000131
-0.000299
-0.000406
-0.000623
-0.001052
-0.001485
-0.001570
-0.001266
-0.000885
-0.000619
-0.000359
-0.000010
0.000340
0.000652
0.001005
0.001336
0.001459
0.001332
0.001087
0.000873
0.000745
0.000587
0.000242
-0.000220
-0.000569
-0.000735
-0.000819
-0.000842
-0.000782
-0.000728
-0.000714
-0.000638
-0.000516
-0.000487
-0.000590
-0.000705
-0.000657
-0.000385
-0.000039
0.000250
0.000567
0.000952
0.001231
0.001303
0.001271
0.001207
0.001059
0.000832
0.000615
0.000426
0.000237
0.000052
-0.000150
-0.000339
-0.000406
-0.000378
-0.000404
-0.000485
-0.000607
-0.000910
-0.001364
-0.001665
-0.001730
-0.001720
-0.001509
-0.000911
-0.000247
0.000175
0.000583
0.001086
0.001301
0.001087
0.000841
0.000888
0.001097
0.001181
0.001110
0.001077
0.001126
0.001069
0.000820
0.000548
0.000373
0.000139
-0.000355
-0.000949
-0.001239
-0.001229
-0.001283
-0.001313
-0.000986
-0.000538
-0.000309
-0.000146
0.000031
0.000101
0.000146
0.000172
0.000027
-0.000144
-0.000151
-0.000124
-0.000111
0.000029
0.000213
0.000267
0.000277
0.000328
0.000320
0.000257
0.000184
-0.000031
-0.000363
-0.000505
-0.000376
-0.000218
-0.000105
0.000099
0.000420
0.000728
0.000857
0.000710
0.000397
0.000156
0.000045
-0.000090
-0.000278
-0.000411
-0.000467
-0.000420
-0.000234
-0.000010
0.000113
0.000088
-0.000086
-0.000272
-0.000291
-0.000248
-0.000367
-0.000610
-0.000782
-0.000752
-0.000412
0.000189
0.000728
0.001052
0.001376
0.001724
0.001780
0.001463
0.001009
0.000457
-0.000326
-0.001210
-0.001829
-0.001980
-0.001811
-0.001608
-0.001347
-0.000754
0.000050
0.000583
0.000750
0.000860
0.000950
0.000787
0.000408
0.000126
0.000104
0.000232
0.000315
0.000296
0.000316
0.000450
0.000506
0.000349
0.000129
-0.000040
-0.000236
-0.000491
-0.000668
-0.000647
-0.000500
-0.000404
-0.000402
-0.000347
-0.000115
0.000152
0.000193
0.000005
-0.000169
-0.000225
-0.000243
-0.000203
-0.000016
0.000210
0.000283
0.000262
0.000340
0.000507
0.000559
0.000429
0.000263
0.000172
0.000102
-0.000053
-0.000231
-0.000232
-0.000093
-0.000089
-0.000216
-0.000183
0.000056
0.000232
0.000204
0.000090
-0.000024
-0.000164
-0.000270
-0.000274
-0.000248
-0.000285
-0.000417
-0.000565
-0.000578
-0.000547
-0.000726
-0.000920
-0.000720
-0.000309
-0.000072
0.000184
0.000704
0.001250
0.001592
0.001739
0.001668
0.001391
0.001028
0.000612
0.000149
-0.000206
-0.000288
-0.000205
-0.000178
-0.000166
-0.000056
-0.000072
-0.000349
-0.000583
-0.000687
-0.000939
-0.001259
-0.001328
-0.001156
-0.000805
-0.000271
0.000185
0.000410
0.000683
0.000959
0.000801
0.000391
0.000229
0.000149
-0.000151
-0.000435
-0.000534
-0.000574
-0.000538
-0.000365
-0.000149
0.000137
0.000562
0.000866
0.000759
0.000468
0.000344
0.000250
-0.000006
-0.000179
-0.000125
-0.000060
0.000026
0.000321
0.000628
0.000642
0.000426
0.000182
0.000012
-0.000101
-0.000298
-0.000632
-0.000847
-0.000734
-0.000497
-0.000379
-0.000322
-0.000262
-0.000280
-0.000344
-0.000340
-0.000282
-0.000202
-0.000069
0.000057
0.000113
0.000211
0.000439
0.000656
0.000755
0.000833
0.000885
0.000703
0.000274
-0.000063
-0.000079
0.000019
-0.000055
-0.000236
-0.000281
-0.000186
-0.000157
-0.000269
-0.000397
-0.000460
-0.000492
-0.000484
-0.000388
-0.000266
-0.000198
-0.000077
0.000210
0.000518
0.000641
0.000604
0.000538
0.000465
0.000289
-0.000044
-0.000369
-0.000422
-0.000197
0.000086
0.000272
0.000325
0.000253
0.000119
0.000016
-0.000031
-0.000083
-0.000201
-0.000383
-0.000565
-0.000722
-0.000792
-0.000605
-0.000230
-0.000034
-0.000091
-0.000082
0.000140
0.000400
0.000492
0.000393
0.000248
0.000159
0.000159
0.000291
0.000411
0.000285
0.000044
-0.000041
-0.000057
-0.000153
-0.000177
-0.000032
0.000098
0.000092
0.000054
0.000091
0.000236
0.000440
0.000493
0.000285
0.000080
0.000072
0.000076
-0.000001
-0.000068
-0.000277
-0.000760
-0.001229
-0.001363
-0.001194
-0.000943
-0.000717
-0.000394
0.000126
0.000617
0.000782
0.000706
0.000708
0.000868
0.000960
0.000814
0.000550
0.000406
0.000388
0.000301
0.000120
0.000000
-0.000056
-0.000212
-0.000456
-0.000558
-0.000450
-0.000355
-0.000340
-0.000166
0.000239
0.000626
0.000794
0.000729
0.000496
0.000167
-0.000241
-0.000706
-0.001080
-0.001173
-0.000967
-0.000703
-0.000596
-0.000517
-0.000250
0.000077
0.000281
0.000498
0.000780
0.000841
0.000594
0.000328
0.000174
0.000049
-0.000022
-0.000022
-0.000033
-0.000046
-0.000006
0.000026
0.000021
0.000059
0.000097
-0.000007
-0.000181
-0.000235
-0.000217
-0.000244
-0.000208
-0.000047
0.000070
0.000080
0.000079
0.000111
0.000180
0.000265
0.000322
0.000322
0.000214
0.000034
-0.000041
0.000014
0.000042
0.000008
-0.000046
-0.000145
-0.000260
-0.000282
-0.000182
-0.000077
-0.000074
-0.000107
-0.000028
0.000130
0.000181
0.000083
-0.000060
-0.000221
-0.000416
-0.000526
-0.000438
-0.000268
-0.000181
-0.000135
-0.000043
0.000062
0.000151
0.000276
0.000442
0.000543
0.000514
0.000445
0.000424
0.000393
0.000300
0.000187
0.000085
-0.000004
-0.000094
-0.000176
-0.000197
-0.000134
-0.000074
-0.000113
-0.000214
-0.000273
-0.000279
-0.000281
-0.000271
-0.000220
-0.000164
-0.000128
-0.000055
0.000063
0.000134
0.000177
0.000289
0.000413
0.000415
0.000359
0.000398
0.000448
0.000308
-0.000013
-0.000396
-0.000741
-0.000902
-0.000859
-0.000762
-0.000591
-0.000332
-0.000221
-0.000222
-0.000010
0.000289
0.000305
0.000152
0.000133
0.000192
0.000187
0.000178
0.000210
0.000279
0.000395
0.000480
0.000484
0.000507
0.000578
0.000571
0.000480
0.000443
0.000436
0.000297
0.000112
0.000070
0.000013
-0.000260
-0.000532
-0.000593
-0.000584
-0.000663
-0.000837
-0.001030
-0.001049
-0.000859
-0.000693
-0.000568
-0.000266
0.000137
0.000357
0.000355
0.000367
0.000572
0.000826
0.000875
0.000755
0.000680
0.000702
0.000656
0.000420
0.000151
0.000049
-0.000002
-0.000197
-0.000448
-0.000600
-0.000671
-0.000640
-0.000424
-0.000126
0.000035
-0.000037
-0.000275
-0.000437
-0.000293
0.000008
0.000144
0.000120
0.000138
0.000222
0.000318
0.000434
0.000502
0.000394
0.000175
0.000045
0.000088
0.000203
0.000184
-0.000084
-0.000461
-0.000715
-0.000789
-0.000763
-0.000655
-0.000415
-0.000126
0.000032
0.000092
0.000241
0.000429
0.000449
0.000325
0.000242
0.000250
0.000255
0.000170
0.000048
0.000039
0.000139
0.000180
0.000169
0.000257
0.000367
0.000313
0.000117
-0.000072
-0.000155
-0.000135
-0.000084
-0.000083
-0.000174
-0.000317
-0.000392
-0.000331
-0.000228
-0.000204
-0.000217
-0.000153
-0.000006
0.000129
0.000142
-0.000004
-0.000210
-0.000333
-0.000322
-0.000210
-0.000051
0.000065
0.000122
0.000248
0.000468
0.000621
0.000654
0.000645
0.000558
0.000342
0.000108
-0.000019
-0.000060
-0.000111
-0.000193
-0.000279
-0.000400
-0.000515
-0.000486
-0.000364
-0.000348
-0.000452
-0.000565
-0.000646
-0.000633
-0.000449
-0.000158
0.000111
0.000298
0.000385
0.000414
0.000551
0.000843
0.001039
0.000956
0.000746
0.000613
0.000578
0.000516
0.000301
-0.000003
-0.000205
-0.000303
-0.000401
-0.000450
-0.000400
-0.000378
-0.000495
-0.000690
-0.000826
-0.000884
-0.000964
-0.001074
-0.001069
-0.000837
-0.000421
0.000020
0.000337
0.000557
0.000804
0.001009
0.000984
0.000785
0.000689
0.000804
0.000943
0.000922
0.000807
0.000735
0.000634
0.000386
0.000090
-0.000095
-0.000224
-0.000454
-0.000744
-0.000854
-0.000746
-0.000702
-0.000861
-0.000961
-0.000745
-0.000322
-0.000048
-0.000110
-0.000256
-0.000123
0.000152
0.000119
-0.000188
-0.000351
-0.000283
-0.000159
0.000010
0.000247
0.000452
0.000599
0.000739
0.000862
0.000958
0.000993
0.000870
0.000623
0.000413
0.000225
-0.000056
-0.000356
-0.000509
-0.000493
-0.000432
-0.000479
-0.000652
-0.000782
-0.000735
-0.000632
-0.000676
-0.000814
-0.000803
-0.000557
-0.000191
0.000180
0.000510
0.000760
0.000903
0.000923
0.000808
0.000627
0.000461
0.000264
-0.000017
-0.000246
-0.000221
0.000018
0.000201
0.000172
0.000061
0.000099
0.000275
0.000314
0.000081
-0.000238
-0.000479
-0.000668
-0.000797
-0.000771
-0.000586
-0.000346
-0.000143
0.000012
0.000171
0.000351
0.000486
0.000480
0.000331
0.000178
0.000144
0.000206
0.000262
0.000260
0.000202
0.000098
0.000010
0.000019
0.000095
0.000113
-0.000000
-0.000220
-0.000427
-0.000525
-0.000538
-0.000517
-0.000458
-0.000322
-0.000067
0.000235
0.000378
0.000304
0.000208
0.000205
0.000189
0.000112
0.000093
0.000170
0.000210
0.000137
0.000064
0.000086
0.000145
0.000166
0.000142
0.000063
-0.000031
-0.000067
-0.000091
-0.000214
-0.000405
-0.000498
-0.000452
-0.000399
-0.000415
-0.000423
-0.000344
-0.000225
-0.000133
-0.000021
0.000146
0.000278
0.000293
0.000278
0.000360
0.000492
0.000566
0.000585
0.000549
0.000427
0.000283
0.000204
0.000166
0.000095
-0.000008
-0.000094
-0.000194
-0.000316
-0.000366
-0.000345
-0.000327
-0.000276
-0.000193
-0.000168
-0.000183
-0.000193
-0.000259
-0.000354
-0.000323
-0.000138
0.000045
0.000098
0.000030
-0.000067
-0.000105
-0.000030
0.000145
0.000314
0.000409
0.000485
0.000535
0.000463
0.000333
0.000283
0.000275
0.000238
0.000195
0.000115
-0.000007
-0.000033
0.000038
-0.000010
-0.000191
-0.000312
-0.000345
-0.000384
-0.000402
-0.000371
-0.000415
-0.000587
-0.000687
-0.000579
-0.000388
-0.000244
-0.000145
-0.000080
-0.000039
0.000014
0.000058
0.000080
0.000176
0.000399
0.000664
0.000848
0.000884
0.000797
0.000659
0.000500
0.000361
0.000289
0.000223
0.000103
-0.000016
-0.000099
-0.000226
-0.000449
-0.000683
-0.000829
-0.000888
-0.000887
-0.000824
-0.000719
-0.000587
-0.000427
-0.000249
-0.000015
0.000281
0.000494
0.000539
0.000556
0.000674
0.000820
0.000890
0.000877
0.000782
0.000606
0.000421
0.000316
0.000251
0.000114
-0.000105
-0.000308
-0.000443
-0.000543
-0.000643
-0.000751
-0.000835
-0.000853
-0.000814
-0.000757
-0.000636
-0.000345
0.000047
0.000284
0.000297
0.000294
0.000390
0.000477
0.000425
0.000247
0.000089
0.000068
0.000143
0.000199
0.000152
0.000052
0.000054
0.000222
0.000394
0.000352
0.000096
-0.000135
-0.000135
0.000024
0.000116
0.000066
0.000010
0.000021
0.000001
-0.000091
-0.000163
-0.000206
-0.000283
-0.000380
-0.000425
-0.000371
-0.000271
-0.000226
-0.000199
-0.000111
-0.000031
-0.000001
0.000110
0.000340
0.000539
0.000595
0.000548
0.000492
0.000453
0.000397
0.000280
0.000096
-0.000096
-0.000204
-0.000198
-0.000139
-0.000128
-0.000192
-0.000261
-0.000313
-0.000408
-0.000554
-0.000701
-0.000782
-0.000702
-0.000483
-0.000267
-0.000056
0.000217
0.000469
0.000635
0.000766
0.000841
0.000805
0.000688
0.000525
0.000327
0.000143
0.000007
-0.000071
-0.000079
-0.000032
0.000031
0.000059
0.000008
-0.000143
-0.000377
-0.000629
-0.000819
-0.000889
-0.000817
-0.000629
-0.000394
-0.000185
0.000010
0.000244
0.000439
0.000484
0.000457
0.000502
0.000582
0.000562
0.000387
0.000169
0.000093
0.000164
0.000190
0.000116
0.000094
0.000164
0.000183
0.000091
-0.000059
-0.000227
-0.000393
-0.000548
-0.000701
-0.000776
-0.000654
-0.000395
-0.000179
-0.000028
0.000160
0.000360
0.000439
0.000363
0.000221
0.000071
-0.000113
-0.000301
-0.000372
-0.000311
-0.000220
-0.000112
0.000108
0.000449
0.000741
0.000799
0.000673
0.000558
0.000457
0.000254
-0.000010
-0.000211
-0.000332
-0.000426
-0.000526
-0.000600
-0.000603
-0.000558
-0.000498
-0.000342
-0.000046
0.000271
0.000476
0.000544
0.000518
0.000463
0.000434
0.000386
0.000206
-0.000036
-0.000142
-0.000143
-0.000222
-0.000351
-0.000397
-0.000390
-0.000399
-0.000377
-0.000285
-0.000139
0.000066
0.000326
0.000567
0.000666
0.000498
0.000099
-0.000257
-0.000357
-0.000311
-0.000295
-0.000251
-0.000087
0.000065
0.000064
-0.000022
-0.000065
-0.000007
0.000150
0.000311
0.000365
0.000321
0.000215
0.000024
-0.000167
-0.000188
-0.000008
0.000233
0.000349
0.000277
0.000167
0.000121
0.000007
-0.000240
-0.000445
-0.000507
-0.000533
-0.000564
-0.000500
-0.000296
-0.000080
-0.000055
-0.000214
-0.000283
-0.000100
0.000219
0.000491
0.000602
0.000541
0.000415
0.000361
0.000402
0.000433
0.000413
0.000414
0.000464
0.000456
0.000259
-0.000076
-0.000349
-0.000516
-0.000686
-0.000815
-0.000774
-0.000623
-0.000480
-0.000335
-0.000201
-0.000152
-0.000142
-0.000052
0.000117
0.000271
0.000333
0.000290
0.000208
0.000205
0.000329
0.000463
0.000439
0.000311
0.000311
0.000415
0.000324
0.000005
-0.000229
-0.000260
-0.000283
-0.000405
-0.000526
-0.000531
-0.000395
-0.000179
0.000022
0.000103
0.000008
-0.000153
-0.000188
-0.000065
0.000081
0.000167
0.000220
0.000266
0.000295
0.000287
0.000210
0.000041
-0.000147
-0.000225
-0.000191
-0.000107
0.000016
0.000094
0.000052
0.000048
0.000201
0.000312
0.000234
0.000138
0.000169
0.000211
0.000113
-0.000067
-0.000190
-0.000244
-0.000298
-0.000354
-0.000372
-0.000356
-0.000313
-0.000237
-0.000164
-0.000139
-0.000117
-0.000035
0.000083
0.000174
0.000223
0.000235
0.000210
0.000148
0.000098
0.000148
0.000297
0.000430
0.000443
0.000342
0.000226
0.000175
0.000124
-0.000017
-0.000182
-0.000289
-0.000370
-0.000410
-0.000309
-0.000121
-0.000017
-0.000013
-0.000000
-0.000004
-0.000128
-0.000286
-0.000324
-0.000282
-0.000259
-0.000237
-0.000189
-0.000123
-0.000035
0.000051
0.000093
0.000132
0.000238
0.000388
0.000468
0.000415
0.000334
0.000350
0.000398
0.000345
0.000226
0.000142
0.000060
-0.000084
-0.000193
-0.000167
-0.000104
-0.000135
-0.000258
-0.000388
-0.000429
-0.000346
-0.000220
-0.000158
-0.000166
-0.000168
-0.000097
0.000023
0.000087
0.000049
0.000001
0.000013
0.000010
-0.000095
-0.000223
-0.000179
0.000093
0.000368
0.000375
0.000157
0.000013
0.000101
0.000292
0.000366
0.000267
0.000135
0.000099
0.000118
0.000110
0.000103
0.000137
0.000133
0.000057
0.000006
-0.000025
-0.000115
-0.000193
-0.000208
-0.000280
-0.000449
-0.000560
-0.000521
-0.000425
-0.000348
-0.000238
-0.000033
0.000201
0.000314
0.000250
0.000143
0.000152
0.000222
0.000176
0.000013
-0.000041
0.000125
0.000307
0.000305
0.000209
0.000194
0.000249
0.000270
0.000249
0.000212
0.000111
-0.000054
-0.000207
-0.000335
-0.000470
-0.000560
-0.000519
-0.000384
-0.000278
-0.000249
-0.000236
-0.000158
-0.000022
0.000107
0.000180
0.000175
0.000135
0.000160
0.000259
0.000351
0.000401
0.000396
0.000299
0.000120
-0.000045
-0.000098
-0.000055
-0.000061
-0.000169
-0.000214
-0.000076
0.000069
0.000036
-0.000072
-0.000084
0.000007
0.000120
0.000160
0.000093
0.000006
-0.000033
-0.000079
-0.000194
-0.000363
-0.000505
-0.000536
-0.000437
-0.000266
-0.000076
0.000076
0.000149
0.000215
0.000367
0.000547
0.000624
0.000567
0.000428
0.000288
0.000211
0.000170
0.000079
-0.000084
-0.000226
-0.000263
-0.000227
-0.000205
-0.000231
-0.000279
-0.000309
-0.000300
-0.000279
-0.000286
-0.000302
-0.000268
-0.000184
-0.000115
-0.000089
-0.000025
0.000156
0.000384
0.000545
0.000653
0.000733
0.000703
0.000541
0.000370
0.000275
0.000144
-0.000144
-0.000458
-0.000565
-0.000473
-0.000371
-0.000369
-0.000448
-0.000524
-0.000480
-0.000324
-0.000195
-0.000122
-0.000012
0.000132
0.000183
0.000084
-0.000046
-0.000050
0.000091
0.000279
0.000410
0.000431
0.000404
0.000417
0.000438
0.000405
0.000357
0.000321
0.000234
0.000063
-0.000141
-0.000319
-0.000426
-0.000437
-0.000383
-0.000332
-0.000313
-0.000277
-0.000203
-0.000129
-0.000059
0.000021
0.000068
0.000042
0.000007
0.000050
0.000124
0.000126
0.000080
0.000065
0.000064
0.000042
0.000008
-0.000051
-0.000139
-0.000196
-0.000211
-0.000199
-0.000082
0.000143
0.000290
0.000252
0.000156
0.000125
0.000163
0.000289
0.000454
0.000461
0.000227
-0.000070
-0.000267
-0.000356
-0.000364
-0.000295
-0.000159
0.000003
0.000099
0.000060
-0.000090
-0.000265
-0.000369
-0.000352
-0.000255
-0.000155
-0.000079
-0.000024
0.000021
0.000067
0.000078
0.000027
0.000002
0.000091
0.000260
0.000411
0.000474
0.000449
0.000395
0.000350
0.000300
0.000224
0.000089
-0.000094
-0.000230
-0.000262
-0.000278
-0.000378
-0.000485
-0.000457
-0.000351
-0.000326
-0.000316
-0.000182
-0.000031
0.000009
0.000035
0.000144
0.000251
0.000254
0.000185
0.000155
0.000196
0.000219
0.000109
-0.000068
-0.000102
0.000034
0.000137
0.000093
-0.000021
-0.000096
-0.000095
-0.000036
0.000077
0.000203
0.000272
0.000287
0.000267
0.000137
-0.000066
-0.000112
0.000055
0.000136
-0.000055
-0.000277
-0.000294
-0.000270
-0.000398
-0.000527
-0.000457
-0.000291
-0.000236
-0.000251
-0.000165
0.000032
0.000215
0.000335
0.000411
0.000434
0.000390
0.000333
0.000314
0.000326
0.000336
0.000333
0.000314
0.000279
0.000241
0.000184
0.000043
-0.000206
-0.000468
-0.000637
-0.000716
-0.000766
-0.000769
-0.000687
-0.000523
-0.000298
-0.000115
-0.000102
-0.000142
-0.000000
0.000290
0.000508
0.000578
0.000580
0.000590
0.000624
0.000628
0.000554
0.000474
0.000457
0.000407
0.000236
0.000014
-0.000166
-0.000287
-0.000376
-0.000461
-0.000544
-0.000603
-0.000613
-0.000552
-0.000426
-0.000295
-0.000206
-0.000095
0.000069
0.000130
-0.000006
-0.000160
-0.000145
-0.000018
0.000095
0.000168
0.000182
0.000109
0.000049
0.000143
0.000336
0.000449
0.000440
0.000451
0.000532
0.000523
0.000392
0.000349
0.000378
0.000168
-0.000275
-0.000552
-0.000537
-0.000524
-0.000654
-0.000690
-0.000457
-0.000142
-0.000017
-0.000085
-0.000156
-0.000119
-0.000017
0.000051
0.000023
-0.000061
-0.000096
-0.000036
0.000066
0.000150
0.000191
0.000192
0.000195
0.000226
0.000243
0.000198
0.000108
0.000042
0.000023
0.000018
-0.000010
-0.000095
-0.000172
-0.000108
0.000044
0.000103
0.000035
-0.000066
-0.000104
-0.000009
0.000167
0.000245
0.000143
-0.000007
-0.000054
-0.000011
0.000061
0.000153
0.000212
0.000153
-0.000020
-0.000185
-0.000233
-0.000233
-0.000340
-0.000503
-0.000482
-0.000227
0.000030
0.000096
0.000031
0.000022
0.000134
0.000234
0.000232
0.000221
0.000267
0.000301
0.000223
0.000026
-0.000129
-0.000090
0.000045
0.000082
0.000014
-0.000047
-0.000057
-0.000048
-0.000069
-0.000109
-0.000095
-0.000014
0.000054
0.000054
-0.000022
-0.000127
-0.000147
-0.000075
-0.000068
-0.000159
-0.000182
-0.000046
0.000145
0.000215
0.000073
-0.000164
-0.000248
-0.000147
-0.000064
-0.000087
-0.000107
-0.000022
0.000179
0.000404
0.000521
0.000495
0.000354
0.000149
0.000001
-0.000012
0.000029
0.000030
0.000012
0.000011
0.000004
-0.000057
-0.000190
-0.000330
-0.000351
-0.000257
-0.000207
-0.000263
-0.000325
-0.000333
-0.000285
-0.000172
-0.000041
0.000039
0.000113
0.000240
0.000313
0.000255
0.000198
0.000251
0.000336
0.000379
0.000400
0.000384
0.000295
0.000175
0.000080
0.000013
-0.000029
-0.000065
-0.000136
-0.000248
-0.000389
-0.000544
-0.000629
-0.000555
-0.000373
-0.000204
-0.000075
0.000022
0.000040
-0.000016
-0.000027
0.000100
0.000282
0.000362
0.000352
0.000361
0.000336
0.000181
-0.000008
-0.000044
0.000048
0.000046
-0.000127
-0.000300
-0.000335
-0.000263
-0.000164
-0.000092
-0.000071
-0.000037
0.000096
0.000271
0.000342
0.000286
0.000188
0.000101
0.000076
0.000137
0.000201
0.000186
0.000140
0.000106
0.000010
-0.000164
-0.000290
-0.000343
-0.000414
-0.000461
-0.000400
-0.000293
-0.000229
-0.000168
-0.000062
0.000014
0.000026
0.000096
0.000279
0.000398
0.000334
0.000222
0.000205
0.000248
0.000317
0.000377
0.000297
0.000032
-0.000238
-0.000290
-0.000121
0.000020
-0.000069
-0.000291
-0.000421
-0.000405
-0.000354
-0.000347
-0.000312
-0.000154
0.000050
0.000189
0.000301
0.000434
0.000502
0.000441
0.000305
0.000189
0.000157
0.000174
0.000110
-0.000067
-0.000220
-0.000243
-0.000176
-0.000090
-0.000031
-0.000031
-0.000054
-0.000036
0.000003
-0.000034
-0.000179
-0.000301
-0.000232
-0.000020
0.000107
0.000072
0.000009
-0.000019
-0.000045
-0.000061
-0.000066
-0.000095
-0.000097
0.000013
0.000200
0.000330
0.000315
0.000209
0.000102
-0.000034
-0.000215
-0.000308
-0.000266
-0.000217
-0.000199
-0.000118
0.000008
0.000052
0.000014
0.000039
0.000203
0.000409
0.000523
0.000487
0.000333
0.000141
-0.000060
-0.000261
-0.000355
-0.000287
-0.000179
-0.000149
-0.000134
-0.000040
0.000046
-0.000000
-0.000080
-0.000030
0.000103
0.000156
0.000100
0.000021
-0.000058
-0.000133
-0.000143
-0.000043
0.000129
0.000260
0.000250
0.000132
-0.000032
-0.000260
-0.000460
-0.000454
-0.000289
-0.000170
-0.000122
-0.000045
0.000041
0.000065
0.000080
0.000191
0.000364
0.000430
0.000309
0.000143
0.000110
0.000186
0.000219
0.000145
0.000029
-0.000057
-0.000121
-0.000191
-0.000215
-0.000138
-0.000019
0.000029
0.000008
0.000001
-0.000002
-0.000083
-0.000208
-0.000262
-0.000237
-0.000188
-0.000124
-0.000058
-0.000023
-0.000017
-0.000018
-0.000016
0.000015
0.000089
0.000157
0.000179
0.000204
0.000272
0.000310
0.000220
0.000005
-0.000163
-0.000116
0.000030
0.000027
-0.000098
-0.000146
-0.000057
0.000078
0.000109
-0.000040
-0.000201
-0.000161
-0.000006
0.000050
0.000033
0.000073
0.000120
0.000063
-0.000040
-0.000058
0.000003
0.000034
-0.000014
-0.000085
-0.000098
-0.000054
-0.000038
-0.000098
-0.000178
-0.000200
-0.000134
-0.000042
0.000000
0.000036
0.000134
0.000225
0.000224
0.000178
0.000142
0.000133
0.000199
0.000329
0.000380
0.000265
0.000104
0.000026
-0.000014
-0.000099
-0.000217
-0.000335
-0.000435
-0.000453
-0.000337
-0.000164
-0.000074
-0.000092
-0.000140
-0.000183
-0.000230
-0.000232
-0.000154
-0.000056
0.000056
0.000248
0.000428
0.000402
0.000216
0.000106
0.000138
0.000205
0.000267
0.000334
0.000351
0.000264
0.000099
-0.000028
-0.000044
-0.000058
-0.000193
-0.000357
-0.000399
-0.000342
-0.000296
-0.000269
-0.000207
-0.000126
-0.000052
0.000026
0.000081
0.000057
-0.000000
0.000035
0.000149
0.000181
0.000127
0.000140
0.000214
0.000197
0.000067
-0.000052
-0.000073
-0.000020
0.000019
0.000007
0.000030
0.000153
0.000249
0.000186
0.000057
-0.000038
-0.000155
-0.000282
-0.000285
-0.000166
-0.000088
-0.000117
-0.000148
-0.000095
0.000011
0.000084
0.000057
-0.000033
-0.000054
0.000027
0.000057
-0.000045
-0.000129
-0.000074
0.000016
0.000044
0.000078
0.000156
0.000209
0.000208
0.000171
0.000097
0.000008
-0.000041
-0.000056
-0.000092
-0.000118
-0.000052
0.000074
0.000158
0.000161
0.000105
0.000053
0.000014
-0.000079
-0.000177
-0.000162
-0.000105
-0.000189
-0.000402
-0.000505
-0.000388
-0.000232
-0.000179
-0.000130
0.000043
0.000297
0.000484
0.000534
0.000511
0.000479
0.000413
0.000274
0.000093
-0.000043
-0.000071
0.000020
0.000178
0.000267
0.000204
0.000061
-0.000103
-0.000315
-0.000544
-0.000669
-0.000623
-0.000468
-0.000332
-0.000245
-0.000123
0.000044
0.000168
0.000224
0.000261
0.000311
0.000392
0.000457
0.000367
0.000125
-0.000041
-0.000049
-0.000060
-0.000140
-0.000222
-0.000284
-0.000288
-0.000171
0.000026
0.000166
0.000141
0.000018
-0.000044
-0.000031
-0.000041
-0.000082
-0.000084
-0.000024
0.000043
0.000057
0.000052
0.000114
0.000233
0.000263
0.000109
-0.000086
-0.000092
0.000038
0.000045
-0.000081
-0.000101
0.000020
0.000069
-0.000024
-0.000074
0.000042
0.000197
0.000206
0.000063
-0.000114
-0.000276
-0.000362
-0.000244
0.000004
0.000134
0.000100
0.000027
-0.000042
-0.000080
-0.000025
0.000067
0.000076
0.000010
-0.000045
-0.000089
-0.000144
-0.000158
-0.000123
-0.000097
-0.000045
0.000088
0.000233
0.000295
0.000254
0.000130
-0.000007
-0.000083
-0.000099
-0.000067
0.000025
0.000139
0.000193
0.000169
0.000137
0.000117
0.000070
-0.000012
-0.000126
-0.000232
-0.000220
-0.000119
-0.000093
-0.000150
-0.000152
-0.000071
-0.000007
0.000009
0.000028
0.000057
0.000072
0.000066
0.000051
0.000038
0.000027
0.000018
0.000016
0.000031
0.000064
0.000069
0.000018
-0.000002
0.000038
0.000039
-0.000002
0.000001
-0.000008
-0.000134
-0.000301
-0.000365
-0.000272
-0.000092
0.000039
0.000089
0.000138
0.000214
0.000269
0.000273
0.000234
0.000190
0.000161
0.000107
-0.000031
-0.000201
-0.000266
-0.000199
-0.000124
-0.000109
-0.000062
0.000080
0.000198
0.000143
-0.000042
-0.000194
-0.000229
-0.000217
-0.000249
-0.000288
-0.000225
-0.000067
0.000061
0.000117
0.000192
0.000327
0.000420
0.000382
0.000266
0.000199
0.000225
0.000266
0.000222
0.000066
-0.000152
-0.000320
-0.000313
-0.000146
0.000020
0.000120
0.000191
0.000161
-0.000017
-0.000215
-0.000346
-0.000438
-0.000485
-0.000453
-0.000322
-0.000093
0.000140
0.000215
0.000103
-0.000028
-0.000020
0.000081
0.000117
0.000046
-0.000036
-0.000072
-0.000054
0.000033
0.000128
0.000150
0.000152
0.000223
0.000309
0.000296
0.000201
0.000133
0.000096
0.000017
-0.000060
-0.000037
0.000034
0.000028
-0.000068
-0.000161
-0.000180
-0.000111
-0.000026
-0.000033
-0.000100
-0.000099
-0.000035
-0.000073
-0.000285
-0.000494
-0.000490
-0.000261
0.000060
0.000322
0.000409
0.000319
0.000193
0.000130
0.000088
0.000084
0.000195
0.000304
0.000238
0.000086
0.000017
0.000004
-0.000051
-0.000121
-0.000127
-0.000114
-0.000186
-0.000268
-0.000197
-0.000028
0.000045
-0.000006
-0.000043
-0.000006
0.000037
0.000031
-0.000005
-0.000031
-0.000031
-0.000017
-0.000014
-0.000053
-0.000131
-0.000160
-0.000043
0.000163
0.000267
0.000222
0.000185
0.000221
0.000183
-0.000024
-0.000253
-0.000301
-0.000189
-0.000114
-0.000166
-0.000234
-0.000184
-0.000018
0.000153
0.000264
0.000337
0.000374
0.000335
0.000248
0.000212
0.000211
0.000116
-0.000085
-0.000235
-0.000241
-0.000167
-0.000100
-0.000089
-0.000152
-0.000246
-0.000289
-0.000235
-0.000112
-0.000027
-0.000075
-0.000193
-0.000216
-0.000097
0.000038
0.000109
0.000157
0.000218
0.000270
0.000284
0.000242
0.000153
0.000042
-0.000087
-0.000209
-0.000235
-0.000113
0.000069
0.000181
0.000197
0.000146
0.000060
0.000029
0.000115
0.000207
0.000183
0.000117
0.000101
0.000053
-0.000105
-0.000305
-0.000442
-0.000473
-0.000401
-0.000260
-0.000124
-0.000031
0.000047
0.000111
0.000116
0.000058
-0.000014
-0.000042
0.000003
0.000090
0.000129
0.000108
0.000134
0.000243
0.000361
0.000429
0.000388
0.000207
-0.000013
-0.000147
-0.000201
-0.000227
-0.000222
-0.000167
-0.000075
0.000013
0.000045
0.000007
-0.000068
-0.000153
-0.000211
-0.000242
-0.000323
-0.000465
-0.000522
-0.000380
-0.000123
0.000036
0.000040
0.000075
0.000256
0.000441
0.000492
0.000451
0.000390
0.000344
0.000346
0.000365
0.000298
0.000153
0.000058
0.000062
0.000058
-0.000024
-0.000127
-0.000194
-0.000245
-0.000301
-0.000310
-0.000247
-0.000222
-0.000308
-0.000379
-0.000304
-0.000143
-0.000043
-0.000059
-0.000094
-0.000005
0.000200
0.000339
0.000329
0.000270
0.000223
0.000171
0.000130
0.000095
0.000047
0.000034
0.000070
0.000066
-0.000048
-0.000219
-0.000322
-0.000283
-0.000175
-0.000111
-0.000097
-0.000053
0.000028
0.000044
-0.000033
-0.000100
-0.000127
-0.000189
-0.000232
-0.000113
0.000124
0.000298
0.000340
0.000307
0.000258
0.000221
0.000224
0.000223
0.000172
0.000169
0.000245
0.000236
0.000074
-0.000075
-0.000063
0.000041
0.000038
-0.000107
-0.000229
-0.000237
-0.000211
-0.000243
-0.000284
-0.000253
-0.000203
-0.000197
-0.000204
-0.000231
-0.000298
-0.000356
-0.000352
-0.000273
-0.000133
0.000035
0.000223
0.000409
0.000482
0.000382
0.000210
0.000112
0.000142
0.000237
0.000294
0.000289
0.000286
0.000329
0.000383
0.000333
0.000093
-0.000195
-0.000298
-0.000204
-0.000065
0.000011
-0.000025
-0.000161
-0.000302
-0.000396
-0.000477
-0.000528
-0.000483
-0.000354
-0.000213
-0.000103
-0.000015
0.000067
0.000124
0.000121
0.000075
0.000058
0.000144
0.000330
0.000494
0.000539
0.000516
0.000491
0.000396
0.000171
-0.000049
-0.000120
-0.000049
0.000089
0.000148
-0.000025
-0.000316
-0.000439
-0.000352
-0.000272
-0.000323
-0.000411
-0.000401
-0.000293
-0.000215
-0.000218
-0.000183
-0.000021
0.000172
0.000286
0.000318
0.000301
0.000259
0.000208
0.000150
0.000093
0.000050
0.000064
0.000161
0.000265
0.000259
0.000131
0.000002
-0.000020
0.000036
0.000045
-0.000047
-0.000144
-0.000159
-0.000158
-0.000210
-0.000284
-0.000319
-0.000285
-0.000206
-0.000158
-0.000138
-0.000066
0.000069
0.000180
0.000186
0.000102
0.000052
0.000118
0.000242
0.000307
0.000286
0.000260
0.000260
0.000232
0.000144
0.000027
-0.000055
-0.000065
-0.000047
-0.000054
-0.000110
-0.000256
-0.000434
-0.000467
-0.000336
-0.000222
-0.000181
-0.000084
0.000087
0.000195
0.000165
0.000056
-0.000042
-0.000060
0.000039
0.000186
0.000213
0.000061
-0.000113
-0.000119
0.000014
0.000109
0.000101
0.000093
0.000151
0.000178
0.000091
0.000008
0.000041
0.000073
-0.000015
-0.000126
-0.000134
-0.000087
-0.000080
-0.000131
-0.000189
-0.000162
-0.000005
0.000179
0.000216
0.000072
-0.000090
-0.000093
0.000064
0.000214
0.000215
0.000101
0.000011
-0.000011
-0.000048
-0.000144
-0.000206
-0.000151
-0.000050
-0.000003
0.000018
0.000062
0.000084
