5120
-0.000029
-0.000158
-0.000222
-0.000138
0.000001
0.000107
0.000139
0.000042
-0.000143
-0.000207
-0.000066
0.000068
0.000051
0.000050
0.000161
0.000169
-0.000033
-0.000162
-0.000048
0.000056
-0.000022
-0.000060
0.000102
0.000203
0.000028
-0.000108
0.000093
0.000303
0.000147
-0.000125
-0.000109
0.000067
0.000043
-0.000166
-0.000292
-0.000269
-0.000219
-0.000196
-0.000152
-0.000055
0.000090
0.000246
0.000317
0.000237
0.000117
0.000125
0.000212
0.000149
-0.000102
-0.000212
0.000048
0.000343
0.000242
-0.000084
-0.000185
-0.000102
-0.000229
-0.000491
-0.000386
0.000049
0.000152
-0.000220
-0.000405
-0.000076
0.000243
0.000159
0.000019
0.000162
0.000312
0.000182
0.000026
0.000141
0.000369
0.000391
0.000172
-0.000078
-0.000196
-0.000182
-0.000085
-0.000009
-0.000160
-0.000505
-0.000588
-0.000193
0.000180
0.000116
-0.000010
0.000176
0.000295
-0.000001
-0.000279
-0.000099
0.000168
0.000016
-0.000292
-0.000221
0.000124
0.000264
0.000160
0.000177
0.000386
0.000417
0.000118
-0.000142
-0.000088
0.000042
-0.000030
-0.000165
-0.000129
-0.000023
-0.000040
-0.000087
-0.000048
-0.000075
-0.000215
-0.000157
0.000207
0.000399
0.000116
-0.000185
-0.000118
-0.000024
-0.000192
-0.000270
-0.000032
0.000112
-0.000107
-0.000268
-0.000011
0.000275
0.000144
-0.000096
0.000000
0.000197
0.000131
-0.000012
0.000052
0.000170
0.000113
-0.000000
0.000013
0.000051
-0.000022
-0.000092
-0.000027
0.000063
-0.000038
-0.000282
-0.000315
-0.000028
0.000207
0.000190
0.000185
0.000244
0.000042
-0.000342
-0.000374
-0.000030
0.000124
-0.000015
0.000052
0.000367
0.000381
0.000005
-0.000194
0.000008
0.000134
-0.000122
-0.000381
-0.000257
0.000022
0.000084
0.000024
0.000079
0.000121
-0.000037
-0.000205
-0.000159
-0.000065
-0.000140
-0.000193
0.000015
0.000259
0.000206
-0.000022
-0.000097
-0.000022
-0.000015
-0.000028
0.000132
0.000297
0.000157
-0.000090
-0.000045
0.000150
0.000094
-0.000168
-0.000296
-0.000214
-0.000147
-0.000140
0.000016
0.000311
0.000428
0.000246
0.000003
-0.000098
-0.000090
-0.000023
0.000135
0.000301
0.000272
0.000043
-0.000116
-0.000086
-0.000090
-0.000255
-0.000329
-0.000117
0.000095
-0.000001
-0.000199
-0.000178
-0.000057
-0.000085
-0.000147
-0.000049
0.000058
-0.000002
-0.000048
0.000071
0.000151
0.000058
0.000005
0.000112
0.000176
0.000095
0.000078
0.000225
0.000334
0.000256
0.000091
-0.000028
-0.000132
-0.000269
-0.000314
-0.000186
-0.000078
-0.000145
-0.000194
-0.000042
0.000121
0.000084
-0.000012
0.000036
0.000177
0.000217
0.000119
0.000040
0.000034
-0.000043
-0.000199
-0.000203
-0.000012
0.000069
-0.000062
-0.000102
0.000008
-0.000036
-0.000214
-0.000202
-0.000029
0.000029
0.000016
0.000130
0.000317
0.000384
0.000290
0.000136
-0.000006
-0.000160
-0.000325
-0.000364
-0.000179
0.000052
0.000086
0.000038
0.000165
0.000320
0.000187
-0.000114
-0.000231
-0.000181
-0.000187
-0.000187
-0.000051
0.000063
0.000031
0.000022
0.000099
0.000049
-0.000129
-0.000120
0.000127
0.000263
0.000141
0.000068
0.000221
0.000333
0.000180
-0.000037
-0.000068
-0.000018
-0.000083
-0.000188
-0.000176
-0.000114
-0.000175
-0.000312
-0.000281
-0.000034
0.000134
0.000054
-0.000006
0.000127
0.000181
-0.000022
-0.000195
-0.000095
0.000088
0.000107
0.000029
0.000041
0.000146
0.000238
0.000272
0.000195
-0.000014
-0.000146
-0.000001
0.000167
-0.000034
-0.000431
-0.000506
-0.000259
-0.000132
-0.000173
-0.000057
0.000208
0.000314
0.000201
0.000084
0.000103
0.000155
0.000065
-0.000096
-0.000105
0.000010
0.000053
0.000019
0.000039
0.000109
0.000096
-0.000009
0.000005
0.000207
0.000279
-0.000002
-0.000343
-0.000374
-0.000208
-0.000138
-0.000153
-0.000130
-0.000080
0.000013
0.000156
0.000169
-0.000008
-0.000096
0.000046
0.000119
-0.000053
-0.000179
-0.000025
0.000192
0.000213
0.000090
0.000016
0.000039
0.000055
0.000037
0.000080
0.000153
0.000075
-0.000151
-0.000261
-0.000123
0.000052
0.000056
-0.000001
0.000082
0.000221
0.000162
-0.000092
-0.000274
-0.000222
-0.000045
0.000063
0.000052
-0.000060
-0.000323
-0.000504
-0.000179
0.000374
0.000442
0.000085
-0.000051
0.000143
0.000212
-0.000018
-0.000202
-0.000054
0.000231
0.000232
-0.000064
-0.000240
-0.000078
0.000174
0.000233
0.000112
0.000014
0.000047
0.000086
-0.000030
-0.000216
-0.000258
-0.000164
-0.000121
-0.000163
-0.000151
-0.000035
0.000071
0.000045
-0.000081
-0.000134
-0.000032
0.000077
0.000068
0.000034
0.000045
0.000023
0.000007
0.000133
0.000309
0.000310
0.000149
0.000036
0.000047
0.000062
-0.000001
-0.000074
-0.000131
-0.000222
-0.000242
-0.000046
0.000180
0.000128
-0.000101
-0.000157
-0.000031
0.000013
-0.000080
-0.000135
-0.000048
0.000099
0.000145
0.000061
-0.000030
-0.000032
0.000026
0.000035
-0.000075
-0.000229
-0.000267
-0.000103
0.000118
0.000148
0.000023
0.000028
0.000179
0.000184
-0.000003
-0.000068
0.000116
0.000259
0.000149
0.000003
0.000057
0.000140
0.000005
-0.000200
-0.000184
-0.000042
-0.000042
-0.000118
-0.000035
0.000137
0.000150
0.000016
-0.000061
-0.000060
-0.000110
-0.000196
-0.000194
-0.000143
-0.000178
-0.000224
-0.000070
0.000208
0.000313
0.000244
0.000214
0.000158
-0.000078
-0.000295
-0.000221
0.000044
0.000152
-0.000015
-0.000168
-0.000064
0.000106
0.000064
-0.000068
-0.000008
0.000154
0.000151
0.000066
0.000118
0.000048
-0.001057
-0.003069
-0.002640
0.002328
0.006397
0.003495
-0.002234
-0.002231
0.002688
0.003831
-0.001133
-0.004798
-0.002204
0.001845
0.001032
-0.002814
-0.003349
0.000144
0.002157
-0.000041
-0.002545
-0.001385
0.001581
0.002108
0.000075
-0.000888
0.000650
0.002003
0.000971
-0.000776
-0.000594
0.000990
0.001327
-0.000064
-0.000953
-0.000160
0.000745
0.000219
-0.000819
-0.000627
0.000452
0.000581
-0.000466
-0.001016
-0.000380
0.000209
-0.000073
-0.000466
-0.000299
0.000005
0.000008
-0.000121
-0.000122
0.000056
0.000299
0.000380
0.000198
0.000013
0.000196
0.000519
0.000320
-0.000226
-0.000133
0.000598
0.000715
-0.000198
-0.000912
-0.000478
0.000310
0.000201
-0.000530
-0.000611
0.000004
0.000165
-0.000344
-0.000532
0.000089
0.000776
0.000565
-0.000289
-0.000475
0.000274
0.000596
-0.000178
-0.000791
-0.000176
0.000677
0.000477
-0.000097
0.000099
0.000490
0.000193
-0.000304
-0.000300
0.000179
0.000443
-0.000358
-0.001349
-0.000611
0.001214
0.001362
-0.000625
-0.001845
-0.000440
0.001527
0.001316
-0.000612
-0.001506
-0.000187
0.001473
0.001075
-0.000984
-0.001693
0.000099
0.001546
0.000340
-0.001472
-0.001089
0.000663
0.001231
-0.000017
-0.001191
-0.000385
0.001107
0.000792
-0.000596
-0.000861
-0.000003
0.000775
0.000844
0.000278
-0.000373
-0.000329
0.000568
0.001003
0.000082
-0.000915
-0.000735
0.000311
0.001096
0.000391
-0.001262
-0.001450
0.000136
0.001146
0.000442
-0.000938
-0.001182
0.000247
0.001144
-0.000131
-0.001603
-0.000741
0.001380
0.001269
-0.001160
-0.001827
0.000633
0.002728
0.001626
-0.001302
-0.002124
0.000898
0.003494
0.000525
-0.004454
-0.003253
0.002968
0.004160
-0.001987
-0.005119
0.000123
0.004674
0.001279
-0.003808
-0.002405
0.002875
0.003746
-0.000739
-0.003664
-0.001284
0.003073
0.003975
-0.000605
-0.005162
-0.002167
0.005060
0.005203
-0.002578
-0.006302
-0.000513
0.005111
0.001813
-0.004102
-0.002844
0.002345
0.002670
-0.001344
-0.002751
0.000306
0.002799
0.000981
-0.002701
-0.002987
0.001399
0.003868
-0.000629
-0.004837
-0.000991
0.005188
0.003869
-0.003218
-0.004666
0.001932
0.005020
-0.000659
-0.005052
-0.000594
0.005083
0.002417
-0.003987
-0.003350
0.003277
0.004475
-0.002195
-0.005178
0.000867
0.005285
0.000291
-0.005523
-0.002505
0.003942
0.003530
-0.002288
-0.003970
0.000483
0.003317
0.000392
-0.002847
-0.001050
0.002574
0.001786
-0.002281
-0.002844
0.001051
0.003160
0.000740
-0.001701
-0.000465
0.001687
0.000915
-0.001178
-0.001188
0.000129
0.000362
-0.000247
-0.000479
-0.000381
0.000135
0.001167
0.000919
-0.001272
-0.001611
0.001829
0.003179
-0.001364
-0.004301
0.000039
0.004027
0.000924
-0.003105
-0.001299
0.002179
0.001330
-0.001386
-0.001129
0.000607
0.000395
-0.000522
-0.000210
0.000061
-0.000376
-0.000168
0.000403
0.000099
-0.000021
0.000675
0.000464
-0.000909
-0.001244
0.000292
0.001392
0.000478
-0.000226
0.000559
0.000455
-0.000965
-0.001326
-0.000127
0.000696
-0.000425
-0.001260
0.000980
0.002698
0.000230
-0.001964
0.000113
0.002174
-0.000157
-0.003145
-0.001692
0.001673
0.001686
-0.000853
-0.001044
0.001467
0.001978
-0.000362
-0.001736
-0.000823
0.000629
0.000476
-0.001343
-0.001572
0.000871
0.002536
0.001342
-0.000931
-0.001702
-0.000366
0.001042
0.000587
-0.000562
-0.000481
0.000060
-0.000254
-0.000095
0.000991
0.000326
-0.001806
-0.001715
0.000522
0.001390
0.000253
-0.000359
0.000339
0.000758
0.000457
0.000826
0.001067
-0.000927
-0.002204
-0.000336
0.000738
-0.000145
0.000191
0.001060
-0.000042
-0.001581
-0.000668
0.001627
0.001470
-0.001197
-0.002067
-0.000023
0.001639
0.001195
-0.000029
-0.000540
-0.000628
-0.000652
0.000346
0.001520
0.000352
-0.002116
-0.001939
0.000822
0.001766
0.000025
-0.000796
-0.000078
-0.000144
-0.000524
0.000455
0.001688
0.001107
-0.001221
-0.002570
-0.000561
0.002317
0.001661
-0.001062
-0.001065
0.000475
-0.000357
-0.001032
0.001471
0.002523
-0.000803
-0.002792
-0.000469
0.001691
0.001701
0.000845
-0.000871
-0.002047
-0.001189
0.000253
0.000912
0.000451
-0.000765
-0.000821
0.001055
0.002609
0.001059
-0.002499
-0.002974
0.000283
0.001497
-0.001012
-0.002186
0.000562
0.003381
0.002488
-0.000460
-0.001451
0.000095
0.000546
-0.001740
-0.002458
0.000983
0.002993
-0.000723
-0.004067
-0.000510
0.005036
0.003839
-0.002551
-0.004431
0.000445
0.003171
-0.000068
-0.002236
-0.000173
0.001033
-0.000484
-0.000756
0.001037
0.001322
-0.000352
-0.001115
-0.000218
0.000215
-0.000804
-0.000617
0.001682
0.001860
-0.001215
-0.002352
0.000212
0.001642
-0.000044
-0.001001
0.000185
0.000797
0.000288
0.000449
0.001093
0.000226
-0.001636
-0.001018
0.001707
0.001312
-0.002299
-0.003068
0.000088
0.002178
0.001198
-0.000237
-0.000370
-0.000074
-0.000419
-0.001098
-0.000551
0.001189
0.001203
-0.000778
-0.001080
0.001304
0.002877
0.000571
-0.002995
-0.002269
0.001927
0.002977
-0.000776
-0.003354
-0.000681
0.003268
0.002497
-0.001967
-0.003580
-0.000739
0.001741
0.000957
-0.001192
-0.001410
0.000633
0.001637
-0.000132
-0.001926
-0.000768
0.002013
0.002673
0.000463
-0.001462
-0.000596
0.001272
0.000387
-0.001991
-0.000955
0.001970
0.001669
-0.000887
-0.002080
-0.000831
0.001575
0.001610
-0.001464
-0.002871
-0.000221
0.002733
0.001914
-0.001616
-0.002501
0.000683
0.002851
0.001091
-0.001739
-0.002318
-0.000782
0.000507
0.000539
0.000254
0.000217
0.000197
-0.000117
-0.000542
0.000526
0.002737
0.002004
-0.001552
-0.002230
0.000513
0.001741
0.000687
0.000034
0.000027
-0.000456
-0.001149
-0.001118
-0.000535
-0.000371
-0.000957
-0.001494
-0.000926
0.000302
0.000761
0.000571
0.000376
-0.000471
-0.001039
0.000650
0.002379
0.000778
-0.001679
-0.000900
0.001053
0.000787
0.000456
0.001880
0.001984
-0.000520
-0.002110
-0.000655
0.001070
0.000051
-0.002130
-0.001811
0.001185
0.003009
0.001387
-0.000503
-0.000084
-0.000289
-0.002308
-0.002548
-0.000092
0.001092
-0.001000
-0.001673
0.002038
0.003907
0.000173
-0.003090
-0.001601
0.001316
0.001694
-0.000515
-0.002473
-0.001419
0.001922
0.003282
0.000908
-0.001327
-0.000802
0.000069
-0.000776
-0.001843
-0.000321
0.002753
0.002281
-0.001697
-0.002747
0.001020
0.003902
0.002097
-0.000918
-0.001728
-0.001778
-0.001607
0.000036
0.001679
0.001334
-0.000809
-0.002714
-0.000800
0.003656
0.003469
-0.002143
-0.005833
-0.003494
0.001869
0.004624
0.002587
-0.000178
-0.000054
-0.000239
-0.002870
-0.002831
0.001661
0.003488
-0.000800
-0.003773
0.000078
0.004355
0.001874
-0.003521
-0.003917
0.001102
0.005042
0.003263
-0.001594
-0.003610
-0.001345
0.001131
0.000836
-0.000043
0.000318
-0.000573
-0.002525
-0.000675
0.003887
0.003621
-0.001702
-0.003969
-0.000224
0.003594
0.002230
-0.002230
-0.004186
-0.001480
0.002706
0.003601
0.000489
-0.002504
-0.002217
-0.000204
0.000482
-0.000417
-0.000945
-0.000286
0.000309
0.000167
0.000981
0.003063
0.002722
-0.001472
-0.004376
-0.001680
0.002644
0.002431
-0.000930
-0.002126
-0.000598
0.000504
0.000358
0.000806
0.001377
0.000185
-0.001011
0.000337
0.002044
0.000330
-0.002672
-0.001502
0.001984
0.001390
-0.001908
-0.002060
0.000287
0.000711
-0.000832
-0.000635
0.001589
0.001062
-0.002565
-0.002522
0.002319
0.004397
0.000552
-0.003135
-0.001354
0.002263
0.001578
-0.001558
-0.001440
0.001172
0.001597
-0.000403
-0.001473
-0.000334
0.001011
0.000256
-0.001978
-0.002702
-0.000370
0.002959
0.003361
0.000045
-0.002727
-0.001374
0.002120
0.002971
-0.000006
-0.002822
-0.002759
-0.001091
0.001104
0.002497
0.000994
-0.001924
-0.002056
0.001267
0.003717
0.002038
-0.001802
-0.003859
-0.002271
0.001361
0.003167
0.001486
-0.001051
-0.001328
0.000441
0.001184
-0.000758
-0.002921
-0.001992
0.001686
0.004019
0.002450
-0.000427
-0.001551
-0.001613
-0.002123
-0.002028
0.000368
0.003220
0.003098
0.000669
-0.000857
-0.001382
-0.002410
-0.002504
-0.000495
0.001073
0.000769
0.000403
0.000809
0.001100
0.001168
0.001215
0.000687
-0.000521
-0.001776
-0.002020
-0.000715
0.000235
-0.000399
-0.000099
0.002057
0.002723
0.000377
-0.001979
-0.001906
-0.001130
-0.001590
-0.001750
-0.000179
0.002110
0.003732
0.003581
0.001590
-0.000560
-0.001461
-0.001673
-0.001833
-0.000985
0.000512
0.000793
0.000538
0.001174
0.001173
-0.000760
-0.002661
-0.002548
-0.000817
0.001028
0.001522
0.000680
-0.000154
-0.000019
0.000523
-0.000426
-0.001993
-0.001066
0.001318
0.001940
0.001051
0.000455
0.000036
-0.000858
-0.001483
-0.000922
0.000159
0.000607
0.001108
0.002065
0.001714
-0.000083
-0.001495
-0.002179
-0.002220
-0.000695
0.001636
0.002010
0.000360
-0.000156
0.001043
0.001074
-0.000846
-0.002574
-0.003058
-0.002031
0.000846
0.003427
0.002951
0.000338
-0.001453
-0.001430
-0.000774
-0.000409
0.000037
0.000789
0.001132
0.000804
0.000395
0.000320
0.000501
0.000497
0.000193
-0.000157
-0.000845
-0.001730
-0.001412
0.000329
0.001104
-0.000286
-0.000976
0.000922
0.002363
0.000728
-0.002263
-0.003467
-0.001366
0.001865
0.002290
0.000332
-0.000183
0.000966
0.000883
-0.000768
-0.002116
-0.002208
-0.000904
0.001258
0.003081
0.003391
0.001108
-0.002692
-0.004191
-0.001683
0.001503
0.001521
-0.000209
0.000397
0.002615
0.002461
-0.000118
-0.002162
-0.002157
-0.000667
0.000333
0.000176
0.000513
0.001202
0.000271
-0.001350
-0.000964
0.000671
0.000323
-0.001908
-0.002364
0.000207
0.002969
0.003650
0.002185
-0.000951
-0.003745
-0.003557
-0.001126
0.000650
0.000763
0.000266
0.000387
0.001003
0.001344
0.001210
0.000268
-0.001119
-0.001344
0.000113
0.001807
0.001702
-0.000689
-0.003003
-0.002224
0.001294
0.003279
0.001163
-0.001845
-0.002035
-0.000075
0.001829
0.002292
0.000695
-0.001522
-0.001922
-0.000625
0.000282
0.000107
-0.000414
-0.000499
0.000229
0.000906
0.000495
-0.000084
0.000348
0.000473
-0.001055
-0.002375
-0.001605
-0.000034
0.000466
0.000017
0.000177
0.001661
0.002691
0.001427
-0.000858
-0.001845
-0.001498
-0.000745
0.000311
0.001320
0.001893
0.002215
0.001954
0.000650
-0.001415
-0.003034
-0.002490
-0.000246
0.001069
0.000791
0.000662
0.001364
0.001437
-0.000324
-0.002862
-0.004099
-0.003171
-0.000739
0.001535
0.002295
0.001989
0.001537
0.000834
-0.000240
-0.001405
-0.002126
-0.001521
0.000066
0.001059
0.001340
0.001832
0.002143
0.001354
-0.000054
-0.000902
-0.001155
-0.001323
-0.001132
-0.000275
0.000800
0.001407
0.001154
0.000102
-0.001172
-0.001779
-0.001101
0.000556
0.001610
0.000618
-0.001224
-0.001424
-0.000024
0.000873
0.000518
0.000027
0.000218
0.000742
0.001078
0.000755
-0.000632
-0.002154
-0.001962
0.000015
0.001666
0.001705
0.001100
0.000793
0.000304
-0.001049
-0.002855
-0.003666
-0.002430
0.000219
0.002589
0.003738
0.003585
0.001738
-0.001235
-0.002884
-0.002335
-0.001485
-0.000984
0.000261
0.001787
0.002143
0.001466
0.000813
0.000083
-0.001309
-0.002587
-0.002591
-0.001374
0.000193
0.001330
0.002035
0.002764
0.002951
0.001398
-0.001166
-0.002614
-0.002604
-0.002002
-0.000688
0.001340
0.002929
0.003142
0.001865
-0.000747
-0.003296
-0.003554
-0.001829
-0.000638
-0.000489
0.000448
0.002284
0.002674
0.001148
-0.000203
-0.000634
-0.001073
-0.001547
-0.000996
0.000512
0.001333
0.001083
0.001193
0.001648
0.000687
-0.001534
-0.002602
-0.001631
0.000064
0.001349
0.001557
0.000462
-0.000775
-0.000741
0.000175
0.000261
-0.000787
-0.001451
-0.001191
-0.000460
0.000796
0.001703
0.001047
-0.000230
-0.000383
0.000423
0.000570
-0.000159
-0.000322
0.000234
0.000444
0.000197
-0.000061
-0.000242
-0.000417
-0.000426
0.000041
0.000753
0.000995
0.000394
-0.000548
-0.000990
-0.000833
-0.000527
-0.000203
0.000299
0.000851
0.001042
0.000492
-0.000790
-0.001708
-0.001225
-0.000229
0.000104
0.000200
0.000554
0.000691
0.000456
0.000220
-0.000039
-0.000188
0.000270
0.000751
0.000252
-0.000453
-0.000071
0.000467
-0.000223
-0.001014
-0.000482
0.000642
0.001102
0.000592
-0.000259
-0.000640
-0.000660
-0.000643
-0.000216
0.000489
0.000484
-0.000450
-0.001110
-0.000295
0.001329
0.001851
0.000718
-0.000722
-0.001065
-0.000544
-0.000522
-0.001058
-0.000614
0.001116
0.002406
0.002037
0.000565
-0.000774
-0.001408
-0.001583
-0.001315
-0.000491
0.000306
0.000634
0.000596
0.000285
-0.000017
-0.000043
0.000042
-0.000043
-0.000349
-0.000459
-0.000107
0.000175
0.000063
-0.000057
-0.000030
-0.000034
-0.000075
0.000160
0.000974
0.001828
0.001618
0.000219
-0.001289
-0.001790
-0.001055
0.000025
0.000437
0.000230
0.000114
0.000357
0.000580
0.000330
-0.000413
-0.001157
-0.001307
-0.000872
-0.000477
-0.000406
-0.000161
0.000580
0.001367
0.001655
0.001279
0.000316
-0.000985
-0.002037
-0.002090
-0.001000
0.000556
0.001747
0.002246
0.002111
0.001206
-0.000432
-0.001773
-0.001727
-0.000780
-0.000245
-0.000194
0.000361
0.001480
0.001838
0.000764
-0.000517
-0.000765
-0.000446
-0.000615
-0.001224
-0.001260
-0.000361
0.000539
0.000644
0.000380
0.000465
0.000571
-0.000117
-0.001141
-0.001192
-0.000397
-0.000065
-0.000276
0.000067
0.000927
0.001119
0.000511
0.000015
-0.000008
0.000202
0.000392
0.000395
0.000220
-0.000014
-0.000203
-0.000327
-0.000399
-0.000253
0.000184
0.000580
0.000632
0.000317
-0.000153
-0.000448
-0.000626
-0.000929
-0.001028
-0.000502
0.000258
0.000580
0.000552
0.000696
0.000875
0.000445
-0.000522
-0.001102
-0.000872
-0.000460
-0.000344
-0.000070
0.000677
0.001259
0.001138
0.000701
0.000276
-0.000423
-0.001269
-0.001485
-0.000892
-0.000203
0.000176
0.000612
0.001297
0.001684
0.001267
0.000336
-0.000535
-0.001165
-0.001433
-0.001021
-0.000127
0.000323
-0.000121
-0.000657
-0.000268
0.000771
0.001036
0.000000
-0.000858
-0.000187
0.001092
0.001228
0.000094
-0.000938
-0.000935
-0.000342
0.000090
0.000487
0.001153
0.001461
0.000819
-0.000086
-0.000496
-0.000718
-0.001065
-0.001290
-0.001103
-0.000311
0.000798
0.001264
0.000630
-0.000290
-0.000640
-0.000626
-0.000764
-0.001035
-0.000869
0.000202
0.001363
0.001181
-0.000037
-0.000557
-0.000032
0.000280
-0.000057
-0.000233
0.000135
0.000457
0.000210
-0.000213
-0.000164
0.000119
-0.000040
-0.000469
-0.000315
0.000489
0.000936
0.000529
0.000018
0.000072
0.000283
-0.000004
-0.000463
-0.000265
0.000520
0.000981
0.000642
-0.000061
-0.000525
-0.000623
-0.000625
-0.000715
-0.000711
-0.000393
0.000089
0.000402
0.000380
0.000171
0.000079
0.000111
-0.000043
-0.000334
-0.000224
0.000435
0.000965
0.000770
0.000214
0.000078
0.000444
0.000697
0.000500
0.000230
0.000262
0.000341
0.000108
-0.000220
-0.000243
-0.000073
-0.000125
-0.000449
-0.000665
-0.000564
-0.000495
-0.000797
-0.001110
-0.001004
-0.000782
-0.000831
-0.000871
-0.000496
0.000106
0.000448
0.000388
0.000113
-0.000167
-0.000220
0.000047
0.000379
0.000601
0.000856
0.001071
0.000890
0.000287
-0.000376
-0.000778
-0.000748
-0.000237
0.000590
0.001374
0.001780
0.001737
0.001311
0.000579
-0.000224
-0.000971
-0.001771
-0.002345
-0.001982
-0.000590
0.000877
0.001467
0.001210
0.000734
0.000365
-0.000090
-0.000809
-0.001494
-0.001720
-0.001608
-0.001625
-0.001642
-0.001101
-0.000372
-0.000556
-0.001431
-0.001332
0.000177
0.001351
0.000989
0.000291
0.000826
0.002200
0.002979
0.002798
0.002425
0.002396
0.002408
0.001968
0.001273
0.001054
0.001417
0.001573
0.001072
0.000496
0.000417
0.000387
-0.000273
-0.001253
-0.001770
-0.001832
-0.002050
-0.002521
-0.002746
-0.002504
-0.002131
-0.002045
-0.002335
-0.002603
-0.002296
-0.001590
-0.001418
-0.002141
-0.002897
-0.002791
-0.001891
-0.000644
0.000761
0.002110
0.003050
0.003445
0.003449
0.003281
0.003063
0.002795
0.002469
0.002202
0.002152
0.002312
0.002486
0.002459
0.002152
0.001639
0.001039
0.000386
-0.000285
-0.000863
-0.001258
-0.001408
-0.001255
-0.000912
-0.000752
-0.001115
-0.001966
-0.002978
-0.003827
-0.004288
-0.004306
-0.003954
-0.003177
-0.001922
-0.000594
0.000180
0.000297
0.000126
0.000010
0.000232
0.000907
0.001695
0.002056
0.001892
0.001724
0.002122
0.002908
0.003242
0.002747
0.001940
0.001424
0.001279
0.001054
0.000044
-0.001837
-0.003625
-0.004507
-0.004601
-0.003897
-0.001960
0.000541
0.001830
0.001507
0.001159
0.001650
0.001915
0.001163
0.000243
0.000206
0.000971
0.001801
0.002303
0.002748
0.003453
0.003917
0.003250
0.001599
0.000183
-0.000393
-0.000719
-0.001211
-0.001432
-0.001162
-0.000972
-0.001325
-0.001954
-0.002374
-0.002527
-0.002760
-0.003344
-0.004106
-0.004491
-0.004131
-0.003308
-0.002565
-0.001981
-0.001236
-0.000316
0.000316
0.000455
0.000496
0.000795
0.001100
0.000791
-0.000346
-0.001236
0.000135
0.004112
0.007729
0.007921
0.005875
0.005206
0.006271
0.006089
0.003637
0.001143
0.000202
0.000073
-0.000223
-0.000638
-0.000870
-0.000994
-0.001466
-0.002690
-0.004098
-0.004492
-0.004014
-0.004146
-0.004943
-0.004544
-0.002391
-0.000495
-0.000506
-0.001709
-0.002600
-0.002739
-0.002645
-0.002785
-0.002893
-0.002200
-0.000499
0.001342
0.002508
0.003312
0.004229
0.004712
0.004174
0.003287
0.003080
0.003345
0.003050
0.002036
0.001252
0.001433
0.002272
0.002703
0.001759
-0.000513
-0.003067
-0.005056
-0.006536
-0.007405
-0.006554
-0.003528
-0.000166
0.001341
0.001331
0.001691
0.002671
0.002797
0.001629
0.000484
0.000339
0.000718
0.000995
0.001586
0.003169
0.005230
0.006199
0.005229
0.003218
0.001548
0.000360
-0.001002
-0.002402
-0.003027
-0.002749
-0.002315
-0.002222
-0.002262
-0.002241
-0.002416
-0.003110
-0.004266
-0.005376
-0.005750
-0.005117
-0.003993
-0.003036
-0.002156
-0.000879
0.000558
0.001377
0.001517
0.001697
0.002133
0.002231
0.001823
0.001626
0.001810
0.001475
0.000732
0.001664
0.005294
0.008997
0.009450
0.007213
0.005594
0.005605
0.004990
0.002279
-0.000929
-0.002575
-0.002888
-0.003274
-0.004015
-0.004325
-0.003873
-0.003432
-0.003935
-0.005051
-0.005430
-0.004682
-0.003967
-0.003961
-0.003571
-0.001777
0.000337
0.000847
-0.000364
-0.001622
-0.001782
-0.001374
-0.001335
-0.001344
-0.000326
0.001684
0.003411
0.004230
0.004798
0.005491
0.005621
0.004783
0.003748
0.003218
0.002726
0.001675
0.000547
0.000226
0.000710
0.000842
-0.000733
-0.004037
-0.007357
-0.008845
-0.008203
-0.006299
-0.003828
-0.001212
0.000956
0.002441
0.003610
0.004454
0.004446
0.003615
0.002588
0.001764
0.001309
0.001504
0.002470
0.003864
0.005069
0.005472
0.004707
0.003022
0.001156
-0.000470
-0.001955
-0.003275
-0.004109
-0.004361
-0.004302
-0.004065
-0.003502
-0.002787
-0.002580
-0.003289
-0.004534
-0.005438
-0.005439
-0.004805
-0.004084
-0.003266
-0.001963
-0.000231
0.001364
0.002532
0.003453
0.004064
0.003934
0.003106
0.002452
0.002665
0.003253
0.003076
0.001923
0.001208
0.002608
0.005750
0.008040
0.007719
0.006202
0.005627
0.005244
0.003052
-0.000246
-0.002350
-0.003179
-0.004327
-0.005880
-0.006553
-0.006071
-0.005460
-0.005472
-0.005898
-0.006073
-0.005544
-0.004569
-0.003713
-0.002817
-0.001263
0.000642
0.001830
0.002117
0.002211
0.002178
0.001422
0.000050
-0.000947
-0.000808
0.000276
0.001540
0.002606
0.003799
0.005278
0.006239
0.005761
0.004340
0.003329
0.002848
0.001758
-0.000120
-0.001382
-0.001282
-0.001275
-0.003106
-0.006162
-0.008190
-0.008151
-0.006856
-0.005097
-0.002867
-0.000422
0.001403
0.002340
0.003080
0.004106
0.004948
0.004928
0.004148
0.003350
0.003007
0.003081
0.003535
0.004361
0.005120
0.005069
0.003932
0.002165
0.000341
-0.001280
-0.002584
-0.003634
-0.004722
-0.005698
-0.005816
-0.004954
-0.004091
-0.003954
-0.004127
-0.004128
-0.004340
-0.004984
-0.005278
-0.004558
-0.003336
-0.002448
-0.001768
-0.000496
0.001506
0.003411
0.004532
0.004978
0.005019
0.004667
0.004171
0.004078
0.004443
0.004590
0.004050
0.003179
0.002354
0.001729
0.002312
0.004922
0.007528
0.006922
0.003752
0.001872
0.001934
0.000596
-0.003136
-0.006362
-0.007608
-0.008331
-0.009171
-0.009036
-0.007623
-0.005999
-0.005039
-0.004713
-0.004291
-0.002936
-0.000980
0.000244
0.000679
0.001689
0.003375
0.004259
0.003901
0.003384
0.003196
0.002651
0.001462
0.000443
0.000394
0.001232
0.002312
0.003077
0.003535
0.004045
0.004458
0.004173
0.003087
0.001680
0.000206
-0.001462
-0.003249
-0.004983
-0.006846
-0.008724
-0.009700
-0.009095
-0.007122
-0.004059
-0.000254
0.002944
0.004226
0.004297
0.004821
0.005665
0.005400
0.004167
0.003548
0.003867
0.004083
0.004097
0.004837
0.006152
0.006580
0.005316
0.002991
0.000542
-0.001575
-0.003272
-0.004635
-0.005671
-0.006262
-0.006416
-0.006189
-0.005614
-0.004902
-0.004411
-0.004412
-0.004924
-0.005625
-0.005954
-0.005533
-0.004534
-0.003360
-0.001961
-0.000030
0.002184
0.004009
0.005285
0.006342
0.007010
0.006686
0.005605
0.004897
0.005059
0.005453
0.005502
0.005217
0.004430
0.002932
0.001311
0.000473
0.000818
0.002190
0.003562
0.003301
0.001290
-0.000398
-0.000707
-0.001581
-0.004585
-0.008002
-0.009732
-0.010297
-0.010698
-0.010126
-0.007923
-0.005305
-0.003551
-0.002397
-0.001017
0.000783
0.002423
0.003152
0.003187
0.003733
0.005024
0.005683
0.005167
0.004788
0.005003
0.004345
0.002367
0.000849
0.000906
0.001436
0.001264
0.000804
0.000933
0.001542
0.001797
0.001314
0.000490
-0.000390
-0.001678
-0.003813
-0.006813
-0.010030
-0.012115
-0.011978
-0.009879
-0.006702
-0.002613
0.002098
0.005791
0.007326
0.007885
0.008739
0.008974
0.007475
0.005273
0.004099
0.004087
0.004352
0.004794
0.005899
0.007175
0.007095
0.004971
0.001929
-0.000702
-0.003098
-0.005922
-0.008600
-0.010058
-0.010232
-0.009668
-0.008547
-0.006963
-0.005459
-0.004596
-0.004397
-0.004619
-0.004980
-0.005008
-0.004436
-0.003514
-0.002337
-0.000463
0.002251
0.005074
0.007213
0.008637
0.009579
0.009786
0.008943
0.007485
0.006287
0.005640
0.005114
0.004412
0.003636
0.002765
0.001628
0.000310
-0.000595
-0.000246
0.001081
0.001381
-0.000590
-0.003020
-0.003661
-0.003607
-0.005275
-0.007990
-0.009293
-0.009158
-0.009203
-0.009308
-0.008171
-0.005852
-0.003516
-0.001781
-0.000485
0.000914
0.002877
0.004912
0.005931
0.006044
0.006445
0.007183
0.007093
0.006010
0.005022
0.004579
0.003973
0.002706
0.001218
0.000160
-0.000342
-0.000711
-0.001340
-0.001912
-0.001781
-0.001271
-0.001460
-0.002367
-0.002987
-0.003548
-0.005648
-0.009352
-0.012185
-0.012158
-0.009956
-0.006961
-0.003091
0.001818
0.006325
0.009024
0.010560
0.011985
0.012488
0.010924
0.008118
0.005689
0.004128
0.003409
0.003801
0.005005
0.005819
0.005444
0.004086
0.002081
-0.000543
-0.003601
-0.006665
-0.009449
-0.011794
-0.013206
-0.012982
-0.011187
-0.008924
-0.007096
-0.005547
-0.004070
-0.003251
-0.003292
-0.003211
-0.002400
-0.001590
-0.001143
-0.000038
0.002480
0.005692
0.008486
0.010473
0.011616
0.011747
0.010937
0.009673
0.008315
0.006848
0.005276
0.003842
0.002789
0.002014
0.000846
-0.001361
-0.003862
-0.004643
-0.003151
-0.001828
-0.002949
-0.005120
-0.005646
-0.004996
-0.005515
-0.007160
-0.008118
-0.008194
-0.008395
-0.008462
-0.007311
-0.004924
-0.002195
0.000129
0.001798
0.003309
0.005369
0.007468
0.008362
0.008210
0.008191
0.008175
0.007148
0.005472
0.004360
0.003687
0.002442
0.000748
-0.000239
-0.000150
-0.000152
-0.001547
-0.003759
-0.004747
-0.004024
-0.003567
-0.004554
-0.005340
-0.004486
-0.003653
-0.005182
-0.008271
-0.009970
-0.009200
-0.007528
-0.005974
-0.003270
0.001564
0.006732
0.009870
0.011401
0.013092
0.014527
0.013832
0.010986
0.007967
0.006050
0.004822
0.003644
0.002709
0.002475
0.002666
0.002220
0.000447
-0.002099
-0.004510
-0.006905
-0.009864
-0.012893
-0.014639
-0.014452
-0.013006
-0.011326
-0.009532
-0.007080
-0.004202
-0.002085
-0.001173
-0.000490
0.000619
0.001518
0.001873
0.002610
0.004440
0.006836
0.008981
0.010643
0.011871
0.012482
0.012183
0.010996
0.009330
0.007560
0.005633
0.003342
0.000974
-0.000831
-0.002176
-0.004226
-0.007260
-0.008919
-0.006997
-0.003764
-0.003582
-0.006095
-0.006919
-0.005319
-0.004969
-0.006780
-0.007677
-0.006750
-0.006289
-0.006722
-0.005867
-0.002893
0.000715
0.003405
0.004793
0.005731
0.007463
0.009614
0.010271
0.009092
0.007897
0.007369
0.006201
0.004127
0.002578
0.001908
0.000886
-0.000869
-0.002263
-0.002539
-0.002333
-0.002853
-0.004439
-0.006022
-0.006376
-0.005747
-0.005287
-0.005126
-0.004465
-0.003543
-0.003791
-0.005567
-0.007217
-0.007213
-0.005975
-0.004482
-0.002253
0.001628
0.006305
0.009918
0.012118
0.013884
0.015171
0.014792
0.012568
0.009751
0.007240
0.004939
0.002798
0.001189
0.000259
-0.000342
-0.001125
-0.002343
-0.003874
-0.005567
-0.007449
-0.009542
-0.011744
-0.013652
-0.014464
-0.013683
-0.011828
-0.009717
-0.007362
-0.004472
-0.001580
0.000474
0.001776
0.002930
0.003884
0.004308
0.004698
0.005880
0.007698
0.009300
0.010365
0.011151
0.011681
0.011572
0.010580
0.008928
0.006969
0.004743
0.002166
-0.000510
-0.002878
-0.004917
-0.006867
-0.008558
-0.009358
-0.008910
-0.007568
-0.006033
-0.004863
-0.004284
-0.004161
-0.004182
-0.004222
-0.004400
-0.004634
-0.004539
-0.003892
-0.002779
-0.001242
0.000779
0.003130
0.005360
0.007054
0.008149
0.008828
0.009102
0.008705
0.007548
0.006010
0.004493
0.002976
0.001333
-0.000221
-0.001387
-0.002253
-0.003075
-0.003793
-0.004209
-0.004445
-0.004809
-0.005303
-0.005592
-0.005462
-0.005025
-0.004373
-0.003405
-0.002270
-0.001542
-0.001629
-0.002252
-0.002804
-0.003082
-0.003224
-0.002895
-0.001167
0.002238
0.006132
0.009108
0.011106
0.012717
0.013589
0.012918
0.011010
0.008814
0.006416
0.003466
0.000459
-0.001710
-0.002833
-0.003347
-0.003809
-0.004624
-0.005758
-0.006788
-0.007585
-0.008568
-0.009843
-0.010765
-0.010907
-0.010584
-0.009881
-0.008211
-0.005453
-0.002508
-0.000147
0.001850
0.003888
0.005585
0.006336
0.006416
0.006635
0.007118
0.007384
0.007405
0.007595
0.007988
0.008223
0.008079
0.007507
0.006445
0.004935
0.003145
0.001121
-0.001188
-0.003564
-0.005643
-0.007489
-0.009386
-0.010991
-0.011369
-0.009902
-0.007005
-0.003979
-0.001883
-0.000550
0.000661
0.001519
0.001404
0.000612
-0.000109
-0.000757
-0.001592
-0.001958
-0.000928
0.001166
0.003132
0.004519
0.005658
0.006663
0.007282
0.007209
0.006224
0.004532
0.002764
0.001232
-0.000308
-0.001830
-0.002833
-0.003252
-0.003615
-0.004099
-0.004289
-0.004022
-0.003812
-0.004102
-0.004498
-0.004299
-0.003481
-0.002568
-0.001692
-0.000541
0.000800
0.001681
0.001689
0.001139
0.000624
0.000277
-0.000346
-0.001370
-0.001727
-0.000136
0.002848
0.005274
0.006577
0.007880
0.009298
0.009474
0.008103
0.006409
0.004869
0.002698
-0.000276
-0.003009
-0.004604
-0.005100
-0.005067
-0.005017
-0.005022
-0.004841
-0.004539
-0.004628
-0.005258
-0.005887
-0.006144
-0.006290
-0.006413
-0.005913
-0.004320
-0.002171
-0.000322
0.001281
0.003188
0.005105
0.006121
0.006157
0.006017
0.006013
0.005671
0.004888
0.004272
0.004168
0.004207
0.003980
0.003592
0.003307
0.002941
0.002063
0.000648
-0.001024
-0.002972
-0.005208
-0.006972
-0.007437
-0.006965
-0.006307
-0.005157
-0.003076
-0.000889
0.000506
0.001423
0.002098
0.001876
0.000717
-0.000401
-0.001121
-0.001877
-0.002453
-0.002139
-0.000974
0.000494
0.002045
0.003548
0.004682
0.005293
0.005348
0.004733
0.003593
0.002346
0.001132
-0.000147
-0.001300
-0.002020
-0.002412
-0.002776
-0.003091
-0.003204
-0.003218
-0.003251
-0.003096
-0.002593
-0.002015
-0.001547
-0.000926
-0.000039
0.000778
0.001336
0.001767
0.001995
0.001762
0.001212
0.000733
0.000315
-0.000289
-0.001029
-0.001641
-0.001799
-0.000979
0.000898
0.002817
0.003861
0.004510
0.005355
0.005701
0.004989
0.004002
0.003218
0.001850
-0.000388
-0.002439
-0.003459
-0.003640
-0.003491
-0.003363
-0.003350
-0.003188
-0.002700
-0.002286
-0.002418
-0.002864
-0.003077
-0.003098
-0.003287
-0.003388
-0.002744
-0.001407
-0.000177
0.000669
0.001718
0.003149
0.004237
0.004498
0.004278
0.003946
0.003429
0.002727
0.002085
0.001599
0.001255
0.001090
0.000963
0.000682
0.000409
0.000349
0.000202
-0.000481
-0.001620
-0.002677
-0.003260
-0.003475
-0.003575
-0.003275
-0.002075
-0.000345
0.000920
0.001505
0.001957
0.002302
0.002004
0.001025
-0.000183
-0.001352
-0.002267
-0.002594
-0.002298
-0.001648
-0.000801
0.000174
0.001156
0.002092
0.002874
0.003191
0.002990
0.002609
0.002038
0.000913
-0.000551
-0.001670
-0.002328
-0.002853
-0.003131
-0.002775
-0.001910
-0.001071
-0.000504
-0.000035
0.000503
0.000975
0.001103
0.000892
0.000672
0.000575
0.000422
0.000195
0.000096
0.000196
0.000429
0.000669
0.000752
0.000743
0.000824
0.000817
0.000333
-0.000587
-0.001406
-0.001708
-0.001569
-0.001298
-0.000974
-0.000354
0.000701
0.001843
0.002567
0.002880
0.003099
0.003069
0.002381
0.001179
-0.000033
-0.001109
-0.002083
-0.002628
-0.002450
-0.001902
-0.001529
-0.001314
-0.000970
-0.000584
-0.000453
-0.000581
-0.000766
-0.000960
-0.001167
-0.001224
-0.001058
-0.000865
-0.000657
-0.000085
0.000865
0.001563
0.001643
0.001586
0.001816
0.001941
0.001512
0.000847
0.000442
0.000181
-0.000256
-0.000668
-0.000642
-0.000211
0.000318
0.000836
0.001390
0.001931
0.002237
0.002072
0.001514
0.000868
0.000113
-0.001005
-0.002245
-0.003023
-0.003283
-0.003352
-0.003179
-0.002566
-0.001736
-0.000935
-0.000061
0.000802
0.001253
0.001300
0.001325
0.001193
0.000511
-0.000354
-0.000692
-0.000564
-0.000487
-0.000513
-0.000306
0.000279
0.000936
0.001244
0.001254
0.001373
0.001630
0.001600
0.001155
0.000712
0.000476
0.000144
-0.000351
-0.000623
-0.000588
-0.000598
-0.000727
-0.000654
-0.000323
-0.000099
-0.000206
-0.000431
-0.000535
-0.000612
-0.000824
-0.001049
-0.001054
-0.000875
-0.000700
-0.000495
-0.000104
0.000418
0.000893
0.001301
0.001669
0.001838
0.001690
0.001434
0.001239
0.000898
0.000296
-0.000236
-0.000424
-0.000463
-0.000512
-0.000369
-0.000026
0.000124
-0.000098
-0.000449
-0.000747
-0.000995
-0.001156
-0.001239
-0.001349
-0.001424
-0.001244
-0.000810
-0.000398
-0.000181
-0.000009
0.000338
0.000790
0.000984
0.000778
0.000534
0.000546
0.000609
0.000502
0.000431
0.000674
0.001030
0.001056
0.000814
0.000820
0.001122
0.001124
0.000567
-0.000053
-0.000332
-0.000456
-0.000664
-0.000883
-0.000989
-0.001005
-0.000970
-0.000877
-0.000754
-0.000641
-0.000562
-0.000595
-0.000746
-0.000842
-0.000813
-0.000799
-0.000820
-0.000724
-0.000438
-0.000010
0.000434
0.000729
0.000872
0.000994
0.001055
0.000916
0.000694
0.000686
0.000858
0.000817
0.000497
0.000372
0.000613
0.000702
0.000352
0.000058
0.000198
0.000345
0.000046
-0.000366
-0.000410
-0.000291
-0.000421
-0.000629
-0.000516
-0.000210
-0.000172
-0.000437
-0.000590
-0.000471
-0.000397
-0.000569
-0.000720
-0.000571
-0.000240
-0.000006
0.000048
0.000065
0.000208
0.000487
0.000749
0.000831
0.000712
0.000567
0.000587
0.000710
0.000713
0.000580
0.000484
0.000387
0.000074
-0.000361
-0.000574
-0.000555
-0.000610
-0.000751
-0.000686
-0.000402
-0.000213
-0.000239
-0.000307
-0.000315
-0.000357
-0.000482
-0.000540
-0.000387
-0.000176
-0.000167
-0.000280
-0.000201
0.000097
0.000356
0.000485
0.000622
0.000815
0.000979
0.001069
0.001040
0.000784
0.000356
0.000045
-0.000024
-0.000088
-0.000304
-0.000432
-0.000286
-0.000154
-0.000303
-0.000472
-0.000364
-0.000198
-0.000269
-0.000427
-0.000426
-0.000407
-0.000621
-0.000905
-0.000857
-0.000447
-0.000099
-0.000122
-0.000265
-0.000128
0.000200
0.000388
0.000459
0.000615
0.000757
0.000728
0.000696
0.000782
0.000792
0.000622
0.000423
0.000222
-0.000096
-0.000360
-0.000235
0.000142
0.000250
0.000009
-0.000101
0.000141
0.000324
0.000076
-0.000317
-0.000385
-0.000220
-0.000209
-0.000360
-0.000433
-0.000443
-0.000577
-0.000770
-0.000712
-0.000339
0.000006
0.000091
0.000121
0.000322
0.000556
0.000609
0.000530
0.000501
0.000515
0.000387
0.000061
-0.000281
-0.000419
-0.000252
0.000092
0.000277
0.000128
-0.000067
0.000040
0.000278
0.000196
-0.000229
-0.000526
-0.000419
-0.000220
-0.000296
-0.000440
-0.000271
0.000078
0.000184
0.000037
0.000023
0.000213
0.000199
-0.000192
-0.000552
-0.000495
-0.000239
-0.000193
-0.000236
0.000021
0.000515
0.000889
0.001013
0.000944
0.000718
0.000375
-0.000008
-0.000332
-0.000434
-0.000223
0.000097
0.000192
0.000038
-0.000077
-0.000007
-0.000009
-0.000314
-0.000684
-0.000751
-0.000563
-0.000478
-0.000659
-0.000829
-0.000678
-0.000336
-0.000137
-0.000086
0.000115
0.000507
0.000771
0.000764
0.000722
0.000798
0.000785
0.000499
0.000196
0.000175
0.000236
0.000104
-0.000039
0.000021
0.000095
0.000038
0.000029
0.000133
0.000167
0.000115
0.000086
0.000001
-0.000207
-0.000375
-0.000413
-0.000514
-0.000789
-0.000952
-0.000713
-0.000260
0.000006
0.000030
0.000076
0.000241
0.000327
0.000198
-0.000037
-0.000210
-0.000263
-0.000206
0.000002
0.000357
0.000631
0.000620
0.000509
0.000543
0.000561
0.000320
-0.000016
-0.000122
0.000013
0.000100
-0.000053
-0.000331
-0.000479
-0.000385
-0.000151
-0.000001
-0.000123
-0.000395
-0.000467
-0.000293
-0.000188
-0.000280
-0.000336
-0.000176
0.000076
0.000216
0.000241
0.000253
0.000250
0.000151
0.000003
-0.000033
0.000050
0.000087
0.000107
0.000327
0.000651
0.000679
0.000387
0.000196
0.000222
0.000132
-0.000158
-0.000342
-0.000315
-0.000314
-0.000351
-0.000146
0.000254
0.000405
0.000157
-0.000105
-0.000121
-0.000177
-0.000431
-0.000550
-0.000431
-0.000441
-0.000646
-0.000660
-0.000403
-0.000241
-0.000256
-0.000065
0.000378
0.000567
0.000361
0.000265
0.000476
0.000552
0.000277
0.000048
0.000139
0.000252
0.000113
-0.000021
0.000177
0.000513
0.000548
0.000319
0.000236
0.000355
0.000360
0.000178
0.000006
-0.000114
-0.000278
-0.000408
-0.000408
-0.000481
-0.000783
-0.000957
-0.000623
-0.000107
-0.000011
-0.000238
-0.000234
0.000026
0.000061
-0.000189
-0.000234
0.000091
0.000312
0.000144
0.000013
0.000302
0.000585
0.000327
-0.000094
0.000015
0.000474
0.000623
0.000492
0.000555
0.000676
0.000389
-0.000129
-0.000341
-0.000289
-0.000424
-0.000796
-0.001040
-0.000935
-0.000567
-0.000121
0.000185
0.000176
-0.000008
0.000009
0.000273
0.000375
0.000100
-0.000201
-0.000138
0.000140
0.000216
0.000010
-0.000161
0.000002
0.000385
0.000626
0.000689
0.000778
0.000772
0.000480
0.000170
0.000134
0.000131
-0.000133
-0.000482
-0.000660
-0.000702
-0.000647
-0.000393
-0.000063
-0.000023
-0.000355
-0.000679
-0.000681
-0.000460
-0.000256
-0.000165
-0.000170
-0.000203
-0.000142
0.000076
0.000287
0.000267
0.000067
-0.000062
-0.000015
0.000146
0.000322
0.000405
0.000376
0.000385
0.000515
0.000601
0.000570
0.000599
0.000696
0.000624
0.000381
0.000214
0.000134
-0.000080
-0.000372
-0.000478
-0.000425
-0.000445
-0.000554
-0.000593
-0.000459
-0.000207
-0.000053
-0.000148
-0.000338
-0.000382
-0.000354
-0.000473
-0.000622
-0.000487
-0.000113
0.000140
0.000168
0.000240
0.000484
0.000646
0.000535
0.000328
0.000232
0.000231
0.000238
0.000211
0.000139
0.000054
0.000075
0.000236
0.000339
0.000199
-0.000082
-0.000264
-0.000262
-0.000148
-0.000044
-0.000094
-0.000293
-0.000419
-0.000345
-0.000199
-0.000121
-0.000102
-0.000062
0.000036
0.000124
0.000064
-0.000185
-0.000422
-0.000366
-0.000032
0.000256
0.000322
0.000334
0.000464
0.000620
0.000635
0.000506
0.000318
0.000144
0.000073
0.000104
0.000062
-0.000194
-0.000519
-0.000613
-0.000414
-0.000171
-0.000108
-0.000164
-0.000171
-0.000136
-0.000164
-0.000229
-0.000229
-0.000187
-0.000220
-0.000311
-0.000300
-0.000189
-0.000134
-0.000096
0.000080
0.000287
0.000304
0.000167
0.000062
0.000050
0.000094
0.000231
0.000464
0.000613
0.000540
0.000394
0.000395
0.000494
0.000492
0.000388
0.000287
0.000147
-0.000067
-0.000258
-0.000359
-0.000386
-0.000379
-0.000398
-0.000426
-0.000365
-0.000256
-0.000268
-0.000398
-0.000425
-0.000263
-0.000112
-0.000128
-0.000224
-0.000298
-0.000359
-0.000378
-0.000244
0.000027
0.000272
0.000446
0.000644
0.000816
0.000775
0.000502
0.000216
0.000072
0.000012
-0.000048
-0.000047
0.000079
0.000216
0.000194
0.000031
-0.000122
-0.000190
-0.000181
-0.000118
-0.000075
-0.000105
-0.000150
-0.000149
-0.000162
-0.000254
-0.000383
-0.000395
-0.000194
0.000031
0.000010
-0.000185
-0.000264
-0.000142
0.000043
0.000164
0.000180
0.000118
0.000083
0.000169
0.000361
0.000546
0.000603
0.000485
0.000307
0.000290
0.000431
0.000412
0.000089
-0.000272
-0.000421
-0.000419
-0.000423
-0.000450
-0.000413
-0.000293
-0.000140
0.000035
0.000148
0.000018
-0.000300
-0.000454
-0.000274
-0.000045
-0.000087
-0.000273
-0.000300
-0.000194
-0.000134
-0.000129
-0.000075
0.000031
0.000101
0.000147
0.000291
0.000513
0.000656
0.000663
0.000591
0.000505
0.000450
0.000418
0.000350
0.000210
0.000072
0.000052
0.000115
0.000047
-0.000223
-0.000472
-0.000513
-0.000460
-0.000500
-0.000580
-0.000500
-0.000277
-0.000170
-0.000265
-0.000344
-0.000286
-0.000273
-0.000411
-0.000467
-0.000217
0.000169
0.000351
0.000325
0.000384
0.000598
0.000685
0.000517
0.000344
0.000333
0.000303
0.000148
0.000078
0.000199
0.000252
0.000065
-0.000115
-0.000082
0.000011
-0.000003
-0.000080
-0.000147
-0.000219
-0.000344
-0.000506
-0.000594
-0.000533
-0.000415
-0.000328
-0.000221
-0.000065
0.000074
0.000154
0.000158
0.000093
0.000046
0.000091
0.000162
0.000151
0.000101
0.000207
0.000515
0.000711
0.000523
0.000189
0.000129
0.000254
0.000169
-0.000096
-0.000151
0.000034
0.000081
-0.000137
-0.000336
-0.000329
-0.000233
-0.000190
-0.000158
-0.000072
-0.000038
-0.000161
-0.000310
-0.000314
-0.000256
-0.000287
-0.000349
-0.000327
-0.000254
-0.000161
0.000001
0.000200
0.000282
0.000190
0.000096
0.000174
0.000338
0.000390
0.000347
0.000349
0.000327
0.000159
0.000005
0.000086
0.000325
0.000473
0.000462
0.000446
0.000439
0.000231
-0.000176
-0.000470
-0.000494
-0.000432
-0.000460
-0.000546
-0.000589
-0.000525
-0.000377
-0.000271
-0.000290
-0.000360
-0.000347
-0.000216
-0.000034
0.000118
0.000181
0.000177
0.000205
0.000312
0.000430
0.000507
0.000549
0.000533
0.000413
0.000288
0.000312
0.000339
0.000114
-0.000184
-0.000221
-0.000070
-0.000012
-0.000083
-0.000147
-0.000200
-0.000335
-0.000486
-0.000476
-0.000314
-0.000210
-0.000262
-0.000352
-0.000336
-0.000163
0.000116
0.000333
0.000349
0.000249
0.000176
0.000146
0.000148
0.000181
0.000172
0.000093
0.000071
0.000171
0.000247
0.000228
0.000237
0.000281
0.000227
0.000078
-0.000077
-0.000232
-0.000348
-0.000355
-0.000317
-0.000345
-0.000365
-0.000271
-0.000143
-0.000075
-0.000014
0.000066
0.000084
0.000003
-0.000082
-0.000091
-0.000078
-0.000097
-0.000060
0.000065
0.000114
-0.000005
-0.000100
0.000020
0.000255
0.000404
0.000420
0.000345
0.000215
0.000106
0.000083
0.000083
0.000011
-0.000065
-0.000028
0.000061
0.000091
0.000121
0.000209
0.000221
0.000037
-0.000191
-0.000219
-0.000089
-0.000042
-0.000120
-0.000164
-0.000155
-0.000261
-0.000494
-0.000575
-0.000369
-0.000171
-0.000231
-0.000301
-0.000062
0.000271
0.000274
0.000050
0.000053
0.000318
0.000468
0.000368
0.000259
0.000274
0.000264
0.000136
0.000052
0.000152
0.000268
0.000158
-0.000109
-0.000261
-0.000243
-0.000267
-0.000374
-0.000389
-0.000306
-0.000241
-0.000140
0.000048
0.000153
0.000053
-0.000087
-0.000059
0.000062
0.000048
-0.000059
0.000005
0.000244
0.000380
0.000326
0.000273
0.000285
0.000192
-0.000017
-0.000059
0.000123
0.000185
-0.000012
-0.000170
-0.000125
-0.000075
-0.000161
-0.000264
-0.000278
-0.000265
-0.000285
-0.000234
-0.000022
0.000187
0.000119
-0.000170
-0.000318
-0.000219
-0.000102
-0.000065
-0.000018
0.000036
0.000050
0.000081
0.000169
0.000207
0.000157
0.000129
0.000105
-0.000021
-0.000103
0.000109
0.000514
0.000704
0.000510
0.000223
0.000100
0.000035
-0.000115
-0.000277
-0.000322
-0.000218
-0.000079
-0.000052
-0.000094
-0.000058
-0.000007
-0.000085
-0.000200
-0.000159
0.000005
0.000072
-0.000094
-0.000382
-0.000527
-0.000391
-0.000093
0.000182
0.000338
0.000342
0.000209
0.000028
-0.000104
-0.000134
-0.000085
-0.000019
0.000046
0.000136
0.000260
0.000319
0.000192
-0.000017
-0.000059
0.000043
0.000050
-0.000051
-0.000106
-0.000094
-0.000054
0.000021
0.000072
0.000028
-0.000065
-0.000136
-0.000188
-0.000204
-0.000133
-0.000010
0.000094
0.000154
0.000153
0.000137
0.000209
0.000308
0.000229
-0.000017
-0.000149
-0.000056
0.000039
0.000002
0.000011
0.000138
0.000153
-0.000054
-0.000227
-0.000162
-0.000058
-0.000149
-0.000286
-0.000241
-0.000119
-0.000128
-0.000214
-0.000227
-0.000181
-0.000154
-0.000138
-0.000096
0.000016
0.000199
0.000351
0.000371
0.000286
0.000197
0.000144
0.000109
0.000069
-0.000005
-0.000059
0.000005
0.000087
-0.000005
-0.000147
-0.000012
0.000358
0.000515
0.000266
-0.000014
-0.000004
0.000034
-0.000217
-0.000476
-0.000342
-0.000029
0.000033
-0.000031
0.000120
0.000289
0.000105
-0.000266
-0.000418
-0.000309
-0.000184
-0.000167
-0.000150
-0.000026
0.000116
0.000154
0.000150
0.000196
0.000262
0.000283
0.000215
0.000016
-0.000249
-0.000359
-0.000214
-0.000038
-0.000088
-0.000272
-0.000257
0.000054
0.000384
0.000485
0.000434
0.000375
0.000221
-0.000091
-0.000300
-0.000162
0.000062
-0.000022
-0.000235
-0.000160
0.000120
0.000238
0.000142
0.000006
-0.000137
-0.000326
-0.000451
-0.000364
-0.000129
0.000042
0.000057
0.000024
0.000043
0.000082
0.000102
0.000136
0.000183
0.000195
0.000171
0.000155
0.000141
0.000063
-0.000073
-0.000130
-0.000017
0.000141
0.000160
0.000032
-0.000161
-0.000371
-0.000479
-0.000365
-0.000139
-0.000049
-0.000119
-0.000097
0.000116
0.000253
0.000128
-0.000020
0.000062
0.000230
0.000267
0.000215
0.000184
0.000181
0.000138
0.000034
-0.000017
0.000028
0.000042
-0.000003
-0.000010
-0.000023
-0.000156
-0.000328
-0.000402
-0.000354
-0.000169
0.000101
0.000219
0.000062
-0.000139
-0.000120
0.000061
0.000143
0.000042
-0.000010
0.000147
0.000305
0.000241
0.000094
0.000114
0.000263
0.000258
0.000018
-0.000203
-0.000249
-0.000270
-0.000326
-0.000274
-0.000128
-0.000058
-0.000063
-0.000015
0.000071
0.000052
-0.000076
-0.000178
-0.000243
-0.000295
-0.000170
0.000218
0.000548
0.000502
0.000283
0.000291
0.000476
0.000467
0.000197
-0.000040
-0.000149
-0.000362
-0.000675
-0.000704
-0.000336
0.000044
0.000140
0.000109
0.000170
0.000179
-0.000075
-0.000392
-0.000424
-0.000200
0.000002
0.000087
0.000155
0.000263
0.000334
0.000291
0.000162
0.000032
-0.000070
-0.000148
-0.000166
-0.000136
-0.000109
-0.000008
0.000221
0.000379
0.000331
0.000234
0.000220
0.000182
-0.000001
-0.000224
-0.000278
-0.000208
-0.000234
-0.000356
-0.000375
-0.000249
-0.000113
-0.000027
0.000089
0.000214
0.000199
0.000041
-0.000054
0.000020
0.000100
0.000031
-0.000083
-0.000053
0.000121
0.000240
0.000192
0.000122
0.000125
0.000102
0.000043
0.000044
0.000064
0.000021
-0.000032
-0.000083
-0.000237
-0.000393
-0.000301
-0.000037
0.000059
-0.000082
-0.000174
-0.000042
0.000101
0.000049
-0.000029
0.000053
0.000097
-0.000068
-0.000186
0.000005
0.000304
0.000376
0.000271
0.000283
0.000440
0.000433
0.000093
-0.000289
-0.000369
-0.000262
-0.000262
-0.000323
-0.000266
-0.000193
-0.000231
-0.000235
-0.000101
0.000041
0.000105
0.000176
0.000273
0.000287
0.000199
0.000115
0.000034
-0.000141
-0.000332
-0.000319
-0.000105
0.000064
0.000082
0.000109
0.000216
0.000196
0.000005
-0.000048
0.000118
0.000184
0.000039
-0.000044
0.000091
0.000226
0.000108
-0.000161
-0.000258
-0.000112
0.000007
-0.000098
-0.000242
-0.000126
0.000188
0.000319
0.000112
-0.000177
-0.000274
-0.000164
-0.000025
-0.000037
-0.000173
-0.000219
-0.000077
0.000062
-0.000022
-0.000220
-0.000207
0.000042
0.000187
0.000129
0.000180
0.000443
0.000553
0.000274
-0.000081
-0.000133
0.000015
0.000039
-0.000071
-0.000069
0.000079
0.000128
-0.000042
-0.000229
-0.000249
-0.000190
-0.000165
-0.000075
0.000119
0.000234
0.000192
0.000136
0.000111
-0.000020
-0.000242
-0.000324
-0.000162
0.000062
0.000196
0.000293
0.000342
0.000182
-0.000141
-0.000311
-0.000203
-0.000060
-0.000093
-0.000161
-0.000051
0.000123
0.000098
-0.000063
-0.000089
0.000051
0.000180
0.000195
0.000080
-0.000105
-0.000236
-0.000261
-0.000189
-0.000044
0.000079
0.000103
0.000104
0.000145
0.000147
0.000073
0.000014
0.000010
-0.000005
-0.000069
-0.000136
-0.000120
-0.000004
0.000109
0.000167
0.000216
0.000217
0.000094
-0.000067
-0.000113
-0.000069
-0.000058
-0.000081
-0.000091
-0.000106
-0.000119
-0.000124
-0.000148
-0.000147
-0.000093
-0.000071
-0.000040
0.000138
0.000332
0.000263
0.000021
-0.000068
0.000015
0.000031
-0.000041
-0.000045
0.000002
-0.000012
-0.000014
0.000099
0.000183
0.000086
-0.000031
-0.000002
0.000051
0.000003
-0.000053
-0.000018
0.000041
0.000013
-0.000085
-0.000142
-0.000124
-0.000096
-0.000102
-0.000092
0.000007
0.000193
0.000357
0.000335
0.000106
-0.000140
-0.000295
-0.000399
-0.000396
-0.000205
0.000067
0.000260
0.000340
0.000338
0.000259
0.000096
-0.000112
-0.000267
-0.000267
-0.000078
0.000175
0.000253
0.000045
-0.000264
-0.000371
-0.000226
-0.000061
-0.000037
-0.000059
0.000028
0.000210
0.000326
0.000272
0.000192
0.000270
0.000342
0.000117
-0.000249
-0.000348
-0.000170
-0.000035
-0.000018
0.000056
0.000144
0.000002
-0.000335
-0.000506
-0.000342
-0.000046
0.000135
0.000117
-0.000035
-0.000134
-0.000049
0.000118
0.000179
0.000126
0.000116
0.000199
0.000225
0.000085
-0.000074
-0.000065
0.000041
0.000033
-0.000075
-0.000041
0.000189
0.000338
0.000210
-0.000017
-0.000055
0.000062
