5440
0.000111
0.000040
0.000078
0.000203
0.000220
0.000101
0.000030
0.000064
0.000069
-0.000000
-0.000060
-0.000088
-0.000102
-0.000059
0.000048
0.000128
0.000117
0.000066
0.000033
-0.000001
-0.000050
-0.000054
0.000011
0.000040
-0.000020
-0.000074
-0.000090
-0.000154
-0.000250
-0.000258
-0.000155
-0.000036
0.000027
0.000064
0.000125
0.000172
0.000130
0.000042
0.000025
0.000079
0.000100
0.000062
0.000042
0.000089
0.000137
0.000109
0.000084
0.000135
0.000110
-0.000067
-0.000182
-0.000145
-0.000128
-0.000172
-0.000150
-0.000065
0.000017
0.000095
0.000096
-0.000038
-0.000165
-0.000152
-0.000107
-0.000133
-0.000117
0.000004
0.000098
0.000092
0.000069
0.000063
0.000010
-0.000080
-0.000092
0.000018
0.000138
0.000177
0.000204
0.000272
0.000288
0.000168
-0.000026
-0.000174
-0.000247
-0.000261
-0.000193
-0.000063
0.000021
0.000001
-0.000064
-0.000092
-0.000036
0.000075
0.000123
0.000056
-0.000045
-0.000099
-0.000105
-0.000044
0.000084
0.000152
0.000117
0.000118
0.000165
0.000129
0.000042
0.000005
-0.000029
-0.000082
-0.000065
0.000014
0.000030
-0.000066
-0.000193
-0.000242
-0.000182
-0.000037
0.000140
0.000203
0.000047
-0.000169
-0.000197
-0.000055
0.000062
0.000083
0.000059
0.000037
0.000068
0.000151
0.000170
0.000057
-0.000072
-0.000095
-0.000028
0.000040
0.000057
0.000033
0.000013
0.000008
-0.000029
-0.000117
-0.000167
-0.000095
0.000017
0.000055
0.000050
0.000063
0.000012
-0.000155
-0.000282
-0.000241
-0.000106
0.000050
0.000241
0.000405
0.000443
0.000348
0.000174
-0.000012
-0.000122
-0.000120
-0.000100
-0.000128
-0.000149
-0.000132
-0.000145
-0.000177
-0.000117
0.000029
0.000122
0.000111
0.000043
-0.000076
-0.000226
-0.000268
-0.000108
0.000136
0.000249
0.000183
0.000087
0.000079
0.000094
0.000040
-0.000021
0.000025
0.000105
0.000065
-0.000061
-0.000167
-0.000243
-0.000280
-0.000226
-0.000111
-0.000029
0.000008
0.000083
0.000223
0.000292
0.000204
0.000096
0.000074
0.000070
0.000076
0.000166
0.000259
0.000199
0.000017
-0.000103
-0.000094
-0.000080
-0.000156
-0.000219
-0.000179
-0.000124
-0.000125
-0.000128
-0.000100
-0.000071
-0.000038
0.000003
-0.000010
-0.000105
-0.000152
-0.000067
0.000021
0.000009
0.000002
0.000086
0.000151
0.000091
0.000013
0.000047
0.000140
0.000205
0.000277
0.000359
0.000315
0.000051
-0.000280
-0.000412
-0.000272
-0.000047
0.000062
0.000038
-0.000012
-0.000008
0.000039
0.000022
-0.000092
-0.000152
-0.000053
0.000077
0.000088
0.000019
-0.000005
0.000030
0.000061
0.000077
0.000080
0.000040
-0.000017
-0.000056
-0.000120
-0.000197
-0.000198
-0.000120
-0.000014
0.000084
0.000128
0.000106
0.000084
0.000098
0.000104
0.000025
-0.000135
-0.000261
-0.000226
-0.000012
0.000215
0.000232
0.000037
-0.000148
-0.000169
-0.000066
0.000005
-0.000020
-0.000012
0.000091
0.000130
-0.000017
-0.000202
-0.000205
-0.000036
0.000089
0.000114
0.000182
0.000291
0.000279
0.000173
0.000121
0.000116
0.000062
-0.000006
0.000013
0.000071
0.000005
-0.000167
-0.000243
-0.000161
-0.000084
-0.000119
-0.000161
-0.000135
-0.000158
-0.000274
-0.000312
-0.000204
-0.000066
0.000027
0.000103
0.000201
0.000277
0.000259
0.000222
0.000258
0.000267
0.000141
-0.000037
-0.000135
-0.000148
-0.000127
-0.000101
-0.000090
-0.000075
-0.000015
0.000042
0.000014
-0.000050
-0.000048
-0.000003
0.000013
0.000033
0.000085
0.000107
0.000064
-0.000013
-0.000077
-0.000054
0.000050
0.000098
0.000027
-0.000038
-0.000009
0.000040
-0.000007
-0.000136
-0.000219
-0.000217
-0.000180
-0.000059
0.000149
0.000276
0.000233
0.000142
0.000102
0.000055
-0.000011
0.000000
0.000097
0.000174
0.000145
0.000012
-0.000112
-0.000159
-0.000194
-0.000222
-0.000156
-0.000053
-0.000059
-0.000140
-0.000121
0.000021
0.000129
0.000132
0.000128
0.000146
0.000055
-0.000117
-0.000135
-0.000013
0.000002
-0.000106
-0.000145
-0.000027
0.000152
0.000240
0.000199
0.000132
0.000091
0.000015
-0.000119
-0.000214
-0.000215
-0.000164
-0.000079
0.000008
0.000017
-0.000024
-0.000021
0.000026
0.000039
-0.000000
0.000022
0.000197
0.000374
0.000347
0.000162
-0.000001
-0.000065
-0.000062
-0.000053
-0.000041
-0.000005
-0.000004
-0.000090
-0.000171
-0.000162
-0.000109
-0.000049
0.000036
0.000079
-0.000010
-0.000152
-0.000183
-0.000119
-0.000087
-0.000066
0.000059
0.000193
0.000133
-0.000030
-0.000039
0.000092
0.000150
0.000049
-0.000068
-0.000015
0.000016
-0.000227
-0.000284
0.000181
0.000437
0.000070
-0.000137
0.000162
0.000205
-0.000219
-0.000386
-0.000121
-0.000022
-0.000204
-0.000149
0.000200
0.000329
0.000143
0.000077
0.000211
0.000159
-0.000126
-0.000240
-0.000029
0.000192
0.000201
0.000140
0.000137
0.000106
-0.000017
-0.000177
-0.000280
-0.000263
-0.000167
-0.000085
-0.000031
0.000011
0.000024
0.000021
0.000032
0.000038
0.000006
-0.000056
-0.000122
-0.000168
-0.000146
-0.000018
0.000148
0.000222
0.000155
0.000034
-0.000023
-0.000018
-0.000029
-0.000019
0.000075
0.000161
0.000130
0.000065
0.000114
0.000218
0.000198
0.000044
-0.000102
-0.000182
-0.000225
-0.000223
-0.000193
-0.000174
-0.000135
-0.000076
-0.000094
-0.000141
-0.000027
0.000211
0.000298
0.000140
-0.000041
-0.000056
0.000024
0.000055
0.000027
0.000027
0.000093
0.000153
0.000128
0.000070
-0.000155
-0.001135
-0.001863
0.000316
0.003506
0.002101
-0.002133
-0.001764
0.002137
0.001842
-0.002022
-0.002135
0.001119
0.001228
-0.001550
-0.001686
0.000718
0.001123
-0.000609
-0.000919
0.000477
0.000819
-0.000270
-0.000620
0.000262
0.000610
-0.000157
-0.000459
0.000344
0.000747
0.000107
-0.000197
0.000371
0.000527
-0.000125
-0.000364
0.000122
0.000199
-0.000354
-0.000437
0.000067
0.000091
-0.000379
-0.000356
0.000044
-0.000050
-0.000346
-0.000001
0.000592
0.000513
0.000025
-0.000105
-0.000011
-0.000141
-0.000328
-0.000252
-0.000050
-0.000018
-0.000095
-0.000060
0.000092
0.000294
0.000450
0.000354
0.000069
-0.000033
0.000143
0.000262
0.000100
-0.000135
-0.000209
-0.000272
-0.000493
-0.000599
-0.000301
0.000125
0.000193
0.000040
0.000220
0.000580
0.000315
-0.000466
-0.000532
0.000371
0.000779
0.000005
-0.000566
-0.000008
0.000425
-0.000193
-0.000572
0.000125
0.000404
-0.000416
-0.000541
0.000555
0.000737
-0.000404
-0.000587
0.000409
0.000411
-0.000540
-0.000565
0.000087
-0.000032
-0.000392
0.000143
0.000661
0.000066
-0.000432
0.000263
0.000698
-0.000026
-0.000135
0.000884
0.000793
-0.000544
-0.000583
0.000296
-0.000255
-0.000929
0.000171
0.000880
-0.000268
-0.000954
-0.000171
0.000311
-0.000072
-0.000453
-0.000624
-0.000362
0.000501
0.000730
-0.000244
-0.000545
0.000546
0.000830
-0.000255
-0.000432
0.000717
0.000912
-0.000400
-0.000978
-0.000025
0.000520
-0.000020
-0.000082
0.000394
-0.000125
-0.000971
-0.000263
0.001011
0.000744
-0.000247
-0.000186
0.000402
0.000196
-0.000480
-0.000427
0.000324
0.000429
-0.000607
-0.001043
0.000263
0.001063
-0.000219
-0.001018
0.000192
0.000864
-0.000087
-0.000632
-0.000195
0.000114
0.000067
0.000153
0.000482
0.000419
-0.000306
-0.000505
0.000451
0.000887
-0.000417
-0.001548
-0.000493
0.001002
0.000452
-0.000837
-0.000597
0.000309
0.000258
-0.000284
-0.000348
0.000124
0.000712
0.000490
-0.000487
-0.000326
0.000723
0.000190
-0.000983
-0.000199
0.001134
0.000900
0.000244
-0.000109
-0.000663
-0.000431
0.000875
0.001096
-0.000491
-0.001363
-0.000191
0.000769
-0.000113
-0.000959
-0.000157
0.000658
0.000142
-0.000625
-0.000720
-0.000175
0.000250
0.000020
0.000196
0.000864
0.000229
-0.000983
-0.000172
0.001062
0.000033
-0.000692
0.000926
0.001308
-0.001204
-0.001825
0.001315
0.002269
-0.001146
-0.002184
0.001227
0.001522
-0.002337
-0.001933
0.002055
0.001164
-0.002507
-0.001421
0.002037
0.001728
-0.000956
-0.001503
0.000219
0.001739
0.001425
-0.000498
-0.001021
0.000745
0.000870
-0.001073
-0.000601
0.001497
0.000357
-0.001723
-0.000465
0.000633
-0.000501
-0.000341
0.000397
-0.000494
-0.000079
0.001668
0.000317
-0.002010
-0.000530
0.001386
0.000374
-0.000140
0.000280
-0.000861
-0.000982
0.001018
0.000842
-0.001468
-0.001003
0.001686
0.001656
-0.000530
-0.000953
-0.000254
-0.000298
-0.000167
0.000501
0.000852
0.000209
-0.001157
-0.000970
0.001480
0.002180
-0.000965
-0.002813
-0.000003
0.002267
0.000257
-0.001405
0.000220
0.000605
-0.001448
-0.000568
0.002527
0.001350
-0.002535
-0.002232
0.001765
0.002968
-0.000395
-0.002985
-0.001127
0.001814
0.001390
-0.001029
-0.001027
0.001002
0.000842
-0.001254
-0.000936
0.001634
0.001600
-0.001497
-0.002378
0.000598
0.002217
-0.000323
-0.002111
0.000464
0.002467
-0.000272
-0.002517
0.000105
0.002533
0.000757
-0.001202
-0.000181
0.001012
-0.000121
-0.001669
-0.001090
0.000845
0.001179
-0.000700
-0.001344
0.000486
0.000943
-0.000865
-0.001017
0.000910
0.001357
0.000289
0.000016
-0.000377
-0.000945
0.000236
0.000978
-0.000529
-0.000503
0.001867
0.001233
-0.002497
-0.002463
0.001573
0.002510
-0.000530
-0.002078
-0.000769
0.000792
0.001041
-0.000277
-0.001464
-0.000585
0.000654
0.000231
0.000117
0.001314
0.000313
-0.002486
-0.000528
0.004784
0.003358
-0.003750
-0.004489
0.001854
0.003907
-0.000755
-0.002918
-0.000081
0.000993
-0.000399
0.000329
0.001299
-0.001240
-0.003600
-0.000768
0.003981
0.003195
-0.002738
-0.004717
0.000562
0.004451
0.001410
-0.002210
-0.001455
0.000219
0.000851
0.001218
0.000032
-0.001618
-0.000750
0.001302
0.001722
0.000752
-0.000822
-0.002342
-0.001255
0.002272
0.002664
-0.001367
-0.003031
0.000201
0.002441
0.000294
-0.002235
-0.000776
0.001869
0.000729
-0.001358
0.000073
0.001069
-0.001616
-0.002206
0.001453
0.002371
-0.000845
-0.001072
0.002327
0.001869
-0.002163
-0.001416
0.002681
0.001292
-0.003164
-0.001985
0.001921
0.000843
-0.002008
-0.000944
0.000812
-0.000076
-0.000569
0.000835
0.000852
-0.000891
-0.000402
0.002243
0.001916
-0.001936
-0.003028
0.000536
0.002358
-0.000033
-0.001101
0.000828
0.000804
-0.001323
-0.000233
0.002753
0.001250
-0.002869
-0.002622
0.000649
0.001378
0.000616
0.001165
0.000865
-0.002165
-0.004111
-0.000751
0.003820
0.002156
-0.002954
-0.002228
0.003062
0.002897
-0.003154
-0.004630
0.001782
0.006147
0.001824
-0.003903
-0.002800
0.001451
0.001331
-0.001224
0.000226
0.003083
0.000190
-0.004926
-0.002712
0.004104
0.004237
-0.001824
-0.003329
0.001097
0.002055
-0.002687
-0.003607
0.002771
0.006098
0.000442
-0.005352
-0.003079
0.002851
0.003825
-0.000416
-0.002507
0.000451
0.002226
-0.001288
-0.004089
-0.000864
0.002935
0.001487
-0.001035
-0.000049
0.001180
-0.000260
-0.001620
-0.000404
0.001451
0.000958
-0.000678
-0.000454
0.000718
0.000496
-0.000722
-0.001326
-0.000484
0.001335
0.001784
-0.000441
-0.002455
-0.001111
0.001876
0.002429
0.000538
-0.001328
-0.002869
-0.003051
-0.000070
0.003886
0.004264
0.000330
-0.003529
-0.003455
-0.000863
0.000750
0.001413
0.002576
0.002895
0.000629
-0.002442
-0.002648
-0.000447
0.000574
0.000829
0.002066
0.001719
-0.001176
-0.001944
0.000545
0.000684
-0.002157
-0.001500
0.002681
0.002478
-0.002761
-0.004448
-0.000352
0.002741
0.001882
0.000402
-0.000202
-0.001406
-0.002433
-0.000948
0.002034
0.003224
0.001790
-0.000128
-0.001248
-0.002333
-0.002410
0.000846
0.004772
0.003396
-0.002143
-0.004327
-0.001564
0.000630
0.000145
-0.000011
0.000937
0.000790
-0.000681
-0.001097
0.000553
0.001617
-0.000089
-0.001756
-0.000043
0.002201
0.000982
-0.001020
-0.000371
0.000658
0.000116
-0.000204
0.000217
-0.000027
-0.000870
-0.001275
-0.000907
0.000110
0.001166
0.000963
-0.000522
-0.001126
-0.000315
-0.000143
-0.000374
0.001061
0.002461
0.000974
-0.001162
-0.000874
0.000003
-0.000535
-0.000318
0.001310
0.000737
-0.001669
-0.001150
0.001272
0.001035
-0.000667
-0.000543
0.000062
-0.000985
-0.001555
0.000486
0.001813
-0.000708
-0.002447
0.001352
0.004740
0.000651
-0.004804
-0.002793
0.002211
0.002027
-0.000395
0.001262
0.003826
0.000669
-0.004840
-0.004030
0.001661
0.003171
-0.000314
-0.001017
0.002141
0.001830
-0.002855
-0.003925
0.000672
0.003092
0.000103
-0.001943
0.000175
0.001733
-0.000310
-0.002729
-0.001775
0.001579
0.003300
0.001718
-0.001028
-0.002503
-0.002472
-0.001200
0.001451
0.003876
0.003222
-0.000843
-0.003679
-0.000982
0.002840
0.000826
-0.003520
-0.001805
0.004082
0.004597
-0.001687
-0.005622
-0.002067
0.002730
0.002192
-0.000687
-0.000679
0.000244
-0.001095
-0.001778
0.000462
0.001845
0.000073
-0.001156
0.000632
0.001913
0.000048
-0.001306
0.000435
0.001879
0.000836
-0.000810
-0.001901
-0.001885
0.000300
0.002982
0.002311
-0.001805
-0.004005
-0.001299
0.001769
0.001476
0.000589
0.000318
-0.001591
-0.002600
0.000431
0.002526
0.000025
-0.001269
0.001763
0.002926
-0.000857
-0.003915
-0.002133
0.001370
0.002754
0.002240
0.001156
-0.000155
-0.001229
-0.001859
-0.002707
-0.002602
0.001257
0.006162
0.004755
-0.002484
-0.006094
-0.002438
0.001646
0.001432
0.000275
0.000926
0.000905
-0.000821
-0.001581
-0.001026
-0.001065
-0.000853
0.001446
0.003843
0.002438
-0.001888
-0.003489
-0.000716
0.001700
0.001012
-0.000292
-0.000014
0.000903
0.000663
-0.000976
-0.002227
-0.001083
0.001588
0.002458
0.000546
-0.001503
-0.001540
-0.000081
0.001319
0.001339
-0.000399
-0.001823
-0.000281
0.002534
0.001838
-0.002486
-0.004473
-0.001200
0.002611
0.002463
0.000399
0.000087
0.000537
-0.000756
-0.001919
-0.000085
0.002287
0.001179
-0.001707
-0.001827
0.000268
0.000805
-0.000281
-0.001122
-0.001133
0.000476
0.002887
0.002971
0.000111
-0.002717
-0.002968
-0.000559
0.002687
0.003483
0.000020
-0.003637
-0.002061
0.002107
0.001836
-0.002202
-0.003009
0.000716
0.003166
0.001268
-0.001290
-0.001006
0.000220
0.000045
0.000036
0.001044
0.000391
-0.002085
-0.001732
0.002389
0.004033
0.000076
-0.003773
-0.002605
0.000532
0.001431
0.000907
0.000701
0.000112
-0.001122
-0.001638
-0.000819
0.000677
0.001918
0.001980
0.000745
-0.000735
-0.001407
-0.001294
-0.000914
-0.000017
0.001345
0.001559
-0.000063
-0.001626
-0.001559
-0.000483
0.000834
0.002219
0.002284
-0.000227
-0.003204
-0.003221
-0.000435
0.001761
0.001701
0.001011
0.001119
0.000876
-0.000779
-0.001811
-0.000647
0.000521
0.000597
0.001594
0.002537
-0.000180
-0.004658
-0.004813
-0.000181
0.003781
0.003797
0.001235
-0.001258
-0.002373
-0.002501
-0.002215
-0.000664
0.002474
0.004259
0.002230
-0.000741
-0.001154
-0.000896
-0.001965
-0.001264
0.002551
0.004440
0.001105
-0.002962
-0.002697
-0.000052
0.000673
-0.000130
0.000018
0.000583
0.000019
-0.000769
-0.000446
-0.000004
-0.000736
-0.001722
-0.001217
0.001039
0.002899
0.001910
-0.000881
-0.001906
-0.000363
0.000774
0.000010
-0.000535
0.000216
0.000457
-0.000238
-0.000087
0.000941
0.001147
0.000291
-0.000412
-0.000612
-0.000992
-0.001097
0.000291
0.002290
0.002391
0.000086
-0.002004
-0.001837
-0.000890
-0.000638
0.000537
0.002918
0.002919
-0.000664
-0.003544
-0.002756
-0.000813
-0.000277
0.000122
0.001760
0.002888
0.001253
-0.001691
-0.002382
-0.000967
-0.000381
-0.000276
0.001518
0.003308
0.001732
-0.002090
-0.003547
-0.001118
0.001911
0.002565
0.001441
0.000334
-0.000843
-0.002684
-0.003102
-0.000138
0.003236
0.003026
0.000547
-0.000473
0.000220
0.000351
-0.000884
-0.002421
-0.003233
-0.002606
0.000124
0.003770
0.005152
0.003119
-0.000076
-0.002160
-0.002905
-0.003014
-0.002464
-0.000689
0.001577
0.002651
0.002679
0.002493
0.000980
-0.001872
-0.003300
-0.002389
-0.001080
-0.000132
0.000874
0.001270
0.000796
0.000874
0.001745
0.001329
-0.001160
-0.003412
-0.002781
0.000160
0.001950
0.001297
0.000818
0.002012
0.002612
0.000555
-0.002558
-0.003471
-0.001589
0.000522
0.001051
0.000824
0.000757
0.000625
0.000327
-0.000190
-0.000963
-0.001412
-0.001251
-0.000922
-0.000574
0.000074
0.001127
0.002120
0.002118
0.000881
-0.000637
-0.001488
-0.001513
-0.001279
-0.001205
-0.000284
0.002178
0.003804
0.002002
-0.001379
-0.002646
-0.001541
0.000096
0.001415
0.001588
-0.000076
-0.001904
-0.001261
0.001221
0.001989
-0.000085
-0.002004
-0.001341
0.000450
0.000834
-0.000211
-0.001034
-0.000712
0.000617
0.002033
0.002158
0.000456
-0.001860
-0.002731
-0.001408
0.000712
0.002002
0.001905
0.000440
-0.001315
-0.001539
-0.000247
0.000668
0.000579
0.000348
-0.000063
-0.000944
-0.001398
-0.000720
0.000399
0.001014
0.001447
0.001957
0.000959
-0.001880
-0.003354
-0.001512
0.001067
0.001745
0.001298
0.001036
0.000576
-0.000317
-0.000794
-0.000332
0.000539
0.000688
-0.000274
-0.001155
-0.001006
-0.000555
-0.000325
0.000395
0.001182
0.000436
-0.001209
-0.001595
-0.000750
-0.000021
0.000476
0.000923
0.000808
0.000381
0.000619
0.000951
-0.000009
-0.001341
-0.000735
0.001343
0.001838
-0.000071
-0.001722
-0.001290
-0.000095
0.000412
0.000742
0.001288
0.000909
-0.000750
-0.001776
-0.001013
-0.000136
-0.000523
-0.000864
0.000200
0.001492
0.001302
0.000195
-0.000170
0.000210
0.000291
0.000153
0.000196
-0.000233
-0.001241
-0.001555
-0.000467
0.001308
0.002313
0.001134
-0.001602
-0.002670
-0.000550
0.001710
0.001290
-0.000291
-0.001166
-0.001651
-0.001277
0.000494
0.002089
0.002172
0.001003
-0.000804
-0.002172
-0.001881
-0.000213
0.001447
0.002351
0.002057
0.000263
-0.001400
-0.000963
0.000204
-0.000097
-0.000663
0.000200
0.001070
0.000390
-0.000817
-0.001315
-0.001162
-0.000378
0.000738
0.000871
-0.000316
-0.001146
-0.000468
0.000571
0.000532
-0.000256
-0.000667
-0.000209
0.000667
0.001049
0.000895
0.000697
0.000092
-0.000790
-0.000545
0.000763
0.001223
0.000410
-0.000358
-0.000663
-0.000987
-0.001274
-0.001050
0.000049
0.001655
0.002307
0.001265
-0.000261
-0.001322
-0.002309
-0.002756
-0.001440
0.000658
0.001234
0.000825
0.001429
0.001887
0.000456
-0.001052
-0.000900
-0.000424
-0.000665
-0.000738
-0.000202
0.000510
0.001154
0.001288
0.000946
0.000985
0.000947
-0.000156
-0.001270
-0.001271
-0.000761
-0.000151
0.000440
0.000153
-0.000678
-0.000223
0.001150
0.001055
-0.000414
-0.001136
-0.000790
-0.000459
-0.000609
-0.001136
-0.001442
-0.000602
0.001158
0.002302
0.001919
0.000475
-0.000884
-0.001076
-0.000303
0.000076
-0.000141
0.000266
0.001294
0.001368
0.000118
-0.000741
-0.000170
0.000493
0.000157
-0.000079
0.000547
0.000775
-0.000229
-0.001310
-0.001315
-0.000816
-0.000638
-0.000275
0.000645
0.001156
0.000554
-0.000524
-0.001212
-0.001290
-0.000809
0.000209
0.001266
0.001392
0.000376
-0.000693
-0.000515
0.000865
0.001748
0.000827
-0.000734
-0.000824
0.000168
-0.000009
-0.001248
-0.000994
0.001071
0.002034
0.000593
-0.000952
-0.000931
-0.000521
-0.000640
-0.000439
0.000269
0.000429
0.000037
-0.000029
0.000029
-0.000285
-0.000484
-0.000187
0.000136
0.000054
-0.000130
0.000221
0.001014
0.001154
0.000100
-0.000939
-0.000590
0.000533
0.000937
0.000624
0.000338
-0.000137
-0.000897
-0.001015
-0.000184
0.000550
0.000477
0.000119
-0.000025
-0.000266
-0.000697
-0.000769
-0.000336
-0.000011
-0.000188
-0.000278
0.000368
0.001077
0.000692
-0.000564
-0.001332
-0.000787
0.000533
0.001243
0.000725
-0.000069
-0.000217
-0.000094
-0.000162
-0.000206
-0.000214
-0.000275
0.000013
0.000575
0.000493
-0.000254
-0.000431
0.000334
0.000842
0.000348
-0.000277
-0.000203
0.000015
-0.000276
-0.000563
-0.000175
0.000498
0.000619
0.000124
-0.000355
-0.000356
0.000146
0.000646
0.000381
-0.000438
-0.000649
-0.000062
0.000231
-0.000188
-0.000561
-0.000431
-0.000243
-0.000329
-0.000198
0.000450
0.000912
0.000556
-0.000190
-0.000495
-0.000308
-0.000212
-0.000185
0.000278
0.000883
0.000770
0.000008
-0.000409
-0.000261
-0.000255
-0.000343
0.000146
0.000784
0.000583
-0.000175
-0.000525
-0.000402
-0.000111
0.000416
0.000687
-0.000150
-0.001478
-0.001675
-0.000501
0.000704
0.000968
0.000704
0.000699
0.000757
0.000122
-0.000973
-0.001278
-0.000318
0.000795
0.000978
0.000515
0.000130
-0.000014
-0.000040
-0.000063
-0.000153
-0.000204
-0.000201
-0.000334
-0.000501
-0.000360
-0.000002
0.000145
0.000127
0.000345
0.000608
0.000354
-0.000294
-0.000722
-0.000656
-0.000204
0.000358
0.000646
0.000500
0.000145
-0.000113
-0.000185
-0.000169
-0.000086
0.000141
0.000309
0.000010
-0.000530
-0.000387
0.000525
0.001027
0.000579
-0.000064
-0.000377
-0.000651
-0.001032
-0.001114
-0.000608
0.000249
0.001000
0.001271
0.000981
0.000309
-0.000500
-0.001083
-0.001119
-0.000700
-0.000152
0.000302
0.000571
0.000664
0.000650
0.000554
0.000400
0.000260
-0.000025
-0.000677
-0.001240
-0.000996
-0.000234
0.000224
0.000382
0.000623
0.000741
0.000483
0.000111
-0.000143
-0.000376
-0.000533
-0.000396
-0.000157
-0.000096
0.000151
0.000855
0.001274
0.000742
-0.000142
-0.000583
-0.000762
-0.000902
-0.000592
0.000163
0.000606
0.000351
-0.000146
-0.000319
-0.000084
0.000251
0.000387
0.000200
-0.000311
-0.000887
-0.001010
-0.000491
0.000175
0.000468
0.000547
0.000750
0.000821
0.000416
-0.000143
-0.000460
-0.000711
-0.000918
-0.000537
0.000453
0.001166
0.001069
0.000542
0.000027
-0.000414
-0.000695
-0.000662
-0.000384
-0.000120
0.000005
0.000185
0.000643
0.001113
0.000974
0.000090
-0.000872
-0.001210
-0.000932
-0.000563
-0.000343
0.000011
0.000585
0.000913
0.000688
0.000232
-0.000069
-0.000253
-0.000403
-0.000437
-0.000279
0.000063
0.000399
0.000499
0.000383
0.000219
0.000076
-0.000132
-0.000449
-0.000765
-0.000880
-0.000577
0.000075
0.000570
0.000549
0.000305
0.000284
0.000427
0.000418
0.000211
-0.000084
-0.000432
-0.000691
-0.000625
-0.000215
0.000291
0.000577
0.000472
0.000142
-0.000087
-0.000177
-0.000205
-0.000000
0.000415
0.000527
0.000072
-0.000482
-0.000582
-0.000289
-0.000049
-0.000069
-0.000073
0.000257
0.000630
0.000501
0.000002
-0.000301
-0.000364
-0.000468
-0.000456
-0.000111
0.000179
0.000000
-0.000270
-0.000047
0.000442
0.000544
0.000208
-0.000121
-0.000231
-0.000208
-0.000166
-0.000169
-0.000179
-0.000128
-0.000014
0.000154
0.000274
0.000198
0.000056
0.000067
0.000092
-0.000020
-0.000040
0.000195
0.000433
0.000339
-0.000037
-0.000278
-0.000138
0.000149
0.000233
0.000046
-0.000199
-0.000275
-0.000152
0.000038
0.000128
0.000009
-0.000224
-0.000285
-0.000059
0.000223
0.000307
0.000220
0.000097
-0.000043
-0.000186
-0.000213
-0.000118
-0.000120
-0.000298
-0.000361
-0.000072
0.000337
0.000508
0.000436
0.000278
0.000053
-0.000178
-0.000241
-0.000137
-0.000042
-0.000030
-0.000016
0.000105
0.000260
0.000162
-0.000207
-0.000415
-0.000203
0.000149
0.000315
0.000338
0.000324
0.000162
-0.000162
-0.000351
-0.000227
-0.000014
0.000070
0.000128
0.000268
0.000270
-0.000128
-0.000709
-0.001004
-0.000909
-0.000592
-0.000170
0.000219
0.000447
0.000534
0.000474
0.000227
-0.000069
-0.000211
-0.000208
-0.000205
-0.000206
-0.000053
0.000288
0.000601
0.000656
0.000485
0.000282
0.000074
-0.000197
-0.000408
-0.000430
-0.000325
-0.000177
0.000019
0.000276
0.000502
0.000489
0.000146
-0.000307
-0.000564
-0.000646
-0.000807
-0.000974
-0.000768
-0.000191
0.000281
0.000388
0.000285
0.000135
-0.000002
-0.000035
0.000066
0.000221
0.000420
0.000742
0.001155
0.001456
0.001456
0.001161
0.000810
0.000622
0.000539
0.000378
0.000159
0.000057
0.000082
0.000064
-0.000087
-0.000307
-0.000512
-0.000737
-0.001098
-0.001515
-0.001665
-0.001442
-0.001156
-0.000996
-0.000752
-0.000402
-0.000327
-0.000641
-0.000965
-0.001058
-0.001050
-0.000967
-0.000597
0.000083
0.000774
0.001230
0.001451
0.001513
0.001485
0.001432
0.001403
0.001421
0.001430
0.001401
0.001360
0.001147
0.000646
0.000111
-0.000201
-0.000291
-0.000267
-0.000312
-0.000568
-0.001000
-0.001414
-0.001500
-0.001107
-0.000583
-0.000507
-0.000917
-0.001194
-0.001045
-0.000886
-0.000916
-0.000767
-0.000287
0.000159
0.000338
0.000483
0.000654
0.000305
-0.000817
-0.001777
-0.001551
-0.000675
-0.000491
-0.000881
-0.000356
0.001308
0.002497
0.002379
0.002044
0.002213
0.001965
0.000931
0.000548
0.001562
0.002434
0.001996
0.001466
0.001978
0.002476
0.001780
0.000635
0.000120
-0.000224
-0.001123
-0.001963
-0.001954
-0.001590
-0.001673
-0.002010
-0.002042
-0.001949
-0.002248
-0.002818
-0.003089
-0.002925
-0.002697
-0.002562
-0.002205
-0.001417
-0.000561
-0.000092
0.000117
0.000428
0.000759
0.000838
0.000856
0.001233
0.001879
0.002289
0.002147
0.001495
0.001049
0.001809
0.003253
0.003576
0.002798
0.002897
0.003828
0.003404
0.001982
0.001923
0.002276
0.000466
-0.001960
-0.002068
-0.001326
-0.002325
-0.003672
-0.003406
-0.002919
-0.003530
-0.003864
-0.003051
-0.002282
-0.002253
-0.002318
-0.001959
-0.001125
-0.000145
0.000226
-0.000020
0.000142
0.000733
0.000631
0.000138
0.000650
0.001747
0.001899
0.001478
0.001888
0.002767
0.002894
0.002574
0.002686
0.002719
0.001852
0.000744
0.000462
0.000657
0.000333
-0.000348
-0.000549
-0.000518
-0.001325
-0.003002
-0.004321
-0.004483
-0.004061
-0.004037
-0.004276
-0.003483
-0.001175
0.001067
0.001679
0.001563
0.002240
0.002832
0.001982
0.001117
0.002101
0.003545
0.003268
0.002344
0.002912
0.004085
0.003697
0.002177
0.001358
0.001078
-0.000001
-0.001461
-0.001761
-0.001068
-0.001001
-0.001897
-0.002493
-0.002270
-0.002246
-0.003032
-0.003792
-0.003825
-0.003537
-0.003337
-0.003012
-0.002300
-0.001309
-0.000514
-0.000309
-0.000358
0.000017
0.000697
0.001023
0.001109
0.001664
0.002560
0.002982
0.002843
0.002698
0.002487
0.001903
0.001616
0.002321
0.003209
0.003146
0.002579
0.002614
0.003021
0.002772
0.001824
0.000848
-0.000175
-0.001624
-0.003020
-0.003571
-0.003451
-0.003428
-0.003794
-0.004189
-0.004082
-0.003453
-0.002865
-0.002547
-0.002063
-0.001341
-0.000940
-0.000793
-0.000123
0.000969
0.001445
0.001169
0.001102
0.001485
0.001527
0.001065
0.000945
0.001537
0.002244
0.002589
0.002768
0.002950
0.002775
0.002050
0.001329
0.001040
0.000769
0.000122
-0.000489
-0.000650
-0.000710
-0.001182
-0.002113
-0.003252
-0.004222
-0.004743
-0.005012
-0.005152
-0.004391
-0.002152
0.000344
0.001538
0.001953
0.002880
0.003719
0.003204
0.002132
0.002185
0.002976
0.002980
0.002505
0.003011
0.004221
0.004445
0.003378
0.002291
0.001618
0.000465
-0.001328
-0.002605
-0.002784
-0.002692
-0.003033
-0.003364
-0.003103
-0.002617
-0.002705
-0.003431
-0.004032
-0.004014
-0.003752
-0.003658
-0.003349
-0.002270
-0.000758
0.000308
0.000824
0.001440
0.002196
0.002459
0.002262
0.002302
0.002703
0.003019
0.003220
0.003600
0.004060
0.004105
0.003398
0.002218
0.001300
0.001032
0.001092
0.001122
0.001168
0.001199
0.000939
0.000469
0.000122
-0.000322
-0.001460
-0.003163
-0.004515
-0.004961
-0.004830
-0.004655
-0.004483
-0.004047
-0.003349
-0.002642
-0.001934
-0.001087
-0.000305
0.000110
0.000373
0.000991
0.001991
0.002894
0.003407
0.003525
0.003189
0.002509
0.001922
0.001588
0.001196
0.000699
0.000545
0.000947
0.001508
0.001780
0.001742
0.001489
0.000907
-0.000009
-0.000950
-0.001666
-0.002186
-0.002493
-0.002456
-0.002333
-0.002718
-0.003586
-0.004151
-0.004131
-0.004124
-0.004111
-0.002942
-0.000425
0.001724
0.002486
0.003144
0.004598
0.005409
0.004521
0.003469
0.003704
0.004129
0.003466
0.002770
0.003367
0.004232
0.003662
0.002041
0.000884
0.000249
-0.000919
-0.002585
-0.003696
-0.004094
-0.004575
-0.005234
-0.005330
-0.004674
-0.003958
-0.003700
-0.003691
-0.003543
-0.003262
-0.003068
-0.002887
-0.002271
-0.000988
0.000504
0.001611
0.002386
0.003217
0.003988
0.004213
0.003968
0.003866
0.004054
0.004081
0.003815
0.003674
0.003798
0.003653
0.002830
0.001658
0.000631
-0.000122
-0.000525
-0.000573
-0.000708
-0.001227
-0.001602
-0.001432
-0.001323
-0.001832
-0.002644
-0.003485
-0.004455
-0.005174
-0.005012
-0.004256
-0.003679
-0.003187
-0.002225
-0.000977
0.000038
0.000824
0.001531
0.001972
0.002118
0.002353
0.002905
0.003575
0.004010
0.003943
0.003437
0.002860
0.002343
0.001652
0.000794
0.000132
-0.000270
-0.000676
-0.001048
-0.001071
-0.000708
-0.000353
-0.000349
-0.000598
-0.000951
-0.001552
-0.002338
-0.002814
-0.002731
-0.002555
-0.002881
-0.003517
-0.003701
-0.003285
-0.002874
-0.002502
-0.001218
0.001170
0.003181
0.003805
0.004077
0.004977
0.005573
0.004999
0.004275
0.004397
0.004529
0.003707
0.002781
0.002923
0.003370
0.002531
0.000634
-0.000727
-0.001273
-0.002188
-0.003781
-0.005037
-0.005461
-0.005610
-0.005847
-0.005846
-0.005305
-0.004487
-0.003921
-0.003676
-0.003284
-0.002535
-0.001793
-0.001251
-0.000540
0.000560
0.001681
0.002557
0.003433
0.004406
0.005109
0.005281
0.005114
0.004917
0.004724
0.004380
0.003894
0.003479
0.003195
0.002767
0.001890
0.000616
-0.000567
-0.001166
-0.001514
-0.002518
-0.003859
-0.004006
-0.002992
-0.002711
-0.003382
-0.003136
-0.002071
-0.002311
-0.003525
-0.003408
-0.002362
-0.002529
-0.003280
-0.002524
-0.000715
0.000439
0.001078
0.002059
0.002973
0.003201
0.003133
0.003312
0.003602
0.003635
0.003370
0.003099
0.003055
0.002873
0.001935
0.000471
-0.000558
-0.000932
-0.001432
-0.002301
-0.002715
-0.002284
-0.001790
-0.001807
-0.001821
-0.001382
-0.001035
-0.001281
-0.001606
-0.001498
-0.001344
-0.001535
-0.001896
-0.002357
-0.002843
-0.002815
-0.002185
-0.001651
-0.001079
0.000620
0.003144
0.004670
0.004812
0.005154
0.006104
0.006097
0.004763
0.003860
0.004030
0.003643
0.002112
0.001243
0.001843
0.002055
0.000577
-0.001214
-0.001922
-0.002471
-0.004014
-0.005698
-0.006303
-0.006272
-0.006464
-0.006450
-0.005496
-0.004062
-0.003135
-0.002804
-0.002394
-0.001621
-0.000819
-0.000227
0.000323
0.001094
0.002153
0.003266
0.004077
0.004578
0.005115
0.005645
0.005680
0.005199
0.004722
0.004358
0.003736
0.002899
0.002256
0.001739
0.000960
-0.000015
-0.000873
-0.001731
-0.002888
-0.004045
-0.004462
-0.004115
-0.003850
-0.003977
-0.003723
-0.002745
-0.002021
-0.002222
-0.002528
-0.002194
-0.001786
-0.001817
-0.001763
-0.001192
-0.000429
0.000285
0.001215
0.002493
0.003726
0.004399
0.004455
0.004307
0.004209
0.003909
0.003259
0.002703
0.002456
0.001924
0.000757
-0.000452
-0.001199
-0.001826
-0.002676
-0.003417
-0.003639
-0.003403
-0.002981
-0.002524
-0.002049
-0.001632
-0.001420
-0.001346
-0.001149
-0.000759
-0.000394
-0.000241
-0.000330
-0.000661
-0.001105
-0.001293
-0.001057
-0.000824
-0.000840
-0.000266
0.001651
0.003846
0.004722
0.004762
0.005466
0.006330
0.005764
0.004243
0.003469
0.003214
0.002031
0.000330
-0.000227
0.000190
-0.000114
-0.001406
-0.002371
-0.002671
-0.003406
-0.004883
-0.005955
-0.006009
-0.005767
-0.005737
-0.005442
-0.004504
-0.003316
-0.002335
-0.001487
-0.000548
0.000428
0.001205
0.001626
0.001893
0.002408
0.003093
0.003496
0.003662
0.004074
0.004717
0.005041
0.004819
0.004346
0.003827
0.003148
0.002282
0.001459
0.000806
0.000110
-0.000861
-0.001844
-0.002367
-0.002662
-0.003315
-0.003959
-0.003829
-0.003312
-0.003253
-0.003280
-0.002630
-0.001815
-0.001658
-0.001670
-0.001100
-0.000405
-0.000286
-0.000450
-0.000283
0.000233
0.000778
0.001240
0.001785
0.002561
0.003333
0.003680
0.003597
0.003427
0.003173
0.002583
0.001931
0.001689
0.001473
0.000517
-0.000954
-0.002003
-0.002461
-0.002944
-0.003536
-0.003604
-0.002995
-0.002340
-0.002003
-0.001657
-0.001111
-0.000707
-0.000600
-0.000457
-0.000092
0.000257
0.000406
0.000471
0.000555
0.000464
-0.000003
-0.000473
-0.000335
0.000085
-0.000176
-0.000736
0.000041
0.002114
0.003382
0.003233
0.003491
0.004750
0.005052
0.003558
0.002222
0.002218
0.001903
0.000142
-0.001360
-0.001174
-0.000734
-0.001546
-0.002516
-0.002352
-0.002074
-0.002912
-0.003971
-0.004032
-0.003674
-0.003928
-0.004377
-0.003961
-0.002699
-0.001493
-0.000763
-0.000157
0.000629
0.001345
0.001598
0.001533
0.001708
0.002228
0.002605
0.002660
0.002849
0.003381
0.003752
0.003595
0.003295
0.003195
0.002884
0.001981
0.000913
0.000162
-0.000539
-0.001517
-0.002411
-0.002801
-0.002876
-0.002878
-0.002640
-0.002156
-0.001727
-0.001330
-0.000817
-0.000525
-0.000654
-0.000723
-0.000576
-0.000716
-0.001107
-0.001131
-0.000804
-0.000557
-0.000251
0.000345
0.000921
0.001310
0.001788
0.002325
0.002582
0.002543
0.002364
0.002042
0.001698
0.001448
0.001001
0.000159
-0.000668
-0.001147
-0.001566
-0.002144
-0.002528
-0.002417
-0.002087
-0.001889
-0.001635
-0.000976
-0.000124
0.000379
0.000420
0.000296
0.000196
0.000112
0.000034
0.000009
0.000078
0.000201
0.000219
0.000039
-0.000095
0.000041
0.000109
-0.000295
-0.000781
-0.000526
0.000511
0.001461
0.001816
0.002091
0.002814
0.003490
0.003325
0.002606
0.002209
0.001954
0.000977
-0.000463
-0.001218
-0.001167
-0.001268
-0.001824
-0.002220
-0.002201
-0.002206
-0.002479
-0.002667
-0.002472
-0.002251
-0.002440
-0.002657
-0.002228
-0.001364
-0.000796
-0.000524
0.000029
0.000843
0.001324
0.001389
0.001554
0.001947
0.002108
0.001878
0.001752
0.002052
0.002346
0.002214
0.001947
0.001872
0.001785
0.001471
0.001051
0.000598
-0.000103
-0.001147
-0.002061
-0.002357
-0.002376
-0.002600
-0.002444
-0.001256
0.000078
0.000470
0.000509
0.000917
0.000853
-0.000219
-0.001175
-0.001346
-0.001541
-0.002016
-0.001946
-0.001185
-0.000377
0.000274
0.000884
0.001424
0.001937
0.002327
0.002213
0.001671
0.001321
0.001281
0.000995
0.000289
-0.000358
-0.000656
-0.000821
-0.001056
-0.001193
-0.001035
-0.000781
-0.000726
-0.000784
-0.000743
-0.000671
-0.000648
-0.000493
-0.000121
0.000227
0.000366
0.000361
0.000248
0.000088
0.000035
0.000043
-0.000058
-0.000235
-0.000346
-0.000340
-0.000191
0.000041
0.000167
0.000135
0.000039
-0.000087
-0.000069
0.000467
0.001417
0.002044
0.002068
0.002067
0.002278
0.002133
0.001419
0.000769
0.000536
0.000241
-0.000427
-0.001007
-0.001136
-0.001210
-0.001612
-0.001974
-0.001846
-0.001556
-0.001682
-0.002023
-0.001928
-0.001419
-0.001091
-0.001076
-0.000979
-0.000662
-0.000335
-0.000089
0.000165
0.000495
0.000879
0.001204
0.001410
0.001561
0.001624
0.001460
0.001175
0.001091
0.001212
0.001077
0.000419
-0.000248
-0.000228
0.000209
0.000190
-0.000176
0.000108
0.001041
0.001519
0.001290
0.001149
0.001197
0.000731
-0.000290
-0.001151
-0.001607
-0.002099
-0.002786
-0.003147
-0.002793
-0.002105
-0.001584
-0.001116
-0.000372
0.000436
0.000842
0.000930
0.001107
0.001319
0.001214
0.000803
0.000462
0.000333
0.000178
-0.000075
-0.000127
0.000123
0.000319
0.000248
0.000174
0.000341
0.000616
0.000767
0.000760
0.000678
0.000511
0.000182
-0.000232
-0.000535
-0.000718
-0.000915
-0.001042
-0.000867
-0.000464
-0.000192
-0.000256
-0.000503
-0.000589
-0.000396
-0.000296
-0.000634
-0.001029
-0.000815
-0.000075
0.000468
0.000585
0.000819
0.001450
0.001934
0.001787
0.001420
0.001446
0.001626
0.001397
0.001009
0.000975
0.000896
0.000211
-0.000555
-0.000691
-0.000595
-0.000925
-0.001390
-0.001486
-0.001496
-0.001817
-0.002122
-0.001973
-0.001512
-0.001093
-0.000792
-0.000492
-0.000184
-0.000024
-0.000047
-0.000049
0.000135
0.000398
0.000521
0.000492
0.000519
0.000743
0.001085
0.001344
0.001412
0.001393
0.001334
0.001084
0.000690
0.000454
0.000397
0.000293
0.000195
0.000260
0.000323
0.000199
0.000041
-0.000009
-0.000129
-0.000462
-0.000853
-0.001152
-0.001376
-0.001509
-0.001491
-0.001358
-0.001164
-0.000904
-0.000570
-0.000206
0.000143
0.000481
0.000772
0.000901
0.000820
0.000612
0.000372
0.000085
-0.000299
-0.000601
-0.000455
0.000128
0.000655
0.000832
0.000831
0.000814
0.000713
0.000464
0.000123
-0.000233
-0.000527
-0.000660
-0.000628
-0.000540
-0.000399
-0.000113
0.000243
0.000433
0.000374
0.000182
-0.000055
-0.000312
-0.000511
-0.000606
-0.000625
-0.000596
-0.000481
-0.000233
0.000092
0.000365
0.000524
0.000555
0.000445
0.000249
0.000106
0.000156
0.000367
0.000524
0.000551
0.000632
0.000843
0.000986
0.000958
0.000880
0.000776
0.000529
0.000125
-0.000289
-0.000582
-0.000852
-0.001269
-0.001643
-0.001584
-0.001149
-0.000805
-0.000708
-0.000577
-0.000300
-0.000089
-0.000024
0.000007
-0.000000
-0.000102
-0.000200
-0.000217
-0.000192
-0.000107
0.000098
0.000342
0.000501
0.000574
0.000627
0.000677
0.000710
0.000719
0.000678
0.000589
0.000536
0.000564
0.000579
0.000515
0.000404
0.000202
-0.000117
-0.000398
-0.000544
-0.000619
-0.000629
-0.000544
-0.000391
-0.000173
0.000050
0.000093
-0.000063
-0.000222
-0.000346
-0.000571
-0.000852
-0.001001
-0.000947
-0.000725
-0.000402
-0.000097
0.000113
0.000304
0.000535
0.000698
0.000698
0.000598
0.000487
0.000393
0.000289
0.000140
-0.000011
-0.000052
0.000054
0.000150
0.000067
-0.000056
0.000033
0.000235
0.000262
0.000164
0.000187
0.000261
0.000138
-0.000153
-0.000384
-0.000472
-0.000481
-0.000417
-0.000207
0.000095
0.000243
0.000117
-0.000083
-0.000174
-0.000177
-0.000151
-0.000130
-0.000095
0.000010
0.000145
0.000242
0.000339
0.000468
0.000567
0.000622
0.000705
0.000781
0.000717
0.000481
0.000142
-0.000223
-0.000529
-0.000685
-0.000706
-0.000724
-0.000771
-0.000714
-0.000501
-0.000243
-0.000091
-0.000116
-0.000222
-0.000238
-0.000151
-0.000075
-0.000032
0.000060
0.000209
0.000264
0.000110
-0.000141
-0.000293
-0.000293
-0.000218
-0.000163
-0.000126
0.000001
0.000215
0.000330
0.000287
0.000305
0.000524
0.000777
0.000907
0.000970
0.000988
0.000810
0.000395
-0.000041
-0.000312
-0.000455
-0.000586
-0.000724
-0.000800
-0.000782
-0.000692
-0.000535
-0.000307
-0.000045
0.000198
0.000373
0.000401
0.000238
-0.000038
-0.000292
-0.000471
-0.000625
-0.000728
-0.000621
-0.000307
-0.000045
0.000093
0.000338
0.000670
0.000776
0.000642
0.000525
0.000456
0.000282
0.000032
-0.000117
-0.000108
-0.000016
0.000071
0.000069
0.000002
0.000023
0.000150
0.000212
0.000148
0.000047
-0.000040
-0.000071
-0.000030
-0.000032
-0.000130
-0.000211
-0.000209
-0.000205
-0.000254
-0.000293
-0.000264
-0.000204
-0.000159
-0.000123
-0.000058
0.000029
0.000091
0.000144
0.000190
0.000148
0.000099
0.000245
0.000468
0.000435
0.000151
-0.000028
0.000050
0.000123
0.000015
-0.000106
-0.000125
-0.000125
-0.000126
-0.000029
0.000137
0.000170
0.000041
-0.000042
-0.000063
-0.000187
-0.000340
-0.000311
-0.000146
-0.000080
-0.000137
-0.000171
-0.000204
-0.000305
-0.000381
-0.000386
-0.000381
-0.000305
-0.000108
0.000080
0.000200
0.000344
0.000511
0.000610
0.000629
0.000580
0.000434
0.000257
0.000149
0.000055
-0.000088
-0.000150
-0.000045
0.000061
0.000037
0.000013
0.000131
0.000306
0.000371
0.000255
0.000019
-0.000214
-0.000372
-0.000506
-0.000670
-0.000770
-0.000709
-0.000560
-0.000390
-0.000192
-0.000041
0.000002
0.000061
0.000224
0.000387
0.000451
0.000391
0.000224
0.000060
0.000002
0.000009
0.000046
0.000187
0.000363
0.000346
0.000188
0.000191
0.000372
0.000450
0.000324
0.000097
-0.000189
-0.000506
-0.000718
-0.000683
-0.000425
-0.000158
-0.000024
0.000085
0.000216
0.000194
0.000049
0.000031
0.000129
0.000116
-0.000033
-0.000175
-0.000276
-0.000354
-0.000319
-0.000108
0.000150
0.000292
0.000335
0.000380
0.000414
0.000361
0.000250
0.000177
0.000105
-0.000073
-0.000301
-0.000454
-0.000538
-0.000497
-0.000250
0.000009
0.000084
0.000124
0.000287
0.000446
0.000460
0.000292
-0.000038
-0.000334
-0.000390
-0.000339
-0.000394
-0.000428
-0.000313
-0.000259
-0.000303
-0.000152
0.000159
0.000323
0.000389
0.000508
0.000473
0.000159
-0.000083
-0.000001
0.000084
-0.000082
-0.000169
0.000091
0.000380
0.000378
0.000243
0.000196
0.000143
-0.000048
-0.000202
-0.000086
0.000152
0.000131
-0.000171
-0.000358
-0.000279
-0.000239
-0.000322
-0.000216
0.000075
0.000215
0.000222
0.000306
0.000287
-0.000030
-0.000345
-0.000405
-0.000394
-0.000429
-0.000350
-0.000134
0.000034
0.000048
-0.000007
-0.000019
-0.000001
0.000030
0.000115
0.000200
0.000221
0.000249
0.000307
0.000268
0.000135
0.000133
0.000286
0.000304
0.000147
0.000117
0.000256
0.000216
-0.000101
-0.000346
-0.000402
-0.000549
-0.000744
-0.000543
0.000013
0.000336
0.000252
0.000187
0.000365
0.000540
0.000515
0.000326
0.000038
-0.000221
-0.000327
-0.000379
-0.000502
-0.000609
-0.000539
-0.000276
0.000006
0.000124
0.000108
0.000118
0.000215
0.000334
0.000365
0.000248
0.000039
-0.000163
-0.000289
-0.000301
-0.000200
-0.000017
0.000161
0.000272
0.000388
0.000565
0.000634
0.000415
0.000057
-0.000162
-0.000248
-0.000399
-0.000624
-0.000767
-0.000761
-0.000637
-0.000391
-0.000067
0.000206
0.000381
0.000504
0.000583
0.000632
0.000643
0.000520
0.000251
-0.000009
-0.000171
-0.000255
-0.000266
-0.000237
-0.000212
-0.000179
-0.000124
-0.000066
-0.000021
0.000030
0.000138
0.000271
0.000308
0.000172
-0.000060
-0.000207
-0.000198
-0.000173
-0.000247
-0.000347
-0.000350
-0.000185
0.000093
0.000305
0.000330
0.000201
0.000046
-0.000053
-0.000132
-0.000226
-0.000273
-0.000260
-0.000259
-0.000210
0.000054
0.000392
0.000463
0.000326
0.000331
0.000482
0.000463
0.000131
-0.000258
-0.000385
-0.000294
-0.000212
-0.000127
0.000062
0.000222
0.000195
0.000104
0.000121
0.000107
-0.000101
-0.000289
-0.000231
-0.000136
-0.000241
-0.000344
-0.000223
-0.000045
0.000005
0.000015
0.000056
0.000085
0.000134
0.000264
0.000387
0.000346
0.000213
0.000200
0.000239
0.000115
-0.000117
-0.000275
-0.000358
-0.000439
-0.000473
-0.000359
-0.000110
0.000161
0.000358
0.000400
0.000282
0.000103
-0.000101
-0.000305
-0.000393
-0.000365
-0.000368
-0.000390
-0.000274
-0.000030
0.000184
0.000333
0.000458
0.000515
0.000498
0.000461
0.000395
0.000259
0.000064
-0.000150
-0.000315
-0.000334
-0.000190
-0.000021
0.000043
0.000010
-0.000040
-0.000064
-0.000084
-0.000103
-0.000064
0.000035
0.000090
0.000028
-0.000082
-0.000133
-0.000125
-0.000056
0.000095
0.000239
0.000307
0.000312
0.000183
-0.000109
-0.000348
-0.000317
-0.000152
-0.000133
-0.000240
-0.000276
-0.000231
-0.000200
-0.000167
-0.000047
0.000160
0.000326
0.000332
0.000246
0.000222
0.000269
0.000270
0.000148
-0.000033
-0.000131
-0.000110
-0.000098
-0.000156
-0.000151
0.000004
0.000158
0.000161
0.000072
0.000005
-0.000027
-0.000057
-0.000092
-0.000100
-0.000089
-0.000134
-0.000183
-0.000098
0.000030
-0.000012
-0.000163
-0.000171
-0.000018
0.000086
0.000056
0.000021
0.000096
0.000199
0.000203
0.000151
0.000163
0.000233
0.000219
0.000048
-0.000147
-0.000180
-0.000041
0.000086
0.000041
-0.000119
-0.000220
-0.000201
-0.000122
-0.000012
0.000089
0.000113
0.000077
0.000041
-0.000009
-0.000091
-0.000145
-0.000110
-0.000050
-0.000081
-0.000167
-0.000177
-0.000147
-0.000192
-0.000225
-0.000084
0.000146
0.000248
0.000214
0.000204
0.000264
0.000281
0.000175
0.000004
-0.000095
-0.000047
0.000066
0.000097
0.000037
-0.000004
0.000020
0.000046
0.000006
-0.000054
-0.000004
0.000145
0.000209
0.000134
0.000071
0.000096
0.000123
0.000059
-0.000090
-0.000200
-0.000187
-0.000125
-0.000120
-0.000199
-0.000313
-0.000310
-0.000144
-0.000012
-0.000027
-0.000063
-0.000041
-0.000061
-0.000180
-0.000243
-0.000099
0.000141
0.000298
0.000377
0.000387
0.000232
-0.000053
-0.000242
-0.000197
-0.000008
0.000163
0.000260
0.000311
0.000298
0.000176
0.000007
-0.000111
-0.000190
-0.000266
-0.000291
-0.000240
-0.000169
-0.000089
0.000012
0.000078
0.000092
0.000127
0.000160
0.000078
-0.000037
-0.000022
0.000013
-0.000070
-0.000103
0.000051
0.000190
0.000162
0.000112
0.000093
-0.000010
-0.000118
-0.000072
0.000050
0.000105
0.000103
0.000094
0.000076
0.000039
-0.000003
-0.000031
-0.000050
-0.000084
-0.000143
-0.000176
-0.000169
-0.000219
-0.000336
-0.000417
-0.000433
-0.000358
-0.000192
-0.000056
0.000033
0.000198
0.000360
0.000323
0.000180
0.000200
0.000418
0.000593
0.000506
0.000230
0.000045
0.000045
0.000066
0.000025
-0.000017
-0.000073
-0.000189
-0.000311
-0.000358
-0.000314
-0.000219
-0.000087
0.000048
0.000080
-0.000015
-0.000094
-0.000042
0.000087
0.000201
0.000286
0.000298
0.000162
-0.000041
-0.000139
-0.000117
-0.000098
-0.000132
-0.000185
-0.000225
-0.000215
-0.000154
-0.000129
-0.000183
-0.000206
-0.000087
0.000088
0.000157
0.000123
0.000130
0.000198
0.000188
0.000099
0.000094
0.000192
0.000205
0.000071
-0.000005
0.000118
0.000265
0.000220
0.000002
-0.000212
-0.000245
-0.000108
-0.000013
-0.000071
-0.000188
-0.000235
-0.000151
0.000014
0.000125
0.000132
0.000117
0.000148
0.000137
0.000017
-0.000055
0.000001
-0.000008
-0.000198
-0.000387
-0.000377
-0.000196
-0.000011
0.000088
0.000158
0.000247
0.000250
0.000102
-0.000034
-0.000027
0.000023
0.000014
-0.000032
-0.000096
-0.000146
-0.000077
0.000083
0.000139
0.000040
-0.000043
-0.000010
0.000063
0.000094
0.000057
-0.000016
-0.000053
-0.000029
0.000025
0.000092
0.000140
0.000121
0.000076
0.000051
-0.000011
-0.000115
-0.000139
-0.000019
0.000145
0.000207
0.000093
-0.000134
-0.000297
-0.000285
-0.000196
-0.000189
-0.000231
-0.000124
0.000147
0.000288
0.000114
-0.000118
-0.000060
0.000208
0.000354
0.000299
0.000196
0.000131
0.000060
-0.000085
-0.000244
-0.000291
-0.000230
-0.000157
-0.000118
-0.000092
-0.000050
-0.000025
-0.000055
-0.000080
-0.000016
0.000091
0.000114
0.000060
0.000058
0.000148
0.000239
0.000232
0.000131
0.000014
-0.000054
-0.000026
0.000040
0.000002
-0.000107
-0.000111
-0.000039
-0.000051
-0.000141
-0.000201
-0.000206
-0.000167
-0.000096
-0.000060
-0.000079
-0.000070
-0.000025
-0.000016
0.000036
0.000250
0.000463
0.000421
0.000181
0.000042
0.000118
0.000232
0.000189
0.000020
-0.000094
-0.000111
-0.000117
-0.000072
0.000093
0.000237
0.000173
-0.000023
-0.000152
-0.000193
-0.000196
-0.000164
-0.000152
-0.000193
-0.000213
-0.000202
-0.000210
-0.000215
-0.000191
-0.000180
-0.000214
-0.000261
-0.000224
-0.000010
0.000301
0.000470
0.000384
0.000214
0.000147
0.000139
0.000083
0.000035
0.000115
0.000274
0.000343
0.000286
0.000210
0.000174
0.000166
0.000157
0.000103
-0.000030
-0.000197
-0.000326
-0.000402
-0.000429
-0.000427
-0.000404
-0.000307
-0.000119
0.000035
0.000025
-0.000054
-0.000005
0.000124
0.000135
0.000064
0.000106
0.000229
0.000256
0.000159
0.000051
0.000021
0.000026
-0.000021
-0.000064
-0.000018
0.000035
-0.000014
-0.000076
-0.000015
0.000077
0.000046
-0.000050
-0.000131
-0.000226
-0.000286
-0.000217
-0.000039
0.000174
0.000346
0.000365
0.000199
0.000029
0.000017
0.000033
-0.000116
-0.000299
-0.000267
-0.000100
-0.000045
-0.000096
-0.000090
-0.000009
0.000039
0.000042
0.000142
0.000400
0.000612
0.000533
0.000227
-0.000036
-0.000133
-0.000130
-0.000102
-0.000110
-0.000204
-0.000329
-0.000389
-0.000394
-0.000353
-0.000223
-0.000047
0.000088
0.000185
0.000268
0.000293
0.000237
0.000156
0.000112
0.000116
0.000123
0.000035
-0.000170
-0.000344
-0.000331
-0.000207
-0.000164
-0.000178
-0.000046
0.000221
0.000360
0.000264
0.000098
-0.000005
-0.000041
-0.000027
-0.000014
-0.000042
-0.000047
0.000006
0.000051
0.000068
0.000087
0.000094
0.000092
0.000142
0.000226
0.000243
0.000169
0.000050
-0.000083
-0.000176
-0.000219
-0.000284
-0.000344
-0.000301
-0.000184
-0.000044
0.000131
0.000240
0.000131
-0.000094
-0.000154
-0.000023
0.000036
-0.000071
-0.000160
-0.000137
-0.000084
-0.000054
-0.000043
-0.000015
0.000077
0.000213
0.000320
0.000342
0.000276
0.000175
0.000091
0.000022
-0.000052
-0.000133
-0.000169
-0.000097
0.000038
0.000124
0.000139
0.000154
0.000152
0.000009
-0.000244
-0.000365
-0.000288
-0.000227
-0.000264
-0.000229
-0.000088
-0.000049
-0.000187
-0.000298
-0.000228
-0.000074
0.000057
0.000224
0.000416
0.000449
0.000315
0.000272
0.000412
0.000506
0.000380
0.000173
0.000080
0.000062
-0.000014
-0.000131
-0.000195
-0.000177
-0.000116
-0.000079
-0.000080
-0.000092
-0.000142
-0.000257
-0.000388
-0.000467
-0.000434
-0.000285
-0.000124
-0.000033
0.000027
0.000102
0.000149
0.000139
0.000101
0.000040
-0.000005
0.000052
0.000170
0.000181
0.000083
0.000099
0.000285
0.000343
0.000116
-0.000123
-0.000147
-0.000068
-0.000015
0.000042
0.000147
0.000257
0.000279
0.000189
0.000064
-0.000030
-0.000096
-0.000156
-0.000237
-0.000367
-0.000482
-0.000462
-0.000284
-0.000061
0.000056
0.000054
0.000072
0.000166
0.000248
0.000281
0.000303
0.000278
0.000141
-0.000035
-0.000084
0.000012
0.000079
0.000034
-0.000010
0.000000
-0.000038
-0.000174
-0.000311
-0.000337
-0.000215
0.000003
0.000159
0.000128
-0.000027
-0.000118
-0.000051
0.000053
0.000060
0.000029
0.000055
0.000078
0.000030
-0.000038
-0.000111
-0.000220
-0.000256
-0.000106
0.000119
0.000227
0.000186
0.000116
0.000091
0.000057
-0.000016
-0.000068
-0.000035
0.000076
0.000159
0.000150
0.000140
0.000206
0.000258
0.000168
0.000002
-0.000086
-0.000090
-0.000075
-0.000047
-0.000020
-0.000045
-0.000109
-0.000168
-0.000251
-0.000315
-0.000235
-0.000063
0.000021
-0.000011
-0.000074
-0.000092
-0.000004
0.000133
0.000132
-0.000003
-0.000005
0.000223
0.000389
0.000265
0.000055
0.000003
-0.000015
-0.000147
-0.000256
-0.000241
-0.000201
-0.000174
-0.000080
0.000042
0.000043
-0.000055
-0.000073
0.000034
0.000139
0.000190
0.000253
0.000305
0.000264
0.000146
0.000013
-0.000114
-0.000208
-0.000210
-0.000132
-0.000058
-0.000036
-0.000028
0.000026
0.000067
0.000022
0.000005
0.000118
0.000200
0.000084
-0.000107
-0.000191
-0.000203
-0.000233
-0.000253
-0.000165
0.000046
0.000235
0.000213
0.000018
-0.000093
0.000028
0.000250
0.000340
0.000210
0.000007
-0.000091
-0.000107
-0.000145
-0.000198
-0.000186
-0.000102
-0.000015
0.000040
0.000067
0.000055
0.000046
0.000084
0.000076
-0.000051
-0.000214
-0.000294
-0.000241
-0.000082
0.000060
0.000078
0.000055
0.000127
0.000235
0.000253
0.000233
0.000239
0.000154
-0.000050
-0.000168
-0.000070
0.000102
0.000150
0.000089
0.000084
0.000151
0.000141
-0.000015
-0.000184
-0.000215
-0.000141
-0.000105
-0.000136
-0.000155
-0.000170
-0.000233
-0.000271
-0.000190
-0.000080
-0.000055
-0.000064
-0.000046
-0.000004
0.000077
0.000164
0.000168
0.000101
0.000049
0.000034
0.000033
0.000080
0.000188
0.000241
0.000177
0.000139
0.000204
0.000219
0.000062
-0.000125
-0.000117
0.000038
0.000092
-0.000006
-0.000109
-0.000155
-0.000195
-0.000238
-0.000217
-0.000132
-0.000073
-0.000062
-0.000002
0.000126
0.000137
-0.000066
-0.000267
-0.000253
-0.000115
-0.000026
0.000019
0.000089
0.000156
0.000151
0.000096
0.000053
0.000064
0.000120
0.000122
0.000003
-0.000090
-0.000025
0.000052
0.000027
0.000037
0.000142
0.000209
0.000172
0.000071
-0.000076
-0.000222
-0.000246
-0.000125
0.000015
0.000132
0.000329
0.000543
0.000536
0.000254
-0.000125
-0.000423
-0.000528
-0.000450
-0.000357
-0.000365
-0.000394
-0.000367
-0.000288
-0.000137
0.000042
0.000118
0.000080
0.000045
0.000047
0.000066
0.000173
0.000353
0.000423
0.000345
0.000305
0.000344
0.000290
0.000136
0.000065
0.000120
0.000141
0.000003
-0.000212
-0.000328
-0.000320
-0.000297
-0.000279
-0.000214
-0.000135
-0.000092
-0.000010
0.000141
0.000191
0.000054
-0.000040
0.000045
0.000087
-0.000055
-0.000201
-0.000196
-0.000100
-0.000009
0.000092
0.000207
0.000214
0.000063
-0.000068
-0.000020
0.000104
0.000135
0.000057
-0.000043
-0.000077
-0.000030
0.000018
0.000034
0.000052
0.000033
-0.000051
-0.000119
-0.000116
-0.000062
0.000050
0.000208
0.000299
0.000206
-0.000017
-0.000181
-0.000196
-0.000200
-0.000336
-0.000490
-0.000430
-0.000156
0.000120
0.000265
0.000296
0.000248
0.000182
0.000169
0.000154
0.000066
-0.000009
0.000027
0.000146
0.000236
0.000185
0.000020
-0.000097
-0.000111
-0.000124
-0.000220
-0.000291
-0.000191
-0.000007
0.000087
0.000084
0.000072
0.000099
0.000149
0.000150
0.000070
-0.000015
-0.000045
-0.000116
-0.000279
-0.000361
-0.000220
0.000023
0.000145
0.000065
-0.000088
-0.000111
0.000023
0.000148
0.000153
0.000084
0.000038
0.000069
0.000140
0.000150
0.000067
-0.000040
-0.000071
0.000005
0.000103
0.000103
0.000023
0.000002
0.000063
0.000078
-0.000015
-0.000138
-0.000212
-0.000203
-0.000109
0.000002
0.000016
-0.000071
-0.000127
-0.000090
-0.000016
0.000069
0.000135
0.000089
-0.000053
-0.000136
-0.000110
-0.000056
0.000031
0.000164
0.000222
0.000159
0.000117
0.000161
0.000188
0.000108
-0.000044
-0.000152
-0.000183
-0.000210
-0.000249
-0.000202
-0.000045
0.000060
-0.000002
-0.000090
-0.000007
0.000207
0.000333
0.000261
0.000121
0.000027
-0.000101
-0.000284
-0.000343
-0.000202
-0.000021
0.000061
0.000070
0.000066
0.000057
0.000057
0.000109
0.000201
0.000248
0.000189
0.000019
-0.000177
-0.000247
-0.000169
-0.000062
-0.000011
-0.000031
-0.000108
-0.000175
-0.000143
-0.000011
0.000107
0.000143
0.000150
0.000162
0.000122
0.000032
-0.000038
-0.000082
-0.000123
-0.000115
-0.000039
0.000022
0.000001
-0.000020
0.000065
0.000208
0.000259
0.000146
-0.000066
-0.000230
-0.000250
-0.000157
-0.000063
-0.000020
0.000013
0.000048
0.000015
-0.000088
-0.000136
-0.000051
0.000092
0.000178
0.000167
0.000101
0.000067
0.000110
0.000141
0.000070
-0.000021
0.000003
0.000084
0.000083
0.000044
0.000051
0.000042
-0.000035
-0.000145
-0.000236
-0.000279
-0.000260
-0.000179
-0.000065
0.000012
-0.000024
-0.000137
-0.000198
-0.000142
0.000001
0.000150
0.000186
0.000075
-0.000031
0.000003
0.000080
0.000072
0.000044
0.000105
0.000229
0.000311
0.000272
0.000152
0.000070
0.000059
0.000044
-0.000008
-0.000024
0.000055
0.000124
0.000044
-0.000104
-0.000162
-0.000156
-0.000148
-0.000099
-0.000028
-0.000030
-0.000108
-0.000184
-0.000243
-0.000299
-0.000307
-0.000231
-0.000118
-0.000031
0.000031
0.000101
0.000162
0.000175
0.000141
0.000080
0.000025
0.000029
0.000117
0.000245
0.000300
0.000215
0.000116
0.000118
0.000086
-0.000080
-0.000193
-0.000108
0.000036
0.000057
-0.000040
-0.000123
-0.000140
-0.000149
-0.000179
-0.000221
-0.000264
-0.000257
-0.000159
-0.000013
0.000106
0.000182
0.000216
0.000159
0.000038
0.000019
0.000114
0.000149
0.000094
0.000073
0.000111
0.000154
0.000184
0.000198
0.000188
0.000172
0.000165
0.000132
0.000030
-0.000107
-0.000208
-0.000242
-0.000239
-0.000254
-0.000281
-0.000253
-0.000156
-0.000051
0.000002
-0.000025
-0.000085
-0.000081
