6560
0.000072
0.000085
-0.000042
-0.000180
-0.000096
0.000130
0.000211
0.000113
0.000014
-0.000035
-0.000094
-0.000125
-0.000035
0.000116
0.000146
0.000028
-0.000096
-0.000111
-0.000027
0.000026
-0.000038
-0.000130
-0.000123
-0.000016
0.000080
0.000062
-0.000047
-0.000133
-0.000113
0.000006
0.000098
0.000054
-0.000017
0.000076
0.000265
0.000293
0.000080
-0.000160
-0.000172
-0.000004
0.000066
0.000004
0.000032
0.000163
0.000191
0.000093
0.000020
-0.000041
-0.000184
-0.000306
-0.000243
-0.000056
0.000052
0.000037
0.000045
0.000130
0.000153
-0.000002
-0.000229
-0.000273
-0.000085
0.000073
0.000014
-0.000098
-0.000063
0.000014
-0.000037
-0.000102
0.000015
0.000242
0.000331
0.000175
-0.000076
-0.000187
-0.000102
0.000056
0.000151
0.000124
0.000048
0.000050
0.000086
-0.000002
-0.000162
-0.000200
-0.000124
-0.000072
-0.000063
-0.000013
0.000098
0.000164
0.000121
0.000060
0.000042
-0.000000
-0.000091
-0.000130
-0.000052
0.000067
0.000098
0.000013
-0.000095
-0.000127
-0.000087
-0.000040
-0.000003
0.000075
0.000182
0.000195
0.000073
-0.000048
-0.000068
-0.000051
-0.000076
-0.000135
-0.000172
-0.000111
0.000086
0.000307
0.000358
0.000203
0.000016
-0.000073
-0.000120
-0.000212
-0.000274
-0.000183
-0.000040
-0.000035
-0.000073
0.000017
0.000085
-0.000045
-0.000196
-0.000137
0.000025
0.000075
0.000073
0.000154
0.000231
0.000208
0.000176
0.000178
0.000102
-0.000053
-0.000109
0.000010
0.000145
0.000167
0.000134
0.000108
0.000009
-0.000202
-0.000376
-0.000359
-0.000204
-0.000069
-0.000049
-0.000164
-0.000324
-0.000348
-0.000169
0.000065
0.000206
0.000270
0.000311
0.000329
0.000282
0.000133
-0.000027
-0.000037
0.000084
0.000169
0.000149
0.000069
-0.000008
-0.000061
-0.000098
-0.000128
-0.000173
-0.000241
-0.000260
-0.000157
0.000009
0.000114
0.000149
0.000148
0.000080
-0.000011
-0.000030
-0.000046
-0.000120
-0.000091
0.000092
0.000210
0.000137
-0.000016
-0.000116
-0.000133
-0.000116
-0.000128
-0.000112
0.000038
0.000225
0.000237
0.000108
0.000046
0.000075
0.000052
-0.000043
-0.000068
0.000045
0.000143
0.000079
-0.000038
-0.000061
-0.000074
-0.000188
-0.000299
-0.000273
-0.000119
0.000038
0.000053
-0.000067
-0.000136
-0.000030
0.000148
0.000194
0.000080
0.000017
0.000114
0.000182
0.000102
0.000039
0.000092
0.000102
-0.000009
-0.000084
-0.000026
0.000048
0.000036
-0.000029
-0.000084
-0.000068
0.000027
0.000066
-0.000038
-0.000140
-0.000105
-0.000042
-0.000066
-0.000081
-0.000005
0.000049
-0.000003
-0.000056
-0.000002
0.000071
-0.000001
-0.000204
-0.000330
-0.000223
0.000022
0.000207
0.000299
0.000378
0.000420
0.000294
0.000006
-0.000197
-0.000130
0.000051
0.000077
-0.000056
-0.000136
-0.000071
0.000016
-0.000019
-0.000168
-0.000282
-0.000225
-0.000040
0.000097
0.000111
0.000118
0.000183
0.000172
0.000008
-0.000178
-0.000222
-0.000101
0.000037
0.000029
-0.000042
0.000002
0.000088
0.000055
-0.000035
-0.000037
0.000053
0.000139
0.000145
0.000073
-0.000033
-0.000132
-0.000180
-0.000129
0.000009
0.000134
0.000160
0.000142
0.000165
0.000158
0.000032
-0.000107
-0.000123
-0.000056
-0.000022
-0.000063
-0.000139
-0.000174
-0.000117
-0.000019
0.000032
0.000034
0.000044
0.000061
0.000049
0.000023
0.000002
-0.000048
-0.000093
-0.000015
0.000134
0.000148
0.000008
-0.000096
-0.000067
-0.000029
-0.000089
-0.000163
-0.000157
-0.000087
0.000006
0.000062
0.000042
0.000019
0.000080
0.000191
0.000264
0.000242
0.000108
-0.000070
-0.000171
-0.000178
-0.000135
-0.000014
0.000159
0.000210
0.000090
-0.000037
-0.000040
0.000063
0.000174
0.000165
0.000031
-0.000083
-0.000112
-0.000109
-0.000100
-0.000107
-0.000155
-0.000189
-0.000135
-0.000030
-0.000019
-0.000135
-0.000191
-0.000088
0.000034
0.000106
0.000177
0.000199
0.000141
0.000106
0.000132
0.000124
0.000040
-0.000042
-0.000031
0.000047
0.000053
-0.000051
-0.000149
-0.000164
-0.000134
-0.000111
-0.000100
-0.000039
0.000126
0.000288
0.000258
0.000055
-0.000095
-0.000083
-0.000033
-0.000055
-0.000042
0.000111
0.000245
0.000155
-0.000070
-0.000169
-0.000052
0.000090
0.000045
-0.000139
-0.000257
-0.000226
-0.000115
0.000001
0.000067
0.000031
-0.000091
-0.000189
-0.000157
-0.000011
0.000128
0.000183
0.000174
0.000113
0.000015
-0.000020
0.000073
0.000199
0.000221
0.000126
0.000028
0.000023
0.000062
0.000019
-0.000118
-0.000171
-0.000034
0.000111
0.000075
-0.000057
-0.000081
-0.000019
-0.000045
-0.000133
-0.000125
-0.000061
-0.000104
-0.000211
-0.000206
-0.000116
-0.000079
-0.000068
-0.000007
0.000051
0.000041
-0.000004
-0.000043
-0.000027
0.000124
0.000353
0.000424
0.000271
0.000145
0.000207
0.000286
0.000171
-0.000091
-0.000250
-0.000174
-0.000047
-0.000102
-0.000263
-0.000271
-0.000097
0.000062
0.000117
0.000111
0.000036
-0.000089
-0.000172
-0.000225
-0.000292
-0.000281
-0.000130
0.000051
0.000151
0.000215
0.000327
0.000409
0.000285
-0.000023
-0.000252
-0.000241
-0.000094
0.000038
0.000117
0.000150
0.000129
0.000062
-0.000014
-0.000045
-0.000027
-0.000006
-0.000005
-0.000007
0.000013
0.000031
-0.000001
-0.000048
-0.000062
-0.000108
-0.000238
-0.000330
-0.000240
-0.000042
0.000088
0.000114
0.000126
0.000166
0.000189
0.000137
0.000027
-0.000042
0.000017
0.000171
0.000274
0.000228
0.000089
-0.000051
-0.000199
-0.000359
-0.000395
-0.000223
0.000014
0.000154
0.000186
0.000134
0.000025
-0.000048
-0.000059
-0.000070
-0.000045
0.000107
0.000276
0.000242
0.000040
-0.000101
-0.000115
-0.000114
-0.000143
-0.000144
-0.000054
0.000098
0.000167
0.000045
-0.000145
-0.000182
-0.000067
0.000009
-0.000039
-0.000076
0.000034
0.000196
0.000212
0.000078
-0.000075
-0.000171
-0.000166
-0.000047
0.000072
0.000084
0.000067
0.000110
0.000129
0.000067
0.000013
-0.000010
-0.000044
-0.000040
-0.000006
-0.000082
-0.000266
-0.000329
-0.000149
0.000100
0.000220
0.000227
0.000184
0.000081
-0.000009
0.000038
0.000158
0.000184
0.000117
0.000068
0.000032
-0.000057
-0.000182
-0.000290
-0.000328
-0.000264
-0.000148
-0.000059
0.000003
0.000042
0.000018
-0.000017
0.000055
0.000173
0.000165
0.000051
0.000012
0.000090
0.000139
0.000069
-0.000056
-0.000123
-0.000094
0.000014
0.000166
0.000258
0.000188
0.000030
-0.000049
-0.000041
-0.000069
-0.000126
-0.000119
-0.000098
-0.000111
-0.000060
0.000038
0.000007
-0.000164
-0.000273
-0.000198
-0.000028
0.000124
0.000230
0.000223
0.000068
-0.000079
-0.000054
0.000066
0.000108
0.000101
0.000169
0.000248
0.000196
0.000036
-0.000108
-0.000198
-0.000242
-0.000203
-0.000085
0.000009
0.000020
0.000018
0.000041
0.000005
-0.000097
-0.000147
-0.000105
-0.000047
-0.000013
0.000005
-0.000020
-0.000081
-0.000073
0.000032
0.000072
-0.000014
-0.000004
0.000194
0.000321
0.000222
0.000100
0.000134
0.000230
0.000224
0.000075
-0.000126
-0.000224
-0.000161
-0.000036
0.000068
0.000151
0.000157
-0.000005
-0.000244
-0.000346
-0.000284
-0.000257
-0.000336
-0.000312
-0.000049
0.000227
0.000249
0.000105
0.000037
0.000076
0.000098
0.000091
0.000146
0.000220
0.000170
0.000030
-0.000067
-0.000138
-0.000192
-0.000110
0.000086
0.000202
0.000151
0.000012
-0.000139
-0.000273
-0.000348
-0.000298
-0.000099
0.000127
0.000204
0.000150
0.000097
0.000026
-0.000106
-0.000160
-0.000042
0.000084
0.000055
-0.000004
0.000101
0.000281
0.000321
0.000258
0.000255
0.000248
0.000108
-0.000063
-0.000154
-0.000208
-0.000183
-0.000042
0.000027
-0.000111
-0.000326
-0.000431
-0.000353
-0.000162
0.000007
0.000108
0.000128
0.000034
-0.000066
-0.000019
0.000102
0.000127
0.000018
-0.000129
-0.000178
-0.000071
0.000084
0.000168
0.000212
0.000272
0.000275
0.000163
0.000046
0.000046
0.000093
0.000020
-0.000167
-0.000278
-0.000198
-0.000046
0.000010
-0.000020
-0.000019
0.000058
0.000146
0.000158
0.000079
-0.000027
-0.000110
-0.000173
-0.000188
-0.000117
-0.000011
0.000039
0.000030
0.000041
0.000114
0.000157
0.000070
-0.000059
-0.000096
-0.000074
-0.000087
-0.000107
-0.000039
0.000084
0.000118
0.000043
-0.000035
-0.000064
-0.000037
0.000052
0.000145
0.000149
0.000062
-0.000026
-0.000034
0.000007
0.000006
-0.000046
-0.000067
-0.000034
-0.000021
-0.000063
-0.000123
-0.000174
-0.000159
-0.000031
0.000123
0.000178
0.000154
0.000147
0.000151
0.000088
-0.000050
-0.000168
-0.000144
0.000026
0.000163
0.000116
-0.000039
-0.000172
-0.000289
-0.000354
-0.000230
0.000052
0.000261
0.000305
0.000267
0.000180
0.000059
-0.000019
-0.000040
-0.000082
-0.000159
-0.000209
-0.000173
-0.000054
0.000080
0.000139
0.000106
0.000078
0.000139
0.000193
0.000103
-0.000068
-0.000147
-0.000108
-0.000027
0.000076
0.000210
0.000286
0.000203
0.000034
-0.000073
-0.000121
-0.000190
-0.000228
-0.000141
0.000013
0.000068
-0.000031
-0.000208
-0.000353
-0.000385
-0.000306
-0.000182
-0.000048
0.000077
0.000163
0.000191
0.000183
0.000174
0.000157
0.000129
0.000155
0.000254
0.000290
0.000150
-0.000088
-0.000216
-0.000130
0.000031
0.000092
0.000083
0.000088
0.000052
-0.000088
-0.000222
-0.000207
-0.000080
0.000034
0.000120
0.000166
0.000121
0.000059
0.000069
0.000078
-0.000009
-0.000138
-0.000220
-0.000292
-0.000399
-0.000436
-0.000303
-0.000070
0.000146
0.000299
0.000370
0.000302
0.000112
-0.000043
-0.000023
0.000106
0.000157
0.000056
-0.000077
-0.000091
-0.000007
0.000054
0.000084
0.000162
0.000236
0.000185
0.000040
-0.000057
-0.000043
0.000031
0.000051
-0.000071
-0.000247
-0.000318
-0.000285
-0.000237
-0.000157
0.000005
0.000167
0.000189
0.000079
-0.000021
-0.000050
-0.000067
-0.000089
-0.000052
0.000055
0.000112
-0.000001
-0.000194
-0.000260
-0.000157
-0.000010
0.000130
0.000299
0.000395
0.000255
-0.000024
-0.000123
0.000048
0.000231
0.000217
0.000102
0.000062
0.000088
0.000033
-0.000123
-0.000224
-0.000210
-0.000210
-0.000267
-0.000244
-0.000092
0.000038
0.000083
0.000134
0.000179
0.000118
-0.000009
-0.000077
-0.000075
-0.000062
-0.000012
0.000117
0.000212
0.000124
-0.000048
-0.000071
0.000042
0.000059
-0.000095
-0.000264
-0.000323
-0.000275
-0.000153
0.000015
0.000133
0.000123
0.000087
0.000177
0.000350
0.000422
0.000298
0.000059
-0.000126
-0.000140
0.000002
0.000142
0.000134
0.000002
-0.000145
-0.000262
-0.000329
-0.000303
-0.000191
-0.000046
0.000065
0.000060
-0.000069
-0.000201
-0.000224
-0.000123
0.000056
0.000243
0.000346
0.000321
0.000203
0.000052
-0.000049
-0.000017
0.000103
0.000178
0.000175
0.000146
0.000056
-0.000140
-0.000299
-0.000262
-0.000116
-0.000023
0.000014
0.000043
0.000020
-0.000108
-0.000264
-0.000321
-0.000261
-0.000129
0.000053
0.000222
0.000280
0.000230
0.000157
0.000082
-0.000029
-0.000123
-0.000082
0.000110
0.000290
0.000303
0.000176
-0.000005
-0.000186
-0.000272
-0.000216
-0.000119
-0.000052
0.000015
0.000062
0.000013
-0.000116
-0.000194
-0.000116
0.000068
0.000224
0.000264
0.000155
-0.000044
-0.000171
-0.000131
-0.000008
0.000089
0.000137
0.000140
0.000099
0.000058
0.000053
0.000065
0.000076
0.000093
0.000091
0.000032
-0.000077
-0.000206
-0.000296
-0.000291
-0.000222
-0.000176
-0.000158
-0.000123
-0.000087
-0.000107
-0.000135
-0.000043
0.000159
0.000299
0.000278
0.000198
0.000152
0.000079
-0.000025
-0.000050
0.000013
0.000086
0.000178
0.000322
0.000383
0.000213
-0.000069
-0.000218
-0.000220
-0.000233
-0.000250
-0.000142
0.000044
0.000119
0.000022
-0.000143
-0.000256
-0.000283
-0.000268
-0.000225
-0.000085
0.000176
0.000410
0.000391
0.000111
-0.000171
-0.000236
-0.000101
0.000049
0.000087
0.000094
0.000158
0.000183
0.000071
-0.000103
-0.000144
0.000033
0.000249
0.000267
0.000105
-0.000003
0.000058
0.000140
0.000062
-0.000105
-0.000159
-0.000090
-0.000072
-0.000143
-0.000168
-0.000141
-0.000184
-0.000250
-0.000168
0.000007
0.000072
0.000028
0.000032
0.000097
0.000109
0.000062
0.000085
0.000183
0.000205
0.000111
0.000010
-0.000035
-0.000031
-0.000030
-0.000125
-0.000299
-0.000359
-0.000219
-0.000037
0.000050
0.000089
0.000177
0.000301
0.000343
0.000220
-0.000017
-0.000183
-0.000132
0.000061
0.000172
0.000093
-0.000045
-0.000044
0.000074
0.000123
0.000069
-0.000024
-0.000157
-0.000262
-0.000188
-0.000004
0.000025
-0.000109
-0.000137
0.000011
0.000085
-0.000041
-0.000167
-0.000108
0.000042
0.000121
0.000122
0.000095
0.000071
0.000083
0.000082
-0.000022
-0.000162
-0.000162
-0.000022
0.000112
0.000182
0.000200
0.000133
0.000018
-0.000021
-0.000000
-0.000113
-0.000319
-0.000169
0.000294
0.000268
-0.000299
-0.000427
0.000023
0.000159
-0.000153
-0.000189
0.000082
0.000058
-0.000170
-0.000032
0.000323
0.000293
0.000015
0.000083
0.000392
0.000363
0.000012
-0.000143
-0.000036
-0.000067
-0.000279
-0.000290
-0.000038
0.000106
0.000010
-0.000058
-0.000004
-0.000010
-0.000086
-0.000049
0.000083
0.000110
-0.000012
-0.000133
-0.000154
-0.000122
-0.000087
-0.000056
-0.000049
-0.000049
0.000013
0.000107
0.000103
-0.000016
-0.000061
0.000109
0.000306
0.000265
0.000071
-0.000047
-0.000105
-0.000181
-0.000158
0.000053
0.000260
0.000240
0.000071
-0.000055
-0.000144
-0.000250
-0.000264
-0.000106
0.000064
0.000077
0.000008
-0.000011
0.000050
0.000208
0.000352
0.000232
-0.000081
-0.000164
0.000038
0.000095
-0.000082
-0.000110
0.000080
0.000143
-0.000030
-0.000206
-0.000240
-0.000221
-0.000228
-0.000184
-0.000078
-0.000049
-0.000104
-0.000098
-0.000017
0.000017
-0.000020
-0.000001
0.000131
0.000271
0.000325
0.000307
0.000260
0.000193
0.000108
0.000050
0.000037
-0.000004
-0.000122
-0.000234
-0.000225
-0.000104
0.000009
0.000043
0.000023
0.000001
0.000000
-0.000020
-0.000078
-0.000087
-0.000013
0.000014
-0.000081
-0.000187
-0.000207
-0.000162
-0.000066
0.000104
0.000262
0.000248
0.000077
-0.000018
0.000070
0.000139
0.000031
-0.000092
-0.000036
0.000099
0.000135
0.000100
0.000080
0.000010
-0.000153
-0.000293
-0.000315
-0.000234
-0.000068
0.000162
0.000318
0.000252
0.000017
-0.000191
-0.000284
-0.000290
-0.000151
0.000169
0.000402
0.000259
-0.000015
0.000054
0.000310
0.000189
-0.000189
-0.000211
0.000009
-0.000134
-0.000472
-0.000311
0.000253
0.000459
0.000222
0.000189
0.000392
0.000195
-0.000338
-0.000467
-0.000137
0.000012
-0.000120
-0.000038
0.000249
0.000213
-0.000220
-0.000512
-0.000333
-0.000070
-0.000142
-0.000146
0.000343
0.000713
0.000352
-0.000171
-0.000165
0.000049
-0.000012
-0.000157
-0.000120
0.000064
0.000311
0.000334
-0.000020
-0.000232
0.000002
0.000135
-0.000165
-0.000411
-0.000175
0.000201
0.000155
-0.000159
-0.000113
0.000238
0.000176
-0.000281
-0.000247
0.000321
0.000349
-0.000272
-0.000338
0.000260
0.000279
-0.000338
-0.000347
0.000279
0.000313
-0.000307
-0.000420
0.000106
0.000322
0.000019
-0.000178
0.000028
0.000241
0.000113
-0.000010
0.000152
0.000199
-0.000021
-0.000088
0.000100
0.000123
-0.000152
-0.000254
0.000076
0.000394
0.000268
-0.000161
-0.000376
-0.000094
0.000122
-0.000314
-0.000680
-0.000110
0.000576
0.000277
-0.000288
-0.000110
0.000177
-0.000017
-0.000048
0.000210
0.000134
-0.000138
-0.000114
0.000007
-0.000091
-0.000231
-0.000066
0.000371
0.000321
-0.000440
-0.000571
0.000325
0.000396
-0.000670
-0.000553
0.000882
0.000880
-0.000636
-0.000560
0.001075
0.001030
-0.000443
-0.000531
0.000375
0.000407
-0.000122
-0.000343
-0.000365
-0.000324
-0.000253
-0.000326
-0.000227
0.000306
0.000408
-0.000434
-0.000857
0.000105
0.000981
0.000456
-0.000221
0.000321
0.000964
0.000330
-0.000540
-0.000340
0.000126
-0.000309
-0.000977
-0.000394
0.000754
0.000400
-0.000710
-0.000378
0.000530
0.000232
-0.000234
0.000241
0.000469
-0.000110
-0.000341
0.000041
-0.000065
-0.000617
-0.000182
0.001023
0.000948
-0.000456
-0.000746
0.000258
0.000048
-0.000892
-0.000193
0.000627
-0.000415
-0.000950
0.000656
0.001480
-0.000163
-0.001263
0.000080
0.001346
0.000525
-0.000812
-0.000628
0.000664
0.001136
0.000119
-0.000972
-0.000755
0.000130
0.000181
-0.000294
0.000146
0.000875
0.000264
-0.000746
-0.000447
0.000102
-0.000479
-0.000705
0.000326
0.000622
-0.000067
0.000181
0.000503
-0.000669
-0.001169
0.000276
0.000803
-0.000090
0.000231
0.000869
-0.000111
-0.000630
0.000253
0.000131
-0.000555
0.000217
0.000737
-0.000217
-0.000402
0.000326
-0.000233
-0.001019
0.000048
0.000985
-0.000070
-0.000732
0.000319
0.000660
-0.000439
-0.000709
0.000386
0.001003
0.000405
-0.000330
-0.000275
0.000023
-0.000111
-0.000125
-0.000198
-0.000824
-0.000639
0.000918
0.001746
0.000179
-0.001696
-0.000689
0.001157
0.000200
-0.001096
0.000207
0.001276
0.000138
-0.000602
-0.000060
-0.000255
-0.000733
0.000112
0.000792
0.000128
-0.000065
0.000398
-0.000207
-0.000783
0.000067
0.000430
-0.000603
-0.000790
0.000728
0.001724
0.000389
-0.001863
-0.001809
0.000849
0.002037
0.000064
-0.001038
0.000035
-0.000181
-0.000893
0.000926
0.002138
-0.000341
-0.001995
0.000335
0.001752
-0.000652
-0.002330
-0.000625
0.001436
0.001346
-0.000266
-0.000968
0.000309
0.000863
-0.000611
-0.001250
-0.000155
0.000692
0.000967
0.001229
0.000636
-0.000807
-0.001218
-0.000186
0.000879
0.000900
-0.000677
-0.002265
-0.000934
0.001487
0.000736
-0.001040
0.000168
0.001677
0.000044
-0.001875
-0.000570
0.001244
0.000117
-0.000813
0.000928
0.001228
-0.001104
-0.001549
0.000590
0.001422
-0.000140
-0.001039
0.000138
0.000990
0.000403
-0.000202
-0.000502
-0.000784
-0.000055
0.001228
0.000788
-0.000539
-0.000633
-0.000576
-0.000562
0.000877
0.001617
-0.000468
-0.002241
-0.000557
0.002605
0.002664
-0.001631
-0.004625
-0.001014
0.003754
0.001859
-0.002121
-0.001056
0.000785
-0.000829
-0.001133
0.001532
0.001859
-0.000899
-0.001437
0.001203
0.002079
-0.000431
-0.002350
-0.000908
0.002173
0.002504
-0.000900
-0.002368
0.000321
0.001369
-0.000866
-0.001318
0.000551
0.000495
-0.000847
0.000278
0.001426
-0.000911
-0.002237
0.000423
0.001471
-0.000631
-0.000571
0.001225
0.000696
-0.000623
-0.000327
0.000070
-0.000390
-0.000171
0.001326
0.002424
0.001449
-0.001205
-0.002994
-0.001926
0.000684
0.001940
0.000915
-0.000604
-0.000715
-0.000024
0.000024
-0.000542
-0.001037
-0.000910
-0.000136
0.000775
0.001510
0.001299
-0.000387
-0.001656
-0.000834
0.000457
0.000544
0.000214
0.000457
0.000757
0.000155
-0.000680
-0.000359
0.000480
0.000329
-0.000531
-0.000942
-0.000534
0.000383
0.001145
0.000816
-0.000550
-0.000876
0.000417
0.000605
-0.000874
-0.001128
0.000311
0.000747
-0.000052
0.000558
0.001871
0.000482
-0.002137
-0.001644
0.000659
0.000656
-0.000486
0.000050
0.000949
0.000305
-0.001353
-0.002155
-0.000545
0.002083
0.002248
-0.000108
-0.001208
-0.000196
0.000090
-0.000475
0.000270
0.001469
0.000777
-0.000814
-0.000466
0.001149
0.000616
-0.002041
-0.002716
0.000098
0.002380
0.000979
-0.001450
-0.001431
0.000498
0.001797
0.000771
-0.001348
-0.001487
0.000193
0.001142
0.001210
0.000773
-0.000921
-0.002404
-0.001229
0.001576
0.002502
0.000311
-0.001818
-0.000793
0.001148
0.000564
-0.000995
-0.000933
-0.000217
0.000460
0.001538
0.001536
-0.000176
-0.001321
-0.000684
0.000398
0.001136
0.001306
-0.000337
-0.002901
-0.002406
0.001595
0.003543
0.000374
-0.003205
-0.002207
0.001389
0.002515
0.000231
-0.002268
-0.002429
-0.000238
0.002599
0.003565
0.001298
-0.002389
-0.003836
-0.001226
0.002937
0.003550
-0.000513
-0.003864
-0.002083
0.001954
0.002560
-0.000683
-0.002483
0.000029
0.002781
0.001995
-0.000132
-0.001123
-0.001873
-0.002008
0.000552
0.003751
0.002539
-0.001903
-0.002448
0.001488
0.002396
-0.001831
-0.004392
-0.001306
0.002826
0.003064
0.000644
-0.001583
-0.002673
-0.001659
0.000841
0.001842
0.000440
-0.001371
-0.001479
0.000824
0.003157
0.001907
-0.002273
-0.004699
-0.002145
0.003448
0.005783
0.001805
-0.002878
-0.002458
0.000832
0.002108
0.000292
-0.001888
-0.001618
0.000005
0.000716
0.000931
0.001156
0.000356
-0.001782
-0.003101
-0.001381
0.001305
0.001600
0.000837
0.001256
0.000836
-0.001412
-0.002180
-0.000675
0.000182
-0.000044
0.000392
0.001764
0.002565
0.000972
-0.002216
-0.003616
-0.001821
0.001071
0.002623
0.002148
0.000233
-0.001391
-0.000874
0.000406
-0.000173
-0.000739
0.000654
0.000886
-0.000658
-0.000177
0.001295
-0.000052
-0.002107
-0.001286
0.000944
0.001624
0.000305
-0.001088
-0.000662
0.000853
0.001477
0.000128
-0.002323
-0.002687
0.000247
0.003264
0.003222
0.000246
-0.002426
-0.001567
0.000949
0.000937
-0.000875
-0.001211
0.000093
0.001669
0.002403
0.000548
-0.003265
-0.004160
-0.000180
0.003372
0.002282
-0.000908
-0.002558
-0.001952
0.000152
0.002030
0.002093
0.000813
-0.000579
-0.001184
-0.000394
0.000382
-0.000548
-0.001413
0.000145
0.002633
0.003007
0.000665
-0.002450
-0.003607
-0.001642
0.001460
0.002595
0.001041
-0.001161
-0.001690
-0.000309
0.001025
0.000973
0.000424
0.000317
0.000021
-0.000938
-0.001340
-0.000493
0.000111
-0.000278
-0.000109
0.001212
0.001779
0.000403
-0.001397
-0.001597
-0.000169
0.000905
0.000642
0.000579
0.000926
0.000157
-0.000610
0.000066
0.000020
-0.001583
-0.001192
0.001638
0.002038
-0.000702
-0.002107
-0.001483
-0.000854
0.000535
0.002161
0.001022
-0.001259
-0.000417
0.001601
0.000637
-0.001365
-0.001273
-0.000204
0.000678
0.001823
0.002267
0.000250
-0.002859
-0.002624
0.001159
0.002451
-0.000419
-0.001705
0.000431
0.001482
-0.000106
-0.001512
-0.001377
-0.000698
-0.000151
0.000757
0.002059
0.001711
-0.001137
-0.002693
-0.000604
0.001457
0.001043
0.000089
-0.000236
0.000081
0.001085
0.001382
-0.000039
-0.002050
-0.002832
-0.000563
0.003543
0.004224
0.000243
-0.003264
-0.003126
-0.000934
0.000974
0.001500
0.000660
-0.000454
-0.000422
0.000581
0.000460
-0.001672
-0.003172
-0.001456
0.001630
0.002678
0.001583
0.000242
-0.000764
-0.001359
-0.000708
0.000744
0.001362
0.001235
0.000893
-0.000219
-0.000958
-0.000047
0.000202
-0.001502
-0.001801
0.000979
0.003335
0.002354
-0.000482
-0.002265
-0.002178
-0.001208
-0.000225
0.000513
0.000841
0.000414
-0.000213
0.000437
0.001521
0.000158
-0.003058
-0.003795
-0.000592
0.002960
0.003407
0.000848
-0.001972
-0.001943
0.000544
0.001756
0.000769
0.000052
-0.000038
-0.000412
0.000126
0.001525
0.000996
-0.001464
-0.002196
-0.000203
0.001638
0.001514
0.000352
-0.000449
-0.000834
-0.001271
-0.001458
-0.001038
-0.000055
0.000722
0.000040
-0.000974
0.000113
0.001854
0.001057
-0.000942
-0.000984
-0.000242
-0.000592
0.000229
0.002743
0.002852
-0.000167
-0.002168
-0.001512
-0.000030
0.001072
0.001467
0.000730
-0.000851
-0.002012
-0.001417
0.000670
0.001664
-0.000038
-0.001558
-0.000010
0.001786
0.000366
-0.002241
-0.002461
-0.000421
0.001357
0.001574
0.001059
0.000881
0.000446
-0.000924
-0.001564
-0.000251
0.000995
0.000636
0.000137
0.000410
0.000296
-0.000706
-0.001507
-0.001000
0.000545
0.001552
0.000805
-0.000927
-0.001199
0.000563
0.001456
0.000352
-0.000351
-0.000286
-0.000938
-0.000977
0.001172
0.002531
0.000222
-0.002372
-0.001336
0.000923
0.000735
-0.000598
-0.000406
0.000135
-0.000799
-0.001402
-0.000018
0.001545
0.001226
-0.000484
-0.001353
-0.000301
0.000905
0.000513
-0.000424
-0.000517
-0.000307
-0.000032
0.000761
0.001032
0.000141
-0.000295
0.000581
0.001630
0.001621
-0.000135
-0.002475
-0.002519
-0.000171
0.001711
0.002199
0.001778
0.000100
-0.001700
-0.001799
-0.000899
-0.000367
-0.000324
-0.000582
-0.000640
-0.000053
0.000576
0.000421
-0.000353
-0.000766
-0.000188
0.000531
0.000329
-0.000170
-0.000082
0.000281
0.000538
0.000681
0.000581
0.000231
-0.000117
-0.000019
0.000803
0.001578
0.000964
-0.000916
-0.001971
-0.000969
0.000508
0.000677
-0.000082
-0.000645
-0.000689
-0.000251
0.000561
0.000895
-0.000040
-0.001225
-0.001215
-0.000495
-0.000059
0.000290
0.000762
0.000866
0.000582
0.000565
0.000600
-0.000113
-0.001062
-0.001174
-0.000654
-0.000293
0.000047
0.000878
0.001564
0.001087
0.000021
-0.000458
-0.000779
-0.001368
-0.001028
0.000277
0.001022
0.000991
0.000658
-0.000092
-0.000768
-0.000497
0.000305
0.000441
-0.000114
-0.000309
0.000136
0.000154
-0.000756
-0.001029
0.000468
0.001986
0.001477
-0.000603
-0.002278
-0.001952
0.000063
0.001477
0.001153
0.000523
0.000322
-0.000346
-0.001122
-0.000812
-0.000146
-0.000259
-0.000096
0.001162
0.001775
0.000333
-0.001617
-0.001696
0.000117
0.001730
0.001643
0.000289
-0.001025
-0.001739
-0.001755
-0.000668
0.000935
0.001640
0.001318
0.000718
0.000170
-0.000466
-0.001357
-0.001644
-0.000457
0.001010
0.001352
0.001159
0.001089
0.000468
-0.000893
-0.001698
-0.000997
0.000110
0.000174
-0.000027
0.000495
0.000514
-0.000601
-0.001314
-0.000719
0.000345
0.000844
0.000739
0.000509
0.000069
-0.000773
-0.001300
-0.000648
0.000751
0.001570
0.001226
0.000458
0.000104
-0.000190
-0.000940
-0.001285
-0.000507
0.000463
0.000857
0.000875
0.000511
-0.000112
-0.000590
-0.001001
-0.001225
-0.000659
0.000315
0.000668
0.000588
0.000656
0.000521
0.000167
0.000049
-0.000371
-0.001407
-0.001641
-0.000254
0.001314
0.001707
0.001154
0.000267
-0.000475
-0.000852
-0.001272
-0.001500
-0.000464
0.001300
0.001911
0.001110
0.000036
-0.000814
-0.001280
-0.000945
0.000060
0.001006
0.001346
0.000916
-0.000041
-0.000874
-0.001015
-0.000426
0.000510
0.001135
0.000751
-0.000332
-0.000897
-0.000913
-0.001198
-0.001159
0.000169
0.001772
0.001829
0.000400
-0.000901
-0.001192
-0.000864
-0.000466
-0.000011
0.000545
0.000724
0.000398
0.000285
0.000484
0.000208
-0.000570
-0.000909
-0.000380
0.000450
0.000970
0.001000
0.000568
-0.000123
-0.000745
-0.001001
-0.000715
-0.000131
0.000169
-0.000011
-0.000106
0.000432
0.000972
0.000450
-0.000653
-0.001010
-0.000488
0.000369
0.001158
0.001071
-0.000141
-0.001069
-0.000752
-0.000174
-0.000022
0.000217
0.000333
-0.000100
-0.000327
0.000001
0.000256
0.000174
-0.000356
-0.001102
-0.000959
0.000157
0.000862
0.000781
0.000701
0.000791
0.000698
0.000255
-0.000460
-0.001066
-0.001097
-0.000485
0.000436
0.001320
0.001695
0.000968
-0.000406
-0.001032
-0.000712
-0.000492
-0.000581
-0.000281
0.000342
0.000445
-0.000077
-0.000542
-0.000627
-0.000305
0.000327
0.000603
-0.000017
-0.000833
-0.000699
0.000322
0.001131
0.000996
0.000115
-0.000573
-0.000349
0.000141
-0.000036
-0.000443
-0.000408
-0.000188
0.000073
0.000435
0.000484
0.000173
0.000045
0.000139
0.000072
-0.000108
-0.000111
0.000029
0.000154
0.000207
0.000069
-0.000152
-0.000111
0.000031
-0.000063
-0.000048
0.000238
0.000137
-0.000429
-0.000630
-0.000306
-0.000059
-0.000053
-0.000047
0.000058
0.000316
0.000625
0.000617
0.000227
-0.000179
-0.000376
-0.000404
-0.000349
-0.000342
-0.000371
-0.000141
0.000360
0.000652
0.000492
0.000129
-0.000155
-0.000258
-0.000149
0.000157
0.000440
0.000364
-0.000054
-0.000445
-0.000561
-0.000339
0.000122
0.000539
0.000807
0.000918
0.000582
-0.000298
-0.001189
-0.001505
-0.001116
-0.000211
0.000705
0.000961
0.000504
-0.000034
-0.000334
-0.000640
-0.000882
-0.000588
0.000116
0.000592
0.000723
0.000677
0.000354
-0.000035
-0.000006
0.000299
0.000343
0.000055
-0.000138
0.000084
0.000463
0.000437
-0.000103
-0.000657
-0.000757
-0.000415
0.000109
0.000499
0.000419
-0.000088
-0.000490
-0.000450
-0.000227
-0.000171
-0.000254
-0.000225
0.000032
0.000352
0.000446
0.000252
-0.000041
-0.000251
-0.000220
0.000066
0.000262
0.000080
-0.000191
-0.000123
0.000197
0.000381
0.000253
0.000016
-0.000045
-0.000026
-0.000123
-0.000213
-0.000129
0.000065
0.000255
0.000344
0.000098
-0.000425
-0.000570
-0.000140
0.000198
0.000186
0.000176
0.000160
-0.000060
-0.000334
-0.000422
-0.000309
-0.000144
-0.000035
0.000108
0.000323
0.000445
0.000429
0.000364
0.000199
-0.000119
-0.000409
-0.000439
-0.000206
0.000134
0.000471
0.000650
0.000434
-0.000091
-0.000394
-0.000247
-0.000109
-0.000340
-0.000559
-0.000321
0.000079
0.000217
0.000256
0.000283
0.000016
-0.000377
-0.000326
0.000159
0.000402
0.000099
-0.000217
-0.000038
0.000332
0.000260
-0.000176
-0.000270
0.000067
0.000156
-0.000207
-0.000440
-0.000217
0.000098
0.000215
0.000339
0.000590
0.000616
0.000192
-0.000300
-0.000473
-0.000501
-0.000557
-0.000393
0.000027
0.000259
0.000174
0.000152
0.000253
0.000104
-0.000320
-0.000547
-0.000326
0.000051
0.000259
0.000312
0.000342
0.000333
0.000193
-0.000021
-0.000142
-0.000142
-0.000105
0.000024
0.000331
0.000608
0.000493
-0.000053
-0.000662
-0.000965
-0.000864
-0.000450
0.000068
0.000452
0.000598
0.000534
0.000355
0.000151
-0.000122
-0.000475
-0.000646
-0.000380
0.000150
0.000535
0.000643
0.000599
0.000446
0.000232
0.000012
-0.000346
-0.000830
-0.001018
-0.000625
0.000056
0.000554
0.000724
0.000624
0.000306
-0.000103
-0.000509
-0.000911
-0.001100
-0.000760
-0.000019
0.000634
0.000954
0.001039
0.000941
0.000572
-0.000057
-0.000670
-0.000916
-0.000746
-0.000393
-0.000059
0.000206
0.000464
0.000691
0.000631
0.000207
-0.000229
-0.000428
-0.000468
-0.000374
-0.000109
0.000218
0.000434
0.000446
0.000264
0.000003
-0.000176
-0.000217
-0.000193
-0.000125
0.000038
0.000232
0.000269
0.000083
-0.000166
-0.000346
-0.000463
-0.000433
-0.000163
0.000141
0.000215
0.000094
-0.000087
-0.000323
-0.000506
-0.000343
0.000086
0.000247
0.000008
-0.000170
-0.000057
0.000117
0.000194
0.000233
0.000219
0.000084
-0.000076
-0.000151
-0.000172
-0.000114
0.000116
0.000441
0.000665
0.000695
0.000554
0.000258
-0.000064
-0.000154
-0.000036
-0.000034
-0.000196
-0.000225
-0.000008
0.000190
0.000086
-0.000186
-0.000241
-0.000068
-0.000052
-0.000290
-0.000453
-0.000395
-0.000302
-0.000232
-0.000044
0.000239
0.000404
0.000363
0.000204
0.000019
-0.000162
-0.000282
-0.000150
0.000325
0.000795
0.000811
0.000443
0.000150
0.000106
0.000034
-0.000225
-0.000392
-0.000229
0.000065
0.000182
0.000117
0.000027
-0.000110
-0.000385
-0.000706
-0.000879
-0.000784
-0.000510
-0.000275
-0.000165
-0.000143
-0.000177
-0.000210
-0.000181
-0.000121
-0.000085
-0.000015
0.000156
0.000305
0.000258
0.000118
0.000185
0.000525
0.000796
0.000652
0.000226
0.000007
0.000143
0.000228
-0.000015
-0.000312
-0.000396
-0.000416
-0.000494
-0.000510
-0.000510
-0.000636
-0.000663
-0.000294
0.000240
0.000467
0.000336
0.000260
0.000566
0.000999
0.001057
0.000764
0.000610
0.000776
0.000950
0.000926
0.000913
0.001060
0.001133
0.000903
0.000427
-0.000054
-0.000311
-0.000397
-0.000580
-0.000914
-0.001202
-0.001310
-0.001248
-0.001051
-0.000850
-0.000880
-0.001155
-0.001381
-0.001397
-0.001314
-0.001198
-0.000990
-0.000711
-0.000461
-0.000207
0.000143
0.000495
0.000704
0.000888
0.001242
0.001592
0.001624
0.001371
0.001122
0.001067
0.001197
0.001377
0.001362
0.000926
0.000255
-0.000116
-0.000066
-0.000065
-0.000342
-0.000575
-0.000564
-0.000518
-0.000606
-0.000835
-0.001350
-0.002136
-0.002584
-0.002280
-0.001907
-0.002277
-0.002744
-0.001936
-0.000147
0.000868
0.000714
0.000758
0.001469
0.001684
0.001106
0.001175
0.002414
0.003304
0.003002
0.002732
0.003351
0.003697
0.002757
0.001571
0.001268
0.001085
0.000142
-0.000750
-0.000704
-0.000487
-0.001072
-0.001843
-0.001882
-0.001795
-0.002584
-0.003764
-0.004135
-0.003677
-0.003287
-0.003097
-0.002510
-0.001669
-0.001295
-0.001254
-0.000775
0.000017
0.000236
-0.000061
0.000230
0.001439
0.002598
0.003064
0.003332
0.003826
0.004119
0.003859
0.003462
0.003237
0.002762
0.001853
0.001132
0.000911
0.000614
-0.000093
-0.000735
-0.001016
-0.001324
-0.001933
-0.002506
-0.002735
-0.002873
-0.003144
-0.003224
-0.002827
-0.002329
-0.002188
-0.002154
-0.001812
-0.001371
-0.001183
-0.001148
-0.001009
-0.000726
-0.000342
0.000088
0.000299
0.000180
0.000328
0.001245
0.002276
0.002559
0.002486
0.002889
0.003411
0.003278
0.002981
0.003394
0.003924
0.003475
0.002535
0.002320
0.002475
0.001758
0.000459
-0.000166
-0.000286
-0.000977
-0.001985
-0.002291
-0.002182
-0.002657
-0.003441
-0.003566
-0.003307
-0.003666
-0.004439
-0.004485
-0.003671
-0.002987
-0.002806
-0.002453
-0.001531
-0.000572
-0.000126
0.000152
0.000870
0.001691
0.001868
0.001718
0.002190
0.003229
0.003908
0.004020
0.004189
0.004508
0.004424
0.003913
0.003434
0.002914
0.002054
0.001170
0.000683
0.000309
-0.000358
-0.001098
-0.001665
-0.002314
-0.003098
-0.003543
-0.003533
-0.003658
-0.004104
-0.004185
-0.003551
-0.002865
-0.002736
-0.002792
-0.002373
-0.001607
-0.001166
-0.001138
-0.000927
-0.000297
0.000248
0.000276
0.000142
0.000612
0.001836
0.003104
0.003800
0.004110
0.004450
0.004634
0.004263
0.003662
0.003493
0.003612
0.003310
0.002608
0.002273
0.002337
0.001885
0.000718
-0.000287
-0.000788
-0.001472
-0.002560
-0.003244
-0.003281
-0.003572
-0.004350
-0.004622
-0.004063
-0.003653
-0.004008
-0.004502
-0.004387
-0.003810
-0.003197
-0.002444
-0.001359
-0.000273
0.000405
0.000907
0.001721
0.002681
0.003231
0.003358
0.003478
0.003755
0.004063
0.004312
0.004471
0.004442
0.004149
0.003756
0.003516
0.003319
0.002743
0.001681
0.000519
-0.000512
-0.001600
-0.002780
-0.003680
-0.004072
-0.004145
-0.004108
-0.004032
-0.003978
-0.003980
-0.003960
-0.003819
-0.003540
-0.003114
-0.002522
-0.001818
-0.001154
-0.000748
-0.000579
-0.000218
0.000608
0.001391
0.001403
0.000969
0.001284
0.002580
0.003700
0.003980
0.004181
0.004879
0.005286
0.004766
0.004109
0.004022
0.003813
0.002801
0.001724
0.001534
0.001625
0.000794
-0.000597
-0.001282
-0.001430
-0.002247
-0.003579
-0.004139
-0.003957
-0.004245
-0.005031
-0.005136
-0.004376
-0.003865
-0.004058
-0.004169
-0.003776
-0.003394
-0.003183
-0.002480
-0.001032
0.000426
0.001385
0.002305
0.003451
0.004264
0.004512
0.004736
0.005115
0.005117
0.004646
0.004398
0.004587
0.004462
0.003682
0.002969
0.002804
0.002553
0.001571
0.000310
-0.000613
-0.001624
-0.003164
-0.004419
-0.004598
-0.004387
-0.004729
-0.005248
-0.005114
-0.004511
-0.004099
-0.003850
-0.003447
-0.002994
-0.002618
-0.002048
-0.001098
-0.000138
0.000410
0.000709
0.001270
0.002173
0.002700
0.002154
0.001183
0.001328
0.002794
0.004011
0.004068
0.004040
0.004899
0.005652
0.005083
0.003963
0.003579
0.003289
0.001891
0.000265
0.000057
0.000659
0.000207
-0.001178
-0.001891
-0.001943
-0.002722
-0.004174
-0.004885
-0.004725
-0.004919
-0.005560
-0.005438
-0.004359
-0.003466
-0.003196
-0.002835
-0.002241
-0.002195
-0.002621
-0.002208
-0.000486
0.001271
0.002046
0.002582
0.003856
0.005338
0.005985
0.005963
0.005983
0.005815
0.004952
0.003943
0.003605
0.003593
0.003027
0.002042
0.001489
0.001401
0.000947
-0.000128
-0.001295
-0.002458
-0.003938
-0.005347
-0.005941
-0.005829
-0.005678
-0.005522
-0.004971
-0.004222
-0.003778
-0.003495
-0.002895
-0.002075
-0.001471
-0.000988
-0.000183
0.000889
0.001702
0.002012
0.002154
0.002480
0.002704
0.002234
0.001355
0.001367
0.002727
0.003999
0.003982
0.003685
0.004463
0.005456
0.005053
0.003796
0.003236
0.002938
0.001519
-0.000238
-0.000449
0.000319
-0.000158
-0.001875
-0.002772
-0.002555
-0.003092
-0.004766
-0.005683
-0.005205
-0.004988
-0.005662
-0.005661
-0.004329
-0.003160
-0.002947
-0.002548
-0.001478
-0.000948
-0.001386
-0.001416
-0.000158
0.001447
0.002472
0.003435
0.004921
0.006288
0.006763
0.006691
0.006733
0.006560
0.005480
0.003942
0.003029
0.002714
0.002096
0.001121
0.000530
0.000286
-0.000460
-0.001816
-0.002945
-0.003579
-0.004420
-0.005707
-0.006576
-0.006439
-0.005854
-0.005411
-0.004839
-0.003883
-0.003021
-0.002588
-0.002131
-0.001274
-0.000385
0.000203
0.000818
0.001755
0.002635
0.002931
0.002721
0.002589
0.002748
0.002572
0.001675
0.001070
0.001906
0.003437
0.003982
0.003617
0.003907
0.004952
0.005036
0.003706
0.002536
0.002068
0.000944
-0.001004
-0.001895
-0.001189
-0.000864
-0.002019
-0.003150
-0.003056
-0.002905
-0.003878
-0.004973
-0.005031
-0.004852
-0.005296
-0.005367
-0.004092
-0.002469
-0.001789
-0.001560
-0.000759
0.000169
0.000205
-0.000259
0.000017
0.001097
0.002043
0.002735
0.003853
0.005355
0.006481
0.006971
0.007135
0.007005
0.006261
0.004929
0.003480
0.002207
0.001024
-0.000159
-0.001198
-0.001904
-0.002294
-0.002555
-0.002868
-0.003316
-0.003928
-0.004703
-0.005519
-0.006140
-0.006383
-0.006186
-0.005566
-0.004553
-0.003272
-0.002031
-0.001004
-0.000034
0.000916
0.001584
0.001905
0.002265
0.002975
0.003692
0.003797
0.003304
0.002836
0.002578
0.001918
0.000786
0.000463
0.001798
0.003503
0.003874
0.003313
0.003351
0.003847
0.003323
0.001787
0.000726
0.000351
-0.000542
-0.001911
-0.002304
-0.001646
-0.001581
-0.002606
-0.003317
-0.003018
-0.002882
-0.003698
-0.004478
-0.004394
-0.004151
-0.004314
-0.004062
-0.002719
-0.001094
-0.000217
0.000190
0.000841
0.001485
0.001522
0.001227
0.001254
0.001496
0.001566
0.001895
0.003074
0.004663
0.005710
0.005981
0.005972
0.005873
0.005244
0.003941
0.002434
0.001008
-0.000441
-0.001825
-0.002777
-0.003134
-0.003168
-0.003250
-0.003463
-0.003634
-0.003653
-0.003663
-0.003918
-0.004441
-0.004880
-0.004771
-0.004005
-0.002941
-0.002013
-0.001279
-0.000406
0.000754
0.001852
0.002555
0.002934
0.003166
0.003261
0.003194
0.002925
0.002321
0.001491
0.000836
0.000343
-0.000228
-0.000322
0.000785
0.002391
0.003037
0.002809
0.003068
0.003772
0.003409
0.001817
0.000507
-0.000032
-0.000791
-0.001864
-0.002110
-0.001473
-0.001239
-0.001711
-0.001924
-0.001780
-0.002258
-0.003395
-0.004073
-0.003963
-0.003900
-0.004126
-0.003763
-0.002427
-0.000976
-0.000141
0.000472
0.001355
0.002102
0.002160
0.001763
0.001469
0.001316
0.001059
0.000972
0.001722
0.003353
0.004932
0.005626
0.005728
0.005793
0.005311
0.003602
0.001392
-0.000188
-0.001369
-0.002784
-0.003826
-0.003774
-0.003315
-0.003272
-0.003183
-0.002528
-0.001993
-0.002292
-0.002984
-0.003425
-0.003716
-0.003964
-0.003696
-0.002666
-0.001361
-0.000281
0.000613
0.001456
0.002126
0.002527
0.002707
0.002677
0.002512
0.002304
0.001828
0.000887
-0.000029
-0.000361
-0.000448
-0.000599
-0.000050
0.001581
0.003047
0.003285
0.003103
0.003501
0.003699
0.002686
0.001264
0.000529
-0.000099
-0.001353
-0.002214
-0.001658
-0.000757
-0.000930
-0.001591
-0.001560
-0.001418
-0.002295
-0.003571
-0.004034
-0.004038
-0.004436
-0.004580
-0.003427
-0.001571
-0.000324
0.000290
0.001066
0.001985
0.002359
0.002071
0.001690
0.001555
0.001433
0.001205
0.001299
0.002176
0.003636
0.004919
0.005520
0.005530
0.005070
0.003967
0.002266
0.000490
-0.001015
-0.002421
-0.003726
-0.004400
-0.004168
-0.003534
-0.003119
-0.002883
-0.002481
-0.002019
-0.001878
-0.002143
-0.002558
-0.002800
-0.002754
-0.002466
-0.001903
-0.001003
0.000121
0.001185
0.002016
0.002705
0.003193
0.003114
0.002482
0.001830
0.001292
0.000494
-0.000544
-0.001357
-0.001673
-0.001295
-0.000019
0.001705
0.002943
0.003516
0.004094
0.004726
0.004415
0.002798
0.000979
-0.000181
-0.001126
-0.002078
-0.002244
-0.001496
-0.000975
-0.001192
-0.001277
-0.000881
-0.001057
-0.002348
-0.003657
-0.004079
-0.004144
-0.004273
-0.003812
-0.002400
-0.000767
0.000381
0.001179
0.001964
0.002507
0.002363
0.001705
0.001211
0.001025
0.000658
0.000235
0.000749
0.002444
0.004085
0.004636
0.004624
0.004784
0.004531
0.003048
0.000874
-0.000920
-0.002263
-0.003516
-0.004258
-0.004010
-0.003307
-0.002832
-0.002336
-0.001443
-0.000638
-0.000544
-0.001066
-0.001791
-0.002428
-0.002775
-0.002738
-0.002323
-0.001502
-0.000287
0.001013
0.001972
0.002566
0.002949
0.002898
0.002220
0.001325
0.000676
0.000084
-0.000814
-0.001675
-0.001806
-0.001080
0.000144
0.001497
0.002619
0.003275
0.003591
0.003734
0.003484
0.002557
0.001181
-0.000074
-0.000886
-0.001286
-0.001349
-0.001173
-0.000986
-0.000917
-0.000800
-0.000567
-0.000637
-0.001424
-0.002659
-0.003689
-0.004171
-0.004090
-0.003497
-0.002532
-0.001375
-0.000120
0.001096
0.001971
0.002278
0.002065
0.001598
0.001126
0.000487
-0.000455
-0.000763
0.000608
0.002740
0.003804
0.003926
0.004547
0.005421
0.004975
0.003186
0.001312
-0.000465
-0.002589
-0.004286
-0.004459
-0.003653
-0.003166
-0.002847
-0.001769
-0.000339
0.000186
-0.000374
-0.001199
-0.001851
-0.002433
-0.002848
-0.002853
-0.002464
-0.001713
-0.000492
0.001048
0.002427
0.003260
0.003373
0.002813
0.001999
0.001238
0.000233
-0.001185
-0.002356
-0.002556
-0.001843
-0.000654
0.000801
0.002331
0.003558
0.004299
0.004646
0.004500
0.003549
0.001880
0.000122
-0.001190
-0.001939
-0.002144
-0.001848
-0.001262
-0.000663
-0.000250
-0.000222
-0.000753
-0.001758
-0.002857
-0.003665
-0.004070
-0.004146
-0.003850
-0.003015
-0.001639
-0.000017
0.001450
0.002535
0.003200
0.003356
0.002884
0.001896
0.000713
-0.000336
-0.000844
-0.000353
0.000977
0.002249
0.003044
0.003888
0.004865
0.004998
0.003764
0.001929
0.000174
-0.001722
-0.003664
-0.004737
-0.004592
-0.003966
-0.003357
-0.002421
-0.001075
-0.000008
0.000272
-0.000055
-0.000720
-0.001607
-0.002368
-0.002566
-0.002232
-0.001689
-0.000905
0.000339
0.001864
0.003151
0.003708
0.003326
0.002358
0.001472
0.000743
-0.000339
-0.001683
-0.002452
-0.002296
-0.001601
-0.000532
0.001051
0.002738
0.003771
0.004106
0.004207
0.003920
0.002691
0.000764
-0.000907
-0.001844
-0.002264
-0.002311
-0.001887
-0.001129
-0.000472
-0.000182
-0.000181
-0.000475
-0.001287
-0.002481
-0.003428
-0.003771
-0.003716
-0.003396
-0.002549
-0.001022
0.000764
0.002174
0.002964
0.003233
0.003018
0.002332
0.001488
0.000817
0.000201
-0.000465
-0.000639
0.000266
0.001890
0.003215
0.003747
0.003869
0.003868
0.003271
0.001643
-0.000539
-0.002474
-0.003882
-0.004681
-0.004655
-0.003874
-0.002824
-0.001788
-0.000672
0.000363
0.000771
0.000338
-0.000526
-0.001332
-0.001965
-0.002414
-0.002424
-0.001772
-0.000602
0.000751
0.002020
0.003050
0.003650
0.003582
0.002875
0.001855
0.000701
-0.000616
-0.001845
-0.002490
-0.002404
-0.001769
-0.000606
0.001048
0.002692
0.003753
0.004186
0.004121
0.003348
0.001791
0.000011
-0.001372
-0.002294
-0.002858
-0.002870
-0.002201
-0.001223
-0.000454
-0.000005
0.000214
0.000009
-0.000863
-0.002112
-0.003053
-0.003371
-0.003270
-0.002839
-0.001933
-0.000602
0.000848
0.002095
0.002942
0.003321
0.003166
0.002463
0.001470
0.000626
0.000111
-0.000104
0.000142
0.000984
0.002078
0.002910
0.003298
0.003245
0.002616
0.001370
-0.000190
-0.001699
-0.003003
-0.003966
-0.004381
-0.004147
-0.003314
-0.002033
-0.000657
0.000287
0.000563
0.000472
0.000249
-0.000318
-0.001239
-0.001966
-0.002071
-0.001658
-0.000924
0.000122
0.001380
0.002487
0.003117
0.003234
0.002906
0.002098
0.000834
-0.000546
-0.001591
-0.002140
-0.002235
-0.001782
-0.000629
0.000997
0.002450
0.003320
0.003790
0.003955
0.003383
0.001912
0.000178
-0.001177
-0.002173
-0.002912
-0.003082
-0.002543
-0.001701
-0.000948
-0.000309
0.000157
0.000108
-0.000628
-0.001655
-0.002423
-0.002841
-0.003027
-0.002769
-0.001846
-0.000540
0.000706
0.001766
0.002698
0.003427
0.003638
0.003064
0.001964
0.000997
0.000548
0.000470
0.000539
0.000841
0.001526
0.002324
0.002698
0.002439
0.001707
0.000571
-0.000944
-0.002460
-0.003508
-0.004065
-0.004269
-0.003923
-0.002831
-0.001343
-0.000118
0.000535
0.000793
0.000834
0.000530
-0.000221
-0.001087
-0.001541
-0.001489
-0.001190
-0.000685
0.000156
0.001194
0.002075
0.002581
0.002672
0.002351
0.001647
0.000674
-0.000293
-0.000930
-0.001177
-0.001244
-0.001158
-0.000602
0.000558
0.001860
0.002757
0.003177
0.003208
0.002691
0.001544
0.000055
-0.001351
-0.002383
-0.002907
-0.002869
-0.002354
-0.001669
-0.001075
-0.000548
-0.000063
0.000142
-0.000152
-0.000794
-0.001409
-0.001810
-0.002033
-0.001987
-0.001476
-0.000626
0.000193
0.000923
0.001728
0.002386
0.002500
0.002364
0.002596
0.002947
0.002663
0.001850
0.001302
0.001166
0.000867
0.000266
-0.000176
-0.000382
-0.000784
-0.001430
-0.001910
-0.002126
-0.002257
-0.002175
-0.001699
-0.001140
-0.000921
-0.000901
-0.000634
-0.000169
-0.000021
-0.000336
-0.000657
-0.000617
-0.000434
-0.000415
-0.000337
0.000140
0.000824
0.001259
0.001377
0.001425
0.001408
0.001110
0.000603
0.000200
-0.000005
-0.000216
-0.000492
-0.000494
0.000058
0.000910
0.001583
0.001944
0.002127
0.002084
0.001598
0.000727
-0.000143
-0.000781
-0.001299
-0.001722
-0.001840
-0.001691
-0.001574
-0.001522
-0.001276
-0.000799
-0.000464
-0.000552
-0.000832
-0.000983
-0.001080
-0.001272
-0.001395
-0.001215
-0.000736
-0.000079
0.000660
0.001354
0.001961
0.002582
0.003157
0.003382
0.003157
0.002703
0.002123
0.001354
0.000505
-0.000262
-0.000948
-0.001490
-0.001661
-0.001420
-0.001041
-0.000802
-0.000750
-0.000819
-0.000963
-0.001121
-0.001281
-0.001570
-0.001969
-0.002110
-0.001734
-0.001091
-0.000530
-0.000022
0.000589
0.001146
0.001391
0.001361
0.001217
0.000987
0.000676
0.000372
0.000137
-0.000062
-0.000211
-0.000202
-0.000020
0.000295
0.000801
0.001411
0.001796
0.001818
0.001676
0.001519
0.001260
0.000843
0.000387
-0.000041
-0.000526
-0.001038
-0.001329
-0.001311
-0.001218
-0.001211
-0.001153
-0.000966
-0.000881
-0.001077
-0.001356
-0.001446
-0.001350
-0.001258
-0.001255
-0.001185
-0.000905
-0.000514
-0.000109
0.000369
0.000865
0.001286
0.001778
0.002390
0.002760
0.002646
0.002346
0.002175
0.001943
0.001358
0.000584
-0.000016
-0.000432
-0.000820
-0.001055
-0.001001
-0.000845
-0.000722
-0.000510
-0.000305
-0.000438
-0.000863
-0.001223
-0.001471
-0.001774
-0.002037
-0.002006
-0.001638
-0.001162
-0.000797
-0.000470
0.000060
0.000746
0.001204
0.001297
0.001272
0.001203
0.000903
0.000423
0.000057
-0.000043
0.000043
0.000200
0.000411
0.000725
0.001131
0.001513
0.001748
0.001807
0.001714
0.001442
0.000968
0.000385
-0.000158
-0.000552
-0.000818
-0.001037
-0.001187
-0.001250
-0.001257
-0.001169
-0.001034
-0.001044
-0.001195
-0.001280
-0.001253
-0.001202
-0.001145
-0.001100
-0.001006
-0.000620
0.000071
0.000684
0.001030
0.001352
0.001759
0.001995
0.001867
0.001485
0.001056
0.000650
0.000226
-0.000141
-0.000284
-0.000213
-0.000055
0.000188
0.000538
0.000835
0.000844
0.000498
0.000009
-0.000411
-0.000855
-0.001387
-0.001716
-0.001620
-0.001322
-0.001093
-0.000837
-0.000438
-0.000103
-0.000004
-0.000006
0.000007
-0.000061
-0.000244
-0.000381
-0.000376
-0.000345
-0.000380
-0.000353
-0.000056
0.000535
0.001220
0.001742
0.001985
0.001997
0.001840
0.001548
0.001193
0.000786
0.000295
-0.000140
-0.000311
-0.000247
-0.000133
-0.000061
-0.000001
0.000054
0.000010
-0.000251
-0.000695
-0.001150
-0.001589
-0.002090
-0.002440
-0.002292
-0.001720
-0.001120
-0.000626
-0.000045
0.000642
0.001124
0.001211
0.001094
0.001006
0.000945
0.000828
0.000642
0.000419
0.000252
0.000285
0.000499
0.000653
0.000625
0.000548
0.000535
0.000550
0.000488
0.000248
-0.000095
-0.000322
-0.000411
-0.000585
-0.000887
-0.001068
-0.000992
-0.000804
-0.000647
-0.000524
-0.000422
-0.000304
-0.000108
0.000085
0.000062
-0.000195
-0.000432
-0.000456
-0.000336
-0.000217
-0.000123
-0.000012
0.000136
0.000351
0.000602
0.000756
0.000781
0.000840
0.001011
0.001094
0.000901
0.000557
0.000305
0.000220
0.000210
0.000141
-0.000055
-0.000269
-0.000322
-0.000249
-0.000194
-0.000129
-0.000040
-0.000071
-0.000222
-0.000266
-0.000132
-0.000059
-0.000240
-0.000553
-0.000770
-0.000819
-0.000740
-0.000607
-0.000479
-0.000353
-0.000222
-0.000120
-0.000035
0.000110
0.000284
0.000362
0.000319
0.000261
0.000325
0.000552
0.000817
0.000945
0.000871
0.000685
0.000518
0.000396
0.000215
-0.000153
-0.000616
-0.000856
-0.000748
-0.000538
-0.000433
-0.000355
-0.000224
-0.000131
-0.000109
-0.000116
-0.000174
-0.000277
-0.000357
-0.000384
-0.000417
-0.000510
-0.000568
-0.000405
-0.000015
0.000365
0.000519
0.000498
0.000527
0.000717
0.000936
0.000965
0.000747
0.000413
0.000117
-0.000042
-0.000058
-0.000003
0.000082
0.000183
0.000232
0.000207
0.000207
0.000267
0.000296
0.000260
0.000177
-0.000013
-0.000379
-0.000787
-0.000994
-0.000952
-0.000797
-0.000619
-0.000446
-0.000306
-0.000178
-0.000070
-0.000068
-0.000104
-0.000004
0.000140
0.000124
0.000017
-0.000031
-0.000078
-0.000115
0.000067
0.000456
0.000739
0.000746
0.000586
0.000380
0.000176
0.000038
-0.000002
-0.000017
-0.000051
-0.000024
0.000092
0.000141
0.000069
0.000065
0.000198
0.000255
0.000091
-0.000214
-0.000540
-0.000778
-0.000839
-0.000780
-0.000725
-0.000667
-0.000523
-0.000295
-0.000087
-0.000001
-0.000009
0.000016
0.000115
0.000248
0.000414
0.000618
0.000797
0.000871
0.000838
0.000763
0.000663
0.000498
0.000280
0.000092
-0.000026
-0.000122
-0.000230
-0.000308
-0.000317
-0.000271
-0.000198
-0.000135
-0.000140
-0.000157
-0.000042
0.000122
0.000106
-0.000078
-0.000199
-0.000185
-0.000178
-0.000218
-0.000205
-0.000204
-0.000339
-0.000469
-0.000410
-0.000251
-0.000107
0.000070
0.000253
0.000314
0.000260
0.000180
0.000096
0.000014
0.000003
0.000135
0.000370
0.000491
0.000346
0.000103
0.000015
0.000066
0.000052
-0.000094
-0.000234
-0.000231
-0.000054
0.000184
0.000285
0.000185
-0.000023
-0.000252
-0.000409
-0.000388
-0.000258
-0.000246
-0.000412
-0.000558
-0.000514
-0.000339
-0.000190
-0.000102
0.000017
0.000223
0.000433
0.000532
0.000518
0.000449
0.000374
0.000379
0.000462
0.000422
0.000201
0.000065
0.000167
0.000324
0.000345
0.000217
0.000002
-0.000252
-0.000462
-0.000511
-0.000398
-0.000283
-0.000281
-0.000332
-0.000328
-0.000250
-0.000155
-0.000115
-0.000161
-0.000198
-0.000063
0.000188
0.000277
0.000145
0.000050
0.000116
0.000208
0.000259
0.000284
0.000218
0.000075
0.000002
0.000032
0.000032
-0.000025
-0.000028
0.000041
0.000082
0.000077
0.000072
0.000008
-0.000158
-0.000284
-0.000287
-0.000342
-0.000535
-0.000529
-0.000074
0.000451
0.000550
0.000323
0.000178
0.000204
0.000237
0.000224
0.000174
0.000033
-0.000176
-0.000298
-0.000270
-0.000238
-0.000325
-0.000429
-0.000403
-0.000274
-0.000153
-0.000064
0.000021
0.000067
0.000055
0.000091
0.000244
0.000432
0.000546
0.000546
0.000442
0.000292
0.000198
0.000215
0.000266
0.000258
0.000177
0.000054
-0.000065
-0.000177
-0.000312
-0.000415
-0.000406
-0.000346
-0.000370
-0.000472
-0.000474
-0.000287
-0.000085
-0.000062
-0.000176
-0.000244
-0.000180
-0.000055
0.000055
0.000146
0.000233
0.000339
0.000487
0.000622
0.000618
0.000409
0.000115
-0.000042
0.000004
0.000035
-0.000143
-0.000363
-0.000363
-0.000195
-0.000028
0.000147
0.000306
0.000261
-0.000000
-0.000208
-0.000228
-0.000222
-0.000290
-0.000253
0.000022
0.000320
0.000347
0.000143
-0.000009
0.000003
0.000028
-0.000079
-0.000278
-0.000407
-0.000370
-0.000233
-0.000097
-0.000003
0.000023
-0.000003
-0.000017
0.000015
0.000105
0.000247
0.000308
0.000221
0.000180
0.000250
0.000192
-0.000048
-0.000182
-0.000030
0.000243
0.000356
0.000249
0.000100
0.000057
0.000122
0.000190
0.000125
-0.000085
-0.000295
-0.000412
-0.000470
-0.000471
-0.000361
-0.000184
-0.000069
-0.000046
-0.000056
-0.000079
-0.000088
-0.000027
0.000088
0.000193
0.000253
0.000208
0.000066
0.000002
0.000066
0.000069
-0.000039
-0.000078
-0.000008
0.000045
0.000044
0.000019
-0.000023
-0.000068
-0.000098
-0.000089
-0.000025
0.000096
0.000229
0.000239
0.000087
-0.000065
-0.000103
-0.000158
-0.000311
-0.000363
-0.000156
0.000162
0.000366
0.000413
0.000442
0.000530
0.000535
0.000317
-0.000009
-0.000237
-0.000333
-0.000368
-0.000356
-0.000264
-0.000111
-0.000009
-0.000061
-0.000214
-0.000323
-0.000354
-0.000353
-0.000305
-0.000169
0.000040
0.000243
0.000344
0.000340
0.000289
0.000239
0.000261
0.000400
0.000555
0.000524
0.000224
-0.000146
-0.000336
-0.000378
-0.000414
-0.000389
-0.000205
0.000028
0.000107
0.000000
-0.000113
-0.000113
-0.000110
-0.000198
-0.000272
-0.000241
-0.000175
-0.000119
-0.000025
0.000113
0.000240
0.000320
0.000406
0.000507
0.000451
0.000113
-0.000334
-0.000556
-0.000433
-0.000217
-0.000166
-0.000155
0.000068
0.000421
0.000582
0.000439
0.000172
-0.000016
-0.000079
-0.000090
-0.000142
-0.000249
-0.000305
-0.000211
-0.000042
0.000035
-0.000009
-0.000047
0.000028
0.000211
0.000371
0.000348
0.000165
0.000014
-0.000045
-0.000139
-0.000283
-0.000302
-0.000144
0.000014
0.000077
0.000168
0.000352
0.000419
0.000157
-0.000263
-0.000489
-0.000450
-0.000321
-0.000182
-0.000010
0.000130
0.000162
0.000146
0.000132
0.000076
-0.000010
-0.000028
0.000046
0.000115
0.000120
0.000131
0.000205
0.000258
0.000196
0.000048
-0.000112
-0.000244
-0.000311
-0.000293
-0.000278
-0.000337
-0.000337
-0.000167
0.000032
0.000148
0.000279
0.000414
0.000393
0.000253
0.000152
0.000041
-0.000179
-0.000375
-0.000379
-0.000276
-0.000246
-0.000250
-0.000117
0.000101
0.000204
0.000208
0.000265
0.000340
0.000290
0.000134
0.000001
-0.000073
-0.000119
-0.000133
-0.000085
0.000028
0.000155
0.000247
0.000303
0.000310
0.000253
0.000189
0.000138
-0.000033
-0.000322
-0.000476
-0.000419
-0.000352
-0.000328
-0.000204
0.000056
0.000334
0.000464
0.000316
-0.000054
-0.000382
-0.000484
-0.000449
-0.000431
-0.000415
-0.000305
-0.000080
0.000174
0.000348
0.000432
0.000493
0.000560
0.000576
0.000458
0.000205
-0.000042
-0.000124
-0.000083
-0.000095
-0.000190
-0.000204
-0.000021
0.000261
0.000410
0.000295
0.000003
-0.000289
-0.000485
-0.000557
-0.000499
-0.000348
-0.000184
-0.000079
-0.000053
-0.000014
0.000143
0.000294
0.000223
-0.000009
-0.000185
-0.000236
-0.000208
-0.000148
-0.000076
0.000009
0.000099
0.000190
0.000273
0.000302
0.000257
0.000167
0.000069
0.000017
0.000027
0.000043
0.000021
-0.000015
0.000017
0.000175
0.000395
0.000550
0.000583
0.000471
0.000172
-0.000236
-0.000576
-0.000731
-0.000646
-0.000382
-0.000138
-0.000053
-0.000059
-0.000036
-0.000003
-0.000050
-0.000152
-0.000209
-0.000241
-0.000302
-0.000286
-0.000053
0.000243
0.000295
0.000131
0.000063
0.000199
0.000348
0.000364
0.000305
0.000212
0.000017
-0.000207
-0.000277
-0.000196
-0.000075
0.000080
0.000242
0.000316
0.000309
0.000272
0.000137
-0.000119
-0.000272
-0.000163
-0.000009
-0.000010
-0.000040
0.000006
-0.000017
-0.000188
-0.000347
-0.000340
-0.000210
-0.000082
-0.000021
-0.000031
-0.000071
-0.000095
-0.000142
-0.000248
-0.000297
-0.000158
0.000096
0.000262
0.000282
0.000256
0.000269
0.000343
0.000407
0.000311
0.000054
-0.000166
-0.000199
-0.000067
0.000108
0.000192
0.000157
0.000096
0.000057
0.000032
0.000088
0.000211
0.000198
0.000008
-0.000137
-0.000160
-0.000229
-0.000360
-0.000383
-0.000248
-0.000053
0.000080
0.000060
-0.000062
-0.000146
-0.000169
-0.000198
-0.000230
-0.000208
-0.000119
0.000002
0.000106
0.000177
0.000209
0.000188
0.000146
0.000126
0.000113
0.000097
0.000102
0.000091
0.000068
0.000169
0.000367
0.000416
0.000244
0.000061
0.000029
0.000047
-0.000052
-0.000206
-0.000227
-0.000156
-0.000228
-0.000475
-0.000616
-0.000478
-0.000252
-0.000153
-0.000115
0.000005
0.000154
0.000155
0.000015
-0.000048
0.000025
0.000050
-0.000031
-0.000013
0.000191
0.000353
0.000313
0.000254
0.000328
0.000398
0.000331
0.000182
0.000048
-0.000045
-0.000099
-0.000121
-0.000157
-0.000231
-0.000256
-0.000159
-0.000011
0.000103
0.000175
0.000182
0.000083
-0.000064
-0.000163
-0.000210
-0.000242
-0.000243
-0.000185
-0.000086
0.000005
0.000081
0.000122
0.000028
-0.000191
-0.000317
-0.000250
-0.000138
-0.000081
-0.000029
0.000050
0.000124
0.000147
0.000120
0.000087
0.000088
0.000129
0.000191
0.000232
0.000237
0.000232
0.000242
0.000222
0.000158
0.000142
0.000189
0.000182
0.000087
-0.000009
-0.000096
-0.000239
-0.000419
-0.000491
-0.000348
-0.000147
-0.000121
-0.000206
-0.000178
-0.000011
0.000145
0.000192
0.000120
-0.000045
-0.000241
-0.000371
-0.000393
-0.000343
-0.000238
-0.000056
0.000166
0.000332
0.000403
0.000448
0.000511
0.000511
0.000377
0.000170
-0.000005
-0.000147
-0.000287
-0.000337
-0.000209
0.000041
0.000276
0.000386
0.000344
0.000245
0.000159
0.000024
-0.000209
-0.000452
-0.000590
-0.000565
-0.000391
-0.000150
0.000041
0.000102
0.000052
0.000024
0.000081
0.000060
-0.000161
-0.000314
-0.000102
0.000268
0.000381
0.000206
0.000011
-0.000032
0.000068
0.000221
0.000290
0.000203
0.000071
0.000017
-0.000030
-0.000145
-0.000257
-0.000328
-0.000362
-0.000279
-0.000039
0.000230
0.000405
0.000476
0.000435
0.000274
0.000055
-0.000150
-0.000324
-0.000426
-0.000376
-0.000197
-0.000036
0.000029
0.000055
0.000094
0.000115
0.000078
-0.000000
-0.000094
-0.000197
-0.000275
-0.000297
-0.000253
-0.000108
0.000126
0.000303
0.000329
0.000290
0.000290
0.000325
0.000341
0.000262
0.000052
-0.000208
-0.000357
-0.000308
-0.000155
-0.000014
0.000125
0.000204
0.000140
0.000056
0.000080
0.000088
-0.000053
-0.000249
-0.000348
-0.000321
-0.000209
-0.000061
0.000061
0.000131
0.000179
0.000197
0.000141
0.000011
-0.000139
-0.000252
-0.000272
-0.000195
-0.000107
-0.000082
-0.000094
-0.000097
-0.000059
0.000071
0.000284
0.000420
0.000367
0.000232
0.000139
0.000062
-0.000024
-0.000055
-0.000010
0.000019
-0.000002
0.000033
0.000170
0.000268
0.000195
0.000034
-0.000061
-0.000087
-0.000130
-0.000206
-0.000268
-0.000337
-0.000469
-0.000542
-0.000378
-0.000072
0.000153
0.000239
0.000248
0.000220
0.000139
0.000018
-0.000028
0.000057
0.000166
0.000208
0.000231
0.000239
0.000167
0.000094
0.000156
0.000252
0.000174
-0.000045
-0.000203
-0.000253
-0.000319
-0.000427
-0.000464
-0.000387
-0.000248
-0.000090
0.000092
0.000289
0.000384
0.000269
0.000087
0.000052
0.000107
0.000089
0.000029
0.000023
0.000051
0.000030
-0.000078
-0.000165
-0.000119
-0.000047
-0.000091
-0.000195
-0.000274
-0.000304
-0.000237
-0.000095
0.000026
0.000109
0.000166
0.000150
0.000088
0.000102
0.000214
0.000347
0.000479
0.000579
0.000508
0.000203
-0.000130
-0.000241
-0.000187
-0.000194
-0.000222
-0.000056
0.000211
0.000269
0.000078
-0.000155
-0.000325
-0.000439
-0.000445
-0.000315
-0.000192
-0.000218
-0.000272
-0.000149
0.000057
0.000100
-0.000010
-0.000058
0.000023
0.000123
0.000168
0.000163
0.000113
0.000100
0.000234
0.000463
0.000621
0.000565
0.000286
-0.000043
-0.000242
-0.000303
-0.000290
-0.000248
-0.000215
-0.000194
-0.000136
-0.000023
0.000077
0.000118
0.000108
0.000041
-0.000076
-0.000219
-0.000374
-0.000424
-0.000240
0.000039
0.000135
0.000035
-0.000010
0.000113
0.000196
0.000074
-0.000088
-0.000096
0.000002
0.000058
0.000009
-0.000101
-0.000153
-0.000070
0.000101
0.000279
0.000403
0.000401
0.000302
0.000257
0.000265
0.000147
-0.000128
-0.000385
-0.000486
-0.000413
-0.000201
0.000079
0.000287
0.000278
0.000124
0.000087
0.000192
0.000185
0.000018
-0.000097
-0.000100
-0.000116
-0.000163
-0.000152
-0.000071
0.000015
0.000059
0.000004
-0.000198
-0.000454
-0.000565
-0.000431
-0.000142
0.000105
0.000170
0.000121
0.000102
0.000129
0.000173
0.000240
0.000292
0.000303
0.000280
0.000162
-0.000063
-0.000220
-0.000165
-0.000032
-0.000026
-0.000101
-0.000064
0.000110
0.000233
0.000168
0.000030
0.000001
0.000041
-0.000007
-0.000124
-0.000174
-0.000125
-0.000055
-0.000016
-0.000008
-0.000024
-0.000033
-0.000003
0.000017
-0.000028
-0.000082
-0.000109
-0.000185
-0.000314
-0.000330
-0.000146
0.000109
0.000277
0.000300
0.000211
0.000107
0.000094
0.000195
0.000287
0.000264
0.000182
0.000098
-0.000026
-0.000171
-0.000239
-0.000155
0.000028
0.000151
0.000136
0.000044
-0.000065
-0.000154
-0.000182
-0.000157
-0.000139
-0.000178
-0.000232
-0.000185
0.000006
0.000252
0.000379
0.000277
0.000031
-0.000176
-0.000229
-0.000130
0.000026
0.000132
0.000135
0.000050
-0.000016
0.000009
0.000056
0.000021
-0.000055
-0.000057
-0.000010
-0.000047
-0.000177
-0.000277
-0.000285
-0.000232
-0.000111
0.000121
0.000393
0.000527
0.000429
0.000179
-0.000073
-0.000226
-0.000255
-0.000211
-0.000174
-0.000148
-0.000060
0.000080
0.000144
0.000089
0.000058
0.000134
0.000197
0.000158
0.000076
-0.000003
-0.000060
-0.000036
0.000057
0.000059
-0.000080
-0.000178
-0.000123
-0.000022
0.000033
0.000096
0.000196
0.000231
0.000128
-0.000050
-0.000231
-0.000388
-0.000423
-0.000274
-0.000081
-0.000015
-0.000038
-0.000001
0.000109
0.000218
0.000302
0.000309
0.000171
-0.000016
-0.000083
-0.000002
0.000101
0.000106
0.000043
0.000029
0.000087
0.000115
0.000029
-0.000118
-0.000211
-0.000221
-0.000241
-0.000354
-0.000481
-0.000447
-0.000179
0.000202
0.000507
0.000648
0.000671
0.000594
0.000339
-0.000056
-0.000366
-0.000444
-0.000350
-0.000222
-0.000147
-0.000103
-0.000020
0.000102
0.000169
0.000142
0.000089
0.000038
-0.000058
-0.000174
-0.000211
-0.000154
-0.000101
-0.000114
-0.000100
0.000029
0.000186
0.000227
0.000134
0.000012
-0.000061
-0.000102
-0.000131
-0.000105
-0.000046
-0.000046
-0.000069
0.000033
0.000241
0.000390
0.000429
0.000391
0.000251
0.000031
-0.000167
-0.000322
-0.000418
-0.000326
-0.000040
0.000185
0.000161
-0.000006
-0.000110
-0.000090
-0.000011
0.000070
0.000135
0.000177
0.000181
0.000116
0.000009
-0.000045
-0.000055
-0.000139
-0.000273
-0.000302
-0.000242
-0.000231
-0.000253
-0.000224
-0.000190
-0.000237
-0.000282
-0.000118
0.000244
0.000536
0.000625
0.000652
0.000743
0.000767
0.000524
0.000089
-0.000228
-0.000317
-0.000339
-0.000392
-0.000429
-0.000403
-0.000309
-0.000180
-0.000073
-0.000010
0.000028
0.000031
-0.000029
-0.000098
-0.000136
-0.000215
-0.000300
-0.000225
-0.000006
0.000203
0.000355
0.000453
0.000483
0.000459
0.000348
0.000097
-0.000174
-0.000256
-0.000173
-0.000112
-0.000110
-0.000116
-0.000135
-0.000128
-0.000039
0.000068
0.000104
0.000064
-0.000003
-0.000053
-0.000075
-0.000063
0.000015
0.000162
0.000287
0.000291
0.000164
-0.000029
-0.000219
-0.000318
-0.000250
-0.000096
-0.000047
-0.000117
-0.000126
-0.000004
0.000088
0.000058
0.000054
0.000151
0.000158
-0.000030
-0.000203
-0.000202
-0.000128
-0.000076
-0.000027
0.000059
0.000174
0.000209
0.000132
0.000090
0.000126
0.000123
0.000068
0.000057
0.000126
0.000183
0.000122
-0.000017
-0.000139
-0.000246
-0.000303
-0.000227
-0.000083
0.000007
0.000056
0.000119
0.000164
0.000141
0.000079
0.000033
-0.000011
-0.000099
-0.000216
-0.000302
-0.000324
-0.000265
-0.000089
0.000139
0.000255
0.000216
0.000137
0.000112
0.000125
0.000110
0.000007
-0.000200
-0.000403
-0.000400
-0.000136
0.000208
0.000436
0.000476
0.000346
0.000109
-0.000164
-0.000356
-0.000324
-0.000098
0.000094
0.000137
0.000090
0.000006
-0.000079
-0.000073
0.000064
0.000204
0.000213
0.000129
0.000048
-0.000044
-0.000186
-0.000283
-0.000232
-0.000098
-0.000001
0.000080
0.000210
0.000306
0.000225
0.000013
-0.000129
-0.000122
-0.000088
-0.000127
-0.000178
-0.000182
-0.000178
-0.000173
-0.000138
-0.000097
-0.000041
0.000100
0.000286
0.000321
0.000129
-0.000080
-0.000091
0.000040
0.000143
0.000188
0.000229
0.000255
0.000225
0.000130
0.000005
-0.000049
0.000015
0.000070
-0.000002
-0.000148
-0.000275
-0.000381
-0.000476
-0.000503
-0.000396
-0.000179
0.000056
0.000216
0.000246
0.000162
0.000053
-0.000011
-0.000057
-0.000113
-0.000111
0.000015
0.000209
0.000356
0.000428
0.000455
0.000414
0.000285
0.000166
0.000107
0.000003
-0.000189
-0.000350
-0.000379
-0.000301
-0.000191
-0.000083
0.000011
0.000024
-0.000064
-0.000141
-0.000137
-0.000125
-0.000180
-0.000267
-0.000266
-0.000136
0.000026
0.000138
0.000212
0.000247
0.000224
0.000193
0.000224
0.000291
0.000311
0.000251
0.000136
-0.000022
-0.000218
-0.000368
-0.000315
-0.000068
0.000138
0.000184
0.000140
0.000039
-0.000094
-0.000164
-0.000170
-0.000187
-0.000190
-0.000136
-0.000046
0.000067
0.000179
0.000210
0.000104
-0.000056
-0.000120
-0.000078
-0.000037
0.000007
0.000099
0.000129
0.000026
-0.000053
-0.000001
0.000045
-0.000025
-0.000083
0.000016
0.000153
0.000098
-0.000112
-0.000235
-0.000179
-0.000044
0.000053
0.000055
0.000013
0.000060
0.000188
0.000221
0.000082
-0.000114
-0.000232
-0.000244
-0.000156
0.000016
0.000192
0.000271
0.000202
0.000026
-0.000088
-0.000029
0.000050
-0.000076
-0.000322
-0.000367
-0.000123
0.000134
0.000192
0.000137
0.000081
0.000023
-0.000031
-0.000020
0.000097
0.000235
0.000253
0.000143
0.000047
0.000067
0.000124
0.000053
-0.000152
-0.000316
-0.000316
-0.000212
-0.000111
-0.000033
0.000054
0.000147
0.000166
0.000063
-0.000066
-0.000134
-0.000159
-0.000124
-0.000005
0.000108
0.000141
0.000146
0.000153
0.000081
-0.000071
-0.000154
-0.000092
0.000037
0.000130
0.000135
0.000014
-0.000199
-0.000384
-0.000450
-0.000325
0.000012
0.000357
0.000432
0.000261
0.000075
-0.000027
-0.000089
-0.000094
0.000013
0.000151
0.000189
0.000113
-0.000010
-0.000093
-0.000062
0.000064
0.000186
0.000232
0.000210
0.000148
0.000039
-0.000107
-0.000225
-0.000257
-0.000202
-0.000091
0.000003
-0.000028
-0.000180
-0.000298
-0.000277
-0.000207
-0.000194
-0.000165
-0.000063
-0.000030
-0.000119
-0.000167
-0.000088
0.000038
0.000167
0.000309
0.000437
0.000501
0.000501
0.000471
0.000394
0.000209
-0.000061
-0.000260
-0.000256
-0.000100
0.000041
0.000112
0.000179
0.000220
0.000123
-0.000105
-0.000312
-0.000367
-0.000270
-0.000141
-0.000122
-0.000214
-0.000257
-0.000122
0.000105
0.000206
0.000110
-0.000004
-0.000010
-0.000049
-0.000209
-0.000304
