5760
-0.000111
-0.000098
0.000009
0.000123
0.000143
0.000071
0.000021
0.000034
0.000041
0.000027
0.000050
0.000083
0.000014
-0.000145
-0.000238
-0.000180
-0.000048
0.000030
0.000019
-0.000004
-0.000009
-0.000012
0.000037
0.000152
0.000209
0.000138
0.000047
0.000032
0.000017
-0.000085
-0.000179
-0.000148
-0.000053
-0.000007
0.000002
-0.000009
-0.000084
-0.000163
-0.000110
0.000043
0.000128
0.000108
0.000112
0.000189
0.000229
0.000156
0.000063
0.000065
0.000099
0.000040
-0.000060
-0.000089
-0.000083
-0.000096
-0.000123
-0.000171
-0.000194
-0.000118
-0.000015
0.000014
0.000042
0.000126
0.000127
-0.000006
-0.000112
-0.000121
-0.000126
-0.000138
-0.000101
-0.000002
0.000124
0.000182
0.000089
-0.000056
-0.000106
-0.000077
-0.000039
0.000001
0.000037
0.000070
0.000125
0.000170
0.000143
0.000071
0.000029
0.000025
0.000041
0.000073
0.000099
0.000090
0.000052
0.000003
-0.000027
-0.000006
0.000050
0.000070
0.000002
-0.000115
-0.000198
-0.000231
-0.000242
-0.000200
-0.000094
-0.000013
0.000012
0.000049
0.000040
-0.000104
-0.000243
-0.000183
0.000009
0.000124
0.000120
0.000090
0.000058
0.000043
0.000131
0.000277
0.000298
0.000157
0.000020
-0.000009
-0.000015
-0.000061
-0.000098
-0.000101
-0.000099
-0.000111
-0.000120
-0.000088
-0.000022
0.000006
-0.000025
-0.000022
0.000059
0.000091
0.000017
0.000002
0.000096
0.000126
0.000036
-0.000039
-0.000039
-0.000053
-0.000120
-0.000126
-0.000017
0.000074
0.000068
0.000046
0.000056
0.000054
0.000029
0.000007
0.000000
0.000026
0.000090
0.000124
0.000059
-0.000042
-0.000064
-0.000026
-0.000034
-0.000087
-0.000092
-0.000030
0.000036
0.000071
0.000071
0.000029
-0.000052
-0.000137
-0.000193
-0.000214
-0.000197
-0.000139
-0.000063
0.000005
0.000074
0.000134
0.000138
0.000104
0.000108
0.000157
0.000158
0.000060
-0.000039
-0.000018
0.000093
0.000168
0.000158
0.000110
0.000060
-0.000020
-0.000158
-0.000305
-0.000380
-0.000354
-0.000251
-0.000125
-0.000016
0.000095
0.000225
0.000309
0.000310
0.000273
0.000222
0.000153
0.000090
0.000068
0.000055
-0.000032
-0.000190
-0.000275
-0.000219
-0.000142
-0.000124
-0.000101
-0.000060
-0.000068
-0.000109
-0.000110
-0.000070
-0.000030
-0.000013
-0.000013
0.000033
0.000151
0.000226
0.000173
0.000094
0.000093
0.000121
0.000108
0.000090
0.000099
0.000058
-0.000069
-0.000170
-0.000155
-0.000058
0.000013
-0.000002
-0.000040
-0.000016
0.000013
-0.000042
-0.000132
-0.000160
-0.000138
-0.000140
-0.000152
-0.000078
0.000094
0.000225
0.000203
0.000093
0.000047
0.000099
0.000144
0.000110
0.000032
-0.000020
-0.000029
-0.000052
-0.000105
-0.000114
-0.000058
-0.000004
0.000022
0.000049
0.000072
0.000057
0.000018
0.000002
0.000028
0.000075
0.000094
0.000049
-0.000023
-0.000081
-0.000145
-0.000210
-0.000223
-0.000159
-0.000048
0.000028
-0.000002
-0.000071
-0.000034
0.000104
0.000172
0.000123
0.000080
0.000104
0.000145
0.000161
0.000162
0.000153
0.000108
0.000012
-0.000119
-0.000227
-0.000238
-0.000166
-0.000108
-0.000119
-0.000171
-0.000197
-0.000125
0.000010
0.000083
0.000069
0.000064
0.000128
0.000220
0.000259
0.000190
0.000057
-0.000047
-0.000080
-0.000064
-0.000035
0.000004
0.000071
0.000149
0.000165
0.000074
-0.000068
-0.000144
-0.000123
-0.000113
-0.000192
-0.000270
-0.000239
-0.000114
0.000063
0.000273
0.000383
0.000260
0.000017
-0.000130
-0.000161
-0.000166
-0.000150
-0.000069
0.000032
0.000076
0.000084
0.000111
0.000131
0.000087
0.000011
-0.000035
-0.000057
-0.000099
-0.000148
-0.000099
0.000075
0.000186
0.000098
-0.000042
-0.000052
0.000015
0.000009
-0.000068
-0.000094
-0.000026
0.000032
0.000003
-0.000008
0.000094
0.000180
0.000118
-0.000011
-0.000083
-0.000078
-0.000022
0.000028
0.000020
-0.000020
-0.000045
-0.000054
-0.000036
0.000008
0.000028
-0.000013
-0.000079
-0.000095
-0.000056
-0.000055
-0.000115
-0.000135
-0.000088
-0.000039
0.000057
0.000234
0.000321
0.000230
0.000154
0.000167
0.000086
-0.000092
-0.000120
0.000058
0.000199
0.000134
-0.000036
-0.000148
-0.000174
-0.000170
-0.000185
-0.000212
-0.000196
-0.000110
-0.000011
0.000015
-0.000034
-0.000068
-0.000040
0.000020
0.000089
0.000139
0.000134
0.000092
0.000077
0.000104
0.000126
0.000101
0.000045
-0.000002
-0.000023
-0.000021
-0.000002
0.000034
0.000099
0.000172
0.000177
0.000092
-0.000019
-0.000124
-0.000229
-0.000341
-0.000443
-0.000463
-0.000346
-0.000153
-0.000011
0.000041
0.000082
0.000171
0.000265
0.000323
0.000349
0.000335
0.000251
0.000110
0.000001
-0.000009
0.000025
0.000015
-0.000035
-0.000060
-0.000042
-0.000039
-0.000085
-0.000127
-0.000123
-0.000132
-0.000196
-0.000225
-0.000156
-0.000080
-0.000051
0.000005
0.000086
0.000107
0.000104
0.000154
0.000185
0.000102
-0.000011
0.000014
0.000121
0.000096
-0.000030
-0.000039
0.000036
0.000003
-0.000095
-0.000083
0.000047
0.000170
0.000182
0.000086
-0.000024
-0.000109
-0.000187
-0.000215
-0.000168
-0.000119
-0.000100
-0.000089
-0.000085
-0.000050
0.000055
0.000167
0.000200
0.000148
0.000067
0.000016
-0.000018
-0.000075
-0.000131
-0.000121
-0.000033
0.000054
0.000075
0.000088
0.000151
0.000169
0.000077
-0.000030
-0.000062
-0.000049
-0.000032
-0.000002
0.000020
-0.000003
-0.000011
0.000068
0.000152
0.000118
0.000018
-0.000028
-0.000037
-0.000083
-0.000164
-0.000230
-0.000230
-0.000152
-0.000064
-0.000023
-0.000012
-0.000013
0.000004
0.000052
0.000053
-0.000013
-0.000029
0.000054
0.000143
0.000172
0.000150
0.000090
0.000022
0.000021
0.000102
0.000189
0.000216
0.000172
0.000051
-0.000124
-0.000242
-0.000201
-0.000071
-0.000019
-0.000063
-0.000095
-0.000082
-0.000087
-0.000123
-0.000150
-0.000144
-0.000086
0.000023
0.000134
0.000191
0.000156
0.000054
-0.000018
-0.000012
0.000022
0.000037
0.000037
0.000026
-0.000015
-0.000088
-0.000142
-0.000148
-0.000131
-0.000100
-0.000051
-0.000005
0.000044
0.000159
0.000355
0.000489
0.000398
0.000151
-0.000033
-0.000116
-0.000221
-0.000338
-0.000340
-0.000217
-0.000088
-0.000028
-0.000009
0.000011
0.000040
0.000054
0.000032
0.000025
0.000105
0.000212
0.000205
0.000093
0.000034
0.000068
0.000080
0.000031
-0.000020
-0.000039
-0.000053
-0.000103
-0.000170
-0.000185
-0.000179
-0.000245
-0.000330
-0.000284
-0.000115
0.000028
0.000119
0.000223
0.000315
0.000336
0.000320
0.000299
0.000222
0.000052
-0.000136
-0.000238
-0.000236
-0.000157
-0.000012
0.000141
0.000210
0.000145
-0.000009
-0.000148
-0.000207
-0.000210
-0.000213
-0.000213
-0.000163
-0.000051
0.000074
0.000151
0.000160
0.000134
0.000137
0.000160
0.000113
-0.000009
-0.000076
-0.000014
0.000098
0.000156
0.000133
0.000068
0.000040
0.000083
0.000112
0.000021
-0.000174
-0.000336
-0.000340
-0.000212
-0.000079
-0.000003
0.000034
0.000032
-0.000030
-0.000122
-0.000190
-0.000201
-0.000132
0.000022
0.000167
0.000174
0.000102
0.000157
0.000302
0.000282
0.000090
-0.000013
0.000021
0.000014
-0.000057
-0.000093
-0.000082
-0.000008
0.000110
0.000130
0.000010
-0.000093
-0.000097
-0.000091
-0.000122
-0.000151
-0.000167
-0.000156
-0.000061
0.000108
0.000249
0.000269
0.000179
0.000052
-0.000046
-0.000078
-0.000046
0.000027
0.000085
0.000059
-0.000066
-0.000215
-0.000271
-0.000222
-0.000159
-0.000081
0.000068
0.000206
0.000225
0.000149
0.000049
-0.000002
0.000039
0.000091
0.000043
-0.000016
0.000053
0.000156
0.000131
0.000013
-0.000070
-0.000078
-0.000056
-0.000049
-0.000083
-0.000152
-0.000174
-0.000107
-0.000051
-0.000055
-0.000005
0.000108
0.000137
0.000073
0.000035
0.000043
0.000025
-0.000044
-0.000102
-0.000054
0.000071
0.000114
0.000025
-0.000066
-0.000063
-0.000012
0.000027
0.000061
0.000048
-0.000052
-0.000105
-0.000009
0.000088
0.000067
0.000006
-0.000043
-0.000087
-0.000087
-0.000027
0.000045
0.000101
0.000116
0.000065
-0.000002
-0.000028
-0.000043
-0.000064
-0.000028
0.000076
0.000146
0.000124
0.000067
0.000021
-0.000037
-0.000092
-0.000082
-0.000016
-0.000017
-0.000112
-0.000152
-0.000093
-0.000053
-0.000049
-0.000014
0.000025
-0.000006
-0.000096
-0.000132
-0.000043
0.000093
0.000204
0.000309
0.000377
0.000322
0.000173
0.000024
-0.000100
-0.000220
-0.000326
-0.000383
-0.000317
-0.000106
0.000081
0.000079
0.000006
0.000037
0.000112
0.000110
0.000051
-0.000003
-0.000062
-0.000127
-0.000110
0.000027
0.000149
0.000121
0.000027
0.000028
0.000119
0.000165
0.000075
-0.000103
-0.000188
-0.000086
0.000060
0.000086
0.000051
0.000063
0.000060
-0.000016
-0.000083
-0.000080
-0.000047
-0.000026
0.000004
0.000054
0.000064
0.000010
-0.000050
-0.000093
-0.000166
-0.000257
-0.000277
-0.000179
0.000016
0.000229
0.000351
0.000321
0.000216
0.000159
0.000060
-0.000180
-0.000251
0.000029
0.000196
-0.000039
-0.000221
-0.000048
0.000085
-0.000074
-0.000159
0.000014
0.000087
-0.000084
-0.000169
-0.000055
-0.000031
-0.000148
-0.000126
0.000065
0.000149
0.000070
0.000073
0.000221
0.000282
0.000171
0.000107
0.000185
0.000195
0.000026
-0.000124
-0.000124
-0.000116
-0.000164
-0.000140
-0.000059
-0.000056
-0.000094
-0.000071
-0.000019
-0.000013
-0.000025
0.000001
0.000025
-0.000035
-0.000145
-0.000188
-0.000162
-0.000150
-0.000099
0.000084
0.000278
0.000279
0.000141
0.000082
0.000120
0.000103
0.000047
0.000089
0.000174
0.000100
-0.000127
-0.000261
-0.000196
-0.000104
-0.000120
-0.000178
-0.000180
-0.000121
-0.000041
0.000040
0.000147
0.000289
0.000367
0.000268
0.000059
-0.000074
-0.000067
0.000011
0.000093
0.000122
0.000052
-0.000071
-0.000164
-0.000201
-0.000183
-0.000103
0.000015
0.000089
0.000070
0.000012
-0.000013
-0.000021
-0.000062
-0.000112
-0.000104
-0.000033
0.000044
0.000118
0.000177
0.000117
-0.000069
-0.000197
-0.000163
-0.000086
-0.000077
-0.000098
-0.000084
-0.000042
0.000036
0.000176
0.000311
0.000318
0.000200
0.000083
0.000031
0.000003
-0.000014
-0.000012
-0.000060
-0.000200
-0.000303
-0.000263
-0.000156
-0.000059
0.000052
0.000174
0.000247
0.000239
0.000194
0.000178
0.000151
0.000041
-0.000098
-0.000169
-0.000163
-0.000120
-0.000086
-0.000151
-0.000335
-0.000366
-0.000024
0.000214
-0.000107
-0.000354
0.000138
0.000680
0.000420
-0.000079
0.000062
0.000406
0.000137
-0.000374
-0.000326
0.000019
-0.000013
-0.000096
0.000310
0.000564
-0.000069
-0.000837
-0.000564
0.000385
0.000567
-0.000259
-0.000655
0.000144
0.000847
0.000310
-0.000450
-0.000173
0.000385
0.000048
-0.000582
-0.000416
0.000091
0.000004
-0.000332
-0.000138
0.000322
0.000351
0.000061
0.000035
0.000291
0.000336
0.000040
-0.000187
-0.000125
-0.000065
-0.000186
-0.000215
-0.000016
0.000114
0.000009
-0.000085
-0.000006
0.000039
-0.000074
-0.000146
-0.000035
0.000125
0.000197
0.000189
0.000144
0.000066
-0.000032
-0.000106
-0.000116
-0.000046
0.000079
0.000151
0.000083
-0.000044
-0.000084
-0.000006
0.000083
0.000065
-0.000030
-0.000101
-0.000132
-0.000130
-0.000107
-0.000122
-0.000149
-0.000074
0.000067
0.000118
0.000056
0.000014
0.000066
0.000120
0.000064
-0.000065
-0.000143
-0.000108
-0.000004
0.000089
0.000125
0.000147
0.000222
0.000247
0.000088
-0.000066
0.000025
0.000132
-0.000038
-0.000218
-0.000062
0.000169
0.000103
-0.000054
-0.000005
0.000008
-0.000292
-0.000595
-0.000486
-0.000107
0.000098
0.000049
0.000044
0.000157
0.000138
-0.000049
-0.000130
-0.000040
-0.000016
-0.000051
0.000081
0.000278
0.000278
0.000217
0.000312
0.000306
0.000014
-0.000141
0.000084
0.000235
-0.000076
-0.000492
-0.000409
-0.000016
-0.000064
-0.000451
-0.000292
0.000342
0.000427
-0.000100
-0.000251
0.000200
0.000368
-0.000080
-0.000255
0.000276
0.000522
-0.000031
-0.000351
0.000060
0.000310
-0.000040
-0.000465
-0.000486
-0.000094
0.000218
-0.000014
-0.000349
0.000055
0.000732
0.000318
-0.000693
-0.000388
0.000810
0.000566
-0.000816
-0.000686
0.000825
0.000841
-0.000805
-0.001185
0.000352
0.001025
-0.000316
-0.001058
0.000406
0.001490
0.000020
-0.001516
-0.000417
0.001184
0.000611
-0.000602
-0.000595
-0.000120
0.000200
0.000439
0.000247
-0.000222
-0.000226
0.000181
0.000234
-0.000237
-0.000478
0.000052
0.000661
0.000419
-0.000080
0.000189
0.000442
-0.000321
-0.000903
-0.000080
0.000782
0.000113
-0.000849
-0.000358
0.000474
-0.000022
-0.000746
-0.000075
0.000820
0.000097
-0.000819
0.000299
0.001357
-0.000270
-0.001533
0.000210
0.001079
-0.000904
-0.001410
0.000739
0.001277
-0.000490
-0.000793
0.000650
0.000731
-0.000312
-0.000231
0.000306
0.000043
-0.000158
0.000098
-0.000011
-0.000202
0.000243
0.000637
0.000306
-0.000099
-0.000012
0.000063
-0.000253
-0.000402
-0.000377
-0.000673
-0.000371
0.000793
0.000751
-0.000602
-0.000488
0.000967
0.000572
-0.001111
-0.000755
0.000510
0.000061
-0.000375
0.000457
0.000605
-0.000063
-0.000046
0.000257
0.000125
0.000026
-0.000025
-0.000406
-0.000510
0.000163
0.000469
-0.000376
-0.000826
0.000168
0.000926
0.000068
-0.000695
0.000364
0.001166
-0.000248
-0.001289
0.000022
0.001024
-0.000008
-0.000867
-0.000072
0.000943
0.000521
-0.000860
-0.001174
-0.000033
0.000547
-0.000085
-0.000159
0.000583
0.000349
-0.000495
0.000031
0.000862
-0.000103
-0.001195
-0.000276
0.001105
0.001050
-0.000017
-0.000754
-0.000061
0.001085
0.000235
-0.001682
-0.001349
0.000465
0.000232
-0.001253
-0.000294
0.001970
0.001328
-0.000965
-0.000656
0.001155
0.000790
-0.001010
-0.001174
0.000280
0.000855
-0.000169
-0.000875
-0.000061
0.000786
0.000207
-0.000503
0.000082
0.000512
-0.000508
-0.001065
0.000476
0.001834
0.000414
-0.001651
-0.000815
0.001267
0.000646
-0.001432
-0.000913
0.001454
0.001623
-0.000468
-0.001245
0.000057
0.000649
-0.000548
-0.001309
-0.000299
0.000848
0.000519
-0.000471
-0.000314
0.000876
0.001055
-0.000404
-0.001361
-0.000244
0.001084
0.000342
-0.000946
-0.000086
0.001545
0.000867
-0.001123
-0.001233
0.000556
0.001199
-0.000689
-0.001682
0.000841
0.002262
-0.000958
-0.003028
0.000288
0.002979
0.000241
-0.002878
-0.001142
0.002262
0.001825
-0.001383
-0.001814
0.000980
0.001522
-0.001206
-0.001606
0.001127
0.001193
-0.001306
-0.000368
0.002633
0.001245
-0.002376
-0.001560
0.001327
0.000431
-0.001389
0.000190
0.001524
-0.000338
-0.001445
0.000440
0.001737
0.000351
-0.000909
-0.000102
0.000803
0.000192
-0.000827
-0.000716
0.000548
0.001100
-0.000333
-0.001550
-0.000448
0.000829
0.000011
-0.001113
-0.000447
0.000590
0.000221
-0.000613
-0.000620
0.000080
0.000747
0.000722
0.000332
0.000299
0.000229
-0.000159
0.000058
0.000844
0.000504
-0.001008
-0.001050
0.000947
0.001299
-0.001261
-0.001959
0.000938
0.001731
-0.001393
-0.002192
0.001005
0.001900
-0.000978
-0.001686
0.001021
0.001720
-0.000883
-0.002045
0.000289
0.002394
0.000888
-0.001707
-0.000721
0.002087
0.001078
-0.002152
-0.001402
0.001830
0.001438
-0.001342
-0.001035
0.001281
0.000724
-0.001759
-0.001469
0.001280
0.001827
-0.000694
-0.001940
0.000149
0.001834
0.000195
-0.001618
-0.000228
0.001583
0.000431
-0.001186
-0.000320
0.001006
0.000229
-0.001348
-0.000920
0.001013
0.000938
-0.001331
-0.001447
0.001493
0.002444
-0.000400
-0.001991
0.000253
0.002174
0.000532
-0.001993
-0.001428
0.001204
0.001463
-0.000965
-0.001613
0.000632
0.001255
-0.001202
-0.001716
0.001344
0.002207
-0.000992
-0.002234
0.000517
0.001995
0.000206
-0.001256
-0.000556
0.000694
0.000831
-0.000243
-0.000839
0.000352
0.001390
0.000269
-0.001038
-0.000386
0.000528
-0.000360
-0.001610
-0.000732
0.001284
0.001265
-0.000570
-0.000897
0.000730
0.001102
-0.000804
-0.001732
0.000131
0.001752
0.000819
-0.000531
-0.000338
0.000526
0.000752
-0.000365
-0.001995
-0.001401
0.001199
0.001493
-0.000589
-0.000228
0.002169
0.001305
-0.002328
-0.002773
0.000530
0.001815
-0.000453
-0.001376
0.000968
0.002497
0.000534
-0.002065
-0.001599
0.000813
0.001035
-0.000902
-0.000831
0.001338
0.001336
-0.001114
-0.001985
-0.000254
0.001151
0.000615
-0.000453
-0.000460
0.000365
0.000384
-0.000817
-0.000764
0.001403
0.002076
-0.000219
-0.001614
0.000090
0.001846
0.000776
-0.001518
-0.001759
-0.000079
0.000533
-0.000135
0.000341
0.001341
0.000126
-0.002267
-0.001672
0.001600
0.002239
-0.000425
-0.001544
-0.000023
0.000829
0.000103
-0.000142
0.000514
0.000311
-0.000795
-0.000800
0.000201
0.000056
-0.001162
-0.001145
0.000674
0.002018
0.001164
-0.000197
-0.000023
0.000186
-0.000858
-0.001151
-0.000102
0.000519
0.000617
0.000904
0.000820
-0.000009
-0.000908
-0.001343
-0.001326
-0.000502
0.000880
0.001035
-0.000038
0.000169
0.001333
0.000566
-0.001151
-0.000773
0.000360
-0.000321
-0.000954
0.000675
0.002151
0.000674
-0.001816
-0.001735
0.000295
0.000688
-0.000639
-0.000505
0.000914
0.000834
-0.000214
-0.000245
-0.000143
-0.000918
-0.001216
-0.000206
0.000990
0.001456
0.001259
0.000269
-0.000755
-0.000041
0.000940
-0.000527
-0.001844
-0.000188
0.001338
0.000546
-0.000175
0.000265
0.000086
-0.001244
-0.001806
-0.000469
0.001251
0.001438
0.000383
0.000129
0.000992
0.000553
-0.001800
-0.002737
-0.000343
0.002033
0.001206
-0.000577
-0.000224
0.000758
-0.000072
-0.001054
0.000057
0.001130
-0.000398
-0.002126
-0.000583
0.002301
0.001941
-0.000941
-0.001455
0.000586
0.000739
-0.001223
-0.001007
0.001544
0.001933
-0.000459
-0.001712
-0.000781
0.000139
0.000239
-0.000003
-0.000247
0.000039
0.000717
0.000594
-0.000438
-0.000872
-0.000272
0.000091
0.000212
0.001043
0.001242
-0.000452
-0.001518
0.000239
0.001797
-0.000223
-0.002735
-0.000986
0.002540
0.002078
-0.001026
-0.001263
0.000655
0.000363
-0.001214
-0.000777
0.000302
-0.000514
-0.001008
0.001402
0.003658
0.002138
-0.001238
-0.003035
-0.002753
-0.001217
0.000526
0.001163
0.000692
0.000468
0.000972
0.001007
-0.000323
-0.001934
-0.002312
-0.001478
-0.000073
0.001877
0.003259
0.001731
-0.001392
-0.001653
0.000761
0.001420
-0.000211
-0.000807
0.000002
0.000084
-0.000044
0.000984
0.001530
-0.000009
-0.001478
-0.000288
0.001400
-0.000401
-0.003742
-0.002849
0.001606
0.002900
-0.000236
-0.001767
0.000778
0.002498
0.000103
-0.002599
-0.001807
0.000091
0.000257
0.000295
0.001453
0.001761
0.000196
-0.001007
0.000059
0.001307
-0.000108
-0.002146
-0.001392
0.000462
0.000947
0.001470
0.002212
0.001128
-0.000877
-0.001524
-0.001407
-0.001543
-0.000766
0.000982
0.001359
-0.000101
-0.000850
0.000423
0.001728
0.000587
-0.002135
-0.002816
-0.000456
0.001834
0.002156
0.001796
0.000849
-0.001558
-0.003128
-0.001945
-0.000412
-0.000005
0.000898
0.002230
0.002212
0.000713
-0.000951
-0.001762
-0.001610
-0.000419
0.001534
0.002307
0.000633
-0.001439
-0.001189
0.001070
0.002441
0.000897
-0.001887
-0.002305
0.000035
0.001988
0.001562
-0.000636
-0.002947
-0.002893
0.000359
0.002832
0.000849
-0.002472
-0.002332
0.000364
0.002042
0.001709
0.000280
-0.001092
-0.001173
0.000321
0.001766
0.001375
-0.000237
-0.001342
-0.001335
-0.000007
0.001543
0.000934
-0.000800
-0.000250
0.001688
0.001181
-0.001509
-0.002466
-0.000762
0.000806
0.000954
0.000790
0.000624
-0.000163
-0.001263
-0.001324
0.000339
0.001907
0.000741
-0.001991
-0.002162
0.000447
0.001681
0.000365
-0.000532
0.000193
0.000849
0.000448
-0.000423
-0.000892
-0.000454
-0.000007
-0.000214
0.000716
0.002333
0.000890
-0.002212
-0.001368
0.001689
0.000585
-0.002472
-0.001308
0.001600
0.001084
-0.000696
-0.000065
0.001066
-0.000214
-0.002179
-0.001431
0.001150
0.001843
0.000537
-0.000047
-0.000023
-0.000811
-0.000958
0.000750
0.001949
0.000691
-0.000921
-0.000360
0.000850
0.000257
-0.000738
-0.000279
-0.000067
-0.001048
-0.000738
0.001159
0.001077
-0.001402
-0.002116
-0.000042
0.001051
-0.000242
-0.001100
-0.000045
0.001109
0.001020
0.000411
-0.000099
-0.000493
-0.000441
-0.000109
-0.000006
0.000403
0.001188
0.001199
0.000696
0.000625
0.000042
-0.001168
-0.000676
0.001327
0.001215
-0.001427
-0.002553
-0.000721
0.000827
0.000090
-0.001078
-0.000673
0.000611
0.001038
0.000291
-0.001060
-0.001905
-0.000588
0.001814
0.002140
0.000927
0.000529
-0.000008
-0.001432
-0.001733
-0.000518
0.000248
0.000148
0.000649
0.001953
0.002078
0.000005
-0.002039
-0.001956
-0.000889
-0.000370
0.000076
0.001120
0.002071
0.001829
0.000731
-0.000149
-0.001431
-0.003432
-0.003217
0.000614
0.003522
0.001843
-0.000637
0.000251
0.001405
-0.000817
-0.003287
-0.002060
0.000813
0.001361
0.000073
0.000028
0.001224
0.000858
-0.001502
-0.002698
-0.000904
0.001577
0.002248
0.001394
0.000278
-0.000002
0.000790
0.001116
-0.000125
-0.001613
-0.001814
-0.000924
0.000408
0.001635
0.001862
0.001073
0.000047
-0.001183
-0.002484
-0.002615
-0.001200
0.000132
0.000577
0.001376
0.002250
0.001059
-0.001380
-0.001940
-0.000739
0.000050
0.000708
0.002024
0.002503
0.000980
-0.001209
-0.002059
-0.000951
0.000857
0.001508
0.001029
0.000648
0.000132
-0.001013
-0.001815
-0.001718
-0.001541
-0.001560
-0.000769
0.001018
0.002168
0.001641
0.000378
-0.000442
-0.000709
-0.000738
-0.000406
0.000393
0.000890
0.000626
0.000525
0.000960
0.000804
-0.000314
-0.001277
-0.001272
-0.000363
0.000694
0.000568
-0.000881
-0.001828
-0.001051
0.000603
0.001693
0.001605
0.001005
0.000648
-0.000122
-0.001523
-0.001728
-0.000043
0.001258
0.000759
0.000203
0.000840
0.001017
-0.000559
-0.002146
-0.001632
0.000150
0.001082
0.000844
0.000439
0.000427
0.000388
-0.000412
-0.001634
-0.001903
-0.000667
0.001018
0.001729
0.001146
-0.000105
-0.001368
-0.001835
-0.001083
0.000013
0.000593
0.000831
0.001013
0.000988
0.000511
-0.000270
-0.000828
-0.000702
0.000206
0.001315
0.001592
0.000779
-0.000285
-0.000841
-0.000779
-0.000407
-0.000255
-0.000479
-0.000581
-0.000259
0.000188
0.000710
0.001246
0.000816
-0.000818
-0.002045
-0.001650
-0.000086
0.001316
0.001585
0.001252
0.001100
0.000556
-0.000714
-0.001594
-0.001330
-0.000691
-0.000480
-0.000244
0.000460
0.000943
0.000764
0.000366
-0.000090
-0.000517
-0.000573
-0.000590
-0.000722
-0.000140
0.000986
0.001370
0.000933
0.000347
-0.000399
-0.001136
-0.001253
-0.000759
-0.000031
0.000933
0.001837
0.001777
0.000748
-0.000266
-0.000941
-0.001405
-0.001362
-0.000676
0.000200
0.000799
0.001095
0.001052
0.000387
-0.000729
-0.001420
-0.001190
-0.000655
-0.000462
-0.000224
0.000488
0.001064
0.000852
0.000081
-0.000530
-0.000467
-0.000073
-0.000070
-0.000284
0.000080
0.000896
0.001153
0.000761
0.000597
0.000687
0.000231
-0.000807
-0.001535
-0.001298
-0.000442
0.000265
0.000629
0.000773
0.000445
-0.000421
-0.001077
-0.000945
-0.000446
-0.000097
0.000172
0.000531
0.000959
0.001225
0.000917
0.000067
-0.000650
-0.000844
-0.000707
-0.000342
0.000278
0.000900
0.001025
0.000373
-0.000510
-0.000737
-0.000465
-0.000544
-0.000787
-0.000367
0.000517
0.001017
0.000770
-0.000075
-0.000866
-0.000866
-0.000267
0.000134
0.000187
0.000266
0.000389
0.000365
0.000179
-0.000170
-0.000616
-0.000792
-0.000289
0.000636
0.001130
0.000769
-0.000031
-0.000537
-0.000380
0.000057
0.000049
-0.000335
-0.000251
0.000357
0.000543
0.000030
-0.000376
-0.000015
0.000794
0.001059
0.000398
-0.000392
-0.000636
-0.000562
-0.000538
-0.000557
-0.000372
-0.000016
0.000055
-0.000148
-0.000001
0.000493
0.000467
-0.000264
-0.000779
-0.000551
-0.000075
0.000057
-0.000169
-0.000323
-0.000029
0.000589
0.001078
0.001198
0.000959
0.000397
-0.000349
-0.000954
-0.001042
-0.000513
0.000244
0.000754
0.000952
0.000944
0.000609
-0.000204
-0.001206
-0.001700
-0.001254
-0.000237
0.000597
0.000955
0.001037
0.000899
0.000332
-0.000616
-0.001403
-0.001493
-0.000986
-0.000412
0.000159
0.000954
0.001527
0.001119
-0.000016
-0.000752
-0.000739
-0.000674
-0.000722
-0.000248
0.000724
0.001299
0.000948
0.000105
-0.000313
0.000040
0.000396
0.000085
-0.000288
0.000034
0.000583
0.000513
-0.000013
-0.000350
-0.000536
-0.000807
-0.000844
-0.000381
0.000310
0.000768
0.000608
-0.000114
-0.000650
-0.000467
-0.000024
0.000074
-0.000109
-0.000219
-0.000056
0.000252
0.000337
0.000124
-0.000095
-0.000204
-0.000276
-0.000157
0.000289
0.000716
0.000647
0.000088
-0.000415
-0.000403
-0.000100
0.000016
-0.000015
0.000161
0.000553
0.000773
0.000528
0.000011
-0.000341
-0.000412
-0.000386
-0.000366
-0.000294
-0.000184
-0.000161
-0.000266
-0.000372
-0.000297
-0.000060
0.000031
-0.000096
-0.000030
0.000334
0.000473
0.000184
-0.000044
0.000065
0.000192
0.000111
0.000046
0.000158
0.000205
0.000002
-0.000181
-0.000076
0.000070
-0.000020
-0.000035
0.000303
0.000533
0.000220
-0.000260
-0.000452
-0.000493
-0.000556
-0.000468
-0.000122
0.000322
0.000685
0.000854
0.000704
0.000200
-0.000375
-0.000680
-0.000748
-0.000698
-0.000425
0.000025
0.000305
0.000236
0.000040
-0.000018
0.000047
0.000080
0.000026
-0.000003
0.000065
0.000054
-0.000137
-0.000202
0.000091
0.000464
0.000609
0.000604
0.000588
0.000477
0.000120
-0.000442
-0.000874
-0.000806
-0.000288
0.000205
0.000397
0.000429
0.000351
-0.000020
-0.000579
-0.000860
-0.000687
-0.000369
-0.000143
0.000136
0.000594
0.000948
0.000739
0.000018
-0.000525
-0.000461
-0.000190
-0.000158
-0.000152
0.000058
0.000172
0.000033
-0.000016
0.000172
0.000279
0.000083
-0.000214
-0.000268
-0.000039
0.000169
0.000190
0.000181
0.000238
0.000212
0.000020
-0.000173
-0.000240
-0.000283
-0.000343
-0.000226
0.000167
0.000567
0.000622
0.000378
0.000167
0.000128
0.000122
-0.000022
-0.000297
-0.000506
-0.000500
-0.000302
-0.000047
0.000063
-0.000098
-0.000364
-0.000420
-0.000220
-0.000025
-0.000017
-0.000138
-0.000248
-0.000242
-0.000078
0.000151
0.000233
0.000054
-0.000192
-0.000202
0.000012
0.000180
0.000209
0.000236
0.000294
0.000289
0.000234
0.000192
0.000111
-0.000002
-0.000013
0.000050
0.000010
-0.000105
-0.000123
-0.000078
-0.000076
-0.000052
0.000055
0.000146
0.000168
0.000230
0.000371
0.000462
0.000478
0.000551
0.000657
0.000644
0.000544
0.000479
0.000376
0.000079
-0.000286
-0.000417
-0.000298
-0.000160
-0.000093
-0.000070
-0.000167
-0.000476
-0.000877
-0.001122
-0.001136
-0.000988
-0.000715
-0.000405
-0.000231
-0.000227
-0.000262
-0.000288
-0.000384
-0.000505
-0.000442
-0.000131
0.000225
0.000494
0.000780
0.001039
0.000959
0.000474
0.000032
0.000042
0.000356
0.000564
0.000588
0.000676
0.000858
0.000828
0.000501
0.000153
-0.000080
-0.000303
-0.000476
-0.000411
-0.000107
0.000178
0.000188
-0.000051
-0.000282
-0.000413
-0.000603
-0.000830
-0.000865
-0.001000
-0.002027
-0.003713
-0.004364
-0.003103
-0.001259
-0.000171
0.000646
0.001834
0.002640
0.002460
0.002136
0.002301
0.002216
0.001490
0.001153
0.001957
0.003137
0.003637
0.003432
0.002969
0.002242
0.001193
0.000271
-0.000199
-0.000537
-0.001047
-0.001503
-0.001663
-0.001713
-0.001928
-0.002314
-0.002768
-0.003256
-0.003670
-0.003793
-0.003557
-0.003099
-0.002544
-0.001912
-0.001284
-0.000829
-0.000540
-0.000218
0.000164
0.000454
0.000709
0.001204
0.001955
0.002571
0.002741
0.002599
0.002383
0.001957
0.001198
0.000845
0.001880
0.003638
0.004142
0.003063
0.002275
0.002521
0.002144
0.000346
-0.001248
-0.001497
-0.001344
-0.001536
-0.001466
-0.001002
-0.001069
-0.001975
-0.002969
-0.003414
-0.003282
-0.002872
-0.002529
-0.002233
-0.001577
-0.000561
0.000114
0.000110
-0.000006
0.000121
0.000044
-0.000382
-0.000461
0.000181
0.000896
0.001107
0.001200
0.001670
0.002221
0.002318
0.001979
0.001582
0.001357
0.001322
0.001330
0.001232
0.001107
0.000889
-0.000152
-0.002602
-0.005431
-0.006469
-0.004889
-0.002335
-0.000729
0.000082
0.001273
0.002574
0.002677
0.001628
0.000866
0.000881
0.000757
0.000376
0.001028
0.003059
0.004763
0.004705
0.003581
0.002649
0.001795
0.000478
-0.000773
-0.001214
-0.001153
-0.001224
-0.001340
-0.001221
-0.001130
-0.001504
-0.002414
-0.003523
-0.004297
-0.004394
-0.003970
-0.003405
-0.002850
-0.002233
-0.001556
-0.001001
-0.000718
-0.000580
-0.000360
-0.000031
0.000406
0.001107
0.002056
0.002917
0.003444
0.003682
0.003719
0.003516
0.003058
0.002465
0.001770
0.000893
0.000272
0.000909
0.002751
0.003835
0.002823
0.001297
0.001177
0.001364
-0.000108
-0.002346
-0.003254
-0.003103
-0.003234
-0.003252
-0.002449
-0.001832
-0.002425
-0.003411
-0.003523
-0.002823
-0.002133
-0.001776
-0.001495
-0.000887
0.000242
0.001486
0.002089
0.001884
0.001357
0.000781
0.000235
0.000181
0.000819
0.001381
0.001307
0.001322
0.002127
0.003038
0.003025
0.002169
0.001231
0.000527
-0.000047
-0.000579
-0.001465
-0.003355
-0.005817
-0.006860
-0.005130
-0.001988
0.000061
0.000575
0.001121
0.002279
0.002787
0.002063
0.001393
0.001626
0.001796
0.001411
0.001858
0.003846
0.005610
0.005366
0.003739
0.002314
0.001326
0.000192
-0.000954
-0.001604
-0.001839
-0.002007
-0.002121
-0.002088
-0.002072
-0.002407
-0.003226
-0.004207
-0.004849
-0.004964
-0.004654
-0.004012
-0.003116
-0.002127
-0.001172
-0.000299
0.000373
0.000705
0.000786
0.000852
0.001007
0.001321
0.001994
0.002992
0.003826
0.004108
0.004085
0.004130
0.004017
0.003329
0.002325
0.001670
0.001496
0.001382
0.001092
0.000763
0.000523
0.000387
0.000385
0.000373
-0.000037
-0.000950
-0.001922
-0.002554
-0.002967
-0.003374
-0.003689
-0.003824
-0.003833
-0.003609
-0.003000
-0.002225
-0.001719
-0.001571
-0.001387
-0.000819
0.000009
0.000811
0.001507
0.002052
0.002410
0.002695
0.002942
0.002895
0.002335
0.001518
0.000953
0.000758
0.000723
0.000793
0.001007
0.001226
0.001259
0.001032
0.000559
-0.000123
-0.001171
-0.003065
-0.005827
-0.008023
-0.007642
-0.004618
-0.001339
0.000400
0.001508
0.003191
0.004362
0.003662
0.002210
0.001827
0.002092
0.001710
0.001443
0.002942
0.005500
0.006631
0.005616
0.004080
0.003050
0.001738
-0.000376
-0.002319
-0.003165
-0.003311
-0.003418
-0.003310
-0.002737
-0.002282
-0.002693
-0.003821
-0.004926
-0.005584
-0.005774
-0.005470
-0.004599
-0.003280
-0.001818
-0.000460
0.000671
0.001448
0.001807
0.001851
0.001730
0.001667
0.002063
0.003018
0.003938
0.004349
0.004654
0.005150
0.005208
0.004395
0.003337
0.002645
0.001918
0.000763
0.000031
0.000554
0.001323
0.000763
-0.000862
-0.002216
-0.003068
-0.003684
-0.003501
-0.002588
-0.002425
-0.003195
-0.003102
-0.001837
-0.001331
-0.002212
-0.002978
-0.002898
-0.002611
-0.002101
-0.000889
0.000371
0.000785
0.000776
0.001112
0.001682
0.002177
0.002578
0.002692
0.002396
0.002200
0.002504
0.002773
0.002368
0.001572
0.000943
0.000504
0.000251
0.000393
0.000665
0.000430
-0.000312
-0.000922
-0.001458
-0.003111
-0.006282
-0.008929
-0.008577
-0.005684
-0.002953
-0.001348
0.000640
0.003310
0.004652
0.004012
0.003399
0.003802
0.003626
0.002187
0.001568
0.003295
0.005757
0.006697
0.006179
0.005438
0.004531
0.002856
0.000685
-0.001267
-0.002861
-0.004159
-0.004801
-0.004480
-0.003610
-0.003032
-0.003203
-0.003905
-0.004704
-0.005398
-0.005888
-0.005990
-0.005621
-0.004784
-0.003395
-0.001561
0.000218
0.001541
0.002478
0.003113
0.003212
0.002847
0.002692
0.003127
0.003752
0.004187
0.004623
0.005214
0.005601
0.005409
0.004710
0.003724
0.002477
0.001070
-0.000033
-0.000399
-0.000307
-0.000562
-0.001428
-0.002222
-0.002423
-0.002581
-0.003362
-0.004345
-0.004656
-0.004243
-0.003775
-0.003550
-0.003202
-0.002555
-0.002028
-0.001820
-0.001478
-0.000725
0.000058
0.000515
0.000852
0.001395
0.002052
0.002596
0.003076
0.003545
0.003811
0.003756
0.003526
0.003215
0.002676
0.001778
0.000694
-0.000175
-0.000554
-0.000580
-0.000593
-0.000646
-0.000584
-0.000538
-0.000793
-0.001533
-0.003188
-0.005989
-0.008649
-0.009104
-0.007168
-0.004613
-0.002322
0.000423
0.003513
0.005448
0.005724
0.005382
0.004916
0.003825
0.002425
0.002121
0.003430
0.005215
0.006269
0.006512
0.006301
0.005517
0.003840
0.001439
-0.001103
-0.003341
-0.005085
-0.006085
-0.006129
-0.005419
-0.004491
-0.003854
-0.003825
-0.004349
-0.005026
-0.005558
-0.005895
-0.005886
-0.005240
-0.003876
-0.001990
0.000148
0.002209
0.003775
0.004539
0.004566
0.004284
0.004055
0.003870
0.003678
0.003757
0.004319
0.005028
0.005456
0.005570
0.005320
0.004404
0.002866
0.001233
-0.000137
-0.001263
-0.002161
-0.002714
-0.002888
-0.002914
-0.003173
-0.003827
-0.004521
-0.004814
-0.004864
-0.004973
-0.004731
-0.003711
-0.002468
-0.001678
-0.001019
-0.000070
0.000644
0.000744
0.000916
0.001590
0.002147
0.002277
0.002529
0.003117
0.003575
0.003723
0.003813
0.003842
0.003574
0.002959
0.002055
0.000947
-0.000117
-0.000941
-0.001559
-0.001963
-0.001996
-0.001693
-0.001420
-0.001417
-0.001538
-0.001974
-0.003713
-0.007027
-0.009890
-0.009744
-0.006840
-0.003796
-0.001677
0.001023
0.004805
0.007571
0.007936
0.007191
0.006629
0.005614
0.003706
0.002477
0.003425
0.005530
0.006701
0.006664
0.006471
0.006010
0.004155
0.000924
-0.002408
-0.005094
-0.007248
-0.008689
-0.008836
-0.007715
-0.006219
-0.005226
-0.004842
-0.004704
-0.004703
-0.005028
-0.005615
-0.005887
-0.005240
-0.003636
-0.001455
0.001009
0.003561
0.005801
0.007176
0.007427
0.006924
0.006282
0.005646
0.004867
0.004231
0.004237
0.004738
0.005078
0.004976
0.004578
0.003792
0.002276
0.000148
-0.001872
-0.003239
-0.004142
-0.004914
-0.005259
-0.004789
-0.004123
-0.004317
-0.005196
-0.005657
-0.005542
-0.005583
-0.005570
-0.004468
-0.002402
-0.000621
0.000553
0.001939
0.003597
0.004455
0.004175
0.003715
0.003653
0.003577
0.003277
0.003149
0.003377
0.003689
0.003831
0.003731
0.003366
0.002677
0.001560
0.000073
-0.001413
-0.002530
-0.003314
-0.003962
-0.004272
-0.003934
-0.003223
-0.002664
-0.002262
-0.001816
-0.001807
-0.003135
-0.005627
-0.007665
-0.007942
-0.006654
-0.004354
-0.001009
0.002946
0.006192
0.008150
0.009396
0.009900
0.008884
0.006750
0.004982
0.004112
0.003679
0.003699
0.004440
0.005291
0.005246
0.004124
0.002380
0.000126
-0.002769
-0.005842
-0.008195
-0.009452
-0.009860
-0.009483
-0.008171
-0.006400
-0.005018
-0.004240
-0.003816
-0.003754
-0.004050
-0.004206
-0.003703
-0.002547
-0.000869
0.001433
0.004191
0.006729
0.008450
0.009207
0.009111
0.008271
0.006871
0.005400
0.004375
0.003797
0.003361
0.003090
0.003111
0.003000
0.002267
0.001139
-0.000159
-0.002037
-0.004424
-0.006225
-0.006823
-0.006894
-0.007034
-0.006908
-0.006307
-0.005768
-0.005579
-0.005147
-0.003893
-0.002202
-0.000950
-0.000206
0.000902
0.002673
0.004173
0.004742
0.004927
0.005257
0.005414
0.005136
0.004743
0.004416
0.003913
0.003159
0.002450
0.002049
0.001804
0.001230
0.000157
-0.000991
-0.001877
-0.002697
-0.003641
-0.004483
-0.004907
-0.004834
-0.004357
-0.003639
-0.002833
-0.002041
-0.001564
-0.002096
-0.004021
-0.006385
-0.007387
-0.006176
-0.003540
-0.000675
0.002200
0.005492
0.008799
0.010867
0.011159
0.010371
0.009042
0.006964
0.004465
0.002878
0.002882
0.003526
0.003727
0.003559
0.003256
0.002240
-0.000008
-0.003067
-0.006132
-0.008825
-0.011017
-0.012301
-0.012166
-0.010599
-0.008273
-0.006020
-0.004201
-0.002841
-0.002085
-0.001956
-0.001968
-0.001523
-0.000462
0.001033
0.002842
0.004986
0.007355
0.009481
0.010752
0.010879
0.010023
0.008526
0.006681
0.004763
0.003057
0.001720
0.000776
0.000221
-0.000091
-0.000437
-0.000960
-0.001820
-0.003360
-0.005484
-0.007320
-0.008256
-0.008634
-0.008721
-0.008105
-0.006767
-0.005550
-0.005000
-0.004399
-0.002457
0.000669
0.002844
0.002954
0.003090
0.005152
0.007259
0.007104
0.006121
0.006355
0.006636
0.005516
0.004253
0.003983
0.003530
0.001945
0.000189
-0.000705
-0.000975
-0.001355
-0.002145
-0.003031
-0.003553
-0.003849
-0.004429
-0.005136
-0.005284
-0.004880
-0.004475
-0.004001
-0.003007
-0.001651
-0.000486
0.000261
0.000380
-0.000742
-0.003115
-0.005062
-0.004571
-0.001906
0.000893
0.003212
0.006050
0.009102
0.010747
0.010797
0.010303
0.009152
0.006612
0.003501
0.001506
0.000965
0.000895
0.000681
0.000492
0.000326
-0.000312
-0.001732
-0.003747
-0.006046
-0.008439
-0.010585
-0.011821
-0.011632
-0.010085
-0.007658
-0.005026
-0.002850
-0.001291
-0.000048
0.000911
0.001343
0.001458
0.001830
0.002647
0.003763
0.005258
0.007225
0.009150
0.010242
0.010251
0.009398
0.007843
0.005702
0.003331
0.001159
-0.000648
-0.002112
-0.003110
-0.003466
-0.003297
-0.003011
-0.003159
-0.004148
-0.005593
-0.006565
-0.006956
-0.007469
-0.008005
-0.007604
-0.006071
-0.004177
-0.002243
0.000174
0.003073
0.005401
0.006189
0.005842
0.005565
0.005600
0.005153
0.004202
0.003798
0.004159
0.004271
0.003739
0.003164
0.002607
0.001472
-0.000275
-0.002000
-0.003153
-0.003707
-0.004033
-0.004250
-0.004037
-0.003478
-0.003170
-0.003155
-0.002912
-0.002467
-0.002338
-0.002494
-0.002360
-0.001637
-0.000467
0.000824
0.001829
0.002077
0.001090
-0.001027
-0.002879
-0.002905
-0.001445
0.000030
0.001515
0.003939
0.006656
0.008211
0.008694
0.008848
0.008090
0.005705
0.002696
0.000634
-0.000286
-0.000801
-0.001132
-0.001051
-0.000830
-0.001126
-0.002082
-0.003272
-0.004566
-0.006233
-0.008084
-0.009395
-0.009681
-0.008867
-0.007072
-0.004740
-0.002475
-0.000522
0.001141
0.002364
0.003008
0.003268
0.003360
0.003326
0.003430
0.004188
0.005649
0.007099
0.007869
0.007913
0.007417
0.006451
0.005037
0.003165
0.000923
-0.001354
-0.003260
-0.004519
-0.004910
-0.004463
-0.003806
-0.003615
-0.003748
-0.003776
-0.003980
-0.004797
-0.005796
-0.006184
-0.005868
-0.005109
-0.003612
-0.001051
0.001929
0.004365
0.006061
0.007101
0.007203
0.006360
0.005166
0.003967
0.002669
0.001500
0.000927
0.000897
0.000977
0.000933
0.000669
0.000101
-0.000683
-0.001551
-0.002474
-0.003320
-0.003797
-0.003792
-0.003470
-0.002994
-0.002421
-0.001839
-0.001336
-0.000903
-0.000546
-0.000368
-0.000319
-0.000117
0.000407
0.001076
0.001520
0.001341
0.000217
-0.001599
-0.002927
-0.002780
-0.001691
-0.000570
0.000957
0.003267
0.005278
0.006197
0.006792
0.007378
0.006868
0.004923
0.002764
0.001219
-0.000053
-0.001123
-0.001435
-0.001101
-0.001035
-0.001572
-0.002181
-0.002661
-0.003535
-0.005069
-0.006753
-0.007912
-0.008228
-0.007587
-0.005996
-0.003854
-0.001753
0.000119
0.001783
0.002931
0.003374
0.003467
0.003465
0.003260
0.003088
0.003489
0.004475
0.005468
0.006071
0.006229
0.005819
0.004745
0.003297
0.001853
0.000387
-0.001341
-0.003188
-0.004612
-0.005228
-0.005018
-0.004252
-0.003444
-0.002978
-0.002726
-0.002471
-0.002459
-0.003027
-0.003919
-0.004271
-0.003280
-0.001229
0.000524
0.001536
0.003105
0.005583
0.006975
0.006190
0.004859
0.004127
0.003010
0.001156
-0.000180
-0.000497
-0.000564
-0.000744
-0.000796
-0.000673
-0.000526
-0.000606
-0.001130
-0.001804
-0.002127
-0.002214
-0.002439
-0.002569
-0.002243
-0.001743
-0.001450
-0.001127
-0.000406
0.000422
0.000652
0.000273
0.000222
0.000995
0.001733
0.001702
0.001485
0.001401
0.000483
-0.001430
-0.002718
-0.002567
-0.002002
-0.001393
0.000104
0.002232
0.003759
0.004651
0.005531
0.005839
0.004740
0.002809
0.001148
-0.000068
-0.001055
-0.001612
-0.001563
-0.001208
-0.000942
-0.000828
-0.000743
-0.000877
-0.001698
-0.003190
-0.004689
-0.005668
-0.005955
-0.005380
-0.004059
-0.002527
-0.001026
0.000568
0.001987
0.002762
0.002979
0.002926
0.002553
0.001991
0.001759
0.001974
0.002304
0.002677
0.003108
0.003252
0.002987
0.002744
0.002553
0.001787
0.000361
-0.000943
-0.001717
-0.002360
-0.003002
-0.003147
-0.002646
-0.002044
-0.001704
-0.001410
-0.001058
-0.001024
-0.001637
-0.002661
-0.003279
-0.002682
-0.001148
0.000124
0.000905
0.002244
0.004129
0.005045
0.004583
0.003871
0.003141
0.001623
-0.000360
-0.001639
-0.001976
-0.001957
-0.001866
-0.001596
-0.001035
-0.000270
0.000282
0.000300
0.000045
-0.000192
-0.000574
-0.001092
-0.001301
-0.001099
-0.000867
-0.000713
-0.000337
0.000351
0.000974
0.001155
0.000989
0.000800
0.000647
0.000427
0.000235
0.000247
0.000361
0.000282
-0.000230
-0.001158
-0.002004
-0.002234
-0.002175
-0.002446
-0.002490
-0.001285
0.000701
0.002129
0.002948
0.003923
0.004661
0.004245
0.003136
0.002393
0.001882
0.000937
-0.000187
-0.000736
-0.000619
-0.000391
-0.000428
-0.000609
-0.000757
-0.001020
-0.001644
-0.002525
-0.003215
-0.003466
-0.003466
-0.003376
-0.003014
-0.002249
-0.001317
-0.000473
0.000314
0.001091
0.001663
0.001839
0.001738
0.001614
0.001514
0.001337
0.001164
0.001243
0.001638
0.002068
0.002200
0.002013
0.001721
0.001404
0.000923
0.000240
-0.000423
-0.000856
-0.001064
-0.001158
-0.001270
-0.001551
-0.001925
-0.001887
-0.001155
-0.000380
-0.000284
-0.000477
-0.000237
0.000196
0.000296
0.000253
0.000311
0.000247
0.000049
-0.000022
-0.000020
-0.000115
-0.000315
-0.000635
-0.000920
-0.000802
-0.000314
0.000088
0.000304
0.000587
0.000866
0.000922
0.000890
0.000944
0.000927
0.000677
0.000323
0.000041
-0.000202
-0.000520
-0.000827
-0.000851
-0.000495
-0.000007
0.000353
0.000614
0.000824
0.000793
0.000441
0.000013
-0.000315
-0.000627
-0.001014
-0.001483
-0.001952
-0.002184
-0.002027
-0.001618
-0.001134
-0.000572
0.000136
0.000952
0.001686
0.002141
0.002353
0.002534
0.002638
0.002366
0.001797
0.001384
0.001149
0.000734
0.000256
0.000083
0.000041
-0.000225
-0.000574
-0.000784
-0.000985
-0.001265
-0.001524
-0.001765
-0.002009
-0.002142
-0.002136
-0.002033
-0.001747
-0.001288
-0.000883
-0.000571
-0.000139
0.000419
0.000855
0.001042
0.001064
0.001065
0.001140
0.001269
0.001382
0.001457
0.001431
0.001241
0.001022
0.000926
0.000829
0.000582
0.000289
-0.000001
-0.000485
-0.001093
-0.001302
-0.000959
-0.000562
-0.000303
0.000187
0.000901
0.001292
0.001183
0.000892
0.000501
-0.000163
-0.000978
-0.001634
-0.002036
-0.002281
-0.002417
-0.002334
-0.001870
-0.001079
-0.000270
0.000383
0.000967
0.001430
0.001552
0.001370
0.001183
0.001089
0.000915
0.000583
0.000244
0.000065
0.000031
0.000016
0.000002
0.000092
0.000262
0.000316
0.000209
0.000117
0.000095
0.000004
-0.000193
-0.000347
-0.000337
-0.000189
-0.000031
-0.000024
-0.000184
-0.000330
-0.000355
-0.000373
-0.000482
-0.000647
-0.000813
-0.000909
-0.000829
-0.000559
-0.000193
0.000192
0.000505
0.000650
0.000677
0.000749
0.000897
0.000983
0.000912
0.000740
0.000614
0.000618
0.000651
0.000607
0.000539
0.000444
0.000208
-0.000103
-0.000292
-0.000390
-0.000561
-0.000758
-0.000864
-0.000965
-0.001121
-0.001194
-0.001111
-0.000954
-0.000750
-0.000480
-0.000209
-0.000006
0.000120
0.000149
0.000091
0.000143
0.000484
0.000878
0.000927
0.000703
0.000637
0.000794
0.000809
0.000594
0.000446
0.000482
0.000565
0.000599
0.000538
0.000383
0.000216
0.000040
-0.000257
-0.000654
-0.000949
-0.001059
-0.001106
-0.001108
-0.000948
-0.000659
-0.000393
-0.000219
-0.000183
-0.000356
-0.000597
-0.000588
-0.000301
-0.000002
0.000227
0.000487
0.000714
0.000772
0.000666
0.000493
0.000332
0.000195
0.000091
0.000132
0.000355
0.000547
0.000503
0.000327
0.000186
0.000024
-0.000221
-0.000402
-0.000437
-0.000424
-0.000390
-0.000288
-0.000141
0.000038
0.000254
0.000425
0.000413
0.000178
-0.000129
-0.000319
-0.000392
-0.000469
-0.000509
-0.000348
-0.000032
0.000193
0.000271
0.000364
0.000480
0.000462
0.000284
0.000041
-0.000196
-0.000362
-0.000388
-0.000267
-0.000058
0.000164
0.000356
0.000525
0.000629
0.000571
0.000344
0.000067
-0.000155
-0.000315
-0.000420
-0.000446
-0.000406
-0.000348
-0.000290
-0.000250
-0.000247
-0.000225
-0.000113
0.000040
0.000114
0.000089
0.000090
0.000176
0.000235
0.000208
0.000211
0.000284
0.000303
0.000247
0.000230
0.000239
0.000144
-0.000037
-0.000137
-0.000111
-0.000076
-0.000107
-0.000155
-0.000197
-0.000310
-0.000490
-0.000604
-0.000549
-0.000333
-0.000068
0.000139
0.000294
0.000399
0.000412
0.000368
0.000309
0.000154
-0.000138
-0.000441
-0.000591
-0.000506
-0.000255
-0.000040
0.000055
0.000176
0.000350
0.000387
0.000241
0.000103
0.000120
0.000213
0.000199
0.000063
-0.000030
-0.000010
0.000027
0.000020
0.000015
0.000034
0.000053
0.000051
0.000036
0.000042
0.000070
0.000029
-0.000126
-0.000268
-0.000288
-0.000267
-0.000243
-0.000097
0.000080
-0.000002
-0.000261
-0.000278
0.000004
0.000265
0.000402
0.000505
0.000543
0.000535
0.000589
0.000553
0.000180
-0.000316
-0.000499
-0.000423
-0.000484
-0.000690
-0.000693
-0.000467
-0.000300
-0.000182
0.000053
0.000253
0.000219
0.000067
-0.000015
-0.000028
-0.000051
-0.000053
0.000048
0.000254
0.000484
0.000606
0.000562
0.000454
0.000315
0.000035
-0.000326
-0.000490
-0.000342
-0.000114
-0.000042
-0.000040
0.000113
0.000342
0.000327
0.000046
-0.000145
-0.000088
-0.000035
-0.000157
-0.000282
-0.000253
-0.000169
-0.000159
-0.000170
-0.000099
0.000008
0.000023
-0.000061
-0.000130
-0.000138
-0.000148
-0.000174
-0.000151
-0.000036
0.000115
0.000167
0.000066
-0.000049
-0.000058
-0.000006
0.000071
0.000203
0.000355
0.000448
0.000459
0.000432
0.000348
0.000101
-0.000251
-0.000457
-0.000445
-0.000355
-0.000228
-0.000012
0.000230
0.000399
0.000444
0.000281
-0.000050
-0.000260
-0.000201
-0.000084
-0.000126
-0.000306
-0.000435
-0.000367
-0.000152
0.000099
0.000292
0.000310
0.000166
0.000029
-0.000004
-0.000054
-0.000273
-0.000502
-0.000449
-0.000165
0.000105
0.000365
0.000704
0.000964
0.000981
0.000814
0.000553
0.000184
-0.000285
-0.000687
-0.000847
-0.000823
-0.000733
-0.000539
-0.000296
-0.000191
-0.000214
-0.000201
-0.000134
-0.000069
0.000035
0.000145
0.000132
0.000067
0.000166
0.000391
0.000512
0.000502
0.000485
0.000415
0.000189
-0.000063
-0.000112
0.000043
0.000183
0.000176
0.000122
0.000148
0.000174
0.000056
-0.000140
-0.000242
-0.000262
-0.000346
-0.000458
-0.000401
-0.000175
-0.000019
-0.000047
-0.000137
-0.000163
-0.000143
-0.000168
-0.000254
-0.000329
-0.000365
-0.000374
-0.000278
0.000027
0.000441
0.000638
0.000478
0.000208
0.000028
-0.000106
-0.000161
-0.000032
0.000160
0.000219
0.000210
0.000296
0.000405
0.000381
0.000265
0.000192
0.000179
0.000140
0.000039
-0.000079
-0.000171
-0.000229
-0.000237
-0.000149
0.000040
0.000244
0.000352
0.000287
0.000074
-0.000181
-0.000420
-0.000609
-0.000695
-0.000676
-0.000605
-0.000500
-0.000360
-0.000182
0.000021
0.000173
0.000231
0.000270
0.000362
0.000450
0.000451
0.000395
0.000384
0.000432
0.000432
0.000334
0.000238
0.000210
0.000145
-0.000018
-0.000199
-0.000348
-0.000479
-0.000578
-0.000591
-0.000483
-0.000314
-0.000201
-0.000172
-0.000133
-0.000036
0.000029
0.000020
0.000063
0.000241
0.000427
0.000427
0.000259
0.000132
0.000148
0.000208
0.000190
0.000096
0.000029
0.000061
0.000159
0.000212
0.000151
0.000028
-0.000082
-0.000167
-0.000207
-0.000201
-0.000218
-0.000249
-0.000188
-0.000019
0.000157
0.000224
0.000122
-0.000061
-0.000152
-0.000174
-0.000279
-0.000404
-0.000384
-0.000301
-0.000298
-0.000262
-0.000046
0.000204
0.000278
0.000264
0.000325
0.000363
0.000225
-0.000002
-0.000116
-0.000088
-0.000057
-0.000068
-0.000044
0.000047
0.000156
0.000245
0.000345
0.000451
0.000435
0.000249
0.000062
-0.000017
-0.000108
-0.000246
-0.000267
-0.000154
-0.000049
0.000037
0.000159
0.000225
0.000084
-0.000213
-0.000436
-0.000493
-0.000427
-0.000232
-0.000002
0.000066
-0.000054
-0.000226
-0.000332
-0.000301
-0.000114
0.000135
0.000299
0.000335
0.000343
0.000392
0.000395
0.000287
0.000205
0.000219
0.000186
0.000068
-0.000002
-0.000049
-0.000180
-0.000234
-0.000089
0.000021
-0.000064
-0.000201
-0.000291
-0.000350
-0.000368
-0.000316
-0.000237
-0.000184
-0.000072
0.000171
0.000351
0.000267
0.000041
-0.000076
-0.000042
-0.000008
-0.000068
-0.000101
0.000042
0.000308
0.000515
0.000563
0.000498
0.000385
0.000205
-0.000025
-0.000192
-0.000216
-0.000118
0.000011
0.000052
-0.000010
-0.000081
-0.000128
-0.000211
-0.000336
-0.000404
-0.000330
-0.000165
-0.000038
-0.000029
-0.000106
-0.000194
-0.000260
-0.000283
-0.000198
0.000004
0.000191
0.000245
0.000250
0.000286
0.000248
0.000131
0.000093
0.000132
0.000091
-0.000030
-0.000084
-0.000026
0.000062
0.000139
0.000195
0.000205
0.000173
0.000125
0.000081
0.000027
-0.000050
-0.000094
-0.000037
0.000070
0.000131
0.000143
0.000129
0.000030
-0.000163
-0.000324
-0.000394
-0.000446
-0.000495
-0.000472
-0.000369
-0.000241
-0.000108
0.000076
0.000330
0.000523
0.000500
0.000326
0.000187
0.000118
0.000054
-0.000010
-0.000007
0.000121
0.000283
0.000267
0.000052
-0.000148
-0.000226
-0.000247
-0.000212
-0.000101
-0.000021
-0.000087
-0.000220
-0.000261
-0.000203
-0.000105
0.000031
0.000154
0.000165
0.000084
0.000023
0.000011
-0.000003
0.000010
0.000084
0.000137
0.000100
0.000020
-0.000046
-0.000059
-0.000004
0.000066
0.000069
0.000002
-0.000023
0.000089
0.000240
0.000231
0.000024
-0.000191
-0.000238
-0.000175
-0.000128
-0.000061
0.000052
0.000123
0.000149
0.000220
0.000268
0.000130
-0.000113
-0.000217
-0.000174
-0.000154
-0.000185
-0.000196
-0.000195
-0.000187
-0.000117
0.000024
0.000147
0.000177
0.000130
0.000067
0.000017
-0.000026
-0.000090
-0.000151
-0.000130
-0.000019
0.000126
0.000234
0.000232
0.000135
0.000076
0.000129
0.000196
0.000141
-0.000011
-0.000095
-0.000029
0.000062
0.000035
-0.000068
-0.000106
-0.000045
0.000033
0.000041
-0.000022
-0.000096
-0.000171
-0.000243
-0.000220
-0.000092
0.000016
0.000059
0.000070
0.000032
-0.000031
-0.000044
-0.000011
0.000018
0.000039
0.000081
0.000139
0.000137
0.000036
-0.000065
-0.000039
0.000077
0.000128
0.000060
-0.000033
-0.000087
-0.000108
-0.000126
-0.000148
-0.000135
-0.000040
0.000086
0.000129
0.000066
-0.000019
-0.000058
-0.000051
-0.000055
-0.000103
-0.000118
-0.000052
0.000025
0.000063
0.000083
0.000111
0.000167
0.000261
0.000368
0.000389
0.000218
-0.000088
-0.000284
-0.000225
-0.000080
-0.000082
-0.000195
-0.000243
-0.000207
-0.000177
-0.000155
-0.000083
0.000000
0.000034
0.000077
0.000161
0.000197
0.000125
0.000021
0.000019
0.000166
0.000351
0.000382
0.000207
-0.000040
-0.000218
-0.000277
-0.000258
-0.000250
-0.000279
-0.000283
-0.000194
-0.000023
0.000133
0.000203
0.000174
0.000035
-0.000135
-0.000175
-0.000044
0.000109
0.000130
0.000048
0.000013
0.000070
0.000108
0.000064
0.000008
0.000003
0.000049
0.000113
0.000142
0.000106
0.000049
0.000011
-0.000028
-0.000079
-0.000116
-0.000120
-0.000099
-0.000066
0.000001
0.000099
0.000165
0.000171
0.000137
0.000058
-0.000056
-0.000147
-0.000174
-0.000127
-0.000021
0.000066
0.000065
-0.000003
-0.000083
-0.000133
-0.000128
-0.000082
-0.000076
-0.000140
-0.000174
-0.000108
-0.000005
0.000038
0.000009
0.000032
0.000208
0.000399
0.000406
0.000216
-0.000038
-0.000205
-0.000250
-0.000266
-0.000285
-0.000233
-0.000086
0.000082
0.000212
0.000334
0.000435
0.000426
0.000293
0.000093
-0.000132
-0.000268
-0.000216
-0.000066
0.000045
0.000078
0.000063
0.000060
0.000065
-0.000024
-0.000221
-0.000376
-0.000387
-0.000305
-0.000200
-0.000077
0.000043
0.000090
0.000062
0.000039
0.000039
0.000020
0.000018
0.000088
0.000162
0.000161
0.000125
0.000084
0.000018
-0.000021
0.000009
0.000057
0.000073
0.000034
-0.000050
-0.000111
-0.000099
-0.000053
-0.000047
-0.000078
-0.000100
-0.000112
-0.000114
-0.000078
0.000015
0.000141
0.000243
0.000266
0.000223
0.000183
0.000149
0.000085
0.000028
0.000010
-0.000020
-0.000075
-0.000117
-0.000130
-0.000107
-0.000040
0.000042
0.000064
-0.000025
-0.000146
-0.000124
0.000060
0.000199
0.000117
-0.000094
-0.000206
-0.000165
-0.000112
-0.000150
-0.000196
-0.000116
0.000044
0.000136
0.000127
0.000076
0.000022
-0.000003
0.000002
-0.000031
-0.000103
-0.000100
0.000020
0.000150
0.000161
0.000058
-0.000024
-0.000007
0.000007
-0.000081
-0.000190
-0.000163
0.000028
0.000233
0.000290
0.000238
0.000245
0.000303
0.000236
0.000057
-0.000033
-0.000037
-0.000140
-0.000304
-0.000323
-0.000166
0.000011
0.000050
-0.000044
-0.000126
-0.000157
-0.000246
-0.000361
-0.000344
-0.000193
-0.000055
0.000025
0.000104
0.000205
0.000308
0.000403
0.000451
0.000385
0.000203
-0.000000
-0.000122
-0.000155
-0.000117
-0.000010
0.000099
0.000123
0.000075
0.000010
-0.000082
-0.000202
-0.000257
-0.000182
-0.000043
0.000068
0.000118
0.000055
-0.000165
-0.000393
-0.000404
-0.000197
0.000023
0.000139
0.000201
0.000240
0.000198
0.000098
0.000093
0.000210
0.000291
0.000256
0.000150
-0.000010
-0.000201
-0.000316
-0.000282
-0.000146
-0.000002
0.000114
0.000198
0.000204
0.000093
-0.000079
-0.000201
-0.000226
-0.000182
-0.000104
-0.000036
-0.000021
-0.000007
0.000100
0.000246
0.000278
0.000165
-0.000009
-0.000160
-0.000220
-0.000167
-0.000112
-0.000163
-0.000216
-0.000117
0.000085
0.000233
0.000283
0.000290
0.000260
0.000141
-0.000042
-0.000176
-0.000211
-0.000180
-0.000098
0.000047
0.000227
0.000346
0.000345
0.000272
0.000154
-0.000049
-0.000309
-0.000526
-0.000647
-0.000657
-0.000502
-0.000187
0.000117
0.000243
0.000247
0.000254
0.000229
0.000106
-0.000051
-0.000142
-0.000142
-0.000068
0.000080
0.000302
0.000504
0.000522
0.000328
0.000078
-0.000069
-0.000064
0.000019
0.000052
-0.000003
-0.000068
-0.000065
-0.000017
-0.000021
-0.000103
-0.000160
-0.000147
-0.000140
-0.000194
-0.000269
-0.000288
-0.000230
-0.000164
-0.000124
-0.000021
0.000165
0.000289
0.000271
0.000193
0.000142
0.000103
0.000030
-0.000035
0.000008
0.000153
0.000276
0.000271
0.000146
-0.000020
-0.000154
-0.000226
-0.000257
-0.000257
-0.000177
-0.000041
0.000027
-0.000002
-0.000048
-0.000076
-0.000109
-0.000135
-0.000124
-0.000072
0.000020
0.000120
0.000170
0.000183
0.000188
0.000144
0.000066
0.000073
0.000191
0.000273
0.000195
0.000015
-0.000120
-0.000152
-0.000176
-0.000248
-0.000244
-0.000104
0.000021
0.000018
-0.000048
-0.000111
-0.000166
-0.000172
-0.000097
0.000035
0.000167
0.000244
0.000275
0.000287
0.000231
0.000082
-0.000062
-0.000112
-0.000117
-0.000135
-0.000142
-0.000121
-0.000108
-0.000091
-0.000007
0.000135
0.000196
0.000059
-0.000183
-0.000287
-0.000179
-0.000048
-0.000032
-0.000046
0.000020
0.000176
0.000336
0.000385
0.000340
0.000296
0.000233
0.000089
-0.000083
-0.000181
-0.000185
-0.000148
-0.000130
-0.000159
-0.000211
-0.000247
-0.000227
-0.000136
-0.000067
-0.000105
-0.000163
-0.000129
-0.000051
-0.000021
-0.000015
0.000039
0.000108
0.000102
0.000055
0.000077
0.000154
0.000214
0.000281
0.000365
0.000361
0.000228
0.000110
0.000116
0.000121
-0.000013
-0.000199
-0.000261
-0.000210
-0.000183
-0.000189
-0.000122
0.000021
0.000097
0.000022
-0.000073
-0.000053
-0.000012
-0.000113
-0.000327
-0.000483
-0.000473
-0.000300
-0.000016
0.000293
0.000493
0.000535
0.000502
0.000450
0.000320
0.000110
-0.000060
-0.000118
-0.000131
-0.000145
-0.000100
0.000012
0.000074
0.000000
-0.000131
-0.000217
-0.000300
-0.000420
-0.000454
-0.000303
-0.000054
0.000136
0.000224
0.000272
0.000296
0.000245
0.000123
0.000030
0.000022
0.000035
-0.000018
-0.000119
-0.000170
-0.000112
0.000023
0.000169
0.000247
0.000207
0.000114
0.000075
0.000048
-0.000074
-0.000245
-0.000308
-0.000217
-0.000057
0.000088
0.000197
0.000269
0.000268
0.000170
0.000008
-0.000156
-0.000265
-0.000298
-0.000291
-0.000259
-0.000158
0.000048
0.000278
0.000368
0.000270
0.000117
0.000022
-0.000061
-0.000203
-0.000329
-0.000314
-0.000192
-0.000099
-0.000045
0.000051
0.000181
0.000255
0.000227
0.000194
0.000257
0.000306
0.000171
-0.000070
-0.000214
-0.000221
-0.000176
-0.000125
-0.000054
0.000050
0.000166
0.000229
0.000201
0.000131
0.000076
0.000022
-0.000060
-0.000137
-0.000185
-0.000237
-0.000291
-0.000283
-0.000210
-0.000145
-0.000108
-0.000047
0.000065
0.000190
0.000260
0.000248
0.000177
0.000102
0.000083
0.000079
0.000002
-0.000087
-0.000066
0.000052
0.000142
0.000116
0.000025
-0.000019
-0.000021
-0.000072
-0.000214
-0.000380
-0.000441
-0.000340
-0.000146
0.000060
0.000271
0.000459
0.000520
0.000418
0.000220
-0.000019
-0.000240
-0.000327
-0.000245
-0.000099
0.000018
0.000075
0.000080
0.000086
0.000119
0.000134
0.000110
0.000031
-0.000119
-0.000255
-0.000296
-0.000268
-0.000206
-0.000096
0.000066
0.000235
0.000323
0.000312
0.000243
0.000090
-0.000160
-0.000369
-0.000361
-0.000173
0.000011
0.000128
0.000229
0.000300
0.000270
0.000147
0.000027
-0.000035
-0.000082
-0.000167
-0.000259
-0.000264
-0.000177
-0.000146
-0.000211
-0.000198
-0.000011
0.000232
0.000376
0.000389
0.000357
0.000302
0.000169
0.000005
-0.000069
-0.000036
0.000018
0.000013
-0.000056
-0.000150
-0.000207
-0.000174
-0.000103
-0.000096
-0.000145
-0.000154
-0.000075
0.000031
0.000048
-0.000052
-0.000156
-0.000150
-0.000051
0.000042
0.000088
0.000135
0.000178
0.000191
0.000253
0.000376
0.000397
0.000211
-0.000078
-0.000292
-0.000400
-0.000440
-0.000349
-0.000116
0.000098
0.000172
0.000151
0.000107
0.000048
-0.000049
-0.000168
-0.000222
-0.000179
-0.000150
-0.000217
-0.000242
-0.000079
0.000182
0.000376
0.000415
0.000273
0.000092
0.000079
0.000151
0.000036
-0.000198
-0.000185
0.000118
0.000366
0.000391
0.000324
0.000209
-0.000037
-0.000338
-0.000459
-0.000330
-0.000144
-0.000068
-0.000067
-0.000083
-0.000115
-0.000125
-0.000066
0.000007
0.000004
-0.000060
-0.000087
-0.000066
-0.000069
-0.000074
0.000005
0.000130
0.000203
0.000262
0.000375
0.000453
0.000379
0.000203
0.000022
-0.000190
-0.000412
-0.000471
-0.000334
-0.000198
-0.000164
-0.000126
