4800
-0.000214
-0.000306
-0.000155
0.000042
0.000003
-0.000193
-0.000234
-0.000003
0.000289
0.000363
0.000228
0.000110
0.000114
0.000169
0.000178
0.000082
-0.000109
-0.000296
-0.000367
-0.000312
-0.000225
-0.000132
0.000024
0.000148
0.000087
-0.000024
0.000035
0.000179
0.000188
0.000062
-0.000052
-0.000091
-0.000047
0.000057
0.000124
0.000112
0.000062
0.000004
-0.000006
0.000072
0.000168
0.000164
0.000029
-0.000098
-0.000094
-0.000027
-0.000003
-0.000027
-0.000093
-0.000202
-0.000276
-0.000207
-0.000039
0.000055
0.000044
0.000045
0.000078
0.000087
0.000066
0.000034
0.000002
-0.000009
0.000026
0.000078
0.000055
-0.000057
-0.000162
-0.000212
-0.000208
-0.000129
0.000015
0.000124
0.000113
0.000015
-0.000061
-0.000032
0.000091
0.000199
0.000180
0.000033
-0.000136
-0.000211
-0.000144
0.000027
0.000213
0.000328
0.000361
0.000340
0.000257
0.000075
-0.000154
-0.000276
-0.000229
-0.000154
-0.000170
-0.000207
-0.000188
-0.000205
-0.000282
-0.000216
0.000057
0.000267
0.000247
0.000168
0.000153
0.000060
-0.000129
-0.000191
-0.000106
-0.000063
-0.000014
0.000170
0.000334
0.000317
0.000194
0.000038
-0.000105
-0.000118
-0.000039
-0.000047
-0.000096
-0.000000
0.000146
0.000080
-0.000153
-0.000285
-0.000251
-0.000193
-0.000179
-0.000137
0.000018
0.000254
0.000369
0.000264
0.000102
-0.000007
-0.000122
-0.000222
-0.000183
-0.000006
0.000156
0.000213
0.000206
0.000194
0.000165
0.000010
-0.000287
-0.000469
-0.000354
-0.000130
0.000017
0.000145
0.000267
0.000320
0.000322
0.000309
0.000246
0.000106
-0.000041
-0.000108
-0.000131
-0.000160
-0.000164
-0.000139
-0.000157
-0.000236
-0.000289
-0.000235
-0.000118
-0.000057
-0.000102
-0.000162
-0.000118
-0.000015
0.000035
0.000061
0.000125
0.000195
0.000211
0.000168
0.000147
0.000213
0.000282
0.000199
-0.000002
-0.000063
0.000117
0.000273
0.000185
-0.000045
-0.000227
-0.000278
-0.000203
-0.000102
-0.000094
-0.000162
-0.000206
-0.000191
-0.000122
-0.000012
0.000072
0.000073
0.000022
-0.000029
-0.000048
-0.000019
0.000040
0.000134
0.000273
0.000345
0.000274
0.000161
0.000125
0.000160
0.000155
0.000037
-0.000104
-0.000171
-0.000194
-0.000227
-0.000232
-0.000166
-0.000101
-0.000103
-0.000111
-0.000078
-0.000078
-0.000125
-0.000071
0.000123
0.000258
0.000189
0.000037
-0.000014
0.000049
0.000075
-0.000079
-0.000338
-0.000431
-0.000280
-0.000102
0.000000
0.000153
0.000331
0.000323
0.000108
-0.000077
-0.000090
-0.000038
-0.000004
0.000050
0.000099
0.000133
0.000217
0.000294
0.000218
0.000035
-0.000052
-0.000003
0.000011
-0.000046
-0.000030
0.000037
-0.000000
-0.000072
-0.000027
0.000031
-0.000048
-0.000169
-0.000233
-0.000283
-0.000253
-0.000055
0.000122
0.000106
0.000086
0.000246
0.000367
0.000204
-0.000055
-0.000145
-0.000139
-0.000144
-0.000086
0.000002
-0.000041
-0.000140
-0.000101
-0.000004
-0.000019
-0.000058
-0.000003
0.000045
0.000016
0.000026
0.000105
0.000119
0.000083
0.000119
0.000132
-0.000035
-0.000251
-0.000315
-0.000248
-0.000112
0.000082
0.000224
0.000207
0.000105
0.000029
-0.000056
-0.000180
-0.000222
-0.000130
-0.000051
-0.000021
0.000132
0.000404
0.000517
0.000351
0.000115
-0.000032
-0.000186
-0.000381
-0.000436
-0.000306
-0.000187
-0.000164
-0.000063
0.000221
0.000454
0.000391
0.000188
0.000105
0.000047
-0.000153
-0.000320
-0.000236
-0.000008
0.000174
0.000323
0.000462
0.000446
0.000215
-0.000059
-0.000228
-0.000350
-0.000456
-0.000436
-0.000288
-0.000166
-0.000067
0.000126
0.000312
0.000285
0.000084
-0.000106
-0.000243
-0.000308
-0.000148
0.000188
0.000346
0.000185
-0.000019
-0.000041
0.000024
0.000096
0.000249
0.000418
0.000402
0.000180
-0.000080
-0.000280
-0.000445
-0.000531
-0.000430
-0.000187
0.000020
0.000088
0.000066
0.000031
0.000010
0.000034
0.000100
0.000145
0.000160
0.000148
0.000015
-0.000233
-0.000332
-0.000143
0.000052
0.000010
-0.000095
-0.000082
-0.000013
0.000056
0.000121
0.000121
0.000056
0.000055
0.000151
0.000198
0.000163
0.000191
0.000228
0.000060
-0.000204
-0.000257
-0.000105
-0.000042
-0.000167
-0.000269
-0.000224
-0.000086
0.000080
0.000171
0.000113
0.000011
-0.000010
0.000001
-0.000057
-0.000159
-0.000163
-0.000013
0.000155
0.000191
0.000196
0.000306
0.000382
0.000284
0.000118
-0.000055
-0.000265
-0.000408
-0.000380
-0.000250
-0.000121
0.000015
0.000150
0.000157
-0.000006
-0.000182
-0.000246
-0.000167
0.000035
0.000224
0.000241
0.000158
0.000157
0.000171
0.000047
-0.000092
-0.000082
-0.000007
-0.000021
-0.000073
-0.000037
0.000021
-0.000034
-0.000141
-0.000169
-0.000107
0.000027
0.000228
0.000382
0.000339
0.000150
0.000010
0.000003
0.000032
-0.000014
-0.000115
-0.000137
-0.000051
-0.000028
-0.000160
-0.000288
-0.000280
-0.000243
-0.000273
-0.000278
-0.000180
-0.000005
0.000214
0.000394
0.000444
0.000404
0.000367
0.000313
0.000164
-0.000043
-0.000202
-0.000298
-0.000334
-0.000267
-0.000163
-0.000126
-0.000078
0.000070
0.000196
0.000184
0.000095
0.000015
-0.000036
-0.000071
-0.000113
-0.000150
-0.000132
-0.000005
0.000209
0.000346
0.000271
0.000050
-0.000161
-0.000288
-0.000344
-0.000300
-0.000047
0.000339
0.000523
0.000349
0.000074
-0.000003
0.000066
0.000052
-0.000072
-0.000151
-0.000104
0.000062
0.000212
0.000120
-0.000144
-0.000218
-0.000044
0.000041
-0.000137
-0.000349
-0.000371
-0.000247
-0.000043
0.000193
0.000282
0.000157
0.000028
0.000005
-0.000073
-0.000269
-0.000361
-0.000195
0.000063
0.000211
0.000259
0.000278
0.000249
0.000143
0.000008
-0.000076
-0.000084
-0.000034
0.000059
0.000115
0.000041
-0.000093
-0.000125
-0.000044
-0.000005
-0.000074
-0.000083
0.000086
0.000258
0.000263
0.000180
0.000115
0.000019
-0.000147
-0.000249
-0.000139
0.000048
0.000040
-0.000140
-0.000228
-0.000142
-0.000047
-0.000056
-0.000121
-0.000140
-0.000066
0.000082
0.000215
0.000237
0.000160
0.000102
0.000118
0.000105
0.000005
-0.000044
-0.000013
-0.000095
-0.000255
-0.000224
-0.000036
0.000020
-0.000074
-0.000079
0.000044
0.000070
-0.000049
-0.000098
-0.000018
0.000018
-0.000029
-0.000029
0.000043
0.000127
0.000228
0.000291
0.000228
0.000151
0.000189
0.000228
0.000137
-0.000046
-0.000226
-0.000302
-0.000236
-0.000113
-0.000038
-0.000023
-0.000055
-0.000162
-0.000297
-0.000296
-0.000107
0.000095
0.000155
0.000130
0.000150
0.000189
0.000180
0.000171
0.000158
0.000064
-0.000034
0.000017
0.000136
0.000098
-0.000083
-0.000181
-0.000114
-0.000042
-0.000111
-0.000244
-0.000288
-0.000272
-0.000279
-0.000240
-0.000104
0.000037
0.000121
0.000186
0.000268
0.000326
0.000300
0.000232
0.000215
0.000246
0.000256
0.000181
-0.000007
-0.000201
-0.000247
-0.000172
-0.000097
-0.000042
0.000006
-0.000038
-0.000210
-0.000363
-0.000373
-0.000290
-0.000191
-0.000086
0.000033
0.000151
0.000264
0.000366
0.000409
0.000352
0.000216
0.000048
-0.000090
-0.000130
-0.000069
-0.000012
-0.000068
-0.000204
-0.000251
-0.000136
0.000036
0.000129
0.000091
-0.000023
-0.000087
-0.000024
0.000108
0.000185
0.000171
0.000126
0.000079
-0.000025
-0.000184
-0.000245
-0.000127
-0.000007
-0.000056
-0.000188
-0.000215
-0.000127
-0.000055
-0.000009
0.000100
0.000215
0.000237
0.000217
0.000170
0.000034
-0.000066
0.000032
0.000187
0.000193
0.000138
0.000152
0.000116
-0.000052
-0.000174
-0.000158
-0.000176
-0.000312
-0.000417
-0.000359
-0.000168
0.000042
0.000180
0.000218
0.000178
0.000107
0.000046
0.000001
-0.000008
0.000063
0.000183
0.000220
0.000102
-0.000086
-0.000217
-0.000233
-0.000144
-0.000044
-0.000021
-0.000070
-0.000049
0.000190
0.000238
-0.000288
-0.000451
0.000254
0.000403
-0.000308
-0.000259
0.000493
0.000462
-0.000047
0.000021
0.000211
0.000008
-0.000018
0.000166
-0.000012
-0.000284
-0.000209
-0.000180
-0.000384
-0.000371
-0.000125
-0.000013
0.000064
0.000231
0.000235
0.000098
0.000121
0.000222
0.000165
0.000072
0.000090
0.000075
-0.000028
-0.000035
0.000075
0.000119
0.000058
0.000011
-0.000012
-0.000130
-0.000314
-0.000394
-0.000353
-0.000310
-0.000258
-0.000057
0.000255
0.000391
0.000252
0.000078
0.000018
0.000005
0.000030
0.000125
0.000199
0.000171
0.000090
0.000050
0.000057
0.000035
-0.000076
-0.000214
-0.000188
0.000019
0.000115
-0.000045
-0.000212
-0.000187
-0.000106
-0.000120
-0.000141
-0.000069
0.000004
0.000038
0.000171
0.000381
0.000397
0.000135
-0.000138
-0.000191
-0.000093
-0.000012
-0.000008
-0.000087
-0.000254
-0.000370
-0.000205
0.000145
0.000293
0.000145
-0.000005
0.000038
0.000164
0.000185
0.000076
-0.000012
0.000028
0.000101
0.000116
0.000136
0.000181
0.000140
-0.000029
-0.000184
-0.000183
-0.000075
-0.000011
-0.000051
-0.000169
-0.000281
-0.000292
-0.000216
-0.000107
0.000019
0.000120
0.000165
0.000166
0.000094
-0.000032
-0.000084
-0.000043
0.000007
0.000095
0.000235
0.000251
0.000043
-0.000167
-0.000129
0.000028
0.000003
-0.000185
-0.000289
-0.000252
-0.000162
-0.000059
0.000027
0.000082
0.000165
0.000278
0.000340
0.000332
0.000288
0.000213
0.000103
-0.000007
-0.000061
-0.000027
0.000060
0.000089
-0.000048
-0.000264
-0.000319
-0.000152
0.000018
-0.000030
-0.000201
-0.000260
-0.000296
-0.000456
-0.000529
-0.000319
0.000035
0.000314
0.000447
0.000475
0.000386
0.000063
-0.000196
0.000288
0.000947
0.000364
-0.000762
-0.000534
0.000458
0.000280
-0.000644
-0.000403
0.000737
0.000705
-0.000449
-0.000579
0.000405
0.000481
-0.000422
-0.000517
0.000193
0.000303
-0.000069
-0.000030
0.000096
-0.000168
-0.000363
-0.000247
-0.000215
-0.000285
-0.000177
-0.000057
-0.000088
-0.000003
0.000229
0.000278
0.000126
0.000021
-0.000029
-0.000046
0.000122
0.000365
0.000391
0.000219
0.000007
-0.000193
-0.000251
-0.000038
0.000250
0.000231
-0.000062
-0.000163
0.000044
0.000170
0.000037
-0.000127
-0.000201
-0.000266
-0.000239
-0.000045
0.000055
-0.000068
-0.000100
0.000097
0.000221
0.000117
-0.000020
-0.000064
-0.000083
-0.000124
-0.000150
-0.000105
-0.000002
0.000068
0.000076
0.000097
0.000123
0.000077
0.000035
0.000068
0.000051
-0.000002
0.000079
0.000148
-0.000062
-0.000296
-0.000152
0.000126
0.000143
0.000055
0.000067
0.000101
0.000103
-0.000016
-0.000256
-0.000301
-0.000081
0.000046
0.000018
0.000043
0.000049
-0.000047
-0.000104
-0.000072
-0.000005
0.000092
0.000111
-0.000072
-0.000214
0.000017
0.000355
0.000353
0.000242
0.000312
0.000202
-0.000209
-0.000317
0.000015
0.000030
-0.000485
-0.000695
-0.000291
-0.000010
-0.000099
0.000018
0.000323
0.000217
-0.000142
-0.000066
0.000329
0.000396
0.000216
0.000260
0.000358
0.000104
-0.000260
-0.000243
-0.000118
-0.000385
-0.000542
-0.000080
0.000389
0.000287
-0.000118
-0.000234
0.000044
0.000132
-0.000113
-0.000040
0.000442
0.000435
-0.000386
-0.000909
-0.000262
0.000672
0.000641
-0.000086
-0.000459
-0.000238
0.000059
-0.000068
-0.000272
0.000384
0.001183
0.000381
-0.000887
-0.000429
0.000327
-0.000332
-0.000632
0.000299
0.000472
-0.000374
-0.000265
0.000571
0.000223
-0.000526
0.000074
0.000807
0.000327
-0.000303
-0.000403
-0.000284
0.000075
0.000123
-0.000538
-0.000559
0.000554
0.000738
-0.000592
-0.000919
0.000539
0.001122
-0.000160
-0.000580
0.000655
0.000432
-0.001371
-0.000901
0.001380
0.001063
-0.001022
-0.000462
0.001348
0.000352
-0.001472
-0.000384
0.001620
0.000766
-0.001504
-0.001163
0.000875
0.000422
-0.001494
-0.000392
0.001987
0.000697
-0.001694
-0.000303
0.001430
-0.000545
-0.001833
0.000681
0.002060
-0.000232
-0.001534
0.000121
0.000629
-0.000793
-0.000207
0.001450
0.000329
-0.001055
0.000351
0.000987
-0.000842
-0.001162
0.000783
0.001411
0.000184
-0.000463
0.000013
0.000350
-0.000354
-0.001372
-0.000654
0.001071
0.000605
-0.001010
-0.000530
0.000509
-0.000191
-0.000561
0.000659
0.001123
0.000211
-0.000355
-0.000609
-0.000989
-0.000422
0.000803
0.000996
0.000341
0.000102
0.000289
0.000132
-0.000517
-0.000599
0.000306
0.000373
-0.000842
-0.000669
0.000658
-0.000004
-0.001233
-0.000101
0.001048
0.000184
0.000117
0.001407
0.000415
-0.002096
-0.001259
0.001810
0.001817
-0.000300
-0.000380
0.000178
-0.001041
-0.001369
0.000704
0.001375
-0.000886
-0.001710
0.000736
0.001903
-0.000379
-0.001989
-0.000575
0.000823
0.000220
-0.000080
0.000906
0.000544
-0.001017
-0.000495
0.001304
0.000925
-0.000511
-0.000032
0.000427
-0.001127
-0.001372
0.000927
0.001836
0.000139
-0.001027
-0.000330
0.000010
-0.001097
-0.001291
0.000395
0.001096
-0.000083
-0.000154
0.001188
0.000471
-0.001914
-0.001519
0.001484
0.002429
0.000130
-0.001582
0.000061
0.001940
0.000345
-0.002055
-0.001291
0.001074
0.001432
-0.000258
-0.001167
0.000063
0.001194
-0.000120
-0.001574
-0.000331
0.000714
-0.000374
0.000276
0.002216
0.000239
-0.002987
-0.001327
0.001822
0.000716
-0.001280
0.000462
0.002213
-0.000365
-0.003009
-0.000676
0.002088
0.000018
-0.001718
0.001067
0.002076
-0.001240
-0.001918
0.001380
0.001992
-0.000962
-0.001605
0.000921
0.001797
-0.000021
-0.001436
-0.000957
0.000165
0.000203
0.000033
0.001173
0.001539
-0.000686
-0.002503
-0.000946
0.001284
0.000965
0.000628
0.001378
-0.000571
-0.003290
-0.001446
0.001635
0.000894
-0.000618
0.000306
0.001025
-0.000189
-0.000994
-0.000272
0.000415
0.000655
0.000981
0.000497
-0.000978
-0.001199
0.000473
0.001341
0.000411
-0.000376
-0.000440
-0.000616
-0.000751
-0.000230
0.000580
0.000218
-0.001033
-0.000123
0.002518
0.001590
-0.002655
-0.003160
0.000703
0.002299
0.000774
0.000859
0.001392
-0.001980
-0.005090
-0.001548
0.004053
0.003959
0.000300
-0.000820
-0.000392
-0.002039
-0.002590
0.000919
0.002986
0.000447
-0.001179
0.000484
0.000556
-0.001874
-0.001745
0.000811
0.001403
0.000661
0.000653
0.000361
-0.000528
-0.001092
-0.001069
0.000019
0.001873
0.002030
-0.000064
-0.001331
-0.000988
-0.001138
-0.000695
0.001455
0.001581
-0.000868
-0.001291
0.000118
-0.000086
-0.000860
-0.000018
0.000809
0.000163
0.000051
0.000584
-0.000569
-0.001416
0.000814
0.002474
0.000176
-0.001852
-0.000301
0.000396
-0.001051
0.000441
0.003226
0.001496
-0.001991
-0.001973
-0.000305
0.000113
0.000385
0.000694
0.000269
0.000223
-0.000210
-0.002304
-0.002921
-0.000359
0.002017
0.002434
0.001806
0.000496
-0.001236
-0.002636
-0.001796
0.001103
0.002109
0.000713
0.000212
0.001380
0.002034
0.000020
-0.002790
-0.002491
-0.000038
0.001369
0.002352
0.002599
-0.001545
-0.006764
-0.004763
0.001975
0.004678
0.002663
0.000349
-0.000605
-0.001698
-0.002755
-0.001170
0.001605
0.002193
0.001675
0.001508
0.000262
-0.002125
-0.002373
0.001090
0.003851
0.001531
-0.002540
-0.002320
0.000969
0.001703
-0.000207
-0.001300
-0.001411
-0.001393
-0.000961
-0.000281
0.000538
0.000534
-0.000990
-0.000842
0.002478
0.003710
-0.000016
-0.003365
-0.002327
0.000347
0.002341
0.003654
0.002810
-0.000494
-0.003362
-0.003059
-0.000691
0.000578
0.000981
0.001922
0.002140
0.000248
-0.003081
-0.004466
-0.001684
0.001779
0.002260
0.001290
0.000955
-0.000177
-0.002395
-0.001938
0.001175
0.001637
-0.000155
0.000552
0.001588
-0.000553
-0.001714
0.000220
0.000307
-0.001465
0.000465
0.004566
0.003833
-0.001523
-0.005010
-0.003740
-0.000180
0.001661
0.001660
0.002551
0.002108
-0.001620
-0.003505
-0.001513
-0.000305
-0.000860
0.000046
0.001886
0.001966
0.000543
-0.000955
-0.001850
-0.001638
-0.000096
0.002098
0.003036
0.001508
-0.001189
-0.002921
-0.002589
-0.000365
0.002325
0.003332
0.001547
-0.001053
-0.001452
-0.000487
-0.000966
-0.001393
0.001113
0.003450
0.001244
-0.002679
-0.003249
-0.001188
0.000158
0.000682
0.001519
0.001433
-0.000280
-0.001377
-0.000707
0.000088
0.000702
0.002106
0.002373
-0.000272
-0.002632
-0.001857
-0.000346
-0.000091
0.000760
0.002519
0.002516
0.000012
-0.002920
-0.003582
-0.000816
0.002300
0.002242
0.000715
-0.000146
-0.001466
-0.002362
-0.001003
0.000657
0.000757
0.000437
0.000645
0.000890
0.000352
-0.000963
-0.001638
-0.000681
0.000871
0.001565
0.001159
0.000478
0.000503
0.000423
-0.001152
-0.002349
-0.001139
0.000589
0.001392
0.001569
0.000122
-0.001906
-0.001114
0.001395
0.001740
0.000356
-0.000459
-0.001114
-0.001809
-0.001137
0.000356
0.000771
-0.000066
-0.000659
0.000328
0.001480
0.000752
-0.000296
-0.000439
-0.001108
-0.001072
0.001457
0.003157
0.001277
-0.001167
-0.001768
-0.001636
-0.000639
0.001164
0.001514
0.000815
0.001095
0.000907
-0.001446
-0.003399
-0.001954
0.001066
0.002090
0.001069
-0.000031
-0.000283
-0.000136
-0.000846
-0.002380
-0.002459
0.000246
0.003499
0.003851
0.000817
-0.002476
-0.003106
-0.001354
0.000617
0.001279
0.001016
0.000958
0.001013
0.000694
-0.000115
-0.001374
-0.002032
-0.000933
0.001231
0.002251
0.000966
-0.000787
-0.000730
0.000307
0.000299
-0.000219
-0.000083
-0.000304
-0.001080
-0.001024
-0.000248
0.000788
0.001918
0.001376
-0.001385
-0.003298
-0.001914
0.001309
0.002948
0.001422
-0.000998
-0.001338
-0.000049
0.000493
0.000162
0.000649
0.001404
0.000385
-0.001273
-0.000696
0.000935
0.000109
-0.001838
-0.000723
0.001871
0.001355
-0.000686
-0.000511
0.000109
-0.000958
-0.001297
0.000285
0.001074
0.000397
0.000189
-0.000158
-0.001302
-0.000811
0.001388
0.001333
-0.001566
-0.002529
0.000302
0.002412
0.000523
-0.001864
0.000014
0.003710
0.002707
-0.002211
-0.004145
-0.001926
0.000247
0.001276
0.002000
0.001749
0.000877
0.000674
0.000251
-0.001419
-0.002326
-0.001086
0.000479
0.001354
0.001622
0.000220
-0.001811
-0.001542
0.000048
0.000142
-0.000097
0.000793
0.000634
-0.001071
-0.001338
0.000247
0.001139
0.000543
-0.000437
-0.000308
0.000875
0.000535
-0.001316
-0.001341
0.000329
0.000952
0.000728
0.000925
0.000879
0.000153
-0.000631
-0.001594
-0.002241
-0.000461
0.003133
0.004280
0.001414
-0.002276
-0.003723
-0.002635
-0.000392
0.001277
0.001685
0.001399
0.000641
-0.000476
-0.001030
-0.000882
-0.000904
-0.001109
-0.000569
0.000884
0.001744
0.000958
-0.000205
-0.000371
-0.000092
-0.000166
0.000043
0.000880
0.001094
0.000036
-0.001369
-0.001833
-0.000470
0.001960
0.003035
0.001399
-0.001251
-0.002312
-0.001731
-0.000816
0.000336
0.001590
0.001832
0.000532
-0.001658
-0.003468
-0.003172
0.000095
0.004055
0.004760
0.001440
-0.002321
-0.003183
-0.001816
-0.000378
0.000721
0.001436
0.001353
0.001030
0.000921
0.000338
-0.000735
-0.001339
-0.001407
-0.000995
0.000542
0.002182
0.001690
-0.000455
-0.001519
-0.000725
0.000270
0.000203
-0.000731
-0.001596
-0.001589
-0.000660
0.000717
0.001822
0.001804
0.000567
-0.000729
-0.000754
0.000361
0.001164
0.000971
0.000397
-0.000128
-0.000688
-0.001130
-0.000933
0.000094
0.001083
0.000890
-0.000180
-0.000827
-0.000746
-0.000317
0.000403
0.000871
0.000393
-0.000559
-0.001184
-0.001145
0.000012
0.001739
0.002054
0.000625
-0.000698
-0.001242
-0.001717
-0.001614
-0.000016
0.001747
0.001631
0.000252
-0.000567
-0.001008
-0.001663
-0.001107
0.001235
0.002919
0.002293
0.000534
-0.001207
-0.002588
-0.002628
-0.000701
0.001891
0.003099
0.002310
0.000634
-0.000834
-0.002159
-0.003035
-0.002125
0.000379
0.002219
0.002188
0.001213
0.000169
-0.000975
-0.001913
-0.001716
-0.000035
0.001859
0.002043
0.000643
-0.000301
-0.000495
-0.001360
-0.001995
-0.000635
0.001164
0.001526
0.001458
0.001275
-0.000400
-0.002702
-0.003010
-0.001030
0.001357
0.002758
0.002629
0.000937
-0.001300
-0.002411
-0.001749
-0.000211
0.001003
0.001470
0.001378
0.000675
-0.000824
-0.002296
-0.002346
-0.000862
0.001003
0.002350
0.002684
0.001511
-0.000717
-0.002314
-0.002291
-0.001154
0.000496
0.002114
0.002812
0.002152
0.000378
-0.001680
-0.002622
-0.001922
-0.000739
0.000086
0.000957
0.001745
0.001448
-0.000143
-0.001945
-0.002636
-0.001821
-0.000253
0.001075
0.001729
0.001686
0.000964
-0.000139
-0.000793
-0.000340
0.000622
0.000869
0.000455
0.000337
0.000489
0.000297
-0.000093
-0.000256
-0.000400
-0.000816
-0.001129
-0.000887
-0.000350
-0.000013
0.000140
0.000237
0.000215
0.000200
0.000137
-0.000333
-0.000991
-0.001149
-0.000591
0.000418
0.001500
0.001999
0.001330
-0.000042
-0.000997
-0.001145
-0.000652
0.000413
0.001420
0.001394
0.000562
-0.000117
-0.000642
-0.001184
-0.001164
-0.000630
-0.000291
-0.000054
0.000432
0.000718
0.000453
0.000005
-0.000281
-0.000262
0.000038
0.000192
0.000089
0.000111
0.000167
-0.000099
-0.000569
-0.000760
-0.000216
0.000866
0.001369
0.000432
-0.001082
-0.001431
-0.000389
0.000674
0.000933
0.000632
0.000074
-0.000425
-0.000523
-0.000503
-0.000710
-0.000541
0.000461
0.001393
0.001291
0.000581
0.000097
-0.000382
-0.001326
-0.001824
-0.000625
0.001434
0.002105
0.001041
0.000123
-0.000060
-0.000760
-0.001764
-0.001534
-0.000306
0.000583
0.000928
0.000903
0.000318
-0.000588
-0.001258
-0.001344
-0.000815
-0.000074
0.000701
0.001717
0.002246
0.001205
-0.000588
-0.001305
-0.000855
-0.000375
-0.000123
0.000235
0.000613
0.000807
0.000732
0.000307
-0.000234
-0.000422
-0.000312
-0.000418
-0.000655
-0.000453
-0.000019
-0.000118
-0.000597
-0.000507
0.000320
0.000917
0.000699
0.000221
-0.000016
-0.000187
-0.000320
-0.000177
0.000027
-0.000156
-0.000538
-0.000408
0.000378
0.001058
0.001002
0.000419
-0.000255
-0.000845
-0.001100
-0.000644
0.000361
0.001034
0.000805
0.000159
-0.000308
-0.000659
-0.000827
-0.000451
0.000223
0.000617
0.000690
0.000683
0.000557
0.000090
-0.000771
-0.001531
-0.001390
-0.000320
0.000846
0.001480
0.001382
0.000647
-0.000196
-0.000739
-0.001099
-0.001176
-0.000534
0.000552
0.001204
0.001100
0.000520
-0.000254
-0.000979
-0.001288
-0.000927
-0.000015
0.001000
0.001425
0.000786
-0.000442
-0.001204
-0.001097
-0.000491
0.000324
0.001093
0.001233
0.000520
-0.000401
-0.000818
-0.000739
-0.000479
0.000025
0.000853
0.001326
0.000744
-0.000323
-0.000759
-0.000428
0.000008
0.000150
0.000163
0.000240
0.000117
-0.000426
-0.000898
-0.000701
-0.000025
0.000503
0.000548
0.000077
-0.000623
-0.000956
-0.000720
-0.000190
0.000486
0.001093
0.001247
0.000853
0.000109
-0.000617
-0.000865
-0.000506
0.000123
0.000641
0.000826
0.000535
-0.000068
-0.000527
-0.000668
-0.000640
-0.000415
0.000124
0.000718
0.000806
0.000222
-0.000445
-0.000621
-0.000513
-0.000436
-0.000081
0.000713
0.001262
0.000896
-0.000078
-0.000823
-0.000968
-0.000712
-0.000368
-0.000180
-0.000157
0.000019
0.000485
0.000730
0.000317
-0.000229
-0.000165
0.000251
0.000204
-0.000377
-0.000740
-0.000426
0.000206
0.000571
0.000542
0.000465
0.000518
0.000425
0.000012
-0.000433
-0.000595
-0.000533
-0.000320
0.000162
0.000676
0.000703
0.000173
-0.000496
-0.000810
-0.000581
-0.000073
0.000386
0.000707
0.000767
0.000402
-0.000134
-0.000403
-0.000507
-0.000755
-0.000863
-0.000458
0.000165
0.000499
0.000435
0.000181
-0.000048
-0.000167
-0.000185
-0.000189
-0.000146
0.000202
0.000820
0.001144
0.000733
-0.000099
-0.000603
-0.000527
-0.000333
-0.000358
-0.000264
0.000293
0.000868
0.000796
0.000166
-0.000500
-0.000947
-0.001061
-0.000784
-0.000317
0.000054
0.000249
0.000261
0.000070
-0.000152
-0.000082
0.000324
0.000598
0.000298
-0.000266
-0.000403
0.000053
0.000609
0.000748
0.000532
0.000336
0.000131
-0.000255
-0.000486
-0.000191
0.000336
0.000571
0.000393
0.000005
-0.000370
-0.000634
-0.000742
-0.000588
-0.000194
0.000165
0.000290
0.000280
0.000241
0.000082
-0.000241
-0.000532
-0.000593
-0.000458
-0.000281
-0.000108
0.000128
0.000429
0.000618
0.000481
0.000104
-0.000167
-0.000213
-0.000130
0.000215
0.000781
0.000901
0.000243
-0.000545
-0.000848
-0.000731
-0.000379
0.000148
0.000669
0.000966
0.000906
0.000444
-0.000223
-0.000740
-0.000944
-0.000861
-0.000506
0.000009
0.000383
0.000516
0.000531
0.000293
-0.000274
-0.000657
-0.000477
-0.000096
0.000094
0.000136
0.000093
0.000016
0.000072
0.000177
0.000087
-0.000067
0.000047
0.000381
0.000528
0.000260
-0.000183
-0.000393
-0.000311
-0.000205
-0.000179
-0.000124
0.000046
0.000295
0.000393
0.000204
-0.000064
-0.000200
-0.000204
-0.000192
-0.000280
-0.000401
-0.000418
-0.000369
-0.000271
-0.000065
0.000132
0.000196
0.000242
0.000321
0.000242
0.000017
0.000029
0.000367
0.000573
0.000449
0.000302
0.000295
0.000309
0.000228
0.000033
-0.000201
-0.000397
-0.000469
-0.000310
-0.000078
-0.000089
-0.000245
-0.000174
0.000059
0.000092
-0.000067
-0.000128
-0.000098
-0.000152
-0.000176
-0.000023
0.000164
0.000228
0.000235
0.000279
0.000315
0.000275
0.000187
0.000108
0.000070
0.000066
0.000049
-0.000041
-0.000200
-0.000322
-0.000280
-0.000048
0.000203
0.000259
0.000150
-0.000011
-0.000268
-0.000575
-0.000715
-0.000653
-0.000452
-0.000001
0.000668
0.001141
0.001059
0.000464
-0.000287
-0.000835
-0.001054
-0.000897
-0.000409
0.000099
0.000365
0.000412
0.000250
-0.000130
-0.000469
-0.000455
-0.000170
0.000084
0.000221
0.000321
0.000333
0.000139
-0.000130
-0.000239
-0.000168
-0.000031
0.000169
0.000498
0.000840
0.000933
0.000687
0.000223
-0.000416
-0.001189
-0.001721
-0.001590
-0.000884
-0.000104
0.000368
0.000518
0.000401
-0.000003
-0.000353
-0.000163
0.000368
0.000674
0.000775
0.001054
0.001431
0.001479
0.001178
0.000871
0.000645
0.000424
0.000367
0.000569
0.000744
0.000613
0.000262
-0.000118
-0.000497
-0.000813
-0.000944
-0.000964
-0.001121
-0.001449
-0.001625
-0.001489
-0.001347
-0.001366
-0.001337
-0.001238
-0.001290
-0.001432
-0.001352
-0.000893
-0.000144
0.000633
0.001157
0.001424
0.001604
0.001673
0.001477
0.001138
0.001095
0.001430
0.001621
0.001459
0.001364
0.001470
0.001337
0.000772
0.000174
-0.000079
-0.000082
-0.000074
-0.000064
-0.000024
-0.000203
-0.000871
-0.001768
-0.002279
-0.002202
-0.001829
-0.001387
-0.000999
-0.000820
-0.000838
-0.000972
-0.001233
-0.001400
-0.001082
-0.000342
0.000357
0.000826
0.001169
0.001381
0.001418
0.001318
0.001056
0.000507
-0.000340
-0.001075
-0.001059
-0.000373
-0.000018
-0.000361
-0.000377
0.000522
0.001407
0.001560
0.001531
0.001727
0.001580
0.000930
0.000686
0.001225
0.001654
0.001433
0.001166
0.001234
0.001162
0.000692
0.000196
-0.000189
-0.000707
-0.001190
-0.001230
-0.001028
-0.001017
-0.001145
-0.001335
-0.001866
-0.002668
-0.003107
-0.002928
-0.002538
-0.002199
-0.001799
-0.001335
-0.000988
-0.000725
-0.000333
0.000081
0.000229
0.000216
0.000401
0.000851
0.001310
0.001577
0.001671
0.001720
0.001915
0.002390
0.002952
0.003179
0.002958
0.002709
0.002804
0.002943
0.002603
0.001865
0.001147
0.000466
-0.000365
-0.001214
-0.001878
-0.002436
-0.002945
-0.003262
-0.003390
-0.003433
-0.003262
-0.002827
-0.002429
-0.002228
-0.001978
-0.001544
-0.001119
-0.000687
-0.000108
0.000240
0.000067
-0.000040
0.000463
0.001180
0.001577
0.001724
0.001847
0.001969
0.002148
0.002407
0.002505
0.002288
0.002004
0.001895
0.001783
0.001408
0.000932
0.000605
-0.000029
-0.001680
-0.003856
-0.005078
-0.004954
-0.004539
-0.004106
-0.002585
-0.000173
0.001247
0.001257
0.001341
0.001743
0.001338
0.000537
0.000877
0.002160
0.002972
0.003212
0.003652
0.004000
0.003438
0.002244
0.001293
0.000719
0.000154
-0.000471
-0.000950
-0.001162
-0.001276
-0.001536
-0.001940
-0.002422
-0.002986
-0.003481
-0.003715
-0.003702
-0.003469
-0.002951
-0.002233
-0.001618
-0.001321
-0.001196
-0.000931
-0.000456
0.000088
0.000647
0.001214
0.001762
0.002401
0.003084
0.003367
0.003114
0.002783
0.002670
0.002587
0.002412
0.002327
0.002399
0.002407
0.002227
0.001997
0.001844
0.001573
0.000797
-0.000445
-0.001546
-0.002115
-0.002451
-0.002908
-0.003409
-0.003800
-0.004037
-0.003976
-0.003523
-0.002853
-0.002254
-0.001795
-0.001326
-0.000804
-0.000222
0.000528
0.001264
0.001635
0.001653
0.001470
0.001164
0.001016
0.001232
0.001496
0.001494
0.001489
0.001792
0.002142
0.002146
0.001811
0.001357
0.000946
0.000613
0.000305
0.000077
-0.000045
-0.000533
-0.002042
-0.004232
-0.005718
-0.005821
-0.005249
-0.004363
-0.002481
0.000174
0.001944
0.002285
0.002587
0.003433
0.003585
0.002655
0.002071
0.002534
0.003112
0.003378
0.003947
0.004643
0.004447
0.003242
0.001819
0.000534
-0.000783
-0.002032
-0.002846
-0.003121
-0.003107
-0.003052
-0.002987
-0.002976
-0.003289
-0.003958
-0.004555
-0.004730
-0.004456
-0.003755
-0.002778
-0.001828
-0.000999
-0.000172
0.000602
0.001148
0.001552
0.001995
0.002368
0.002584
0.002833
0.003217
0.003689
0.004270
0.004806
0.004806
0.004074
0.003128
0.002413
0.001696
0.000914
0.000487
0.000351
0.000040
-0.000358
-0.000535
-0.000786
-0.001508
-0.002441
-0.003147
-0.003566
-0.003784
-0.003913
-0.004118
-0.004284
-0.003995
-0.003180
-0.002298
-0.001575
-0.000766
0.000103
0.000732
0.001214
0.001814
0.002486
0.003074
0.003409
0.003212
0.002449
0.001563
0.000975
0.000724
0.000683
0.000805
0.001084
0.001326
0.001274
0.000973
0.000572
-0.000018
-0.000728
-0.001150
-0.001138
-0.001070
-0.001416
-0.002524
-0.004337
-0.005929
-0.006274
-0.005519
-0.004200
-0.001971
0.001065
0.003282
0.003859
0.004114
0.004864
0.005011
0.004026
0.003151
0.003170
0.003495
0.003840
0.004516
0.005077
0.004563
0.002969
0.001133
-0.000523
-0.002082
-0.003394
-0.004130
-0.004364
-0.004504
-0.004585
-0.004301
-0.003840
-0.003815
-0.004269
-0.004601
-0.004570
-0.004409
-0.003983
-0.002945
-0.001582
-0.000422
0.000605
0.001743
0.002773
0.003409
0.003713
0.003786
0.003701
0.003796
0.004272
0.004733
0.004758
0.004503
0.004304
0.004009
0.003203
0.001975
0.000928
0.000292
-0.000431
-0.001502
-0.002320
-0.002458
-0.002435
-0.002702
-0.002997
-0.003218
-0.003630
-0.004013
-0.003845
-0.003317
-0.003031
-0.002912
-0.002450
-0.001640
-0.000844
-0.000185
0.000373
0.000832
0.001271
0.001808
0.002412
0.002927
0.003316
0.003685
0.003913
0.003680
0.002923
0.001876
0.000822
-0.000010
-0.000588
-0.001021
-0.001201
-0.000963
-0.000632
-0.000644
-0.000877
-0.001028
-0.001178
-0.001508
-0.001881
-0.002040
-0.002130
-0.002787
-0.004199
-0.005314
-0.005119
-0.004115
-0.002989
-0.001081
0.001847
0.004203
0.005068
0.005695
0.006755
0.006921
0.005636
0.004387
0.004070
0.003888
0.003434
0.003261
0.003382
0.003133
0.002190
0.000728
-0.000982
-0.002689
-0.004161
-0.005307
-0.006107
-0.006494
-0.006449
-0.006003
-0.005251
-0.004555
-0.004253
-0.004118
-0.003753
-0.003225
-0.002631
-0.001806
-0.000783
0.000320
0.001670
0.003219
0.004420
0.005011
0.005317
0.005436
0.005107
0.004526
0.004199
0.004077
0.003875
0.003797
0.003965
0.003805
0.002861
0.001514
0.000202
-0.001150
-0.002490
-0.003507
-0.004200
-0.004622
-0.004508
-0.003889
-0.003409
-0.003452
-0.003604
-0.003479
-0.003288
-0.003139
-0.002739
-0.002036
-0.001261
-0.000418
0.000593
0.001651
0.002545
0.003093
0.003202
0.003131
0.003233
0.003381
0.003322
0.003221
0.003276
0.003341
0.003122
0.002373
0.001025
-0.000574
-0.001844
-0.002659
-0.003300
-0.003626
-0.003295
-0.002573
-0.001927
-0.001389
-0.000983
-0.000952
-0.001190
-0.001314
-0.001456
-0.002207
-0.003633
-0.004808
-0.004755
-0.003688
-0.002406
-0.000608
0.002340
0.005270
0.006474
0.006529
0.006965
0.007226
0.006029
0.004249
0.003481
0.003435
0.003099
0.002744
0.002912
0.002958
0.002023
0.000291
-0.001640
-0.003596
-0.005482
-0.006900
-0.007469
-0.007205
-0.006463
-0.005522
-0.004521
-0.003744
-0.003423
-0.003292
-0.002973
-0.002563
-0.002157
-0.001475
-0.000443
0.000730
0.002077
0.003640
0.004992
0.005728
0.006045
0.006150
0.005783
0.004881
0.003928
0.003314
0.003046
0.003065
0.003160
0.002876
0.002127
0.001196
-0.000087
-0.001967
-0.003752
-0.004656
-0.005127
-0.005775
-0.005941
-0.004991
-0.003714
-0.003020
-0.002661
-0.002119
-0.001530
-0.001215
-0.001101
-0.000907
-0.000446
0.000351
0.001375
0.002376
0.003206
0.003783
0.003918
0.003559
0.003012
0.002611
0.002380
0.002144
0.001866
0.001664
0.001590
0.001467
0.000960
-0.000056
-0.001282
-0.002354
-0.003221
-0.003867
-0.004090
-0.003834
-0.003287
-0.002561
-0.001707
-0.000864
-0.000162
0.000311
0.000400
-0.000142
-0.001413
-0.002935
-0.003777
-0.003550
-0.002801
-0.001740
0.000453
0.003774
0.006401
0.007228
0.007356
0.007545
0.006776
0.004728
0.002924
0.002171
0.001550
0.000720
0.000589
0.001217
0.001334
0.000325
-0.001057
-0.002285
-0.003757
-0.005533
-0.006889
-0.007355
-0.007149
-0.006527
-0.005401
-0.003811
-0.002272
-0.001232
-0.000610
-0.000223
-0.000086
-0.000072
0.000080
0.000460
0.001183
0.002406
0.003854
0.004964
0.005524
0.005677
0.005456
0.004790
0.003808
0.002787
0.001936
0.001338
0.000964
0.000713
0.000485
0.000171
-0.000350
-0.001111
-0.002024
-0.002959
-0.003791
-0.004397
-0.004670
-0.004634
-0.004373
-0.003831
-0.002871
-0.001646
-0.000641
-0.000087
0.000287
0.000674
0.000913
0.000966
0.001120
0.001549
0.002148
0.002749
0.003176
0.003314
0.003207
0.002892
0.002300
0.001504
0.000762
0.000219
-0.000164
-0.000398
-0.000474
-0.000470
-0.000553
-0.000884
-0.001451
-0.002071
-0.002557
-0.002828
-0.002916
-0.002802
-0.002393
-0.001737
-0.001027
-0.000360
0.000268
0.000761
0.000984
0.000928
0.000528
-0.000339
-0.001413
-0.002098
-0.002181
-0.001906
-0.001073
0.000900
0.003493
0.005193
0.005628
0.005738
0.005739
0.004891
0.003188
0.001568
0.000563
-0.000072
-0.000538
-0.000617
-0.000222
0.000150
-0.000097
-0.000886
-0.001773
-0.002734
-0.003899
-0.004903
-0.005305
-0.005177
-0.004679
-0.003705
-0.002436
-0.001388
-0.000661
-0.000030
0.000392
0.000454
0.000439
0.000617
0.000884
0.001200
0.001758
0.002572
0.003392
0.004030
0.004379
0.004231
0.003479
0.002409
0.001484
0.000884
0.000477
0.000119
-0.000187
-0.000356
-0.000392
-0.000471
-0.000758
-0.001231
-0.001824
-0.002519
-0.003193
-0.003641
-0.003782
-0.003531
-0.002751
-0.001598
-0.000485
0.000399
0.001075
0.001463
0.001500
0.001323
0.001072
0.000749
0.000504
0.000655
0.001199
0.001691
0.001877
0.001988
0.002117
0.001941
0.001310
0.000514
-0.000177
-0.000698
-0.000967
-0.000949
-0.000827
-0.000813
-0.000969
-0.001238
-0.001471
-0.001538
-0.001524
-0.001539
-0.001424
-0.001072
-0.000643
-0.000189
0.000305
0.000632
0.000691
0.000687
0.000561
-0.000135
-0.001255
-0.001877
-0.001751
-0.001616
-0.001570
-0.000715
0.001106
0.002797
0.003662
0.004127
0.004518
0.004352
0.003302
0.001919
0.000858
0.000170
-0.000284
-0.000401
-0.000062
0.000454
0.000621
0.000281
-0.000289
-0.000952
-0.001813
-0.002764
-0.003470
-0.003824
-0.003925
-0.003740
-0.003172
-0.002291
-0.001268
-0.000298
0.000312
0.000411
0.000278
0.000199
0.000117
0.000076
0.000355
0.000941
0.001590
0.002243
0.002815
0.003097
0.003109
0.002962
0.002522
0.001715
0.000776
-0.000009
-0.000485
-0.000655
-0.000617
-0.000458
-0.000266
-0.000214
-0.000459
-0.000950
-0.001535
-0.002097
-0.002433
-0.002338
-0.001880
-0.001330
-0.000821
-0.000231
0.000516
0.001184
0.001475
0.001344
0.000985
0.000578
0.000139
-0.000239
-0.000305
-0.000045
0.000236
0.000376
0.000539
0.000832
0.001038
0.000924
0.000554
0.000169
-0.000085
-0.000267
-0.000459
-0.000566
-0.000528
-0.000525
-0.000645
-0.000697
-0.000651
-0.000689
-0.000724
-0.000580
-0.000409
-0.000323
-0.000126
0.000232
0.000490
0.000524
0.000478
0.000364
-0.000062
-0.000792
-0.001359
-0.001473
-0.001406
-0.001419
-0.001275
-0.000603
0.000549
0.001730
0.002561
0.003035
0.003251
0.003076
0.002442
0.001716
0.001291
0.001047
0.000634
0.000131
-0.000060
0.000036
-0.000019
-0.000298
-0.000506
-0.000686
-0.001129
-0.001749
-0.002269
-0.002716
-0.003109
-0.003161
-0.002725
-0.002014
-0.001259
-0.000588
-0.000135
0.000062
0.000148
0.000263
0.000397
0.000546
0.000741
0.000915
0.001076
0.001380
0.001796
0.002022
0.001916
0.001721
0.001663
0.001588
0.001229
0.000688
0.000335
0.000220
0.000049
-0.000285
-0.000676
-0.001015
-0.001159
-0.001129
-0.001120
-0.001038
-0.000630
-0.000188
-0.000206
-0.000506
-0.000625
-0.000545
-0.000419
-0.000290
-0.000277
-0.000452
-0.000610
-0.000542
-0.000325
-0.000087
0.000144
0.000309
0.000438
0.000669
0.000935
0.001060
0.001085
0.001065
0.000916
0.000696
0.000544
0.000363
0.000016
-0.000382
-0.000676
-0.000921
-0.001113
-0.001034
-0.000698
-0.000425
-0.000329
-0.000239
-0.000050
0.000148
0.000226
0.000156
-0.000010
-0.000185
-0.000282
-0.000372
-0.000585
-0.000819
-0.000860
-0.000690
-0.000463
-0.000275
-0.000085
0.000164
0.000490
0.000941
0.001450
0.001740
0.001695
0.001612
0.001669
0.001584
0.001202
0.000814
0.000630
0.000514
0.000345
0.000150
-0.000088
-0.000374
-0.000652
-0.000964
-0.001303
-0.001526
-0.001630
-0.001706
-0.001708
-0.001615
-0.001545
-0.001475
-0.001220
-0.000830
-0.000533
-0.000257
0.000159
0.000528
0.000677
0.000722
0.000731
0.000709
0.000782
0.000968
0.001113
0.001228
0.001396
0.001430
0.001173
0.000852
0.000673
0.000512
0.000307
0.000128
-0.000153
-0.000618
-0.000965
-0.000984
-0.000945
-0.001030
-0.000969
-0.000597
-0.000188
0.000012
0.000131
0.000286
0.000290
0.000084
-0.000082
-0.000160
-0.000397
-0.000756
-0.000870
-0.000612
-0.000211
0.000118
0.000339
0.000536
0.000727
0.000802
0.000751
0.000698
0.000611
0.000395
0.000176
0.000066
-0.000095
-0.000409
-0.000626
-0.000546
-0.000385
-0.000380
-0.000452
-0.000475
-0.000411
-0.000183
0.000172
0.000400
0.000370
0.000292
0.000310
0.000212
-0.000145
-0.000529
-0.000698
-0.000654
-0.000515
-0.000413
-0.000329
-0.000106
0.000222
0.000398
0.000407
0.000494
0.000650
0.000633
0.000470
0.000399
0.000428
0.000398
0.000383
0.000570
0.000804
0.000756
0.000436
0.000153
0.000042
-0.000081
-0.000313
-0.000429
-0.000341
-0.000312
-0.000454
-0.000570
-0.000612
-0.000697
-0.000717
-0.000513
-0.000242
-0.000161
-0.000230
-0.000291
-0.000355
-0.000430
-0.000406
-0.000300
-0.000245
-0.000210
-0.000055
0.000262
0.000657
0.000949
0.000981
0.000777
0.000505
0.000321
0.000235
0.000156
0.000129
0.000235
0.000297
0.000125
-0.000120
-0.000210
-0.000196
-0.000183
-0.000149
-0.000097
-0.000103
-0.000172
-0.000228
-0.000204
-0.000135
-0.000172
-0.000350
-0.000435
-0.000262
-0.000061
-0.000081
-0.000127
0.000038
0.000255
0.000345
0.000409
0.000501
0.000525
0.000490
0.000484
0.000441
0.000185
-0.000261
-0.000682
-0.000944
-0.001050
-0.001017
-0.000829
-0.000482
-0.000050
0.000327
0.000566
0.000641
0.000493
0.000181
-0.000009
0.000070
0.000200
0.000179
0.000138
0.000220
0.000282
0.000231
0.000191
0.000175
0.000079
-0.000046
-0.000098
-0.000141
-0.000258
-0.000359
-0.000327
-0.000233
-0.000220
-0.000228
-0.000079
0.000153
0.000198
0.000052
-0.000028
0.000023
0.000056
0.000050
0.000119
0.000261
0.000340
0.000333
0.000337
0.000334
0.000275
0.000280
0.000366
0.000284
-0.000015
-0.000235
-0.000192
-0.000034
0.000000
-0.000122
-0.000254
-0.000326
-0.000407
-0.000541
-0.000669
-0.000676
-0.000484
-0.000144
0.000128
0.000185
0.000163
0.000190
0.000149
-0.000040
-0.000233
-0.000277
-0.000193
-0.000086
-0.000003
0.000050
0.000084
0.000146
0.000256
0.000364
0.000405
0.000385
0.000313
0.000170
0.000065
0.000141
0.000295
0.000304
0.000160
0.000017
-0.000041
-0.000047
-0.000079
-0.000174
-0.000299
-0.000374
-0.000333
-0.000221
-0.000128
-0.000037
0.000054
0.000032
-0.000106
-0.000191
-0.000139
-0.000103
-0.000217
-0.000358
-0.000308
-0.000042
0.000226
0.000323
0.000288
0.000210
0.000115
0.000037
-0.000010
-0.000050
-0.000047
0.000049
0.000183
0.000283
0.000393
0.000488
0.000386
0.000083
-0.000145
-0.000160
-0.000130
-0.000163
-0.000176
-0.000120
-0.000032
0.000085
0.000183
0.000136
-0.000047
-0.000238
-0.000431
-0.000628
-0.000656
-0.000428
-0.000155
-0.000059
-0.000047
0.000089
0.000308
0.000425
0.000454
0.000544
0.000681
0.000706
0.000572
0.000403
0.000293
0.000187
-0.000025
-0.000344
-0.000622
-0.000683
-0.000467
-0.000145
-0.000033
-0.000187
-0.000307
-0.000268
-0.000251
-0.000303
-0.000242
-0.000030
0.000099
0.000011
-0.000082
0.000007
0.000157
0.000179
0.000086
0.000036
0.000118
0.000263
0.000314
0.000167
-0.000104
-0.000296
-0.000294
-0.000213
-0.000214
-0.000253
-0.000179
0.000016
0.000225
0.000388
0.000462
0.000393
0.000244
0.000163
0.000154
0.000075
-0.000078
-0.000158
-0.000119
-0.000023
0.000082
0.000161
0.000191
0.000157
0.000018
-0.000193
-0.000334
-0.000277
-0.000056
0.000118
0.000086
-0.000122
-0.000366
-0.000471
-0.000337
-0.000092
0.000002
-0.000112
-0.000163
0.000028
0.000269
0.000365
0.000358
0.000325
0.000315
0.000376
0.000440
0.000354
0.000137
-0.000034
-0.000156
-0.000385
-0.000606
-0.000538
-0.000266
-0.000079
-0.000011
0.000013
-0.000019
-0.000070
-0.000103
-0.000176
-0.000276
-0.000303
-0.000263
-0.000227
-0.000126
0.000152
0.000494
0.000672
0.000645
0.000543
0.000401
0.000148
-0.000158
-0.000322
-0.000266
-0.000097
0.000044
0.000089
0.000074
0.000075
0.000133
0.000261
0.000413
0.000432
0.000208
-0.000141
-0.000390
-0.000470
-0.000438
-0.000333
-0.000215
-0.000156
-0.000109
-0.000020
0.000047
0.000055
0.000002
-0.000138
-0.000267
-0.000271
-0.000198
-0.000108
-0.000029
-0.000049
-0.000138
-0.000130
-0.000009
0.000123
0.000211
0.000209
0.000113
0.000043
0.000076
0.000152
0.000238
0.000362
0.000465
0.000440
0.000296
0.000142
0.000055
0.000011
-0.000060
-0.000173
-0.000244
-0.000214
-0.000176
-0.000222
-0.000259
-0.000179
-0.000033
0.000087
0.000138
0.000112
0.000068
0.000048
-0.000033
-0.000161
-0.000180
-0.000104
-0.000056
-0.000025
-0.000019
-0.000082
-0.000137
-0.000115
-0.000060
-0.000037
-0.000035
0.000019
0.000128
0.000185
0.000159
0.000154
0.000213
0.000204
0.000057
-0.000092
-0.000129
-0.000135
-0.000152
-0.000064
0.000121
0.000212
0.000127
-0.000049
-0.000191
-0.000200
-0.000106
-0.000013
0.000065
0.000090
-0.000007
-0.000131
-0.000187
-0.000235
-0.000249
-0.000131
0.000030
0.000124
0.000215
0.000341
0.000456
0.000532
0.000493
0.000293
0.000073
0.000029
0.000095
0.000026
-0.000211
-0.000394
-0.000373
-0.000230
-0.000110
-0.000067
-0.000097
-0.000167
-0.000187
-0.000107
0.000003
0.000054
0.000065
0.000103
0.000126
0.000022
-0.000154
-0.000221
-0.000170
-0.000117
-0.000053
0.000032
-0.000001
-0.000192
-0.000341
-0.000292
-0.000131
-0.000018
0.000027
0.000111
0.000269
0.000390
0.000402
0.000387
0.000418
0.000404
0.000208
-0.000072
-0.000171
-0.000055
0.000072
0.000095
0.000049
0.000007
0.000015
0.000069
0.000098
0.000009
-0.000148
-0.000191
-0.000106
-0.000116
-0.000314
-0.000492
-0.000472
-0.000323
-0.000152
0.000031
0.000174
0.000176
0.000090
0.000105
0.000235
0.000288
0.000208
0.000142
0.000102
-0.000032
-0.000207
-0.000282
-0.000271
-0.000269
-0.000277
-0.000225
-0.000079
0.000145
0.000352
0.000395
0.000307
0.000289
0.000348
0.000295
0.000076
-0.000171
-0.000277
-0.000236
-0.000197
-0.000186
-0.000094
0.000060
0.000135
0.000070
-0.000051
-0.000114
-0.000071
0.000069
0.000220
0.000249
0.000153
0.000069
0.000066
0.000034
-0.000089
-0.000137
-0.000028
0.000045
-0.000019
-0.000056
0.000038
0.000111
-0.000007
-0.000259
-0.000426
-0.000343
-0.000086
0.000121
0.000180
0.000158
0.000111
0.000028
-0.000063
-0.000109
-0.000111
-0.000108
-0.000142
-0.000201
-0.000202
-0.000126
-0.000046
-0.000005
0.000045
0.000144
0.000241
0.000249
0.000137
-0.000062
-0.000230
-0.000224
-0.000093
-0.000014
0.000008
0.000140
0.000403
0.000588
0.000551
0.000403
0.000296
0.000233
0.000145
-0.000027
-0.000215
-0.000234
-0.000102
-0.000067
-0.000219
-0.000375
-0.000365
-0.000212
-0.000060
-0.000049
-0.000172
-0.000223
-0.000080
0.000082
0.000018
-0.000220
-0.000303
-0.000068
0.000218
0.000257
0.000125
0.000065
0.000166
0.000303
0.000312
0.000202
0.000063
-0.000116
-0.000315
-0.000412
-0.000338
-0.000151
0.000041
0.000110
-0.000005
-0.000180
-0.000230
-0.000111
0.000063
0.000157
0.000159
0.000167
0.000184
0.000170
0.000158
0.000183
0.000222
0.000259
0.000266
0.000174
-0.000044
-0.000259
-0.000292
-0.000150
-0.000040
-0.000059
-0.000074
-0.000028
-0.000048
-0.000111
-0.000018
0.000234
0.000400
0.000329
0.000089
-0.000145
-0.000260
-0.000308
-0.000374
-0.000383
-0.000252
-0.000080
0.000051
0.000172
0.000263
0.000241
0.000091
-0.000107
-0.000204
-0.000140
-0.000066
-0.000136
-0.000255
-0.000245
-0.000151
-0.000139
-0.000206
-0.000177
0.000019
0.000268
0.000432
0.000449
0.000363
0.000291
0.000299
0.000301
0.000167
-0.000055
-0.000157
-0.000047
0.000141
0.000176
-0.000010
-0.000179
-0.000099
0.000064
0.000034
-0.000122
-0.000144
-0.000003
0.000093
0.000037
-0.000020
0.000065
0.000187
0.000147
-0.000093
-0.000359
-0.000435
-0.000279
-0.000059
0.000000
-0.000117
-0.000155
0.000018
0.000161
0.000062
-0.000087
-0.000042
0.000096
0.000118
0.000075
0.000097
0.000098
-0.000018
-0.000144
-0.000195
-0.000236
-0.000273
-0.000232
-0.000148
-0.000093
-0.000038
0.000038
0.000120
0.000236
0.000353
0.000347
0.000221
0.000135
0.000187
0.000301
0.000319
0.000164
-0.000074
-0.000215
-0.000171
-0.000004
0.000135
0.000119
0.000015
-0.000034
-0.000081
-0.000200
-0.000228
-0.000031
0.000186
0.000126
-0.000157
-0.000358
-0.000371
-0.000342
-0.000320
-0.000199
0.000024
0.000205
0.000265
0.000222
0.000082
-0.000081
-0.000099
0.000053
0.000190
0.000178
0.000084
0.000033
0.000033
0.000020
-0.000000
-0.000021
-0.000049
0.000003
0.000152
0.000246
0.000203
0.000066
-0.000110
-0.000256
-0.000310
-0.000313
-0.000353
-0.000390
-0.000288
-0.000052
0.000139
0.000181
0.000123
0.000035
-0.000023
-0.000012
0.000078
0.000282
0.000531
0.000605
0.000467
0.000376
0.000446
0.000441
0.000163
-0.000223
-0.000406
-0.000337
-0.000231
-0.000254
-0.000382
-0.000452
-0.000322
-0.000097
-0.000034
-0.000174
-0.000303
-0.000260
-0.000097
0.000019
0.000004
-0.000058
-0.000067
-0.000047
-0.000036
0.000014
0.000136
0.000275
0.000359
0.000386
0.000338
0.000156
-0.000084
-0.000144
0.000004
0.000122
0.000109
0.000071
0.000053
0.000014
-0.000049
-0.000086
-0.000061
0.000003
0.000041
0.000045
0.000054
0.000072
0.000085
0.000072
-0.000015
-0.000179
-0.000358
-0.000494
-0.000494
-0.000312
-0.000096
-0.000041
-0.000072
0.000022
0.000203
0.000274
0.000198
0.000103
0.000124
0.000294
0.000497
0.000547
0.000355
0.000060
-0.000087
-0.000015
0.000101
0.000093
0.000015
0.000029
0.000080
-0.000044
-0.000390
-0.000725
-0.000719
-0.000379
-0.000113
-0.000160
-0.000295
-0.000221
0.000054
0.000271
0.000238
0.000027
-0.000108
-0.000037
0.000098
0.000136
0.000104
0.000095
0.000159
0.000255
0.000283
0.000198
0.000022
-0.000178
-0.000263
-0.000154
0.000016
0.000105
0.000167
0.000293
0.000384
0.000293
0.000122
0.000095
0.000166
0.000092
-0.000128
-0.000207
-0.000002
0.000220
0.000145
-0.000190
-0.000476
-0.000481
-0.000310
-0.000277
-0.000450
-0.000575
-0.000442
-0.000113
0.000202
0.000353
0.000344
0.000247
0.000119
0.000025
0.000033
0.000133
0.000262
0.000375
0.000419
0.000345
0.000173
-0.000010
-0.000159
-0.000285
-0.000358
-0.000347
-0.000284
-0.000202
-0.000121
-0.000046
0.000044
0.000118
0.000141
0.000175
0.000232
0.000210
0.000125
0.000068
-0.000034
-0.000249
-0.000401
-0.000311
-0.000079
0.000092
0.000151
0.000115
-0.000022
-0.000140
-0.000079
0.000084
0.000146
0.000092
0.000073
0.000194
0.000367
0.000370
0.000129
-0.000151
-0.000185
0.000081
0.000349
0.000291
-0.000008
-0.000193
-0.000162
-0.000161
-0.000319
-0.000453
-0.000402
-0.000302
-0.000343
-0.000453
-0.000397
-0.000106
0.000221
0.000328
0.000162
-0.000097
-0.000212
-0.000080
0.000166
0.000326
0.000385
0.000451
0.000530
0.000525
0.000399
0.000239
0.000154
0.000188
0.000290
0.000271
-0.000011
-0.000369
-0.000456
-0.000269
-0.000198
-0.000469
-0.000767
-0.000640
-0.000127
0.000256
0.000148
-0.000211
-0.000282
