6560
-0.000167
-0.000151
-0.000053
0.000028
0.000081
0.000096
0.000082
0.000085
0.000117
0.000167
0.000177
0.000076
-0.000113
-0.000270
-0.000279
-0.000150
-0.000021
0.000004
-0.000046
-0.000066
-0.000006
0.000073
0.000113
0.000147
0.000194
0.000171
0.000053
-0.000019
0.000055
0.000139
0.000093
-0.000016
-0.000070
-0.000072
-0.000083
-0.000171
-0.000375
-0.000541
-0.000417
-0.000086
0.000114
0.000131
0.000178
0.000275
0.000264
0.000167
0.000100
0.000075
0.000067
0.000069
0.000079
0.000084
0.000034
-0.000033
-0.000009
0.000055
0.000027
-0.000075
-0.000122
-0.000065
-0.000001
0.000002
-0.000004
-0.000016
-0.000088
-0.000157
-0.000128
-0.000025
0.000057
0.000061
-0.000008
-0.000112
-0.000174
-0.000110
0.000025
0.000075
0.000028
0.000001
-0.000011
-0.000087
-0.000146
-0.000058
0.000086
0.000091
-0.000008
-0.000002
0.000116
0.000160
0.000130
0.000191
0.000305
0.000282
0.000121
0.000043
0.000108
0.000088
-0.000100
-0.000237
-0.000229
-0.000238
-0.000318
-0.000302
-0.000149
-0.000026
0.000013
0.000054
0.000089
0.000062
-0.000003
-0.000019
0.000060
0.000147
0.000139
0.000071
0.000030
0.000020
0.000028
0.000043
0.000019
-0.000044
-0.000089
-0.000100
-0.000125
-0.000180
-0.000169
-0.000040
0.000107
0.000159
0.000110
0.000021
-0.000028
0.000034
0.000189
0.000289
0.000208
0.000029
-0.000049
0.000018
0.000064
-0.000028
-0.000158
-0.000200
-0.000208
-0.000252
-0.000212
-0.000036
0.000078
0.000029
-0.000016
0.000048
0.000097
0.000023
-0.000075
-0.000058
0.000015
-0.000029
-0.000158
-0.000150
0.000058
0.000291
0.000351
0.000217
0.000055
0.000015
0.000079
0.000105
0.000020
-0.000057
-0.000040
-0.000025
-0.000042
-0.000003
0.000043
-0.000028
-0.000120
-0.000052
0.000056
0.000003
-0.000098
-0.000108
-0.000123
-0.000173
-0.000120
0.000042
0.000101
-0.000030
-0.000140
-0.000088
-0.000020
-0.000049
-0.000069
-0.000026
-0.000015
-0.000050
-0.000020
0.000099
0.000194
0.000169
0.000096
0.000100
0.000160
0.000187
0.000176
0.000167
0.000159
0.000102
-0.000021
-0.000112
-0.000076
0.000017
0.000024
-0.000072
-0.000186
-0.000239
-0.000154
0.000017
0.000030
-0.000178
-0.000316
-0.000187
-0.000001
0.000005
-0.000018
0.000116
0.000212
0.000078
-0.000072
-0.000013
0.000078
0.000014
-0.000052
-0.000028
-0.000053
-0.000096
-0.000005
0.000106
0.000038
-0.000065
0.000051
0.000283
0.000358
0.000263
0.000167
0.000104
0.000008
-0.000085
-0.000143
-0.000247
-0.000340
-0.000227
-0.000030
-0.000060
-0.000235
-0.000226
-0.000013
0.000134
0.000107
0.000062
0.000087
0.000081
0.000010
-0.000044
-0.000017
0.000093
0.000229
0.000298
0.000222
0.000026
-0.000138
-0.000165
-0.000097
-0.000052
-0.000065
-0.000031
0.000070
0.000135
0.000128
0.000054
-0.000053
-0.000082
-0.000052
-0.000076
-0.000132
-0.000160
-0.000164
-0.000147
-0.000087
0.000009
0.000081
0.000096
0.000079
0.000025
-0.000052
-0.000054
0.000009
-0.000005
-0.000094
-0.000059
0.000120
0.000212
0.000140
0.000069
0.000072
0.000067
0.000040
0.000050
0.000062
0.000023
-0.000025
-0.000019
0.000016
0.000028
0.000030
0.000020
-0.000073
-0.000216
-0.000263
-0.000206
-0.000171
-0.000144
-0.000026
0.000108
0.000147
0.000139
0.000143
0.000123
0.000078
0.000053
0.000029
-0.000016
-0.000017
0.000021
0.000013
-0.000002
0.000052
0.000092
0.000017
-0.000105
-0.000143
-0.000080
0.000026
0.000127
0.000170
0.000119
0.000003
-0.000125
-0.000185
-0.000128
-0.000057
-0.000080
-0.000094
0.000006
0.000083
0.000025
-0.000039
-0.000014
-0.000022
-0.000132
-0.000202
-0.000140
-0.000030
0.000071
0.000154
0.000188
0.000187
0.000154
0.000060
-0.000005
0.000066
0.000164
0.000141
0.000070
0.000050
0.000012
-0.000104
-0.000202
-0.000174
-0.000070
-0.000033
-0.000099
-0.000169
-0.000137
0.000012
0.000173
0.000216
0.000144
0.000074
0.000057
0.000035
-0.000029
-0.000083
-0.000056
0.000017
0.000034
-0.000014
-0.000050
-0.000041
-0.000035
-0.000085
-0.000148
-0.000145
-0.000076
-0.000018
-0.000038
-0.000127
-0.000174
-0.000068
0.000135
0.000271
0.000268
0.000148
0.000001
-0.000053
-0.000030
-0.000039
-0.000016
0.000132
0.000260
0.000183
0.000002
-0.000071
-0.000091
-0.000182
-0.000209
-0.000077
0.000050
0.000042
-0.000039
-0.000069
-0.000034
0.000017
0.000081
0.000134
0.000139
0.000134
0.000151
0.000177
0.000181
0.000093
-0.000069
-0.000158
-0.000123
-0.000106
-0.000198
-0.000267
-0.000200
-0.000108
-0.000094
-0.000100
-0.000078
-0.000027
0.000060
0.000113
0.000072
0.000039
0.000121
0.000200
0.000119
-0.000013
-0.000016
0.000038
0.000017
-0.000014
0.000020
0.000036
-0.000028
-0.000069
-0.000012
0.000040
0.000009
-0.000039
-0.000051
-0.000039
-0.000033
-0.000070
-0.000146
-0.000160
-0.000025
0.000152
0.000201
0.000151
0.000093
0.000029
-0.000011
-0.000012
-0.000031
-0.000079
-0.000109
-0.000095
-0.000021
0.000078
0.000120
0.000112
0.000113
0.000104
0.000067
0.000022
-0.000047
-0.000135
-0.000149
-0.000064
0.000028
0.000062
0.000067
0.000102
0.000139
0.000064
-0.000120
-0.000250
-0.000221
-0.000109
-0.000063
-0.000112
-0.000124
0.000012
0.000184
0.000175
-0.000011
-0.000126
-0.000068
0.000016
0.000058
0.000132
0.000217
0.000216
0.000121
0.000003
-0.000060
-0.000023
0.000077
0.000121
0.000058
-0.000033
-0.000101
-0.000184
-0.000271
-0.000295
-0.000217
-0.000078
0.000028
0.000061
0.000024
-0.000074
-0.000092
0.000085
0.000280
0.000304
0.000219
0.000134
0.000055
-0.000032
-0.000133
-0.000216
-0.000196
-0.000044
0.000118
0.000139
0.000019
-0.000084
-0.000075
-0.000028
-0.000027
-0.000046
-0.000026
0.000023
0.000075
0.000164
0.000260
0.000246
0.000117
-0.000006
-0.000082
-0.000147
-0.000160
-0.000077
0.000015
0.000019
-0.000054
-0.000085
-0.000003
0.000036
-0.000117
-0.000304
-0.000321
-0.000215
-0.000128
-0.000069
0.000016
0.000091
0.000103
0.000102
0.000134
0.000158
0.000158
0.000158
0.000169
0.000197
0.000194
0.000065
-0.000105
-0.000084
0.000099
0.000157
0.000034
-0.000038
0.000038
0.000076
-0.000042
-0.000186
-0.000241
-0.000236
-0.000171
-0.000008
0.000186
0.000274
0.000179
0.000001
-0.000068
-0.000039
-0.000089
-0.000247
-0.000339
-0.000259
-0.000128
-0.000077
-0.000040
0.000063
0.000129
0.000046
-0.000089
-0.000070
0.000118
0.000262
0.000232
0.000175
0.000243
0.000310
0.000185
-0.000039
-0.000120
-0.000067
-0.000022
-0.000016
-0.000045
-0.000113
-0.000157
-0.000167
-0.000188
-0.000184
-0.000131
-0.000091
-0.000049
0.000072
0.000214
0.000253
0.000220
0.000242
0.000293
0.000227
0.000024
-0.000183
-0.000286
-0.000296
-0.000250
-0.000146
-0.000043
-0.000062
-0.000175
-0.000207
-0.000111
-0.000027
-0.000008
0.000073
0.000225
0.000283
0.000241
0.000221
0.000206
0.000147
0.000068
-0.000021
-0.000065
0.000010
0.000135
0.000142
-0.000047
-0.000272
-0.000322
-0.000284
-0.000338
-0.000353
-0.000165
0.000075
0.000139
0.000062
0.000038
0.000154
0.000336
0.000429
0.000343
0.000160
-0.000012
-0.000148
-0.000247
-0.000286
-0.000183
0.000009
0.000031
-0.000100
-0.000044
0.000167
0.000148
-0.000072
-0.000102
0.000063
0.000074
-0.000056
-0.000035
0.000090
0.000084
0.000008
0.000054
0.000157
0.000123
-0.000033
-0.000126
-0.000106
-0.000085
-0.000084
-0.000057
-0.000087
-0.000226
-0.000303
-0.000207
-0.000071
0.000014
0.000111
0.000232
0.000290
0.000270
0.000229
0.000165
0.000076
0.000023
0.000021
-0.000003
-0.000071
-0.000095
-0.000053
-0.000070
-0.000183
-0.000249
-0.000176
-0.000054
0.000021
0.000079
0.000159
0.000192
0.000126
0.000055
0.000053
0.000065
0.000030
-0.000018
-0.000039
-0.000063
-0.000117
-0.000177
-0.000198
-0.000146
-0.000040
0.000046
0.000063
0.000042
0.000031
0.000038
0.000033
0.000011
-0.000022
-0.000068
-0.000068
0.000036
0.000171
0.000238
0.000236
0.000195
0.000112
-0.000013
-0.000119
-0.000126
-0.000062
-0.000034
-0.000044
-0.000022
0.000018
0.000005
-0.000073
-0.000185
-0.000255
-0.000232
-0.000171
-0.000112
0.000007
0.000180
0.000274
0.000216
0.000090
0.000030
0.000051
0.000038
-0.000036
-0.000050
0.000010
0.000020
0.000021
0.000123
0.000159
-0.000046
-0.000245
-0.000169
-0.000017
-0.000054
-0.000129
-0.000028
0.000118
0.000122
0.000042
-0.000010
-0.000013
0.000003
0.000033
0.000093
0.000130
0.000070
-0.000045
-0.000122
-0.000136
-0.000116
-0.000072
-0.000002
0.000071
0.000138
0.000196
0.000206
0.000133
0.000039
0.000018
0.000056
0.000052
-0.000054
-0.000196
-0.000252
-0.000185
-0.000072
-0.000007
-0.000020
-0.000066
-0.000097
-0.000099
-0.000069
-0.000034
-0.000066
-0.000114
0.000001
0.000218
0.000241
0.000054
-0.000031
0.000077
0.000132
0.000044
-0.000010
0.000046
0.000067
-0.000048
-0.000195
-0.000215
-0.000102
0.000009
0.000043
0.000051
0.000077
0.000064
-0.000007
-0.000029
0.000042
0.000068
-0.000026
-0.000069
0.000087
0.000280
0.000285
0.000161
0.000086
0.000064
-0.000018
-0.000141
-0.000159
-0.000062
-0.000031
-0.000098
-0.000112
-0.000093
-0.000159
-0.000185
-0.000031
0.000134
0.000096
-0.000066
-0.000151
-0.000123
-0.000078
-0.000072
-0.000038
0.000078
0.000168
0.000121
0.000011
-0.000007
0.000056
0.000013
-0.000133
-0.000078
0.000243
0.000431
0.000244
-0.000052
-0.000161
-0.000143
-0.000136
-0.000129
-0.000110
-0.000075
0.000069
0.000277
0.000303
0.000090
-0.000142
-0.000239
-0.000228
-0.000164
-0.000072
0.000009
0.000052
0.000070
0.000072
0.000083
0.000096
0.000041
-0.000062
-0.000079
-0.000019
-0.000051
-0.000114
0.000022
0.000214
0.000157
0.000000
0.000049
0.000175
0.000128
-0.000016
-0.000115
-0.000210
-0.000253
-0.000087
0.000160
0.000171
-0.000029
-0.000103
0.000036
0.000106
-0.000047
-0.000236
-0.000240
-0.000053
0.000139
0.000174
0.000097
-0.000009
-0.000102
-0.000019
0.000202
0.000098
-0.000329
-0.000302
0.000278
0.000450
-0.000040
-0.000255
0.000119
0.000199
-0.000278
-0.000377
0.000115
0.000257
-0.000138
-0.000235
0.000064
0.000072
-0.000119
0.000109
0.000432
0.000279
0.000097
0.000219
0.000104
-0.000263
-0.000211
0.000121
0.000020
-0.000328
-0.000281
-0.000011
-0.000066
-0.000326
-0.000246
0.000192
0.000294
-0.000187
-0.000372
0.000146
0.000346
-0.000222
-0.000356
0.000404
0.000626
-0.000133
-0.000233
0.000622
0.000561
-0.000519
-0.000518
0.000566
0.000534
-0.000579
-0.000591
0.000495
0.000576
-0.000501
-0.000764
0.000158
0.000526
-0.000216
-0.000688
-0.000183
0.000386
0.000228
-0.000176
-0.000093
0.000156
0.000003
-0.000141
-0.000016
-0.000139
-0.000238
0.000235
0.000435
-0.000066
-0.000063
0.000479
0.000226
-0.000418
-0.000247
0.000159
0.000036
-0.000056
0.000137
0.000122
-0.000016
0.000123
0.000265
-0.000011
-0.000402
-0.000301
0.000202
0.000414
0.000090
-0.000272
-0.000140
0.000320
0.000368
-0.000100
-0.000353
-0.000295
-0.000318
-0.000181
0.000000
-0.000256
-0.000305
0.000260
0.000312
-0.000440
-0.000471
0.000635
0.001036
-0.000017
-0.000669
-0.000043
0.000338
-0.000107
-0.000265
0.000105
0.000318
0.000227
0.000084
0.000089
0.000159
-0.000048
-0.000348
-0.000218
0.000083
-0.000054
-0.000343
-0.000087
0.000416
0.000286
-0.000268
-0.000167
0.000445
0.000335
-0.000317
-0.000221
0.000379
0.000243
-0.000480
-0.000622
-0.000030
0.000292
-0.000043
-0.000274
-0.000004
0.000289
0.000213
-0.000124
-0.000273
0.000026
0.000359
0.000285
0.000016
-0.000168
-0.000308
-0.000201
0.000235
0.000220
-0.000414
-0.000465
0.000283
0.000512
-0.000004
-0.000201
0.000075
0.000143
-0.000151
-0.000304
0.000085
0.000497
0.000199
-0.000326
-0.000192
0.000332
0.000443
0.000105
-0.000059
0.000119
-0.000021
-0.000462
-0.000232
0.000178
-0.000256
-0.000341
0.000518
0.000402
-0.000621
-0.000266
0.000561
-0.000348
-0.001166
0.000072
0.001019
-0.000096
-0.000993
-0.000052
0.000853
0.000358
-0.000252
-0.000048
0.000394
0.000446
0.000019
-0.000221
0.000151
0.000340
0.000072
0.000154
0.000300
-0.000381
-0.000977
-0.000255
0.000583
0.000016
-0.000770
-0.000265
0.000552
0.000464
-0.000123
-0.000571
-0.000331
0.000619
0.000635
-0.000738
-0.000988
0.000596
0.001233
-0.000056
-0.000923
-0.000266
0.000422
0.000318
0.000085
0.000030
-0.000087
-0.000252
-0.000180
0.000115
0.000161
-0.000140
-0.000156
0.000249
0.000292
-0.000101
-0.000049
0.000339
0.000018
-0.000604
-0.000241
0.000345
-0.000144
-0.000692
-0.000113
0.000770
0.000987
0.000772
0.000379
-0.000187
-0.000351
0.000080
0.000239
-0.000380
-0.001175
-0.001047
-0.000085
0.000224
-0.000045
0.000384
0.000642
-0.000360
-0.000846
0.000365
0.000874
-0.000523
-0.001237
-0.000189
0.000651
0.000629
0.000660
0.000542
-0.000168
-0.000567
0.000021
0.000651
0.000104
-0.000925
-0.000494
0.000883
0.000687
-0.000604
-0.000532
0.000216
-0.000189
-0.000439
0.000572
0.000658
-0.000695
-0.000686
0.000756
0.000878
-0.000190
-0.000425
0.000053
0.000127
-0.000208
-0.000248
0.000221
0.000419
-0.000176
-0.000579
0.000100
0.000565
-0.000380
-0.000888
0.000554
0.001395
-0.000415
-0.001714
0.000121
0.001754
0.000519
-0.000786
-0.000295
-0.000011
-0.000808
-0.001139
-0.000425
0.000261
0.000414
0.000482
0.000504
0.000239
-0.000035
-0.000044
-0.000192
-0.000557
-0.000223
0.000818
0.001329
0.001011
0.000197
-0.000849
-0.000940
0.000059
0.000236
-0.000347
0.000034
0.000397
-0.000452
-0.000571
0.000748
0.000922
-0.000527
-0.001003
-0.000278
-0.000246
-0.000463
0.000272
0.000738
-0.000181
-0.000694
0.000524
0.000889
-0.001035
-0.001610
0.000713
0.001832
0.000017
-0.001000
0.000413
0.000849
-0.000753
-0.000835
0.000873
0.000774
-0.000680
-0.000396
0.000714
0.000268
-0.000688
-0.000151
0.000974
0.000617
-0.000589
-0.000469
0.000341
0.000026
-0.000139
0.000602
-0.000024
-0.001387
-0.000518
0.000954
0.000089
-0.000983
0.000196
0.001185
-0.000102
-0.001365
-0.000714
0.000381
0.000266
-0.000407
-0.000025
0.001235
0.001291
-0.000418
-0.001308
0.000128
0.001067
-0.000387
-0.001109
0.000605
0.001414
-0.000035
-0.000729
0.000086
0.000003
-0.000888
-0.000696
-0.000070
0.000027
0.000608
0.001225
0.000336
-0.000775
-0.000394
0.000420
0.000366
-0.000248
-0.000462
0.000110
0.000436
-0.000015
-0.000032
0.000294
-0.000254
-0.000748
-0.000181
0.000292
-0.000041
-0.000294
0.000229
0.000653
-0.000167
-0.001021
-0.000204
0.000810
0.000199
-0.000571
0.000018
0.000733
0.000425
-0.000055
-0.000161
-0.000503
-0.000664
0.000006
0.000488
0.000306
0.000252
0.000184
-0.000158
-0.000153
0.000117
0.000078
-0.000008
-0.000018
-0.000300
-0.000420
0.000043
0.000404
0.000181
-0.000107
-0.000092
0.000007
0.000088
0.000040
-0.000291
-0.000564
-0.000275
0.000519
0.000751
-0.000277
-0.001012
0.000062
0.001385
0.000635
-0.000932
-0.000522
0.000624
0.000089
-0.000551
0.000058
0.000150
-0.000454
-0.000171
0.000437
0.000333
0.000031
0.000023
0.000298
0.000114
-0.001017
-0.001012
0.001143
0.001720
-0.000903
-0.002232
-0.000166
0.001736
0.001491
0.000495
-0.000179
-0.000555
-0.000909
-0.000701
0.000563
0.001057
-0.000708
-0.002103
-0.000179
0.002426
0.001196
-0.001703
-0.001392
0.000350
0.000114
-0.000460
0.000086
0.000238
-0.000079
0.000657
0.001543
0.000650
-0.000928
-0.001098
-0.000291
0.000034
-0.000103
-0.000095
0.000107
0.000615
0.001094
0.000563
-0.000704
-0.001290
-0.000746
0.000401
0.001284
0.000989
-0.000205
-0.000974
-0.000641
0.000348
0.000754
-0.000363
-0.001522
-0.000663
0.000590
0.000168
0.000024
0.001063
0.000519
-0.001376
-0.001140
0.000926
0.001434
-0.000064
-0.000847
0.000098
0.000782
0.000400
0.000046
-0.000241
-0.000618
-0.000399
0.000544
0.001212
0.000284
-0.001511
-0.001635
-0.000065
0.000955
0.001162
0.001323
0.000530
-0.001506
-0.002643
-0.001311
0.001055
0.001794
0.000509
-0.000448
-0.000169
-0.000545
-0.001405
-0.000207
0.001880
0.001240
-0.000817
-0.000733
0.000310
0.000392
0.000826
0.001203
-0.000348
-0.001833
-0.000681
0.001107
0.000728
-0.000786
-0.000918
0.000235
0.000594
-0.000134
-0.000110
0.000658
0.000054
-0.001186
-0.000272
0.001393
0.000638
-0.000761
-0.000147
0.000549
-0.000298
-0.000688
0.000631
0.001610
0.000189
-0.001874
-0.001689
-0.000197
0.000327
0.000227
0.000384
0.000647
0.000819
0.000340
-0.000935
-0.001343
0.000094
0.001098
-0.000142
-0.001341
-0.000311
0.001324
0.001454
0.000248
-0.001042
-0.001215
-0.000034
0.000906
0.000320
-0.000151
0.000819
0.001042
-0.000310
-0.000516
0.000334
-0.000637
-0.002142
-0.001105
0.000871
0.001153
0.000788
0.000853
0.000291
-0.001122
-0.002167
-0.001623
0.000880
0.003240
0.002175
-0.001321
-0.002380
-0.000016
0.001477
-0.000018
-0.001894
-0.001605
0.000548
0.002385
0.002234
0.000682
-0.000708
-0.001184
-0.000867
-0.000582
-0.000818
-0.000700
0.000296
0.001102
0.000855
0.000100
-0.000093
0.000234
-0.000335
-0.001627
-0.001311
0.000749
0.001937
0.001266
0.000565
0.001032
0.000949
-0.001121
-0.002714
-0.001470
0.000133
-0.000322
-0.000526
0.001155
0.002027
0.000563
-0.000886
-0.000981
-0.001128
-0.001475
-0.000518
0.001197
0.001677
0.000945
0.000300
-0.000107
-0.000524
-0.000456
0.000095
0.000431
0.000693
0.001003
0.000479
-0.000589
-0.000894
-0.000853
-0.001060
-0.000196
0.001493
0.001336
-0.000447
-0.000914
0.000202
0.000975
0.000480
-0.001276
-0.002933
-0.002245
0.000426
0.002448
0.002649
0.001470
-0.000117
-0.001002
-0.001332
-0.001669
-0.001117
0.000721
0.002010
0.001633
0.000766
0.000136
-0.000686
-0.001406
-0.001284
-0.000727
-0.000461
-0.000146
0.000492
0.001208
0.001832
0.001325
-0.000657
-0.001537
-0.000194
0.000302
-0.001042
-0.001066
0.000823
0.001748
0.000930
-0.000184
-0.000981
-0.001270
-0.000912
-0.000510
0.000094
0.001306
0.001325
-0.000499
-0.001112
0.000360
0.000744
-0.000505
-0.000561
0.000703
0.001040
0.000263
-0.000571
-0.000905
-0.000229
0.000545
-0.000101
-0.000712
0.000650
0.002144
0.001428
-0.000578
-0.002060
-0.002409
-0.001209
0.001056
0.002205
0.001244
-0.000225
-0.000984
-0.001261
-0.000916
0.000032
0.000220
-0.000764
-0.000800
0.001463
0.003574
0.001912
-0.002590
-0.004283
-0.000731
0.003286
0.002987
0.000391
-0.000219
0.000546
-0.000116
-0.001408
-0.001341
-0.000824
-0.000959
-0.000530
0.000956
0.001655
0.000406
-0.001259
-0.001283
-0.000284
-0.000344
-0.000880
0.000065
0.001339
0.000723
-0.000520
-0.000016
0.001117
0.000461
-0.000774
0.000047
0.001610
0.001048
-0.000802
-0.001433
-0.000640
0.000636
0.001781
0.001569
-0.000439
-0.001986
-0.001139
0.000550
0.000488
-0.001139
-0.001892
-0.000629
0.001380
0.002308
0.001368
-0.000526
-0.001726
-0.001739
-0.000922
0.000564
0.001936
0.001668
0.000064
-0.000324
0.000931
0.000957
-0.001111
-0.002630
-0.002066
-0.000346
0.001428
0.002273
0.001107
-0.001360
-0.002363
-0.000883
0.000867
0.001066
0.000279
-0.000037
0.000805
0.001252
-0.000632
-0.002258
0.000069
0.003165
0.002061
-0.000949
-0.001312
0.000021
0.000110
-0.000593
-0.000554
-0.000244
-0.000303
-0.000150
0.000531
0.000648
-0.000849
-0.002502
-0.001874
0.000519
0.001916
0.001261
0.000025
-0.000340
-0.000042
0.000231
0.000453
0.000415
-0.000238
-0.000909
-0.000598
0.000781
0.001894
0.001306
-0.000211
-0.000822
-0.000619
-0.000485
0.000048
0.000997
0.000866
-0.000495
-0.001147
-0.000328
0.000525
0.000259
-0.000514
-0.000524
0.000168
0.000150
-0.000889
-0.001417
-0.000578
0.000573
0.000973
0.000664
0.000161
0.000056
0.000197
-0.000428
-0.001454
-0.001021
0.000780
0.001622
0.000964
0.000575
0.000725
0.000060
-0.001172
-0.001415
-0.000463
0.000379
0.000493
0.000796
0.001545
0.001404
-0.000176
-0.001723
-0.001742
-0.000691
0.000148
0.000493
0.000551
0.000416
0.000207
0.000055
0.000061
-0.000082
-0.000634
-0.000866
-0.000138
0.000586
0.000121
-0.000783
-0.000716
-0.000034
0.000120
-0.000168
-0.000190
0.000147
0.000467
0.000460
0.000293
0.000362
0.000355
-0.000160
-0.000455
-0.000005
0.000272
0.000126
0.000550
0.001187
0.000680
-0.000494
-0.000825
-0.000422
-0.000278
-0.000421
-0.000365
-0.000131
-0.000088
-0.000064
0.000523
0.001114
0.000500
-0.000816
-0.001262
-0.000729
-0.000271
-0.000122
0.000173
0.000373
0.000068
-0.000093
0.000625
0.001548
0.001235
-0.000495
-0.001924
-0.001594
-0.000323
0.000513
0.000993
0.001296
0.000851
-0.000167
-0.000664
-0.000255
0.000108
-0.000275
-0.000632
-0.000241
0.000408
0.000845
0.001118
0.000887
-0.000244
-0.001644
-0.002089
-0.001215
0.000094
0.000853
0.000992
0.000801
0.000196
-0.000566
-0.000809
-0.000638
-0.000552
-0.000270
0.000593
0.001445
0.001429
0.000719
-0.000029
-0.000805
-0.001422
-0.001000
0.000212
0.000773
0.000632
0.000718
0.000646
-0.000129
-0.000761
-0.000546
-0.000135
-0.000289
-0.000549
-0.000012
0.001082
0.001480
0.000572
-0.000666
-0.000915
-0.000394
-0.000204
-0.000295
0.000005
0.000293
-0.000010
-0.000236
0.000146
0.000380
-0.000087
-0.000792
-0.001052
-0.000513
0.000349
0.000554
0.000184
0.000189
0.000547
0.000402
-0.000240
-0.000574
-0.000351
0.000035
0.000301
0.000469
0.000549
0.000374
-0.000109
-0.000533
-0.000434
0.000104
0.000582
0.000738
0.000588
0.000258
-0.000121
-0.000541
-0.000734
-0.000326
0.000216
0.000146
-0.000245
-0.000221
0.000093
0.000080
-0.000264
-0.000448
-0.000371
-0.000326
-0.000359
-0.000190
0.000322
0.000844
0.000727
-0.000012
-0.000343
0.000098
0.000257
-0.000257
-0.000429
0.000125
0.000619
0.000628
0.000449
0.000284
-0.000068
-0.000716
-0.001119
-0.000658
0.000265
0.000657
0.000336
0.000052
0.000223
0.000250
-0.000491
-0.001426
-0.001451
-0.000469
0.000660
0.001200
0.000974
0.000257
-0.000365
-0.000401
0.000040
0.000399
0.000468
0.000464
0.000394
0.000200
0.000183
0.000384
0.000255
-0.000330
-0.000774
-0.000718
-0.000249
0.000408
0.000730
0.000340
-0.000361
-0.000854
-0.001038
-0.000800
-0.000197
0.000142
-0.000095
-0.000190
0.000353
0.000699
0.000109
-0.000580
-0.000336
0.000412
0.000736
0.000573
0.000319
0.000131
0.000048
0.000133
0.000269
0.000211
-0.000008
-0.000090
-0.000067
-0.000324
-0.000738
-0.000617
0.000088
0.000560
0.000454
0.000235
0.000163
0.000029
-0.000247
-0.000448
-0.000415
-0.000263
-0.000188
-0.000106
0.000189
0.000455
0.000230
-0.000327
-0.000630
-0.000505
-0.000177
0.000219
0.000548
0.000527
0.000167
-0.000072
0.000043
0.000191
0.000098
-0.000036
0.000072
0.000302
0.000318
0.000025
-0.000317
-0.000397
-0.000248
-0.000100
0.000062
0.000302
0.000383
0.000122
-0.000211
-0.000277
-0.000195
-0.000202
-0.000171
0.000008
0.000126
0.000092
0.000065
0.000063
-0.000014
-0.000039
0.000138
0.000318
0.000253
0.000082
0.000036
0.000014
-0.000152
-0.000362
-0.000430
-0.000329
-0.000141
-0.000021
-0.000116
-0.000266
-0.000108
0.000266
0.000415
0.000371
0.000395
0.000258
-0.000205
-0.000556
-0.000466
-0.000141
0.000209
0.000558
0.000769
0.000665
0.000273
-0.000219
-0.000622
-0.000804
-0.000693
-0.000299
0.000225
0.000590
0.000596
0.000399
0.000267
0.000079
-0.000387
-0.000773
-0.000565
0.000049
0.000453
0.000410
0.000111
-0.000197
-0.000410
-0.000522
-0.000439
-0.000068
0.000371
0.000523
0.000349
0.000037
-0.000269
-0.000394
-0.000224
0.000036
0.000162
0.000292
0.000523
0.000512
0.000083
-0.000302
-0.000288
-0.000146
-0.000121
-0.000024
0.000211
0.000244
-0.000047
-0.000262
-0.000174
-0.000032
0.000025
0.000150
0.000289
0.000148
-0.000255
-0.000530
-0.000474
-0.000232
0.000035
0.000294
0.000467
0.000415
0.000150
-0.000148
-0.000287
-0.000178
0.000079
0.000276
0.000303
0.000192
0.000026
-0.000125
-0.000246
-0.000294
-0.000196
-0.000031
0.000014
-0.000031
0.000026
0.000143
0.000067
-0.000168
-0.000174
0.000152
0.000407
0.000357
0.000231
0.000122
-0.000143
-0.000442
-0.000405
-0.000092
0.000036
-0.000101
-0.000117
0.000124
0.000303
0.000218
0.000017
-0.000180
-0.000367
-0.000420
-0.000227
0.000042
0.000171
0.000226
0.000328
0.000319
0.000099
-0.000050
0.000083
0.000266
0.000226
0.000088
0.000079
0.000149
0.000150
0.000022
-0.000213
-0.000394
-0.000358
-0.000152
0.000048
0.000082
-0.000076
-0.000254
-0.000256
-0.000139
-0.000148
-0.000310
-0.000375
-0.000208
0.000066
0.000254
0.000261
0.000127
-0.000012
-0.000127
-0.000290
-0.000411
-0.000305
-0.000015
0.000233
0.000330
0.000325
0.000229
0.000025
-0.000169
-0.000162
0.000044
0.000271
0.000424
0.000531
0.000617
0.000642
0.000490
0.000125
-0.000251
-0.000420
-0.000345
-0.000100
0.000161
0.000217
0.000054
-0.000074
-0.000087
-0.000162
-0.000282
-0.000285
-0.000189
-0.000046
0.000180
0.000417
0.000482
0.000345
0.000157
-0.000012
-0.000226
-0.000461
-0.000539
-0.000374
-0.000124
0.000046
0.000124
0.000110
-0.000026
-0.000195
-0.000244
-0.000188
-0.000191
-0.000283
-0.000289
-0.000102
0.000151
0.000314
0.000346
0.000280
0.000215
0.000203
0.000095
-0.000177
-0.000418
-0.000475
-0.000380
-0.000230
-0.000084
0.000102
0.000346
0.000436
0.000201
-0.000108
-0.000169
-0.000078
-0.000042
0.000020
0.000202
0.000381
0.000456
0.000451
0.000361
0.000151
-0.000126
-0.000335
-0.000448
-0.000708
-0.001434
-0.002449
-0.002882
-0.002163
-0.000998
-0.000346
0.000139
0.001168
0.002108
0.002012
0.001429
0.001406
0.001649
0.001366
0.000981
0.001386
0.002324
0.002814
0.002544
0.001928
0.001261
0.000526
-0.000175
-0.000591
-0.000687
-0.000701
-0.000856
-0.001121
-0.001293
-0.001400
-0.001710
-0.002246
-0.002713
-0.002926
-0.002897
-0.002600
-0.002061
-0.001542
-0.001248
-0.001063
-0.000816
-0.000543
-0.000301
-0.000020
0.000340
0.000718
0.001176
0.001779
0.002271
0.002406
0.002342
0.002293
0.002239
0.002091
0.001777
0.001379
0.001102
0.000918
0.000692
0.000641
0.000994
0.001374
0.001220
0.000646
0.000187
-0.000115
-0.000646
-0.001403
-0.001971
-0.002208
-0.002322
-0.002352
-0.002148
-0.001800
-0.001597
-0.001591
-0.001621
-0.001569
-0.001314
-0.000803
-0.000242
0.000212
0.000688
0.001168
0.001381
0.001306
0.001188
0.001065
0.000844
0.000668
0.000723
0.000840
0.000754
0.000587
0.000604
0.000749
0.000839
0.000874
0.000814
0.000517
0.000060
-0.000321
-0.000618
-0.001199
-0.002490
-0.004167
-0.004937
-0.003991
-0.002206
-0.000862
0.000085
0.001292
0.002363
0.002447
0.001955
0.001886
0.002036
0.001692
0.001286
0.001743
0.002888
0.003696
0.003677
0.003141
0.002370
0.001319
0.000116
-0.000766
-0.001075
-0.001165
-0.001433
-0.001697
-0.001629
-0.001459
-0.001675
-0.002310
-0.002999
-0.003486
-0.003687
-0.003524
-0.003059
-0.002507
-0.001966
-0.001412
-0.000870
-0.000355
0.000135
0.000490
0.000622
0.000667
0.000902
0.001443
0.002103
0.002661
0.003064
0.003265
0.003174
0.002845
0.002438
0.002035
0.001690
0.001475
0.001332
0.001073
0.000718
0.000479
0.000198
-0.000541
-0.001419
-0.001486
-0.000775
-0.000544
-0.001240
-0.001735
-0.001406
-0.001220
-0.001775
-0.002251
-0.002217
-0.002305
-0.002526
-0.002082
-0.001054
-0.000390
-0.000300
-0.000190
0.000153
0.000505
0.000796
0.001002
0.001094
0.001265
0.001630
0.001951
0.002017
0.001904
0.001641
0.001123
0.000543
0.000281
0.000314
0.000341
0.000339
0.000424
0.000449
0.000234
-0.000119
-0.000487
-0.001074
-0.002315
-0.004209
-0.005709
-0.005493
-0.003697
-0.001909
-0.000862
0.000405
0.002214
0.003189
0.002749
0.002203
0.002268
0.002030
0.001223
0.001127
0.002407
0.003939
0.004507
0.004262
0.003787
0.002979
0.001628
0.000169
-0.000824
-0.001407
-0.001929
-0.002283
-0.002199
-0.001878
-0.001776
-0.002116
-0.002792
-0.003522
-0.004059
-0.004270
-0.004156
-0.003787
-0.003144
-0.002206
-0.001198
-0.000360
0.000382
0.001036
0.001284
0.001112
0.001038
0.001362
0.001819
0.002214
0.002743
0.003440
0.003899
0.003843
0.003475
0.003058
0.002523
0.001755
0.000998
0.000604
0.000580
0.000674
0.000696
0.000505
-0.000041
-0.000861
-0.001675
-0.002381
-0.002992
-0.003336
-0.003286
-0.002976
-0.002509
-0.001853
-0.001219
-0.001006
-0.001137
-0.001106
-0.000907
-0.000998
-0.001204
-0.000855
-0.000050
0.000607
0.001137
0.001748
0.002089
0.001927
0.001652
0.001592
0.001597
0.001537
0.001537
0.001580
0.001515
0.001388
0.001282
0.001032
0.000470
-0.000222
-0.000733
-0.000985
-0.001055
-0.001019
-0.000999
-0.001055
-0.001152
-0.001523
-0.002568
-0.003952
-0.004527
-0.003790
-0.002676
-0.002108
-0.001534
0.000013
0.002062
0.003233
0.003261
0.003131
0.003237
0.002930
0.002120
0.001816
0.002506
0.003303
0.003406
0.003201
0.003218
0.003077
0.002226
0.000872
-0.000402
-0.001420
-0.002342
-0.003066
-0.003235
-0.002869
-0.002526
-0.002631
-0.003001
-0.003268
-0.003421
-0.003623
-0.003756
-0.003557
-0.003021
-0.002279
-0.001353
-0.000273
0.000788
0.001530
0.001760
0.001727
0.001838
0.002066
0.002161
0.002222
0.002496
0.002905
0.003246
0.003524
0.003712
0.003552
0.002933
0.002120
0.001409
0.000829
0.000278
-0.000257
-0.000687
-0.000946
-0.001136
-0.001522
-0.002174
-0.002810
-0.003113
-0.003020
-0.002684
-0.002333
-0.002124
-0.001981
-0.001670
-0.001215
-0.000953
-0.000927
-0.000795
-0.000535
-0.000389
-0.000155
0.000464
0.001113
0.001391
0.001569
0.001898
0.002150
0.002221
0.002275
0.002303
0.002152
0.001873
0.001651
0.001467
0.001128
0.000569
-0.000025
-0.000437
-0.000689
-0.000914
-0.001101
-0.001239
-0.001430
-0.001728
-0.002388
-0.003836
-0.005679
-0.006485
-0.005440
-0.003494
-0.001910
-0.000463
0.001568
0.003563
0.004428
0.004458
0.004518
0.004288
0.003186
0.002039
0.002073
0.003107
0.003991
0.004200
0.004093
0.003904
0.003298
0.002063
0.000496
-0.001107
-0.002696
-0.004075
-0.004822
-0.004762
-0.004175
-0.003516
-0.003151
-0.003211
-0.003501
-0.003767
-0.003985
-0.004154
-0.004025
-0.003386
-0.002383
-0.001208
0.000209
0.001785
0.003013
0.003534
0.003589
0.003562
0.003435
0.003091
0.002800
0.002852
0.003097
0.003309
0.003516
0.003711
0.003697
0.003305
0.002496
0.001301
-0.000060
-0.001153
-0.001774
-0.002180
-0.002572
-0.002775
-0.002655
-0.002444
-0.002409
-0.002554
-0.002854
-0.003316
-0.003790
-0.004082
-0.004005
-0.003378
-0.002267
-0.000919
0.000441
0.001470
0.001908
0.002116
0.002595
0.003024
0.002782
0.002169
0.001980
0.002252
0.002488
0.002609
0.002740
0.002666
0.002218
0.001623
0.001080
0.000470
-0.000293
-0.001009
-0.001445
-0.001560
-0.001452
-0.001276
-0.001171
-0.001208
-0.001433
-0.001868
-0.002344
-0.002590
-0.002557
-0.002374
-0.002043
-0.001502
-0.000960
-0.000879
-0.001432
-0.002069
-0.002004
-0.001238
-0.000477
0.000098
0.001059
0.002496
0.003699
0.004307
0.004688
0.004940
0.004594
0.003643
0.002832
0.002614
0.002579
0.002173
0.001526
0.001128
0.000931
0.000458
-0.000340
-0.001157
-0.001986
-0.002948
-0.003841
-0.004408
-0.004625
-0.004517
-0.004176
-0.003794
-0.003399
-0.002917
-0.002416
-0.001996
-0.001639
-0.001291
-0.000932
-0.000559
-0.000048
0.000802
0.001904
0.002827
0.003372
0.003799
0.004232
0.004346
0.003948
0.003375
0.002977
0.002639
0.002162
0.001706
0.001496
0.001412
0.001201
0.000808
0.000247
-0.000536
-0.001504
-0.002478
-0.003285
-0.003829
-0.004038
-0.003914
-0.003543
-0.002865
-0.001844
-0.000916
-0.000577
-0.000599
-0.000483
-0.000360
-0.000567
-0.000796
-0.000558
-0.000006
0.000491
0.001040
0.001814
0.002538
0.002900
0.002909
0.002651
0.002239
0.001923
0.001776
0.001573
0.001244
0.000968
0.000726
0.000337
-0.000175
-0.000692
-0.001214
-0.001698
-0.002011
-0.002139
-0.002191
-0.002159
-0.001945
-0.001874
-0.002736
-0.004614
-0.006151
-0.005930
-0.004278
-0.002607
-0.001110
0.001217
0.004124
0.006019
0.006526
0.006717
0.006802
0.005912
0.004098
0.002712
0.002582
0.003065
0.003218
0.003043
0.003015
0.002949
0.002163
0.000568
-0.001262
-0.003027
-0.004866
-0.006637
-0.007711
-0.007646
-0.006730
-0.005639
-0.004697
-0.003726
-0.002655
-0.001900
-0.001747
-0.001797
-0.001614
-0.001306
-0.000911
0.000008
0.001661
0.003507
0.004814
0.005477
0.005929
0.006275
0.006078
0.005150
0.003998
0.003159
0.002582
0.002011
0.001499
0.001209
0.001033
0.000683
0.000028
-0.000791
-0.001612
-0.002510
-0.003569
-0.004494
-0.004890
-0.004834
-0.004680
-0.004418
-0.003786
-0.002909
-0.002233
-0.001879
-0.001540
-0.001030
-0.000507
-0.000089
0.000347
0.000923
0.001558
0.002039
0.002320
0.002689
0.003419
0.004249
0.004514
0.004038
0.003471
0.003272
0.002997
0.002224
0.001377
0.000909
0.000476
-0.000315
-0.001139
-0.001642
-0.002132
-0.002900
-0.003558
-0.003678
-0.003465
-0.003285
-0.003067
-0.002579
-0.001871
-0.001159
-0.000583
-0.000170
0.000156
0.000431
0.000554
0.000537
0.000601
0.000822
0.001002
0.001004
0.001008
0.001219
0.001462
0.001336
0.000671
-0.000310
-0.001116
-0.001336
-0.001051
-0.000650
-0.000153
0.000753
0.001922
0.002712
0.002893
0.002825
0.002589
0.001908
0.000995
0.000422
0.000225
0.000046
-0.000139
-0.000104
0.000095
0.000144
-0.000145
-0.000682
-0.001307
-0.002004
-0.002776
-0.003389
-0.003571
-0.003368
-0.003009
-0.002575
-0.002017
-0.001371
-0.000765
-0.000267
0.000128
0.000445
0.000695
0.000847
0.000939
0.001167
0.001635
0.002181
0.002627
0.002940
0.003095
0.003061
0.002832
0.002416
0.001919
0.001378
0.000650
-0.000202
-0.000824
-0.001100
-0.001225
-0.001182
-0.000820
-0.000426
-0.000466
-0.000816
-0.001033
-0.001219
-0.001755
-0.002470
-0.002844
-0.002747
-0.002472
-0.002158
-0.001609
-0.000774
0.000015
0.000506
0.000848
0.001235
0.001592
0.001741
0.001696
0.001698
0.001929
0.002315
0.002654
0.002779
0.002593
0.002061
0.001238
0.000300
-0.000582
-0.001355
-0.001957
-0.002278
-0.002292
-0.002045
-0.001581
-0.001081
-0.000838
-0.001154
-0.002396
-0.004500
-0.006257
-0.006248
-0.004718
-0.003031
-0.001353
0.001231
0.004463
0.006824
0.007801
0.008224
0.008246
0.007050
0.004758
0.002765
0.001876
0.001577
0.001256
0.001088
0.001380
0.001703
0.001318
0.000147
-0.001378
-0.003104
-0.005128
-0.007247
-0.008851
-0.009337
-0.008572
-0.006998
-0.005215
-0.003441
-0.001621
0.000007
0.001015
0.001361
0.001353
0.001175
0.000875
0.000788
0.001433
0.002823
0.004363
0.005614
0.006618
0.007317
0.007290
0.006376
0.004943
0.003318
0.001546
-0.000186
-0.001449
-0.002020
-0.002098
-0.002024
-0.002002
-0.002086
-0.002291
-0.002668
-0.003280
-0.004013
-0.004590
-0.004919
-0.005097
-0.004950
-0.004107
-0.002655
-0.001119
0.000184
0.001257
0.002101
0.002657
0.002915
0.002909
0.002717
0.002446
0.002204
0.002065
0.001940
0.001704
0.001651
0.002223
0.002966
0.002832
0.002015
0.001826
0.002194
0.001590
-0.000078
-0.001240
-0.001573
-0.002301
-0.003516
-0.003988
-0.003538
-0.003139
-0.003058
-0.002754
-0.002064
-0.001284
-0.000674
-0.000347
-0.000146
0.000225
0.000606
0.000648
0.000660
0.001115
0.001642
0.001642
0.001362
0.001314
0.001324
0.001009
0.000556
0.000348
0.000313
0.000146
-0.000220
-0.000664
-0.001121
-0.001543
-0.001750
-0.001611
-0.001193
-0.000578
0.000210
0.001048
0.001742
0.002185
0.002378
0.002336
0.002051
0.001631
0.001247
0.000894
0.000539
0.000364
0.000433
0.000434
0.000154
-0.000214
-0.000477
-0.000764
-0.001244
-0.001843
-0.002411
-0.002895
-0.003245
-0.003335
-0.003073
-0.002503
-0.001786
-0.001091
-0.000477
0.000067
0.000503
0.000768
0.000881
0.000933
0.001055
0.001322
0.001639
0.001907
0.002193
0.002497
0.002641
0.002542
0.002335
0.002108
0.001696
0.000953
0.000166
-0.000194
-0.000168
-0.000239
-0.000530
-0.000683
-0.000578
-0.000591
-0.000993
-0.001556
-0.001958
-0.002219
-0.002489
-0.002679
-0.002583
-0.002230
-0.001869
-0.001545
-0.000996
-0.000163
0.000605
0.001106
0.001516
0.001907
0.002092
0.002080
0.002102
0.002142
0.001962
0.001544
0.001124
0.000850
0.000600
0.000247
-0.000085
-0.000291
-0.000500
-0.000809
-0.001073
-0.001155
-0.001155
-0.001233
-0.001565
-0.002496
-0.004063
-0.005383
-0.005459
-0.004464
-0.003154
-0.001455
0.000975
0.003463
0.005164
0.006356
0.007448
0.007768
0.006648
0.004754
0.003191
0.002142
0.001260
0.000617
0.000451
0.000538
0.000448
0.000127
-0.000242
-0.000795
-0.001892
-0.003527
-0.005272
-0.006667
-0.007418
-0.007410
-0.006723
-0.005543
-0.004002
-0.002266
-0.000653
0.000594
0.001473
0.001991
0.002036
0.001734
0.001577
0.001866
0.002356
0.002849
0.003586
0.004600
0.005367
0.005541
0.005333
0.004856
0.003845
0.002302
0.000726
-0.000511
-0.001497
-0.002342
-0.002890
-0.003011
-0.002853
-0.002646
-0.002496
-0.002470
-0.002611
-0.002827
-0.003011
-0.003212
-0.003385
-0.003191
-0.002471
-0.001566
-0.000752
0.000153
0.001249
0.002196
0.002709
0.002887
0.002890
0.002640
0.002023
0.001271
0.000856
0.000919
0.001217
0.001701
0.002537
0.003424
0.003676
0.003152
0.002335
0.001370
-0.000050
-0.001814
-0.003334
-0.004334
-0.004917
-0.005025
-0.004482
-0.003422
-0.002227
-0.001161
-0.000261
0.000458
0.000872
0.000908
0.000694
0.000447
0.000265
0.000129
0.000138
0.000471
0.001043
0.001536
0.001811
0.001953
0.001995
0.001812
0.001310
0.000594
-0.000123
-0.000742
-0.001274
-0.001679
-0.001874
-0.001864
-0.001696
-0.001347
-0.000786
-0.000111
0.000471
0.000837
0.001036
0.001164
0.001257
0.001271
0.001142
0.000936
0.000796
0.000749
0.000762
0.000849
0.000960
0.000988
0.000912
0.000735
0.000394
-0.000110
-0.000664
-0.001197
-0.001698
-0.002107
-0.002314
-0.002244
-0.001958
-0.001636
-0.001397
-0.001200
-0.000970
-0.000721
-0.000530
-0.000403
-0.000247
0.000019
0.000361
0.000676
0.000949
0.001247
0.001518
0.001632
0.001713
0.001985
0.002282
0.002234
0.001904
0.001632
0.001415
0.001029
0.000495
0.000006
-0.000334
-0.000555
-0.000792
-0.001127
-0.001448
-0.001649
-0.001823
-0.002039
-0.002141
-0.002000
-0.001746
-0.001521
-0.001265
-0.000959
-0.000708
-0.000454
0.000030
0.000694
0.001119
0.001164
0.001179
0.001353
0.001440
0.001309
0.001136
0.001033
0.000961
0.000904
0.000844
0.000741
0.000593
0.000402
0.000120
-0.000242
-0.000542
-0.000711
-0.000873
-0.001150
-0.001590
-0.002109
-0.002389
-0.002231
-0.001921
-0.001740
-0.001487
-0.000893
-0.000018
0.001009
0.002058
0.002786
0.002997
0.003010
0.003069
0.002918
0.002430
0.001971
0.001704
0.001270
0.000583
0.000127
0.000065
-0.000066
-0.000511
-0.000994
-0.001398
-0.001891
-0.002419
-0.002764
-0.002928
-0.002992
-0.002877
-0.002529
-0.002066
-0.001586
-0.001066
-0.000559
-0.000182
0.000112
0.000440
0.000744
0.000899
0.000988
0.001207
0.001536
0.001795
0.001964
0.002111
0.002187
0.002133
0.002000
0.001830
0.001568
0.001157
0.000613
0.000029
-0.000419
-0.000615
-0.000652
-0.000714
-0.000843
-0.000985
-0.001170
-0.001493
-0.001893
-0.002044
-0.001721
-0.001339
-0.001388
-0.001385
-0.000614
0.000400
0.000734
0.000670
0.000908
0.001170
0.000998
0.000731
0.000707
0.000679
0.000492
0.000323
0.000253
0.000254
0.000339
0.000393
0.000304
0.000244
0.000314
0.000248
-0.000038
-0.000206
-0.000195
-0.000350
-0.000653
-0.000711
-0.000584
-0.000736
-0.001098
-0.001119
-0.000774
-0.000557
-0.000542
-0.000338
0.000121
0.000501
0.000637
0.000659
0.000694
0.000735
0.000688
0.000503
0.000306
0.000259
0.000260
0.000118
-0.000045
0.000018
0.000226
0.000313
0.000267
0.000257
0.000262
0.000165
0.000024
-0.000085
-0.000232
-0.000416
-0.000531
-0.000536
-0.000435
-0.000240
-0.000033
0.000132
0.000270
0.000341
0.000262
0.000061
-0.000148
-0.000311
-0.000423
-0.000432
-0.000290
-0.000056
0.000160
0.000290
0.000341
0.000355
0.000315
0.000183
0.000020
-0.000107
-0.000200
-0.000284
-0.000360
-0.000397
-0.000360
-0.000251
-0.000123
-0.000022
0.000055
0.000091
0.000069
0.000075
0.000174
0.000264
0.000260
0.000252
0.000325
0.000421
0.000457
0.000432
0.000355
0.000221
0.000125
0.000152
0.000168
0.000005
-0.000232
-0.000342
-0.000352
-0.000413
-0.000505
-0.000513
-0.000487
-0.000546
-0.000623
-0.000558
-0.000375
-0.000265
-0.000310
-0.000385
-0.000337
-0.000136
0.000113
0.000296
0.000438
0.000611
0.000782
0.000878
0.000819
0.000566
0.000273
0.000139
0.000122
0.000106
0.000151
0.000313
0.000468
0.000491
0.000404
0.000239
-0.000024
-0.000341
-0.000631
-0.000883
-0.001048
-0.001004
-0.000799
-0.000637
-0.000517
-0.000270
0.000069
0.000305
0.000384
0.000398
0.000387
0.000300
0.000147
0.000083
0.000197
0.000332
0.000325
0.000240
0.000215
0.000296
0.000474
0.000657
0.000678
0.000501
0.000255
-0.000003
-0.000274
-0.000479
-0.000558
-0.000598
-0.000678
-0.000729
-0.000704
-0.000674
-0.000627
-0.000444
-0.000133
0.000136
0.000263
0.000295
0.000292
0.000218
0.000023
-0.000203
-0.000295
-0.000234
-0.000097
0.000092
0.000291
0.000413
0.000466
0.000504
0.000488
0.000367
0.000169
-0.000018
-0.000110
-0.000113
-0.000101
-0.000077
0.000027
0.000201
0.000377
0.000517
0.000568
0.000434
0.000128
-0.000164
-0.000317
-0.000448
-0.000615
-0.000641
-0.000445
-0.000194
-0.000026
0.000061
0.000088
0.000059
0.000011
-0.000063
-0.000214
-0.000421
-0.000580
-0.000588
-0.000403
-0.000086
0.000209
0.000340
0.000298
0.000208
0.000170
0.000178
0.000183
0.000193
0.000256
0.000333
0.000337
0.000298
0.000274
0.000217
0.000115
0.000063
0.000082
0.000077
0.000039
0.000048
0.000059
-0.000064
-0.000280
-0.000436
-0.000519
-0.000584
-0.000576
-0.000429
-0.000212
-0.000041
0.000086
0.000222
0.000304
0.000262
0.000211
0.000261
0.000282
0.000132
-0.000046
-0.000056
0.000036
0.000101
0.000187
0.000308
0.000296
0.000120
-0.000023
-0.000057
-0.000124
-0.000272
-0.000359
-0.000345
-0.000384
-0.000491
-0.000461
-0.000222
0.000049
0.000191
0.000227
0.000262
0.000300
0.000240
0.000062
-0.000070
-0.000005
0.000170
0.000251
0.000187
0.000051
-0.000078
-0.000105
-0.000019
0.000063
0.000079
0.000079
0.000091
0.000088
0.000065
0.000061
0.000087
0.000106
0.000089
0.000028
-0.000076
-0.000172
-0.000226
-0.000275
-0.000292
-0.000163
0.000077
0.000222
0.000227
0.000237
0.000246
0.000094
-0.000187
-0.000374
-0.000408
-0.000419
-0.000412
-0.000297
-0.000129
-0.000004
0.000123
0.000281
0.000347
0.000245
0.000097
0.000011
-0.000099
-0.000263
-0.000309
-0.000150
0.000046
0.000134
0.000216
0.000410
0.000572
0.000492
0.000237
0.000077
0.000090
0.000086
-0.000019
-0.000100
-0.000111
-0.000148
-0.000222
-0.000234
-0.000179
-0.000163
-0.000207
-0.000230
-0.000194
-0.000163
-0.000201
-0.000250
-0.000186
0.000000
0.000192
0.000277
0.000250
0.000214
0.000242
0.000269
0.000209
0.000071
-0.000033
-0.000003
0.000108
0.000185
0.000202
0.000134
-0.000017
-0.000122
-0.000108
-0.000078
-0.000109
-0.000113
-0.000012
0.000130
0.000210
0.000161
0.000000
-0.000127
-0.000136
-0.000158
-0.000297
-0.000406
-0.000333
-0.000185
-0.000148
-0.000230
-0.000322
-0.000360
-0.000337
-0.000271
-0.000165
0.000001
0.000195
0.000326
0.000368
0.000394
0.000454
0.000517
0.000514
0.000391
0.000196
0.000088
0.000140
0.000225
0.000235
0.000196
0.000148
0.000084
0.000008
-0.000043
-0.000044
-0.000029
-0.000055
-0.000119
-0.000184
-0.000240
-0.000287
-0.000295
-0.000278
-0.000343
-0.000497
-0.000565
-0.000439
-0.000231
-0.000092
-0.000019
0.000059
0.000115
0.000108
0.000099
0.000155
0.000213
0.000164
0.000050
0.000010
0.000078
0.000191
0.000305
0.000399
0.000451
0.000446
0.000370
0.000229
0.000059
-0.000105
-0.000232
-0.000298
-0.000323
-0.000333
-0.000307
-0.000233
-0.000162
-0.000117
-0.000062
-0.000005
0.000019
0.000049
0.000094
0.000077
-0.000004
-0.000071
-0.000105
-0.000102
0.000006
0.000216
0.000380
0.000412
0.000381
0.000342
0.000267
0.000146
0.000016
-0.000093
-0.000198
-0.000357
-0.000526
-0.000547
-0.000395
-0.000238
-0.000164
-0.000101
-0.000043
-0.000062
-0.000111
-0.000086
-0.000001
0.000053
0.000029
-0.000053
-0.000111
-0.000069
0.000062
0.000206
0.000321
0.000419
0.000498
0.000496
0.000387
0.000254
0.000182
0.000144
0.000046
-0.000127
-0.000246
-0.000222
-0.000158
-0.000145
-0.000107
-0.000004
0.000063
0.000033
-0.000040
-0.000112
-0.000146
-0.000132
-0.000127
-0.000157
-0.000155
-0.000072
0.000048
0.000105
0.000029
-0.000102
-0.000137
-0.000076
-0.000053
-0.000117
-0.000189
-0.000218
-0.000222
-0.000173
-0.000004
0.000237
0.000376
0.000363
0.000321
0.000302
0.000261
0.000243
0.000253
0.000109
-0.000206
-0.000391
-0.000286
-0.000093
0.000023
0.000105
0.000182
0.000194
0.000115
-0.000002
-0.000072
-0.000089
-0.000167
-0.000351
-0.000474
-0.000361
-0.000100
0.000048
-0.000004
-0.000046
0.000098
0.000287
0.000293
0.000154
0.000081
0.000097
0.000024
-0.000153
-0.000243
-0.000185
-0.000072
0.000047
0.000162
0.000239
0.000261
0.000216
0.000108
-0.000012
-0.000077
-0.000082
-0.000062
-0.000022
0.000045
0.000096
0.000093
0.000091
0.000145
0.000164
0.000058
-0.000074
-0.000103
-0.000062
-0.000043
-0.000079
-0.000140
-0.000160
-0.000110
-0.000053
-0.000088
-0.000232
-0.000393
-0.000443
-0.000333
-0.000149
-0.000017
0.000025
0.000020
0.000039
0.000091
0.000112
0.000126
0.000232
0.000363
0.000371
0.000274
0.000166
0.000053
-0.000075
-0.000143
-0.000053
0.000133
0.000220
0.000134
0.000004
-0.000010
0.000105
0.000195
0.000163
0.000095
0.000079
0.000087
0.000072
0.000010
-0.000088
-0.000174
-0.000232
-0.000272
-0.000276
-0.000228
-0.000163
-0.000149
-0.000198
-0.000227
-0.000176
-0.000103
-0.000066
-0.000000
0.000143
0.000236
0.000157
0.000006
-0.000064
-0.000073
-0.000103
-0.000127
-0.000098
-0.000043
0.000016
0.000098
0.000188
0.000207
0.000163
0.000196
0.000318
0.000307
0.000052
-0.000219
-0.000231
-0.000031
0.000138
0.000211
0.000284
0.000352
0.000329
0.000214
0.000060
-0.000119
-0.000288
-0.000372
-0.000365
-0.000327
-0.000273
-0.000227
-0.000236
-0.000256
-0.000194
-0.000049
0.000102
0.000211
0.000291
0.000351
0.000346
0.000231
0.000057
-0.000047
-0.000058
-0.000067
-0.000080
-0.000082
-0.000165
-0.000324
-0.000392
-0.000309
-0.000214
-0.000186
-0.000131
0.000024
0.000181
0.000221
0.000161
0.000095
0.000066
0.000071
0.000112
0.000156
0.000167
0.000182
0.000244
0.000329
0.000386
0.000342
0.000164
-0.000038
-0.000125
-0.000098
-0.000033
0.000047
0.000124
0.000127
0.000040
-0.000084
-0.000216
-0.000345
-0.000421
-0.000382
-0.000229
-0.000063
0.000020
0.000001
-0.000071
-0.000117
-0.000136
-0.000205
-0.000319
-0.000412
-0.000435
-0.000348
-0.000145
0.000113
0.000342
0.000480
0.000524
0.000508
0.000473
0.000446
0.000409
0.000304
0.000121
-0.000029
-0.000033
0.000044
0.000047
0.000001
0.000060
0.000177
0.000149
-0.000067
-0.000338
-0.000535
-0.000602
-0.000563
-0.000496
-0.000398
-0.000187
0.000111
0.000331
0.000312
0.000039
-0.000261
-0.000296
-0.000089
0.000115
0.000227
0.000290
0.000265
0.000146
0.000091
0.000202
0.000330
0.000352
0.000344
0.000306
0.000161
-0.000024
-0.000179
-0.000341
-0.000431
-0.000307
-0.000048
0.000147
0.000220
0.000222
0.000167
0.000019
-0.000198
-0.000357
-0.000405
-0.000409
-0.000355
-0.000203
-0.000072
-0.000058
-0.000048
0.000089
0.000286
0.000375
0.000336
0.000277
0.000217
0.000076
-0.000144
-0.000308
-0.000272
-0.000070
0.000080
0.000059
0.000025
0.000121
0.000222
0.000200
0.000089
-0.000055
-0.000178
-0.000237
-0.000261
-0.000247
-0.000147
0.000004
0.000134
0.000225
0.000245
0.000151
-0.000019
-0.000137
-0.000122
-0.000022
0.000060
0.000080
0.000060
0.000060
0.000122
0.000185
0.000177
0.000139
0.000143
0.000158
0.000130
0.000067
-0.000034
-0.000167
-0.000244
-0.000222
-0.000175
-0.000131
-0.000058
-0.000017
-0.000122
-0.000333
-0.000464
-0.000401
-0.000232
-0.000146
-0.000140
-0.000064
0.000037
0.000060
0.000111
0.000249
0.000310
0.000224
0.000184
0.000303
0.000412
0.000374
0.000277
0.000224
0.000204
0.000221
0.000267
0.000225
0.000039
-0.000145
-0.000215
-0.000288
-0.000439
-0.000527
-0.000468
-0.000386
-0.000348
-0.000259
-0.000103
0.000006
0.000052
0.000114
0.000198
0.000281
0.000352
0.000328
0.000148
-0.000067
-0.000131
-0.000053
0.000026
0.000054
0.000078
0.000106
0.000041
-0.000131
-0.000219
-0.000158
-0.000114
-0.000145
-0.000154
-0.000102
0.000016
0.000212
0.000363
0.000337
0.000217
0.000148
0.000106
0.000012
-0.000095
-0.000140
-0.000150
-0.000182
-0.000198
-0.000134
-0.000042
0.000006
0.000034
0.000076
0.000134
0.000200
0.000237
0.000208
0.000117
-0.000002
-0.000097
-0.000115
-0.000055
0.000021
0.000039
-0.000046
-0.000196
-0.000268
-0.000169
-0.000037
-0.000062
-0.000204
-0.000289
-0.000282
-0.000253
-0.000217
-0.000160
-0.000080
0.000034
0.000178
0.000300
0.000345
0.000318
0.000310
0.000350
0.000321
0.000184
0.000088
0.000116
0.000142
0.000044
-0.000096
-0.000128
-0.000058
0.000000
-0.000047
-0.000195
-0.000317
-0.000302
-0.000205
-0.000149
-0.000136
-0.000095
-0.000041
-0.000007
0.000064
0.000163
0.000167
0.000110
0.000167
0.000333
0.000412
0.000295
0.000090
-0.000049
-0.000116
-0.000195
-0.000252
-0.000168
0.000027
0.000147
0.000096
-0.000029
-0.000096
-0.000108
-0.000164
-0.000263
-0.000260
-0.000099
0.000113
0.000243
0.000242
0.000142
-0.000008
-0.000163
-0.000284
-0.000360
-0.000393
-0.000356
-0.000227
-0.000047
0.000103
0.000193
0.000244
0.000260
0.000233
0.000226
0.000293
0.000357
0.000304
0.000163
0.000046
-0.000031
-0.000107
-0.000141
-0.000065
0.000092
0.000207
0.000193
0.000079
-0.000054
-0.000147
-0.000199
-0.000256
-0.000342
-0.000407
-0.000406
-0.000358
-0.000282
-0.000161
0.000021
0.000202
0.000281
0.000244
0.000204
0.000238
0.000271
0.000219
0.000121
0.000043
0.000002
0.000040
0.000191
0.000353
0.000370
0.000235
0.000053
-0.000113
-0.000247
-0.000337
-0.000387
-0.000378
-0.000265
-0.000083
0.000032
-0.000009
-0.000144
-0.000246
-0.000258
-0.000204
-0.000141
-0.000106
-0.000076
-0.000000
0.000097
0.000158
0.000183
0.000203
0.000217
0.000197
0.000167
0.000213
0.000307
0.000301
0.000182
0.000102
0.000127
0.000173
0.000167
0.000103
-0.000004
-0.000095
-0.000153
-0.000246
-0.000335
-0.000320
-0.000275
-0.000279
-0.000263
-0.000177
-0.000039
0.000097
0.000138
0.000069
-0.000014
-0.000070
-0.000109
-0.000090
-0.000018
0.000016
-0.000017
-0.000023
0.000060
0.000145
0.000126
0.000043
0.000034
0.000133
0.000182
0.000056
-0.000092
-0.000047
0.000109
0.000186
0.000190
0.000196
0.000171
0.000079
-0.000026
-0.000078
-0.000097
-0.000137
-0.000187
-0.000239
-0.000285
-0.000230
-0.000048
0.000116
0.000187
0.000187
0.000083
-0.000068
-0.000071
0.000100
0.000248
0.000267
0.000208
0.000133
0.000056
-0.000049
-0.000195
-0.000309
-0.000306
-0.000233
-0.000194
-0.000201
-0.000186
-0.000110
-0.000013
0.000050
0.000071
0.000024
-0.000109
-0.000219
-0.000190
-0.000081
-0.000022
0.000028
0.000186
0.000402
0.000477
0.000359
0.000229
0.000204
0.000167
0.000031
-0.000047
0.000051
0.000142
0.000053
-0.000078
-0.000098
-0.000102
-0.000174
-0.000234
-0.000222
-0.000161
-0.000112
-0.000142
-0.000207
-0.000165
0.000000
0.000151
0.000184
0.000112
0.000002
-0.000042
0.000071
0.000238
0.000282
0.000197
0.000073
-0.000041
-0.000108
-0.000065
0.000118
0.000289
0.000247
0.000069
-0.000042
-0.000105
-0.000234
-0.000359
-0.000379
-0.000353
-0.000325
-0.000241
-0.000144
-0.000105
-0.000061
0.000041
0.000135
0.000159
0.000139
0.000129
0.000124
0.000083
0.000055
0.000104
0.000171
0.000177
0.000158
0.000183
0.000223
0.000194
0.000113
0.000059
0.000026
-0.000040
-0.000142
-0.000208
-0.000149
-0.000036
-0.000044
-0.000132
-0.000086
0.000071
0.000086
-0.000048
-0.000101
-0.000077
-0.000151
-0.000253
-0.000207
-0.000070
-0.000020
-0.000071
-0.000098
-0.000045
0.000011
-0.000005
-0.000057
-0.000035
0.000118
0.000302
0.000356
0.000236
0.000051
-0.000069
-0.000060
0.000061
0.000228
0.000368
0.000420
0.000332
0.000140
-0.000038
-0.000136
-0.000208
-0.000288
-0.000326
-0.000329
-0.000356
-0.000371
-0.000308
-0.000187
-0.000064
0.000021
0.000042
0.000009
-0.000055
-0.000104
-0.000047
0.000089
0.000168
0.000171
0.000169
0.000192
0.000267
0.000360
0.000355
0.000265
0.000198
0.000125
-0.000036
-0.000198
-0.000218
-0.000128
-0.000033
0.000023
0.000038
0.000030
-0.000001
-0.000064
-0.000130
-0.000190
-0.000273
-0.000321
-0.000234
-0.000018
0.000190
0.000255
0.000176
0.000035
-0.000107
-0.000215
-0.000261
-0.000227
-0.000132
-0.000015
0.000086
0.000141
0.000176
0.000228
0.000213
0.000080
-0.000044
-0.000067
-0.000055
-0.000030
0.000057
0.000150
0.000143
0.000061
0.000013
0.000000
-0.000061
-0.000131
-0.000112
-0.000067
-0.000095
-0.000117
-0.000032
0.000115
0.000213
0.000204
0.000121
0.000045
0.000001
-0.000051
-0.000092
-0.000056
0.000027
0.000082
0.000079
0.000036
-0.000003
-0.000005
0.000014
0.000003
-0.000089
-0.000224
-0.000248
-0.000123
-0.000010
-0.000007
-0.000050
-0.000070
-0.000060
-0.000027
0.000020
0.000053
0.000022
-0.000055
-0.000050
0.000102
0.000246
0.000222
0.000103
0.000020
-0.000018
-0.000042
-0.000092
-0.000155
-0.000159
-0.000141
-0.000181
-0.000199
-0.000098
0.000003
0.000017
0.000092
0.000271
0.000373
0.000339
0.000264
0.000203
0.000184
0.000213
0.000233
0.000182
0.000069
-0.000053
-0.000120
-0.000128
-0.000147
-0.000193
-0.000204
-0.000198
-0.000254
-0.000317
-0.000268
-0.000129
-0.000039
-0.000055
-0.000087
-0.000061
-0.000036
-0.000094
-0.000196
-0.000238
-0.000167
-0.000010
0.000138
0.000218
0.000250
0.000279
0.000340
0.000384
0.000307
0.000111
-0.000080
-0.000154
-0.000119
-0.000034
0.000077
0.000178
0.000202
0.000138
0.000043
-0.000021
-0.000040
-0.000052
-0.000063
-0.000052
-0.000020
0.000006
0.000006
-0.000017
-0.000054
-0.000092
-0.000132
-0.000176
-0.000214
-0.000234
-0.000218
-0.000139
-0.000014
0.000083
0.000077
-0.000030
-0.000129
-0.000120
-0.000041
0.000003
0.000009
0.000058
0.000159
0.000259
0.000341
0.000363
0.000255
0.000067
-0.000061
-0.000096
-0.000099
-0.000098
-0.000081
-0.000055
-0.000033
-0.000003
0.000057
0.000148
0.000214
0.000186
0.000073
-0.000060
-0.000184
-0.000282
-0.000339
-0.000347
-0.000304
-0.000184
0.000031
0.000207
0.000159
-0.000019
-0.000074
0.000007
0.000046
0.000010
0.000006
0.000086
0.000206
0.000281
0.000235
0.000099
0.000002
-0.000004
0.000024
0.000051
0.000078
0.000067
-0.000003
-0.000064
-0.000047
-0.000015
-0.000038
-0.000083
-0.000125
-0.000173
-0.000192
-0.000152
-0.000077
0.000002
0.000071
0.000087
0.000049
0.000041
0.000067
0.000009
-0.000121
-0.000155
-0.000039
0.000088
0.000103
0.000071
0.000119
0.000209
0.000193
0.000073
0.000003
0.000021
0.000012
-0.000075
-0.000151
-0.000168
-0.000198
-0.000249
-0.000238
-0.000179
-0.000132
-0.000066
0.000037
0.000127
0.000192
0.000233
0.000193
0.000113
0.000131
0.000198
0.000154
0.000051
0.000039
0.000061
-0.000006
-0.000106
-0.000146
-0.000140
-0.000105
-0.000042
0.000019
0.000061
0.000078
0.000096
0.000120
0.000061
-0.000088
-0.000159
-0.000073
0.000018
-0.000033
-0.000185
-0.000316
-0.000354
-0.000300
-0.000205
-0.000109
0.000007
0.000141
0.000232
0.000272
0.000315
0.000348
0.000309
0.000191
0.000081
0.000058
0.000084
0.000055
-0.000064
-0.000217
-0.000311
-0.000305
-0.000244
-0.000156
-0.000016
0.000147
0.000237
0.000211
0.000134
0.000063
-0.000011
-0.000068
-0.000061
-0.000024
0.000005
0.000077
0.000179
0.000190
0.000095
-0.000014
-0.000099
-0.000155
-0.000135
-0.000035
0.000062
0.000061
-0.000032
-0.000099
-0.000080
-0.000066
-0.000106
-0.000158
-0.000204
-0.000217
-0.000156
-0.000073
-0.000042
-0.000026
0.000025
0.000072
0.000047
-0.000036
-0.000082
-0.000010
0.000162
0.000329
0.000370
0.000264
0.000127
0.000054
-0.000001
-0.000068
-0.000039
0.000111
0.000214
0.000191
0.000127
0.000070
-0.000008
-0.000090
-0.000113
-0.000062
0.000022
0.000079
0.000066
0.000009
-0.000052
-0.000152
-0.000277
-0.000329
-0.000307
-0.000312
-0.000351
-0.000340
-0.000257
-0.000169
-0.000113
-0.000029
0.000124
0.000244
0.000265
0.000272
0.000288
0.000237
0.000143
0.000089
0.000074
0.000067
0.000086
0.000159
0.000269
0.000317
0.000237
0.000102
0.000006
-0.000046
-0.000055
-0.000027
-0.000024
-0.000075
-0.000129
-0.000182
-0.000259
-0.000298
-0.000255
-0.000185
-0.000139
-0.000143
-0.000193
-0.000190
-0.000077
0.000069
0.000179
0.000249
0.000248
0.000159
0.000062
0.000048
0.000083
0.000085
0.000066
0.000069
0.000041
-0.000055
-0.000133
-0.000113
-0.000019
0.000095
0.000174
0.000161
0.000061
-0.000073
-0.000198
-0.000264
-0.000253
-0.000206
-0.000132
-0.000007
0.000123
0.000190
0.000188
0.000138
0.000069
0.000017
0.000007
0.000038
0.000059
0.000031
0.000011
0.000037
0.000048
0.000035
0.000090
0.000184
0.000182
0.000090
0.000031
0.000015
-0.000080
-0.000280
-0.000423
-0.000381
-0.000232
-0.000106
-0.000041
-0.000027
-0.000029
0.000005
0.000061
0.000074
0.000055
0.000062
0.000069
0.000025
-0.000024
0.000007
0.000131
0.000267
0.000309
0.000229
0.000101
0.000005
-0.000048
-0.000073
-0.000065
-0.000036
-0.000012
0.000017
0.000045
0.000005
-0.000102
-0.000178
-0.000187
-0.000182
-0.000185
-0.000158
-0.000083
-0.000043
-0.000091
-0.000116
-0.000033
0.000062
0.000089
0.000094
0.000072
-0.000002
-0.000042
0.000015
0.000085
0.000123
0.000206
0.000285
0.000209
0.000061
0.000028
0.000046
0.000008
0.000001
0.000043
-0.000012
-0.000133
-0.000132
-0.000023
0.000011
-0.000068
-0.000101
0.000002
0.000105
0.000063
-0.000057
-0.000109
-0.000077
-0.000024
0.000016
0.000022
0.000011
0.000036
0.000085
0.000088
0.000061
0.000061
0.000044
-0.000048
-0.000163
-0.000212
-0.000156
-0.000054
-0.000015
-0.000041
-0.000013
0.000109
0.000196
0.000124
-0.000069
-0.000249
-0.000331
-0.000317
-0.000257
-0.000187
-0.000067
0.000118
0.000267
0.000281
0.000209
0.000156
0.000162
0.000217
0.000246
0.000150
-0.000003
-0.000028
0.000085
0.000182
0.000196
0.000165
0.000081
-0.000043
-0.000097
-0.000040
-0.000007
-0.000092
-0.000179
-0.000151
-0.000083
-0.000086
-0.000149
-0.000204
-0.000232
-0.000254
-0.000266
-0.000206
-0.000050
0.000098
0.000121
0.000058
0.000024
0.000047
0.000055
-0.000001
-0.000083
-0.000128
-0.000084
0.000043
0.000180
0.000272
0.000311
0.000285
0.000236
0.000241
0.000270
0.000210
0.000041
-0.000136
-0.000247
-0.000268
-0.000180
-0.000028
0.000072
0.000073
0.000013
-0.000083
-0.000188
-0.000234
-0.000196
-0.000129
-0.000102
-0.000131
-0.000171
-0.000176
-0.000138
-0.000045
0.000107
0.000247
0.000313
0.000333
0.000328
0.000239
0.000061
-0.000054
-0.000026
-0.000001
-0.000072
-0.000127
-0.000092
-0.000027
0.000039
0.000110
0.000148
0.000105
0.000001
-0.000088
-0.000144
-0.000195
-0.000214
-0.000192
-0.000186
-0.000199
-0.000152
-0.000001
0.000185
0.000265
0.000210
0.000129
0.000061
-0.000021
-0.000071
-0.000058
-0.000058
-0.000093
-0.000079
0.000015
0.000119
0.000198
0.000278
0.000326
0.000248
0.000053
-0.000119
-0.000177
-0.000185
-0.000179
-0.000097
0.000033
0.000108
0.000120
0.000111
0.000063
-0.000046
-0.000177
-0.000245
-0.000202
-0.000112
-0.000085
-0.000117
-0.000101
-0.000015
0.000068
0.000112
0.000125
0.000099
0.000054
0.000038
0.000025
-0.000055
-0.000166
-0.000194
-0.000099
0.000065
0.000199
0.000203
0.000074
-0.000040
-0.000040
0.000008
0.000032
0.000038
0.000020
-0.000019
-0.000020
0.000041
0.000085
0.000019
-0.000112
-0.000175
-0.000120
0.000029
0.000214
0.000271
0.000111
-0.000060
-0.000050
0.000025
0.000004
-0.000073
-0.000086
-0.000024
0.000015
-0.000015
-0.000044
-0.000025
0.000005
0.000035
0.000066
0.000062
0.000001
-0.000049
-0.000027
-0.000022
-0.000115
-0.000199
-0.000140
0.000035
0.000169
0.000137
-0.000006
-0.000105
-0.000093
-0.000015
0.000083
0.000146
0.000091
-0.000044
-0.000074
0.000062
0.000217
0.000227
0.000093
-0.000071
-0.000199
-0.000255
-0.000190
-0.000057
-0.000001
-0.000066
-0.000113
-0.000017
0.000108
0.000081
-0.000021
-0.000014
0.000083
0.000128
0.000096
0.000056
0.000029
-0.000004
-0.000036
-0.000044
-0.000001
0.000098
0.000189
0.000174
0.000056
-0.000020
0.000041
0.000106
0.000022
-0.000108
-0.000118
-0.000065
-0.000074
-0.000105
-0.000072
-0.000040
-0.000135
-0.000309
-0.000361
-0.000217
-0.000028
0.000050
0.000033
0.000006
0.000007
0.000043
0.000123
0.000223
0.000263
0.000166
-0.000007
-0.000077
0.000035
0.000194
0.000238
0.000162
0.000063
0.000003
-0.000005
0.000015
0.000009
-0.000050
-0.000124
-0.000160
-0.000186
-0.000252
-0.000279
-0.000138
0.000095
0.000188
0.000106
0.000066
0.000152
0.000179
0.000070
-0.000024
-0.000028
-0.000035
-0.000095
-0.000142
-0.000133
-0.000108
-0.000092
-0.000048
0.000057
0.000173
0.000196
0.000089
-0.000019
0.000010
0.000073
0.000004
-0.000092
-0.000025
0.000119
0.000137
0.000055
-0.000008
-0.000080
-0.000223
-0.000324
-0.000226
-0.000023
0.000076
0.000074
0.000072
0.000057
0.000018
0.000016
0.000057
0.000079
0.000050
0.000017
0.000037
0.000081
0.000055
-0.000028
-0.000046
0.000000
-0.000034
-0.000149
-0.000166
-0.000019
0.000147
0.000208
0.000203
0.000207
0.000182
0.000085
-0.000031
-0.000077
-0.000039
-0.000000
-0.000045
-0.000140
-0.000178
-0.000184
-0.000236
-0.000256
-0.000155
0.000005
0.000140
0.000190
0.000109
-0.000030
-0.000078
-0.000034
-0.000018
-0.000037
0.000029
0.000161
0.000181
0.000078
0.000016
0.000045
0.000057
-0.000005
-0.000083
-0.000135
-0.000166
-0.000166
-0.000147
-0.000142
-0.000127
-0.000069
0.000012
0.000125
0.000280
0.000381
0.000340
0.000219
0.000149
0.000130
0.000067
-0.000034
-0.000083
-0.000081
-0.000095
-0.000125
-0.000105
-0.000041
-0.000026
-0.000084
-0.000127
-0.000102
-0.000039
-0.000009
-0.000078
-0.000204
-0.000241
-0.000140
-0.000009
0.000045
0.000050
0.000097
0.000183
0.000213
0.000152
0.000092
0.000099
0.000079
-0.000065
-0.000221
-0.000209
-0.000052
0.000079
0.000107
0.000097
0.000109
0.000111
0.000050
-0.000040
-0.000085
-0.000095
-0.000118
-0.000112
-0.000001
0.000155
0.000220
0.000149
-0.000004
-0.000153
-0.000222
-0.000193
-0.000119
-0.000060
0.000000
0.000112
0.000214
0.000173
0.000002
-0.000111
-0.000053
0.000058
0.000073
0.000010
-0.000023
0.000013
0.000076
0.000114
0.000108
0.000062
0.000001
-0.000055
-0.000100
-0.000098
-0.000033
0.000021
-0.000005
-0.000056
-0.000076
-0.000082
-0.000066
-0.000006
0.000029
-0.000031
-0.000125
-0.000157
-0.000108
-0.000015
0.000071
0.000097
0.000055
0.000017
0.000053
0.000130
0.000127
0.000016
-0.000080
-0.000076
-0.000036
-0.000002
0.000078
0.000211
0.000289
0.000198
0.000002
-0.000097
-0.000068
-0.000100
-0.000244
-0.000302
-0.000163
0.000008
0.000084
0.000141
0.000194
0.000162
0.000096
0.000107
0.000131
0.000058
-0.000056
-0.000113
-0.000115
-0.000089
-0.000088
-0.000185
-0.000306
-0.000290
-0.000165
-0.000079
-0.000033
0.000040
0.000111
0.000133
0.000135
0.000129
0.000100
0.000076
0.000075
0.000062
0.000033
0.000044
0.000085
0.000085
0.000029
-0.000032
-0.000049
-0.000010
0.000049
0.000076
0.000051
-0.000010
-0.000073
-0.000096
-0.000072
-0.000060
-0.000062
-0.000022
0.000052
0.000105
0.000111
0.000049
-0.000043
-0.000086
-0.000071
-0.000037
0.000007
0.000051
0.000070
0.000044
0.000006
0.000023
0.000062
0.000014
-0.000085
-0.000088
0.000011
0.000053
-0.000032
-0.000108
-0.000093
-0.000068
-0.000068
-0.000067
-0.000082
-0.000094
-0.000018
0.000119
0.000155
0.000032
-0.000091
-0.000097
-0.000055
-0.000051
-0.000064
-0.000016
0.000111
0.000232
0.000247
0.000135
0.000018
0.000031
0.000125
0.000158
0.000092
-0.000033
-0.000167
-0.000247
-0.000241
-0.000177
-0.000102
-0.000050
-0.000021
0.000002
0.000050
0.000154
0.000281
0.000344
0.000291
0.000155
0.000031
-0.000049
-0.000150
-0.000276
-0.000336
-0.000276
-0.000122
0.000027
0.000049
-0.000033
-0.000046
0.000036
0.000037
-0.000100
-0.000198
-0.000095
0.000116
0.000196
0.000080
-0.000063
-0.000067
0.000044
0.000139
0.000151
0.000114
0.000085
0.000088
0.000116
0.000135
0.000112
0.000037
-0.000081
-0.000205
-0.000249
-0.000164
-0.000033
0.000022
0.000010
0.000007
0.000016
0.000004
-0.000020
-0.000036
-0.000021
0.000052
0.000129
0.000082
-0.000107
-0.000256
-0.000206
-0.000050
0.000026
0.000010
0.000019
0.000050
0.000032
0.000022
0.000105
0.000217
0.000242
0.000178
0.000125
0.000125
0.000105
-0.000014
-0.000180
-0.000255
-0.000220
-0.000194
-0.000214
-0.000203
-0.000125
-0.000005
0.000112
0.000173
0.000168
0.000117
0.000036
-0.000025
-0.000011
0.000044
0.000080
0.000098
0.000113
0.000086
0.000029
0.000023
0.000061
0.000026
-0.000085
-0.000157
-0.000155
-0.000128
-0.000119
-0.000162
-0.000226
-0.000220
-0.000127
-0.000001
0.000101
0.000115
0.000054
0.000043
0.000107
0.000147
0.000143
0.000151
0.000160
0.000125
0.000076
0.000072
0.000111
0.000159
0.000159
0.000045
-0.000142
-0.000236
-0.000157
-0.000037
-0.000019
-0.000062
-0.000073
-0.000035
0.000021
0.000029
-0.000051
-0.000123
-0.000094
-0.000038
-0.000044
-0.000055
-0.000003
0.000043
-0.000025
-0.000156
-0.000178
-0.000091
-0.000036
-0.000019
0.000036
0.000087
0.000066
-0.000001
-0.000036
-0.000005
0.000060
0.000113
0.000130
0.000089
0.000004
-0.000029
0.000053
0.000154
0.000168
0.000119
0.000067
0.000036
0.000030
0.000035
0.000040
0.000054
0.000080
0.000096
0.000061
-0.000007
-0.000038
-0.000059
-0.000132
-0.000186
-0.000145
-0.000085
