5920
0.000121
0.000049
-0.000147
-0.000196
-0.000004
0.000206
0.000226
0.000100
0.000023
0.000113
0.000267
0.000297
0.000189
0.000100
0.000102
0.000078
-0.000025
-0.000125
-0.000217
-0.000307
-0.000299
-0.000228
-0.000215
-0.000205
-0.000082
0.000108
0.000224
0.000179
0.000008
-0.000157
-0.000230
-0.000258
-0.000229
-0.000044
0.000264
0.000503
0.000492
0.000275
0.000083
0.000028
0.000053
0.000106
0.000134
0.000113
0.000066
-0.000032
-0.000179
-0.000276
-0.000309
-0.000307
-0.000207
-0.000041
0.000037
0.000020
0.000002
-0.000038
-0.000114
-0.000128
-0.000077
-0.000085
-0.000169
-0.000205
-0.000110
0.000061
0.000214
0.000332
0.000437
0.000487
0.000414
0.000233
0.000022
-0.000186
-0.000364
-0.000391
-0.000193
0.000055
0.000141
0.000121
0.000149
0.000182
0.000127
0.000075
0.000104
0.000100
0.000008
-0.000083
-0.000180
-0.000316
-0.000358
-0.000224
-0.000083
-0.000045
0.000005
0.000074
0.000036
-0.000086
-0.000165
-0.000169
-0.000138
-0.000062
0.000070
0.000149
0.000074
-0.000069
-0.000121
-0.000037
0.000122
0.000266
0.000311
0.000243
0.000154
0.000082
-0.000036
-0.000136
-0.000096
-0.000030
-0.000080
-0.000125
-0.000076
-0.000044
-0.000017
0.000100
0.000195
0.000142
0.000052
0.000068
0.000138
0.000136
0.000052
-0.000035
-0.000060
-0.000004
0.000087
0.000109
0.000006
-0.000147
-0.000212
-0.000175
-0.000145
-0.000163
-0.000186
-0.000215
-0.000243
-0.000189
-0.000012
0.000200
0.000276
0.000157
0.000005
-0.000052
-0.000072
-0.000065
0.000039
0.000160
0.000162
0.000103
0.000120
0.000173
0.000150
0.000119
0.000164
0.000110
-0.000142
-0.000293
-0.000133
0.000098
0.000112
-0.000061
-0.000176
-0.000102
0.000015
-0.000016
-0.000110
-0.000095
-0.000028
-0.000022
-0.000055
-0.000102
-0.000155
-0.000148
-0.000046
0.000068
0.000136
0.000216
0.000319
0.000322
0.000140
-0.000092
-0.000158
-0.000057
0.000030
0.000006
-0.000051
-0.000043
-0.000009
-0.000052
-0.000202
-0.000358
-0.000331
-0.000094
0.000136
0.000200
0.000164
0.000139
0.000112
0.000045
0.000002
0.000033
0.000086
0.000122
0.000162
0.000188
0.000131
0.000028
-0.000045
-0.000116
-0.000196
-0.000186
-0.000082
-0.000018
-0.000020
0.000035
0.000161
0.000190
0.000036
-0.000138
-0.000159
-0.000147
-0.000277
-0.000427
-0.000383
-0.000167
0.000015
0.000060
0.000057
0.000113
0.000217
0.000298
0.000293
0.000201
0.000120
0.000103
0.000093
0.000058
0.000050
0.000092
0.000122
0.000103
0.000075
0.000028
-0.000089
-0.000189
-0.000142
0.000006
0.000115
0.000137
0.000079
-0.000062
-0.000246
-0.000363
-0.000357
-0.000277
-0.000186
-0.000098
-0.000002
0.000098
0.000134
0.000076
0.000043
0.000131
0.000243
0.000281
0.000271
0.000212
0.000070
-0.000090
-0.000151
-0.000130
-0.000113
-0.000105
-0.000072
-0.000033
-0.000021
-0.000067
-0.000145
-0.000148
-0.000039
0.000070
0.000068
-0.000015
-0.000047
0.000018
0.000087
0.000091
0.000052
0.000003
-0.000036
-0.000060
-0.000086
-0.000111
-0.000120
-0.000130
-0.000124
-0.000048
0.000107
0.000282
0.000323
0.000151
-0.000018
0.000024
0.000167
0.000246
0.000252
0.000194
0.000073
-0.000046
-0.000135
-0.000226
-0.000308
-0.000306
-0.000197
-0.000071
0.000008
0.000071
0.000131
0.000168
0.000161
0.000081
-0.000078
-0.000248
-0.000293
-0.000165
0.000001
0.000073
0.000120
0.000227
0.000255
0.000050
-0.000278
-0.000472
-0.000406
-0.000160
0.000126
0.000316
0.000305
0.000175
0.000127
0.000171
0.000163
0.000079
0.000003
-0.000046
-0.000097
-0.000088
0.000078
0.000270
0.000198
-0.000112
-0.000279
-0.000117
0.000133
0.000177
-0.000007
-0.000235
-0.000332
-0.000267
-0.000154
-0.000116
-0.000147
-0.000140
-0.000047
0.000036
0.000009
-0.000069
-0.000034
0.000160
0.000356
0.000396
0.000327
0.000291
0.000305
0.000268
0.000136
-0.000018
-0.000139
-0.000277
-0.000418
-0.000447
-0.000353
-0.000229
-0.000104
0.000049
0.000189
0.000230
0.000170
0.000068
-0.000036
-0.000093
-0.000034
0.000106
0.000172
0.000114
0.000036
-0.000012
-0.000100
-0.000222
-0.000259
-0.000187
-0.000108
-0.000063
-0.000003
0.000065
0.000096
0.000147
0.000287
0.000405
0.000349
0.000156
-0.000065
-0.000256
-0.000302
-0.000131
0.000097
0.000156
0.000058
-0.000025
-0.000051
-0.000106
-0.000158
-0.000106
-0.000032
-0.000061
-0.000118
-0.000092
-0.000004
0.000077
0.000126
0.000132
0.000102
0.000032
-0.000120
-0.000295
-0.000269
0.000002
0.000228
0.000195
0.000020
-0.000108
-0.000127
-0.000057
0.000014
0.000048
0.000161
0.000370
0.000462
0.000329
0.000128
0.000042
0.000011
-0.000152
-0.000375
-0.000388
-0.000219
-0.000148
-0.000215
-0.000196
-0.000019
0.000128
0.000117
0.000037
-0.000001
-0.000034
-0.000111
-0.000143
-0.000028
0.000109
0.000106
0.000066
0.000127
0.000179
0.000135
0.000094
0.000110
0.000119
0.000092
0.000088
0.000111
0.000042
-0.000143
-0.000269
-0.000224
-0.000134
-0.000140
-0.000159
-0.000060
0.000023
-0.000063
-0.000122
0.000054
0.000263
0.000231
0.000054
-0.000050
-0.000050
0.000033
0.000166
0.000183
-0.000007
-0.000172
-0.000099
0.000015
-0.000100
-0.000321
-0.000333
-0.000083
0.000171
0.000242
0.000205
0.000157
0.000076
-0.000053
-0.000148
-0.000113
0.000034
0.000140
0.000110
0.000056
0.000136
0.000303
0.000358
0.000208
-0.000023
-0.000178
-0.000236
-0.000249
-0.000247
-0.000251
-0.000283
-0.000316
-0.000287
-0.000166
0.000030
0.000257
0.000438
0.000466
0.000292
0.000027
-0.000159
-0.000221
-0.000183
-0.000021
0.000206
0.000304
0.000214
0.000107
0.000048
-0.000091
-0.000286
-0.000373
-0.000344
-0.000311
-0.000286
-0.000191
-0.000018
0.000153
0.000278
0.000361
0.000350
0.000218
0.000104
0.000132
0.000185
0.000108
-0.000007
-0.000027
-0.000046
-0.000186
-0.000352
-0.000388
-0.000261
-0.000024
0.000210
0.000312
0.000220
0.000026
-0.000056
0.000032
0.000106
0.000036
-0.000066
-0.000043
0.000035
-0.000041
-0.000279
-0.000394
-0.000192
0.000151
0.000341
0.000289
0.000141
0.000079
0.000105
0.000045
-0.000168
-0.000341
-0.000316
-0.000222
-0.000229
-0.000230
-0.000032
0.000252
0.000335
0.000194
0.000042
-0.000005
0.000022
0.000084
0.000145
0.000125
-0.000002
-0.000109
-0.000074
0.000044
0.000116
0.000136
0.000177
0.000206
0.000137
0.000035
0.000009
0.000043
0.000076
0.000101
0.000121
0.000142
0.000142
0.000077
-0.000040
-0.000182
-0.000339
-0.000428
-0.000379
-0.000300
-0.000307
-0.000357
-0.000397
-0.000417
-0.000332
-0.000093
0.000144
0.000174
0.000031
-0.000069
-0.000003
0.000152
0.000301
0.000437
0.000525
0.000484
0.000352
0.000253
0.000205
0.000131
0.000056
0.000092
0.000185
0.000152
-0.000005
-0.000133
-0.000226
-0.000330
-0.000380
-0.000353
-0.000314
-0.000283
-0.000242
-0.000249
-0.000311
-0.000256
0.000021
0.000349
0.000517
0.000508
0.000405
0.000260
0.000085
-0.000067
-0.000116
-0.000057
0.000025
0.000051
0.000026
0.000034
0.000115
0.000188
0.000122
-0.000083
-0.000251
-0.000253
-0.000187
-0.000173
-0.000142
-0.000067
-0.000059
-0.000089
-0.000057
-0.000059
-0.000117
-0.000081
0.000002
-0.000027
-0.000069
0.000027
0.000142
0.000130
0.000087
0.000154
0.000274
0.000296
0.000211
0.000151
0.000157
0.000133
0.000060
-0.000018
-0.000093
-0.000115
-0.000052
-0.000011
-0.000105
-0.000268
-0.000348
-0.000305
-0.000215
-0.000169
-0.000181
-0.000194
-0.000149
-0.000012
0.000148
0.000165
0.000032
-0.000049
0.000035
0.000161
0.000177
0.000122
0.000131
0.000235
0.000373
0.000424
0.000268
0.000017
-0.000097
-0.000100
-0.000120
-0.000037
0.000204
0.000294
0.000031
-0.000321
-0.000442
-0.000372
-0.000305
-0.000248
-0.000146
-0.000082
-0.000100
-0.000056
0.000111
0.000223
0.000155
0.000027
-0.000006
0.000035
0.000053
0.000064
0.000134
0.000202
0.000153
0.000020
-0.000045
0.000010
0.000081
0.000086
0.000040
-0.000062
-0.000185
-0.000198
-0.000093
-0.000047
-0.000125
-0.000174
-0.000099
0.000024
0.000129
0.000212
0.000225
0.000111
-0.000094
-0.000249
-0.000228
-0.000055
0.000151
0.000341
0.000461
0.000383
0.000127
-0.000092
-0.000173
-0.000208
-0.000273
-0.000331
-0.000312
-0.000195
-0.000048
0.000045
0.000048
-0.000058
-0.000183
-0.000113
0.000151
0.000348
0.000357
0.000277
0.000200
0.000139
0.000040
-0.000116
-0.000194
-0.000109
-0.000001
0.000001
-0.000019
0.000025
0.000036
-0.000063
-0.000144
-0.000092
-0.000019
-0.000031
-0.000074
-0.000130
-0.000192
-0.000176
-0.000099
-0.000050
0.000007
0.000115
0.000194
0.000217
0.000239
0.000228
0.000119
-0.000057
-0.000168
-0.000098
0.000085
0.000199
0.000199
0.000177
0.000143
0.000058
-0.000036
-0.000125
-0.000221
-0.000249
-0.000178
-0.000094
-0.000069
-0.000096
-0.000141
-0.000139
-0.000053
0.000048
0.000101
0.000124
0.000111
0.000063
0.000041
0.000035
-0.000045
-0.000244
-0.000436
-0.000388
-0.000101
0.000145
0.000240
0.000351
0.000512
0.000536
0.000370
0.000169
0.000038
-0.000026
-0.000068
-0.000139
-0.000209
-0.000178
-0.000058
-0.000006
-0.000092
-0.000216
-0.000251
-0.000188
-0.000150
-0.000222
-0.000302
-0.000237
-0.000041
0.000120
0.000187
0.000291
0.000404
0.000304
0.000103
0.000124
0.000259
0.000198
0.000025
-0.000010
0.000040
-0.000016
-0.000162
-0.000243
-0.000205
-0.000131
-0.000108
-0.000105
-0.000022
0.000103
0.000088
-0.000077
-0.000167
-0.000065
0.000084
0.000106
0.000046
0.000034
0.000028
-0.000028
-0.000049
-0.000006
0.000080
0.000250
0.000432
0.000417
0.000147
-0.000180
-0.000386
-0.000480
-0.000490
-0.000392
-0.000249
-0.000176
-0.000124
0.000012
0.000157
0.000220
0.000223
0.000141
-0.000013
-0.000034
0.000166
0.000305
0.000174
-0.000009
-0.000018
0.000070
0.000129
0.000135
0.000089
0.000028
-0.000004
-0.000047
-0.000119
-0.000099
0.000046
0.000171
0.000179
0.000076
-0.000104
-0.000264
-0.000272
-0.000155
-0.000078
-0.000078
-0.000049
0.000038
0.000065
-0.000037
-0.000167
-0.000194
-0.000111
0.000021
0.000184
0.000311
0.000258
0.000092
0.000031
0.000046
-0.000018
-0.000106
-0.000077
0.000054
0.000153
0.000177
0.000241
0.000328
0.000249
0.000025
-0.000167
-0.000307
-0.000411
-0.000436
-0.000415
-0.000384
-0.000303
-0.000151
0.000024
0.000100
-0.000042
-0.000286
-0.000292
0.000017
0.000334
0.000464
0.000517
0.000571
0.000548
0.000395
0.000179
0.000009
-0.000022
0.000049
0.000067
-0.000054
-0.000239
-0.000356
-0.000336
-0.000198
-0.000033
0.000049
0.000009
-0.000060
-0.000066
-0.000108
-0.000310
-0.000510
-0.000420
-0.000052
0.000251
0.000293
0.000228
0.000186
0.000097
0.000015
0.000112
0.000283
0.000247
0.000006
-0.000171
-0.000149
-0.000040
0.000046
0.000117
0.000175
0.000167
0.000074
-0.000046
-0.000103
-0.000061
0.000005
-0.000006
-0.000098
-0.000151
-0.000055
0.000081
0.000070
-0.000037
-0.000095
-0.000081
-0.000013
0.000068
0.000053
-0.000090
-0.000252
-0.000319
-0.000265
-0.000144
-0.000014
0.000088
0.000121
0.000093
0.000111
0.000212
0.000285
0.000269
0.000217
0.000135
0.000025
0.000020
0.000119
0.000064
-0.000210
-0.000391
-0.000310
-0.000190
-0.000190
-0.000163
-0.000034
0.000041
0.000063
0.000221
0.000405
0.000306
0.000016
-0.000089
0.000048
0.000128
-0.000000
-0.000119
-0.000021
0.000126
0.000051
-0.000175
-0.000269
-0.000195
-0.000190
-0.000286
-0.000206
0.000091
0.000276
0.000209
0.000119
0.000142
0.000119
-0.000006
-0.000071
-0.000024
0.000050
0.000115
0.000178
0.000257
0.000294
0.000146
-0.000154
-0.000332
-0.000314
-0.000314
-0.000386
-0.000381
-0.000264
-0.000116
-0.000020
-0.000032
-0.000129
-0.000168
-0.000004
0.000326
0.000632
0.000729
0.000606
0.000412
0.000234
0.000069
-0.000023
0.000002
0.000068
0.000068
0.000001
-0.000094
-0.000191
-0.000239
-0.000278
-0.000408
-0.000493
-0.000327
-0.000091
-0.000110
-0.000309
-0.000360
-0.000184
0.000003
0.000051
0.000044
0.000091
0.000153
0.000167
0.000195
0.000303
0.000408
0.000410
0.000353
0.000328
0.000314
0.000222
0.000018
-0.000237
-0.000409
-0.000399
-0.000277
-0.000212
-0.000238
-0.000246
-0.000186
-0.000119
-0.000073
-0.000014
-0.000087
-0.000510
-0.000822
-0.000039
0.001464
0.001632
-0.000089
-0.001303
-0.000358
0.000985
0.000647
-0.000428
-0.000241
0.000791
0.000899
0.000121
-0.000170
0.000223
0.000381
-0.000001
-0.000364
-0.000356
-0.000269
-0.000394
-0.000552
-0.000494
-0.000337
-0.000280
-0.000253
-0.000184
-0.000124
-0.000035
0.000099
0.000134
0.000018
-0.000057
0.000068
0.000215
0.000093
-0.000161
-0.000043
0.000481
0.000722
0.000310
-0.000169
-0.000020
0.000621
0.000864
0.000196
-0.000602
-0.000520
0.000129
0.000169
-0.000622
-0.000854
0.000111
0.000483
-0.000529
-0.000746
0.000523
0.000954
-0.000170
-0.000811
-0.000081
0.000573
0.000165
-0.000447
-0.000419
-0.000185
-0.000209
-0.000129
0.000311
0.000668
0.000470
-0.000004
-0.000189
-0.000197
-0.000076
0.000553
0.000791
-0.000513
-0.001646
-0.000364
0.001584
0.001122
-0.000701
-0.000687
0.000687
0.000525
-0.000520
0.000135
0.000969
-0.000496
-0.001668
0.000140
0.001827
0.000227
-0.001974
-0.001079
0.001075
0.000523
-0.001444
-0.000920
0.001309
0.001478
-0.000694
-0.001429
0.000824
0.001866
-0.000966
-0.002798
0.000326
0.003310
0.000528
-0.003311
-0.000799
0.003739
0.001314
-0.003714
-0.001263
0.004122
0.001912
-0.003620
-0.002283
0.002734
0.002343
-0.002081
-0.002849
0.001061
0.003328
0.000323
-0.003333
-0.001721
0.002736
0.002498
-0.002183
-0.003105
0.001224
0.002869
-0.001071
-0.003339
-0.000077
0.002511
0.000808
-0.000729
0.000057
0.000532
-0.000208
-0.000470
0.000448
0.001079
0.000506
-0.000415
-0.001037
-0.000785
0.000911
0.002109
0.000280
-0.002299
-0.001480
0.001065
0.001013
-0.000742
-0.000778
0.000492
0.000387
-0.000826
-0.000903
0.000066
0.000720
0.000454
-0.000738
-0.000826
0.001567
0.002569
-0.000810
-0.003474
-0.000462
0.003230
0.000994
-0.002976
-0.001079
0.003182
0.001603
-0.003309
-0.003161
0.001660
0.003349
-0.000282
-0.002672
0.000244
0.003325
0.000956
-0.003208
-0.001705
0.003213
0.002612
-0.002572
-0.003246
0.001302
0.003091
-0.000325
-0.002373
0.000474
0.002622
-0.000004
-0.002860
-0.001542
0.001083
0.001021
-0.000377
-0.000214
0.000775
0.000385
-0.001229
-0.002113
-0.000966
0.001319
0.002185
0.000740
-0.000768
-0.000691
-0.000369
-0.000902
-0.000737
0.001463
0.003168
0.000924
-0.002445
-0.001194
0.002128
0.000955
-0.002257
-0.001349
0.001588
0.001575
-0.000369
-0.001080
-0.000599
-0.000502
-0.000777
-0.000011
0.001707
0.001904
-0.000597
-0.002716
-0.001193
0.001547
0.001214
-0.000499
0.000060
0.000670
-0.001357
-0.002409
0.000552
0.003387
0.001586
-0.002060
-0.002193
0.000757
0.002275
0.000937
-0.000980
-0.001540
-0.000344
0.001434
0.001362
-0.000624
-0.001434
-0.000119
0.000809
0.000097
-0.000690
-0.000340
0.000096
-0.000203
-0.000059
0.000760
0.000691
-0.000501
-0.001680
-0.001625
0.000633
0.003068
0.001762
-0.002185
-0.003358
-0.000459
0.002379
0.001982
-0.000417
-0.001692
-0.000536
0.001192
0.000807
-0.001026
-0.000900
0.001372
0.001928
-0.000165
-0.001224
-0.000135
-0.000234
-0.001926
-0.001135
0.002595
0.004090
0.000537
-0.003649
-0.002849
0.001149
0.002172
-0.000044
-0.000318
0.001629
0.000697
-0.002843
-0.003044
0.000497
0.002191
0.000631
-0.000589
-0.000393
-0.000655
-0.000911
0.000329
0.001008
-0.000531
-0.001031
0.001467
0.002947
0.000740
-0.001433
-0.000525
0.000934
0.000424
-0.000248
0.000734
0.001134
-0.000748
-0.001916
-0.000210
0.001124
-0.000861
-0.002955
-0.000926
0.002543
0.001628
-0.002477
-0.002967
0.000780
0.001958
-0.001328
-0.002548
0.001146
0.003573
0.000670
-0.002556
-0.000997
0.002257
0.001889
-0.001008
-0.001658
0.000813
0.002655
0.001122
-0.001446
-0.001310
0.000391
0.000316
-0.000467
0.000643
0.002065
0.000785
-0.002536
-0.003916
-0.000921
0.003177
0.003009
-0.000556
-0.001802
0.000020
0.000599
-0.000896
-0.001258
0.000349
0.001317
0.000385
-0.000362
0.000478
0.000892
-0.000669
-0.002090
-0.001326
0.000244
0.001139
0.001719
0.001184
-0.001086
-0.002476
-0.001173
0.000606
0.000790
0.000460
0.000869
0.001177
0.000252
-0.001617
-0.002429
-0.000198
0.002757
0.002086
-0.000587
-0.000691
0.000649
-0.000032
-0.001291
-0.000253
0.001350
0.000800
-0.000815
-0.001209
-0.000295
0.000293
-0.000206
-0.000625
0.000021
0.000637
0.000029
-0.000305
0.000650
0.000624
-0.001082
-0.001520
0.000909
0.003427
0.002189
-0.001970
-0.004051
-0.001739
0.001588
0.001694
-0.000500
-0.000817
0.000754
0.000435
-0.001430
-0.000980
0.001206
0.001610
0.000482
-0.000070
-0.000156
-0.000545
-0.000899
-0.000367
0.000980
0.001421
0.000200
-0.000583
0.000485
0.001134
-0.000752
-0.002705
-0.001639
0.000561
0.000548
-0.000455
0.000548
0.002401
0.002157
-0.000511
-0.003792
-0.004315
-0.000050
0.005012
0.004719
0.000120
-0.002255
-0.001502
-0.001402
-0.001517
0.000117
0.001902
0.002119
0.001290
-0.000064
-0.001971
-0.003412
-0.002907
-0.000327
0.002940
0.004657
0.003429
0.000038
-0.003374
-0.004620
-0.002759
0.001253
0.004573
0.004093
0.000683
-0.001887
-0.003105
-0.003886
-0.002611
0.000576
0.002647
0.002779
0.002500
0.001808
-0.000962
-0.004819
-0.005222
-0.000400
0.005160
0.006026
0.002186
-0.001328
-0.001524
-0.001251
-0.002397
-0.001678
0.001985
0.004082
0.002014
-0.001082
-0.001967
-0.001646
-0.002444
-0.003570
-0.001937
0.002329
0.004750
0.002572
-0.001892
-0.004769
-0.004547
-0.001496
0.003302
0.006308
0.004491
0.000190
-0.002661
-0.003524
-0.002539
0.000876
0.004078
0.003355
0.000548
-0.000524
-0.000665
-0.001710
-0.002598
-0.001739
0.000901
0.003524
0.003583
0.000177
-0.004203
-0.005381
-0.002528
0.001086
0.003125
0.003434
0.001845
-0.000774
-0.002396
-0.002597
-0.002091
-0.000637
0.001785
0.003395
0.002727
0.000744
-0.001103
-0.002055
-0.001758
-0.000878
0.000221
0.001722
0.002631
0.001942
0.000427
-0.000663
-0.001376
-0.001938
-0.001601
-0.000130
0.001257
0.001259
0.000320
-0.000049
-0.000027
-0.000973
-0.002138
-0.001675
0.000140
0.001695
0.001759
0.000202
-0.001236
-0.000947
0.000190
0.000569
0.000089
-0.000319
-0.000189
0.000125
0.000293
0.000419
0.000675
0.000650
-0.000015
-0.000395
0.000355
0.001538
0.001739
0.000334
-0.001424
-0.002071
-0.001866
-0.001134
0.000390
0.001826
0.001891
0.000629
-0.001262
-0.002852
-0.002639
-0.000353
0.001852
0.002265
0.001527
0.000348
-0.001212
-0.001861
-0.000428
0.001538
0.001772
0.000501
-0.000257
0.000111
-0.000161
-0.001919
-0.002909
-0.000933
0.002421
0.003422
0.001291
-0.001141
-0.001924
-0.001887
-0.001644
-0.000138
0.002444
0.003591
0.001571
-0.001687
-0.002196
0.000064
0.000918
-0.000426
-0.000622
0.001049
0.001901
0.000861
-0.000464
-0.001041
-0.001224
-0.001152
-0.000776
-0.000234
0.000435
0.000712
-0.000074
-0.001087
-0.000930
-0.000304
-0.000548
-0.000715
0.000450
0.001926
0.002053
0.000600
-0.001301
-0.002074
-0.000847
0.001101
0.001485
0.000888
0.001625
0.002683
0.001272
-0.002049
-0.004081
-0.003247
-0.000572
0.002295
0.003823
0.003013
0.000618
-0.001778
-0.003283
-0.003158
-0.001238
0.000880
0.001801
0.001991
0.001734
0.000637
-0.000961
-0.002392
-0.002900
-0.001737
0.000481
0.001893
0.001663
0.000802
0.000051
-0.000917
-0.001607
-0.000897
0.000748
0.001514
0.000743
-0.000115
0.000158
0.000550
-0.000166
-0.000826
0.000284
0.002057
0.002197
0.000795
-0.000717
-0.001762
-0.002040
-0.001272
-0.000197
0.000313
0.000759
0.001478
0.001285
-0.000304
-0.001891
-0.002371
-0.001972
-0.000935
0.000746
0.002307
0.002541
0.001296
-0.000347
-0.001516
-0.002098
-0.001799
-0.000387
0.001290
0.002351
0.002767
0.002146
-0.000038
-0.002648
-0.003634
-0.002483
-0.000201
0.002231
0.003861
0.003505
0.000767
-0.002999
-0.005113
-0.003633
0.000464
0.003887
0.004337
0.002440
0.000042
-0.001973
-0.003255
-0.003072
-0.001132
0.001368
0.002716
0.002542
0.001483
-0.000288
-0.002436
-0.003442
-0.002225
0.000152
0.001947
0.002546
0.001902
0.000116
-0.001795
-0.002301
-0.001068
0.000649
0.001614
0.001735
0.001322
0.000361
-0.000859
-0.001559
-0.001498
-0.000977
-0.000088
0.000860
0.001417
0.001624
0.001251
-0.000141
-0.001864
-0.002619
-0.001918
-0.000258
0.001477
0.002561
0.002569
0.001478
-0.000255
-0.001900
-0.002546
-0.001702
-0.000038
0.001335
0.001903
0.001617
0.000496
-0.001102
-0.002170
-0.001905
-0.000730
0.000432
0.001252
0.001484
0.000663
-0.000814
-0.001581
-0.001163
-0.000418
0.000295
0.001228
0.001895
0.001617
0.000394
-0.001447
-0.002859
-0.002248
0.000157
0.002049
0.002237
0.001637
0.000984
-0.000021
-0.001295
-0.001944
-0.001481
-0.000318
0.000862
0.001524
0.001605
0.001368
0.000599
-0.001037
-0.002565
-0.002396
-0.000780
0.000746
0.001760
0.002347
0.001787
-0.000196
-0.002234
-0.002678
-0.001635
-0.000436
0.000474
0.001453
0.002082
0.001629
0.000341
-0.000975
-0.001828
-0.001979
-0.001195
0.000261
0.001436
0.001702
0.001230
0.000318
-0.000716
-0.001270
-0.000980
-0.000169
0.000690
0.001370
0.001638
0.001143
-0.000173
-0.001625
-0.002257
-0.001752
-0.000421
0.001171
0.002195
0.001838
0.000308
-0.000998
-0.001198
-0.000882
-0.000800
-0.000697
0.000127
0.001266
0.001324
0.000176
-0.000720
-0.000677
-0.000312
0.000036
0.000444
0.000658
0.000556
0.000437
0.000328
0.000015
-0.000295
-0.000272
-0.000111
-0.000166
-0.000300
-0.000200
-0.000015
-0.000075
-0.000282
-0.000449
-0.000696
-0.000834
-0.000448
0.000133
0.000307
0.000209
0.000109
-0.000088
-0.000168
0.000203
0.000709
0.000791
0.000409
-0.000008
-0.000164
-0.000155
0.000014
0.000492
0.000924
0.000680
-0.000059
-0.000438
-0.000270
-0.000228
-0.000494
-0.000423
0.000156
0.000604
0.000622
0.000446
0.000041
-0.000639
-0.001056
-0.000857
-0.000460
-0.000167
0.000237
0.000615
0.000468
-0.000088
-0.000379
-0.000186
0.000023
-0.000116
-0.000331
-0.000186
0.000245
0.000530
0.000530
0.000411
0.000193
-0.000162
-0.000409
-0.000260
0.000229
0.000721
0.000840
0.000388
-0.000297
-0.000530
-0.000133
0.000352
0.000398
0.000031
-0.000441
-0.000812
-0.000933
-0.000695
-0.000171
0.000392
0.000667
0.000463
0.000041
-0.000099
0.000147
0.000346
0.000091
-0.000324
-0.000165
0.000513
0.000645
-0.000199
-0.000962
-0.000786
-0.000278
-0.000112
0.000083
0.000504
0.000451
-0.000386
-0.001177
-0.001147
-0.000476
0.000272
0.000753
0.000816
0.000456
-0.000082
-0.000419
-0.000402
-0.000169
0.000111
0.000449
0.000932
0.001369
0.001358
0.000771
-0.000169
-0.001219
-0.002210
-0.002798
-0.002443
-0.000982
0.000795
0.001619
0.001034
-0.000173
-0.000925
-0.000885
-0.000478
-0.000061
0.000504
0.001310
0.002004
0.002255
0.002168
0.001982
0.001595
0.000823
0.000108
0.000153
0.000832
0.001397
0.001501
0.001195
0.000555
-0.000214
-0.000894
-0.001529
-0.002151
-0.002411
-0.002058
-0.001454
-0.001042
-0.000883
-0.001086
-0.001836
-0.002705
-0.002874
-0.002151
-0.001035
-0.000006
0.000708
0.000952
0.000656
0.000080
-0.000249
-0.000011
0.000667
0.001433
0.002075
0.002532
0.002690
0.002478
0.002024
0.001568
0.001215
0.000868
0.000505
0.000309
0.000315
0.000188
-0.000327
-0.000858
-0.000840
-0.000413
-0.000306
-0.000822
-0.001496
-0.001869
-0.001978
-0.001991
-0.001814
-0.001258
-0.000573
-0.000375
-0.000699
-0.000803
-0.000306
0.000334
0.000726
0.001022
0.001176
0.000591
-0.000973
-0.002742
-0.003722
-0.003714
-0.002993
-0.001395
0.001187
0.003521
0.004065
0.003290
0.002833
0.002716
0.001968
0.001222
0.001830
0.003260
0.003991
0.003974
0.003945
0.003591
0.002297
0.000534
-0.000843
-0.001596
-0.001675
-0.001063
-0.000440
-0.000686
-0.001661
-0.002630
-0.003543
-0.004702
-0.005610
-0.005407
-0.004230
-0.003084
-0.002414
-0.001826
-0.001348
-0.001579
-0.002292
-0.002446
-0.001728
-0.000640
0.000550
0.001704
0.002438
0.002599
0.002421
0.002207
0.002304
0.002829
0.003305
0.003347
0.003470
0.004262
0.005197
0.005308
0.004531
0.003517
0.002579
0.001641
0.000849
0.000358
-0.000125
-0.000874
-0.001765
-0.002706
-0.003736
-0.004608
-0.005089
-0.005440
-0.005732
-0.005377
-0.004166
-0.002751
-0.001753
-0.001300
-0.001244
-0.001236
-0.000974
-0.000584
-0.000490
-0.000648
-0.000282
0.001064
0.002679
0.003569
0.003699
0.003688
0.003723
0.003536
0.003153
0.002941
0.002956
0.002901
0.002665
0.002350
0.001966
0.001361
-0.000089
-0.003245
-0.007636
-0.010757
-0.010239
-0.006501
-0.002186
0.000806
0.002348
0.002674
0.001891
0.000646
-0.000103
0.000034
0.000784
0.001789
0.003084
0.004927
0.006916
0.007681
0.006283
0.003490
0.000917
-0.000478
-0.000634
0.000009
0.000722
0.000805
0.000070
-0.001108
-0.002296
-0.003409
-0.004602
-0.005798
-0.006564
-0.006509
-0.005603
-0.004154
-0.002694
-0.001848
-0.001915
-0.002513
-0.002881
-0.002482
-0.001292
0.000240
0.001572
0.002612
0.003654
0.004679
0.005126
0.004700
0.003928
0.003375
0.002999
0.002803
0.003111
0.003849
0.004476
0.004612
0.004128
0.003082
0.001883
0.000844
-0.000289
-0.001658
-0.002675
-0.002912
-0.002852
-0.003045
-0.003416
-0.003911
-0.004735
-0.005616
-0.005923
-0.005484
-0.004449
-0.002938
-0.001381
-0.000310
0.000328
0.000828
0.001163
0.001327
0.001443
0.001423
0.001302
0.001500
0.002174
0.002798
0.002874
0.002673
0.002690
0.002816
0.002708
0.002471
0.002329
0.002069
0.001449
0.000787
0.000412
-0.000118
-0.001771
-0.005116
-0.009256
-0.011652
-0.010175
-0.005634
-0.000994
0.001923
0.003454
0.004209
0.004001
0.002884
0.001898
0.001908
0.002482
0.002937
0.003781
0.005792
0.008069
0.008539
0.006492
0.003238
0.000309
-0.001616
-0.002337
-0.002102
-0.001727
-0.001922
-0.002609
-0.003190
-0.003388
-0.003697
-0.004735
-0.006280
-0.007445
-0.007586
-0.006648
-0.004915
-0.002885
-0.001285
-0.000599
-0.000532
-0.000387
0.000139
0.000813
0.001317
0.001808
0.002835
0.004511
0.006148
0.007007
0.007028
0.006393
0.005072
0.003516
0.002759
0.003037
0.003294
0.002636
0.001595
0.001201
0.001320
0.000867
-0.000533
-0.002028
-0.002914
-0.003579
-0.004354
-0.004680
-0.004355
-0.004187
-0.004544
-0.004726
-0.004432
-0.004204
-0.004070
-0.003524
-0.002658
-0.001801
-0.000699
0.000872
0.002488
0.003698
0.004415
0.004473
0.003661
0.002329
0.001320
0.001137
0.001510
0.001954
0.002368
0.002797
0.002978
0.002612
0.001871
0.001141
0.000482
-0.000168
-0.000665
-0.001061
-0.002311
-0.005661
-0.010299
-0.012758
-0.010502
-0.005286
-0.000871
0.001641
0.003542
0.005010
0.005157
0.004466
0.004227
0.004295
0.003753
0.003075
0.003678
0.005760
0.007929
0.008708
0.007570
0.004823
0.001361
-0.001525
-0.003004
-0.003520
-0.004041
-0.004652
-0.004744
-0.004318
-0.003972
-0.003959
-0.004389
-0.005594
-0.007334
-0.008439
-0.007973
-0.006190
-0.004033
-0.002215
-0.000898
0.000198
0.001368
0.002500
0.003244
0.003421
0.003169
0.002993
0.003629
0.005374
0.007412
0.008358
0.007806
0.006678
0.005696
0.004534
0.002993
0.001762
0.001232
0.000706
-0.000354
-0.001277
-0.001324
-0.001050
-0.001567
-0.003071
-0.004886
-0.006282
-0.006815
-0.006493
-0.005777
-0.005104
-0.004479
-0.003764
-0.002999
-0.002212
-0.001397
-0.000706
-0.000194
0.000411
0.001313
0.002408
0.003577
0.004773
0.005744
0.006085
0.005576
0.004380
0.003046
0.002032
0.001187
0.000216
-0.000556
-0.000521
0.000181
0.000674
0.000511
0.000022
-0.000593
-0.001484
-0.002479
-0.003503
-0.005624
-0.009598
-0.013176
-0.012690
-0.007871
-0.002319
0.001473
0.004317
0.006780
0.007559
0.006540
0.005698
0.005794
0.005438
0.004295
0.004135
0.005950
0.008409
0.009712
0.009255
0.007109
0.003548
-0.000360
-0.003154
-0.004561
-0.005604
-0.006826
-0.007493
-0.007000
-0.005940
-0.005238
-0.005251
-0.005999
-0.007376
-0.008763
-0.009104
-0.007862
-0.005515
-0.002999
-0.000982
0.000577
0.002198
0.004007
0.005416
0.005901
0.005636
0.005203
0.004991
0.005118
0.005796
0.007156
0.008525
0.008731
0.007576
0.006092
0.004850
0.003105
0.000425
-0.002115
-0.003408
-0.003627
-0.003258
-0.002470
-0.002013
-0.002877
-0.004667
-0.006099
-0.006892
-0.007529
-0.007862
-0.007426
-0.006377
-0.005057
-0.003336
-0.001189
0.000663
0.001553
0.001864
0.002336
0.002909
0.003192
0.003464
0.004217
0.005324
0.006361
0.007061
0.007040
0.005885
0.003856
0.001823
0.000280
-0.000963
-0.001976
-0.002364
-0.001986
-0.001377
-0.001152
-0.001399
-0.001935
-0.002656
-0.003626
-0.005481
-0.008960
-0.012842
-0.013815
-0.010248
-0.004643
-0.000171
0.003274
0.006945
0.009774
0.010096
0.008701
0.007465
0.006531
0.005118
0.003886
0.004403
0.006693
0.008962
0.009715
0.008693
0.006092
0.002415
-0.001247
-0.004077
-0.006415
-0.008738
-0.010318
-0.010196
-0.008756
-0.007150
-0.006053
-0.005682
-0.006152
-0.007234
-0.008125
-0.007983
-0.006680
-0.004753
-0.002676
-0.000374
0.002377
0.005267
0.007523
0.008541
0.008316
0.007414
0.006567
0.006242
0.006395
0.006596
0.006638
0.006825
0.007253
0.007175
0.005860
0.003668
0.001244
-0.001594
-0.004822
-0.007043
-0.006993
-0.005464
-0.004332
-0.004331
-0.004824
-0.005175
-0.005545
-0.006322
-0.007177
-0.007325
-0.006554
-0.005178
-0.003215
-0.000650
0.001850
0.003497
0.004278
0.004632
0.004752
0.004721
0.004713
0.004697
0.004588
0.004662
0.005145
0.005670
0.005558
0.004456
0.002640
0.000782
-0.000739
-0.002120
-0.003480
-0.004423
-0.004650
-0.004383
-0.003826
-0.002966
-0.002123
-0.001887
-0.002739
-0.005318
-0.009643
-0.013338
-0.012937
-0.008213
-0.002699
0.001320
0.005043
0.009264
0.012211
0.012608
0.011510
0.010029
0.007915
0.005285
0.003703
0.004429
0.006639
0.008350
0.008427
0.006903
0.004208
0.000922
-0.002414
-0.005840
-0.009530
-0.012578
-0.013584
-0.012520
-0.010571
-0.008503
-0.006595
-0.005438
-0.005491
-0.006178
-0.006405
-0.005860
-0.004947
-0.003737
-0.001842
0.000962
0.004429
0.007888
0.010491
0.011686
0.011533
0.010517
0.009124
0.007702
0.006549
0.005772
0.005107
0.004353
0.003938
0.004265
0.004542
0.003299
0.000217
-0.003623
-0.007021
-0.009118
-0.009565
-0.009073
-0.008588
-0.007862
-0.006417
-0.005065
-0.004593
-0.004450
-0.004279
-0.004543
-0.004730
-0.003471
-0.000847
0.001724
0.003604
0.005111
0.006335
0.007119
0.007488
0.007331
0.006448
0.005209
0.004337
0.004066
0.004087
0.003991
0.003431
0.002203
0.000481
-0.001228
-0.002688
-0.004154
-0.005604
-0.006403
-0.006230
-0.005603
-0.004908
-0.003897
-0.002607
-0.001689
-0.001828
-0.003787
-0.007747
-0.011414
-0.011216
-0.006871
-0.001862
0.001840
0.005785
0.010628
0.014085
0.014747
0.013959
0.012671
0.010017
0.006097
0.003132
0.002699
0.003869
0.004910
0.005183
0.004622
0.002978
0.000426
-0.002495
-0.005896
-0.010010
-0.013789
-0.015571
-0.014978
-0.012955
-0.010363
-0.007667
-0.005444
-0.004132
-0.003507
-0.003006
-0.002365
-0.001682
-0.001015
-0.000075
0.001630
0.004320
0.007648
0.010778
0.012753
0.013083
0.012096
0.010450
0.008484
0.006412
0.004572
0.003018
0.001626
0.000781
0.000993
0.001675
0.001366
-0.000563
-0.003440
-0.006465
-0.009065
-0.010489
-0.010473
-0.009824
-0.009153
-0.007885
-0.005639
-0.003311
-0.001822
-0.001100
-0.000796
-0.000735
-0.000487
0.000404
0.001781
0.003237
0.004666
0.006027
0.007178
0.007991
0.008215
0.007540
0.006097
0.004420
0.002854
0.001542
0.000707
0.000210
-0.000582
-0.001722
-0.002485
-0.002784
-0.003402
-0.004566
-0.005577
-0.005937
-0.005864
-0.005527
-0.004629
-0.003134
-0.001605
-0.000727
-0.001375
-0.004183
-0.007703
-0.008758
-0.006142
-0.002109
0.001252
0.004682
0.009066
0.012850
0.014285
0.013956
0.013021
0.011023
0.007474
0.003838
0.002076
0.002229
0.002748
0.002632
0.002014
0.001022
-0.000538
-0.002594
-0.005118
-0.008395
-0.011974
-0.014445
-0.015007
-0.014014
-0.011876
-0.008905
-0.005892
-0.003594
-0.002034
-0.000893
-0.000045
0.000506
0.000820
0.001216
0.002252
0.004248
0.006896
0.009494
0.011440
0.012434
0.012384
0.011346
0.009516
0.007193
0.004690
0.002232
0.000031
-0.001504
-0.001936
-0.001404
-0.000882
-0.001456
-0.003239
-0.005495
-0.007605
-0.009088
-0.009458
-0.009058
-0.008823
-0.008442
-0.006716
-0.004010
-0.001795
-0.000268
0.001095
0.001997
0.002310
0.002758
0.003456
0.003806
0.004009
0.004707
0.005709
0.006524
0.007066
0.007065
0.006079
0.004405
0.002772
0.001353
0.000069
-0.000941
-0.001795
-0.002750
-0.003592
-0.004047
-0.004352
-0.004749
-0.005090
-0.005180
-0.004952
-0.004375
-0.003484
-0.002369
-0.001140
-0.000206
-0.000470
-0.002561
-0.005497
-0.006985
-0.005711
-0.002664
0.000564
0.003801
0.007421
0.010706
0.012602
0.013103
0.012640
0.010991
0.007928
0.004369
0.001843
0.000926
0.000895
0.000874
0.000556
-0.000100
-0.001071
-0.002258
-0.003873
-0.006358
-0.009420
-0.011882
-0.012925
-0.012666
-0.011367
-0.009135
-0.006416
-0.003866
-0.001787
-0.000109
0.001248
0.002186
0.002594
0.002655
0.002874
0.003696
0.005109
0.006759
0.008316
0.009526
0.010172
0.010109
0.009222
0.007491
0.005179
0.002687
0.000233
-0.001993
-0.003484
-0.003808
-0.003249
-0.002668
-0.002769
-0.003652
-0.005032
-0.006480
-0.007423
-0.007564
-0.007356
-0.007199
-0.006409
-0.004341
-0.001831
0.000076
0.001562
0.002879
0.003544
0.003578
0.003681
0.003877
0.003752
0.003659
0.004112
0.004837
0.005348
0.005454
0.004975
0.003878
0.002576
0.001508
0.000666
-0.000278
-0.001642
-0.003298
-0.004549
-0.004988
-0.005074
-0.005196
-0.004997
-0.004238
-0.003393
-0.002838
-0.002294
-0.001484
-0.000655
-0.000188
-0.000289
-0.001126
-0.002627
-0.004089
-0.004552
-0.003561
-0.001258
0.001872
0.005017
0.007495
0.009383
0.010823
0.011167
0.009897
0.007624
0.005225
0.002967
0.001146
0.000339
0.000423
0.000463
-0.000035
-0.000743
-0.001469
-0.002538
-0.004154
-0.006105
-0.008068
-0.009739
-0.010665
-0.010397
-0.008978
-0.006951
-0.004750
-0.002512
-0.000494
0.000957
0.001829
0.002269
0.002270
0.002045
0.002138
0.002804
0.003841
0.005106
0.006481
0.007515
0.007877
0.007739
0.007118
0.005702
0.003667
0.001651
-0.000120
-0.001689
-0.002625
-0.002544
-0.001979
-0.001792
-0.002196
-0.003021
-0.004145
-0.004997
-0.004887
-0.004387
-0.004719
-0.005412
-0.004826
-0.002987
-0.001374
-0.000407
0.000523
0.001484
0.002209
0.002772
0.003191
0.003283
0.003052
0.002692
0.002455
0.002649
0.003195
0.003454
0.003048
0.002355
0.001865
0.001572
0.001125
0.000170
-0.001302
-0.002736
-0.003619
-0.004095
-0.004393
-0.004273
-0.003589
-0.002689
-0.001911
-0.001234
-0.000573
-0.000024
0.000276
0.000258
-0.000227
-0.001336
-0.002678
-0.003343
-0.003134
-0.002729
-0.001886
0.000518
0.003952
0.006376
0.007355
0.008087
0.008493
0.007450
0.005463
0.003967
0.002830
0.001321
0.000056
-0.000244
-0.000174
-0.000416
-0.000799
-0.001217
-0.001969
-0.003082
-0.004308
-0.005621
-0.007006
-0.007982
-0.007942
-0.006946
-0.005561
-0.004002
-0.002190
-0.000413
0.000902
0.001750
0.002224
0.002219
0.001880
0.001693
0.001909
0.002454
0.003272
0.004215
0.004932
0.005333
0.005631
0.005662
0.004933
0.003447
0.001709
0.000127
-0.001029
-0.001600
-0.001777
-0.001881
-0.002010
-0.002166
-0.002368
-0.002503
-0.002548
-0.002826
-0.003463
-0.003912
-0.003680
-0.003041
-0.002379
-0.001583
-0.000551
0.000504
0.001428
0.002140
0.002433
0.002261
0.001886
0.001476
0.001109
0.001035
0.001317
0.001621
0.001712
0.001771
0.001954
0.002070
0.001880
0.001211
0.000002
-0.001280
-0.002036
-0.002455
-0.003010
-0.003449
-0.003226
-0.002435
-0.001548
-0.000714
0.000103
0.000717
0.000883
0.000659
0.000238
-0.000518
-0.001787
-0.003004
-0.003328
-0.002924
-0.002524
-0.001744
0.000362
0.003136
0.004900
0.005535
0.006158
0.006675
0.006070
0.004516
0.003070
0.002011
0.000980
0.000031
-0.000453
-0.000399
-0.000115
-0.000006
-0.000330
-0.001033
-0.001940
-0.003039
-0.004308
-0.005487
-0.006227
-0.006281
-0.005635
-0.004541
-0.003222
-0.001704
-0.000178
0.000912
0.001391
0.001500
0.001443
0.001202
0.000844
0.000688
0.001031
0.001817
0.002715
0.003460
0.003999
0.004303
0.004176
0.003494
0.002535
0.001682
0.000975
0.000299
-0.000291
-0.000680
-0.000903
-0.001165
-0.001647
-0.002114
-0.002018
-0.001489
-0.001504
-0.002296
-0.002692
-0.002014
-0.001276
-0.001298
-0.001333
-0.000717
0.000078
0.000659
0.001060
0.001040
0.000557
0.000146
0.000046
0.000099
0.000421
0.000947
0.001143
0.001071
0.001414
0.002096
0.002309
0.001756
0.000719
-0.000524
-0.001591
-0.002136
-0.002362
-0.002563
-0.002478
-0.001843
-0.000920
-0.000019
0.000694
0.000920
0.000605
0.000293
0.000391
0.000563
0.000323
-0.000346
-0.001113
-0.001566
-0.001532
-0.001398
-0.001493
-0.001207
0.000173
0.001999
0.002949
0.002914
0.002972
0.003468
0.003517
0.002717
0.001819
0.001255
0.000507
-0.000466
-0.000673
0.000174
0.000886
0.000614
-0.000008
-0.000271
-0.000562
-0.001407
-0.002516
-0.003347
-0.003760
-0.003800
-0.003449
-0.002808
-0.002074
-0.001336
-0.000666
-0.000118
0.000393
0.000837
0.000922
0.000577
0.000167
0.000002
0.000056
0.000278
0.000712
0.001260
0.001691
0.001909
0.002010
0.002063
0.002009
0.001808
0.001481
0.001063
0.000678
0.000442
0.000266
-0.000004
-0.000292
-0.000382
-0.000301
-0.000382
-0.000720
-0.000833
-0.000390
0.000061
-0.000063
-0.000408
-0.000490
-0.000599
-0.001002
-0.001319
-0.001315
-0.001250
-0.001246
-0.001203
-0.001105
-0.000873
-0.000443
-0.000047
0.000189
0.000512
0.000933
0.001104
0.001015
0.000987
0.001000
0.000794
0.000415
0.000080
-0.000231
-0.000640
-0.001030
-0.001108
-0.000738
-0.000081
0.000522
0.000838
0.000950
0.001043
0.001057
0.000887
0.000625
0.000323
-0.000107
-0.000617
-0.001044
-0.001269
-0.001219
-0.000988
-0.000829
-0.000775
-0.000614
-0.000226
0.000319
0.000753
0.000780
0.000572
0.000642
0.000957
0.001019
0.000880
0.001031
0.001395
0.001401
0.000947
0.000482
0.000253
0.000085
-0.000152
-0.000316
-0.000277
-0.000173
-0.000278
-0.000658
-0.001043
-0.001183
-0.001202
-0.001275
-0.001288
-0.001183
-0.001171
-0.001276
-0.001132
-0.000610
-0.000171
-0.000134
-0.000199
-0.000019
0.000308
0.000521
0.000597
0.000676
0.000805
0.000907
0.000922
0.000904
0.000963
0.001014
0.000827
0.000463
0.000229
0.000188
0.000085
-0.000223
-0.000482
-0.000324
0.000222
0.000767
0.001004
0.000973
0.000878
0.000764
0.000528
0.000188
-0.000184
-0.000610
-0.001024
-0.001221
-0.001184
-0.001168
-0.001254
-0.001246
-0.001092
-0.000906
-0.000673
-0.000412
-0.000282
-0.000267
-0.000192
-0.000050
0.000066
0.000128
0.000106
0.000011
-0.000049
0.000024
0.000225
0.000481
0.000681
0.000741
0.000742
0.000870
0.001098
0.001165
0.001033
0.000934
0.000859
0.000627
0.000334
0.000118
-0.000117
-0.000359
-0.000466
-0.000542
-0.000791
-0.001119
-0.001302
-0.001328
-0.001260
-0.001054
-0.000708
-0.000354
-0.000127
-0.000042
0.000004
0.000078
0.000134
0.000185
0.000318
0.000557
0.000853
0.001125
0.001295
0.001343
0.001325
0.001307
0.001264
0.001086
0.000727
0.000237
-0.000317
-0.000803
-0.001061
-0.001131
-0.001148
-0.001102
-0.000948
-0.000811
-0.000834
-0.000958
-0.001019
-0.000956
-0.000825
-0.000661
-0.000408
-0.000072
0.000186
0.000261
0.000286
0.000461
0.000766
0.000985
0.001006
0.000842
0.000481
0.000017
-0.000228
-0.000050
0.000385
0.000786
0.000995
0.000992
0.000769
0.000402
0.000139
0.000122
0.000224
0.000268
0.000155
-0.000119
-0.000461
-0.000783
-0.001013
-0.001087
-0.001073
-0.001051
-0.000906
-0.000666
-0.000598
-0.000645
-0.000422
0.000086
0.000478
0.000602
0.000692
0.000777
0.000593
0.000195
-0.000059
-0.000118
-0.000259
-0.000547
-0.000684
-0.000424
0.000098
0.000569
0.000812
0.000874
0.000887
0.000866
0.000751
0.000583
0.000439
0.000319
0.000187
0.000037
-0.000110
-0.000278
-0.000495
-0.000696
-0.000839
-0.000929
-0.000857
-0.000556
-0.000224
-0.000072
-0.000066
-0.000131
-0.000304
-0.000549
-0.000670
-0.000546
-0.000256
0.000105
0.000472
0.000735
0.000855
0.000941
0.001047
0.001069
0.000902
0.000561
0.000186
-0.000054
-0.000109
-0.000057
-0.000007
-0.000037
-0.000123
-0.000134
-0.000080
-0.000188
-0.000496
-0.000731
-0.000784
-0.000831
-0.000890
-0.000737
-0.000360
-0.000067
0.000032
0.000187
0.000480
0.000631
0.000500
0.000270
0.000038
-0.000173
-0.000168
0.000138
0.000481
0.000611
0.000577
0.000526
0.000462
0.000341
0.000177
-0.000004
-0.000182
-0.000332
-0.000416
-0.000380
-0.000261
-0.000197
-0.000247
-0.000303
-0.000318
-0.000429
-0.000629
-0.000643
-0.000411
-0.000207
-0.000075
0.000208
0.000572
0.000692
0.000487
0.000181
-0.000028
-0.000121
-0.000141
-0.000047
0.000203
0.000479
0.000549
0.000366
0.000130
0.000014
-0.000006
0.000034
0.000118
0.000112
-0.000064
-0.000266
-0.000291
-0.000085
0.000182
0.000296
0.000243
0.000131
-0.000012
-0.000214
-0.000433
-0.000579
-0.000645
-0.000675
-0.000610
-0.000363
0.000028
0.000452
0.000791
0.000911
0.000738
0.000373
0.000026
-0.000222
-0.000459
-0.000658
-0.000634
-0.000328
0.000088
0.000358
0.000356
0.000212
0.000119
0.000076
0.000035
0.000038
0.000077
0.000090
0.000122
0.000259
0.000445
0.000484
0.000219
-0.000255
-0.000612
-0.000673
-0.000577
-0.000436
-0.000181
0.000171
0.000455
0.000519
0.000293
-0.000069
-0.000287
-0.000340
-0.000419
-0.000493
-0.000358
-0.000054
0.000204
0.000396
0.000634
0.000860
0.000849
0.000507
0.000014
-0.000411
-0.000648
-0.000657
-0.000517
-0.000302
-0.000026
0.000190
0.000198
0.000051
-0.000060
-0.000054
-0.000010
0.000015
0.000017
-0.000047
-0.000174
-0.000230
-0.000109
0.000126
0.000292
0.000286
0.000265
0.000397
0.000520
0.000364
-0.000019
-0.000342
-0.000477
-0.000457
-0.000315
-0.000140
-0.000024
0.000078
0.000199
0.000230
0.000085
-0.000129
-0.000221
-0.000150
0.000008
0.000194
0.000306
0.000218
-0.000034
-0.000270
-0.000412
-0.000498
-0.000497
-0.000292
0.000145
0.000626
0.000857
0.000738
0.000429
0.000114
-0.000143
-0.000321
-0.000395
-0.000359
-0.000248
-0.000097
0.000105
0.000309
0.000376
0.000299
0.000193
0.000072
-0.000140
-0.000399
-0.000544
-0.000553
-0.000535
-0.000477
-0.000254
0.000099
0.000363
0.000413
0.000333
0.000220
0.000040
-0.000201
-0.000290
-0.000076
0.000240
0.000389
0.000363
0.000303
0.000308
0.000354
0.000298
0.000072
-0.000187
-0.000345
-0.000456
-0.000560
-0.000499
-0.000176
0.000194
0.000379
0.000411
0.000412
0.000336
0.000016
-0.000493
-0.000772
-0.000551
-0.000132
0.000077
0.000116
0.000237
0.000414
0.000411
0.000181
-0.000069
-0.000138
-0.000037
0.000061
0.000028
-0.000079
-0.000132
-0.000082
0.000019
0.000084
0.000083
0.000048
0.000014
0.000030
0.000110
0.000132
-0.000072
-0.000438
-0.000653
-0.000557
-0.000304
-0.000090
0.000036
0.000115
0.000168
0.000208
0.000298
0.000467
0.000559
0.000427
0.000224
0.000181
0.000197
0.000057
-0.000119
-0.000104
-0.000031
-0.000151
-0.000362
-0.000398
-0.000246
-0.000117
-0.000106
-0.000097
0.000018
0.000155
0.000178
0.000045
-0.000226
-0.000514
-0.000582
-0.000324
0.000104
0.000485
0.000694
0.000668
0.000437
0.000138
-0.000126
-0.000294
-0.000288
-0.000139
-0.000003
0.000099
0.000244
0.000311
0.000154
-0.000062
-0.000138
-0.000210
-0.000444
-0.000649
-0.000569
-0.000258
0.000065
0.000278
0.000339
0.000247
0.000099
0.000002
-0.000032
-0.000044
-0.000096
-0.000191
-0.000204
-0.000043
0.000203
0.000399
0.000521
0.000610
0.000618
0.000478
0.000282
0.000161
0.000055
-0.000102
-0.000128
0.000041
0.000073
-0.000210
-0.000490
-0.000458
-0.000241
-0.000135
-0.000241
-0.000471
-0.000694
-0.000781
-0.000643
-0.000357
-0.000128
-0.000053
-0.000047
0.000003
0.000144
0.000325
0.000420
0.000374
0.000269
0.000173
0.000091
0.000081
0.000207
0.000383
0.000445
0.000335
0.000209
0.000293
0.000548
0.000696
0.000569
0.000242
-0.000085
-0.000249
-0.000211
-0.000059
-0.000008
-0.000258
-0.000679
-0.000909
-0.000853
-0.000695
-0.000441
-0.000044
0.000239
0.000193
0.000006
-0.000098
-0.000180
-0.000318
-0.000352
-0.000160
0.000060
0.000103
0.000088
0.000226
0.000518
0.000797
0.000948
0.000923
0.000642
0.000138
-0.000316
-0.000498
-0.000450
-0.000311
-0.000161
-0.000023
0.000109
0.000210
0.000161
-0.000120
-0.000459
-0.000564
-0.000430
-0.000306
-0.000232
-0.000054
0.000150
0.000182
0.000083
-0.000010
-0.000094
-0.000168
-0.000158
-0.000038
0.000126
0.000242
0.000263
0.000196
0.000179
0.000350
0.000527
0.000431
0.000186
0.000058
0.000020
-0.000013
0.000080
0.000295
0.000343
0.000081
-0.000277
-0.000488
-0.000489
-0.000346
-0.000230
-0.000275
-0.000430
-0.000551
-0.000597
-0.000608
-0.000544
-0.000323
0.000043
0.000390
0.000557
0.000575
0.000514
0.000336
0.000083
-0.000051
0.000009
0.000093
0.000061
-0.000018
-0.000023
0.000084
0.000257
0.000388
0.000404
0.000348
0.000292
0.000200
0.000046
-0.000035
0.000044
0.000131
0.000040
-0.000241
-0.000523
-0.000542
-0.000231
0.000171
0.000352
0.000201
-0.000121
-0.000334
-0.000333
-0.000277
-0.000305
-0.000380
-0.000437
-0.000478
-0.000518
-0.000497
-0.000298
0.000077
0.000457
0.000709
0.000815
0.000769
0.000627
0.000488
0.000362
0.000244
0.000205
0.000242
0.000240
0.000122
-0.000105
-0.000378
-0.000554
-0.000515
-0.000355
-0.000328
-0.000507
-0.000667
-0.000576
-0.000268
0.000037
0.000203
0.000292
0.000370
0.000341
0.000137
-0.000049
-0.000020
0.000098
0.000120
0.000114
0.000166
0.000197
0.000147
0.000116
0.000196
0.000292
0.000264
0.000124
-0.000031
-0.000134
-0.000153
-0.000127
-0.000121
-0.000090
0.000044
0.000203
0.000212
0.000047
-0.000149
-0.000303
-0.000455
-0.000579
-0.000621
-0.000617
-0.000582
-0.000378
0.000050
0.000429
0.000468
0.000249
0.000058
0.000027
0.000119
0.000258
0.000326
0.000216
0.000058
0.000077
0.000215
0.000309
0.000414
0.000555
0.000613
0.000550
0.000368
0.000071
-0.000163
-0.000221
-0.000310
-0.000539
-0.000670
-0.000587
-0.000525
-0.000605
-0.000602
-0.000380
-0.000096
0.000161
0.000412
0.000520
0.000366
0.000093
-0.000112
-0.000211
-0.000205
-0.000075
0.000107
0.000184
0.000137
0.000144
0.000280
0.000401
0.000409
0.000323
0.000182
-0.000001
-0.000233
-0.000454
-0.000499
-0.000305
-0.000026
0.000171
0.000268
0.000280
0.000161
-0.000082
-0.000384
-0.000657
-0.000713
-0.000430
0.000028
0.000415
0.000587
0.000502
0.000307
0.000189
0.000122
0.000016
-0.000103
-0.000200
-0.000235
-0.000170
-0.000040
0.000115
0.000253
0.000289
0.000223
0.000175
0.000205
0.000232
0.000134
-0.000072
-0.000245
-0.000315
-0.000294
-0.000215
-0.000153
-0.000122
-0.000098
-0.000151
-0.000259
-0.000289
-0.000327
-0.000512
-0.000639
-0.000478
-0.000146
0.000184
0.000461
0.000644
0.000748
0.000796
0.000681
0.000380
0.000100
0.000024
0.000086
0.000112
0.000060
0.000004
-0.000038
-0.000094
-0.000158
-0.000236
-0.000289
-0.000200
0.000002
0.000129
0.000075
-0.000110
-0.000298
-0.000412
-0.000483
-0.000510
-0.000389
-0.000110
0.000159
0.000275
0.000289
0.000348
0.000422
0.000306
0.000028
-0.000139
-0.000098
-0.000002
0.000029
0.000016
0.000040
0.000200
0.000509
0.000785
0.000801
0.000554
0.000245
-0.000034
-0.000351
-0.000646
-0.000697
-0.000495
-0.000326
-0.000392
-0.000564
-0.000577
-0.000353
-0.000079
0.000021
-0.000074
-0.000212
-0.000284
-0.000272
-0.000138
0.000067
0.000185
0.000237
0.000338
0.000428
0.000426
0.000425
0.000510
0.000616
0.000574
0.000345
0.000121
0.000001
-0.000162
-0.000358
-0.000370
-0.000178
0.000011
0.000079
0.000090
0.000074
-0.000040
-0.000201
-0.000227
-0.000142
-0.000166
-0.000302
-0.000320
-0.000176
-0.000027
0.000032
-0.000011
-0.000109
-0.000156
-0.000082
0.000076
0.000242
0.000332
0.000227
-0.000036
-0.000201
-0.000169
-0.000096
-0.000041
0.000070
0.000222
0.000315
0.000288
0.000173
0.000050
-0.000037
-0.000073
-0.000045
0.000007
-0.000013
-0.000130
-0.000256
-0.000305
-0.000259
-0.000143
-0.000009
0.000069
0.000069
0.000051
0.000043
0.000010
0.000005
0.000090
0.000179
0.000239
0.000385
0.000578
0.000533
0.000117
-0.000383
-0.000613
-0.000578
-0.000439
-0.000219
0.000062
0.000279
0.000369
0.000407
0.000412
0.000319
0.000172
0.000057
-0.000058
-0.000192
-0.000260
-0.000253
-0.000341
-0.000545
-0.000566
-0.000307
-0.000076
-0.000030
-0.000038
-0.000066
-0.000156
-0.000205
-0.000111
0.000047
0.000133
0.000149
0.000203
0.000288
0.000293
0.000225
0.000171
0.000184
0.000283
0.000394
0.000375
0.000218
0.000028
-0.000122
-0.000141
0.000027
0.000247
0.000314
0.000223
0.000084
-0.000111
-0.000362
-0.000527
-0.000523
-0.000432
-0.000316
-0.000173
-0.000089
-0.000145
-0.000248
-0.000273
-0.000198
-0.000075
0.000031
0.000107
0.000168
0.000216
0.000248
0.000257
0.000269
0.000348
0.000456
0.000417
0.000216
0.000052
-0.000025
-0.000113
-0.000206
-0.000224
-0.000162
-0.000106
-0.000153
-0.000310
-0.000441
-0.000373
-0.000141
0.000051
0.000115
0.000108
0.000101
0.000093
0.000041
-0.000034
-0.000059
-0.000012
0.000052
0.000071
0.000096
0.000253
0.000496
0.000594
0.000483
0.000305
0.000122
-0.000108
-0.000353
-0.000467
-0.000368
-0.000211
-0.000176
-0.000162
-0.000011
0.000151
0.000143
0.000065
0.000088
0.000120
0.000006
-0.000149
-0.000189
-0.000198
-0.000274
-0.000284
-0.000130
0.000011
-0.000039
-0.000233
-0.000384
-0.000311
-0.000034
0.000192
0.000212
0.000155
0.000141
0.000132
0.000125
0.000200
0.000352
0.000471
0.000464
0.000338
0.000168
-0.000024
-0.000217
-0.000323
-0.000283
-0.000167
-0.000082
-0.000027
0.000075
0.000200
0.000200
0.000004
-0.000193
-0.000154
0.000019
0.000041
-0.000103
-0.000184
-0.000115
-0.000026
-0.000014
-0.000039
-0.000026
0.000024
0.000073
0.000092
0.000031
-0.000101
-0.000167
-0.000159
-0.000243
-0.000379
-0.000334
-0.000105
0.000110
0.000231
0.000300
0.000338
0.000353
0.000338
0.000242
0.000079
-0.000021
0.000003
0.000058
0.000087
0.000115
0.000101
0.000013
-0.000019
0.000084
0.000156
0.000042
-0.000178
-0.000347
-0.000435
-0.000492
-0.000494
-0.000351
-0.000100
0.000088
0.000139
0.000106
0.000013
-0.000116
-0.000157
-0.000056
0.000044
0.000055
0.000088
0.000176
0.000206
0.000211
0.000329
0.000500
0.000542
0.000453
0.000323
0.000179
0.000031
-0.000134
-0.000368
-0.000601
-0.000639
-0.000382
0.000044
0.000363
0.000392
0.000193
-0.000056
-0.000260
-0.000430
-0.000583
-0.000651
-0.000523
-0.000162
0.000284
0.000573
0.000568
0.000348
0.000118
-0.000010
-0.000097
-0.000181
-0.000189
-0.000087
0.000049
0.000206
0.000424
0.000554
0.000451
0.000251
0.000118
0.000029
-0.000098
-0.000260
-0.000351
-0.000308
-0.000250
-0.000334
-0.000471
-0.000499
-0.000466
-0.000445
-0.000346
-0.000091
0.000218
0.000411
0.000465
0.000490
0.000512
0.000466
0.000367
0.000272
0.000160
0.000062
0.000095
0.000213
0.000241
0.000166
0.000083
-0.000006
-0.000174
-0.000413
-0.000582
-0.000559
-0.000394
-0.000226
-0.000172
-0.000250
-0.000325
-0.000243
-0.000021
0.000188
0.000269
0.000240
0.000180
0.000084
-0.000067
-0.000162
-0.000098
0.000025
0.000069
0.000063
0.000086
0.000154
0.000223
0.000243
0.000250
0.000285
0.000263
0.000121
-0.000026
-0.000048
0.000074
0.000290
0.000464
0.000420
0.000131
-0.000253
-0.000533
-0.000592
-0.000504
-0.000470
-0.000525
-0.000510
-0.000376
-0.000224
-0.000121
-0.000064
-0.000003
0.000097
0.000199
0.000263
0.000296
0.000307
0.000315
0.000310
0.000276
0.000256
0.000272
0.000320
0.000441
0.000525
0.000357
0.000008
-0.000260
-0.000394
-0.000452
-0.000413
-0.000327
-0.000255
-0.000128
0.000027
0.000031
-0.000141
-0.000281
-0.000249
-0.000107
0.000069
0.000277
0.000412
0.000311
0.000008
-0.000280
-0.000397
-0.000353
-0.000224
-0.000077
0.000024
0.000059
0.000093
0.000162
0.000191
0.000121
-0.000001
-0.000126
-0.000215
-0.000191
-0.000073
0.000050
0.000237
0.000544
0.000772
0.000686
0.000323
-0.000104
-0.000398
-0.000454
-0.000347
-0.000259
-0.000265
-0.000289
-0.000239
-0.000179
-0.000225
-0.000276
-0.000149
0.000073
0.000198
0.000228
0.000269
0.000305
0.000233
0.000059
-0.000012
0.000167
0.000413
0.000448
0.000343
0.000317
0.000291
0.000092
-0.000169
-0.000296
-0.000308
-0.000303
-0.000242
-0.000111
-0.000026
-0.000027
-0.000046
-0.000071
-0.000146
-0.000302
-0.000509
-0.000614
-0.000464
-0.000148
0.000104
0.000237
0.000325
0.000333
0.000192
-0.000014
-0.000125
-0.000122
-0.000084
0.000007
0.000208
0.000442
0.000584
0.000595
0.000449
0.000151
-0.000151
-0.000279
-0.000202
-0.000058
-0.000020
-0.000105
-0.000231
-0.000341
-0.000352
-0.000214
-0.000021
0.000136
0.000237
0.000202
0.000000
-0.000165
-0.000132
-0.000032
0.000022
0.000062
0.000028
-0.000113
-0.000199
-0.000110
0.000087
0.000242
0.000232
0.000094
0.000012
0.000064
0.000142
0.000174
0.000177
0.000110
-0.000095
-0.000352
-0.000434
-0.000214
0.000167
0.000406
0.000351
0.000149
-0.000000
-0.000102
-0.000243
-0.000369
-0.000360
-0.000246
-0.000152
-0.000103
-0.000072
-0.000075
-0.000083
-0.000046
0.000021
0.000116
0.000285
0.000441
0.000399
0.000191
0.000034
-0.000007
-0.000046
-0.000083
0.000011
0.000189
0.000233
0.000116
-0.000007
-0.000089
-0.000169
-0.000224
-0.000212
-0.000139
-0.000069
-0.000047
-0.000034
0.000051
0.000182
0.000228
0.000083
-0.000197
-0.000388
-0.000346
-0.000214
-0.000184
-0.000217
-0.000159
0.000038
0.000268
0.000373
0.000328
0.000282
0.000322
0.000358
0.000332
0.000265
0.000200
0.000215
0.000300
0.000279
0.000062
-0.000180
-0.000276
-0.000281
-0.000337
-0.000471
-0.000607
-0.000633
-0.000487
-0.000274
-0.000199
-0.000276
-0.000298
-0.000161
0.000036
0.000205
0.000312
0.000328
0.000322
0.000385
0.000435
0.000323
0.000087
-0.000075
-0.000035
0.000121
0.000222
0.000216
0.000160
0.000092
0.000035
0.000033
0.000071
0.000074
0.000020
-0.000097
-0.000254
-0.000356
-0.000389
-0.000406
-0.000369
-0.000254
-0.000137
-0.000032
0.000109
0.000223
0.000184
0.000016
-0.000159
-0.000252
-0.000180
0.000066
0.000322
0.000434
0.000428
0.000403
0.000365
0.000259
0.000125
0.000053
0.000020
-0.000067
-0.000199
-0.000247
-0.000163
-0.000091
-0.000141
-0.000179
-0.000094
-0.000041
-0.000171
-0.000316
-0.000248
-0.000061
0.000011
-0.000063
-0.000143
-0.000094
0.000099
0.000318
0.000425
0.000353
0.000140
-0.000056
-0.000103
-0.000037
0.000050
0.000124
0.000165
0.000150
0.000094
-0.000022
-0.000195
-0.000266
-0.000178
-0.000107
-0.000101
-0.000021
0.000093
0.000064
-0.000079
-0.000117
0.000058
0.000295
0.000356
0.000209
0.000040
-0.000050
-0.000145
-0.000261
-0.000269
-0.000164
-0.000096
-0.000099
-0.000112
-0.000135
-0.000125
-0.000013
0.000126
0.000199
0.000211
0.000158
0.000082
0.000092
0.000162
0.000140
0.000005
-0.000104
-0.000135
-0.000182
-0.000254
-0.000246
-0.000121
0.000071
0.000257
0.000326
0.000216
0.000033
-0.000086
-0.000168
-0.000289
-0.000351
-0.000229
-0.000008
0.000160
0.000269
0.000365
0.000427
0.000378
0.000159
-0.000089
-0.000107
0.000078
0.000162
0.000043
-0.000112
-0.000196
-0.000202
-0.000110
0.000038
0.000132
0.000125
0.000021
-0.000185
-0.000460
-0.000651
-0.000631
-0.000465
-0.000267
-0.000057
0.000112
0.000152
0.000133
0.000193
0.000289
0.000295
0.000258
0.000298
0.000360
0.000339
0.000274
0.000242
0.000217
0.000155
0.000105
0.000097
0.000029
-0.000120
-0.000209
-0.000166
-0.000048
0.000084
0.000111
-0.000072
-0.000331
-0.000441
-0.000427
-0.000435
-0.000416
-0.000279
-0.000122
-0.000020
0.000093
0.000228
0.000316
0.000355
0.000361
0.000283
0.000072
-0.000204
-0.000306
-0.000095
0.000210
0.000294
0.000116
-0.000081
-0.000075
0.000053
0.000079
-0.000048
-0.000224
-0.000346
-0.000350
-0.000231
-0.000089
-0.000004
0.000053
0.000100
0.000104
0.000109
0.000194
0.000312
0.000288
0.000057
-0.000191
-0.000211
0.000008
0.000216
0.000242
0.000221
0.000266
0.000217
-0.000024
-0.000242
-0.000267
-0.000235
-0.000251
-0.000170
0.000061
0.000222
0.000194
0.000155
0.000164
0.000023
-0.000239
-0.000311
-0.000175
-0.000118
-0.000148
-0.000059
0.000098
0.000144
0.000104
0.000071
0.000023
-0.000062
-0.000116
-0.000104
-0.000101
-0.000180
-0.000296
-0.000305
-0.000099
0.000242
0.000473
0.000464
0.000330
0.000204
0.000116
0.000080
0.000080
0.000051
-0.000019
-0.000049
-0.000020
-0.000062
-0.000202
-0.000255
-0.000152
-0.000046
-0.000042
-0.000067
-0.000077
-0.000143
-0.000263
-0.000282
-0.000120
0.000092
0.000215
0.000269
0.000271
0.000199
0.000119
0.000081
0.000020
-0.000051
-0.000036
0.000015
-0.000042
-0.000159
-0.000155
-0.000039
0.000001
-0.000099
-0.000174
-0.000061
0.000137
0.000214
0.000187
0.000202
0.000291
0.000350
0.000258
0.000052
-0.000066
-0.000066
-0.000155
-0.000348
-0.000392
-0.000253
-0.000185
-0.000258
-0.000289
-0.000191
-0.000048
0.000052
0.000035
-0.000090
-0.000162
-0.000055
0.000147
0.000296
0.000361
0.000380
0.000373
0.000336
0.000259
0.000171
0.000109
0.000050
-0.000023
-0.000051
-0.000035
-0.000085
-0.000181
-0.000217
-0.000269
-0.000446
-0.000619
-0.000606
-0.000450
-0.000248
0.000044
0.000479
0.000875
0.000897
0.000494
0.000062
-0.000080
-0.000047
-0.000045
-0.000069
-0.000074
-0.000126
-0.000267
-0.000392
-0.000383
-0.000239
-0.000013
0.000199
0.000294
0.000326
0.000420
0.000507
0.000404
0.000081
-0.000254
-0.000356
-0.000204
-0.000030
-0.000028
-0.000129
-0.000155
-0.000044
0.000079
0.000045
-0.000113
-0.000173
-0.000050
0.000062
-0.000053
-0.000316
-0.000469
-0.000407
-0.000217
0.000012
0.000219
0.000337
0.000336
0.000273
0.000249
0.000284
0.000251
0.000079
-0.000077
-0.000095
-0.000075
-0.000115
-0.000113
0.000040
0.000204
0.000205
0.000131
0.000118
0.000093
-0.000058
-0.000267
-0.000355
-0.000264
-0.000124
-0.000075
-0.000118
-0.000145
-0.000041
0.000163
0.000291
0.000255
0.000161
0.000095
0.000028
-0.000066
-0.000124
-0.000106
-0.000099
-0.000172
-0.000218
-0.000130
0.000009
0.000066
0.000047
0.000044
0.000077
0.000122
0.000160
0.000159
0.000118
0.000081
0.000057
0.000029
0.000034
0.000071
0.000006
-0.000226
-0.000438
-0.000404
-0.000133
0.000181
0.000333
0.000267
0.000144
0.000116
0.000074
-0.000097
-0.000268
-0.000304
-0.000230
-0.000142
-0.000124
-0.000137
-0.000067
0.000079
0.000191
0.000188
0.000080
-0.000014
0.000042
0.000207
0.000271
0.000160
0.000051
0.000065
0.000110
0.000096
0.000071
0.000066
0.000037
-0.000016
-0.000067
-0.000129
-0.000204
-0.000254
-0.000262
-0.000262
-0.000242
-0.000144
-0.000014
0.000057
0.000106
0.000182
0.000217
0.000217
0.000292
0.000347
0.000162
-0.000180
-0.000367
-0.000295
-0.000127
-0.000027
-0.000040
-0.000111
-0.000130
-0.000060
0.000066
0.000241
0.000424
0.000495
0.000407
0.000251
0.000102
-0.000085
-0.000289
-0.000386
-0.000385
-0.000396
-0.000387
-0.000279
-0.000109
0.000017
0.000042
0.000049
0.000119
0.000112
-0.000057
-0.000183
-0.000123
0.000001
0.000114
0.000254
0.000338
0.000263
0.000130
0.000079
0.000047
-0.000051
