5280
0.000082
0.000214
0.000329
0.000300
0.000179
0.000077
0.000016
-0.000020
-0.000018
0.000013
0.000036
0.000046
0.000030
-0.000063
-0.000212
-0.000265
-0.000160
-0.000061
-0.000097
-0.000167
-0.000120
0.000047
0.000174
0.000125
-0.000007
-0.000021
0.000104
0.000237
0.000280
0.000228
0.000121
-0.000010
-0.000160
-0.000286
-0.000291
-0.000175
-0.000079
-0.000084
-0.000114
-0.000083
0.000009
0.000137
0.000242
0.000238
0.000153
0.000084
0.000040
0.000003
0.000001
0.000013
-0.000020
-0.000062
-0.000053
-0.000029
-0.000043
-0.000057
-0.000017
0.000027
0.000028
0.000035
0.000059
0.000019
-0.000114
-0.000250
-0.000274
-0.000169
-0.000016
0.000100
0.000122
0.000042
-0.000073
-0.000118
-0.000064
0.000023
0.000111
0.000229
0.000340
0.000361
0.000306
0.000248
0.000181
0.000072
-0.000026
-0.000045
-0.000039
-0.000131
-0.000320
-0.000461
-0.000458
-0.000351
-0.000206
-0.000053
0.000066
0.000097
0.000026
-0.000065
-0.000051
0.000073
0.000202
0.000291
0.000331
0.000257
0.000040
-0.000182
-0.000237
-0.000163
-0.000086
0.000021
0.000184
0.000244
0.000091
-0.000126
-0.000207
-0.000145
-0.000068
-0.000048
-0.000070
-0.000076
0.000002
0.000158
0.000287
0.000297
0.000227
0.000165
0.000116
0.000039
-0.000060
-0.000136
-0.000148
-0.000123
-0.000097
-0.000023
0.000084
0.000079
-0.000067
-0.000208
-0.000277
-0.000325
-0.000332
-0.000256
-0.000162
-0.000103
-0.000036
0.000071
0.000174
0.000239
0.000291
0.000347
0.000368
0.000324
0.000281
0.000298
0.000288
0.000162
-0.000000
-0.000099
-0.000186
-0.000316
-0.000414
-0.000410
-0.000339
-0.000250
-0.000156
-0.000062
0.000007
0.000022
0.000016
0.000054
0.000100
0.000086
0.000066
0.000121
0.000171
0.000118
0.000049
0.000052
0.000042
-0.000022
-0.000065
-0.000068
-0.000033
0.000075
0.000191
0.000166
0.000007
-0.000107
-0.000069
-0.000006
-0.000086
-0.000230
-0.000258
-0.000171
-0.000061
0.000039
0.000102
0.000092
0.000021
-0.000011
0.000098
0.000274
0.000334
0.000238
0.000084
-0.000088
-0.000269
-0.000350
-0.000265
-0.000113
-0.000025
0.000005
0.000062
0.000142
0.000142
0.000033
-0.000066
-0.000046
0.000060
0.000154
0.000205
0.000223
0.000187
0.000093
0.000007
-0.000039
-0.000100
-0.000195
-0.000241
-0.000192
-0.000114
-0.000079
-0.000082
-0.000089
-0.000078
-0.000036
-0.000017
-0.000083
-0.000153
-0.000098
0.000032
0.000088
0.000086
0.000135
0.000218
0.000213
0.000122
0.000106
0.000227
0.000322
0.000240
0.000034
-0.000151
-0.000240
-0.000242
-0.000174
-0.000060
0.000009
-0.000027
-0.000080
-0.000074
-0.000073
-0.000150
-0.000256
-0.000284
-0.000198
-0.000074
0.000016
0.000070
0.000106
0.000147
0.000231
0.000326
0.000347
0.000290
0.000245
0.000243
0.000227
0.000184
0.000148
0.000071
-0.000118
-0.000353
-0.000484
-0.000482
-0.000438
-0.000404
-0.000334
-0.000204
-0.000090
-0.000059
-0.000057
0.000036
0.000231
0.000411
0.000461
0.000352
0.000175
0.000074
0.000038
-0.000030
-0.000068
0.000040
0.000197
0.000219
0.000117
0.000019
-0.000056
-0.000159
-0.000233
-0.000175
-0.000044
-0.000003
-0.000084
-0.000169
-0.000167
-0.000119
-0.000107
-0.000084
0.000033
0.000153
0.000149
0.000094
0.000095
0.000110
0.000098
0.000083
0.000033
-0.000083
-0.000182
-0.000164
-0.000077
-0.000038
-0.000022
0.000046
0.000106
0.000086
0.000037
0.000021
0.000032
0.000033
0.000013
0.000022
0.000132
0.000275
0.000267
0.000094
-0.000081
-0.000202
-0.000312
-0.000366
-0.000295
-0.000162
-0.000090
-0.000087
-0.000061
0.000014
0.000073
0.000070
0.000028
-0.000018
-0.000043
-0.000018
0.000044
0.000093
0.000116
0.000144
0.000193
0.000241
0.000245
0.000179
0.000069
-0.000008
-0.000004
0.000071
0.000157
0.000156
0.000038
-0.000096
-0.000186
-0.000284
-0.000407
-0.000483
-0.000442
-0.000275
-0.000064
0.000063
0.000098
0.000158
0.000245
0.000242
0.000167
0.000143
0.000182
0.000202
0.000156
0.000074
0.000039
0.000086
0.000107
-0.000003
-0.000169
-0.000224
-0.000157
-0.000104
-0.000126
-0.000159
-0.000136
-0.000103
-0.000141
-0.000192
-0.000122
0.000038
0.000157
0.000199
0.000187
0.000151
0.000154
0.000217
0.000276
0.000261
0.000162
0.000003
-0.000211
-0.000404
-0.000439
-0.000305
-0.000136
-0.000034
0.000027
0.000100
0.000140
0.000092
0.000013
-0.000009
0.000025
0.000062
0.000056
0.000014
-0.000023
-0.000024
0.000001
0.000053
0.000136
0.000203
0.000199
0.000119
0.000012
-0.000065
-0.000115
-0.000146
-0.000124
-0.000068
-0.000058
-0.000088
-0.000101
-0.000091
-0.000076
-0.000075
-0.000101
-0.000122
-0.000091
-0.000010
0.000081
0.000144
0.000164
0.000151
0.000119
0.000086
0.000085
0.000117
0.000131
0.000086
0.000014
-0.000019
-0.000004
0.000024
0.000042
0.000017
-0.000071
-0.000170
-0.000242
-0.000308
-0.000338
-0.000235
-0.000004
0.000220
0.000314
0.000284
0.000208
0.000103
-0.000023
-0.000075
-0.000008
0.000068
0.000033
-0.000071
-0.000124
-0.000090
-0.000024
0.000014
0.000006
-0.000002
0.000048
0.000101
0.000039
-0.000122
-0.000257
-0.000286
-0.000211
-0.000096
-0.000016
0.000009
-0.000006
-0.000008
0.000067
0.000187
0.000278
0.000353
0.000429
0.000420
0.000253
0.000002
-0.000185
-0.000266
-0.000272
-0.000204
-0.000105
-0.000078
-0.000147
-0.000202
-0.000163
-0.000084
-0.000023
0.000039
0.000124
0.000198
0.000216
0.000161
0.000070
0.000017
0.000004
-0.000035
-0.000089
-0.000090
-0.000055
-0.000045
-0.000078
-0.000134
-0.000163
-0.000113
-0.000021
0.000040
0.000079
0.000134
0.000181
0.000175
0.000107
0.000018
-0.000037
-0.000039
-0.000003
0.000059
0.000128
0.000158
0.000103
-0.000029
-0.000172
-0.000234
-0.000166
-0.000022
0.000083
0.000069
-0.000040
-0.000134
-0.000131
-0.000058
0.000004
0.000029
0.000036
0.000054
0.000078
0.000032
-0.000129
-0.000268
-0.000220
-0.000035
0.000119
0.000190
0.000228
0.000254
0.000250
0.000203
0.000123
0.000031
-0.000063
-0.000137
-0.000152
-0.000103
-0.000069
-0.000119
-0.000197
-0.000216
-0.000187
-0.000148
-0.000072
0.000053
0.000193
0.000374
0.000381
-0.000074
-0.000383
0.000069
0.000439
0.000041
-0.000232
0.000146
0.000339
0.000030
-0.000085
0.000098
0.000017
-0.000265
-0.000249
-0.000052
-0.000120
-0.000344
-0.000345
-0.000201
-0.000183
-0.000153
0.000092
0.000308
0.000257
0.000114
0.000074
0.000097
0.000139
0.000215
0.000250
0.000175
0.000100
0.000128
0.000172
0.000112
0.000001
-0.000036
0.000002
0.000012
-0.000061
-0.000177
-0.000272
-0.000306
-0.000279
-0.000218
-0.000148
-0.000080
-0.000032
-0.000016
-0.000013
-0.000006
0.000011
0.000059
0.000150
0.000241
0.000254
0.000160
0.000019
-0.000085
-0.000115
-0.000106
-0.000121
-0.000133
-0.000067
0.000040
0.000110
0.000150
0.000181
0.000165
0.000047
-0.000137
-0.000254
-0.000234
-0.000101
0.000088
0.000218
0.000205
0.000129
0.000102
0.000094
0.000016
-0.000139
-0.000278
-0.000308
-0.000220
-0.000078
0.000047
0.000145
0.000214
0.000196
0.000093
0.000013
0.000024
0.000065
0.000064
0.000042
0.000032
0.000026
0.000029
0.000026
-0.000019
-0.000086
-0.000137
-0.000163
-0.000162
-0.000143
-0.000114
-0.000062
0.000014
0.000097
0.000160
0.000140
0.000012
-0.000120
-0.000114
0.000025
0.000177
0.000272
0.000280
0.000150
-0.000087
-0.000271
-0.000281
-0.000175
-0.000065
0.000017
0.000074
0.000089
0.000057
0.000029
0.000054
0.000103
0.000104
0.000043
-0.000036
-0.000099
-0.000143
-0.000173
-0.000192
-0.000172
-0.000094
0.000008
0.000107
0.000188
0.000184
0.000088
0.000021
0.000023
0.000004
-0.000061
-0.000085
-0.000007
0.000132
0.000214
0.000149
0.000010
-0.000042
0.000012
0.000049
0.000017
-0.000017
-0.000024
-0.000065
-0.000163
-0.000240
-0.000239
-0.000209
-0.000218
-0.000230
-0.000159
-0.000001
0.000177
0.000317
0.000365
0.000289
0.000158
0.000052
-0.000015
-0.000024
0.000076
0.000244
0.000311
0.000189
0.000006
-0.000099
-0.000291
-0.001398
-0.002906
-0.000930
0.004443
0.004785
-0.001797
-0.004199
0.001344
0.003551
-0.001698
-0.003858
-0.000027
0.000370
-0.002134
0.001494
0.006152
0.001666
-0.004509
-0.001390
0.003926
0.001146
-0.003868
-0.002147
0.001850
0.000792
-0.002035
-0.001078
0.001032
0.000231
-0.001192
-0.000263
0.000868
-0.000152
-0.001213
-0.000456
-0.000209
-0.001303
-0.000398
0.002447
0.003114
0.001692
0.001069
0.000695
-0.000387
-0.000654
0.000078
0.000081
-0.000770
-0.001104
-0.000668
-0.000297
-0.000315
-0.000516
-0.000640
-0.000248
0.000383
0.000064
-0.000861
-0.000443
0.000907
0.000608
-0.000903
-0.000557
0.001355
0.001362
-0.000645
-0.001019
0.000714
0.001262
0.000150
-0.000174
0.000443
0.000256
-0.000685
-0.000856
-0.000107
0.000286
0.000029
-0.000069
-0.000037
-0.000419
-0.000610
0.000148
0.000748
-0.000057
-0.000702
0.000312
0.000786
-0.000668
-0.001128
0.000840
0.001999
0.000256
-0.001632
-0.000569
0.001778
0.001189
-0.002046
-0.002391
0.001440
0.002605
-0.001574
-0.003337
0.000916
0.003125
-0.000758
-0.002641
0.001534
0.003253
-0.001463
-0.003591
0.001157
0.004045
0.000154
-0.003150
-0.001101
0.001089
0.000650
0.000384
-0.000014
-0.001170
-0.000500
0.001024
0.000341
-0.000526
0.000268
-0.000072
-0.001284
-0.000099
0.001575
0.000487
-0.001090
-0.000519
0.000526
0.000681
0.000602
-0.000005
-0.001035
-0.000717
0.000836
0.001039
-0.000457
-0.001325
-0.000723
0.000415
0.001169
0.000529
-0.001092
-0.001076
0.000809
0.001214
-0.000168
-0.000057
0.000831
-0.000639
-0.001948
0.000699
0.003297
0.000364
-0.003614
-0.001392
0.002858
0.001464
-0.002092
-0.001314
0.001114
0.000632
-0.000683
-0.000048
0.000492
-0.000776
-0.001194
0.000462
0.000991
-0.000250
-0.000235
0.000484
-0.000473
-0.000713
0.001730
0.002532
-0.000837
-0.002796
0.000226
0.002286
-0.000605
-0.002891
-0.000412
0.002387
0.001110
-0.001708
-0.002046
-0.000066
0.000979
-0.000488
-0.000897
0.002281
0.004458
0.002011
-0.001419
-0.001434
0.001140
0.001832
-0.001376
-0.004014
-0.001626
0.001549
-0.000421
-0.004204
-0.003103
0.001582
0.002769
-0.000226
-0.000909
0.001330
0.001158
-0.000556
-0.000020
0.000640
0.000056
0.001317
0.002302
-0.001150
-0.003266
0.001053
0.003929
0.000328
-0.001160
0.003002
0.002569
-0.005095
-0.006291
0.003741
0.007982
-0.002580
-0.009846
-0.001078
0.007611
0.002133
-0.005560
-0.002328
0.004011
0.002045
-0.003112
-0.001490
0.003053
0.000518
-0.005729
-0.003322
0.005628
0.006429
-0.001816
-0.005429
-0.000410
0.003225
0.000955
0.000020
0.002366
0.000154
-0.004482
-0.000645
0.005125
-0.000648
-0.007241
0.000187
0.008471
0.001542
-0.007974
-0.003523
0.005075
0.002949
-0.003173
-0.001549
0.002988
0.001677
-0.002203
-0.002344
0.000633
0.002431
0.001032
-0.000957
-0.000832
0.000460
0.001360
0.001174
-0.000637
-0.002838
-0.002082
0.002182
0.004006
0.000440
-0.002556
-0.003161
-0.003450
0.000711
0.006571
0.003170
-0.005652
-0.005807
0.002633
0.007071
0.001774
-0.005200
-0.003933
0.002698
0.004174
-0.000435
-0.003026
-0.001706
-0.000634
0.001273
0.004293
0.002367
-0.003459
-0.005283
-0.002244
0.002568
0.006742
0.003578
-0.006956
-0.009556
0.002382
0.011362
0.003385
-0.007380
-0.003820
0.003987
0.001509
-0.002120
0.003282
0.004963
-0.005762
-0.010708
0.001980
0.012361
0.003000
-0.010469
-0.006978
0.005547
0.006794
-0.002344
-0.005989
-0.000128
0.005509
0.003032
-0.003599
-0.003428
0.003082
0.004268
-0.000961
-0.003390
-0.000541
0.001761
0.000089
-0.001918
-0.001546
0.000409
0.003048
0.001556
-0.004778
-0.004092
0.005448
0.006019
-0.004828
-0.005727
0.005390
0.005841
-0.005558
-0.006587
0.004436
0.007680
-0.001867
-0.009150
-0.003641
0.006699
0.007122
-0.001769
-0.005481
0.000161
0.003696
-0.001228
-0.004899
0.001684
0.008709
0.002774
-0.007467
-0.006390
0.001365
0.003455
0.000716
0.001059
0.004262
0.001593
-0.006901
-0.007571
0.003149
0.009038
0.001334
-0.006474
-0.003038
0.002987
0.000571
-0.004517
-0.002402
0.002721
0.002722
-0.000132
-0.000399
0.000802
0.000101
-0.001465
-0.000124
0.003169
0.002570
-0.001255
-0.001375
0.001950
0.001818
-0.002731
-0.004978
-0.001283
0.004456
0.006717
0.002562
-0.005666
-0.009094
-0.002227
0.006964
0.007261
-0.000300
-0.005823
-0.004634
-0.001309
0.000397
0.002091
0.002708
-0.000282
-0.002824
-0.000470
0.003159
0.002136
-0.001962
-0.002053
0.002352
0.004277
0.000543
-0.004302
-0.003484
0.003055
0.006801
0.002419
-0.004989
-0.007380
-0.002388
0.004430
0.005249
-0.000055
-0.004804
-0.005920
-0.003782
0.003660
0.011980
0.007288
-0.009697
-0.016059
-0.001453
0.013807
0.011247
-0.000912
-0.006474
-0.003701
-0.000994
-0.001047
0.001559
0.006313
0.003030
-0.007387
-0.008265
0.002462
0.006476
-0.000669
-0.003690
0.001910
0.004669
-0.000352
-0.005255
-0.002028
0.005397
0.005439
-0.001892
-0.005057
-0.000940
0.002866
0.001619
-0.001234
-0.001624
-0.001618
-0.003343
-0.002746
0.002929
0.006694
0.001277
-0.006084
-0.004244
0.002073
0.002856
0.000946
0.002312
0.003990
0.001707
-0.002808
-0.005396
-0.004282
-0.000284
0.004461
0.005973
0.001851
-0.003692
-0.004645
-0.000953
0.002132
0.001000
-0.001024
0.000175
0.001340
-0.000802
-0.001576
0.001621
0.001488
-0.004764
-0.005615
0.004364
0.010564
0.002915
-0.006959
-0.007656
-0.002672
0.002084
0.005381
0.006659
0.003877
-0.003710
-0.009776
-0.005817
0.004340
0.007571
0.001731
-0.002540
-0.001135
0.000056
-0.000932
-0.000601
0.000702
-0.000009
-0.000771
0.001262
0.002618
-0.000051
-0.003200
-0.002713
0.000444
0.002358
0.001180
0.000607
0.002251
0.000182
-0.005221
-0.004314
0.001943
0.002633
-0.001139
-0.000216
0.002402
-0.000192
-0.002708
0.000105
0.002490
0.000255
-0.001519
0.001251
0.003746
0.001028
-0.002332
-0.001488
-0.000141
-0.000198
0.001135
0.001870
-0.000494
-0.002445
-0.001234
0.000413
-0.000273
-0.001608
-0.000892
0.002063
0.004312
0.001754
-0.003588
-0.004511
-0.000885
0.001292
0.001617
0.002334
0.000938
-0.003699
-0.005342
0.000515
0.006346
0.003587
-0.002781
-0.003408
0.000822
0.002469
0.000189
-0.000820
0.000690
0.001288
0.000422
-0.000264
-0.000800
-0.000852
0.000128
0.000351
-0.000517
0.000025
0.001503
0.000983
-0.001019
-0.001839
-0.000915
0.000031
-0.000753
-0.001799
-0.000385
0.001953
0.002265
0.001240
-0.000383
-0.003243
-0.004605
-0.001141
0.004964
0.008118
0.004164
-0.005169
-0.010647
-0.004805
0.006721
0.010490
0.003001
-0.004725
-0.004194
-0.001121
-0.002099
-0.002245
0.002718
0.006009
0.001890
-0.003836
-0.003595
0.000181
0.000966
-0.000910
-0.000812
0.001774
0.002414
-0.000868
-0.003167
-0.000179
0.004160
0.003210
-0.001985
-0.004382
-0.002023
0.000609
0.001327
0.001706
0.001803
0.000743
-0.000668
-0.001173
-0.000579
-0.000200
-0.000830
-0.001028
0.000656
0.002854
0.002186
-0.001048
-0.002248
-0.000643
0.000193
-0.000796
-0.001679
-0.000858
0.000952
0.001526
0.000685
0.000163
0.000383
0.000559
0.000195
-0.000627
-0.001180
-0.000968
-0.000115
0.001436
0.002675
0.001477
-0.001346
-0.002879
-0.002698
-0.001366
0.000812
0.002427
0.003145
0.003154
0.001204
-0.002258
-0.004950
-0.005270
-0.002017
0.003550
0.006910
0.005269
0.000353
-0.004202
-0.006009
-0.004629
-0.000896
0.003386
0.005437
0.003356
-0.000894
-0.003321
-0.002892
-0.001782
-0.001406
0.000074
0.003952
0.006105
0.002842
-0.001756
-0.002943
-0.002393
-0.001898
-0.000121
0.002197
0.002725
0.001775
0.000294
-0.001820
-0.003114
-0.002172
-0.000382
0.000601
0.000954
0.001060
0.000495
-0.000309
-0.000225
-0.000108
-0.001369
-0.002482
-0.000881
0.002335
0.002896
0.000119
-0.001180
0.000674
0.000782
-0.002425
-0.003454
0.000168
0.003799
0.003575
0.001085
-0.000660
-0.001177
-0.000862
0.000370
0.001355
0.000722
-0.000614
-0.000978
-0.000577
-0.000935
-0.002187
-0.002008
0.000741
0.003071
0.002249
-0.000453
-0.002563
-0.002516
-0.000531
0.000744
0.000692
0.001988
0.003832
0.002327
-0.001811
-0.004078
-0.003189
-0.001306
0.000920
0.003578
0.004266
0.001712
-0.001572
-0.003413
-0.003746
-0.002591
-0.000094
0.002628
0.004246
0.003653
0.000521
-0.003244
-0.004539
-0.002386
0.001137
0.003347
0.003204
0.001370
-0.000434
-0.000976
-0.000942
-0.001154
-0.000904
0.000103
0.000616
0.000044
-0.000455
-0.000360
-0.000710
-0.001343
-0.000865
0.000173
0.000223
-0.000371
-0.000492
-0.000024
0.000623
0.001122
0.001328
0.001211
0.000828
0.000289
-0.000435
-0.001156
-0.000929
0.000861
0.002761
0.002558
0.000317
-0.002094
-0.003403
-0.002917
-0.000340
0.002570
0.003116
0.001388
-0.000387
-0.001555
-0.002876
-0.003642
-0.001990
0.001546
0.003889
0.003441
0.001142
-0.001444
-0.002681
-0.001694
-0.000018
-0.000020
-0.000699
0.000994
0.003647
0.002784
-0.001094
-0.003401
-0.002608
-0.000458
0.001778
0.003113
0.002142
-0.000625
-0.002465
-0.002041
-0.000630
0.000452
0.001114
0.001457
0.001221
0.000334
-0.000939
-0.002148
-0.002117
0.000030
0.002386
0.002129
0.000074
-0.000728
0.000053
0.000071
-0.001393
-0.002273
-0.001397
-0.000177
0.000382
0.000902
0.001323
0.000749
-0.000418
-0.000796
-0.000077
0.000871
0.001395
0.001233
0.000291
-0.000619
-0.000534
0.000072
0.000349
0.000427
0.000318
-0.000465
-0.001309
-0.000917
0.000299
0.000722
0.000077
-0.000643
-0.000981
-0.000749
0.000537
0.001799
0.000911
-0.001417
-0.002342
-0.001458
-0.000438
0.000550
0.002178
0.003198
0.001774
-0.001288
-0.003108
-0.002139
0.000352
0.002010
0.002000
0.001261
0.000292
-0.001079
-0.001897
-0.001179
0.000037
0.000205
-0.000310
-0.000248
0.000238
0.000568
0.001116
0.001462
0.000497
-0.001165
-0.002153
-0.002304
-0.001942
-0.001211
-0.000408
0.000179
0.000439
0.000243
-0.000455
-0.001285
-0.001568
-0.000812
0.000978
0.003128
0.004518
0.004530
0.003507
0.001877
-0.000160
-0.001656
-0.001302
0.000622
0.002418
0.003194
0.003113
0.002061
-0.000061
-0.002298
-0.003154
-0.002179
-0.000535
0.000342
0.000211
-0.000277
-0.000754
-0.001312
-0.002006
-0.002820
-0.003532
-0.003597
-0.002871
-0.001867
-0.001000
-0.000385
-0.000176
-0.000504
-0.001215
-0.001725
-0.001456
-0.000445
0.000930
0.002271
0.003104
0.003191
0.002583
0.001552
0.000842
0.000907
0.001259
0.001635
0.002370
0.003030
0.002713
0.001634
0.000713
0.000239
-0.000061
-0.000255
-0.000267
-0.000390
-0.000846
-0.001289
-0.001428
-0.001418
-0.001493
-0.001675
-0.001782
-0.001648
-0.001364
-0.001182
-0.001171
-0.001088
-0.000577
0.000304
0.000944
0.001044
0.000934
0.000353
-0.002039
-0.006326
-0.009155
-0.006728
-0.000246
0.004985
0.006264
0.005479
0.004114
0.001252
-0.002288
-0.002978
0.000176
0.003891
0.005588
0.005811
0.005260
0.003761
0.002047
0.001209
0.000981
0.000623
0.000272
0.000302
0.000631
0.001094
0.001355
0.000696
-0.001058
-0.003056
-0.004534
-0.005264
-0.004859
-0.003207
-0.001356
-0.000618
-0.001240
-0.002531
-0.003659
-0.004160
-0.004068
-0.003495
-0.002498
-0.001667
-0.001686
-0.001819
-0.000564
0.001691
0.002926
0.002608
0.002049
0.001881
0.001705
0.001772
0.002758
0.004219
0.004834
0.004024
0.002578
0.001803
0.002154
0.002778
0.002898
0.002930
0.003074
0.002295
0.000270
-0.001406
-0.001583
-0.001270
-0.001489
-0.001622
-0.001148
-0.000882
-0.001439
-0.002257
-0.002769
-0.003037
-0.003079
-0.002820
-0.002422
-0.001919
-0.001227
-0.000764
-0.000924
-0.001266
-0.001248
-0.001018
-0.000882
-0.000807
-0.000793
-0.000866
-0.000627
0.000309
0.001578
0.002393
0.002385
0.001859
0.001352
0.001128
0.001272
0.001852
0.002613
0.003127
0.003285
0.003118
0.002599
0.001890
0.001265
0.000654
-0.000355
-0.001587
-0.002274
-0.003520
-0.007971
-0.013693
-0.013310
-0.004490
0.004434
0.005978
0.004000
0.004383
0.003818
-0.001666
-0.006071
-0.002584
0.004632
0.007707
0.006662
0.006013
0.006425
0.005735
0.003799
0.002044
0.000975
0.000245
-0.000499
-0.001120
-0.000795
0.001041
0.003010
0.002443
-0.001218
-0.005375
-0.007443
-0.007497
-0.006844
-0.005528
-0.003296
-0.001599
-0.002103
-0.003860
-0.004495
-0.003732
-0.003132
-0.003183
-0.003047
-0.002308
-0.001085
0.000758
0.002966
0.004547
0.004906
0.004251
0.002907
0.001452
0.001137
0.002570
0.004534
0.005550
0.005589
0.005169
0.004275
0.003230
0.002910
0.003141
0.002697
0.001470
0.000605
0.000416
0.000286
0.000075
-0.000250
-0.001253
-0.002978
-0.004526
-0.005285
-0.005382
-0.004803
-0.003516
-0.002358
-0.002212
-0.002704
-0.003038
-0.003146
-0.003135
-0.002842
-0.002324
-0.001803
-0.001183
-0.000371
0.000280
0.000523
0.000602
0.000707
0.000923
0.001533
0.002517
0.003375
0.003851
0.004072
0.004093
0.003861
0.003476
0.003181
0.003067
0.002893
0.002319
0.001287
-0.000016
-0.001394
-0.002556
-0.003568
-0.005639
-0.009434
-0.012015
-0.009015
-0.001520
0.003972
0.004569
0.003987
0.004467
0.003005
-0.001171
-0.002977
0.000461
0.004767
0.005365
0.003922
0.004151
0.005803
0.006159
0.004561
0.002675
0.001343
-0.000362
-0.002688
-0.003941
-0.002636
0.000215
0.001862
0.000737
-0.001982
-0.004175
-0.005388
-0.006447
-0.007230
-0.006577
-0.004592
-0.003244
-0.003493
-0.003765
-0.002668
-0.001095
-0.000455
-0.000710
-0.001057
-0.001043
-0.000452
0.000780
0.002406
0.004102
0.005330
0.005274
0.004015
0.003101
0.003609
0.004589
0.004769
0.004489
0.004596
0.004835
0.004592
0.004122
0.003935
0.003644
0.002351
0.000005
-0.002206
-0.003165
-0.003249
-0.003608
-0.004264
-0.004385
-0.004081
-0.004269
-0.004956
-0.005184
-0.004675
-0.004121
-0.003872
-0.003514
-0.002670
-0.001630
-0.001065
-0.001128
-0.001284
-0.001204
-0.001024
-0.000703
0.000044
0.001209
0.002451
0.003419
0.003952
0.004232
0.004595
0.005011
0.005039
0.004492
0.003708
0.002979
0.002338
0.001879
0.001531
0.000882
-0.000182
-0.001637
-0.004390
-0.009073
-0.012923
-0.011250
-0.004116
0.002434
0.004506
0.004765
0.005714
0.004939
0.001125
-0.001567
0.000038
0.002661
0.002231
0.000491
0.001404
0.004507
0.006333
0.005929
0.004886
0.003490
0.000578
-0.003315
-0.005683
-0.005091
-0.002722
-0.000766
-0.000407
-0.001376
-0.002530
-0.003003
-0.003320
-0.004552
-0.006133
-0.006442
-0.005686
-0.005278
-0.004597
-0.001931
0.001708
0.003172
0.001683
-0.000266
-0.000733
-0.000273
0.000267
0.001284
0.002932
0.004164
0.004238
0.003896
0.004270
0.005387
0.006266
0.005953
0.004487
0.003025
0.002580
0.002958
0.003460
0.003794
0.003733
0.002756
0.000757
-0.001471
-0.002963
-0.003642
-0.004357
-0.005598
-0.006618
-0.006547
-0.005726
-0.004990
-0.004390
-0.003677
-0.003213
-0.003435
-0.003862
-0.003531
-0.002351
-0.001173
-0.000553
-0.000179
0.000446
0.001242
0.001735
0.001763
0.001724
0.002072
0.002714
0.003268
0.003845
0.004849
0.005915
0.006018
0.004979
0.003854
0.003317
0.002742
0.001409
-0.000363
-0.001738
-0.002617
-0.004289
-0.008029
-0.012032
-0.011794
-0.005998
0.000529
0.003168
0.003616
0.005179
0.006018
0.003184
-0.000335
0.000270
0.003243
0.003233
0.000512
0.000101
0.003220
0.006109
0.006466
0.005566
0.004346
0.001914
-0.001730
-0.004682
-0.005379
-0.004114
-0.002389
-0.001745
-0.002561
-0.003431
-0.002958
-0.002152
-0.003045
-0.005137
-0.006102
-0.005842
-0.006166
-0.006583
-0.004548
-0.000313
0.002436
0.001892
0.000590
0.001149
0.002638
0.003009
0.002604
0.002959
0.003851
0.003886
0.003229
0.003588
0.005464
0.007020
0.006477
0.004547
0.003285
0.003282
0.003364
0.002736
0.002029
0.001829
0.001429
0.000078
-0.001440
-0.001917
-0.001952
-0.003246
-0.005722
-0.007418
-0.007382
-0.006683
-0.006346
-0.005924
-0.004720
-0.003327
-0.002838
-0.002892
-0.002126
-0.000508
0.000509
0.000228
-0.000390
-0.000183
0.000871
0.001902
0.002344
0.002597
0.003110
0.003475
0.003406
0.003638
0.004609
0.005354
0.004966
0.004049
0.003608
0.003423
0.002648
0.001298
-0.000101
-0.001540
-0.003141
-0.005087
-0.008157
-0.012034
-0.013361
-0.009216
-0.002284
0.002081
0.003391
0.005132
0.007219
0.006242
0.002979
0.002011
0.003608
0.003366
0.000417
-0.000786
0.002062
0.005781
0.007272
0.007189
0.006565
0.004432
0.000555
-0.003103
-0.004910
-0.005120
-0.004770
-0.004754
-0.005398
-0.005763
-0.004497
-0.002247
-0.001495
-0.003159
-0.005340
-0.006459
-0.007233
-0.007933
-0.006685
-0.002829
0.000917
0.002072
0.001887
0.002836
0.004597
0.005246
0.004694
0.004119
0.003684
0.003150
0.003051
0.003821
0.005173
0.006663
0.007597
0.006976
0.005076
0.003866
0.004042
0.003597
0.001318
-0.000816
-0.001139
-0.001203
-0.002390
-0.003208
-0.002783
-0.003149
-0.005505
-0.007882
-0.008452
-0.007963
-0.007678
-0.007451
-0.006697
-0.005366
-0.003553
-0.001564
0.000047
0.001354
0.002787
0.003743
0.003287
0.002202
0.002130
0.002860
0.002831
0.002128
0.002341
0.003560
0.004314
0.004283
0.004497
0.005069
0.004896
0.003599
0.002099
0.001154
0.000432
-0.000837
-0.002722
-0.004451
-0.005837
-0.008031
-0.011348
-0.013044
-0.010025
-0.003755
0.001121
0.003178
0.004925
0.007098
0.007389
0.005561
0.004545
0.005247
0.004978
0.002475
0.000409
0.001319
0.004224
0.006564
0.007102
0.005976
0.003695
0.000979
-0.001495
-0.003537
-0.005092
-0.005961
-0.006436
-0.007210
-0.007854
-0.006812
-0.004091
-0.002178
-0.002798
-0.004523
-0.005321
-0.005553
-0.006123
-0.005828
-0.003469
-0.000564
0.000785
0.001158
0.002594
0.005193
0.007053
0.007110
0.006190
0.005334
0.004745
0.004383
0.004342
0.004562
0.004865
0.005192
0.005405
0.005205
0.004609
0.003998
0.003267
0.001688
-0.000608
-0.002269
-0.002866
-0.003591
-0.004853
-0.005566
-0.005522
-0.005902
-0.006935
-0.007465
-0.007086
-0.006646
-0.006521
-0.006125
-0.005101
-0.003623
-0.001774
0.000259
0.001953
0.003129
0.004061
0.004716
0.004856
0.004672
0.004455
0.004014
0.003248
0.002819
0.003284
0.004046
0.004225
0.003946
0.003690
0.003181
0.002024
0.000669
-0.000266
-0.000983
-0.001930
-0.003090
-0.004756
-0.007793
-0.011904
-0.014614
-0.013334
-0.008290
-0.002370
0.002023
0.004889
0.007165
0.008773
0.009157
0.008658
0.007779
0.005978
0.002992
0.000490
0.000518
0.002963
0.005884
0.007617
0.007610
0.006039
0.003534
0.000804
-0.001917
-0.004669
-0.007247
-0.009303
-0.010556
-0.010520
-0.008654
-0.005526
-0.003074
-0.002690
-0.003850
-0.005187
-0.005918
-0.005910
-0.005238
-0.004124
-0.002859
-0.001417
0.000637
0.003475
0.006507
0.008733
0.009428
0.008645
0.007154
0.005794
0.004992
0.004762
0.004810
0.004628
0.004120
0.004128
0.005245
0.006388
0.006039
0.004314
0.002250
-0.000045
-0.002835
-0.005286
-0.006465
-0.007030
-0.008086
-0.009205
-0.009238
-0.008163
-0.006890
-0.006069
-0.005806
-0.005869
-0.005779
-0.005050
-0.003484
-0.001322
0.000901
0.002813
0.004448
0.006014
0.007457
0.008254
0.007866
0.006520
0.005053
0.003890
0.002949
0.002393
0.002449
0.002736
0.002688
0.002324
0.001948
0.001513
0.000772
-0.000311
-0.001676
-0.003273
-0.004815
-0.006259
-0.008532
-0.012202
-0.015424
-0.015244
-0.011164
-0.005578
-0.000536
0.003904
0.007794
0.010230
0.011020
0.011220
0.011154
0.009773
0.006698
0.003487
0.002188
0.003337
0.005776
0.007781
0.008095
0.006597
0.004244
0.001822
-0.000860
-0.004082
-0.007399
-0.010252
-0.012421
-0.013393
-0.012333
-0.009430
-0.006432
-0.004951
-0.004810
-0.004852
-0.004774
-0.005008
-0.005303
-0.004866
-0.003584
-0.001914
0.000142
0.003048
0.006742
0.010099
0.011732
0.011378
0.010050
0.008797
0.007856
0.007059
0.006324
0.005463
0.004294
0.003333
0.003530
0.004756
0.005286
0.003775
0.001009
-0.001458
-0.003450
-0.005603
-0.007685
-0.009150
-0.010289
-0.011268
-0.011268
-0.009819
-0.007802
-0.006308
-0.005541
-0.005121
-0.004526
-0.003366
-0.001802
-0.000330
0.001073
0.002891
0.005120
0.007230
0.008988
0.010358
0.010776
0.009668
0.007546
0.005539
0.004014
0.002590
0.001250
0.000380
-0.000044
-0.000277
-0.000296
-0.000157
-0.000273
-0.000967
-0.002284
-0.004044
-0.005715
-0.007198
-0.009737
-0.014145
-0.018057
-0.017524
-0.012039
-0.005175
0.000375
0.005165
0.009887
0.013381
0.014824
0.015011
0.014372
0.012084
0.008058
0.004150
0.002573
0.003725
0.005970
0.007364
0.007226
0.006036
0.004341
0.001958
-0.001623
-0.006064
-0.010255
-0.013630
-0.016199
-0.017208
-0.015474
-0.011593
-0.008019
-0.006223
-0.005396
-0.004456
-0.003546
-0.003064
-0.002868
-0.002687
-0.002204
-0.000878
0.001681
0.005336
0.009396
0.012747
0.014460
0.014601
0.014017
0.013167
0.011613
0.008976
0.005783
0.002934
0.000954
0.000078
0.000481
0.001613
0.001936
0.000598
-0.001417
-0.003116
-0.005097
-0.007986
-0.011037
-0.013378
-0.014832
-0.015015
-0.013417
-0.010508
-0.007386
-0.004653
-0.002476
-0.000908
0.000435
0.001981
0.003334
0.003971
0.004519
0.005922
0.008027
0.010081
0.011707
0.012571
0.012039
0.010008
0.007418
0.005095
0.002756
0.000011
-0.002557
-0.004262
-0.005175
-0.005421
-0.004804
-0.003668
-0.002990
-0.003223
-0.004012
-0.005025
-0.006386
-0.008666
-0.012384
-0.016455
-0.017804
-0.014315
-0.007542
-0.000725
0.005036
0.010598
0.015758
0.019014
0.019822
0.018922
0.016624
0.012544
0.007351
0.003319
0.002176
0.003204
0.004390
0.004668
0.004201
0.003302
0.001721
-0.001234
-0.005757
-0.010919
-0.015541
-0.019079
-0.020981
-0.020266
-0.016906
-0.012633
-0.009112
-0.006114
-0.002704
0.000622
0.002376
0.002140
0.001043
0.000422
0.000874
0.002592
0.005664
0.009623
0.013351
0.015902
0.017133
0.017361
0.016595
0.014435
0.010757
0.006262
0.002120
-0.001023
-0.003448
-0.005320
-0.005912
-0.004960
-0.003943
-0.004370
-0.005597
-0.006263
-0.007050
-0.009494
-0.012813
-0.014698
-0.014515
-0.013197
-0.010995
-0.007583
-0.003489
0.000228
0.003139
0.005405
0.007203
0.008508
0.008965
0.008407
0.007743
0.008123
0.009143
0.009565
0.009434
0.009469
0.009096
0.007232
0.004189
0.001057
-0.001885
-0.004838
-0.007430
-0.008987
-0.009337
-0.008824
-0.007866
-0.006640
-0.005166
-0.003814
-0.003325
-0.003964
-0.005444
-0.007794
-0.010881
-0.013034
-0.011931
-0.007171
-0.000691
0.005441
0.010723
0.015669
0.020083
0.022584
0.022194
0.019486
0.015428
0.010287
0.004767
0.000695
-0.000945
-0.001347
-0.001993
-0.002761
-0.002912
-0.002692
-0.003270
-0.005646
-0.009693
-0.014143
-0.017694
-0.019785
-0.020172
-0.018555
-0.015069
-0.010564
-0.005935
-0.001397
0.003137
0.007054
0.009166
0.009120
0.008005
0.007204
0.007130
0.007506
0.008343
0.009866
0.011761
0.013314
0.014178
0.014312
0.013321
0.010558
0.006061
0.000907
-0.003721
-0.007495
-0.010528
-0.012505
-0.012892
-0.011810
-0.010065
-0.008268
-0.006601
-0.005363
-0.004985
-0.005477
-0.006258
-0.006606
-0.006227
-0.005263
-0.003808
-0.001648
0.001385
0.004871
0.007898
0.009869
0.010833
0.010898
0.010039
0.008582
0.007116
0.005875
0.004710
0.003609
0.002792
0.002270
0.001676
0.000606
-0.001064
-0.003151
-0.005331
-0.007382
-0.009143
-0.010246
-0.010322
-0.009443
-0.007892
-0.005820
-0.003459
-0.001246
0.000453
0.001565
0.002024
0.001300
-0.001080
-0.004378
-0.006635
-0.006025
-0.002349
0.002753
0.007453
0.011494
0.015506
0.018928
0.020231
0.018975
0.015802
0.010884
0.004477
-0.001698
-0.005717
-0.007585
-0.008576
-0.009207
-0.009062
-0.007957
-0.006448
-0.005499
-0.005861
-0.007589
-0.009987
-0.012109
-0.013365
-0.013447
-0.012030
-0.009162
-0.005445
-0.001233
0.003598
0.008525
0.012066
0.013296
0.012752
0.011412
0.009767
0.008060
0.006496
0.005198
0.004426
0.004493
0.005291
0.006276
0.006820
0.006299
0.004244
0.000862
-0.002949
-0.006459
-0.009582
-0.012169
-0.013387
-0.012647
-0.010678
-0.008425
-0.005622
-0.002062
0.000876
0.001924
0.001775
0.001501
0.000836
-0.000488
-0.001468
-0.001128
0.000217
0.001823
0.003574
0.005559
0.007398
0.008467
0.008420
0.007368
0.005798
0.004078
0.002099
-0.000096
-0.001899
-0.002934
-0.003474
-0.003715
-0.003524
-0.003083
-0.002983
-0.003476
-0.004240
-0.004927
-0.005350
-0.005359
-0.004955
-0.004175
-0.002857
-0.001031
0.000774
0.002095
0.003091
0.003955
0.004044
0.002498
-0.000286
-0.002760
-0.003873
-0.003578
-0.001830
0.001439
0.005321
0.008585
0.011139
0.013288
0.014311
0.013270
0.010254
0.005923
0.000966
-0.003618
-0.006932
-0.009006
-0.010185
-0.010216
-0.008955
-0.007055
-0.005217
-0.003764
-0.003163
-0.003875
-0.005482
-0.006870
-0.007437
-0.007326
-0.006532
-0.004810
-0.002265
0.000871
0.004469
0.007935
0.010348
0.011368
0.011210
0.010030
0.008079
0.005878
0.003799
0.002012
0.000806
0.000451
0.000877
0.001581
0.001819
0.001179
-0.000062
-0.001474
-0.003098
-0.005071
-0.006890
-0.007781
-0.007807
-0.007610
-0.006792
-0.004317
-0.000972
0.001121
0.001721
0.002284
0.002984
0.002778
0.001653
0.000509
-0.000208
-0.000420
-0.000049
0.000736
0.001728
0.002880
0.003888
0.004331
0.004319
0.004206
0.003666
0.002036
-0.000251
-0.001894
-0.002612
-0.003124
-0.003452
-0.003105
-0.002381
-0.001925
-0.001814
-0.001837
-0.001852
-0.001849
-0.002044
-0.002474
-0.002573
-0.001892
-0.000833
0.000091
0.001022
0.002096
0.002895
0.003064
0.002751
0.002135
0.001038
-0.000606
-0.002230
-0.003161
-0.003217
-0.002249
-0.000014
0.002951
0.005566
0.007501
0.008959
0.009535
0.008600
0.006264
0.003170
-0.000054
-0.002907
-0.005135
-0.006682
-0.007430
-0.007279
-0.006363
-0.004952
-0.003325
-0.001894
-0.001161
-0.001366
-0.002203
-0.003070
-0.003673
-0.004034
-0.003933
-0.003053
-0.001500
0.000444
0.002630
0.004727
0.006228
0.006921
0.006918
0.006358
0.005343
0.003985
0.002493
0.001180
0.000239
-0.000263
-0.000299
-0.000250
-0.000664
-0.001266
-0.001340
-0.001095
-0.001317
-0.001964
-0.002364
-0.002360
-0.002290
-0.002311
-0.002282
-0.001958
-0.001224
-0.000334
0.000330
0.000716
0.000896
0.000681
0.000053
-0.000383
-0.000194
0.000125
0.000043
-0.000044
0.000437
0.001243
0.001839
0.002177
0.002370
0.002260
0.001749
0.001036
0.000312
-0.000404
-0.001134
-0.001880
-0.002521
-0.002812
-0.002675
-0.002276
-0.001736
-0.001085
-0.000381
0.000249
0.000591
0.000541
0.000350
0.000317
0.000393
0.000406
0.000419
0.000577
0.000827
0.001032
0.001151
0.001158
0.000924
0.000253
-0.000753
-0.001403
-0.001203
-0.000775
-0.000774
-0.000435
0.001086
0.002788
0.003265
0.003087
0.003454
0.003668
0.002501
0.000694
-0.000376
-0.000959
-0.001892
-0.002858
-0.003140
-0.002788
-0.002217
-0.001684
-0.001362
-0.001140
-0.000736
-0.000394
-0.000542
-0.000840
-0.000811
-0.000860
-0.001420
-0.001892
-0.001509
-0.000571
0.000107
0.000491
0.001159
0.002125
0.002702
0.002535
0.002017
0.001623
0.001356
0.000910
0.000094
-0.000759
-0.000951
-0.000479
-0.000221
-0.000327
0.000121
0.001166
0.001747
0.001767
0.002076
0.002455
0.002025
0.001086
0.000450
-0.000102
-0.001166
-0.002532
-0.003553
-0.003940
-0.003796
-0.003377
-0.002841
-0.002023
-0.000793
0.000451
0.001260
0.001790
0.002235
0.002236
0.001650
0.000904
0.000184
-0.000621
-0.001261
-0.001384
-0.001088
-0.000607
0.000017
0.000666
0.001146
0.001477
0.001625
0.001337
0.000655
0.000045
-0.000245
-0.000420
-0.000613
-0.000605
-0.000286
0.000024
0.000060
-0.000006
0.000036
0.000070
-0.000043
-0.000156
-0.000079
0.000017
-0.000340
-0.001203
-0.001749
-0.001292
-0.000437
-0.000118
-0.000020
0.000720
0.001782
0.002063
0.001509
0.001170
0.001362
0.001220
0.000491
0.000165
0.000602
0.000828
0.000412
0.000134
0.000380
0.000544
0.000213
-0.000312
-0.000724
-0.001155
-0.001790
-0.002452
-0.002721
-0.002418
-0.001886
-0.001584
-0.001440
-0.000967
-0.000143
0.000446
0.000611
0.000830
0.001186
0.001142
0.000660
0.000349
0.000361
0.000292
0.000159
0.000399
0.000892
0.001077
0.001068
0.001364
0.001696
0.001619
0.001494
0.001658
0.001724
0.001356
0.000711
0.000084
-0.000324
-0.000559
-0.000935
-0.001604
-0.002311
-0.002836
-0.003253
-0.003461
-0.003084
-0.002168
-0.001221
-0.000408
0.000522
0.001414
0.001757
0.001562
0.001269
0.001002
0.000621
0.000131
-0.000306
-0.000415
-0.000108
0.000213
0.000274
0.000407
0.000757
0.000942
0.000829
0.000662
0.000495
0.000228
-0.000081
-0.000260
-0.000191
-0.000016
-0.000096
-0.000472
-0.000727
-0.000645
-0.000478
-0.000398
-0.000236
0.000081
0.000324
0.000341
0.000290
0.000333
0.000370
0.000312
0.000309
0.000428
0.000462
0.000235
-0.000227
-0.000760
-0.001021
-0.000776
-0.000446
-0.000475
-0.000351
0.000422
0.001168
0.001224
0.001022
0.001045
0.001010
0.000619
0.000102
-0.000205
-0.000338
-0.000568
-0.000895
-0.000984
-0.000732
-0.000491
-0.000479
-0.000450
-0.000218
-0.000028
-0.000137
-0.000385
-0.000541
-0.000688
-0.000820
-0.000603
-0.000055
0.000310
0.000416
0.000735
0.001271
0.001479
0.001216
0.000811
0.000426
0.000075
-0.000139
-0.000187
-0.000132
-0.000014
0.000092
0.000182
0.000370
0.000628
0.000732
0.000554
0.000204
-0.000198
-0.000711
-0.001347
-0.001830
-0.001930
-0.001782
-0.001577
-0.001275
-0.000746
-0.000003
0.000690
0.001025
0.001049
0.001035
0.000943
0.000579
0.000099
-0.000190
-0.000252
-0.000169
0.000027
0.000257
0.000420
0.000466
0.000406
0.000365
0.000476
0.000625
0.000614
0.000484
0.000336
0.000082
-0.000286
-0.000564
-0.000669
-0.000715
-0.000745
-0.000692
-0.000515
-0.000250
0.000039
0.000330
0.000569
0.000669
0.000631
0.000469
0.000160
-0.000138
-0.000207
-0.000127
-0.000109
-0.000153
-0.000227
-0.000407
-0.000583
-0.000449
0.000010
0.000404
0.000488
0.000445
0.000435
0.000348
0.000184
0.000099
0.000052
-0.000088
-0.000275
-0.000390
-0.000359
-0.000155
0.000131
0.000371
0.000517
0.000512
0.000299
-0.000025
-0.000280
-0.000397
-0.000433
-0.000471
-0.000477
-0.000326
-0.000064
0.000106
0.000140
0.000105
-0.000010
-0.000168
-0.000238
-0.000250
-0.000349
-0.000467
-0.000400
-0.000152
0.000140
0.000411
0.000632
0.000817
0.000974
0.000964
0.000715
0.000371
-0.000016
-0.000544
-0.001088
-0.001309
-0.001093
-0.000649
-0.000206
0.000206
0.000598
0.000837
0.000795
0.000530
0.000190
-0.000135
-0.000433
-0.000683
-0.000833
-0.000783
-0.000455
-0.000023
0.000165
0.000109
0.000158
0.000353
0.000418
0.000340
0.000280
0.000208
0.000051
-0.000117
-0.000188
-0.000122
0.000026
0.000149
0.000271
0.000535
0.000809
0.000706
0.000258
-0.000062
-0.000120
-0.000200
-0.000340
-0.000309
-0.000085
0.000124
0.000234
0.000306
0.000274
0.000019
-0.000315
-0.000469
-0.000439
-0.000385
-0.000383
-0.000405
-0.000370
-0.000197
0.000103
0.000409
0.000485
0.000187
-0.000206
-0.000316
-0.000286
-0.000388
-0.000431
-0.000189
0.000155
0.000372
0.000564
0.000857
0.001036
0.000860
0.000473
0.000122
-0.000176
-0.000454
-0.000699
-0.000902
-0.000991
-0.000878
-0.000597
-0.000259
0.000077
0.000405
0.000650
0.000646
0.000392
0.000103
-0.000127
-0.000395
-0.000626
-0.000592
-0.000331
-0.000097
0.000065
0.000292
0.000615
0.000904
0.001011
0.000905
0.000630
0.000204
-0.000335
-0.000827
-0.001057
-0.000941
-0.000595
-0.000203
0.000154
0.000475
0.000694
0.000741
0.000640
0.000418
0.000117
-0.000135
-0.000293
-0.000493
-0.000774
-0.000978
-0.000982
-0.000736
-0.000246
0.000288
0.000611
0.000664
0.000519
0.000285
0.000073
-0.000098
-0.000184
-0.000072
0.000134
0.000194
0.000172
0.000274
0.000420
0.000427
0.000322
0.000251
0.000301
0.000408
0.000392
0.000232
0.000140
0.000181
0.000124
-0.000120
-0.000311
-0.000332
-0.000344
-0.000438
-0.000528
-0.000585
-0.000670
-0.000705
-0.000542
-0.000291
-0.000182
-0.000151
-0.000018
0.000166
0.000276
0.000242
0.000002
-0.000337
-0.000484
-0.000318
-0.000043
0.000160
0.000380
0.000664
0.000855
0.000886
0.000808
0.000580
0.000130
-0.000456
-0.000918
-0.001030
-0.000804
-0.000438
-0.000100
0.000172
0.000366
0.000434
0.000411
0.000408
0.000409
0.000225
-0.000218
-0.000653
-0.000753
-0.000547
-0.000278
-0.000011
0.000322
0.000663
0.000894
0.000975
0.000947
0.000880
0.000736
0.000389
-0.000108
-0.000550
-0.000859
-0.001001
-0.000841
-0.000405
0.000014
0.000249
0.000424
0.000580
0.000516
0.000210
-0.000105
-0.000387
-0.000701
-0.000899
-0.000852
-0.000674
-0.000523
-0.000428
-0.000327
-0.000194
-0.000052
0.000132
0.000355
0.000481
0.000374
0.000098
-0.000086
-0.000015
0.000146
0.000184
0.000192
0.000352
0.000521
0.000449
0.000265
0.000234
0.000251
0.000101
-0.000097
-0.000169
-0.000177
-0.000137
0.000041
0.000261
0.000343
0.000271
0.000121
-0.000106
-0.000412
-0.000660
-0.000688
-0.000525
-0.000355
-0.000270
-0.000184
0.000009
0.000272
0.000483
0.000585
0.000576
0.000423
0.000148
-0.000133
-0.000357
-0.000497
-0.000467
-0.000278
-0.000062
0.000119
0.000325
0.000573
0.000758
0.000730
0.000440
-0.000016
-0.000467
-0.000763
-0.000881
-0.000861
-0.000643
-0.000207
0.000211
0.000385
0.000423
0.000504
0.000551
0.000456
0.000319
0.000227
0.000075
-0.000202
-0.000434
-0.000417
-0.000165
0.000092
0.000145
0.000046
-0.000012
0.000010
0.000025
0.000008
-0.000048
-0.000192
-0.000389
-0.000435
-0.000191
0.000153
0.000301
0.000268
0.000275
0.000323
0.000260
0.000102
-0.000050
-0.000220
-0.000436
-0.000591
-0.000550
-0.000302
0.000001
0.000206
0.000279
0.000248
0.000149
-0.000011
-0.000227
-0.000393
-0.000421
-0.000377
-0.000326
-0.000194
0.000122
0.000570
0.000895
0.000919
0.000762
0.000608
0.000444
0.000208
-0.000060
-0.000275
-0.000380
-0.000396
-0.000375
-0.000269
-0.000038
0.000189
0.000301
0.000362
0.000387
0.000286
0.000055
-0.000243
-0.000537
-0.000728
-0.000788
-0.000759
-0.000607
-0.000283
0.000124
0.000419
0.000502
0.000429
0.000313
0.000202
0.000071
-0.000095
-0.000262
-0.000345
-0.000254
-0.000055
0.000074
0.000154
0.000302
0.000384
0.000265
0.000076
-0.000073
-0.000202
-0.000282
-0.000240
-0.000072
0.000133
0.000290
0.000334
0.000225
0.000077
0.000054
0.000093
0.000063
0.000008
-0.000029
-0.000129
-0.000290
-0.000368
-0.000290
-0.000109
0.000111
0.000269
0.000248
0.000123
0.000076
0.000079
-0.000033
-0.000270
-0.000448
-0.000447
-0.000322
-0.000143
0.000087
0.000326
0.000502
0.000562
0.000469
0.000261
0.000064
-0.000031
-0.000102
-0.000284
-0.000482
-0.000458
-0.000205
0.000032
0.000097
0.000054
0.000056
0.000184
0.000350
0.000345
0.000108
-0.000171
-0.000321
-0.000367
-0.000391
-0.000418
-0.000424
-0.000333
-0.000087
0.000214
0.000414
0.000453
0.000377
0.000283
0.000195
0.000121
0.000159
0.000331
0.000448
0.000359
0.000191
0.000131
0.000135
0.000073
-0.000044
-0.000171
-0.000319
-0.000433
-0.000427
-0.000324
-0.000215
-0.000133
-0.000072
-0.000119
-0.000306
-0.000398
-0.000237
-0.000054
-0.000094
-0.000255
-0.000315
-0.000211
0.000000
0.000227
0.000356
0.000349
0.000326
0.000379
0.000422
0.000367
0.000247
0.000105
-0.000045
-0.000170
-0.000236
-0.000213
-0.000074
0.000115
0.000240
0.000280
0.000255
0.000142
-0.000020
-0.000142
-0.000156
-0.000051
0.000075
0.000092
0.000015
-0.000062
-0.000161
-0.000316
-0.000413
-0.000376
-0.000274
-0.000143
0.000026
0.000132
0.000081
0.000008
0.000087
0.000221
0.000203
0.000080
0.000035
0.000078
0.000112
0.000158
0.000277
0.000359
0.000246
0.000032
-0.000052
-0.000042
-0.000144
-0.000330
-0.000406
-0.000364
-0.000322
-0.000274
-0.000193
-0.000133
-0.000107
-0.000100
-0.000152
-0.000236
-0.000226
-0.000121
-0.000049
-0.000032
0.000012
0.000098
0.000210
0.000428
0.000755
0.000921
0.000716
0.000338
0.000134
0.000193
0.000340
0.000369
0.000241
0.000080
-0.000012
-0.000073
-0.000177
-0.000291
-0.000362
-0.000425
-0.000500
-0.000547
-0.000571
-0.000570
-0.000469
-0.000271
-0.000087
0.000020
0.000091
0.000174
0.000258
0.000258
0.000099
-0.000162
-0.000319
-0.000245
-0.000060
0.000068
0.000180
0.000362
0.000476
0.000401
0.000272
0.000216
0.000165
0.000073
0.000017
0.000010
-0.000042
-0.000177
-0.000268
-0.000172
0.000041
0.000208
0.000278
0.000244
0.000092
-0.000083
-0.000166
-0.000212
-0.000317
-0.000395
-0.000294
-0.000098
-0.000034
-0.000107
-0.000120
-0.000015
0.000082
0.000084
0.000050
0.000088
0.000231
0.000384
0.000383
0.000248
0.000195
0.000287
0.000343
0.000254
0.000077
-0.000158
-0.000418
-0.000549
-0.000467
-0.000287
-0.000162
-0.000118
-0.000104
-0.000080
-0.000043
-0.000027
-0.000095
-0.000223
-0.000277
-0.000226
-0.000193
-0.000220
-0.000207
-0.000112
0.000003
0.000115
0.000243
0.000361
0.000391
0.000329
0.000301
0.000374
0.000445
0.000427
0.000388
0.000363
0.000300
0.000170
0.000009
-0.000094
-0.000060
0.000032
0.000033
-0.000045
-0.000121
-0.000232
-0.000380
-0.000455
-0.000451
-0.000437
-0.000389
-0.000266
-0.000125
-0.000050
-0.000058
-0.000095
-0.000099
-0.000073
-0.000045
0.000000
0.000098
0.000205
0.000205
0.000090
0.000043
0.000167
0.000315
0.000343
0.000263
0.000130
0.000019
0.000010
0.000100
0.000192
0.000209
0.000124
-0.000066
-0.000265
-0.000306
-0.000167
-0.000017
0.000008
-0.000039
-0.000064
-0.000118
-0.000227
-0.000262
-0.000162
-0.000056
-0.000087
-0.000231
-0.000325
-0.000280
-0.000148
0.000019
0.000190
0.000312
0.000382
0.000425
0.000416
0.000348
0.000268
0.000206
0.000178
0.000199
0.000226
0.000165
-0.000003
-0.000172
-0.000202
-0.000091
-0.000004
-0.000069
-0.000215
-0.000339
-0.000489
-0.000677
-0.000739
-0.000577
-0.000332
-0.000151
-0.000008
0.000122
0.000162
0.000101
0.000042
0.000069
0.000163
0.000241
0.000269
0.000317
0.000437
0.000545
0.000517
0.000384
0.000308
0.000318
0.000245
0.000032
-0.000129
-0.000079
0.000070
0.000119
0.000048
-0.000045
-0.000136
-0.000235
-0.000275
-0.000202
-0.000121
-0.000182
-0.000356
-0.000489
-0.000504
-0.000445
-0.000383
-0.000282
-0.000077
0.000114
0.000115
-0.000005
-0.000040
0.000044
0.000126
0.000186
0.000292
0.000395
0.000370
0.000233
0.000144
0.000187
0.000243
0.000215
0.000157
0.000092
0.000028
0.000035
0.000067
-0.000006
-0.000145
-0.000207
-0.000195
-0.000181
-0.000127
-0.000028
-0.000034
-0.000218
-0.000444
-0.000549
-0.000489
-0.000313
-0.000116
0.000026
0.000088
0.000112
0.000199
0.000400
0.000578
0.000544
0.000329
0.000168
0.000212
0.000357
0.000399
0.000280
0.000136
0.000054
-0.000040
-0.000180
-0.000260
-0.000239
-0.000208
-0.000214
-0.000229
-0.000265
-0.000361
-0.000492
-0.000556
-0.000488
-0.000362
-0.000285
-0.000231
-0.000096
0.000086
0.000166
0.000141
0.000164
0.000285
0.000423
0.000506
0.000477
0.000315
0.000130
0.000100
0.000221
0.000309
0.000264
0.000148
0.000042
0.000007
0.000058
0.000121
0.000089
-0.000062
-0.000227
-0.000268
-0.000170
-0.000041
0.000032
0.000016
-0.000146
-0.000408
-0.000549
-0.000460
-0.000273
-0.000127
-0.000079
-0.000143
-0.000180
-0.000030
0.000178
0.000249
0.000215
0.000155
0.000082
0.000054
0.000117
0.000248
0.000393
0.000456
0.000356
0.000140
-0.000024
-0.000041
-0.000017
-0.000065
-0.000118
-0.000096
-0.000054
-0.000058
-0.000089
-0.000112
-0.000141
-0.000227
-0.000355
-0.000391
-0.000259
-0.000084
0.000017
0.000093
0.000165
0.000132
-0.000004
-0.000087
-0.000065
-0.000022
0.000021
0.000103
0.000173
0.000161
0.000145
0.000245
0.000425
0.000552
0.000574
0.000504
0.000321
0.000016
-0.000314
-0.000551
-0.000661
-0.000643
-0.000499
-0.000277
-0.000087
-0.000049
-0.000128
-0.000124
0.000020
0.000116
0.000074
0.000017
0.000007
-0.000050
-0.000153
-0.000184
-0.000111
-0.000009
0.000043
0.000030
0.000030
0.000131
0.000309
0.000404
0.000286
0.000059
-0.000056
0.000008
0.000155
0.000259
0.000280
0.000248
0.000150
-0.000011
-0.000142
-0.000169
-0.000120
-0.000098
-0.000179
-0.000293
-0.000289
-0.000173
-0.000071
0.000015
0.000119
0.000157
0.000116
0.000126
0.000183
0.000099
-0.000128
-0.000281
-0.000283
-0.000228
-0.000157
-0.000061
0.000045
0.000105
0.000088
0.000066
0.000113
0.000167
0.000158
0.000127
0.000099
0.000038
-0.000003
0.000070
0.000154
0.000083
-0.000059
-0.000084
-0.000019
-0.000007
-0.000029
0.000029
0.000121
0.000093
-0.000060
-0.000235
-0.000381
-0.000427
-0.000309
-0.000103
0.000061
0.000112
0.000043
-0.000067
-0.000108
-0.000063
0.000017
0.000100
0.000173
0.000214
0.000210
0.000180
0.000165
0.000172
0.000183
0.000206
0.000199
0.000074
-0.000109
-0.000175
-0.000101
-0.000026
-0.000024
-0.000067
-0.000164
-0.000319
-0.000426
-0.000382
-0.000214
-0.000015
0.000154
0.000254
0.000255
0.000164
0.000028
-0.000094
-0.000158
-0.000156
-0.000075
0.000072
0.000177
0.000147
0.000045
-0.000004
0.000045
0.000119
0.000157
0.000159
0.000083
-0.000075
-0.000168
-0.000083
0.000077
0.000118
0.000013
-0.000079
-0.000079
-0.000092
-0.000154
-0.000146
-0.000048
0.000012
0.000016
0.000094
0.000280
0.000447
0.000480
0.000353
0.000101
-0.000160
-0.000274
-0.000227
-0.000186
-0.000245
-0.000302
-0.000295
-0.000298
-0.000342
-0.000319
-0.000178
-0.000011
0.000121
0.000213
0.000253
0.000252
0.000231
0.000193
0.000152
0.000119
0.000098
0.000112
0.000160
0.000207
0.000216
0.000148
0.000017
-0.000079
-0.000093
-0.000104
-0.000178
-0.000306
-0.000424
-0.000409
-0.000248
-0.000099
-0.000033
0.000023
0.000059
0.000026
-0.000010
0.000026
0.000090
0.000131
0.000185
0.000277
0.000316
0.000248
0.000203
0.000261
0.000274
0.000124
-0.000086
-0.000230
-0.000337
-0.000448
-0.000449
-0.000270
-0.000102
-0.000102
-0.000102
0.000061
0.000208
0.000146
0.000016
0.000029
0.000108
0.000037
-0.000149
-0.000214
-0.000102
0.000037
0.000120
0.000137
0.000075
-0.000004
0.000026
0.000167
0.000262
0.000236
0.000183
0.000170
0.000158
0.000091
-0.000038
-0.000147
-0.000156
-0.000149
-0.000214
-0.000252
-0.000184
-0.000097
-0.000072
-0.000058
-0.000040
-0.000117
-0.000271
-0.000266
-0.000013
0.000236
0.000320
0.000374
0.000423
0.000290
0.000018
-0.000108
-0.000028
0.000004
-0.000133
-0.000253
-0.000195
-0.000061
-0.000024
-0.000084
-0.000115
-0.000066
0.000002
0.000042
0.000093
0.000170
0.000168
0.000021
-0.000108
-0.000025
0.000181
0.000261
0.000130
-0.000083
-0.000198
-0.000134
0.000026
0.000123
0.000104
0.000055
0.000039
0.000014
-0.000065
-0.000162
-0.000246
-0.000337
-0.000371
-0.000204
0.000104
0.000268
0.000202
0.000137
0.000232
0.000317
0.000212
0.000048
0.000035
0.000086
-0.000002
-0.000156
-0.000148
-0.000011
0.000007
-0.000157
-0.000287
-0.000226
-0.000112
-0.000116
-0.000167
-0.000162
-0.000156
-0.000150
-0.000037
0.000166
0.000310
0.000351
0.000373
0.000382
0.000294
0.000136
0.000042
0.000035
-0.000009
-0.000112
-0.000136
-0.000021
0.000124
0.000179
0.000105
-0.000068
-0.000274
-0.000417
-0.000401
-0.000257
-0.000190
-0.000324
-0.000452
-0.000318
0.000011
0.000292
0.000397
0.000308
0.000101
-0.000052
-0.000055
0.000007
0.000035
0.000072
0.000189
0.000323
0.000343
0.000262
0.000229
0.000263
0.000229
0.000116
0.000045
0.000023
-0.000056
-0.000219
-0.000338
-0.000320
-0.000260
-0.000295
-0.000377
-0.000319
-0.000068
0.000167
0.000204
0.000086
-0.000089
-0.000240
-0.000244
-0.000071
0.000143
0.000273
0.000305
0.000271
0.000206
0.000149
0.000081
-0.000048
-0.000177
-0.000186
-0.000128
-0.000145
-0.000192
-0.000125
0.000013
0.000085
0.000125
0.000254
0.000410
0.000430
0.000289
0.000107
0.000000
-0.000022
-0.000042
-0.000132
-0.000277
-0.000376
-0.000364
-0.000311
-0.000303
-0.000258
-0.000094
0.000033
-0.000010
-0.000068
0.000002
0.000106
0.000102
0.000005
-0.000036
0.000092
0.000323
0.000462
0.000412
0.000271
0.000187
0.000181
0.000182
0.000146
0.000053
-0.000113
-0.000311
-0.000411
-0.000316
-0.000083
0.000118
0.000126
-0.000059
-0.000255
-0.000336
-0.000347
-0.000303
-0.000178
-0.000054
-0.000020
0.000005
0.000106
0.000205
0.000244
0.000263
0.000229
0.000078
-0.000105
-0.000143
-0.000014
0.000083
0.000055
0.000093
0.000307
0.000482
0.000424
0.000249
0.000110
-0.000066
-0.000332
-0.000538
-0.000576
-0.000480
-0.000307
-0.000133
-0.000025
0.000030
0.000046
0.000070
0.000170
0.000284
0.000272
0.000110
-0.000083
-0.000167
-0.000111
0.000009
0.000124
0.000190
0.000181
0.000141
0.000133
0.000110
-0.000007
-0.000131
-0.000088
0.000089
0.000153
0.000008
-0.000204
-0.000349
-0.000383
-0.000262
-0.000004
0.000175
0.000077
-0.000135
-0.000155
0.000039
0.000224
0.000257
0.000207
0.000189
0.000193
0.000131
0.000005
-0.000101
-0.000148
-0.000195
-0.000279
-0.000333
-0.000286
-0.000162
-0.000013
0.000122
0.000198
0.000162
0.000034
-0.000012
0.000126
0.000259
0.000183
-0.000008
-0.000106
-0.000067
0.000004
0.000057
0.000123
0.000165
0.000101
-0.000019
-0.000061
-0.000035
-0.000049
-0.000064
0.000013
0.000091
0.000054
-0.000037
-0.000076
-0.000064
-0.000059
-0.000086
-0.000120
-0.000148
-0.000187
-0.000193
-0.000062
0.000150
0.000219
