5920
-0.000189
-0.000163
-0.000038
0.000100
0.000171
0.000140
0.000012
-0.000125
-0.000195
-0.000229
-0.000246
-0.000196
-0.000090
-0.000035
-0.000040
0.000003
0.000087
0.000097
0.000032
0.000034
0.000194
0.000429
0.000535
0.000406
0.000179
0.000050
0.000000
-0.000099
-0.000241
-0.000330
-0.000338
-0.000303
-0.000264
-0.000207
-0.000083
0.000085
0.000164
0.000055
-0.000144
-0.000237
-0.000151
-0.000001
0.000093
0.000142
0.000185
0.000199
0.000181
0.000187
0.000232
0.000226
0.000131
0.000034
-0.000020
-0.000056
-0.000048
0.000034
0.000076
-0.000024
-0.000120
-0.000054
0.000034
-0.000057
-0.000255
-0.000326
-0.000208
-0.000080
-0.000106
-0.000241
-0.000313
-0.000219
-0.000024
0.000131
0.000222
0.000347
0.000501
0.000520
0.000313
0.000004
-0.000173
-0.000133
-0.000008
0.000071
0.000098
0.000063
-0.000064
-0.000207
-0.000261
-0.000231
-0.000178
-0.000102
0.000027
0.000158
0.000187
0.000081
-0.000074
-0.000168
-0.000199
-0.000212
-0.000170
-0.000048
0.000072
0.000096
0.000048
0.000046
0.000112
0.000138
0.000123
0.000165
0.000232
0.000202
0.000073
-0.000040
-0.000042
0.000051
0.000126
0.000115
0.000074
0.000045
-0.000002
-0.000097
-0.000233
-0.000372
-0.000471
-0.000491
-0.000417
-0.000264
-0.000086
0.000087
0.000297
0.000521
0.000608
0.000505
0.000334
0.000215
0.000146
0.000072
-0.000001
-0.000056
-0.000132
-0.000239
-0.000319
-0.000306
-0.000183
-0.000036
0.000014
0.000001
0.000010
-0.000018
-0.000143
-0.000277
-0.000325
-0.000250
-0.000069
0.000112
0.000195
0.000217
0.000266
0.000294
0.000182
-0.000014
-0.000112
-0.000086
-0.000054
-0.000042
0.000027
0.000129
0.000188
0.000225
0.000257
0.000218
0.000098
-0.000030
-0.000131
-0.000206
-0.000253
-0.000264
-0.000240
-0.000193
-0.000174
-0.000203
-0.000184
-0.000057
0.000056
0.000092
0.000181
0.000324
0.000345
0.000235
0.000129
0.000068
0.000044
0.000043
0.000035
0.000037
0.000056
0.000008
-0.000121
-0.000181
-0.000109
-0.000058
-0.000131
-0.000220
-0.000198
-0.000099
-0.000063
-0.000120
-0.000166
-0.000159
-0.000132
-0.000081
0.000018
0.000136
0.000212
0.000228
0.000226
0.000254
0.000319
0.000351
0.000263
0.000095
-0.000001
0.000025
0.000052
-0.000012
-0.000105
-0.000144
-0.000133
-0.000127
-0.000158
-0.000204
-0.000211
-0.000168
-0.000128
-0.000158
-0.000249
-0.000281
-0.000181
-0.000015
0.000141
0.000300
0.000463
0.000527
0.000388
0.000122
-0.000072
-0.000123
-0.000127
-0.000111
-0.000046
0.000013
0.000013
-0.000006
0.000030
0.000130
0.000180
0.000042
-0.000220
-0.000397
-0.000392
-0.000242
-0.000027
0.000113
0.000096
0.000008
-0.000024
0.000006
0.000003
-0.000072
-0.000131
-0.000122
-0.000079
0.000012
0.000175
0.000366
0.000522
0.000575
0.000500
0.000351
0.000174
-0.000017
-0.000187
-0.000316
-0.000422
-0.000511
-0.000529
-0.000413
-0.000228
-0.000118
-0.000108
-0.000099
-0.000024
0.000093
0.000196
0.000249
0.000271
0.000299
0.000311
0.000272
0.000198
0.000112
0.000022
-0.000059
-0.000133
-0.000211
-0.000225
-0.000135
-0.000049
-0.000054
-0.000069
-0.000031
0.000002
0.000032
0.000107
0.000121
-0.000029
-0.000237
-0.000331
-0.000258
-0.000082
0.000065
0.000106
0.000107
0.000163
0.000235
0.000218
0.000085
-0.000080
-0.000152
-0.000101
-0.000006
0.000070
0.000084
0.000023
0.000009
0.000110
0.000153
0.000038
-0.000054
0.000038
0.000193
0.000200
0.000040
-0.000134
-0.000212
-0.000240
-0.000287
-0.000278
-0.000116
0.000067
0.000074
-0.000033
-0.000075
-0.000051
-0.000032
-0.000012
0.000013
0.000046
0.000107
0.000182
0.000234
0.000251
0.000240
0.000232
0.000239
0.000192
0.000050
-0.000099
-0.000210
-0.000361
-0.000531
-0.000553
-0.000388
-0.000214
-0.000152
-0.000079
0.000117
0.000292
0.000277
0.000184
0.000227
0.000384
0.000478
0.000392
0.000166
-0.000012
-0.000018
0.000022
-0.000053
-0.000210
-0.000330
-0.000355
-0.000317
-0.000278
-0.000243
-0.000145
0.000020
0.000124
0.000072
-0.000056
-0.000109
-0.000049
0.000029
0.000081
0.000155
0.000240
0.000287
0.000283
0.000217
0.000082
-0.000058
-0.000124
-0.000135
-0.000151
-0.000161
-0.000138
-0.000068
0.000057
0.000184
0.000232
0.000212
0.000166
0.000076
-0.000071
-0.000206
-0.000242
-0.000187
-0.000155
-0.000217
-0.000250
-0.000127
0.000067
0.000200
0.000241
0.000240
0.000264
0.000259
0.000100
-0.000166
-0.000328
-0.000282
-0.000118
0.000051
0.000161
0.000151
0.000055
0.000007
0.000060
0.000131
0.000142
0.000081
-0.000009
-0.000075
-0.000122
-0.000177
-0.000194
-0.000145
-0.000075
-0.000002
0.000078
0.000098
-0.000006
-0.000166
-0.000278
-0.000318
-0.000247
-0.000028
0.000250
0.000429
0.000446
0.000352
0.000222
0.000100
0.000015
-0.000018
-0.000035
-0.000095
-0.000156
-0.000123
-0.000044
-0.000042
-0.000118
-0.000203
-0.000236
-0.000162
0.000009
0.000199
0.000325
0.000323
0.000181
-0.000011
-0.000142
-0.000184
-0.000177
-0.000152
-0.000090
0.000008
0.000074
0.000090
0.000109
0.000123
0.000105
0.000096
0.000079
-0.000021
-0.000149
-0.000220
-0.000250
-0.000215
-0.000086
0.000021
0.000002
-0.000096
-0.000149
-0.000069
0.000092
0.000185
0.000176
0.000147
0.000139
0.000114
0.000049
-0.000010
-0.000035
-0.000057
-0.000045
0.000077
0.000251
0.000327
0.000271
0.000171
0.000049
-0.000126
-0.000291
-0.000359
-0.000332
-0.000250
-0.000174
-0.000136
-0.000082
0.000012
0.000092
0.000143
0.000157
0.000087
-0.000014
-0.000006
0.000085
0.000101
0.000046
0.000014
-0.000016
-0.000022
0.000085
0.000215
0.000174
-0.000015
-0.000150
-0.000151
-0.000114
-0.000083
-0.000017
0.000037
0.000045
0.000125
0.000270
0.000283
0.000114
-0.000091
-0.000205
-0.000179
-0.000081
-0.000079
-0.000229
-0.000388
-0.000444
-0.000425
-0.000348
-0.000172
0.000095
0.000342
0.000456
0.000414
0.000306
0.000266
0.000303
0.000273
0.000138
0.000039
0.000047
0.000052
-0.000015
-0.000072
-0.000084
-0.000087
0.000048
0.000228
-0.000150
-0.000819
-0.000590
0.000166
0.000056
-0.000407
0.000024
0.000618
0.000263
-0.000273
-0.000112
0.000067
-0.000258
-0.000357
0.000065
0.000216
-0.000112
-0.000139
0.000306
0.000488
0.000208
0.000038
0.000122
0.000072
-0.000086
-0.000010
0.000171
0.000168
0.000156
0.000309
0.000333
0.000036
-0.000279
-0.000362
-0.000382
-0.000474
-0.000479
-0.000321
-0.000178
-0.000152
-0.000117
0.000011
0.000121
0.000128
0.000124
0.000202
0.000304
0.000304
0.000175
0.000016
-0.000070
-0.000054
0.000025
0.000108
0.000156
0.000148
0.000076
-0.000025
-0.000087
-0.000099
-0.000117
-0.000135
-0.000092
-0.000023
0.000016
0.000072
0.000131
0.000076
-0.000064
-0.000119
-0.000082
-0.000078
-0.000119
-0.000118
-0.000055
0.000025
0.000100
0.000129
0.000048
-0.000099
-0.000152
-0.000020
-0.000197
-0.001394
-0.001706
0.001566
0.004455
0.001277
-0.003086
-0.001077
0.002726
0.000838
-0.002543
-0.000900
0.001837
0.000328
-0.001778
-0.000446
0.000672
-0.001493
-0.002810
0.000159
0.003168
0.001556
-0.001357
-0.000533
0.001889
0.001556
-0.000285
-0.000530
0.000021
-0.000433
-0.000963
-0.000426
0.000155
-0.000056
-0.000137
0.000351
0.000413
-0.000195
-0.000423
-0.000016
0.000168
-0.000057
-0.000118
-0.000030
-0.000235
-0.000515
-0.000335
0.000145
0.000317
0.000119
0.000098
0.000442
0.000510
-0.000025
-0.000356
-0.000020
0.000215
0.000019
-0.000026
0.000117
-0.000048
-0.000477
-0.000549
0.000015
0.000470
0.000173
-0.000113
0.000332
0.000655
0.000150
-0.000310
-0.000118
-0.000038
-0.000321
-0.000146
0.000410
0.000353
-0.000211
-0.000230
0.000311
0.000317
-0.000469
-0.000898
-0.000307
0.000331
0.000028
-0.000491
-0.000120
0.000335
-0.000216
-0.000421
0.000742
0.001295
0.000174
-0.000583
0.000041
0.000381
-0.000291
-0.000444
0.000440
0.000711
-0.000061
-0.000247
0.000052
-0.000456
-0.000570
0.000381
0.000202
-0.001047
-0.000664
0.000773
0.000363
-0.001008
-0.000386
0.000974
0.000209
-0.001000
0.000001
0.001223
0.000324
-0.000585
0.000226
0.000799
0.000272
0.000093
0.000226
-0.000291
-0.000677
0.000051
0.000547
-0.000625
-0.001493
-0.000061
0.001340
0.000668
-0.000141
-0.000014
-0.000141
-0.000483
-0.000420
-0.000043
0.000494
0.000573
-0.000138
-0.000470
0.000242
0.000360
-0.000879
-0.001013
0.000804
0.001328
-0.000405
-0.000989
0.000433
0.000751
-0.000534
-0.000656
0.000759
0.000918
-0.000900
-0.000902
0.001644
0.000687
-0.003084
-0.001054
0.003230
0.000226
-0.003447
0.000538
0.004137
0.000672
-0.003071
-0.001238
0.001732
0.000460
-0.001494
0.000333
0.001766
-0.000406
-0.001833
-0.000314
0.001086
0.001004
0.000196
-0.000923
-0.000889
0.000771
0.001533
0.000235
-0.001134
-0.001152
0.000054
0.001825
0.001450
-0.002273
-0.003365
0.001487
0.003798
-0.000999
-0.003359
0.001170
0.002598
-0.002344
-0.002856
0.002652
0.002541
-0.002890
-0.002099
0.002964
0.002216
-0.002585
-0.003180
0.001714
0.004246
-0.000360
-0.003109
0.001424
0.002939
-0.002176
-0.003097
0.002225
0.003138
-0.002257
-0.003343
0.002355
0.003444
-0.002989
-0.004203
0.002714
0.004381
-0.001631
-0.002978
0.001771
0.001967
-0.002564
-0.002310
0.001680
0.000968
-0.001940
0.000142
0.002879
-0.000011
-0.002599
0.000333
0.001840
-0.001141
-0.001912
0.000125
0.000815
0.001180
0.001682
0.000391
-0.001041
-0.000670
-0.000029
0.000039
-0.000205
-0.000753
0.000122
0.001948
0.000854
-0.002282
-0.001544
0.003193
0.002776
-0.003695
-0.002842
0.004680
0.002360
-0.006467
-0.004073
0.004748
0.002535
-0.004890
-0.001130
0.005723
0.000848
-0.005560
-0.001174
0.004238
0.001762
-0.001612
-0.000528
0.001702
0.002109
-0.000519
-0.003322
-0.000653
0.003163
0.001035
-0.001742
-0.000168
0.000663
-0.001522
-0.001900
0.001048
0.002281
-0.000980
-0.002888
0.000599
0.002375
-0.001266
-0.002332
0.001760
0.002786
-0.000717
-0.000525
0.002545
0.000047
-0.004447
-0.001887
0.003274
0.001773
-0.002226
-0.000339
0.002597
-0.000822
-0.003954
0.000569
0.004336
-0.000090
-0.004030
-0.000654
0.003178
0.001915
-0.000565
-0.000953
-0.000099
0.000534
-0.000603
-0.001607
0.000194
0.001324
-0.000353
-0.000229
0.002291
0.001058
-0.003565
-0.003417
0.001800
0.003467
0.000374
-0.000765
0.000593
-0.000022
-0.001948
-0.001024
0.001568
0.000273
-0.002484
0.000234
0.003668
0.000197
-0.004057
-0.001050
0.002971
0.000332
-0.002193
0.001278
0.003315
-0.000357
-0.003110
-0.000852
0.002152
0.001716
-0.001016
-0.001877
0.000524
0.000970
-0.002185
-0.001502
0.003275
0.002956
-0.002112
-0.002398
0.002154
0.002126
-0.002387
-0.002308
0.001477
0.001999
0.000614
-0.000046
-0.001840
-0.003045
-0.000353
0.002212
-0.000122
-0.002265
0.000461
0.002296
0.000006
-0.001433
-0.000511
0.000412
0.000891
0.000473
0.000520
0.002110
0.000696
-0.003601
-0.002673
0.003501
0.005104
-0.000681
-0.004991
-0.001627
0.002732
0.000730
-0.001924
0.000366
0.001561
-0.000641
0.000069
0.002147
-0.001113
-0.004561
-0.000466
0.003546
-0.000259
-0.002419
0.002461
0.003290
-0.002574
-0.004082
0.000218
0.002153
0.000458
-0.000828
-0.000246
0.000860
0.000776
-0.000234
-0.001511
-0.001816
0.001289
0.004233
0.000925
-0.003026
0.000347
0.003808
-0.000165
-0.003549
-0.000279
0.002308
-0.000392
-0.002308
0.000013
0.001062
-0.001995
-0.002516
0.002161
0.002991
-0.002061
-0.002987
0.001050
0.002672
0.001225
-0.001827
-0.004232
-0.000003
0.006571
0.003386
-0.004562
-0.003418
0.002814
0.002868
-0.001099
-0.001811
0.000144
0.000370
-0.001807
-0.001851
0.002839
0.004122
-0.002986
-0.006691
0.000043
0.006068
0.003230
-0.001461
-0.000733
0.000400
-0.003058
-0.003463
0.003207
0.006038
-0.000031
-0.003847
0.000037
0.002089
-0.001585
-0.003391
-0.000994
0.001208
0.001681
0.001223
0.000524
-0.000297
-0.001690
-0.002581
-0.001540
0.000663
0.002592
0.003782
0.003436
0.000303
-0.004249
-0.005274
-0.000463
0.004793
0.004317
-0.001063
-0.005790
-0.005090
0.000745
0.005817
0.004531
-0.001831
-0.005357
-0.001281
0.003422
0.001348
-0.001774
0.000424
0.003683
0.003349
-0.000028
-0.004076
-0.005952
-0.004043
0.001404
0.007151
0.006703
-0.001284
-0.008186
-0.006079
0.001901
0.005732
0.001381
-0.003361
-0.000045
0.006004
0.002414
-0.007153
-0.005953
0.004093
0.005634
0.000239
0.000505
0.001883
-0.002738
-0.004730
0.001008
0.004787
0.000755
-0.004222
-0.003267
0.001852
0.004290
0.000646
-0.003431
-0.002052
0.000289
-0.001142
-0.000943
0.003610
0.003808
-0.003720
-0.007605
-0.000959
0.006337
0.004295
-0.002020
-0.003057
-0.000074
0.001447
0.002716
0.004006
0.000432
-0.005516
-0.003555
0.005252
0.006859
-0.001425
-0.005922
-0.001804
0.000474
-0.002024
-0.000745
0.004140
0.003596
-0.002200
-0.004600
-0.001181
0.002458
0.002273
0.000526
0.000242
-0.001001
-0.004783
-0.005141
0.000612
0.004737
0.002700
-0.000196
-0.000267
0.000157
-0.001202
-0.003592
-0.002793
0.003635
0.008731
0.005159
-0.001805
-0.003403
-0.001150
-0.001226
-0.002527
0.000010
0.003543
0.002111
-0.000367
0.000995
0.000232
-0.005341
-0.006126
0.000853
0.004755
0.001547
-0.000777
0.000097
-0.000579
-0.001954
-0.000803
0.000305
-0.000383
0.000231
0.002196
0.001506
-0.001585
-0.002344
-0.000482
0.000180
-0.000102
0.001276
0.003512
0.002861
-0.002248
-0.006013
-0.002284
0.004116
0.005307
0.002749
0.000245
-0.002865
-0.004537
-0.001157
0.003395
0.002717
-0.001782
-0.003043
0.001381
0.004461
0.000183
-0.004900
-0.002709
0.001765
0.001292
-0.000119
0.001558
0.000293
-0.005432
-0.005983
0.000771
0.004926
0.002648
0.000268
0.001145
0.001946
0.000091
-0.003184
-0.004155
-0.000283
0.004689
0.005167
0.002019
-0.000896
-0.002769
-0.003746
-0.002975
-0.000250
0.002482
0.002813
0.001779
0.001731
0.001411
-0.001938
-0.006756
-0.006429
0.000881
0.006515
0.004434
-0.000184
-0.001783
-0.001765
-0.002198
-0.001662
0.000367
0.001591
0.000864
-0.000321
-0.000509
0.000159
0.001061
0.001630
0.001741
0.001855
0.001083
-0.001275
-0.002765
-0.001459
0.000512
0.000944
0.000519
0.000425
0.001026
0.001257
-0.000392
-0.002489
-0.002872
-0.002151
-0.001073
0.000429
0.001606
0.002419
0.002931
0.000908
-0.003811
-0.005718
-0.001579
0.003486
0.004064
0.001974
0.001572
0.001817
-0.001297
-0.004910
-0.003630
-0.000441
0.001035
0.003534
0.006155
0.003746
-0.002524
-0.006397
-0.004818
-0.000587
0.001469
0.001125
0.002043
0.003399
0.001260
-0.002054
-0.002752
-0.002773
-0.001534
0.003038
0.004627
0.000081
-0.002343
-0.000371
-0.000850
-0.003147
-0.001841
0.000861
0.000961
0.000702
0.002541
0.003368
-0.000270
-0.004509
-0.002761
0.002728
0.004550
0.001887
-0.001107
-0.002132
-0.001400
0.000034
0.001732
0.002820
0.000955
-0.003228
-0.004887
-0.001843
0.002240
0.002489
-0.001149
-0.002883
0.000585
0.004038
0.002517
-0.000862
-0.002119
-0.002009
-0.001003
0.000827
0.000967
-0.000790
-0.000975
0.000832
0.001379
0.000785
0.001102
0.001331
0.000693
-0.000374
-0.001628
-0.002050
-0.001018
0.001110
0.002743
0.001350
-0.001905
-0.002418
-0.000477
-0.000835
-0.002796
-0.001559
0.002332
0.004374
0.002806
-0.000692
-0.002485
-0.000728
0.000550
-0.001443
-0.002019
0.000968
0.002865
0.002148
0.002109
0.002866
0.000461
-0.004314
-0.004895
-0.001078
0.000437
-0.000932
-0.000410
0.002042
0.002797
0.000627
-0.002314
-0.003751
-0.004242
-0.003486
0.001486
0.008394
0.009555
0.003011
-0.004688
-0.006606
-0.003210
-0.000339
0.000389
0.002036
0.004093
0.003569
0.001255
-0.000732
-0.002527
-0.003921
-0.003392
-0.000974
0.001567
0.003125
0.003352
0.001748
-0.001081
-0.002872
-0.002336
-0.000871
-0.000185
0.000187
0.000487
-0.001063
-0.003325
-0.001339
0.003755
0.004285
0.000332
-0.001393
-0.001038
-0.002200
-0.003170
-0.000991
0.002914
0.005136
0.004645
0.002430
-0.000686
-0.003716
-0.004885
-0.003254
0.000302
0.004035
0.005824
0.004262
0.000305
-0.003338
-0.004482
-0.003412
-0.002044
-0.000440
0.002383
0.004191
0.002432
-0.000850
-0.003038
-0.004485
-0.004753
-0.002247
0.001385
0.002539
0.001276
0.001241
0.003569
0.004036
-0.000539
-0.005212
-0.003365
0.001825
0.003216
0.002303
0.002760
0.001347
-0.002565
-0.003620
-0.001775
-0.000715
0.000841
0.004101
0.004876
0.000740
-0.004344
-0.005965
-0.003278
0.001387
0.003853
0.003131
0.001990
0.000852
-0.001650
-0.003993
-0.003877
-0.002224
-0.000944
0.000426
0.002628
0.004078
0.002829
-0.000173
-0.001696
-0.000630
-0.000193
-0.002855
-0.004570
-0.000987
0.004136
0.005507
0.003895
0.001242
-0.002646
-0.005766
-0.004216
0.001022
0.004335
0.003637
0.001477
-0.000167
-0.001048
-0.002063
-0.003628
-0.002812
0.001976
0.005359
0.003306
-0.000104
-0.001645
-0.002900
-0.003723
-0.002196
0.001370
0.004109
0.003581
0.001137
-0.000544
-0.001168
-0.001645
-0.002413
-0.002960
-0.002207
-0.000083
0.001827
0.001949
0.000892
0.000270
-0.000196
-0.001099
-0.000793
0.000898
0.001176
-0.000187
-0.000497
0.000671
0.001683
0.001970
0.001710
0.001052
0.000207
-0.001623
-0.004403
-0.004517
-0.000245
0.003564
0.003146
0.001182
0.000357
-0.000365
-0.002032
-0.003575
-0.003309
-0.000961
0.002211
0.004531
0.004356
0.001236
-0.002341
-0.003059
-0.001232
-0.000046
-0.000681
-0.000880
0.001265
0.003880
0.003442
-0.000085
-0.002925
-0.002928
-0.001979
-0.001912
-0.001055
0.002556
0.005931
0.004289
-0.000751
-0.003237
-0.002542
-0.002514
-0.002806
-0.000335
0.003094
0.003383
0.001279
-0.000130
-0.001099
-0.002705
-0.002941
-0.000399
0.002147
0.001723
-0.000832
-0.002384
-0.000548
0.003227
0.003887
0.000139
-0.002684
-0.001396
0.000731
0.000777
-0.000015
0.000197
0.000843
0.000594
-0.000129
-0.000791
-0.001687
-0.001748
-0.000317
0.000614
0.000454
0.001241
0.002197
0.000651
-0.001658
-0.001570
-0.000436
-0.000361
-0.000099
0.000740
0.000050
-0.001520
-0.000939
0.001008
0.001135
-0.000059
-0.000142
0.000292
-0.000364
-0.001076
-0.000125
0.002025
0.003279
0.002088
-0.000841
-0.002892
-0.001966
0.001066
0.003048
0.002356
-0.000025
-0.002659
-0.003751
-0.002154
0.000500
0.002069
0.001914
0.000581
-0.000351
-0.000458
-0.000843
-0.001372
-0.001070
-0.000201
0.000419
0.000472
-0.000155
-0.001079
-0.001264
-0.000015
0.002128
0.003186
0.001629
-0.000539
-0.000542
-0.000270
-0.002051
-0.003255
-0.001449
0.001576
0.003259
0.003036
0.001662
-0.000027
-0.001494
-0.002720
-0.003647
-0.003261
-0.000907
0.002271
0.004274
0.003842
0.001786
0.000072
-0.000928
-0.002000
-0.002650
-0.001732
0.000079
0.001117
0.001664
0.002608
0.002595
0.000298
-0.002573
-0.003608
-0.003081
-0.002342
-0.001009
0.001469
0.003765
0.004056
0.001516
-0.002319
-0.003705
-0.001902
-0.000051
0.001175
0.003238
0.004275
0.001688
-0.002345
-0.003858
-0.002726
-0.001128
0.000592
0.002914
0.004096
0.002056
-0.001578
-0.003402
-0.003172
-0.002348
-0.000791
0.001200
0.002521
0.003180
0.002556
-0.000375
-0.003888
-0.004880
-0.002724
0.000444
0.002521
0.003263
0.003344
0.002731
0.001224
-0.000491
-0.002135
-0.003760
-0.003691
-0.000802
0.002801
0.004833
0.004631
0.001922
-0.001881
-0.003895
-0.003582
-0.002730
-0.001661
0.000533
0.002893
0.003534
0.002434
0.000483
-0.002156
-0.004507
-0.004560
-0.002242
0.000250
0.001400
0.001726
0.002267
0.002876
0.002466
0.000320
-0.002666
-0.004084
-0.002608
0.000479
0.002911
0.003411
0.002522
0.001759
0.001350
0.000210
-0.001632
-0.002665
-0.001837
0.000287
0.001908
0.001514
-0.000588
-0.002472
-0.002566
-0.001238
0.000092
0.000782
0.001033
0.000964
0.000426
-0.000405
-0.000936
-0.000911
-0.000551
-0.000422
-0.000642
0.000038
0.001886
0.002737
0.001455
-0.000525
-0.002090
-0.003009
-0.002231
0.000697
0.003838
0.004709
0.002841
-0.000079
-0.002033
-0.002488
-0.002219
-0.001743
-0.000983
-0.000057
0.000869
0.001735
0.002101
0.001661
0.000495
-0.001187
-0.002420
-0.002457
-0.002045
-0.001538
0.000167
0.003021
0.004486
0.002772
-0.000616
-0.003003
-0.002974
-0.001040
0.000530
0.000327
-0.000185
0.000467
0.001381
0.001760
0.001786
0.000666
-0.001921
-0.003931
-0.003404
-0.000872
0.001702
0.002956
0.002736
0.001481
0.000060
-0.000379
-0.000138
-0.000780
-0.002147
-0.002469
-0.001046
0.001276
0.002936
0.002644
0.000700
-0.001332
-0.002392
-0.002442
-0.001643
-0.000170
0.001203
0.001881
0.002316
0.002374
0.001024
-0.001057
-0.001857
-0.001465
-0.001426
-0.001249
0.000233
0.001667
0.001447
0.000465
-0.000444
-0.001803
-0.002597
-0.000925
0.002127
0.003452
0.002185
0.000332
-0.000544
-0.001020
-0.001589
-0.001327
0.000123
0.001620
0.002088
0.001363
-0.000029
-0.001216
-0.001768
-0.001767
-0.001293
-0.000608
-0.000010
0.000496
0.000713
0.000383
-0.000033
0.000179
0.000660
0.000252
-0.000881
-0.001173
-0.000304
0.000495
0.000652
0.000703
0.001054
0.001318
0.000862
-0.000279
-0.001300
-0.001341
-0.000397
0.000694
0.001292
0.001152
0.000067
-0.001287
-0.001295
0.000146
0.001055
0.000647
0.000181
-0.000064
-0.000873
-0.001603
-0.001111
0.000098
0.000823
0.000670
0.000083
-0.000166
0.000061
-0.000071
-0.000998
-0.001712
-0.001218
0.000064
0.001283
0.001927
0.001753
0.001018
0.000135
-0.000789
-0.001606
-0.001790
-0.001015
0.000202
0.001074
0.001208
0.000764
0.000469
0.000525
0.000058
-0.001036
-0.001551
-0.001131
-0.000517
0.000228
0.001291
0.001914
0.001390
0.000312
-0.000140
0.000146
0.000102
-0.000759
-0.001569
-0.001451
-0.000536
0.000648
0.001637
0.001897
0.001340
0.000335
-0.000956
-0.002193
-0.002605
-0.001914
-0.000702
0.000407
0.001308
0.001790
0.001187
-0.000454
-0.001885
-0.002285
-0.002017
-0.001330
-0.000085
0.001172
0.001690
0.001618
0.001435
0.001186
0.000821
0.000473
0.000271
0.000326
0.000691
0.001198
0.001615
0.001854
0.001797
0.001319
0.000731
0.000497
0.000359
-0.000299
-0.001198
-0.001503
-0.001299
-0.001294
-0.001304
-0.000762
-0.000179
-0.000314
-0.000886
-0.001333
-0.001592
-0.001842
-0.002267
-0.002629
-0.002277
-0.001101
0.000264
0.001155
0.001147
0.000325
-0.000343
-0.000040
0.000632
0.000678
0.000402
0.000714
0.001571
0.002237
0.002172
0.001300
0.000273
0.000132
0.001019
0.001862
0.001849
0.001331
0.000799
0.000251
-0.000192
-0.000529
-0.001156
-0.001943
-0.002178
-0.001595
-0.000739
-0.000195
0.000145
0.000418
0.000238
-0.000492
-0.001280
-0.001773
-0.001902
-0.001581
-0.000824
0.000139
0.001013
0.001642
0.001946
0.001696
0.000780
-0.000457
-0.001672
-0.002708
-0.002982
-0.001963
-0.000634
-0.000524
-0.000897
0.000279
0.002265
0.002333
0.000831
0.000673
0.001861
0.001886
0.001066
0.001807
0.003360
0.003081
0.001648
0.001527
0.002147
0.001404
-0.000168
-0.000641
-0.000128
-0.000026
-0.000488
-0.000644
-0.000287
-0.000123
-0.000715
-0.001747
-0.002429
-0.002509
-0.002448
-0.002556
-0.002564
-0.002183
-0.001644
-0.001514
-0.001886
-0.002058
-0.001601
-0.001189
-0.001265
-0.000985
0.000085
0.000792
0.000337
-0.000220
0.000356
0.001681
0.002596
0.002748
0.002691
0.002884
0.002987
0.002562
0.002222
0.002776
0.003398
0.002747
0.001498
0.001148
0.001223
0.000533
-0.000251
-0.000046
0.000300
-0.000437
-0.001603
-0.002063
-0.002286
-0.003062
-0.003668
-0.003163
-0.002120
-0.001638
-0.001790
-0.001991
-0.002065
-0.002305
-0.002673
-0.002586
-0.001746
-0.000657
0.000148
0.000879
0.001753
0.002203
0.001833
0.001318
0.001382
0.001680
0.001596
0.001486
0.002034
0.002903
0.003247
0.003049
0.002694
0.001954
0.000660
-0.000436
-0.000711
-0.000686
-0.000901
-0.000889
-0.000434
-0.000702
-0.002718
-0.005520
-0.007171
-0.006851
-0.004929
-0.002101
0.000596
0.002159
0.002777
0.003229
0.003246
0.002375
0.001384
0.000879
0.000514
0.000681
0.002215
0.004246
0.005112
0.004775
0.004119
0.003078
0.001303
-0.000412
-0.001033
-0.000881
-0.000875
-0.000985
-0.000732
-0.000337
-0.000412
-0.001118
-0.002216
-0.003594
-0.005105
-0.006084
-0.005833
-0.004657
-0.003515
-0.002635
-0.001588
-0.000539
-0.000074
-0.000126
-0.000265
-0.000447
-0.000461
0.000218
0.001318
0.002065
0.002514
0.003022
0.003299
0.003197
0.003114
0.003062
0.002812
0.002778
0.003291
0.003752
0.003777
0.003838
0.003890
0.003170
0.001741
0.000348
-0.000903
-0.002149
-0.003014
-0.003310
-0.003368
-0.003415
-0.003534
-0.003748
-0.003793
-0.003624
-0.003633
-0.003662
-0.003043
-0.001922
-0.001043
-0.000586
-0.000425
-0.000606
-0.000867
-0.000751
-0.000326
0.000006
0.000239
0.000789
0.001809
0.002809
0.003318
0.003455
0.003482
0.003376
0.003080
0.002752
0.002615
0.002660
0.002545
0.001934
0.000945
-0.000071
-0.000892
-0.001260
-0.001037
-0.000926
-0.002163
-0.004949
-0.007812
-0.008914
-0.007551
-0.004465
-0.001247
0.000837
0.001917
0.002879
0.003688
0.003665
0.003079
0.002611
0.001983
0.001069
0.001103
0.002857
0.004958
0.005701
0.005221
0.004369
0.003016
0.001034
-0.000614
-0.001155
-0.001154
-0.001452
-0.001869
-0.001822
-0.001485
-0.001518
-0.002184
-0.003304
-0.004578
-0.005617
-0.006014
-0.005595
-0.004561
-0.003373
-0.002364
-0.001512
-0.000725
-0.000061
0.000351
0.000423
0.000373
0.000631
0.001226
0.001855
0.002579
0.003641
0.004650
0.004746
0.003818
0.002775
0.002304
0.002267
0.002407
0.002699
0.003039
0.003270
0.003371
0.003393
0.003326
0.002825
0.001372
-0.000825
-0.002756
-0.003794
-0.004271
-0.004675
-0.004955
-0.004842
-0.004373
-0.003843
-0.003423
-0.003108
-0.002905
-0.002751
-0.002393
-0.001612
-0.000531
0.000368
0.000650
0.000363
-0.000010
-0.000054
0.000206
0.000510
0.000831
0.001338
0.001957
0.002491
0.003073
0.003856
0.004447
0.004369
0.003826
0.003232
0.002425
0.001227
0.000263
0.000111
0.000265
-0.000060
-0.001285
-0.003986
-0.007997
-0.010902
-0.009943
-0.005761
-0.001759
0.000465
0.002235
0.004128
0.004709
0.003792
0.003333
0.003768
0.003093
0.000937
-0.000049
0.001701
0.004347
0.005612
0.005518
0.005005
0.003831
0.001496
-0.001021
-0.002260
-0.002374
-0.002627
-0.003298
-0.003464
-0.002657
-0.001613
-0.001320
-0.001996
-0.003136
-0.004265
-0.005297
-0.006028
-0.005838
-0.004514
-0.002912
-0.001918
-0.001210
-0.000053
0.001157
0.001429
0.000930
0.000709
0.001014
0.001455
0.002196
0.003614
0.005286
0.006244
0.006103
0.005386
0.004601
0.003579
0.002141
0.000786
0.000298
0.000768
0.001372
0.001566
0.001875
0.002545
0.002530
0.001126
-0.000713
-0.002020
-0.003283
-0.004923
-0.005980
-0.005722
-0.004924
-0.004451
-0.004050
-0.003379
-0.002906
-0.002986
-0.003071
-0.002577
-0.001706
-0.000856
0.000073
0.001259
0.002316
0.002682
0.002433
0.002113
0.001946
0.001689
0.001287
0.001143
0.001556
0.002363
0.003223
0.003908
0.004256
0.003945
0.002804
0.001336
0.000291
-0.000189
-0.000635
-0.001554
-0.003020
-0.005105
-0.007865
-0.010096
-0.009433
-0.005384
-0.000828
0.001526
0.002445
0.003758
0.004908
0.004672
0.004008
0.004138
0.003918
0.002227
0.000886
0.002046
0.004631
0.006081
0.005761
0.004634
0.003216
0.001389
-0.000663
-0.002296
-0.003102
-0.003433
-0.003887
-0.004394
-0.004289
-0.003375
-0.002540
-0.002866
-0.004268
-0.005606
-0.006125
-0.006064
-0.005696
-0.004639
-0.002814
-0.001167
-0.000299
0.000545
0.001899
0.002853
0.002678
0.002197
0.002369
0.002907
0.003285
0.003788
0.004767
0.005866
0.006382
0.005991
0.005077
0.004191
0.003239
0.001915
0.000638
0.000046
0.000039
0.000244
0.000666
0.001169
0.001233
0.000552
-0.000917
-0.003035
-0.005041
-0.006088
-0.006335
-0.006437
-0.006348
-0.005739
-0.004798
-0.003753
-0.002514
-0.001397
-0.001072
-0.001309
-0.001017
0.000081
0.001205
0.001979
0.002634
0.003094
0.003171
0.003081
0.003003
0.002794
0.002419
0.002075
0.001944
0.002149
0.002668
0.003181
0.003304
0.002942
0.002254
0.001347
0.000081
-0.001559
-0.003080
-0.004455
-0.006896
-0.010437
-0.011718
-0.007948
-0.001965
0.001372
0.002219
0.003805
0.005659
0.005001
0.002786
0.002184
0.002833
0.002151
0.000746
0.001532
0.004633
0.007188
0.007425
0.006128
0.004546
0.002735
0.000278
-0.002218
-0.003487
-0.003547
-0.003740
-0.004499
-0.004721
-0.003635
-0.002143
-0.001981
-0.003638
-0.005571
-0.006268
-0.006267
-0.006535
-0.006186
-0.004215
-0.001944
-0.000941
-0.000171
0.001873
0.003976
0.004119
0.002887
0.002237
0.002564
0.003141
0.003789
0.004623
0.005454
0.006069
0.006277
0.005898
0.005033
0.003909
0.002553
0.001093
0.000020
-0.000361
-0.000323
-0.000230
-0.000108
0.000038
-0.000123
-0.000949
-0.002294
-0.003686
-0.004924
-0.006077
-0.006982
-0.007169
-0.006461
-0.005290
-0.004119
-0.002946
-0.001694
-0.000679
-0.000249
-0.000181
0.000116
0.000880
0.001888
0.002824
0.003529
0.004025
0.004325
0.004291
0.003852
0.003155
0.002334
0.001556
0.001282
0.001739
0.002376
0.002522
0.002218
0.001850
0.001303
0.000013
-0.002236
-0.005249
-0.008871
-0.012099
-0.012333
-0.008178
-0.002469
0.000861
0.002094
0.004029
0.006380
0.006613
0.004988
0.003845
0.003144
0.001392
-0.000219
0.000951
0.004465
0.007200
0.007606
0.006706
0.005515
0.003839
0.001424
-0.001255
-0.003531
-0.005246
-0.006540
-0.007110
-0.006274
-0.004085
-0.001972
-0.001672
-0.003343
-0.005278
-0.006013
-0.006043
-0.006363
-0.006300
-0.004827
-0.002824
-0.001446
0.000178
0.002936
0.005267
0.005359
0.004049
0.003296
0.003414
0.003604
0.003823
0.004560
0.005535
0.005912
0.005656
0.005626
0.005925
0.005296
0.003110
0.000725
-0.000438
-0.000836
-0.001364
-0.001642
-0.001347
-0.001308
-0.001876
-0.002273
-0.002430
-0.003234
-0.004759
-0.006241
-0.007323
-0.007796
-0.007237
-0.005871
-0.004436
-0.003028
-0.001377
0.000233
0.001435
0.002375
0.003092
0.003252
0.003009
0.003063
0.003640
0.004264
0.004477
0.004267
0.003856
0.003331
0.002594
0.001718
0.001048
0.000655
0.000225
-0.000195
-0.000187
0.000000
-0.000435
-0.001875
-0.004601
-0.008639
-0.011963
-0.011321
-0.006694
-0.002148
-0.000191
0.001396
0.004727
0.007770
0.008124
0.006990
0.006217
0.004861
0.001932
-0.000308
0.000784
0.003959
0.005845
0.005609
0.005029
0.004930
0.004125
0.001700
-0.001530
-0.004322
-0.006474
-0.008178
-0.008823
-0.007545
-0.004844
-0.002687
-0.002508
-0.003553
-0.003996
-0.003585
-0.003804
-0.005042
-0.005670
-0.004805
-0.003451
-0.001977
0.000618
0.003997
0.005929
0.005527
0.004602
0.004783
0.005484
0.005547
0.004943
0.004255
0.003928
0.004218
0.005013
0.005745
0.005804
0.004846
0.002973
0.000988
-0.000242
-0.000999
-0.002237
-0.003882
-0.004819
-0.004565
-0.003836
-0.003359
-0.003194
-0.003386
-0.004202
-0.005390
-0.006117
-0.006047
-0.005701
-0.005365
-0.004491
-0.002664
-0.000457
0.001317
0.002665
0.003946
0.004938
0.005287
0.005225
0.005088
0.004774
0.004131
0.003329
0.002693
0.002419
0.002388
0.002233
0.001768
0.001184
0.000573
-0.000214
-0.001033
-0.001610
-0.002235
-0.003560
-0.006118
-0.009818
-0.012852
-0.012370
-0.008025
-0.003234
-0.000767
0.000915
0.004260
0.007974
0.009256
0.008514
0.007889
0.007052
0.004731
0.002524
0.002970
0.005249
0.006341
0.005511
0.004713
0.004903
0.004595
0.002503
-0.000652
-0.003700
-0.006447
-0.008865
-0.010263
-0.009892
-0.007959
-0.005880
-0.005146
-0.005503
-0.005274
-0.004120
-0.003669
-0.004557
-0.005141
-0.004254
-0.002868
-0.001661
0.000444
0.003710
0.006252
0.006891
0.006948
0.007795
0.008546
0.007754
0.005876
0.004427
0.003880
0.003842
0.004240
0.004998
0.005225
0.004135
0.002377
0.001144
0.000406
-0.000807
-0.002801
-0.004803
-0.005976
-0.006199
-0.005855
-0.005434
-0.005232
-0.005170
-0.005171
-0.005324
-0.005455
-0.005279
-0.004963
-0.004718
-0.004060
-0.002380
-0.000039
0.002063
0.003758
0.005372
0.006669
0.007193
0.007157
0.006956
0.006352
0.005051
0.003482
0.002378
0.001958
0.001663
0.000836
-0.000253
-0.000728
-0.000492
-0.000335
-0.000715
-0.001412
-0.002530
-0.005042
-0.009535
-0.014219
-0.015452
-0.011711
-0.006130
-0.002719
-0.000895
0.002703
0.007801
0.010737
0.010669
0.010089
0.009469
0.007007
0.003578
0.002570
0.004535
0.006322
0.005991
0.005155
0.005612
0.006304
0.005059
0.001677
-0.002294
-0.005933
-0.009360
-0.012060
-0.012675
-0.010960
-0.008627
-0.007494
-0.007317
-0.006263
-0.003879
-0.002335
-0.003216
-0.004781
-0.004743
-0.003587
-0.002481
-0.000556
0.002888
0.006135
0.007609
0.008287
0.009664
0.011145
0.010999
0.009002
0.006702
0.005230
0.004307
0.003575
0.003345
0.003542
0.003179
0.001718
0.000081
-0.000642
-0.001012
-0.002566
-0.005367
-0.007609
-0.008174
-0.008002
-0.008053
-0.007822
-0.006930
-0.006154
-0.005753
-0.004810
-0.003268
-0.002493
-0.002820
-0.002666
-0.000988
0.001367
0.003328
0.004911
0.006451
0.007713
0.008319
0.008409
0.008215
0.007482
0.005909
0.003866
0.002153
0.001163
0.000586
-0.000112
-0.001039
-0.001767
-0.002094
-0.002460
-0.003125
-0.003708
-0.004135
-0.005296
-0.008066
-0.011920
-0.014616
-0.013604
-0.008947
-0.004114
-0.001492
0.001198
0.006372
0.011414
0.012841
0.011985
0.011421
0.009997
0.006491
0.003814
0.004674
0.006830
0.006811
0.005264
0.004975
0.005914
0.005572
0.002884
-0.000931
-0.004767
-0.008541
-0.011822
-0.013545
-0.013382
-0.012186
-0.011030
-0.010177
-0.008678
-0.005725
-0.002718
-0.001980
-0.003129
-0.003567
-0.002620
-0.001699
-0.000742
0.001620
0.004886
0.007276
0.008833
0.010944
0.013293
0.013860
0.011953
0.009219
0.007278
0.005911
0.004201
0.002367
0.001353
0.001006
0.000140
-0.001347
-0.002105
-0.001863
-0.002482
-0.005065
-0.007773
-0.008637
-0.008686
-0.009590
-0.010327
-0.009307
-0.007489
-0.006335
-0.005090
-0.002811
-0.000678
0.000033
0.000229
0.001352
0.003037
0.004051
0.004492
0.005432
0.006988
0.008299
0.009012
0.009390
0.009318
0.008336
0.006344
0.003740
0.001163
-0.000945
-0.002754
-0.004429
-0.005332
-0.005008
-0.004314
-0.004197
-0.004275
-0.004049
-0.004416
-0.006652
-0.010568
-0.014035
-0.014180
-0.010275
-0.005254
-0.002018
0.000752
0.005600
0.011087
0.014096
0.014901
0.015203
0.013946
0.009930
0.005819
0.004844
0.005759
0.005235
0.003352
0.002819
0.004040
0.004574
0.002887
-0.000294
-0.004000
-0.007936
-0.011504
-0.013785
-0.014585
-0.014499
-0.014090
-0.013219
-0.010967
-0.006962
-0.002896
-0.000995
-0.000950
-0.000687
0.000195
0.000601
0.000919
0.002506
0.004906
0.006690
0.008205
0.010662
0.013340
0.014262
0.013115
0.011341
0.009622
0.007301
0.004292
0.001666
-0.000120
-0.001858
-0.003733
-0.004541
-0.003820
-0.003091
-0.003747
-0.005192
-0.006272
-0.007120
-0.008318
-0.009505
-0.009994
-0.009820
-0.009191
-0.007704
-0.005057
-0.002003
0.000330
0.001785
0.003085
0.004588
0.005815
0.006236
0.006106
0.006190
0.006732
0.007296
0.007620
0.007787
0.007607
0.006729
0.005259
0.003537
0.001575
-0.000748
-0.003152
-0.005121
-0.006414
-0.007093
-0.007241
-0.006908
-0.006168
-0.005132
-0.004235
-0.004450
-0.006587
-0.009864
-0.011527
-0.009479
-0.005377
-0.002464
-0.000386
0.003810
0.009777
0.014091
0.015884
0.016737
0.016183
0.012859
0.008584
0.006342
0.005681
0.003993
0.001105
-0.000583
0.000065
0.001349
0.001150
-0.000790
-0.003584
-0.006693
-0.009771
-0.012271
-0.013892
-0.014687
-0.014797
-0.014227
-0.012395
-0.008666
-0.004149
-0.001143
0.000038
0.001243
0.003132
0.004428
0.004651
0.004826
0.005456
0.006179
0.007226
0.009183
0.011509
0.012829
0.012531
0.011164
0.009508
0.007774
0.005600
0.002673
-0.000616
-0.003365
-0.005075
-0.006045
-0.006743
-0.007164
-0.007125
-0.006815
-0.006534
-0.006280
-0.006210
-0.006809
-0.007889
-0.008362
-0.007636
-0.006256
-0.004739
-0.002818
-0.000221
0.002648
0.005153
0.006948
0.007922
0.008121
0.007818
0.007368
0.006913
0.006389
0.005723
0.004932
0.004222
0.003867
0.003619
0.002805
0.001308
-0.000413
-0.002253
-0.004321
-0.006179
-0.007290
-0.007800
-0.008028
-0.007806
-0.006928
-0.005647
-0.004386
-0.003625
-0.004188
-0.006245
-0.007738
-0.006115
-0.002312
0.000239
0.001312
0.004133
0.009195
0.013219
0.014800
0.015503
0.015368
0.012865
0.009031
0.006640
0.005642
0.003588
0.000171
-0.002251
-0.002440
-0.001750
-0.001864
-0.003191
-0.005376
-0.007748
-0.009571
-0.010824
-0.011964
-0.012856
-0.013145
-0.012893
-0.011671
-0.008615
-0.004400
-0.001096
0.000744
0.002573
0.004959
0.006679
0.007132
0.007178
0.007323
0.007328
0.007532
0.008505
0.009764
0.010315
0.009963
0.009073
0.007783
0.006195
0.004327
0.001668
-0.001744
-0.004399
-0.005451
-0.006201
-0.007409
-0.007839
-0.007192
-0.006829
-0.006770
-0.005958
-0.005080
-0.005455
-0.006371
-0.006366
-0.005599
-0.004903
-0.004036
-0.002350
0.000031
0.002616
0.005170
0.007359
0.008605
0.008836
0.008631
0.008230
0.007378
0.006131
0.004708
0.003076
0.001675
0.001167
0.001040
0.000321
-0.000727
-0.001531
-0.002473
-0.003733
-0.004670
-0.005236
-0.006057
-0.006912
-0.006920
-0.006057
-0.005034
-0.004110
-0.003131
-0.002424
-0.002691
-0.003720
-0.004108
-0.002987
-0.001046
0.000782
0.002606
0.005001
0.008017
0.010986
0.012927
0.013416
0.012793
0.011210
0.008615
0.005767
0.003565
0.001601
-0.000867
-0.003185
-0.004165
-0.003963
-0.003885
-0.004711
-0.005971
-0.006963
-0.007780
-0.008730
-0.009554
-0.010034
-0.010345
-0.010225
-0.009001
-0.006668
-0.003932
-0.001335
0.001006
0.003203
0.005381
0.007189
0.007983
0.007852
0.007571
0.007490
0.007456
0.007416
0.007272
0.006798
0.006169
0.005777
0.005420
0.004455
0.002778
0.000953
-0.000730
-0.002532
-0.004406
-0.005823
-0.006730
-0.007500
-0.007805
-0.007078
-0.005902
-0.005232
-0.004904
-0.004394
-0.003882
-0.003572
-0.003252
-0.002831
-0.002259
-0.001218
0.000400
0.002224
0.003862
0.005201
0.006309
0.007178
0.007636
0.007559
0.006886
0.005597
0.004091
0.002901
0.001880
0.000614
-0.000661
-0.001533
-0.002112
-0.002627
-0.003125
-0.003621
-0.004018
-0.004224
-0.004424
-0.004702
-0.004705
-0.004244
-0.003603
-0.002902
-0.001961
-0.000892
-0.000073
0.000443
0.000797
0.000743
0.000070
-0.000475
0.000033
0.001033
0.001498
0.002100
0.003752
0.005355
0.005946
0.006578
0.007549
0.007300
0.005653
0.004258
0.003383
0.001841
-0.000269
-0.001741
-0.002437
-0.003044
-0.003556
-0.003645
-0.003742
-0.004366
-0.005063
-0.005296
-0.005420
-0.005714
-0.005814
-0.005740
-0.005760
-0.005240
-0.003630
-0.001790
-0.000463
0.000955
0.002761
0.004213
0.005030
0.005596
0.005775
0.005203
0.004331
0.003938
0.003919
0.003647
0.003303
0.003556
0.004130
0.004157
0.003627
0.002962
0.001921
0.000302
-0.001426
-0.002976
-0.004421
-0.005591
-0.006307
-0.006590
-0.006307
-0.005487
-0.004600
-0.003851
-0.002937
-0.001774
-0.000745
-0.000140
0.000162
0.000454
0.000866
0.001351
0.001881
0.002426
0.002814
0.003030
0.003303
0.003599
0.003620
0.003303
0.002734
0.001985
0.001321
0.000948
0.000672
0.000315
-0.000042
-0.000455
-0.001084
-0.001800
-0.002357
-0.002669
-0.002704
-0.002519
-0.002309
-0.002203
-0.002164
-0.002101
-0.001970
-0.001865
-0.001978
-0.002229
-0.002079
-0.001256
-0.000364
0.000111
0.000731
0.001987
0.003280
0.004106
0.004844
0.005533
0.005586
0.005137
0.004798
0.004327
0.003207
0.001801
0.000697
-0.000122
-0.000830
-0.001360
-0.001763
-0.002279
-0.002906
-0.003408
-0.003770
-0.004184
-0.004630
-0.004956
-0.005132
-0.005005
-0.004325
-0.003269
-0.002258
-0.001257
-0.000069
0.001047
0.001856
0.002576
0.003226
0.003355
0.002886
0.002407
0.002269
0.002162
0.002020
0.002404
0.003315
0.003811
0.003509
0.003123
0.002997
0.002591
0.001697
0.000689
-0.000365
-0.001621
-0.002809
-0.003517
-0.003774
-0.003866
-0.003909
-0.003825
-0.003518
-0.003001
-0.002394
-0.001783
-0.001168
-0.000579
-0.000051
0.000514
0.001128
0.001478
0.001339
0.001041
0.001036
0.001244
0.001339
0.001370
0.001538
0.001741
0.001783
0.001621
0.001269
0.000871
0.000642
0.000483
0.000139
-0.000266
-0.000452
-0.000532
-0.000717
-0.000873
-0.000935
-0.001093
-0.001326
-0.001388
-0.001248
-0.001069
-0.000883
-0.000609
-0.000312
-0.000137
-0.000071
-0.000046
-0.000110
-0.000219
-0.000170
0.000062
0.000231
0.000124
-0.000133
0.000021
0.000812
0.001384
0.001157
0.001113
0.001900
0.002427
0.002092
0.001856
0.001989
0.001612
0.000729
0.000145
-0.000200
-0.000897
-0.001845
-0.002462
-0.002503
-0.002237
-0.002017
-0.001817
-0.001366
-0.000637
0.000024
0.000285
0.000265
0.000236
0.000049
-0.000462
-0.000906
-0.000973
-0.000920
-0.000791
-0.000242
0.000533
0.000953
0.001086
0.001344
0.001585
0.001502
0.001231
0.000922
0.000478
-0.000039
-0.000342
-0.000308
-0.000095
0.000158
0.000478
0.000781
0.000822
0.000579
0.000273
0.000017
-0.000247
-0.000593
-0.001010
-0.001342
-0.001416
-0.001245
-0.000916
-0.000438
0.000109
0.000526
0.000707
0.000681
0.000464
0.000052
-0.000463
-0.000864
-0.000997
-0.000944
-0.000830
-0.000579
-0.000149
0.000325
0.000778
0.001177
0.001390
0.001403
0.001283
0.000970
0.000484
0.000057
-0.000184
-0.000351
-0.000510
-0.000538
-0.000351
-0.000051
0.000207
0.000315
0.000223
0.000014
-0.000155
-0.000247
-0.000397
-0.000707
-0.001012
-0.001029
-0.000712
-0.000308
-0.000034
0.000123
0.000263
0.000398
0.000476
0.000453
0.000372
0.000342
0.000395
0.000420
0.000340
0.000201
0.000044
-0.000115
-0.000192
-0.000091
0.000161
0.000416
0.000528
0.000470
0.000313
0.000106
-0.000103
-0.000241
-0.000299
-0.000342
-0.000411
-0.000512
-0.000650
-0.000780
-0.000808
-0.000670
-0.000374
-0.000053
0.000113
0.000127
0.000197
0.000404
0.000526
0.000355
0.000060
-0.000092
-0.000162
-0.000260
-0.000183
0.000191
0.000533
0.000570
0.000467
0.000347
0.000099
-0.000136
-0.000068
0.000129
0.000054
-0.000160
-0.000108
0.000163
0.000371
0.000499
0.000606
0.000610
0.000472
0.000268
0.000061
-0.000194
-0.000583
-0.001013
-0.001246
-0.001231
-0.001038
-0.000657
-0.000197
0.000105
0.000200
0.000200
0.000137
-0.000037
-0.000250
-0.000310
-0.000113
0.000249
0.000545
0.000608
0.000564
0.000624
0.000691
0.000562
0.000354
0.000291
0.000284
0.000106
-0.000212
-0.000468
-0.000586
-0.000589
-0.000438
-0.000154
0.000084
0.000160
0.000177
0.000260
0.000310
0.000203
0.000046
-0.000039
-0.000076
-0.000096
-0.000154
-0.000327
-0.000517
-0.000496
-0.000239
0.000023
0.000183
0.000328
0.000383
0.000197
-0.000060
-0.000112
-0.000034
-0.000078
-0.000210
-0.000221
-0.000077
0.000154
0.000397
0.000525
0.000526
0.000454
0.000249
-0.000027
-0.000169
-0.000238
-0.000407
-0.000555
-0.000504
-0.000305
-0.000057
0.000138
0.000125
-0.000079
-0.000271
-0.000323
-0.000239
-0.000081
0.000081
0.000201
0.000257
0.000249
0.000199
0.000164
0.000161
0.000071
-0.000136
-0.000267
-0.000224
-0.000084
0.000127
0.000365
0.000488
0.000489
0.000496
0.000499
0.000370
0.000142
-0.000054
-0.000236
-0.000474
-0.000680
-0.000687
-0.000432
-0.000042
0.000258
0.000341
0.000289
0.000218
0.000089
-0.000172
-0.000457
-0.000639
-0.000733
-0.000705
-0.000439
-0.000053
0.000137
0.000070
0.000010
0.000156
0.000427
0.000633
0.000666
0.000504
0.000241
0.000076
0.000035
-0.000062
-0.000172
-0.000073
0.000127
0.000184
0.000186
0.000282
0.000361
0.000316
0.000228
0.000113
-0.000105
-0.000352
-0.000509
-0.000556
-0.000483
-0.000343
-0.000277
-0.000273
-0.000181
-0.000037
-0.000017
-0.000105
-0.000138
-0.000070
0.000052
0.000201
0.000275
0.000182
0.000049
0.000091
0.000302
0.000452
0.000406
0.000239
0.000068
-0.000031
-0.000006
0.000098
0.000132
-0.000007
-0.000203
-0.000253
-0.000146
-0.000005
0.000072
0.000007
-0.000170
-0.000300
-0.000329
-0.000345
-0.000380
-0.000398
-0.000369
-0.000240
0.000027
0.000309
0.000381
0.000234
0.000095
0.000049
-0.000019
-0.000131
-0.000168
-0.000093
0.000033
0.000193
0.000466
0.000873
0.001188
0.001120
0.000722
0.000291
-0.000070
-0.000412
-0.000648
-0.000672
-0.000583
-0.000554
-0.000572
-0.000449
-0.000157
0.000040
0.000000
-0.000076
-0.000090
-0.000230
-0.000493
-0.000600
-0.000455
-0.000188
0.000129
0.000417
0.000555
0.000599
0.000631
0.000526
0.000214
-0.000136
-0.000367
-0.000447
-0.000348
-0.000093
0.000148
0.000202
0.000126
0.000132
0.000253
0.000319
0.000292
0.000265
0.000220
0.000124
0.000083
0.000128
0.000150
0.000158
0.000198
0.000135
-0.000164
-0.000551
-0.000728
-0.000631
-0.000448
-0.000271
-0.000059
0.000084
0.000016
-0.000189
-0.000363
-0.000417
-0.000275
0.000042
0.000323
0.000409
0.000352
0.000278
0.000258
0.000272
0.000258
0.000208
0.000183
0.000221
0.000297
0.000348
0.000337
0.000287
0.000204
0.000034
-0.000169
-0.000303
-0.000425
-0.000606
-0.000767
-0.000814
-0.000736
-0.000565
-0.000344
-0.000098
0.000134
0.000259
0.000228
0.000101
-0.000033
-0.000128
-0.000154
-0.000063
0.000154
0.000454
0.000740
0.000890
0.000873
0.000795
0.000731
0.000618
0.000366
-0.000002
-0.000358
-0.000592
-0.000652
-0.000553
-0.000386
-0.000229
-0.000114
-0.000099
-0.000193
-0.000288
-0.000335
-0.000425
-0.000582
-0.000626
-0.000418
-0.000134
-0.000020
0.000015
0.000159
0.000312
0.000335
0.000324
0.000387
0.000410
0.000236
-0.000010
-0.000047
0.000147
0.000326
0.000340
0.000265
0.000220
0.000241
0.000279
0.000259
0.000163
0.000017
-0.000131
-0.000232
-0.000295
-0.000328
-0.000299
-0.000236
-0.000220
-0.000251
-0.000228
-0.000104
0.000021
0.000065
0.000030
-0.000101
-0.000296
-0.000384
-0.000269
-0.000050
0.000147
0.000281
0.000340
0.000351
0.000395
0.000486
0.000508
0.000374
0.000171
0.000015
-0.000113
-0.000267
-0.000378
-0.000366
-0.000276
-0.000201
-0.000159
-0.000089
0.000018
0.000032
-0.000140
-0.000346
-0.000367
-0.000226
-0.000133
-0.000188
-0.000247
-0.000122
0.000150
0.000355
0.000388
0.000324
0.000271
0.000267
0.000267
0.000208
0.000111
0.000081
0.000205
0.000410
0.000487
0.000339
0.000095
-0.000104
-0.000246
-0.000365
-0.000445
-0.000439
-0.000360
-0.000290
-0.000253
-0.000190
-0.000063
0.000123
0.000280
0.000259
0.000073
-0.000055
-0.000031
-0.000037
-0.000146
-0.000166
-0.000039
0.000024
-0.000051
-0.000091
-0.000041
-0.000012
0.000032
0.000162
0.000216
0.000048
-0.000166
-0.000229
-0.000200
-0.000158
-0.000063
0.000107
0.000315
0.000493
0.000543
0.000446
0.000288
0.000139
0.000014
-0.000104
-0.000207
-0.000245
-0.000226
-0.000216
-0.000196
-0.000100
0.000013
0.000056
0.000026
-0.000062
-0.000127
-0.000076
-0.000017
-0.000095
-0.000202
-0.000164
-0.000022
0.000107
0.000223
0.000347
0.000415
0.000374
0.000213
-0.000051
-0.000293
-0.000391
-0.000366
-0.000302
-0.000279
-0.000293
-0.000213
-0.000008
0.000185
0.000294
0.000334
0.000315
0.000239
0.000086
-0.000117
-0.000247
-0.000253
-0.000246
-0.000283
-0.000250
-0.000085
0.000105
0.000231
0.000296
0.000291
0.000221
0.000164
0.000150
0.000153
0.000194
0.000279
0.000327
0.000265
0.000103
-0.000067
-0.000136
-0.000126
-0.000175
-0.000316
-0.000422
-0.000406
-0.000361
-0.000401
-0.000420
-0.000216
0.000137
0.000357
0.000395
0.000406
0.000369
0.000137
-0.000187
-0.000327
-0.000252
-0.000156
-0.000113
-0.000038
0.000087
0.000204
0.000300
0.000324
0.000172
-0.000045
-0.000097
0.000001
0.000031
-0.000132
-0.000393
-0.000477
-0.000230
0.000122
0.000303
0.000351
0.000351
0.000222
0.000021
-0.000046
0.000018
0.000010
-0.000130
-0.000251
-0.000230
-0.000116
-0.000009
0.000079
0.000123
0.000054
-0.000060
-0.000064
0.000014
0.000025
0.000002
0.000060
0.000143
0.000135
0.000055
0.000008
0.000036
0.000069
0.000034
0.000016
0.000150
0.000347
0.000389
0.000223
-0.000042
-0.000273
-0.000408
-0.000459
-0.000414
-0.000254
-0.000071
0.000028
0.000048
-0.000001
-0.000122
-0.000210
-0.000200
-0.000228
-0.000330
-0.000280
-0.000003
0.000277
0.000379
0.000332
0.000286
0.000323
0.000330
0.000176
-0.000017
-0.000018
0.000173
0.000335
0.000332
0.000244
0.000172
0.000084
-0.000081
-0.000269
-0.000361
-0.000363
-0.000427
-0.000581
-0.000609
-0.000393
-0.000130
-0.000015
0.000046
0.000151
0.000202
0.000191
0.000278
0.000438
0.000442
0.000276
0.000182
0.000201
0.000123
-0.000076
-0.000167
-0.000090
-0.000027
-0.000056
-0.000079
-0.000076
-0.000114
-0.000206
-0.000293
-0.000299
-0.000254
-0.000281
-0.000341
-0.000271
-0.000075
0.000113
0.000259
0.000376
0.000431
0.000430
0.000395
0.000266
0.000044
-0.000107
-0.000094
-0.000021
0.000028
0.000067
0.000063
0.000001
-0.000037
0.000003
0.000073
0.000069
-0.000038
-0.000137
-0.000136
-0.000114
-0.000141
-0.000113
0.000030
0.000138
0.000090
-0.000019
-0.000080
-0.000104
-0.000115
-0.000100
-0.000068
-0.000055
-0.000058
0.000002
0.000159
0.000257
0.000159
-0.000001
-0.000040
0.000012
0.000043
0.000066
0.000092
0.000026
-0.000122
-0.000199
-0.000173
-0.000119
-0.000027
0.000102
0.000143
0.000051
-0.000017
0.000037
0.000092
0.000022
-0.000123
-0.000204
-0.000180
-0.000170
-0.000266
-0.000349
-0.000260
-0.000046
0.000161
0.000317
0.000390
0.000309
0.000130
0.000025
0.000057
0.000182
0.000363
0.000499
0.000434
0.000154
-0.000159
-0.000299
-0.000255
-0.000170
-0.000127
-0.000111
-0.000108
-0.000121
-0.000114
-0.000026
0.000056
-0.000000
-0.000102
-0.000129
-0.000155
-0.000238
-0.000344
-0.000476
-0.000562
-0.000449
-0.000128
0.000218
0.000406
0.000390
0.000256
0.000119
0.000028
-0.000006
0.000076
0.000307
0.000586
0.000785
0.000854
0.000746
0.000424
0.000027
-0.000204
-0.000200
-0.000112
-0.000092
-0.000126
-0.000180
-0.000311
-0.000491
-0.000593
-0.000637
-0.000681
-0.000621
-0.000372
-0.000107
-0.000052
-0.000148
-0.000153
-0.000033
0.000035
0.000045
0.000171
0.000421
0.000597
0.000603
0.000540
0.000503
0.000475
0.000425
0.000353
0.000254
0.000121
-0.000040
-0.000190
-0.000262
-0.000279
-0.000311
-0.000340
-0.000350
-0.000373
-0.000357
-0.000250
-0.000148
-0.000163
-0.000236
-0.000259
-0.000235
-0.000179
-0.000030
0.000188
0.000304
0.000246
0.000151
0.000139
0.000156
0.000131
0.000092
0.000045
-0.000024
-0.000002
0.000223
0.000542
0.000693
0.000556
0.000313
0.000194
0.000189
0.000143
0.000009
-0.000146
-0.000282
-0.000414
-0.000515
-0.000502
-0.000401
-0.000371
-0.000449
-0.000500
-0.000454
-0.000367
-0.000248
-0.000080
0.000020
-0.000050
-0.000151
-0.000113
-0.000008
0.000067
0.000160
0.000275
0.000357
0.000455
0.000612
0.000723
0.000679
0.000545
0.000435
0.000315
0.000123
-0.000051
-0.000116
-0.000125
-0.000115
-0.000048
0.000023
-0.000034
-0.000200
-0.000302
-0.000281
-0.000276
-0.000373
-0.000458
-0.000453
-0.000444
-0.000425
-0.000274
-0.000029
0.000120
0.000117
0.000103
0.000178
0.000217
0.000091
-0.000068
-0.000086
0.000012
0.000142
0.000268
0.000333
0.000307
0.000262
0.000277
0.000319
0.000301
0.000203
0.000099
0.000054
0.000021
-0.000059
-0.000104
-0.000076
-0.000098
-0.000196
-0.000248
-0.000268
-0.000384
-0.000526
-0.000481
-0.000239
-0.000037
-0.000023
-0.000106
-0.000166
-0.000174
-0.000116
0.000012
0.000120
0.000159
0.000243
0.000399
0.000462
0.000379
0.000301
0.000290
0.000266
0.000220
0.000261
0.000437
0.000574
0.000457
0.000133
-0.000184
-0.000376
-0.000455
-0.000454
-0.000408
-0.000396
-0.000448
-0.000428
-0.000266
-0.000149
-0.000193
-0.000237
-0.000185
-0.000167
-0.000269
-0.000389
-0.000404
-0.000327
-0.000230
-0.000103
0.000083
0.000275
0.000398
0.000476
0.000567
0.000637
0.000632
0.000599
0.000585
0.000529
0.000397
0.000284
0.000246
0.000204
0.000132
0.000093
0.000013
-0.000213
-0.000435
-0.000456
-0.000383
-0.000425
-0.000558
-0.000622
-0.000620
-0.000627
-0.000580
-0.000403
-0.000194
-0.000072
-0.000011
0.000070
0.000159
0.000223
0.000323
0.000465
0.000480
0.000334
0.000256
0.000314
0.000321
0.000234
0.000201
0.000252
0.000255
0.000147
0.000039
0.000043
0.000082
0.000027
-0.000087
-0.000171
-0.000210
-0.000169
-0.000050
0.000011
-0.000086
-0.000224
-0.000236
-0.000196
-0.000285
-0.000453
-0.000497
-0.000372
-0.000240
-0.000200
-0.000163
-0.000068
-0.000020
-0.000034
0.000099
0.000422
0.000631
0.000515
0.000259
0.000142
0.000134
0.000080
0.000083
0.000331
0.000674
0.000767
0.000525
0.000161
-0.000152
-0.000357
-0.000418
-0.000365
-0.000269
-0.000163
-0.000093
-0.000143
-0.000335
-0.000603
-0.000816
-0.000813
-0.000583
-0.000319
-0.000112
0.000110
0.000291
0.000297
0.000184
0.000129
0.000207
0.000373
0.000499
0.000471
0.000319
0.000161
0.000080
0.000108
0.000238
0.000409
0.000505
0.000441
0.000271
0.000136
0.000067
-0.000052
-0.000228
-0.000299
-0.000226
-0.000184
-0.000267
-0.000368
-0.000392
-0.000425
-0.000560
-0.000693
-0.000688
-0.000574
-0.000384
-0.000068
0.000288
0.000474
0.000431
0.000298
0.000186
0.000118
0.000131
0.000232
0.000325
0.000346
0.000335
0.000330
0.000337
0.000362
0.000327
0.000151
-0.000068
-0.000190
-0.000176
-0.000035
0.000126
0.000135
-0.000016
-0.000192
-0.000313
-0.000359
-0.000338
-0.000294
-0.000246
-0.000216
-0.000247
-0.000284
-0.000260
-0.000266
-0.000354
-0.000363
-0.000146
0.000200
0.000460
0.000548
0.000487
0.000321
0.000199
0.000257
0.000376
0.000353
0.000218
0.000126
0.000083
0.000042
0.000041
0.000063
0.000004
-0.000148
-0.000262
-0.000238
-0.000179
-0.000238
-0.000334
-0.000317
-0.000246
-0.000215
-0.000171
-0.000083
-0.000009
0.000040
0.000106
0.000148
0.000091
-0.000007
-0.000007
0.000094
0.000153
0.000132
0.000154
0.000252
0.000314
0.000279
0.000157
-0.000045
-0.000233
-0.000270
-0.000178
-0.000100
-0.000043
0.000064
0.000153
0.000130
0.000066
0.000071
0.000086
-0.000021
-0.000193
-0.000224
-0.000100
-0.000027
-0.000118
-0.000266
-0.000319
-0.000254
-0.000144
-0.000042
0.000028
0.000080
0.000179
0.000330
0.000430
0.000359
0.000157
-0.000017
-0.000110
-0.000184
-0.000239
-0.000196
-0.000062
0.000037
0.000069
0.000118
0.000165
0.000143
0.000115
0.000144
0.000166
0.000103
-0.000016
-0.000098
-0.000084
-0.000016
0.000016
0.000024
0.000042
-0.000002
-0.000109
-0.000174
-0.000181
-0.000165
-0.000111
-0.000036
-0.000023
-0.000065
-0.000064
-0.000038
-0.000073
-0.000126
-0.000083
0.000066
0.000191
0.000171
0.000084
0.000088
0.000151
0.000131
0.000042
0.000016
0.000085
0.000147
0.000099
-0.000038
-0.000147
-0.000168
-0.000146
-0.000122
-0.000094
-0.000085
-0.000106
-0.000125
-0.000125
-0.000119
-0.000092
-0.000013
0.000128
0.000277
0.000362
0.000359
0.000267
0.000109
-0.000051
-0.000155
-0.000159
-0.000016
0.000196
0.000259
0.000113
-0.000057
-0.000116
-0.000129
-0.000213
-0.000321
-0.000291
-0.000162
-0.000138
-0.000211
-0.000206
-0.000122
-0.000059
0.000024
0.000182
0.000289
0.000260
0.000219
0.000223
0.000159
0.000043
0.000027
0.000092
0.000100
0.000018
-0.000077
-0.000087
-0.000030
-0.000009
-0.000010
0.000041
0.000045
-0.000131
-0.000356
-0.000401
-0.000266
-0.000094
0.000031
0.000089
0.000105
0.000115
0.000132
0.000164
0.000203
0.000245
0.000302
0.000300
0.000157
-0.000009
-0.000034
-0.000002
-0.000067
-0.000181
-0.000211
-0.000175
-0.000180
-0.000191
-0.000122
-0.000051
-0.000092
-0.000178
-0.000166
-0.000016
0.000183
0.000307
0.000337
0.000326
0.000242
0.000039
-0.000131
-0.000101
-0.000026
-0.000120
-0.000248
-0.000204
-0.000068
0.000014
0.000061
0.000087
-0.000012
-0.000261
-0.000475
-0.000468
-0.000276
-0.000061
0.000075
0.000138
0.000163
0.000188
0.000278
0.000410
0.000464
0.000426
0.000339
0.000170
-0.000015
-0.000036
0.000089
0.000154
0.000082
-0.000050
-0.000160
-0.000224
-0.000257
-0.000252
-0.000192
-0.000139
-0.000140
-0.000116
-0.000050
-0.000056
-0.000169
-0.000292
-0.000325
-0.000239
-0.000061
0.000167
0.000362
0.000387
0.000250
0.000137
0.000104
0.000032
-0.000055
0.000006
0.000149
0.000115
-0.000094
-0.000185
-0.000039
0.000138
0.000190
0.000202
0.000231
0.000174
-0.000018
-0.000231
-0.000329
-0.000316
-0.000278
-0.000224
-0.000123
-0.000032
0.000010
0.000069
0.000179
0.000220
0.000107
-0.000042
-0.000095
-0.000072
0.000018
0.000185
0.000275
0.000178
0.000075
0.000122
0.000183
0.000142
0.000089
0.000028
-0.000124
-0.000312
-0.000389
-0.000322
-0.000222
-0.000188
-0.000165
-0.000053
0.000113
0.000268
0.000378
0.000314
-0.000005
-0.000326
-0.000334
-0.000079
0.000136
0.000113
-0.000075
-0.000170
-0.000087
-0.000018
-0.000053
-0.000056
-0.000009
-0.000038
-0.000109
-0.000084
0.000042
0.000195
0.000320
0.000341
0.000236
0.000131
0.000138
0.000208
0.000212
0.000126
0.000049
0.000044
0.000016
-0.000093
-0.000165
-0.000121
-0.000042
-0.000018
-0.000055
-0.000141
-0.000270
-0.000371
-0.000346
-0.000231
-0.000133
-0.000044
0.000062
0.000113
0.000038
-0.000108
-0.000186
-0.000122
0.000024
0.000162
0.000245
0.000236
0.000156
0.000101
0.000097
0.000081
0.000060
0.000093
0.000157
0.000183
0.000154
0.000099
0.000045
-0.000030
-0.000167
-0.000276
-0.000194
0.000031
0.000132
-0.000003
-0.000192
-0.000268
-0.000266
-0.000248
-0.000150
0.000067
0.000250
0.000231
0.000074
-0.000035
-0.000069
-0.000125
-0.000167
-0.000054
0.000143
0.000221
0.000200
0.000196
0.000182
0.000128
0.000079
0.000048
0.000045
0.000054
0.000012
-0.000052
-0.000057
-0.000006
0.000087
0.000220
0.000262
0.000080
-0.000210
-0.000383
-0.000469
-0.000599
-0.000655
-0.000463
-0.000122
0.000126
0.000171
0.000083
-0.000000
-0.000002
0.000043
0.000077
0.000115
0.000188
0.000243
0.000220
0.000194
0.000244
0.000310
0.000314
0.000289
0.000311
0.000328
0.000194
-0.000039
-0.000159
-0.000147
-0.000143
-0.000169
-0.000197
-0.000248
-0.000252
-0.000165
-0.000127
-0.000224
-0.000326
-0.000332
-0.000300
-0.000279
-0.000211
-0.000055
0.000119
0.000233
0.000292
0.000303
0.000256
0.000174
0.000104
0.000087
0.000135
0.000229
0.000300
0.000258
0.000109
-0.000034
-0.000089
-0.000083
-0.000080
-0.000102
-0.000105
-0.000067
-0.000093
-0.000232
-0.000329
-0.000255
-0.000124
-0.000060
-0.000017
0.000036
0.000010
-0.000085
-0.000090
0.000046
0.000171
0.000163
0.000106
0.000132
0.000188
0.000191
0.000224
0.000318
0.000307
0.000126
-0.000056
-0.000146
-0.000226
-0.000288
-0.000209
-0.000015
0.000104
0.000052
-0.000053
-0.000127
-0.000243
-0.000348
-0.000279
-0.000092
0.000035
0.000108
0.000202
0.000247
0.000156
0.000001
-0.000095
-0.000124
-0.000124
-0.000083
-0.000039
-0.000096
-0.000210
-0.000221
-0.000117
-0.000019
0.000054
0.000176
0.000304
0.000311
0.000244
0.000291
0.000436
0.000457
0.000285
0.000093
0.000010
-0.000071
-0.000282
-0.000480
-0.000453
-0.000279
-0.000136
-0.000031
0.000056
0.000073
0.000045
0.000042
0.000010
-0.000129
-0.000277
-0.000322
-0.000289
-0.000217
-0.000084
0.000122
0.000322
0.000409
0.000412
0.000433
0.000438
0.000316
0.000103
-0.000032
-0.000094
-0.000222
-0.000317
-0.000181
0.000026
0.000028
-0.000098
-0.000152
-0.000194
-0.000334
-0.000441
-0.000341
-0.000131
-0.000026
-0.000011
0.000071
0.000215
0.000321
0.000414
0.000485
0.000370
0.000085
-0.000102
-0.000059
0.000048
0.000046
-0.000001
0.000050
0.000140
0.000133
0.000065
0.000030
-0.000019
-0.000171
-0.000368
-0.000470
-0.000440
-0.000354
-0.000267
-0.000192
-0.000150
-0.000115
-0.000007
0.000165
0.000300
0.000336
0.000308
0.000286
