5440
0.000007
-0.000239
-0.000503
-0.000602
-0.000415
-0.000060
0.000237
0.000338
0.000229
0.000040
-0.000046
-0.000036
-0.000071
-0.000145
-0.000132
-0.000070
-0.000104
-0.000199
-0.000208
-0.000111
0.000060
0.000266
0.000391
0.000347
0.000203
0.000093
0.000023
-0.000067
-0.000131
-0.000067
0.000055
0.000060
-0.000046
-0.000111
-0.000100
-0.000055
0.000021
0.000118
0.000213
0.000262
0.000196
0.000045
-0.000094
-0.000201
-0.000271
-0.000261
-0.000159
-0.000022
0.000062
0.000061
0.000005
-0.000074
-0.000125
-0.000112
-0.000084
-0.000093
-0.000061
0.000112
0.000324
0.000356
0.000206
0.000049
-0.000040
-0.000087
-0.000110
-0.000121
-0.000109
-0.000026
0.000094
0.000118
0.000023
-0.000039
-0.000002
0.000005
-0.000100
-0.000184
-0.000110
0.000045
0.000119
0.000075
-0.000005
-0.000046
-0.000022
0.000070
0.000177
0.000194
0.000095
-0.000026
-0.000105
-0.000175
-0.000223
-0.000154
0.000035
0.000232
0.000316
0.000219
-0.000031
-0.000259
-0.000300
-0.000211
-0.000161
-0.000178
-0.000159
-0.000049
0.000083
0.000146
0.000147
0.000144
0.000126
0.000058
0.000013
0.000071
0.000187
0.000267
0.000267
0.000186
0.000072
-0.000026
-0.000122
-0.000219
-0.000246
-0.000174
-0.000079
-0.000021
0.000022
0.000043
-0.000015
-0.000148
-0.000260
-0.000284
-0.000198
-0.000008
0.000191
0.000284
0.000263
0.000180
0.000098
0.000048
-0.000030
-0.000159
-0.000215
-0.000109
0.000080
0.000202
0.000174
0.000049
-0.000077
-0.000144
-0.000132
-0.000080
-0.000071
-0.000127
-0.000163
-0.000101
0.000012
0.000057
0.000033
0.000061
0.000188
0.000296
0.000269
0.000136
-0.000002
-0.000101
-0.000151
-0.000152
-0.000125
-0.000079
0.000003
0.000110
0.000201
0.000196
0.000040
-0.000154
-0.000202
-0.000118
-0.000042
0.000020
0.000137
0.000256
0.000290
0.000254
0.000148
-0.000031
-0.000185
-0.000267
-0.000316
-0.000289
-0.000130
0.000028
-0.000002
-0.000184
-0.000308
-0.000266
-0.000103
0.000084
0.000182
0.000164
0.000140
0.000192
0.000274
0.000301
0.000226
0.000107
0.000077
0.000109
0.000032
-0.000120
-0.000155
-0.000083
-0.000060
-0.000083
-0.000056
0.000003
0.000004
-0.000057
-0.000122
-0.000147
-0.000119
-0.000041
0.000027
-0.000003
-0.000131
-0.000236
-0.000186
-0.000017
0.000112
0.000149
0.000160
0.000159
0.000106
0.000050
0.000084
0.000150
0.000128
0.000052
0.000001
-0.000061
-0.000142
-0.000147
-0.000074
-0.000019
0.000019
0.000107
0.000229
0.000256
0.000069
-0.000222
-0.000370
-0.000301
-0.000142
0.000006
0.000125
0.000190
0.000164
0.000057
-0.000078
-0.000165
-0.000142
-0.000043
-0.000001
-0.000088
-0.000160
-0.000043
0.000163
0.000245
0.000192
0.000092
-0.000019
-0.000103
-0.000069
0.000081
0.000186
0.000136
0.000034
-0.000002
-0.000016
-0.000046
-0.000000
0.000110
0.000106
-0.000017
-0.000062
0.000007
0.000039
-0.000032
-0.000127
-0.000185
-0.000234
-0.000295
-0.000299
-0.000188
-0.000020
0.000138
0.000269
0.000294
0.000190
0.000108
0.000120
0.000103
-0.000010
-0.000125
-0.000162
-0.000128
-0.000044
0.000065
0.000168
0.000217
0.000176
0.000086
0.000002
-0.000071
-0.000115
-0.000110
-0.000063
0.000010
0.000039
-0.000046
-0.000166
-0.000161
-0.000053
-0.000003
0.000002
0.000104
0.000280
0.000331
0.000148
-0.000144
-0.000364
-0.000432
-0.000323
-0.000131
-0.000030
-0.000010
0.000062
0.000142
0.000125
0.000054
0.000019
0.000047
0.000133
0.000231
0.000232
0.000133
0.000073
0.000065
-0.000004
-0.000105
-0.000112
-0.000042
0.000001
-0.000003
0.000014
0.000050
0.000025
-0.000070
-0.000147
-0.000152
-0.000128
-0.000129
-0.000115
-0.000046
-0.000006
-0.000042
-0.000025
0.000099
0.000171
0.000082
-0.000057
-0.000084
0.000022
0.000126
0.000112
0.000072
0.000119
0.000153
0.000077
-0.000032
-0.000109
-0.000185
-0.000213
-0.000104
0.000078
0.000187
0.000180
0.000099
0.000009
-0.000030
-0.000056
-0.000151
-0.000280
-0.000326
-0.000231
-0.000027
0.000186
0.000290
0.000265
0.000174
0.000072
0.000008
0.000018
0.000067
0.000070
-0.000006
-0.000065
-0.000016
0.000038
-0.000019
-0.000095
-0.000052
0.000042
0.000028
-0.000080
-0.000148
-0.000130
-0.000065
0.000018
0.000078
0.000064
0.000009
0.000013
0.000042
-0.000015
-0.000085
-0.000060
-0.000046
-0.000133
-0.000195
-0.000107
0.000050
0.000113
0.000055
0.000005
0.000070
0.000167
0.000137
0.000030
0.000025
0.000139
0.000253
0.000261
0.000137
-0.000025
-0.000122
-0.000159
-0.000171
-0.000148
-0.000055
0.000120
0.000269
0.000248
0.000084
-0.000096
-0.000259
-0.000383
-0.000378
-0.000263
-0.000194
-0.000206
-0.000150
0.000030
0.000180
0.000165
0.000064
0.000037
0.000081
0.000107
0.000130
0.000162
0.000154
0.000126
0.000134
0.000171
0.000176
0.000100
-0.000044
-0.000182
-0.000238
-0.000227
-0.000238
-0.000237
-0.000118
0.000036
0.000068
0.000046
0.000122
0.000259
0.000302
0.000216
0.000074
-0.000066
-0.000145
-0.000129
-0.000067
-0.000035
-0.000026
-0.000021
-0.000037
-0.000095
-0.000173
-0.000167
0.000015
0.000258
0.000326
0.000209
0.000125
0.000156
0.000134
-0.000034
-0.000220
-0.000343
-0.000467
-0.000559
-0.000478
-0.000208
0.000098
0.000302
0.000379
0.000365
0.000294
0.000188
0.000049
-0.000087
-0.000139
-0.000117
-0.000124
-0.000131
-0.000015
0.000160
0.000201
0.000136
0.000164
0.000286
0.000309
0.000175
0.000018
-0.000071
-0.000104
-0.000136
-0.000232
-0.000367
-0.000407
-0.000305
-0.000165
-0.000063
0.000039
0.000163
0.000241
0.000213
0.000072
-0.000361
-0.000891
-0.000286
0.001366
0.001540
-0.000189
-0.000831
0.000386
0.000731
-0.000523
-0.001013
-0.000109
0.000401
0.000132
0.000181
0.000453
0.000164
-0.000380
-0.000470
-0.000268
-0.000270
-0.000364
-0.000226
-0.000010
0.000006
-0.000065
0.000007
0.000169
0.000255
0.000233
0.000143
0.000014
-0.000101
-0.000112
-0.000002
0.000096
0.000079
0.000024
0.000078
0.000220
0.000246
0.000074
-0.000061
0.000019
0.000158
0.000182
0.000138
0.000061
-0.000072
-0.000139
-0.000041
0.000028
-0.000108
-0.000185
0.000082
0.000365
0.000180
-0.000294
-0.000547
-0.000518
-0.000467
-0.000436
-0.000244
0.000088
0.000228
0.000006
-0.000242
-0.000145
0.000074
0.000088
0.000180
0.000544
0.000588
0.000121
0.000002
0.000422
0.000355
-0.000266
-0.000150
0.000689
0.000616
-0.000418
-0.000611
0.000125
0.000039
-0.000811
-0.000614
0.000543
0.000703
-0.000328
-0.000726
0.000039
0.000580
0.000167
-0.000405
-0.000323
0.000213
0.000410
-0.000033
-0.000492
-0.000381
-0.000022
0.000040
0.000022
0.000265
0.000307
-0.000194
-0.000451
0.000162
0.000633
-0.000074
-0.000820
-0.000205
0.000704
0.000389
-0.000336
-0.000125
0.000516
0.000433
-0.000202
-0.000359
0.000076
0.000227
-0.000127
-0.000336
-0.000212
-0.000092
0.000014
0.000118
0.000008
-0.000024
0.000275
0.000325
0.000074
0.000309
0.000496
-0.000436
-0.001089
0.000115
0.001246
0.000208
-0.001214
-0.000611
0.000843
0.000620
-0.000821
-0.000949
0.000236
0.000198
-0.000957
-0.000460
0.001249
0.000950
-0.001041
-0.001152
0.000891
0.001306
-0.000661
-0.000986
0.001231
0.001746
-0.000511
-0.001455
0.000276
0.001024
-0.000656
-0.001365
0.000288
0.001164
-0.000158
-0.001069
0.000078
0.001436
0.001091
-0.000225
-0.000979
-0.000720
0.000175
0.000610
-0.000041
-0.000646
-0.000216
0.000369
0.000136
-0.000326
-0.000474
-0.000635
-0.000345
0.000621
0.000738
-0.000428
-0.000793
0.000542
0.001439
0.000504
-0.000531
-0.000101
0.000529
-0.000093
-0.000756
-0.000032
0.000660
-0.000262
-0.001039
0.000126
0.001004
-0.000493
-0.001691
-0.000135
0.001383
0.000379
-0.000922
-0.000575
0.000597
0.001175
0.000219
-0.001013
-0.000344
0.000963
0.000374
-0.000709
-0.000205
0.000146
-0.000407
0.000233
0.001121
0.000176
-0.000502
0.000530
0.000396
-0.001184
-0.000335
0.001578
0.000210
-0.001592
-0.000542
0.000338
-0.000202
-0.000289
-0.000538
-0.001205
0.000145
0.002458
0.001377
-0.001468
-0.000599
0.002097
0.000712
-0.002484
-0.000711
0.003569
0.001756
-0.004209
-0.003701
0.002217
0.002452
-0.002290
-0.002403
0.001925
0.002872
-0.001005
-0.002910
0.000545
0.003263
0.000249
-0.003195
-0.000734
0.003114
0.001224
-0.002531
-0.000769
0.003257
0.002019
-0.002261
-0.002052
0.001994
0.002019
-0.002979
-0.003768
0.001860
0.003295
-0.001450
-0.002081
0.001490
0.001101
-0.001817
-0.002099
-0.000309
0.001970
0.002867
-0.000430
-0.003827
-0.000255
0.004541
0.001437
-0.002997
-0.000534
0.002877
0.000778
-0.002556
-0.001682
0.001193
0.001809
-0.000582
-0.002607
0.000666
0.004343
-0.000626
-0.006598
-0.002107
0.004912
0.002757
-0.003057
-0.002263
0.001793
0.000925
-0.001752
0.000127
0.002402
0.000452
-0.000912
0.000743
0.001308
0.000022
-0.000713
-0.000676
-0.000436
0.000318
0.000646
-0.000472
-0.001353
-0.000697
0.000393
0.000351
-0.000691
-0.000485
0.001099
0.001153
-0.000631
-0.000926
0.001811
0.003766
0.000529
-0.003822
-0.002035
0.002078
0.000901
-0.002532
-0.001785
0.001432
0.001862
0.000191
-0.000498
-0.001368
-0.001959
0.000738
0.003157
0.000359
-0.003180
-0.001468
0.002229
0.001575
-0.001968
-0.002082
0.000975
0.002301
0.001498
-0.000051
-0.000973
0.000657
0.001398
-0.001701
-0.002354
0.002201
0.002613
-0.003109
-0.002842
0.003348
0.002282
-0.003528
-0.002070
0.003516
0.003085
-0.002389
-0.004332
-0.000393
0.002864
0.001416
-0.000730
-0.000196
0.000711
-0.000669
-0.002719
-0.001493
0.002574
0.002859
-0.001296
-0.001092
0.002990
0.001076
-0.004367
-0.003059
0.002833
0.003053
-0.001776
-0.001773
0.002422
0.001703
-0.002058
-0.001088
0.002224
0.001903
-0.000854
-0.002673
-0.002240
0.001140
0.004046
0.001065
-0.003813
-0.001543
0.003937
0.001487
-0.005375
-0.004152
0.003824
0.005004
-0.002387
-0.004294
0.002233
0.003472
-0.002106
-0.002228
0.002456
0.002530
-0.000896
-0.002465
-0.000708
0.002426
0.000868
-0.004127
-0.002429
0.003889
0.004092
-0.000384
-0.003015
-0.003308
-0.000356
0.004798
0.003937
-0.003243
-0.004156
0.002643
0.003556
-0.002978
-0.004345
0.000987
0.002841
0.000128
-0.000415
0.000759
-0.000972
-0.003775
-0.001784
0.004265
0.006087
0.000906
-0.003907
-0.003198
0.000264
0.002271
0.001016
-0.001476
-0.000672
0.001954
0.000121
-0.002696
0.001040
0.004033
-0.002657
-0.007985
-0.000466
0.007521
0.002895
-0.003768
-0.001004
0.004072
0.002004
-0.004177
-0.005022
0.001335
0.005933
0.001472
-0.006395
-0.005602
0.004261
0.008281
-0.001688
-0.009897
-0.001192
0.009265
0.002905
-0.006742
-0.001640
0.006684
0.002173
-0.005521
-0.001076
0.007561
0.002918
-0.009979
-0.009933
0.004773
0.012657
0.001922
-0.011125
-0.005625
0.008730
0.006468
-0.007004
-0.005455
0.007625
0.006011
-0.007832
-0.006767
0.007800
0.007642
-0.007897
-0.010810
0.004516
0.013298
0.002419
-0.010063
-0.005125
0.006467
0.003394
-0.008318
-0.005768
0.008558
0.009177
-0.005695
-0.009111
0.004093
0.007977
-0.004150
-0.008833
0.002318
0.009282
0.001175
-0.006772
-0.002695
0.003896
0.002636
-0.002306
-0.002566
0.001521
0.002907
-0.000478
-0.003396
-0.001779
0.002397
0.003401
-0.000392
-0.002850
-0.000196
0.002114
-0.000604
-0.003507
-0.000375
0.004561
0.002936
-0.002783
-0.003337
0.002080
0.004220
-0.002123
-0.006975
-0.000226
0.008185
0.004240
-0.005834
-0.006829
0.001172
0.005078
0.001105
-0.001688
0.000464
0.001939
-0.000433
-0.003332
-0.002548
0.001177
0.002819
0.000876
-0.000190
0.001386
0.001865
-0.000245
-0.002218
-0.002013
-0.000467
0.000162
-0.000826
-0.001066
0.001035
0.002263
-0.000050
-0.002893
-0.002848
-0.000307
0.001604
0.000659
-0.000456
0.001308
0.003365
0.002007
-0.000918
-0.001151
0.000051
-0.001077
-0.002575
-0.000194
0.004296
0.004838
0.000587
-0.003082
-0.003648
-0.002567
-0.000271
0.002142
0.002434
0.000540
-0.002027
-0.002814
0.000004
0.002543
-0.000239
-0.003350
0.000796
0.005984
0.001853
-0.005657
-0.004457
0.001068
0.000413
-0.001859
0.001747
0.005220
0.002462
-0.001942
-0.003300
-0.002061
0.000485
0.002483
0.002424
0.001409
0.000545
-0.001113
-0.003203
-0.002491
0.001400
0.003489
0.000900
-0.002347
-0.001573
0.001021
0.000024
-0.003314
-0.002663
0.002267
0.004895
0.002066
-0.002193
-0.003614
-0.002010
0.000686
0.001473
-0.000656
-0.001578
0.001388
0.003930
0.002087
-0.001513
-0.002375
-0.000507
0.000536
0.000254
0.002010
0.004760
0.001956
-0.005724
-0.007780
-0.001000
0.005018
0.004172
0.001277
0.000204
-0.001864
-0.004359
-0.002137
0.002793
0.003147
-0.001048
-0.002493
0.001758
0.004547
-0.000298
-0.006317
-0.004926
0.000517
0.003235
0.003743
0.002807
-0.001305
-0.005034
-0.003712
0.000074
0.001720
0.001577
0.002806
0.004842
0.002659
-0.004000
-0.006665
-0.000268
0.007098
0.004919
-0.003760
-0.006266
0.000391
0.004083
-0.002446
-0.007879
-0.001866
0.006527
0.005992
0.000822
-0.001382
-0.001008
0.000332
0.001492
0.000203
-0.002151
-0.003244
-0.003830
-0.002167
0.004124
0.008313
0.002039
-0.007689
-0.006712
0.002986
0.006225
-0.000692
-0.005104
0.000613
0.007945
0.006602
-0.001284
-0.006441
-0.005935
-0.003355
0.000870
0.006653
0.006864
-0.001607
-0.008688
-0.006132
0.001435
0.005436
0.002879
-0.001971
-0.002198
0.002861
0.004846
-0.001030
-0.006855
-0.005721
-0.000961
0.004185
0.008230
0.006214
-0.001807
-0.006544
-0.003109
0.002688
0.004512
0.001413
-0.003371
-0.004341
-0.000325
0.002672
0.000247
-0.003523
-0.002406
0.002010
0.002569
-0.001605
-0.003996
-0.001941
0.001283
0.003583
0.005106
0.004875
0.000859
-0.004840
-0.005651
-0.000445
0.003189
0.000756
-0.001874
0.001259
0.005712
0.003375
-0.003852
-0.006473
-0.002859
0.000590
0.001886
0.002631
0.001377
-0.002561
-0.005182
-0.002734
0.002917
0.006115
0.003855
-0.001504
-0.005220
-0.004143
-0.000139
0.001494
-0.000031
0.000209
0.003422
0.004579
0.001992
-0.000520
-0.001833
-0.003221
-0.002888
0.000421
0.003512
0.003565
0.001186
-0.002595
-0.005664
-0.003743
0.002722
0.005493
0.000776
-0.002955
-0.000265
0.002126
0.000515
-0.000566
0.000187
-0.000026
-0.001508
-0.002430
-0.002015
-0.000875
0.000538
0.002070
0.002644
0.001385
-0.001599
-0.005402
-0.005524
0.002049
0.010036
0.006724
-0.003893
-0.006089
0.001719
0.005095
-0.000628
-0.004664
-0.001304
0.003517
0.003814
0.000258
-0.002643
-0.003299
-0.003890
-0.003647
0.000896
0.007380
0.007936
0.000782
-0.005931
-0.005467
-0.001096
0.000796
0.000273
0.001199
0.002919
0.001444
-0.002282
-0.003274
-0.001206
-0.000014
-0.000554
-0.000469
0.000880
0.001571
0.000752
0.000128
0.000660
0.001020
0.000195
-0.000906
-0.000880
0.000107
0.000731
0.000206
-0.001252
-0.001739
0.000427
0.002600
0.001369
-0.001134
-0.001549
-0.000809
-0.000307
0.000460
0.000641
-0.000873
-0.001760
-0.000011
0.002254
0.003254
0.002923
0.000656
-0.001960
-0.001605
0.001050
0.001973
0.000626
0.000475
0.001880
0.001810
0.000447
-0.000404
-0.002200
-0.005118
-0.005162
-0.002056
-0.001045
-0.002907
-0.002743
0.000343
0.002332
0.001590
0.000086
-0.000499
0.000119
0.001270
0.001660
0.001665
0.002073
0.001068
-0.001479
-0.002451
-0.001725
-0.001375
-0.000150
0.003089
0.005219
0.003893
0.001008
-0.001011
-0.002039
-0.002660
-0.001961
0.000509
0.002330
0.001814
0.001370
0.003564
0.006187
0.005231
0.000874
-0.003725
-0.005900
-0.004207
-0.000692
0.000305
-0.001757
-0.003275
-0.002080
-0.000121
-0.000586
-0.003356
-0.004783
-0.002189
0.002048
0.002886
0.000413
-0.000418
0.001414
0.002196
0.000420
-0.001942
-0.003751
-0.004607
-0.002063
0.003966
0.007899
0.006077
0.001716
-0.000167
0.001130
0.001301
-0.001705
-0.002938
0.000847
0.005099
0.005669
0.004338
0.002778
-0.000784
-0.005272
-0.005527
-0.001486
0.000506
-0.002336
-0.006536
-0.009177
-0.010447
-0.010849
-0.009884
-0.006011
0.001514
0.008949
0.010931
0.007668
0.003205
-0.000300
-0.001773
-0.000290
0.003195
0.006316
0.007059
0.005622
0.004004
0.002700
0.001052
0.000548
0.002894
0.006552
0.009448
0.010649
0.008320
0.003269
0.000767
0.001862
0.001183
-0.002691
-0.005847
-0.007882
-0.011219
-0.014305
-0.013586
-0.009684
-0.006468
-0.005597
-0.005404
-0.004745
-0.005177
-0.007010
-0.006505
-0.001664
0.003356
0.003772
0.000777
-0.000535
0.001638
0.004520
0.005527
0.005065
0.004934
0.005079
0.004493
0.004416
0.005489
0.005014
0.002144
0.000481
0.002466
0.005307
0.004894
0.002703
0.003353
0.005479
0.003804
-0.001390
-0.006120
-0.009283
-0.010149
-0.007143
-0.002463
-0.000001
0.000316
0.000923
0.002997
0.005672
0.005773
0.001351
-0.003713
-0.003736
0.000204
0.001923
0.000601
0.000063
-0.001104
-0.005351
-0.008033
-0.006369
-0.004909
-0.005592
-0.005377
-0.003250
-0.000988
0.000813
0.002943
0.004366
0.003590
0.002862
0.004904
0.007833
0.008467
0.006297
0.002136
-0.002944
-0.006989
-0.007590
-0.004184
0.000594
0.003645
0.004902
0.005589
0.005044
0.003336
0.003182
0.005680
0.007964
0.007058
0.003636
0.000279
-0.002395
-0.005485
-0.008695
-0.010323
-0.010146
-0.009262
-0.007835
-0.006460
-0.006976
-0.008842
-0.008997
-0.005788
0.000084
0.005950
0.008260
0.006656
0.004921
0.005687
0.007717
0.009014
0.008758
0.006772
0.004082
0.002739
0.003359
0.004110
0.002449
-0.002007
-0.005916
-0.006151
-0.004256
-0.003543
-0.004804
-0.006653
-0.007262
-0.005803
-0.003358
-0.001731
-0.001209
-0.000832
-0.000182
0.000648
0.001857
0.003537
0.004882
0.005216
0.004890
0.003701
0.000927
-0.002445
-0.004389
-0.004433
-0.003413
-0.001618
0.001047
0.003575
0.004284
0.002757
0.000162
-0.002030
-0.002698
-0.000997
0.003095
0.008052
0.011180
0.010336
0.006115
0.001400
-0.002093
-0.004404
-0.005084
-0.003866
-0.001501
0.001442
0.003587
0.002691
-0.001277
-0.006378
-0.011154
-0.014088
-0.013491
-0.010023
-0.006413
-0.003836
-0.001296
0.001539
0.003167
0.002821
0.002279
0.003243
0.005383
0.007729
0.009504
0.010016
0.008754
0.005542
0.001734
-0.000208
-0.000386
-0.001489
-0.003511
-0.003215
0.000340
0.004391
0.006051
0.004843
0.002374
0.000079
-0.001699
-0.002889
-0.004073
-0.005921
-0.007103
-0.005697
-0.002306
0.000471
0.000757
-0.001357
-0.004736
-0.007779
-0.008325
-0.005526
-0.000955
0.003239
0.005603
0.005748
0.004366
0.002106
-0.000394
-0.001639
-0.000606
0.001758
0.003641
0.004302
0.004169
0.003530
0.002136
-0.000046
-0.002075
-0.002587
-0.001538
-0.000263
0.000603
0.001908
0.003607
0.003581
0.001370
-0.000675
-0.001667
-0.002520
-0.003053
-0.002646
-0.001280
0.000694
0.002064
0.001794
0.000526
-0.000944
-0.002792
-0.004301
-0.004045
-0.002806
-0.002567
-0.002832
-0.001707
0.000511
0.001838
0.001430
0.000461
0.000619
0.001609
0.001556
0.000702
0.001159
0.002727
0.003397
0.002874
0.001628
-0.000737
-0.003560
-0.005245
-0.005364
-0.003607
0.000450
0.004996
0.007697
0.008848
0.008987
0.007034
0.003293
-0.000326
-0.003253
-0.005252
-0.004861
-0.002276
-0.000282
-0.000475
-0.001965
-0.003705
-0.005112
-0.005416
-0.004297
-0.002264
-0.000027
0.001585
0.001787
0.000842
-0.000296
-0.001300
-0.001972
-0.001715
-0.000894
-0.000756
-0.001080
-0.000195
0.002042
0.003628
0.003241
0.001704
0.000469
0.000346
0.001382
0.002863
0.003949
0.004341
0.004067
0.003188
0.001780
-0.000132
-0.002323
-0.003861
-0.003714
-0.002022
-0.000014
0.001074
0.000858
-0.000014
-0.000654
-0.000786
-0.000505
0.000083
0.000429
-0.000281
-0.002054
-0.003937
-0.004918
-0.004640
-0.003353
-0.001507
0.000276
0.001287
0.001482
0.001645
0.002197
0.002492
0.002139
0.002160
0.003030
0.003052
0.000998
-0.001755
-0.003327
-0.003522
-0.002906
-0.001264
0.001369
0.003355
0.003358
0.002194
0.001281
0.000842
0.000455
0.000140
0.000189
0.000627
0.000944
0.000176
-0.001749
-0.003366
-0.003627
-0.003067
-0.002515
-0.002173
-0.001810
-0.001046
0.000030
0.000632
0.000389
0.000080
0.000466
0.001194
0.001700
0.002140
0.002745
0.003270
0.003482
0.003413
0.002946
0.001973
0.000944
0.000401
0.000166
-0.000295
-0.001088
-0.001875
-0.002340
-0.002503
-0.002527
-0.002248
-0.001431
-0.000508
-0.000248
-0.000656
-0.001010
-0.001049
-0.001255
-0.001849
-0.002418
-0.002569
-0.002232
-0.001500
-0.000641
-0.000017
0.000312
0.000651
0.001221
0.001959
0.002693
0.003224
0.003431
0.003399
0.003242
0.002948
0.002565
0.002247
0.001917
0.001336
0.000615
0.000139
-0.000091
-0.000435
-0.000982
-0.001434
-0.001540
-0.001433
-0.001421
-0.001646
-0.002027
-0.002262
-0.001997
-0.001287
-0.000652
-0.000585
-0.001110
-0.001871
-0.002492
-0.002611
-0.002040
-0.001106
-0.000266
0.000422
0.001001
0.001344
0.001414
0.001200
0.000715
0.000439
0.000846
0.001572
0.002051
0.002289
0.002250
0.001690
0.000910
0.000417
0.000169
-0.000024
0.000028
0.000527
0.001176
0.001316
0.000630
-0.000516
-0.001540
-0.002179
-0.002420
-0.002157
-0.001359
-0.000447
0.000066
0.000079
-0.000248
-0.000671
-0.000934
-0.001400
-0.003383
-0.007214
-0.010030
-0.008139
-0.002182
0.003105
0.005082
0.005608
0.006124
0.005083
0.002478
0.001696
0.003896
0.005509
0.004277
0.002978
0.004215
0.006074
0.005837
0.004110
0.002641
0.001131
-0.001323
-0.003592
-0.003682
-0.001823
-0.000330
-0.000534
-0.001660
-0.002659
-0.003500
-0.004500
-0.005463
-0.005909
-0.005753
-0.005441
-0.005280
-0.004744
-0.003162
-0.001260
-0.000641
-0.001360
-0.001699
-0.000869
0.000068
0.000584
0.001581
0.003192
0.004107
0.003846
0.003626
0.004221
0.004776
0.004408
0.003532
0.003025
0.003073
0.003260
0.003221
0.002821
0.002048
0.000998
-0.000257
-0.001575
-0.002222
-0.001342
0.000471
0.001446
0.001064
0.000404
-0.000116
-0.001170
-0.002691
-0.003792
-0.004417
-0.005115
-0.005477
-0.004709
-0.003248
-0.002189
-0.001789
-0.001521
-0.000973
-0.000257
0.000304
0.000715
0.001190
0.001696
0.002102
0.002405
0.002505
0.002205
0.001512
0.000795
0.000489
0.000619
0.000921
0.001282
0.001588
0.001693
0.001862
0.002218
0.001987
0.000880
0.000287
0.000991
0.001376
0.000261
-0.000930
-0.001418
-0.003531
-0.008874
-0.014285
-0.014450
-0.008184
-0.000360
0.003688
0.004290
0.004946
0.005549
0.003801
0.001649
0.002885
0.005671
0.005171
0.002267
0.002239
0.005990
0.009110
0.008784
0.006538
0.004305
0.001613
-0.002045
-0.004546
-0.003576
-0.000679
0.000280
-0.001547
-0.003458
-0.003907
-0.004234
-0.005529
-0.006981
-0.007639
-0.007729
-0.007819
-0.007464
-0.005510
-0.002177
0.000203
0.000016
-0.001145
-0.000969
0.000052
0.000317
0.000480
0.001995
0.004054
0.004995
0.005238
0.006158
0.007403
0.007501
0.006164
0.004545
0.003651
0.003240
0.002465
0.001248
0.000257
-0.000096
0.000226
0.001067
0.001857
0.001941
0.001249
0.000051
-0.001493
-0.002984
-0.003791
-0.004081
-0.004742
-0.005786
-0.006241
-0.005849
-0.005325
-0.004932
-0.004282
-0.003422
-0.002738
-0.001986
-0.000604
0.001249
0.002804
0.003670
0.004054
0.004116
0.003708
0.002799
0.001800
0.001222
0.001131
0.001204
0.001307
0.001628
0.002244
0.002865
0.003064
0.002677
0.001983
0.001374
0.000757
-0.000339
-0.001927
-0.003843
-0.007006
-0.011922
-0.015270
-0.012108
-0.003440
0.003435
0.004773
0.004513
0.005705
0.005518
0.002596
0.001240
0.003620
0.005372
0.003472
0.001708
0.004071
0.008287
0.009743
0.007813
0.005035
0.002458
-0.000781
-0.003968
-0.004617
-0.002587
-0.001060
-0.002049
-0.003917
-0.004525
-0.003999
-0.003656
-0.004439
-0.006324
-0.008040
-0.008350
-0.007604
-0.006313
-0.003710
-0.000237
0.001278
-0.000143
-0.001476
-0.000458
0.001170
0.001446
0.001420
0.002508
0.003887
0.004540
0.005319
0.007044
0.008488
0.008036
0.006067
0.004325
0.003627
0.003226
0.002415
0.001661
0.001506
0.001355
0.000315
-0.001299
-0.002170
-0.001782
-0.001341
-0.002220
-0.003796
-0.004261
-0.003595
-0.003473
-0.004152
-0.004352
-0.004158
-0.004828
-0.005806
-0.005232
-0.003290
-0.001957
-0.001712
-0.001167
0.000346
0.001876
0.002577
0.002938
0.003596
0.004000
0.003583
0.003163
0.003553
0.003998
0.003527
0.002524
0.001804
0.001470
0.001310
0.001225
0.001158
0.001209
0.001343
0.001079
0.000350
-0.000182
-0.000861
-0.003664
-0.009028
-0.013587
-0.013790
-0.010214
-0.005665
-0.001151
0.003311
0.006075
0.005676
0.003903
0.003649
0.004725
0.004761
0.003243
0.002082
0.002802
0.005051
0.007604
0.009412
0.009576
0.007473
0.003605
-0.000246
-0.002443
-0.002952
-0.002971
-0.003421
-0.004224
-0.004717
-0.004439
-0.003728
-0.003495
-0.004260
-0.005770
-0.007599
-0.009213
-0.009410
-0.007280
-0.003973
-0.001669
-0.000794
-0.000141
0.000789
0.001444
0.001747
0.002174
0.002602
0.002626
0.002749
0.003963
0.006220
0.008285
0.009075
0.008461
0.006888
0.004920
0.003117
0.001741
0.000553
-0.000489
-0.000661
0.000575
0.002336
0.003069
0.002438
0.001212
-0.000433
-0.002791
-0.005249
-0.006799
-0.007492
-0.007922
-0.007951
-0.007185
-0.005923
-0.004681
-0.003560
-0.002659
-0.002302
-0.002320
-0.001924
-0.000639
0.001283
0.003379
0.005248
0.006354
0.006364
0.005663
0.004792
0.003710
0.002308
0.001070
0.000517
0.000587
0.001108
0.002120
0.003310
0.003951
0.003755
0.002877
0.000609
-0.004862
-0.013417
-0.019836
-0.017720
-0.008380
-0.000486
0.001876
0.003615
0.007646
0.009141
0.005839
0.003409
0.004778
0.004677
0.000186
-0.002901
0.000692
0.007584
0.011277
0.010679
0.008910
0.006805
0.002573
-0.002811
-0.005360
-0.004423
-0.004011
-0.006120
-0.007781
-0.006229
-0.002745
-0.000468
-0.001225
-0.004408
-0.007664
-0.009532
-0.010546
-0.010324
-0.006998
-0.001794
0.000802
0.000079
0.000578
0.004118
0.006588
0.005109
0.002457
0.001844
0.002411
0.002534
0.003490
0.006708
0.010047
0.010303
0.008009
0.006331
0.006036
0.004783
0.001304
-0.002376
-0.003653
-0.002638
-0.001463
-0.000974
-0.000066
0.001149
0.000359
-0.002993
-0.005976
-0.006619
-0.006682
-0.007837
-0.008597
-0.007254
-0.004886
-0.003345
-0.002399
-0.000814
0.000923
0.001081
-0.000179
-0.000489
0.001060
0.002611
0.003033
0.003689
0.005413
0.006803
0.006771
0.006004
0.005087
0.003574
0.001378
-0.000603
-0.001443
-0.001084
-0.000336
0.000066
0.000379
0.001096
0.001596
0.000660
-0.002409
-0.007930
-0.014765
-0.018535
-0.015153
-0.007029
-0.000711
0.002083
0.004996
0.008711
0.009721
0.007827
0.006898
0.007364
0.005429
0.000868
-0.001116
0.002325
0.007506
0.009954
0.009752
0.008736
0.006388
0.001812
-0.002908
-0.005042
-0.005299
-0.006236
-0.008051
-0.008729
-0.007147
-0.004287
-0.002254
-0.002603
-0.004814
-0.006946
-0.008127
-0.008749
-0.008344
-0.006012
-0.002856
-0.000957
0.000103
0.002563
0.006185
0.007907
0.006445
0.004149
0.003205
0.003055
0.003013
0.004192
0.006882
0.008891
0.008578
0.007270
0.006729
0.006191
0.003957
0.000397
-0.002511
-0.003714
-0.003813
-0.003594
-0.002810
-0.001223
-0.000212
-0.001398
-0.003965
-0.005725
-0.006423
-0.007401
-0.008568
-0.008379
-0.006531
-0.004355
-0.002631
-0.000887
0.000995
0.002072
0.001883
0.001524
0.002143
0.003207
0.003619
0.003746
0.004636
0.005993
0.006681
0.006470
0.005815
0.004690
0.002802
0.000489
-0.001384
-0.002267
-0.002326
-0.002062
-0.001700
-0.001158
-0.000839
-0.002307
-0.007104
-0.013597
-0.016440
-0.012508
-0.005950
-0.002443
-0.000681
0.003658
0.008712
0.009824
0.008623
0.009512
0.010677
0.007558
0.002101
0.000533
0.003892
0.007194
0.007325
0.006413
0.006522
0.005726
0.002156
-0.001890
-0.003715
-0.004841
-0.007812
-0.011297
-0.012060
-0.009519
-0.005953
-0.003927
-0.004235
-0.005327
-0.005485
-0.005360
-0.006145
-0.006467
-0.004629
-0.002279
-0.001491
-0.000339
0.003768
0.008616
0.010075
0.008403
0.007042
0.006882
0.006033
0.004315
0.003890
0.005249
0.006157
0.005490
0.004923
0.005552
0.005723
0.003671
0.000101
-0.003142
-0.005337
-0.006581
-0.006651
-0.005529
-0.004174
-0.003614
-0.003771
-0.003962
-0.004038
-0.004396
-0.005304
-0.006498
-0.007116
-0.006291
-0.004189
-0.001819
0.000345
0.002419
0.004045
0.004798
0.005212
0.005843
0.006053
0.005245
0.004223
0.003994
0.004342
0.004597
0.004627
0.004429
0.003675
0.002119
0.000090
-0.001713
-0.002918
-0.003718
-0.004305
-0.004535
-0.004357
-0.004072
-0.004216
-0.005428
-0.007899
-0.010644
-0.011697
-0.009595
-0.005076
-0.000667
0.002207
0.004610
0.007577
0.010123
0.011277
0.011661
0.011402
0.009348
0.005901
0.003679
0.004087
0.005635
0.006279
0.005627
0.004396
0.002851
0.000586
-0.002323
-0.005003
-0.007214
-0.009645
-0.011958
-0.012542
-0.010921
-0.008512
-0.006698
-0.005767
-0.005497
-0.005431
-0.005097
-0.004543
-0.003905
-0.002839
-0.001255
0.000426
0.002442
0.005465
0.008764
0.010569
0.010506
0.009765
0.009052
0.008087
0.006825
0.005784
0.005183
0.004617
0.003895
0.003490
0.003568
0.003210
0.001327
-0.002029
-0.005552
-0.007783
-0.008460
-0.008495
-0.008341
-0.007499
-0.006099
-0.005099
-0.004481
-0.003499
-0.002670
-0.003043
-0.003926
-0.003761
-0.002485
-0.001056
0.000293
0.001927
0.003870
0.005628
0.006609
0.006815
0.006834
0.006653
0.005711
0.004434
0.003813
0.003661
0.003170
0.002346
0.001538
0.000663
-0.000409
-0.001647
-0.002958
-0.003974
-0.004538
-0.005196
-0.006056
-0.006113
-0.005192
-0.005069
-0.006995
-0.009632
-0.010591
-0.008768
-0.004925
-0.000843
0.002331
0.004976
0.007680
0.009940
0.011198
0.011913
0.012283
0.011271
0.008513
0.005865
0.005232
0.005814
0.005421
0.003808
0.002425
0.001453
-0.000282
-0.002819
-0.005058
-0.006970
-0.009449
-0.012120
-0.013366
-0.012558
-0.010698
-0.008883
-0.007350
-0.005973
-0.004730
-0.003644
-0.002686
-0.001720
-0.000667
0.000316
0.001277
0.002850
0.005526
0.008616
0.010666
0.011086
0.010709
0.010448
0.010107
0.009052
0.007374
0.005560
0.003589
0.001544
0.000316
0.000193
-0.000199
-0.002008
-0.004280
-0.005524
-0.006128
-0.007324
-0.008719
-0.009070
-0.008577
-0.008177
-0.007503
-0.005786
-0.003709
-0.002347
-0.001442
-0.000357
0.000669
0.001322
0.001886
0.002553
0.003177
0.003826
0.004769
0.005960
0.007026
0.007537
0.007198
0.006202
0.005161
0.004358
0.003478
0.002252
0.000876
-0.000308
-0.001277
-0.002241
-0.003267
-0.004298
-0.005390
-0.006486
-0.007135
-0.006957
-0.006203
-0.005335
-0.004347
-0.003212
-0.002840
-0.004674
-0.008331
-0.010186
-0.007083
-0.001336
0.002226
0.003823
0.007360
0.012346
0.014667
0.014381
0.014749
0.015044
0.011928
0.006453
0.003240
0.003509
0.003804
0.001786
-0.000542
-0.000905
-0.000744
-0.002308
-0.004786
-0.006716
-0.009046
-0.012522
-0.015304
-0.015602
-0.013774
-0.011119
-0.008822
-0.007289
-0.005345
-0.002008
0.001159
0.002248
0.002212
0.002755
0.003321
0.003293
0.004312
0.007423
0.010611
0.011677
0.011422
0.011808
0.012439
0.011371
0.008541
0.005619
0.003067
0.000194
-0.002544
-0.003885
-0.003944
-0.004104
-0.005012
-0.006012
-0.006475
-0.006793
-0.007583
-0.008509
-0.008850
-0.008694
-0.008384
-0.007416
-0.005226
-0.002449
-0.000255
0.001039
0.002022
0.003240
0.004431
0.004912
0.004827
0.005093
0.005894
0.006554
0.006946
0.007388
0.007465
0.006619
0.005357
0.004393
0.003368
0.001602
-0.000699
-0.002830
-0.004496
-0.005799
-0.006759
-0.007197
-0.007019
-0.006420
-0.005694
-0.004966
-0.004226
-0.003476
-0.002830
-0.002739
-0.004184
-0.007520
-0.010253
-0.008458
-0.002519
0.002430
0.004403
0.007232
0.012507
0.016194
0.016278
0.015704
0.015400
0.012407
0.006569
0.002153
0.001486
0.001914
0.000483
-0.001792
-0.002429
-0.001937
-0.002624
-0.004425
-0.005823
-0.007522
-0.010894
-0.014506
-0.015924
-0.014931
-0.012760
-0.010332
-0.007937
-0.004978
-0.000841
0.003181
0.005074
0.005233
0.005472
0.005781
0.005290
0.004991
0.006303
0.008274
0.009049
0.009032
0.009916
0.011380
0.011398
0.009362
0.006471
0.003407
-0.000003
-0.003247
-0.005411
-0.006533
-0.007246
-0.007770
-0.007953
-0.007616
-0.006898
-0.006433
-0.006688
-0.007486
-0.008363
-0.008519
-0.007025
-0.004162
-0.001254
0.001213
0.003602
0.005826
0.007584
0.008767
0.008973
0.007883
0.006037
0.004326
0.003189
0.002670
0.002596
0.002663
0.002795
0.003098
0.003369
0.003169
0.002256
0.000586
-0.001693
-0.004071
-0.006037
-0.007466
-0.008304
-0.008409
-0.007812
-0.006585
-0.004805
-0.002915
-0.001467
-0.000538
0.000057
0.000398
0.000548
0.000585
0.000410
-0.000590
-0.003001
-0.005304
-0.004213
0.000440
0.004442
0.005906
0.007950
0.011742
0.013839
0.012924
0.011729
0.010856
0.007746
0.002397
-0.001681
-0.002628
-0.002413
-0.003318
-0.004671
-0.004651
-0.003774
-0.003857
-0.004799
-0.005618
-0.006954
-0.009361
-0.011418
-0.011801
-0.010759
-0.008838
-0.006507
-0.004247
-0.001569
0.002107
0.005498
0.006987
0.007166
0.007357
0.007216
0.006151
0.005203
0.005446
0.006122
0.006033
0.005664
0.006204
0.007161
0.006961
0.005355
0.003188
0.000686
-0.002083
-0.004358
-0.005797
-0.006991
-0.008110
-0.008547
-0.007990
-0.006669
-0.004993
-0.003586
-0.003002
-0.003223
-0.003614
-0.003221
-0.001683
-0.000021
0.000621
0.000790
0.001775
0.003550
0.005086
0.005818
0.005863
0.005554
0.005153
0.004737
0.004371
0.004068
0.003492
0.002391
0.001217
0.000481
-0.000099
-0.000984
-0.002021
-0.002937
-0.003794
-0.004511
-0.004796
-0.004741
-0.004757
-0.004938
-0.004961
-0.004493
-0.003486
-0.002197
-0.000907
0.000297
0.001354
0.002045
0.002188
0.001855
0.000996
-0.000937
-0.003677
-0.004776
-0.002356
0.001399
0.003448
0.004891
0.007963
0.011041
0.011672
0.010875
0.010166
0.008332
0.004370
0.000119
-0.002306
-0.003318
-0.004521
-0.005917
-0.006184
-0.005255
-0.004428
-0.004100
-0.003840
-0.004158
-0.005614
-0.007238
-0.007953
-0.007935
-0.007372
-0.006089
-0.004508
-0.002780
-0.000173
0.003109
0.005576
0.006704
0.007294
0.007595
0.007199
0.006422
0.005919
0.005401
0.004252
0.003004
0.002711
0.003207
0.003444
0.003099
0.002417
0.001257
-0.000325
-0.001674
-0.002664
-0.003925
-0.005611
-0.007167
-0.008078
-0.008026
-0.007038
-0.005690
-0.004308
-0.002599
-0.000709
0.000764
0.001894
0.002933
0.003361
0.002871
0.002214
0.002095
0.002237
0.002110
0.001825
0.001899
0.002448
0.003086
0.003605
0.004011
0.003942
0.003028
0.001665
0.000475
-0.000587
-0.001806
-0.002942
-0.003566
-0.003664
-0.003482
-0.003222
-0.002994
-0.002769
-0.002481
-0.002236
-0.002167
-0.002146
-0.001937
-0.001562
-0.001215
-0.000882
-0.000361
0.000370
0.000951
0.000681
-0.000777
-0.002183
-0.001548
0.000835
0.002558
0.003192
0.004690
0.007175
0.008614
0.008679
0.008671
0.008242
0.006021
0.002650
0.000208
-0.000845
-0.001984
-0.003943
-0.005577
-0.005950
-0.005656
-0.005296
-0.004732
-0.004281
-0.004550
-0.005160
-0.005355
-0.005151
-0.004775
-0.004184
-0.003601
-0.003122
-0.002064
-0.000034
0.002163
0.003740
0.004880
0.005873
0.006492
0.006616
0.006480
0.006030
0.004925
0.003397
0.002244
0.001729
0.001381
0.000992
0.000813
0.000711
0.000264
-0.000413
-0.000957
-0.001491
-0.002365
-0.003685
-0.005185
-0.006113
-0.005879
-0.005076
-0.004622
-0.004143
-0.002791
-0.000915
0.000680
0.002024
0.003303
0.004041
0.003884
0.003211
0.002446
0.001548
0.000452
-0.000467
-0.000657
-0.000100
0.000633
0.001192
0.001692
0.002181
0.002569
0.002762
0.002527
0.001749
0.000708
-0.000404
-0.001654
-0.002796
-0.003491
-0.003899
-0.004112
-0.003783
-0.002908
-0.001956
-0.001134
-0.000379
0.000171
0.000379
0.000471
0.000601
0.000373
-0.000488
-0.001376
-0.001730
-0.002092
-0.002745
-0.002350
-0.000040
0.002618
0.004096
0.005201
0.006774
0.007836
0.007660
0.006910
0.005917
0.004147
0.001613
-0.000759
-0.002310
-0.003310
-0.004211
-0.004783
-0.004630
-0.004083
-0.003636
-0.003180
-0.002683
-0.002528
-0.002705
-0.002948
-0.003349
-0.003709
-0.003420
-0.002617
-0.001904
-0.001124
0.000104
0.001438
0.002518
0.003464
0.004257
0.004650
0.004646
0.004433
0.004009
0.003252
0.002283
0.001436
0.000815
0.000301
0.000018
0.000155
0.000361
0.000148
-0.000231
-0.000300
-0.000441
-0.001232
-0.002270
-0.002845
-0.003021
-0.003074
-0.002847
-0.002262
-0.001510
-0.000636
0.000302
0.001017
0.001315
0.001170
0.000609
-0.000066
-0.000420
-0.000449
-0.000508
-0.000706
-0.000762
-0.000409
0.000214
0.000790
0.001299
0.001825
0.002176
0.002212
0.002110
0.001909
0.001358
0.000506
-0.000199
-0.000648
-0.001140
-0.001732
-0.002158
-0.002178
-0.001706
-0.000965
-0.000413
-0.000217
-0.000134
0.000014
0.000105
0.000000
-0.000240
-0.000463
-0.000582
-0.000587
-0.000492
-0.000375
-0.000353
-0.000351
-0.000068
0.000505
0.000957
0.001159
0.001416
0.001785
0.001980
0.001874
0.001609
0.001377
0.001259
0.001158
0.000968
0.000786
0.000706
0.000543
0.000117
-0.000462
-0.000965
-0.001259
-0.001449
-0.001772
-0.002194
-0.002374
-0.002223
-0.002084
-0.002131
-0.002055
-0.001635
-0.001113
-0.000727
-0.000400
-0.000038
0.000330
0.000738
0.001251
0.001757
0.002029
0.001980
0.001775
0.001603
0.001474
0.001343
0.001247
0.001174
0.000998
0.000671
0.000332
0.000127
0.000008
-0.000166
-0.000284
-0.000111
0.000213
0.000335
0.000182
-0.000167
-0.000746
-0.001466
-0.001967
-0.002075
-0.002066
-0.002187
-0.002267
-0.002032
-0.001496
-0.000899
-0.000371
0.000145
0.000594
0.000780
0.000760
0.000842
0.001127
0.001360
0.001295
0.001026
0.000825
0.000792
0.000814
0.000762
0.000609
0.000271
-0.000398
-0.001146
-0.001427
-0.001265
-0.001084
-0.000753
0.000012
0.000833
0.001399
0.002026
0.002684
0.002873
0.002675
0.002433
0.001930
0.000984
-0.000066
-0.000933
-0.001665
-0.002301
-0.002678
-0.002564
-0.002037
-0.001544
-0.001298
-0.001033
-0.000617
-0.000268
-0.000107
-0.000178
-0.000611
-0.001209
-0.001470
-0.001304
-0.000991
-0.000609
-0.000151
0.000322
0.000903
0.001561
0.001976
0.002135
0.002334
0.002473
0.002193
0.001576
0.000967
0.000443
-0.000044
-0.000368
-0.000429
-0.000376
-0.000415
-0.000518
-0.000472
-0.000182
0.000149
0.000235
-0.000017
-0.000498
-0.001024
-0.001459
-0.001813
-0.002171
-0.002486
-0.002498
-0.001993
-0.001232
-0.000611
0.000161
0.001449
0.002576
0.002895
0.002949
0.003074
0.002651
0.001690
0.000987
0.000543
-0.000218
-0.001117
-0.001552
-0.001458
-0.001159
-0.000881
-0.000682
-0.000506
-0.000248
0.000103
0.000410
0.000544
0.000547
0.000504
0.000285
-0.000280
-0.000966
-0.001426
-0.001685
-0.001768
-0.001395
-0.000622
0.000031
0.000439
0.000858
0.001174
0.001203
0.001160
0.001089
0.000777
0.000384
0.000161
-0.000076
-0.000460
-0.000675
-0.000532
-0.000276
-0.000043
0.000315
0.000688
0.000744
0.000559
0.000479
0.000482
0.000275
-0.000105
-0.000328
-0.000318
-0.000327
-0.000499
-0.000706
-0.000760
-0.000600
-0.000366
-0.000219
-0.000061
0.000270
0.000571
0.000554
0.000333
0.000125
-0.000114
-0.000417
-0.000619
-0.000567
-0.000319
-0.000096
0.000018
0.000169
0.000441
0.000680
0.000751
0.000739
0.000744
0.000675
0.000460
0.000210
-0.000035
-0.000346
-0.000630
-0.000711
-0.000610
-0.000436
-0.000267
-0.000204
-0.000233
-0.000204
-0.000153
-0.000231
-0.000323
-0.000221
-0.000030
-0.000009
-0.000176
-0.000271
-0.000116
0.000176
0.000418
0.000549
0.000578
0.000535
0.000439
0.000276
0.000085
-0.000044
-0.000103
-0.000129
-0.000103
0.000001
0.000166
0.000246
0.000033
-0.000352
-0.000506
-0.000349
-0.000188
-0.000165
-0.000139
-0.000093
-0.000144
-0.000232
-0.000221
-0.000174
-0.000205
-0.000261
-0.000270
-0.000253
-0.000195
0.000003
0.000340
0.000634
0.000702
0.000526
0.000289
0.000279
0.000577
0.000882
0.000886
0.000648
0.000341
-0.000035
-0.000443
-0.000697
-0.000715
-0.000595
-0.000407
-0.000140
0.000075
0.000074
0.000008
0.000137
0.000363
0.000370
0.000058
-0.000417
-0.000837
-0.001004
-0.000831
-0.000441
-0.000048
0.000216
0.000317
0.000317
0.000373
0.000543
0.000651
0.000537
0.000250
-0.000074
-0.000319
-0.000402
-0.000305
-0.000121
0.000009
0.000073
0.000134
0.000130
0.000004
-0.000133
-0.000147
-0.000054
0.000037
0.000041
-0.000048
-0.000147
-0.000117
0.000046
0.000150
0.000097
0.000026
0.000025
-0.000004
-0.000110
-0.000196
-0.000160
-0.000006
0.000163
0.000277
0.000331
0.000265
0.000046
-0.000149
-0.000141
-0.000060
-0.000127
-0.000246
-0.000164
0.000064
0.000154
0.000020
-0.000131
-0.000069
0.000155
0.000263
0.000132
-0.000138
-0.000419
-0.000548
-0.000372
0.000001
0.000236
0.000170
-0.000055
-0.000216
-0.000197
-0.000015
0.000195
0.000278
0.000240
0.000247
0.000338
0.000300
-0.000010
-0.000404
-0.000583
-0.000470
-0.000201
0.000097
0.000357
0.000522
0.000592
0.000590
0.000498
0.000333
0.000152
0.000003
-0.000067
-0.000046
-0.000006
-0.000011
-0.000045
-0.000049
0.000003
0.000039
-0.000029
-0.000185
-0.000402
-0.000642
-0.000712
-0.000500
-0.000231
-0.000111
-0.000067
0.000001
0.000079
0.000147
0.000198
0.000190
0.000079
-0.000080
-0.000144
-0.000055
0.000117
0.000249
0.000253
0.000191
0.000229
0.000353
0.000347
0.000111
-0.000194
-0.000367
-0.000403
-0.000418
-0.000420
-0.000339
-0.000169
0.000094
0.000427
0.000623
0.000503
0.000216
0.000004
-0.000107
-0.000205
-0.000320
-0.000421
-0.000434
-0.000297
-0.000050
0.000210
0.000429
0.000556
0.000532
0.000426
0.000376
0.000323
0.000118
-0.000125
-0.000199
-0.000179
-0.000240
-0.000318
-0.000294
-0.000255
-0.000290
-0.000285
-0.000139
0.000037
0.000033
-0.000205
-0.000468
-0.000495
-0.000284
-0.000037
0.000138
0.000281
0.000398
0.000428
0.000359
0.000234
0.000114
0.000016
-0.000052
-0.000024
0.000114
0.000226
0.000173
-0.000011
-0.000149
-0.000115
0.000046
0.000164
0.000128
0.000022
-0.000011
0.000015
0.000047
0.000138
0.000191
-0.000001
-0.000268
-0.000256
-0.000051
0.000053
0.000086
0.000166
0.000173
0.000029
-0.000172
-0.000380
-0.000528
-0.000484
-0.000271
-0.000032
0.000229
0.000557
0.000793
0.000731
0.000461
0.000210
-0.000061
-0.000432
-0.000722
-0.000780
-0.000723
-0.000614
-0.000319
0.000135
0.000424
0.000380
0.000244
0.000269
0.000342
0.000232
-0.000014
-0.000185
-0.000220
-0.000183
-0.000112
-0.000003
0.000143
0.000254
0.000195
-0.000033
-0.000219
-0.000207
-0.000074
0.000048
0.000116
0.000098
0.000055
0.000132
0.000224
0.000061
-0.000290
-0.000454
-0.000246
0.000127
0.000365
0.000367
0.000202
0.000005
-0.000088
-0.000094
-0.000134
-0.000187
-0.000177
-0.000137
-0.000051
0.000160
0.000379
0.000386
0.000208
0.000083
0.000133
0.000205
0.000061
-0.000284
-0.000560
-0.000591
-0.000448
-0.000267
-0.000091
0.000059
0.000123
0.000108
0.000098
0.000065
-0.000100
-0.000299
-0.000318
-0.000190
-0.000092
-0.000018
0.000124
0.000292
0.000443
0.000606
0.000653
0.000422
0.000112
0.000039
0.000142
0.000198
0.000224
0.000301
0.000352
0.000304
0.000185
0.000014
-0.000185
-0.000342
-0.000444
-0.000566
-0.000717
-0.000804
-0.000773
-0.000625
-0.000367
-0.000106
0.000053
0.000146
0.000221
0.000239
0.000154
-0.000001
-0.000065
0.000106
0.000381
0.000513
0.000487
0.000419
0.000322
0.000149
-0.000114
-0.000349
-0.000356
-0.000146
0.000020
0.000015
-0.000013
0.000047
0.000108
0.000060
-0.000070
-0.000194
-0.000271
-0.000271
-0.000169
-0.000004
0.000159
0.000255
0.000210
0.000076
0.000041
0.000138
0.000187
0.000106
0.000054
0.000168
0.000324
0.000318
0.000115
-0.000167
-0.000374
-0.000403
-0.000278
-0.000153
-0.000141
-0.000188
-0.000193
-0.000127
-0.000029
0.000021
-0.000008
-0.000002
0.000115
0.000227
0.000243
0.000222
0.000194
0.000098
-0.000065
-0.000203
-0.000250
-0.000220
-0.000194
-0.000248
-0.000304
-0.000219
-0.000033
0.000093
0.000082
-0.000040
-0.000150
-0.000126
0.000001
0.000165
0.000384
0.000581
0.000556
0.000302
0.000111
0.000167
0.000280
0.000246
0.000159
0.000160
0.000183
0.000127
0.000050
-0.000040
-0.000273
-0.000534
-0.000501
-0.000239
-0.000144
-0.000283
-0.000407
-0.000426
-0.000394
-0.000314
-0.000195
-0.000085
-0.000020
-0.000009
-0.000006
0.000072
0.000242
0.000422
0.000517
0.000553
0.000587
0.000556
0.000415
0.000249
0.000118
-0.000043
-0.000231
-0.000311
-0.000274
-0.000303
-0.000433
-0.000466
-0.000328
-0.000171
-0.000071
0.000024
0.000063
-0.000071
-0.000283
-0.000301
-0.000057
0.000217
0.000348
0.000364
0.000272
0.000057
-0.000161
-0.000204
-0.000068
0.000044
0.000042
0.000129
0.000391
0.000539
0.000396
0.000213
0.000179
0.000105
-0.000110
-0.000279
-0.000334
-0.000393
-0.000425
-0.000302
-0.000074
0.000126
0.000268
0.000345
0.000315
0.000193
0.000065
-0.000040
-0.000184
-0.000387
-0.000525
-0.000489
-0.000374
-0.000357
-0.000439
-0.000477
-0.000378
-0.000178
0.000021
0.000197
0.000397
0.000550
0.000512
0.000341
0.000247
0.000294
0.000392
0.000451
0.000423
0.000332
0.000267
0.000293
0.000380
0.000427
0.000312
0.000020
-0.000269
-0.000366
-0.000294
-0.000182
-0.000109
-0.000112
-0.000208
-0.000391
-0.000628
-0.000814
-0.000814
-0.000651
-0.000438
-0.000173
0.000091
0.000185
0.000141
0.000162
0.000247
0.000219
0.000059
-0.000034
0.000074
0.000296
0.000452
0.000481
0.000475
0.000461
0.000308
0.000010
-0.000181
-0.000129
-0.000039
-0.000033
0.000086
0.000349
0.000476
0.000346
0.000117
-0.000102
-0.000327
-0.000553
-0.000700
-0.000704
-0.000582
-0.000428
-0.000319
-0.000194
0.000032
0.000205
0.000113
-0.000135
-0.000234
-0.000108
0.000098
0.000319
0.000575
0.000743
0.000649
0.000373
0.000183
0.000203
0.000282
0.000244
0.000164
0.000188
0.000192
0.000003
-0.000249
-0.000359
-0.000355
-0.000396
-0.000479
-0.000462
-0.000381
-0.000425
-0.000535
-0.000487
-0.000320
-0.000242
-0.000216
-0.000054
0.000230
0.000433
0.000426
0.000286
0.000187
0.000183
0.000215
0.000251
0.000284
0.000299
0.000301
0.000272
0.000183
0.000072
-0.000008
-0.000041
0.000012
0.000152
0.000263
0.000249
0.000131
-0.000046
-0.000241
-0.000357
-0.000325
-0.000183
-0.000023
0.000024
-0.000139
-0.000408
-0.000526
-0.000418
-0.000286
-0.000231
-0.000097
0.000148
0.000303
0.000299
0.000257
0.000229
0.000150
-0.000010
-0.000146
-0.000130
0.000014
0.000141
0.000175
0.000180
0.000206
0.000203
0.000158
0.000128
0.000109
0.000064
-0.000001
-0.000085
-0.000193
-0.000288
-0.000328
-0.000293
-0.000160
0.000043
0.000165
0.000057
-0.000173
-0.000242
-0.000104
-0.000018
-0.000099
-0.000139
-0.000008
0.000134
0.000145
0.000091
0.000064
0.000092
0.000172
0.000246
0.000248
0.000206
0.000219
0.000282
0.000262
0.000155
0.000079
0.000008
-0.000122
-0.000202
-0.000149
-0.000104
-0.000194
-0.000308
-0.000272
-0.000136
-0.000086
-0.000180
-0.000339
-0.000445
-0.000383
-0.000178
-0.000019
-0.000003
-0.000044
-0.000082
-0.000111
-0.000068
0.000040
0.000120
0.000192
0.000311
0.000426
0.000473
0.000460
0.000437
0.000443
0.000466
0.000470
0.000411
0.000262
0.000048
-0.000167
-0.000307
-0.000346
-0.000320
-0.000277
-0.000298
-0.000429
-0.000546
-0.000497
-0.000308
-0.000134
-0.000083
-0.000105
-0.000072
0.000022
0.000082
0.000116
0.000169
0.000168
0.000067
-0.000017
0.000022
0.000114
0.000092
-0.000043
-0.000067
0.000101
0.000243
0.000234
0.000157
0.000059
-0.000019
0.000012
0.000164
0.000365
0.000461
0.000331
0.000115
0.000018
-0.000019
-0.000099
-0.000139
-0.000135
-0.000250
-0.000491
-0.000668
-0.000660
-0.000480
-0.000242
-0.000104
-0.000089
-0.000035
0.000134
0.000217
0.000124
0.000091
0.000202
0.000212
0.000045
-0.000016
0.000189
0.000385
0.000288
0.000067
0.000058
0.000231
0.000312
0.000255
0.000248
0.000344
0.000331
0.000034
-0.000380
-0.000550
-0.000375
-0.000141
-0.000120
-0.000244
-0.000307
-0.000255
-0.000178
-0.000158
-0.000164
-0.000104
0.000013
0.000083
0.000036
-0.000101
-0.000233
-0.000281
-0.000206
0.000005
0.000252
0.000365
0.000316
0.000223
0.000176
0.000180
0.000180
0.000164
0.000205
0.000313
0.000376
0.000300
0.000122
-0.000026
-0.000069
-0.000082
-0.000178
-0.000328
-0.000405
-0.000388
-0.000322
-0.000177
0.000010
0.000068
-0.000018
-0.000062
0.000003
0.000062
0.000045
-0.000039
-0.000132
-0.000170
-0.000132
-0.000012
0.000132
0.000173
0.000117
0.000106
0.000193
0.000248
0.000150
-0.000007
-0.000036
0.000047
0.000067
-0.000014
-0.000023
0.000131
0.000304
0.000366
0.000311
0.000111
-0.000191
-0.000406
-0.000467
-0.000499
-0.000553
-0.000513
-0.000303
-0.000047
0.000097
0.000153
0.000152
-0.000016
-0.000256
-0.000257
-0.000040
0.000103
0.000144
0.000256
0.000434
0.000541
0.000558
0.000571
0.000591
0.000541
0.000365
0.000090
-0.000163
-0.000307
-0.000388
-0.000474
-0.000553
-0.000549
-0.000398
-0.000155
0.000005
-0.000001
-0.000078
-0.000161
-0.000265
-0.000328
-0.000270
-0.000140
-0.000035
0.000054
0.000171
0.000239
0.000201
0.000142
0.000115
0.000086
0.000082
0.000145
0.000225
0.000265
0.000318
0.000453
0.000543
0.000385
0.000041
-0.000236
-0.000380
-0.000472
-0.000469
-0.000324
-0.000180
-0.000144
-0.000125
-0.000036
0.000105
0.000250
0.000301
0.000168
-0.000037
-0.000101
-0.000026
0.000033
-0.000019
-0.000169
-0.000298
-0.000274
-0.000111
0.000048
0.000129
0.000151
0.000119
0.000069
0.000103
0.000189
0.000185
0.000069
-0.000071
-0.000166
-0.000168
-0.000051
0.000112
0.000185
0.000154
0.000122
0.000110
0.000072
0.000039
0.000007
-0.000096
-0.000189
-0.000122
0.000023
0.000056
-0.000041
-0.000111
-0.000039
0.000069
0.000005
-0.000219
-0.000374
-0.000327
-0.000195
-0.000116
-0.000066
-0.000008
0.000030
0.000059
0.000102
0.000110
0.000054
0.000036
0.000152
0.000312
0.000337
0.000189
0.000018
-0.000029
0.000065
0.000219
0.000292
0.000173
-0.000065
-0.000244
-0.000294
-0.000282
-0.000251
-0.000172
-0.000025
0.000123
0.000180
0.000148
0.000075
-0.000057
-0.000239
-0.000308
-0.000151
0.000048
0.000088
0.000043
0.000016
-0.000028
-0.000034
0.000111
0.000318
0.000393
0.000264
0.000023
-0.000184
-0.000350
-0.000534
-0.000584
-0.000300
0.000173
0.000475
0.000479
0.000326
0.000134
-0.000076
-0.000224
-0.000221
-0.000101
0.000040
0.000161
0.000227
0.000205
0.000103
-0.000033
-0.000139
-0.000178
-0.000167
-0.000138
-0.000096
-0.000041
0.000010
0.000067
0.000157
0.000238
0.000193
0.000016
-0.000127
-0.000141
-0.000125
-0.000161
-0.000183
-0.000126
-0.000017
0.000102
0.000199
0.000224
0.000160
0.000082
0.000105
0.000198
0.000189
0.000027
-0.000142
-0.000215
-0.000265
-0.000369
-0.000459
-0.000384
-0.000117
0.000187
0.000336
0.000286
0.000186
0.000145
0.000100
0.000045
0.000095
0.000199
0.000180
0.000088
0.000114
0.000222
0.000200
-0.000025
-0.000316
-0.000491
-0.000469
-0.000309
-0.000148
-0.000076
-0.000066
-0.000076
-0.000109
-0.000186
-0.000276
-0.000257
-0.000042
0.000281
0.000525
0.000572
0.000445
0.000267
0.000207
0.000326
0.000440
0.000343
0.000067
-0.000228
-0.000431
-0.000465
-0.000292
-0.000012
0.000149
0.000073
-0.000117
-0.000255
-0.000362
-0.000512
-0.000583
-0.000427
-0.000157
0.000018
0.000049
0.000029
0.000082
0.000229
0.000352
0.000380
0.000374
0.000365
0.000331
0.000292
0.000283
0.000282
0.000245
0.000166
0.000037
-0.000151
-0.000326
-0.000378
-0.000342
-0.000329
-0.000319
-0.000234
-0.000158
-0.000218
-0.000307
-0.000248
-0.000076
0.000099
0.000286
0.000465
0.000519
0.000412
0.000216
0.000005
-0.000169
-0.000237
-0.000165
-0.000030
0.000063
0.000115
0.000124
0.000031
-0.000106
-0.000154
-0.000145
-0.000224
-0.000360
-0.000323
-0.000018
0.000305
0.000379
0.000254
0.000095
-0.000014
-0.000001
0.000118
0.000171
0.000063
-0.000079
-0.000073
0.000080
0.000148
-0.000035
-0.000337
-0.000496
-0.000392
-0.000121
0.000114
0.000216
0.000223
0.000189
0.000127
0.000021
-0.000118
-0.000223
-0.000261
-0.000223
-0.000050
0.000230
0.000480
0.000618
0.000606
0.000406
0.000102
-0.000137
-0.000243
-0.000233
-0.000151
-0.000112
-0.000186
-0.000292
-0.000340
-0.000342
-0.000317
-0.000214
-0.000017
0.000166
0.000259
0.000255
0.000124
-0.000068
-0.000185
-0.000167
-0.000045
0.000097
0.000192
0.000227
0.000181
0.000024
-0.000176
-0.000264
-0.000156
0.000071
0.000269
0.000353
0.000330
0.000264
0.000224
0.000218
0.000176
0.000078
-0.000012
-0.000103
-0.000289
-0.000527
-0.000608
-0.000437
-0.000157
0.000067
0.000184
0.000182
0.000049
-0.000180
-0.000394
-0.000454
-0.000325
-0.000094
0.000144
0.000334
0.000447
0.000476
0.000420
0.000306
0.000190
0.000071
-0.000051
-0.000066
0.000079
0.000194
0.000091
-0.000122
-0.000218
-0.000173
-0.000122
-0.000101
-0.000042
0.000033
-0.000003
-0.000180
-0.000319
-0.000259
-0.000113
-0.000074
-0.000119
-0.000113
-0.000004
0.000145
0.000231
0.000233
0.000209
0.000167
0.000092
0.000070
0.000169
0.000253
0.000163
-0.000051
-0.000224
-0.000283
-0.000247
-0.000150
-0.000035
0.000037
0.000030
-0.000020
-0.000024
0.000069
0.000210
0.000252
0.000094
-0.000149
-0.000253
-0.000163
0.000013
0.000157
0.000180
0.000068
-0.000059
-0.000081
-0.000062
-0.000130
-0.000244
-0.000247
-0.000097
0.000047
0.000042
0.000021
0.000166
0.000325
0.000226
-0.000078
-0.000283
-0.000236
-0.000061
0.000088
0.000198
0.000256
0.000163
-0.000046
-0.000134
0.000012
0.000181
0.000161
0.000012
-0.000078
-0.000059
-0.000030
-0.000034
-0.000016
0.000034
0.000041
-0.000041
-0.000123
-0.000071
0.000065
0.000087
-0.000026
-0.000093
-0.000110
-0.000249
-0.000465
-0.000504
-0.000301
-0.000042
0.000116
0.000197
0.000318
0.000506
0.000622
0.000544
0.000351
0.000205
0.000127
0.000014
-0.000128
-0.000206
-0.000245
-0.000304
-0.000284
-0.000085
0.000150
0.000135
-0.000164
-0.000450
-0.000504
-0.000363
-0.000096
0.000236
0.000444
0.000375
0.000129
-0.000086
-0.000189
-0.000191
-0.000108
0.000019
0.000134
0.000214
0.000254
0.000198
0.000007
-0.000183
-0.000196
-0.000082
0.000027
0.000119
0.000188
0.000172
0.000057
-0.000111
-0.000222
-0.000177
-0.000051
0.000010
-0.000010
-0.000055
-0.000107
-0.000114
-0.000002
0.000181
0.000282
0.000241
0.000136
0.000035
-0.000082
-0.000199
-0.000202
-0.000089
-0.000002
0.000001
-0.000034
-0.000047
0.000018
0.000138
0.000205
0.000215
0.000259
0.000305
0.000216
-0.000029
-0.000270
-0.000351
-0.000284
-0.000187
-0.000165
-0.000230
-0.000302
-0.000301
-0.000211
-0.000091
0.000007
0.000100
0.000204
0.000257
0.000186
0.000047
-0.000037
-0.000053
-0.000023
0.000121
0.000362
0.000520
0.000495
0.000357
0.000194
0.000018
-0.000158
