4480
-0.000138
-0.000037
0.000036
0.000118
0.000198
0.000177
0.000081
0.000058
0.000107
0.000111
0.000125
0.000277
0.000444
0.000373
0.000088
-0.000145
-0.000229
-0.000293
-0.000365
-0.000337
-0.000215
-0.000148
-0.000201
-0.000252
-0.000142
0.000094
0.000245
0.000195
0.000074
0.000044
0.000089
0.000095
0.000066
0.000063
0.000040
-0.000030
-0.000051
0.000024
0.000124
0.000145
0.000006
-0.000260
-0.000455
-0.000385
-0.000106
0.000108
0.000115
0.000055
0.000087
0.000199
0.000293
0.000314
0.000284
0.000247
0.000199
0.000100
-0.000012
-0.000086
-0.000178
-0.000298
-0.000311
-0.000191
-0.000056
0.000035
0.000078
0.000079
0.000073
0.000036
-0.000102
-0.000298
-0.000416
-0.000402
-0.000313
-0.000181
0.000010
0.000224
0.000356
0.000354
0.000308
0.000331
0.000401
0.000398
0.000274
0.000070
-0.000169
-0.000355
-0.000347
-0.000156
-0.000006
-0.000036
-0.000118
-0.000126
-0.000140
-0.000227
-0.000283
-0.000224
-0.000106
0.000010
0.000123
0.000186
0.000152
0.000077
0.000074
0.000197
0.000346
0.000336
0.000152
-0.000014
-0.000021
0.000045
0.000033
-0.000036
-0.000047
-0.000005
0.000000
-0.000080
-0.000232
-0.000363
-0.000338
-0.000129
0.000129
0.000272
0.000227
0.000067
-0.000050
-0.000067
-0.000071
-0.000110
-0.000128
-0.000089
-0.000019
0.000035
0.000057
0.000109
0.000216
0.000277
0.000236
0.000157
0.000088
0.000015
-0.000093
-0.000261
-0.000404
-0.000366
-0.000212
-0.000184
-0.000292
-0.000290
-0.000080
0.000152
0.000253
0.000299
0.000347
0.000302
0.000121
-0.000060
-0.000098
-0.000017
0.000075
0.000138
0.000169
0.000114
-0.000010
-0.000071
-0.000013
0.000066
0.000060
-0.000004
-0.000017
0.000035
0.000076
0.000056
-0.000005
-0.000056
-0.000070
-0.000073
-0.000089
-0.000113
-0.000146
-0.000177
-0.000149
-0.000034
0.000064
0.000053
0.000025
0.000069
0.000091
0.000010
-0.000088
-0.000125
-0.000109
-0.000052
0.000005
-0.000013
-0.000084
-0.000102
-0.000044
0.000013
0.000030
0.000038
0.000082
0.000148
0.000181
0.000183
0.000170
0.000118
0.000054
0.000033
0.000059
0.000109
0.000138
0.000052
-0.000158
-0.000343
-0.000331
-0.000089
0.000204
0.000275
0.000077
-0.000138
-0.000188
-0.000171
-0.000222
-0.000289
-0.000249
-0.000073
0.000140
0.000267
0.000268
0.000196
0.000109
0.000047
0.000058
0.000126
0.000127
0.000014
-0.000093
-0.000104
-0.000065
-0.000049
-0.000032
0.000025
0.000064
0.000012
-0.000088
-0.000149
-0.000166
-0.000172
-0.000170
-0.000152
-0.000104
0.000007
0.000157
0.000259
0.000267
0.000209
0.000166
0.000212
0.000277
0.000215
0.000032
-0.000159
-0.000337
-0.000505
-0.000559
-0.000424
-0.000174
0.000078
0.000304
0.000458
0.000407
0.000190
0.000038
0.000049
0.000122
0.000125
0.000044
-0.000016
-0.000004
-0.000025
-0.000121
-0.000163
-0.000111
-0.000086
-0.000137
-0.000195
-0.000195
-0.000152
-0.000129
-0.000107
-0.000016
0.000110
0.000173
0.000123
-0.000048
-0.000248
-0.000240
0.000091
0.000483
0.000570
0.000354
0.000126
0.000031
0.000025
0.000060
0.000105
0.000138
0.000125
0.000030
-0.000117
-0.000256
-0.000392
-0.000509
-0.000509
-0.000381
-0.000255
-0.000173
-0.000059
0.000088
0.000173
0.000171
0.000166
0.000218
0.000291
0.000309
0.000262
0.000218
0.000202
0.000161
0.000089
0.000044
0.000036
0.000008
-0.000097
-0.000258
-0.000381
-0.000390
-0.000272
-0.000115
-0.000049
-0.000047
0.000037
0.000173
0.000192
0.000104
0.000053
0.000022
-0.000064
-0.000095
0.000035
0.000165
0.000093
-0.000079
-0.000092
0.000074
0.000204
0.000167
0.000033
-0.000091
-0.000178
-0.000215
-0.000157
-0.000034
0.000041
0.000023
-0.000022
-0.000025
0.000017
0.000063
0.000056
-0.000013
-0.000061
-0.000008
0.000104
0.000155
0.000099
0.000033
0.000031
0.000038
-0.000008
-0.000053
-0.000038
-0.000014
-0.000041
-0.000094
-0.000118
-0.000103
-0.000104
-0.000162
-0.000203
-0.000090
0.000153
0.000326
0.000339
0.000259
0.000125
-0.000031
-0.000093
-0.000018
0.000055
0.000028
-0.000041
-0.000069
-0.000058
-0.000059
-0.000081
-0.000077
-0.000039
-0.000034
-0.000090
-0.000111
-0.000027
0.000083
0.000131
0.000145
0.000164
0.000129
-0.000019
-0.000197
-0.000233
-0.000122
-0.000055
-0.000070
0.000002
0.000164
0.000233
0.000166
0.000079
0.000037
0.000011
-0.000036
-0.000107
-0.000152
-0.000149
-0.000162
-0.000200
-0.000175
-0.000074
0.000040
0.000147
0.000232
0.000238
0.000169
0.000145
0.000216
0.000242
0.000126
-0.000057
-0.000225
-0.000302
-0.000217
-0.000057
0.000005
-0.000056
-0.000125
-0.000121
-0.000068
-0.000020
0.000004
-0.000001
-0.000032
-0.000006
0.000125
0.000244
0.000219
0.000084
-0.000041
-0.000108
-0.000124
-0.000080
0.000020
0.000140
0.000208
0.000157
0.000009
-0.000114
-0.000124
-0.000046
0.000030
0.000006
-0.000128
-0.000191
-0.000061
0.000002
-0.000203
-0.000297
0.000031
0.000322
0.000132
-0.000147
-0.000028
0.000240
0.000223
0.000068
0.000141
0.000307
0.000190
-0.000100
-0.000143
0.000034
0.000072
-0.000000
0.000053
0.000117
-0.000033
-0.000302
-0.000547
-0.001121
-0.001844
-0.000992
0.001322
0.001156
-0.002350
-0.002452
0.004220
0.008174
0.001932
-0.004660
-0.001291
0.003841
0.000419
-0.004584
-0.001909
0.002166
-0.000401
-0.003789
-0.001097
0.002215
0.000120
-0.002470
-0.000333
0.002204
0.000599
-0.001404
0.000131
0.001945
0.000617
-0.001060
-0.000212
0.000870
0.000002
-0.000795
0.000130
0.000946
0.000415
0.000131
0.000751
0.000647
-0.000387
-0.000493
0.000451
0.000506
-0.000587
-0.001026
-0.000375
-0.000122
-0.000689
-0.000728
0.000195
0.000567
-0.000382
-0.000959
0.000089
0.001203
0.000903
0.000115
-0.000071
0.000056
0.000183
0.000336
0.000139
-0.000295
-0.000184
0.000031
-0.000507
-0.000701
0.000372
0.000875
-0.000419
-0.001194
0.000195
0.001278
0.000059
-0.001150
-0.000142
0.001084
0.000294
-0.000884
-0.000480
0.000349
0.000344
0.000283
0.000496
0.000163
-0.000595
-0.000697
-0.000165
-0.000011
-0.000209
-0.000232
-0.000368
-0.000166
0.001075
0.001413
-0.000555
-0.001574
0.000648
0.002254
0.000107
-0.001986
-0.000520
0.001156
-0.000042
-0.001056
0.000575
0.001474
-0.000582
-0.001425
0.000996
0.001471
-0.001561
-0.001981
0.001288
0.001543
-0.002465
-0.003275
0.001517
0.004026
0.000695
-0.001138
0.001647
0.001846
-0.002339
-0.002742
0.002140
0.003220
-0.002092
-0.004704
-0.000306
0.002909
-0.000385
-0.002830
0.000766
0.003073
-0.000668
-0.002515
0.001480
0.002512
-0.001913
-0.002573
0.001948
0.002881
-0.001070
-0.001778
0.001906
0.001696
-0.002522
-0.001936
0.002258
0.001688
-0.001979
-0.001679
0.001546
0.001765
-0.000948
-0.001458
0.000611
0.000925
-0.000820
-0.000959
0.000802
0.000975
-0.000904
-0.001378
-0.000046
0.000286
0.000039
0.000871
0.001078
-0.000558
-0.001804
-0.000521
0.001299
0.000721
-0.000066
0.000805
0.000606
-0.000455
-0.000270
-0.000197
-0.000254
0.000613
0.000287
-0.000858
0.000241
0.001115
-0.001063
-0.001887
0.000633
0.001158
-0.000589
0.000331
0.001279
-0.001429
-0.002401
0.000897
0.001658
-0.001303
-0.000583
0.002660
0.000937
-0.002825
-0.001559
0.002029
0.001314
-0.001130
0.000584
0.001947
-0.001523
-0.002441
0.003016
0.004547
-0.003249
-0.006777
0.002298
0.007227
-0.002753
-0.008226
0.002852
0.008794
-0.003167
-0.010445
0.001352
0.011353
0.002003
-0.009611
-0.003836
0.006271
0.003344
-0.003344
-0.002049
0.001530
0.000832
-0.000847
-0.000511
-0.000110
0.000285
0.001203
0.000259
-0.001468
0.000512
0.003752
0.001205
-0.003250
-0.001518
0.000934
-0.000582
-0.000287
0.001197
0.000162
-0.000802
-0.001365
-0.001837
0.000380
0.002489
0.000620
-0.001340
0.000146
0.001782
0.000098
-0.003303
-0.003801
0.001099
0.006086
0.002768
-0.003906
-0.001909
0.003405
0.000849
-0.002946
-0.000620
0.001834
0.001957
0.001788
-0.000828
-0.004064
-0.002791
0.000718
0.001064
-0.000426
0.000611
0.002944
0.001476
-0.003070
-0.004026
-0.000168
0.003059
0.002377
0.000687
0.000966
-0.000508
-0.004621
-0.003968
0.002149
0.004485
0.000816
-0.001365
0.000065
-0.000264
-0.002489
-0.000980
0.003124
0.003952
0.000852
-0.002349
-0.000365
0.003882
-0.000811
-0.009132
-0.003235
0.009617
0.005934
-0.007753
-0.005824
0.005920
0.002850
-0.008585
-0.004334
0.009755
0.007699
-0.007012
-0.006653
0.005959
0.004196
-0.007386
-0.003740
0.009688
0.007432
-0.006433
-0.006587
0.003948
0.002194
-0.007427
-0.003278
0.007976
0.004666
-0.006072
-0.005066
0.002538
0.003316
-0.000238
-0.000689
0.001003
0.002297
0.002031
-0.001721
-0.003845
0.000346
0.002463
-0.001379
-0.001467
0.003518
0.003565
-0.002415
-0.005414
-0.001736
0.002711
0.003072
0.000844
-0.001252
-0.001307
-0.000598
-0.001858
-0.001714
0.002412
0.003918
-0.001223
-0.004846
-0.000058
0.005141
0.001010
-0.005844
-0.003249
0.004984
0.005581
-0.001221
-0.003746
-0.000288
0.000968
-0.000850
0.000453
0.004017
0.002400
-0.003151
-0.003848
0.000699
0.002879
-0.000680
-0.004127
-0.001647
0.002309
0.002210
0.000023
-0.001202
-0.000229
0.001559
0.000671
-0.001277
0.000015
0.001473
-0.001144
-0.002627
0.001448
0.004592
0.000948
-0.003829
-0.002931
0.000163
0.001699
0.002579
0.000893
-0.002044
-0.001460
0.000370
-0.000156
-0.000969
-0.000336
0.000669
0.001039
0.000238
-0.001365
-0.002179
-0.001441
0.000571
0.002523
0.001691
-0.000761
-0.000723
0.000837
0.001096
0.000549
0.000133
-0.000168
-0.000051
0.000991
0.001451
-0.000504
-0.002430
-0.001977
-0.000778
0.000777
0.002906
0.002640
-0.001447
-0.004699
-0.002478
0.001878
0.003131
0.002426
0.001320
-0.002198
-0.005935
-0.003795
0.002354
0.004294
0.001501
-0.000696
-0.001893
-0.002143
0.001208
0.004277
0.002066
-0.001144
-0.001546
-0.000717
0.000823
0.001699
-0.000762
-0.004201
-0.002943
0.002195
0.004390
0.002200
0.000417
-0.000189
-0.002658
-0.003421
0.002104
0.005403
-0.000789
-0.004844
0.001071
0.004019
-0.002557
-0.006210
-0.001212
0.003352
0.002476
0.000561
-0.000383
-0.003041
-0.004560
0.000539
0.007205
0.005580
-0.003352
-0.008120
-0.001949
0.007115
0.006104
-0.003328
-0.006016
0.000726
0.003360
0.000142
0.000448
0.001073
-0.003297
-0.004149
0.003433
0.008223
0.001081
-0.007831
-0.004576
0.004401
0.003993
-0.002662
-0.002191
0.003264
0.001412
-0.005838
-0.005021
0.004059
0.006662
-0.000976
-0.004735
0.001252
0.002983
-0.005451
-0.006669
0.006795
0.012976
-0.000427
-0.011550
-0.005029
0.003571
0.002571
0.000621
0.002714
0.002876
-0.002583
-0.007864
-0.002841
0.008805
0.009403
-0.002406
-0.007303
0.000581
0.004894
-0.002401
-0.007647
-0.000634
0.007441
0.002909
-0.007201
-0.004865
0.007056
0.005320
-0.010167
-0.011308
0.006334
0.013936
0.003310
-0.002106
0.001600
-0.004294
-0.013758
-0.004677
0.014959
0.018311
0.002142
-0.013741
-0.015671
-0.006275
0.006027
0.013335
0.010259
-0.001215
-0.011386
-0.010733
-0.001372
0.005591
0.004371
-0.001268
-0.002780
0.002538
0.005674
-0.000480
-0.008726
-0.007160
0.003417
0.010286
0.007888
0.002905
-0.000782
-0.004994
-0.006641
-0.001576
0.004899
0.005112
0.000313
-0.002691
-0.002206
-0.003511
-0.007044
-0.004317
0.006460
0.012301
0.003562
-0.008712
-0.009023
-0.001275
0.002601
0.002466
0.002814
0.002597
0.000774
-0.000574
-0.001041
-0.001511
-0.001996
-0.002363
-0.000663
0.004368
0.007854
0.004607
-0.002763
-0.008453
-0.008717
-0.002636
0.004628
0.007098
0.007002
0.005957
-0.001808
-0.012995
-0.012505
0.000962
0.010180
0.007229
0.001422
-0.002048
-0.004933
-0.004083
0.001525
0.004988
0.002068
-0.003364
-0.003665
0.003951
0.009692
0.003375
-0.008060
-0.011618
-0.005390
0.003909
0.009368
0.007865
-0.000085
-0.008543
-0.009518
-0.003260
0.004314
0.008309
0.005597
-0.000337
-0.002704
-0.002472
-0.003430
-0.002851
0.000782
0.003693
0.004706
0.003368
-0.001696
-0.005959
-0.003194
0.003478
0.004635
-0.000084
-0.001363
0.002305
0.002507
-0.002587
-0.005412
-0.003101
0.000528
0.004159
0.005948
0.001595
-0.005860
-0.008481
-0.004691
0.001237
0.005241
0.005814
0.001967
-0.005585
-0.009630
-0.004370
0.004269
0.007249
0.004163
-0.000109
-0.002831
-0.003515
-0.001868
0.001710
0.005274
0.005410
0.001261
-0.001675
0.000072
0.001190
-0.001412
-0.002397
0.001314
0.004422
0.002470
-0.000217
0.000336
-0.000345
-0.004633
-0.005086
0.001906
0.006221
0.001367
-0.004524
-0.005006
-0.002540
-0.000048
0.001196
0.001682
0.001970
-0.000562
-0.004695
-0.004283
-0.000543
0.000278
-0.001271
-0.001364
-0.000185
-0.000554
-0.003129
-0.004480
-0.002351
0.001693
0.006015
0.008301
0.006430
0.003226
0.000824
-0.003200
-0.005467
-0.000044
0.008299
0.012093
0.010769
0.005846
0.000267
-0.001519
0.000393
0.002099
0.000909
-0.004183
-0.010014
-0.011926
-0.011637
-0.011364
-0.009108
-0.005539
-0.003176
-0.002569
-0.002844
-0.002153
-0.000749
-0.000506
0.000049
0.004221
0.011784
0.017305
0.015391
0.008540
0.003505
0.002123
0.002109
0.002185
0.002149
0.000640
-0.001949
-0.002465
-0.001033
-0.000493
-0.000500
0.000129
-0.001633
-0.006207
-0.006196
-0.000451
0.000907
-0.005154
-0.010032
-0.009460
-0.007523
-0.007363
-0.007426
-0.005034
-0.001616
-0.001948
-0.006332
-0.008828
-0.005714
0.000053
0.005016
0.009290
0.013203
0.015543
0.016440
0.018272
0.020623
0.019819
0.014375
0.006581
0.001060
-0.000867
-0.002558
-0.005332
-0.008784
-0.012215
-0.013041
-0.011490
-0.010001
-0.006606
-0.000952
0.001181
-0.000001
0.000976
0.002487
0.001871
0.001135
-0.000071
-0.002609
-0.003667
-0.002862
-0.003915
-0.008399
-0.012547
-0.010387
-0.001747
0.006651
0.010339
0.010380
0.007693
0.002140
-0.002228
-0.000698
0.003476
0.004027
0.000686
-0.003731
-0.007810
-0.010496
-0.011015
-0.009521
-0.006911
-0.003865
0.000198
0.005750
0.011521
0.013694
0.009973
0.005192
0.004408
0.005719
0.006874
0.008251
0.007809
0.003259
-0.002409
-0.005256
-0.006497
-0.007268
-0.004323
0.001539
0.002100
-0.004577
-0.008484
-0.005042
-0.001598
-0.001192
-0.000128
0.001355
0.001560
0.001806
0.002652
0.002963
0.002717
0.002812
0.003263
0.003733
0.003148
-0.000744
-0.006131
-0.007593
-0.005265
-0.002363
0.000977
0.002299
-0.001351
-0.006196
-0.008283
-0.008463
-0.006304
-0.000597
0.005336
0.007511
0.005831
0.002063
-0.000999
-0.000973
0.000382
0.000454
0.001253
0.004751
0.007866
0.007566
0.005114
0.002630
0.000545
-0.000027
0.001908
0.004230
0.004055
0.001240
-0.001223
-0.001112
0.000371
0.001580
0.000618
-0.003310
-0.006461
-0.007129
-0.009176
-0.011887
-0.009132
-0.002845
-0.000932
-0.001664
0.001404
0.005245
0.003783
-0.000592
-0.001067
0.003512
0.007342
0.006287
0.003141
0.001185
-0.001029
-0.004435
-0.005442
-0.001341
0.003899
0.004797
0.003008
0.002724
0.002341
-0.000279
-0.002332
-0.001971
-0.001600
-0.002754
-0.003059
-0.000672
0.002115
0.002721
0.001236
-0.001063
-0.002436
-0.002291
-0.001663
-0.000132
0.001931
0.000286
-0.006054
-0.011658
-0.012852
-0.010089
-0.004371
0.002495
0.008298
0.011328
0.009969
0.005113
0.001251
0.001689
0.004695
0.006660
0.006590
0.005322
0.003433
0.001610
0.000456
-0.000214
-0.000572
-0.000284
0.000724
0.001604
0.001442
0.000398
-0.000767
-0.001792
-0.003452
-0.006208
-0.008993
-0.010639
-0.010420
-0.007580
-0.002929
0.001050
0.003151
0.003634
0.002247
-0.000300
-0.001445
0.000351
0.004297
0.008333
0.009952
0.008159
0.004962
0.002244
-0.001127
-0.005177
-0.005797
-0.001361
0.003394
0.004458
0.002940
0.000948
-0.001578
-0.004915
-0.007255
-0.006411
-0.003464
-0.001711
-0.001079
0.001000
0.003270
0.002461
-0.000781
-0.003401
-0.003857
-0.002033
0.001289
0.004350
0.004912
0.001681
-0.002832
-0.004159
-0.001958
0.000664
0.002098
0.002737
0.002982
0.001869
-0.001421
-0.004397
-0.003775
-0.000401
0.002551
0.004004
0.004768
0.004140
0.000496
-0.003730
-0.003820
-0.000214
0.002276
0.001490
-0.000110
0.000103
0.000812
-0.000516
-0.002377
-0.002009
-0.000917
-0.001027
-0.000765
0.000286
0.000004
-0.001645
-0.001861
0.000161
0.001432
0.000578
0.000277
0.001585
0.001698
-0.000328
-0.001355
0.000304
0.001857
0.001195
0.000544
0.001533
0.002353
0.001596
-0.000281
-0.002139
-0.003001
-0.002662
-0.001502
-0.000432
-0.000162
-0.000485
-0.000379
0.001018
0.002201
0.001601
0.000833
0.000462
-0.001387
-0.003330
-0.002149
0.000703
0.001999
0.002346
0.002727
0.001385
-0.001878
-0.004328
-0.004238
-0.001790
0.002103
0.005231
0.004973
0.001457
-0.001973
-0.002776
-0.001705
-0.000207
0.001274
0.002200
0.002309
0.001629
-0.000392
-0.003125
-0.004356
-0.002989
0.000211
0.003389
0.004356
0.002199
-0.001474
-0.003720
-0.003746
-0.003134
-0.002163
-0.000022
0.002232
0.002862
0.001870
0.000124
-0.001918
-0.003550
-0.003226
-0.000116
0.003849
0.005384
0.003515
0.000705
-0.000434
-0.000442
-0.000788
-0.001017
-0.000735
-0.000591
-0.000009
0.001763
0.002686
0.000819
-0.001919
-0.002897
-0.001967
-0.000034
0.001923
0.002899
0.002546
0.001277
-0.000020
-0.000628
-0.000801
-0.001128
-0.001318
-0.000647
0.000725
0.001468
0.000320
-0.001893
-0.002740
-0.001710
-0.000905
-0.000861
0.000214
0.001574
0.000562
-0.002016
-0.003198
-0.002355
-0.001031
-0.000347
0.000031
0.000568
0.000715
0.000018
-0.000328
0.001198
0.003447
0.003807
0.002122
0.000445
0.000053
0.000732
0.001959
0.003621
0.005059
0.004384
0.000734
-0.004072
-0.007734
-0.009603
-0.009940
-0.008753
-0.005980
-0.001914
0.002397
0.005316
0.006252
0.006372
0.006607
0.006305
0.005206
0.004470
0.004382
0.003775
0.002130
0.000052
-0.001739
-0.002794
-0.003330
-0.004069
-0.004901
-0.005027
-0.004328
-0.003069
-0.001276
0.000417
0.000819
-0.000014
-0.000562
-0.000021
0.000699
0.000542
-0.000165
-0.000324
0.000179
0.000406
0.000250
0.000636
0.001532
0.001711
0.000798
-0.000084
-0.000223
-0.000214
-0.000498
-0.000783
-0.000993
-0.001193
-0.000991
-0.000167
0.000898
0.001663
0.001688
0.000994
0.000346
0.000436
0.000875
0.000962
0.001061
0.001528
0.001318
-0.000057
-0.001055
-0.000824
-0.000579
-0.000764
-0.000472
0.000062
-0.000021
-0.000257
0.000095
0.000712
0.001008
0.000838
0.000271
-0.000587
-0.001421
-0.001738
-0.001468
-0.001118
-0.000982
-0.000814
-0.000387
0.000045
-0.000424
-0.002330
-0.004057
-0.003458
-0.001476
-0.000753
-0.001365
-0.001108
0.000650
0.002135
0.002198
0.001689
0.001547
0.001835
0.002692
0.004136
0.005199
0.004959
0.003836
0.002699
0.001400
-0.000563
-0.002422
-0.002748
-0.001588
-0.000253
0.000546
0.000587
-0.000586
-0.002668
-0.004186
-0.004048
-0.002602
-0.001123
-0.000794
-0.001681
-0.002486
-0.002008
-0.000834
-0.000592
-0.001355
-0.001332
0.000338
0.002065
0.002244
0.001870
0.002541
0.003335
0.002686
0.001726
0.002284
0.003277
0.002713
0.001451
0.001619
0.002782
0.002754
0.001343
0.000387
0.000428
0.000088
-0.001247
-0.002489
-0.002843
-0.002949
-0.003555
-0.004219
-0.004176
-0.003735
-0.003566
-0.003339
-0.002547
-0.001780
-0.001777
-0.002134
-0.002192
-0.002098
-0.001864
-0.000834
0.000929
0.002380
0.003090
0.003575
0.003971
0.003866
0.003473
0.003449
0.003695
0.003731
0.003720
0.003891
0.003742
0.002884
0.001880
0.001395
0.001311
0.001137
0.000698
0.000151
-0.000476
-0.001460
-0.002862
-0.004036
-0.004316
-0.004129
-0.004418
-0.005082
-0.005295
-0.004807
-0.003865
-0.002676
-0.001446
-0.000604
-0.000507
-0.000918
-0.001246
-0.001032
-0.000037
0.001597
0.003067
0.003340
0.002412
0.001511
0.001585
0.002333
0.002948
0.002817
0.001345
-0.001316
-0.003418
-0.003374
-0.001712
0.000393
0.002832
0.004879
0.004775
0.003216
0.002992
0.003853
0.003072
0.001073
0.000694
0.001815
0.002140
0.001759
0.002157
0.002373
0.000393
-0.002915
-0.004756
-0.004347
-0.003306
-0.002878
-0.002664
-0.002071
-0.001660
-0.002064
-0.002527
-0.002151
-0.001762
-0.002446
-0.003290
-0.002933
-0.002004
-0.001611
-0.001302
-0.000591
-0.000194
-0.000472
-0.000813
-0.000922
-0.001024
-0.000947
-0.000348
0.000632
0.001751
0.002802
0.003146
0.002329
0.001252
0.001484
0.002985
0.003787
0.003126
0.003178
0.005371
0.007308
0.006733
0.005444
0.005310
0.004416
0.001484
-0.000741
-0.000798
-0.001507
-0.004152
-0.005955
-0.005644
-0.005426
-0.006391
-0.007184
-0.007210
-0.006994
-0.006176
-0.004333
-0.002249
-0.000573
0.000662
0.001193
0.001152
0.001198
0.001272
0.001043
0.001067
0.001785
0.002583
0.003068
0.003476
0.003512
0.002873
0.002132
0.001684
0.001488
0.001864
0.002729
0.003028
0.002370
0.001666
0.001201
0.000134
-0.001728
-0.003806
-0.005887
-0.007652
-0.008159
-0.006844
-0.003944
-0.000095
0.003122
0.003768
0.002310
0.001423
0.001970
0.002287
0.001802
0.001882
0.002906
0.003680
0.004004
0.004944
0.006163
0.005722
0.003152
0.000456
-0.000648
-0.000797
-0.001286
-0.001712
-0.001228
-0.000852
-0.001855
-0.003271
-0.003695
-0.003882
-0.005054
-0.006397
-0.006558
-0.005782
-0.004743
-0.003433
-0.002192
-0.001603
-0.001359
-0.000974
-0.000615
-0.000293
0.000253
0.000739
0.000850
0.001160
0.002279
0.003773
0.004851
0.005149
0.004427
0.002945
0.002202
0.003480
0.005743
0.006822
0.006407
0.005963
0.005920
0.005189
0.003502
0.001699
-0.000183
-0.002621
-0.004770
-0.005250
-0.004530
-0.004433
-0.005400
-0.006320
-0.006718
-0.006857
-0.006458
-0.005347
-0.004284
-0.003935
-0.003883
-0.003239
-0.001896
-0.000635
0.000031
0.000411
0.000995
0.001713
0.002258
0.002889
0.003923
0.004879
0.005409
0.005977
0.006588
0.006466
0.005499
0.004324
0.003232
0.002277
0.001349
-0.000600
-0.004449
-0.008716
-0.010599
-0.009051
-0.005246
-0.000975
0.002104
0.003151
0.003024
0.003014
0.002859
0.001794
0.000484
-0.000152
-0.000408
-0.000288
0.001287
0.004127
0.005850
0.004973
0.002744
0.000780
-0.000698
-0.001800
-0.002304
-0.002261
-0.002161
-0.002216
-0.001950
-0.000983
0.000063
0.000021
-0.001444
-0.003375
-0.004702
-0.005252
-0.005121
-0.004209
-0.002895
-0.001852
-0.001127
-0.000387
0.000406
0.001016
0.001138
0.000729
0.000418
0.001022
0.002302
0.003099
0.003170
0.003478
0.004196
0.004283
0.003575
0.003373
0.004287
0.005107
0.004787
0.004059
0.003774
0.003341
0.002254
0.001114
0.000061
-0.001700
-0.004108
-0.005903
-0.006493
-0.006552
-0.006636
-0.006621
-0.006351
-0.005834
-0.004936
-0.003592
-0.002196
-0.001234
-0.000753
-0.000444
0.000107
0.001017
0.001728
0.001629
0.001052
0.000892
0.001456
0.002487
0.003671
0.004494
0.004631
0.004488
0.004458
0.004325
0.003890
0.003194
0.002277
0.001307
0.000155
-0.002109
-0.005920
-0.009704
-0.011066
-0.009188
-0.005310
-0.001337
0.001471
0.003028
0.004145
0.005213
0.005429
0.004321
0.002848
0.001809
0.000936
0.000531
0.001779
0.004394
0.006142
0.005726
0.004114
0.002492
0.000875
-0.000985
-0.002809
-0.004155
-0.004949
-0.005279
-0.004884
-0.003535
-0.001972
-0.001597
-0.002810
-0.004491
-0.005564
-0.006008
-0.005964
-0.005262
-0.004053
-0.002675
-0.001074
0.000792
0.002482
0.003382
0.003281
0.002743
0.002613
0.003095
0.003754
0.004327
0.004915
0.005359
0.005369
0.005282
0.005333
0.004672
0.002945
0.001771
0.002405
0.003365
0.002864
0.001812
0.001624
0.001298
-0.000457
-0.002674
-0.004184
-0.005716
-0.007888
-0.009444
-0.009218
-0.008025
-0.007165
-0.006430
-0.004935
-0.002890
-0.001207
-0.000096
0.000786
0.001406
0.001586
0.001749
0.002432
0.003312
0.003586
0.003134
0.002757
0.003143
0.003947
0.004405
0.004347
0.003959
0.003350
0.002721
0.002199
0.001631
0.000902
0.000052
-0.000904
-0.002244
-0.004642
-0.008177
-0.011244
-0.011586
-0.008630
-0.004108
-0.000196
0.002391
0.004349
0.006246
0.007430
0.006994
0.005333
0.003597
0.002247
0.001378
0.001652
0.003442
0.005521
0.006141
0.005190
0.003896
0.002719
0.000923
-0.001797
-0.004411
-0.005919
-0.006604
-0.006901
-0.006281
-0.004602
-0.003210
-0.003242
-0.004055
-0.004606
-0.005005
-0.005504
-0.005579
-0.004964
-0.003988
-0.002628
-0.000636
0.001714
0.003808
0.005132
0.005421
0.005043
0.004890
0.005240
0.005419
0.005095
0.004964
0.005559
0.006202
0.005849
0.004552
0.003240
0.002172
0.000979
0.000169
0.000407
0.000648
-0.000270
-0.001249
-0.001155
-0.001405
-0.003351
-0.005784
-0.007270
-0.008142
-0.008796
-0.008577
-0.007353
-0.006045
-0.005026
-0.003664
-0.001513
0.000991
0.002897
0.003655
0.003719
0.003838
0.004012
0.003899
0.003545
0.003055
0.002443
0.002077
0.002322
0.002871
0.003170
0.003004
0.002444
0.001786
0.001306
0.000781
-0.000046
-0.000760
-0.000990
-0.001276
-0.002492
-0.004874
-0.007829
-0.010248
-0.010812
-0.008713
-0.004646
-0.000562
0.002246
0.004450
0.007159
0.009394
0.009132
0.006793
0.004669
0.003329
0.002126
0.001869
0.003389
0.005194
0.005438
0.004472
0.003635
0.003034
0.001677
-0.000996
-0.004214
-0.006684
-0.008100
-0.008802
-0.008453
-0.006804
-0.004992
-0.004239
-0.004200
-0.004104
-0.004121
-0.004472
-0.004777
-0.004790
-0.004255
-0.002619
-0.000083
0.002311
0.004217
0.006042
0.007529
0.008049
0.007900
0.007680
0.007072
0.005660
0.004174
0.003782
0.004386
0.004553
0.003623
0.002638
0.002050
0.000757
-0.001158
-0.002014
-0.001998
-0.002983
-0.004461
-0.004316
-0.003244
-0.003587
-0.005002
-0.005676
-0.005838
-0.006489
-0.007059
-0.006668
-0.005606
-0.004465
-0.003108
-0.000985
0.001785
0.004209
0.005603
0.006197
0.006298
0.005833
0.004947
0.004086
0.003303
0.002378
0.001604
0.001474
0.001857
0.002285
0.002411
0.001943
0.000915
-0.000223
-0.001246
-0.002238
-0.003092
-0.003629
-0.004001
-0.004654
-0.005899
-0.007449
-0.008617
-0.008845
-0.007568
-0.004411
-0.000323
0.002875
0.005069
0.007845
0.010881
0.011658
0.009838
0.007853
0.006618
0.004978
0.003175
0.002770
0.003526
0.003611
0.002580
0.001730
0.001556
0.000684
-0.002054
-0.005601
-0.008048
-0.009285
-0.010203
-0.010306
-0.008940
-0.007320
-0.006577
-0.005848
-0.004309
-0.002797
-0.002172
-0.002139
-0.002148
-0.001771
-0.000572
0.001247
0.003051
0.004828
0.006773
0.008371
0.009124
0.009301
0.009087
0.008177
0.006752
0.005492
0.004494
0.003313
0.001966
0.000923
0.000225
-0.000492
-0.001176
-0.001569
-0.002023
-0.002943
-0.003953
-0.004602
-0.005131
-0.005871
-0.006619
-0.007018
-0.007018
-0.006642
-0.005851
-0.004794
-0.003645
-0.002411
-0.001168
0.000051
0.001458
0.003192
0.005071
0.006731
0.007748
0.007701
0.006596
0.005128
0.003930
0.002944
0.001905
0.000872
0.000138
-0.000144
-0.000257
-0.000620
-0.001158
-0.001502
-0.001805
-0.002417
-0.003060
-0.003400
-0.003722
-0.004177
-0.004537
-0.005134
-0.006348
-0.007422
-0.007416
-0.006164
-0.003445
0.000599
0.004261
0.006399
0.008562
0.011618
0.013067
0.011340
0.008819
0.007453
0.005914
0.003383
0.001633
0.001585
0.001616
0.000578
-0.000458
-0.000580
-0.000914
-0.002730
-0.005286
-0.007198
-0.008613
-0.010116
-0.010919
-0.010202
-0.008742
-0.007394
-0.005776
-0.003703
-0.001854
-0.000519
0.000388
0.000651
0.000597
0.001152
0.002368
0.003585
0.004790
0.006294
0.007746
0.008665
0.009240
0.009638
0.009271
0.007675
0.005474
0.003574
0.001938
0.000054
-0.001904
-0.003221
-0.003674
-0.003784
-0.003882
-0.003641
-0.003078
-0.003100
-0.004119
-0.005064
-0.005006
-0.004699
-0.004979
-0.005131
-0.004459
-0.003674
-0.003351
-0.002767
-0.001348
0.000337
0.001652
0.002721
0.003923
0.005235
0.006260
0.006701
0.006538
0.005829
0.004697
0.003468
0.002422
0.001383
0.000069
-0.001205
-0.001885
-0.002030
-0.002149
-0.002498
-0.002951
-0.003262
-0.003279
-0.003053
-0.002742
-0.002485
-0.002354
-0.002377
-0.002759
-0.003749
-0.004928
-0.005499
-0.005384
-0.004537
-0.002000
0.002128
0.005589
0.007392
0.009420
0.012127
0.012887
0.010907
0.008728
0.007415
0.005325
0.002228
0.000134
-0.000305
-0.000671
-0.001832
-0.002729
-0.002611
-0.002674
-0.004215
-0.006415
-0.007866
-0.008884
-0.010056
-0.010493
-0.009584
-0.008123
-0.006509
-0.004363
-0.002028
-0.000089
0.001657
0.003089
0.003514
0.003324
0.003623
0.004308
0.004713
0.005188
0.006207
0.007226
0.007696
0.007868
0.007855
0.007133
0.005521
0.003648
0.002019
0.000339
-0.001730
-0.003752
-0.005093
-0.005635
-0.005416
-0.004554
-0.003723
-0.003474
-0.003350
-0.002869
-0.002522
-0.002758
-0.003275
-0.003791
-0.004141
-0.003896
-0.002994
-0.001939
-0.000867
0.000473
0.001914
0.003182
0.004339
0.005230
0.005549
0.005459
0.005176
0.004508
0.003429
0.002333
0.001510
0.000879
0.000166
-0.000715
-0.001372
-0.001526
-0.001697
-0.002363
-0.003020
-0.003175
-0.003259
-0.003579
-0.003635
-0.003185
-0.002619
-0.002083
-0.001449
-0.001040
-0.001361
-0.002147
-0.002537
-0.002398
-0.002233
-0.001487
0.000949
0.004230
0.006334
0.007370
0.008881
0.010361
0.010048
0.008235
0.006411
0.004523
0.001893
-0.000704
-0.002039
-0.002330
-0.002742
-0.003619
-0.004129
-0.003821
-0.003593
-0.004206
-0.005102
-0.005753
-0.006438
-0.007126
-0.007312
-0.006836
-0.005741
-0.004010
-0.001992
-0.000141
0.001656
0.003355
0.004242
0.004260
0.004250
0.004384
0.004193
0.003858
0.003912
0.004226
0.004387
0.004427
0.004563
0.004670
0.004311
0.003227
0.001694
0.000151
-0.001392
-0.003071
-0.004445
-0.004845
-0.004354
-0.003626
-0.002928
-0.002047
-0.000994
-0.000237
-0.000141
-0.000595
-0.001376
-0.002444
-0.003579
-0.004145
-0.003753
-0.002781
-0.001688
-0.000329
0.001480
0.003342
0.004678
0.005225
0.004998
0.004226
0.003230
0.002205
0.001301
0.000671
0.000236
-0.000234
-0.000750
-0.001085
-0.001080
-0.000930
-0.001059
-0.001542
-0.001986
-0.002256
-0.002610
-0.002866
-0.002540
-0.001841
-0.001299
-0.000819
-0.000227
0.000013
-0.000445
-0.001084
-0.001199
-0.000901
-0.000888
-0.001009
0.000040
0.002545
0.004666
0.005196
0.005467
0.006539
0.007074
0.006005
0.004441
0.003313
0.001962
0.000054
-0.001479
-0.002041
-0.002271
-0.002912
-0.003641
-0.003665
-0.003144
-0.003003
-0.003474
-0.003986
-0.004257
-0.004466
-0.004672
-0.004638
-0.004067
-0.002989
-0.001859
-0.000866
0.000417
0.002050
0.003249
0.003636
0.003782
0.003955
0.003731
0.003098
0.002662
0.002704
0.002923
0.002936
0.002633
0.002170
0.001669
0.001113
0.000664
0.000498
0.000326
-0.000162
-0.000706
-0.000948
-0.000974
-0.001138
-0.001736
-0.002613
-0.003083
-0.002890
-0.002688
-0.002944
-0.003244
-0.003131
-0.002681
-0.001935
-0.000747
0.000524
0.001255
0.001585
0.002104
0.002733
0.002903
0.002444
0.001724
0.001149
0.000741
0.000370
0.000175
0.000286
0.000512
0.000702
0.000917
0.001113
0.001020
0.000416
-0.000560
-0.001457
-0.001937
-0.001993
-0.001832
-0.001723
-0.001775
-0.001783
-0.001432
-0.000777
-0.000309
-0.000389
-0.000848
-0.001195
-0.001051
-0.000533
-0.000176
-0.000102
0.000340
0.001539
0.002881
0.003628
0.003906
0.004189
0.004293
0.003771
0.002948
0.002366
0.001656
0.000348
-0.000924
-0.001361
-0.001325
-0.001599
-0.002144
-0.002478
-0.002511
-0.002454
-0.002446
-0.002475
-0.002540
-0.002753
-0.003094
-0.003179
-0.002676
-0.001806
-0.000977
-0.000180
0.000761
0.001689
0.002299
0.002553
0.002658
0.002703
0.002409
0.001578
0.000746
0.000609
0.000812
0.000478
-0.000023
0.000527
0.001898
0.002589
0.002328
0.002169
0.002232
0.001624
0.000333
-0.000759
-0.001442
-0.002241
-0.003238
-0.003880
-0.003825
-0.003385
-0.002917
-0.002196
-0.000971
0.000257
0.000843
0.000964
0.001124
0.001250
0.000978
0.000366
-0.000112
-0.000151
0.000032
0.000167
0.000388
0.000827
0.001226
0.001407
0.001548
0.001642
0.001332
0.000555
-0.000270
-0.000825
-0.001130
-0.001270
-0.001310
-0.001265
-0.001001
-0.000535
-0.000247
-0.000314
-0.000430
-0.000425
-0.000512
-0.000751
-0.000909
-0.000931
-0.000887
-0.000602
0.000037
0.000737
0.001239
0.001681
0.002140
0.002375
0.002261
0.001870
0.001222
0.000473
0.000072
0.000225
0.000514
0.000521
0.000408
0.000416
0.000401
0.000219
0.000013
-0.000154
-0.000541
-0.001238
-0.001804
-0.001961
-0.002055
-0.002271
-0.002214
-0.001702
-0.001163
-0.000887
-0.000619
-0.000122
0.000449
0.000863
0.001085
0.001179
0.001105
0.000796
0.000457
0.000397
0.000487
0.000392
0.000314
0.000637
0.001080
0.001161
0.000975
0.000800
0.000574
0.000137
-0.000405
-0.000710
-0.000633
-0.000504
-0.000600
-0.000654
-0.000411
-0.000165
-0.000217
-0.000366
-0.000411
-0.000547
-0.000863
-0.000989
-0.000643
-0.000080
0.000301
0.000472
0.000669
0.000944
0.001130
0.001158
0.001017
0.000570
-0.000157
-0.000837
-0.001263
-0.001455
-0.001342
-0.000889
-0.000352
0.000010
0.000243
0.000474
0.000669
0.000726
0.000579
0.000240
-0.000107
-0.000278
-0.000321
-0.000393
-0.000452
-0.000275
0.000169
0.000568
0.000715
0.000747
0.000752
0.000611
0.000364
0.000208
0.000153
0.000006
-0.000341
-0.000694
-0.000731
-0.000427
-0.000057
0.000184
0.000309
0.000382
0.000447
0.000538
0.000607
0.000570
0.000365
-0.000024
-0.000445
-0.000650
-0.000644
-0.000660
-0.000689
-0.000507
-0.000122
0.000230
0.000427
0.000459
0.000309
0.000062
-0.000111
-0.000203
-0.000349
-0.000488
-0.000425
-0.000200
-0.000016
0.000105
0.000288
0.000532
0.000705
0.000727
0.000538
0.000068
-0.000516
-0.000855
-0.000844
-0.000684
-0.000522
-0.000380
-0.000269
-0.000159
-0.000037
0.000019
0.000030
0.000112
0.000204
0.000195
0.000196
0.000285
0.000268
0.000029
-0.000197
-0.000134
0.000169
0.000391
0.000351
0.000240
0.000262
0.000341
0.000353
0.000280
0.000103
-0.000140
-0.000332
-0.000438
-0.000427
-0.000216
0.000120
0.000397
0.000544
0.000529
0.000287
-0.000082
-0.000346
-0.000466
-0.000604
-0.000796
-0.000884
-0.000794
-0.000604
-0.000318
0.000079
0.000416
0.000600
0.000807
0.001031
0.000930
0.000383
-0.000286
-0.000744
-0.000908
-0.000792
-0.000437
0.000018
0.000413
0.000684
0.000833
0.000856
0.000770
0.000657
0.000578
0.000466
0.000247
0.000040
0.000018
0.000116
0.000058
-0.000232
-0.000440
-0.000350
-0.000244
-0.000388
-0.000593
-0.000640
-0.000593
-0.000565
-0.000534
-0.000405
-0.000179
-0.000001
0.000022
-0.000039
-0.000017
0.000136
0.000274
0.000247
0.000096
-0.000027
-0.000006
0.000167
0.000359
0.000412
0.000278
-0.000035
-0.000423
-0.000622
-0.000493
-0.000219
0.000010
0.000190
0.000320
0.000316
0.000183
0.000028
-0.000129
-0.000325
-0.000432
-0.000264
0.000114
0.000419
0.000463
0.000309
0.000135
0.000051
0.000115
0.000313
0.000465
0.000346
-0.000007
-0.000282
-0.000242
-0.000030
0.000061
0.000035
0.000101
0.000236
0.000202
-0.000035
-0.000242
-0.000314
-0.000351
-0.000292
0.000039
0.000465
0.000562
0.000290
0.000002
-0.000154
-0.000302
-0.000431
-0.000390
-0.000241
-0.000257
-0.000449
-0.000505
-0.000387
-0.000372
-0.000467
-0.000498
-0.000469
-0.000324
0.000097
0.000646
0.001004
0.001145
0.001189
0.001112
0.000897
0.000633
0.000366
0.000113
-0.000077
-0.000235
-0.000430
-0.000587
-0.000573
-0.000368
-0.000032
0.000313
0.000501
0.000438
0.000168
-0.000173
-0.000480
-0.000720
-0.000896
-0.001030
-0.001072
-0.000918
-0.000630
-0.000357
-0.000122
0.000058
0.000180
0.000384
0.000655
0.000736
0.000620
0.000557
0.000552
0.000479
0.000405
0.000383
0.000335
0.000225
0.000064
-0.000121
-0.000209
-0.000079
0.000179
0.000338
0.000281
0.000023
-0.000309
-0.000512
-0.000571
-0.000636
-0.000607
-0.000318
0.000051
0.000247
0.000191
-0.000076
-0.000314
-0.000280
-0.000089
0.000074
0.000285
0.000466
0.000286
-0.000135
-0.000253
0.000036
0.000320
0.000352
0.000293
0.000355
0.000477
0.000465
0.000310
0.000103
-0.000190
-0.000526
-0.000662
-0.000530
-0.000398
-0.000437
-0.000501
-0.000472
-0.000420
-0.000337
-0.000127
0.000112
0.000205
0.000177
0.000117
0.000046
0.000023
0.000078
0.000118
0.000106
0.000138
0.000239
0.000259
0.000135
0.000049
0.000100
0.000162
0.000209
0.000294
0.000286
0.000173
0.000158
0.000228
0.000245
0.000263
0.000331
0.000333
0.000189
-0.000028
-0.000196
-0.000230
-0.000138
0.000018
0.000181
0.000237
0.000083
-0.000182
-0.000361
-0.000473
-0.000665
-0.000888
-0.000962
-0.000883
-0.000781
-0.000676
-0.000477
-0.000125
0.000266
0.000495
0.000558
0.000583
0.000596
0.000601
0.000645
0.000691
0.000577
0.000198
-0.000219
-0.000279
0.000006
0.000247
0.000255
0.000154
0.000064
0.000015
-0.000017
-0.000116
-0.000279
-0.000346
-0.000280
-0.000213
-0.000172
-0.000148
-0.000210
-0.000313
-0.000304
-0.000213
-0.000163
-0.000043
0.000274
0.000506
0.000412
0.000284
0.000319
0.000236
0.000029
0.000042
0.000132
-0.000110
-0.000500
-0.000622
-0.000540
-0.000435
-0.000203
0.000163
0.000420
0.000521
0.000680
0.000878
0.000787
0.000371
0.000015
-0.000162
-0.000399
-0.000682
-0.000777
-0.000736
-0.000715
-0.000500
0.000064
0.000526
0.000478
0.000195
0.000008
-0.000162
-0.000327
-0.000306
-0.000148
-0.000038
0.000063
0.000252
0.000403
0.000366
0.000255
0.000292
0.000491
0.000666
0.000667
0.000485
0.000201
-0.000112
-0.000373
-0.000423
-0.000231
-0.000038
0.000008
0.000002
-0.000052
-0.000252
-0.000474
-0.000526
-0.000527
-0.000697
-0.000940
-0.000991
-0.000777
-0.000450
-0.000174
0.000059
0.000337
0.000630
0.000890
0.001165
0.001368
0.001296
0.001006
0.000750
0.000506
0.000082
-0.000378
-0.000547
-0.000455
-0.000407
-0.000468
-0.000467
-0.000434
-0.000493
-0.000434
-0.000057
0.000314
0.000312
0.000084
-0.000114
-0.000334
-0.000564
-0.000585
-0.000420
-0.000299
-0.000207
-0.000006
0.000231
0.000392
0.000524
0.000626
0.000597
0.000464
0.000378
0.000331
0.000222
0.000084
-0.000036
-0.000207
-0.000462
-0.000647
-0.000564
-0.000253
0.000071
0.000276
0.000333
0.000295
0.000252
0.000214
0.000070
-0.000227
-0.000486
-0.000524
-0.000463
-0.000447
-0.000371
-0.000190
-0.000054
0.000016
0.000150
0.000334
0.000483
0.000631
0.000705
0.000493
0.000074
-0.000207
-0.000265
-0.000316
-0.000396
-0.000288
0.000014
0.000194
0.000110
0.000037
0.000179
0.000318
0.000229
0.000059
0.000001
-0.000036
-0.000153
-0.000255
-0.000285
-0.000290
-0.000237
-0.000064
0.000158
0.000314
0.000314
0.000095
-0.000230
-0.000427
-0.000446
-0.000394
-0.000272
-0.000038
0.000186
0.000278
0.000350
0.000503
0.000558
0.000374
0.000143
0.000057
0.000029
-0.000017
-0.000004
0.000035
-0.000009
-0.000082
-0.000066
0.000004
0.000004
-0.000085
-0.000192
-0.000293
-0.000347
-0.000225
-0.000038
-0.000124
-0.000421
-0.000487
-0.000229
0.000067
0.000269
0.000406
0.000427
0.000276
0.000088
0.000069
0.000149
0.000064
-0.000186
-0.000306
-0.000148
0.000090
0.000141
0.000039
0.000041
0.000200
0.000304
0.000245
0.000137
0.000099
0.000083
-0.000019
-0.000154
-0.000200
-0.000173
-0.000152
-0.000137
-0.000100
-0.000038
0.000006
0.000005
0.000051
0.000151
0.000103
-0.000157
-0.000357
-0.000283
-0.000115
-0.000118
-0.000247
-0.000335
-0.000334
-0.000185
0.000131
0.000418
0.000486
0.000349
0.000122
-0.000045
-0.000044
0.000099
0.000274
0.000383
0.000363
0.000181
-0.000068
-0.000172
-0.000073
0.000014
-0.000062
-0.000097
0.000115
0.000328
0.000194
-0.000111
-0.000169
-0.000052
-0.000125
-0.000328
-0.000338
-0.000202
-0.000215
-0.000330
-0.000255
-0.000028
0.000104
0.000182
0.000320
0.000354
0.000186
0.000062
0.000149
0.000248
0.000164
-0.000040
-0.000210
-0.000226
-0.000088
0.000029
-0.000017
-0.000136
-0.000185
-0.000186
-0.000179
-0.000072
0.000137
0.000274
0.000203
-0.000046
-0.000262
-0.000245
-0.000045
0.000114
0.000063
-0.000104
-0.000101
0.000156
0.000426
0.000482
0.000325
0.000087
-0.000128
-0.000212
-0.000056
0.000160
0.000118
-0.000054
-0.000032
0.000092
0.000047
-0.000141
-0.000261
-0.000280
-0.000295
-0.000271
-0.000145
-0.000008
0.000042
0.000017
-0.000056
-0.000138
-0.000137
-0.000002
0.000187
0.000269
0.000200
0.000146
0.000224
0.000298
0.000186
-0.000048
-0.000159
-0.000055
0.000056
-0.000030
-0.000183
-0.000175
-0.000049
0.000011
-0.000027
-0.000091
-0.000116
-0.000087
-0.000089
-0.000171
-0.000209
-0.000083
0.000139
0.000299
0.000317
0.000237
0.000153
0.000082
-0.000018
-0.000091
-0.000045
0.000084
0.000149
0.000049
-0.000125
-0.000187
-0.000127
-0.000052
0.000008
0.000066
0.000110
0.000096
-0.000014
-0.000126
-0.000105
0.000012
0.000105
0.000113
0.000010
-0.000148
-0.000228
-0.000195
-0.000137
-0.000104
-0.000090
-0.000111
-0.000103
0.000040
0.000228
0.000273
0.000203
0.000183
0.000245
0.000267
0.000134
-0.000094
-0.000217
-0.000162
-0.000085
-0.000103
-0.000155
-0.000188
-0.000194
-0.000116
0.000073
0.000290
0.000430
0.000484
0.000424
0.000164
-0.000179
-0.000348
-0.000325
-0.000257
-0.000164
-0.000060
-0.000058
-0.000194
-0.000307
-0.000219
0.000009
0.000171
0.000206
0.000217
0.000251
0.000225
0.000075
-0.000095
-0.000080
0.000132
0.000252
0.000103
-0.000090
-0.000086
0.000043
0.000119
0.000105
0.000039
-0.000068
-0.000165
-0.000182
-0.000158
-0.000186
-0.000264
-0.000319
-0.000310
-0.000266
-0.000243
-0.000243
-0.000238
-0.000184
-0.000026
0.000184
0.000326
0.000413
0.000499
0.000492
0.000365
0.000291
0.000313
0.000298
0.000223
0.000129
-0.000023
-0.000178
-0.000179
-0.000071
-0.000050
-0.000122
-0.000150
-0.000111
-0.000091
-0.000118
-0.000100
0.000013
0.000150
0.000235
0.000187
-0.000023
-0.000249
-0.000377
-0.000476
-0.000525
-0.000367
-0.000031
0.000195
0.000104
-0.000133
-0.000157
0.000089
0.000335
0.000388
0.000288
0.000139
0.000026
-0.000006
0.000006
0.000025
0.000078
0.000152
0.000151
0.000042
-0.000076
-0.000116
-0.000103
-0.000069
-0.000044
-0.000083
-0.000175
-0.000214
-0.000120
0.000087
0.000278
0.000281
0.000095
-0.000052
-0.000020
0.000064
0.000075
0.000074
0.000124
0.000136
0.000044
-0.000062
-0.000084
-0.000055
-0.000038
-0.000026
0.000028
0.000122
0.000138
-0.000037
-0.000293
-0.000381
-0.000265
-0.000129
-0.000087
-0.000100
-0.000081
-0.000024
0.000002
-0.000013
-0.000016
-0.000011
-0.000020
0.000005
0.000062
0.000079
0.000061
0.000012
-0.000114
-0.000232
-0.000205
-0.000085
0.000028
0.000140
0.000227
0.000289
0.000409
0.000507
0.000403
0.000175
0.000050
0.000087
0.000178
0.000170
0.000015
-0.000177
-0.000293
-0.000319
-0.000246
-0.000080
0.000078
0.000108
0.000008
-0.000136
-0.000235
-0.000251
-0.000207
-0.000168
-0.000144
-0.000096
-0.000053
-0.000080
-0.000147
-0.000145
-0.000031
0.000105
0.000196
0.000270
0.000314
0.000257
0.000144
0.000082
0.000035
-0.000083
-0.000204
-0.000211
-0.000117
-0.000020
0.000039
0.000113
0.000192
0.000171
0.000070
0.000041
0.000127
0.000212
0.000183
0.000084
0.000045
0.000073
0.000056
-0.000071
-0.000270
-0.000446
-0.000495
-0.000353
-0.000103
-0.000003
-0.000165
-0.000323
-0.000233
-0.000004
0.000219
0.000439
0.000554
0.000432
0.000212
0.000085
0.000033
-0.000006
-0.000047
-0.000115
-0.000165
-0.000108
0.000028
0.000132
0.000166
0.000188
0.000246
0.000276
0.000156
-0.000119
-0.000381
-0.000470
-0.000428
-0.000399
-0.000412
-0.000420
-0.000373
-0.000243
-0.000103
-0.000027
0.000068
0.000254
0.000402
0.000413
0.000371
0.000330
0.000235
0.000139
0.000144
0.000175
0.000127
0.000086
0.000153
0.000213
0.000140
0.000036
0.000026
0.000039
-0.000002
-0.000035
-0.000019
-0.000038
-0.000148
-0.000256
-0.000263
-0.000212
-0.000213
-0.000293
-0.000342
-0.000266
-0.000154
-0.000167
-0.000291
-0.000349
-0.000208
0.000074
0.000317
0.000398
0.000367
0.000399
0.000526
0.000511
0.000257
0.000009
-0.000075
-0.000078
-0.000042
0.000036
0.000053
-0.000047
-0.000190
-0.000295
-0.000312
-0.000195
0.000017
0.000173
0.000167
0.000087
0.000087
0.000157
0.000145
-0.000017
-0.000199
-0.000293
-0.000366
-0.000449
-0.000406
-0.000176
0.000085
0.000198
0.000150
0.000075
0.000088
0.000133
0.000129
0.000159
0.000286
0.000369
0.000288
0.000116
-0.000028
-0.000120
-0.000130
-0.000013
0.000114
0.000078
-0.000024
0.000038
0.000206
0.000181
-0.000085
-0.000310
-0.000320
-0.000247
-0.000257
-0.000310
-0.000287
-0.000211
-0.000194
-0.000246
-0.000235
-0.000098
0.000050
0.000107
0.000121
0.000182
0.000320
0.000430
0.000344
0.000137
0.000102
0.000288
0.000416
0.000290
0.000040
-0.000073
0.000007
0.000098
0.000079
-0.000000
-0.000077
-0.000121
-0.000116
-0.000116
-0.000180
-0.000279
-0.000307
-0.000189
-0.000015
0.000032
-0.000040
-0.000054
0.000004
-0.000020
-0.000118
-0.000128
-0.000038
0.000022
0.000026
0.000018
-0.000029
-0.000078
0.000007
0.000219
0.000349
0.000293
0.000183
0.000104
-0.000033
-0.000227
-0.000331
-0.000257
-0.000056
0.000154
0.000286
0.000306
0.000198
-0.000030
-0.000237
-0.000219
-0.000037
0.000017
-0.000087
-0.000106
-0.000032
-0.000070
-0.000229
-0.000318
-0.000219
-0.000015
0.000132
0.000170
0.000164
0.000170
0.000208
0.000263
0.000252
0.000109
