6240
-0.000190
-0.000214
-0.000150
-0.000110
-0.000107
-0.000083
-0.000031
0.000028
0.000094
0.000182
0.000310
0.000441
0.000451
0.000270
0.000018
-0.000116
-0.000109
-0.000089
-0.000135
-0.000217
-0.000318
-0.000410
-0.000376
-0.000182
0.000004
0.000051
0.000039
0.000091
0.000180
0.000177
0.000046
-0.000064
-0.000021
0.000127
0.000258
0.000302
0.000222
0.000047
-0.000071
-0.000005
0.000155
0.000217
0.000184
0.000179
0.000167
0.000013
-0.000258
-0.000479
-0.000541
-0.000485
-0.000419
-0.000369
-0.000282
-0.000133
0.000037
0.000164
0.000233
0.000283
0.000305
0.000233
0.000117
0.000108
0.000181
0.000180
0.000113
0.000113
0.000177
0.000185
0.000096
-0.000045
-0.000194
-0.000280
-0.000222
-0.000064
0.000036
0.000005
-0.000070
-0.000082
-0.000049
-0.000051
-0.000112
-0.000183
-0.000204
-0.000140
-0.000022
0.000057
0.000056
0.000026
0.000045
0.000126
0.000183
0.000157
0.000117
0.000129
0.000123
0.000038
-0.000046
-0.000094
-0.000197
-0.000314
-0.000268
-0.000068
0.000084
0.000136
0.000223
0.000330
0.000278
0.000078
-0.000036
0.000013
0.000103
0.000155
0.000129
-0.000016
-0.000194
-0.000250
-0.000210
-0.000244
-0.000334
-0.000278
-0.000043
0.000160
0.000197
0.000136
0.000080
0.000082
0.000136
0.000144
0.000069
0.000018
0.000015
-0.000018
-0.000044
0.000001
0.000015
-0.000072
-0.000132
-0.000071
-0.000003
-0.000008
0.000003
0.000026
-0.000078
-0.000299
-0.000438
-0.000355
-0.000098
0.000204
0.000469
0.000614
0.000541
0.000263
-0.000068
-0.000306
-0.000371
-0.000241
-0.000003
0.000165
0.000164
0.000117
0.000169
0.000214
0.000076
-0.000153
-0.000244
-0.000172
-0.000056
0.000035
0.000057
-0.000026
-0.000165
-0.000248
-0.000182
0.000001
0.000112
0.000029
-0.000130
-0.000211
-0.000257
-0.000326
-0.000292
-0.000063
0.000201
0.000331
0.000385
0.000455
0.000503
0.000503
0.000453
0.000300
0.000053
-0.000167
-0.000269
-0.000264
-0.000211
-0.000181
-0.000214
-0.000286
-0.000381
-0.000469
-0.000440
-0.000247
0.000004
0.000208
0.000321
0.000334
0.000306
0.000329
0.000362
0.000264
0.000050
-0.000114
-0.000163
-0.000151
-0.000104
-0.000035
0.000051
0.000174
0.000290
0.000311
0.000224
0.000039
-0.000240
-0.000512
-0.000598
-0.000450
-0.000212
-0.000025
0.000073
0.000046
-0.000105
-0.000231
-0.000190
-0.000011
0.000194
0.000334
0.000369
0.000313
0.000229
0.000162
0.000110
0.000053
-0.000033
-0.000141
-0.000194
-0.000136
0.000001
0.000129
0.000168
0.000115
0.000022
-0.000075
-0.000135
-0.000093
0.000040
0.000145
0.000124
0.000015
-0.000087
-0.000157
-0.000215
-0.000230
-0.000166
-0.000086
-0.000079
-0.000087
-0.000005
0.000101
0.000129
0.000141
0.000178
0.000139
-0.000030
-0.000220
-0.000274
-0.000160
-0.000008
0.000095
0.000211
0.000344
0.000392
0.000348
0.000319
0.000331
0.000256
0.000010
-0.000262
-0.000402
-0.000527
-0.000614
-0.000338
0.000073
0.000035
-0.000199
-0.000122
-0.000021
-0.000131
-0.000091
0.000147
0.000248
0.000236
0.000253
0.000166
0.000002
-0.000011
0.000076
0.000113
0.000156
0.000164
-0.000035
-0.000322
-0.000398
-0.000236
-0.000037
0.000068
0.000087
0.000089
0.000110
0.000103
0.000036
-0.000015
-0.000010
-0.000040
-0.000109
-0.000091
0.000004
0.000042
0.000030
0.000034
-0.000002
-0.000087
-0.000095
0.000014
0.000131
0.000166
0.000154
0.000138
0.000087
-0.000021
-0.000126
-0.000174
-0.000173
-0.000157
-0.000150
-0.000126
-0.000035
0.000101
0.000212
0.000275
0.000252
0.000108
-0.000077
-0.000213
-0.000280
-0.000202
0.000051
0.000261
0.000236
0.000124
0.000074
-0.000023
-0.000161
-0.000142
0.000004
0.000079
0.000064
0.000047
0.000010
-0.000097
-0.000212
-0.000220
-0.000121
-0.000044
-0.000042
-0.000019
0.000059
0.000081
0.000008
-0.000036
0.000014
0.000072
0.000043
-0.000026
0.000013
0.000188
0.000274
0.000128
-0.000050
-0.000047
0.000053
0.000078
0.000005
-0.000083
-0.000132
-0.000145
-0.000135
-0.000087
0.000032
0.000197
0.000294
0.000220
0.000040
-0.000048
0.000009
0.000063
0.000007
-0.000132
-0.000251
-0.000261
-0.000230
-0.000290
-0.000384
-0.000336
-0.000079
0.000279
0.000544
0.000532
0.000275
0.000019
-0.000117
-0.000229
-0.000342
-0.000327
-0.000137
0.000084
0.000179
0.000163
0.000176
0.000246
0.000245
0.000149
0.000113
0.000203
0.000264
0.000175
0.000067
0.000071
0.000063
-0.000107
-0.000350
-0.000498
-0.000497
-0.000376
-0.000201
-0.000089
-0.000095
-0.000134
-0.000085
0.000060
0.000167
0.000132
0.000074
0.000165
0.000303
0.000264
0.000071
-0.000072
-0.000084
-0.000049
-0.000022
-0.000003
0.000001
0.000010
0.000088
0.000215
0.000298
0.000290
0.000216
0.000113
-0.000038
-0.000276
-0.000482
-0.000477
-0.000305
-0.000168
-0.000129
-0.000062
0.000106
0.000268
0.000219
-0.000399
-0.001421
-0.001108
0.001331
0.002637
0.000612
-0.000843
0.000876
0.001657
-0.000522
-0.001485
0.000038
0.000395
-0.000826
-0.000845
0.000008
-0.000104
-0.000504
-0.000267
-0.000070
-0.000081
0.000154
0.000224
-0.000072
-0.000008
0.000431
0.000475
0.000221
0.000243
0.000259
-0.000117
-0.000468
-0.000466
-0.000345
-0.000227
-0.000144
-0.000221
-0.000242
0.000070
0.000456
0.000578
0.000500
0.000306
-0.000015
-0.000220
-0.000015
0.000419
0.000525
0.000106
-0.000354
-0.000446
-0.000429
-0.000430
-0.000064
0.000423
0.000516
0.000576
0.000524
-0.000311
-0.001060
-0.000523
0.000258
0.000077
-0.000136
0.000232
0.000048
-0.000857
-0.001089
-0.000299
0.000601
0.001003
0.000743
0.000067
-0.000334
-0.000122
0.000377
0.000671
0.000341
-0.000459
-0.000773
-0.000297
0.000024
-0.000102
0.000026
0.000254
-0.000128
-0.000591
-0.000329
0.000132
0.000298
0.000332
-0.000031
-0.000397
0.000317
0.001145
0.000193
-0.001230
-0.000569
0.000962
0.000794
-0.000155
-0.000036
0.000128
-0.000659
-0.000966
0.000068
0.001005
0.000403
-0.000661
-0.000400
0.000279
0.000020
-0.000094
0.000379
0.000183
-0.000161
0.000428
0.000665
-0.000284
-0.000731
0.000174
0.000803
0.000196
-0.000752
-0.000831
0.000277
0.000661
-0.000747
-0.001010
0.000481
0.000109
-0.001189
-0.000048
0.000898
-0.000558
-0.000718
0.001258
0.001180
-0.000950
-0.001230
0.000014
0.000520
0.000907
0.000990
0.000004
-0.000067
0.000811
-0.000281
-0.001730
0.000238
0.002275
0.000210
-0.001560
0.000091
0.000443
-0.001750
-0.001501
0.001463
0.001630
-0.001075
-0.000721
0.001548
0.000032
-0.001605
0.000914
0.001526
-0.001289
-0.000560
0.001548
-0.001044
-0.002662
0.001007
0.002231
-0.001310
-0.001624
0.001440
0.000912
-0.001436
-0.000212
0.001585
-0.000079
-0.001389
0.001179
0.002819
-0.000582
-0.003421
-0.000357
0.003030
0.000648
-0.002450
-0.000260
0.002707
0.000366
-0.003114
-0.000928
0.002595
0.000590
-0.001846
0.000435
0.001123
-0.002491
-0.002619
0.002135
0.002860
-0.001328
-0.001934
0.000751
0.000777
-0.000030
0.000597
0.000213
-0.000693
0.000095
0.001908
0.002574
0.000020
-0.003563
-0.002336
0.002022
0.001863
-0.001750
-0.001740
0.000883
0.000566
-0.000980
-0.000302
-0.000051
-0.000704
0.000726
0.001361
-0.000658
-0.000313
0.001423
-0.000244
-0.001008
0.002001
0.002128
-0.001903
-0.002931
0.000059
0.001154
-0.000458
-0.000105
0.002399
0.002182
-0.001473
-0.003080
-0.000011
0.002636
0.000649
-0.001903
-0.000663
0.001107
-0.000348
-0.002307
-0.001045
0.001319
0.000999
-0.000158
0.000492
-0.000406
-0.003385
-0.001623
0.003894
0.003504
-0.001694
-0.002166
0.001038
0.000733
-0.001166
0.000320
0.002087
-0.000440
-0.002591
0.001354
0.004406
-0.000386
-0.004675
-0.001048
0.003125
0.001193
-0.001028
0.000644
0.000435
-0.002066
-0.000759
0.001126
-0.000451
0.000362
0.003078
0.000103
-0.003949
-0.001595
0.000762
-0.000596
0.001506
0.004025
-0.001487
-0.006018
-0.000199
0.005075
0.000810
-0.004583
-0.003508
0.001128
0.004731
0.004759
0.000465
-0.005107
-0.006004
0.000630
0.007674
0.004807
-0.004086
-0.005429
0.000536
0.002426
0.000748
0.002084
0.001630
-0.003086
-0.003020
0.002124
0.002051
-0.002827
-0.003353
0.000895
0.003167
0.000484
-0.003321
-0.002535
0.001743
0.003691
0.001833
-0.001993
-0.004225
-0.000930
0.004352
0.004925
0.001140
-0.003797
-0.006068
-0.000820
0.006714
0.004803
-0.003267
-0.004608
-0.000836
-0.000659
-0.000284
0.003569
0.002597
-0.003270
-0.003140
0.002601
0.003914
-0.000738
-0.004837
-0.002916
0.003729
0.005617
-0.000877
-0.005185
-0.002086
0.000760
0.001495
0.003652
0.002741
-0.003102
-0.005092
-0.000472
0.003799
0.004585
0.002193
-0.003449
-0.006777
-0.001154
0.006891
0.004678
-0.004895
-0.007402
-0.000402
0.005255
0.004181
0.000744
-0.001991
-0.004574
-0.004988
0.000172
0.007367
0.006486
-0.002965
-0.007016
-0.000421
0.004481
0.001872
-0.000283
-0.000148
-0.002338
-0.003644
-0.000159
0.003518
0.002895
-0.000502
-0.002644
-0.001108
0.001506
0.000592
-0.001240
0.001302
0.002981
-0.001575
-0.003604
0.001622
0.003213
-0.002017
-0.003321
0.000834
0.002045
0.000165
0.000099
0.000417
-0.001317
-0.002718
-0.001471
0.001523
0.003130
0.001127
-0.001829
-0.002185
-0.000746
0.000775
0.001496
0.000213
-0.000988
0.000794
0.002214
0.000391
-0.000836
0.000194
0.000905
0.001211
0.001177
-0.000769
-0.002249
0.000008
0.002212
0.000019
-0.002774
-0.002055
0.000063
0.001134
0.000576
-0.001225
-0.001462
0.000735
0.002076
0.001197
-0.000184
-0.001041
-0.001155
-0.000098
0.001806
0.001863
-0.001618
-0.004504
-0.002773
0.000520
0.000859
-0.001187
-0.001901
0.000750
0.003944
0.002848
-0.001959
-0.003900
0.000527
0.005991
0.005485
0.000051
-0.003430
-0.001705
0.002240
0.003879
0.001372
-0.002616
-0.003549
-0.000518
0.002958
0.002955
-0.000723
-0.004207
-0.003916
-0.000432
0.002010
0.000270
-0.003308
-0.003669
0.000059
0.003255
0.001949
-0.002225
-0.004317
-0.001575
0.003486
0.005650
0.002550
-0.003086
-0.005587
-0.001883
0.004198
0.006206
0.002833
-0.001901
-0.003597
-0.000836
0.002887
0.002712
0.000184
0.000091
0.000977
-0.000667
-0.002516
-0.001880
-0.000504
0.000473
0.001323
0.000435
-0.002688
-0.004575
-0.001700
0.003691
0.004740
0.000329
-0.002554
-0.001102
0.000185
-0.000068
0.000095
-0.000535
-0.001964
-0.000385
0.003521
0.003619
-0.000972
-0.004002
-0.002225
0.001485
0.003813
0.002965
-0.000656
-0.002958
-0.001408
0.000634
0.000464
-0.000017
0.000034
-0.000334
-0.000066
0.001058
0.000845
-0.000672
-0.001210
-0.000055
0.001499
0.001260
-0.001207
-0.002792
-0.001313
0.001065
0.002081
0.002050
0.000864
-0.001474
-0.002852
-0.002255
-0.000713
0.001217
0.002605
0.001856
-0.000268
-0.001372
-0.001218
-0.000752
0.000264
0.001376
0.001278
0.000588
0.000210
-0.000858
-0.002119
-0.001156
0.001199
0.001771
0.000677
-0.000015
-0.000409
-0.000991
-0.000777
0.000468
0.001445
0.001127
-0.000395
-0.002199
-0.002511
-0.000263
0.002587
0.003099
0.001077
-0.001665
-0.003278
-0.002413
0.000311
0.002485
0.002439
0.000416
-0.001373
-0.001073
-0.000372
-0.001034
-0.001094
0.000445
0.001557
0.001883
0.001985
0.000693
-0.001368
-0.001501
0.000076
0.000872
0.000566
0.000216
-0.000497
-0.001730
-0.001735
0.000380
0.002222
0.001467
-0.000532
-0.001598
-0.001918
-0.001770
-0.000254
0.001721
0.001761
0.000234
-0.000538
-0.000417
-0.000503
-0.000356
0.000521
0.001013
0.000564
0.000273
0.000452
0.000108
-0.000793
-0.000954
0.000073
0.000831
0.000183
-0.000916
-0.001205
-0.000727
-0.000070
0.000567
0.000978
0.000643
0.000124
0.000375
0.000564
0.000019
-0.000082
0.000560
0.000573
-0.000043
0.000175
0.000718
-0.000191
-0.001777
-0.001839
-0.000261
0.001334
0.001579
0.000488
-0.000539
-0.000797
-0.001057
-0.001287
-0.000617
0.000509
0.001038
0.000999
0.000527
-0.000762
-0.001860
-0.000976
0.000909
0.001166
-0.000017
-0.000742
-0.000940
-0.000829
0.000435
0.001931
0.001608
0.000108
-0.000554
-0.000212
0.000466
0.001191
0.001243
0.000191
-0.000926
-0.001026
-0.000536
-0.000181
-0.000011
-0.000199
-0.000652
-0.000578
0.000019
0.000320
0.000317
0.000368
0.000254
0.000146
0.000439
0.000337
-0.000822
-0.001959
-0.001740
-0.000037
0.002082
0.002674
0.000782
-0.001859
-0.002806
-0.001608
0.000391
0.001487
0.001173
0.000657
0.000707
0.000405
-0.000660
-0.001140
-0.000120
0.001296
0.001880
0.001709
0.000840
-0.000932
-0.002522
-0.002204
-0.000164
0.001603
0.001867
0.000875
-0.000624
-0.001643
-0.001510
-0.000812
-0.000515
-0.000351
0.000270
0.000696
0.000321
-0.000423
-0.001319
-0.001841
-0.000673
0.001675
0.002790
0.002036
0.000807
-0.000137
-0.000652
-0.000383
0.000396
0.000857
0.000591
-0.000237
-0.000805
-0.000452
-0.000048
-0.000404
-0.000526
0.000049
0.000150
-0.000278
-0.000134
0.000180
-0.000400
-0.001289
-0.001198
-0.000088
0.000973
0.001110
0.000353
-0.000569
-0.000990
-0.000729
0.000037
0.000752
0.000978
0.001127
0.001384
0.000778
-0.000821
-0.001655
-0.000769
0.000580
0.001189
0.001242
0.001081
0.000457
-0.000762
-0.001964
-0.002150
-0.001030
0.000705
0.002059
0.001995
0.000111
-0.002081
-0.002409
-0.000857
0.000663
0.000776
-0.000230
-0.000968
-0.000446
0.000691
0.001175
0.000935
0.000447
-0.000290
-0.000733
-0.000172
0.000505
0.000340
0.000298
0.001098
0.001571
0.000884
-0.000309
-0.001322
-0.001812
-0.001213
0.000412
0.001594
0.000943
-0.001040
-0.002408
-0.001819
-0.000065
0.000836
0.000347
-0.000280
-0.000295
0.000138
0.000914
0.001415
0.000599
-0.000984
-0.001394
-0.000196
0.001110
0.001406
0.000771
-0.000239
-0.000939
-0.000997
-0.000584
0.000211
0.001186
0.001721
0.001439
0.000425
-0.000989
-0.002010
-0.001838
-0.000684
0.000548
0.001335
0.001515
0.000926
-0.000216
-0.001237
-0.001702
-0.001634
-0.001026
0.000132
0.001324
0.001667
0.000757
-0.000870
-0.002034
-0.001740
-0.000178
0.001422
0.002271
0.002381
0.001622
0.000081
-0.001211
-0.001366
-0.000572
0.000604
0.001614
0.001836
0.001228
0.000415
-0.000377
-0.001221
-0.001472
-0.000576
0.000688
0.001171
0.000686
-0.000265
-0.001133
-0.001540
-0.001376
-0.000741
0.000095
0.000541
0.000095
-0.000840
-0.001487
-0.001601
-0.001084
0.000001
0.000848
0.000715
-0.000127
-0.000931
-0.001094
-0.000413
0.000485
0.000772
0.000642
0.000713
0.000796
0.000595
0.000477
0.000599
0.000644
0.000659
0.000790
0.000643
0.000036
-0.000533
-0.000724
-0.000583
-0.000155
0.000217
-0.000036
-0.001068
-0.002514
-0.003614
-0.003507
-0.001957
0.000354
0.002279
0.002759
0.001610
0.000131
-0.000176
0.000550
0.001336
0.002114
0.002934
0.002999
0.002091
0.001275
0.001139
0.001072
0.000736
0.000584
0.000846
0.001217
0.001261
0.000739
-0.000079
-0.000855
-0.001719
-0.002478
-0.002324
-0.001300
-0.000668
-0.001149
-0.002149
-0.003024
-0.003841
-0.004433
-0.003860
-0.001816
0.000316
0.000900
0.000016
-0.000852
-0.000813
-0.000272
0.000315
0.001114
0.002059
0.002562
0.002413
0.002019
0.001724
0.001546
0.001511
0.001787
0.002427
0.003020
0.002841
0.001891
0.001120
0.000807
0.000177
-0.000692
-0.000827
-0.000383
-0.000345
-0.000702
-0.000932
-0.001381
-0.002511
-0.003529
-0.003283
-0.002069
-0.001130
-0.000800
-0.000607
-0.001058
-0.003704
-0.008370
-0.011370
-0.008624
-0.000839
0.006258
0.007759
0.004349
0.000216
-0.002042
-0.002111
0.000474
0.005611
0.010246
0.010505
0.006746
0.003338
0.002812
0.003344
0.002763
0.001865
0.002192
0.002965
0.002613
0.001723
0.001594
0.001084
-0.001716
-0.005371
-0.006333
-0.004049
-0.001477
-0.000807
-0.001723
-0.003409
-0.005439
-0.006866
-0.006555
-0.004618
-0.002587
-0.002024
-0.002902
-0.003580
-0.003068
-0.002410
-0.002464
-0.002077
-0.000409
0.001181
0.001634
0.002174
0.003693
0.004630
0.003751
0.002782
0.003736
0.005603
0.006323
0.006079
0.005956
0.005515
0.004081
0.002492
0.001864
0.002016
0.002010
0.001457
0.000777
0.000216
-0.000822
-0.002598
-0.004021
-0.004263
-0.004191
-0.004570
-0.004679
-0.004151
-0.003889
-0.004150
-0.004150
-0.003890
-0.004042
-0.004240
-0.003523
-0.001984
-0.000540
0.000398
0.000894
0.000242
-0.002675
-0.006681
-0.007662
-0.002973
0.004446
0.008953
0.008590
0.006017
0.003728
0.001771
0.000601
0.002169
0.006221
0.008977
0.008011
0.005614
0.004862
0.005048
0.003675
0.000916
-0.000754
-0.000487
0.000154
0.000328
0.000913
0.001649
0.000355
-0.003491
-0.006946
-0.007209
-0.005172
-0.003529
-0.003093
-0.003048
-0.003292
-0.004337
-0.005664
-0.006004
-0.005206
-0.004390
-0.004019
-0.003248
-0.001668
-0.000354
-0.000280
-0.000881
-0.001059
-0.000536
0.000494
0.002073
0.004100
0.005816
0.006405
0.005947
0.005240
0.004869
0.004867
0.005016
0.005196
0.005482
0.005788
0.005659
0.004800
0.003450
0.001899
0.000221
-0.001347
-0.002406
-0.002828
-0.002900
-0.003231
-0.004249
-0.005594
-0.006459
-0.006538
-0.006141
-0.005556
-0.004806
-0.003959
-0.003339
-0.003245
-0.003772
-0.005364
-0.008182
-0.009976
-0.007205
-0.000043
0.006402
0.007940
0.005951
0.004030
0.003009
0.002228
0.002715
0.005548
0.008802
0.009458
0.007800
0.006877
0.007576
0.007366
0.004736
0.001889
0.001196
0.001668
0.001507
0.001471
0.002478
0.002453
-0.000677
-0.004936
-0.006827
-0.006095
-0.005013
-0.004768
-0.004913
-0.005052
-0.005409
-0.006029
-0.006330
-0.006030
-0.005958
-0.006689
-0.006902
-0.004882
-0.001455
0.000730
0.000889
0.000652
0.000915
0.000982
0.000936
0.002003
0.004198
0.005903
0.006226
0.005993
0.006126
0.006398
0.006027
0.004992
0.004286
0.004414
0.004677
0.004725
0.005070
0.005289
0.003883
0.000868
-0.001704
-0.002844
-0.003836
-0.005372
-0.006219
-0.005740
-0.005116
-0.005189
-0.005293
-0.004997
-0.005080
-0.005945
-0.006770
-0.007360
-0.008753
-0.010279
-0.008729
-0.002982
0.003062
0.005030
0.003604
0.002545
0.002902
0.003000
0.003149
0.005512
0.009202
0.010475
0.008695
0.007488
0.008648
0.009361
0.007157
0.003727
0.001867
0.001612
0.001539
0.001691
0.002570
0.002776
0.000542
-0.003164
-0.005557
-0.005651
-0.005074
-0.005392
-0.006226
-0.006435
-0.006032
-0.005919
-0.006239
-0.006359
-0.006373
-0.007044
-0.007880
-0.007011
-0.003901
-0.000452
0.001521
0.002131
0.002068
0.001457
0.000828
0.001394
0.003378
0.005408
0.006353
0.006684
0.007355
0.008145
0.007934
0.006455
0.004794
0.003938
0.003830
0.004164
0.004907
0.005548
0.004931
0.002576
-0.000596
-0.003409
-0.005516
-0.006980
-0.007644
-0.007449
-0.006783
-0.006072
-0.005396
-0.004801
-0.004657
-0.005291
-0.006509
-0.008117
-0.010242
-0.011676
-0.009437
-0.002786
0.004079
0.006624
0.005470
0.004177
0.003861
0.003388
0.003101
0.004729
0.007869
0.009689
0.009196
0.008954
0.010542
0.011276
0.008407
0.003871
0.001461
0.001445
0.001606
0.001611
0.002345
0.002571
0.000284
-0.003510
-0.005812
-0.005989
-0.006174
-0.007525
-0.008747
-0.008499
-0.007286
-0.006316
-0.005881
-0.005713
-0.005878
-0.006532
-0.007277
-0.007136
-0.005344
-0.002269
0.000777
0.002747
0.003614
0.003934
0.004064
0.004132
0.004380
0.004968
0.005697
0.006352
0.007094
0.008126
0.008937
0.008494
0.006666
0.004671
0.003525
0.003059
0.002866
0.002875
0.002597
0.001209
-0.001137
-0.003195
-0.004171
-0.004668
-0.005692
-0.007192
-0.008190
-0.008163
-0.007584
-0.007000
-0.006312
-0.005380
-0.004719
-0.004824
-0.005592
-0.007087
-0.009089
-0.009383
-0.005501
0.001120
0.005952
0.007189
0.007213
0.007562
0.006941
0.005369
0.005449
0.007873
0.009760
0.009266
0.008451
0.009529
0.010962
0.009726
0.005892
0.002417
0.000831
-0.000142
-0.001161
-0.000952
0.000251
-0.000216
-0.003151
-0.005873
-0.006587
-0.006865
-0.008331
-0.010052
-0.010584
-0.010094
-0.009276
-0.007884
-0.005645
-0.003711
-0.003854
-0.005947
-0.007311
-0.005719
-0.002133
0.001091
0.003346
0.005181
0.006279
0.006441
0.006880
0.008121
0.008590
0.007391
0.006231
0.006877
0.008706
0.009956
0.009762
0.008268
0.006000
0.003727
0.002318
0.002071
0.001953
0.000268
-0.003064
-0.006065
-0.007443
-0.008062
-0.008905
-0.009672
-0.010056
-0.010276
-0.009996
-0.008579
-0.006491
-0.005058
-0.005134
-0.006979
-0.010030
-0.011543
-0.008176
-0.000781
0.005393
0.007224
0.007113
0.008121
0.009540
0.009582
0.009073
0.009595
0.010189
0.009246
0.008339
0.010224
0.013528
0.013663
0.009304
0.004101
0.001162
-0.000349
-0.001805
-0.002461
-0.002216
-0.003054
-0.005630
-0.007698
-0.007714
-0.007288
-0.008505
-0.010950
-0.012740
-0.012787
-0.011172
-0.008675
-0.006344
-0.004904
-0.004521
-0.004836
-0.004929
-0.003847
-0.001680
0.000309
0.001433
0.002912
0.006156
0.010106
0.012085
0.011463
0.010334
0.010053
0.009711
0.008835
0.008715
0.009676
0.009769
0.007925
0.005903
0.005131
0.004073
0.001115
-0.002294
-0.004098
-0.005015
-0.006573
-0.008106
-0.008625
-0.009247
-0.010974
-0.012412
-0.012154
-0.011063
-0.010214
-0.009008
-0.007001
-0.005172
-0.004140
-0.003591
-0.004152
-0.006479
-0.007951
-0.004645
0.002623
0.008657
0.010957
0.011993
0.013575
0.013957
0.012256
0.010935
0.011465
0.011534
0.009371
0.007593
0.009094
0.011634
0.010829
0.006666
0.002595
-0.000253
-0.003362
-0.006393
-0.007304
-0.006738
-0.007527
-0.009794
-0.010931
-0.010264
-0.009910
-0.011149
-0.012912
-0.013781
-0.013323
-0.011576
-0.008697
-0.005369
-0.002784
-0.001572
-0.001116
-0.000366
0.001026
0.002552
0.003595
0.004475
0.006538
0.010328
0.014037
0.015364
0.014523
0.013432
0.012638
0.011402
0.009941
0.009116
0.008437
0.006727
0.004448
0.002962
0.001800
-0.000790
-0.004761
-0.008130
-0.009883
-0.010842
-0.011543
-0.011524
-0.011100
-0.011442
-0.012316
-0.012177
-0.010989
-0.010247
-0.009921
-0.008356
-0.005417
-0.002645
-0.000441
0.001853
0.003408
0.002136
-0.001789
-0.004311
-0.001416
0.005749
0.012114
0.014933
0.015823
0.016384
0.015697
0.013446
0.011572
0.010869
0.009403
0.006359
0.004404
0.005880
0.008628
0.008226
0.003745
-0.001544
-0.005337
-0.008540
-0.011604
-0.012999
-0.012698
-0.012909
-0.014047
-0.013902
-0.011819
-0.010149
-0.010627
-0.012076
-0.012447
-0.011125
-0.008538
-0.005044
-0.001256
0.001653
0.003141
0.004016
0.005398
0.007569
0.009672
0.010377
0.009609
0.009327
0.011395
0.014889
0.017035
0.016575
0.014641
0.012595
0.010524
0.008078
0.005572
0.003189
0.000099
-0.003731
-0.006355
-0.006874
-0.007528
-0.010179
-0.013195
-0.014456
-0.014542
-0.014493
-0.013759
-0.012308
-0.011390
-0.011053
-0.009882
-0.007551
-0.005146
-0.003202
-0.001196
0.001186
0.003483
0.005342
0.006936
0.007683
0.005862
0.001426
-0.001612
0.001171
0.008421
0.014252
0.015904
0.015731
0.015469
0.013860
0.010778
0.008572
0.007753
0.005798
0.002072
0.000049
0.002050
0.004741
0.003240
-0.002160
-0.007187
-0.010194
-0.012918
-0.015481
-0.016019
-0.015025
-0.014824
-0.014907
-0.012735
-0.008879
-0.006649
-0.007082
-0.008133
-0.007915
-0.006052
-0.002839
0.001102
0.004763
0.007320
0.008760
0.009673
0.010584
0.011646
0.012440
0.012142
0.010746
0.009857
0.011049
0.013503
0.014601
0.013055
0.010022
0.006946
0.003925
0.000687
-0.002382
-0.005051
-0.007755
-0.010266
-0.011366
-0.010926
-0.010717
-0.011920
-0.013484
-0.014039
-0.013525
-0.012161
-0.010008
-0.007800
-0.006261
-0.004968
-0.003260
-0.001300
0.000609
0.002476
0.004183
0.005705
0.007336
0.008999
0.010023
0.009396
0.005980
0.000508
-0.002743
0.000071
0.006760
0.011475
0.012227
0.011766
0.011613
0.010203
0.007154
0.004585
0.003189
0.000996
-0.002318
-0.003508
-0.000815
0.002058
0.000601
-0.004166
-0.007986
-0.009852
-0.011713
-0.013584
-0.013833
-0.013037
-0.012899
-0.012381
-0.009264
-0.004675
-0.002128
-0.002597
-0.003691
-0.003254
-0.001335
0.001209
0.003932
0.006421
0.008264
0.009563
0.010648
0.011537
0.012018
0.011706
0.010145
0.007665
0.005966
0.006477
0.008117
0.008431
0.006758
0.004463
0.002483
0.000510
-0.001720
-0.004064
-0.006725
-0.009719
-0.011827
-0.011802
-0.010439
-0.009740
-0.010175
-0.010403
-0.009589
-0.008176
-0.006534
-0.004746
-0.003367
-0.002667
-0.001791
-0.000044
0.002003
0.003584
0.004773
0.005882
0.006854
0.007567
0.008063
0.008082
0.006501
0.002163
-0.003478
-0.005817
-0.002049
0.004526
0.008443
0.008843
0.008722
0.009116
0.008250
0.005657
0.003131
0.001313
-0.001119
-0.003790
-0.003737
-0.000321
0.002247
0.000358
-0.003821
-0.006138
-0.006724
-0.008249
-0.010540
-0.011545
-0.011313
-0.010914
-0.009454
-0.005778
-0.001698
-0.000170
-0.001139
-0.001945
-0.001105
0.000559
0.001987
0.003223
0.004712
0.006496
0.008333
0.009861
0.010559
0.010129
0.008802
0.006848
0.004508
0.002819
0.003006
0.004322
0.004510
0.003156
0.002067
0.001793
0.000794
-0.001508
-0.003855
-0.005611
-0.007355
-0.008883
-0.009088
-0.008042
-0.007246
-0.007371
-0.007296
-0.006087
-0.004469
-0.003421
-0.002759
-0.002072
-0.001568
-0.001107
-0.000051
0.001478
0.002764
0.003715
0.004665
0.005591
0.006270
0.006478
0.005807
0.003558
-0.000817
-0.005929
-0.007857
-0.004175
0.002153
0.006189
0.007296
0.008406
0.010117
0.009895
0.006961
0.003660
0.001406
-0.000853
-0.003070
-0.002774
0.000502
0.002887
0.001316
-0.001994
-0.003589
-0.004198
-0.006332
-0.009388
-0.011098
-0.011341
-0.010990
-0.009262
-0.005440
-0.001450
0.000148
-0.000445
-0.000997
-0.000407
0.000557
0.001078
0.001463
0.002494
0.004254
0.006107
0.007797
0.009513
0.010553
0.009553
0.006705
0.004072
0.002881
0.002209
0.001158
0.000441
0.000868
0.001845
0.002337
0.002162
0.001474
-0.000232
-0.003328
-0.006653
-0.008479
-0.008800
-0.008853
-0.008630
-0.007237
-0.005172
-0.003631
-0.002466
-0.001199
-0.000584
-0.001076
-0.001558
-0.001129
-0.000229
0.000682
0.001806
0.003205
0.004523
0.005417
0.005752
0.005524
0.004675
0.002956
-0.000167
-0.004883
-0.009254
-0.009400
-0.004034
0.002700
0.006257
0.007450
0.009128
0.010233
0.008311
0.004825
0.002726
0.001404
-0.001068
-0.002902
-0.000880
0.003340
0.004540
0.001743
-0.000868
-0.001478
-0.002972
-0.006604
-0.009666
-0.010634
-0.010918
-0.010708
-0.008206
-0.003814
-0.000746
-0.000511
-0.001185
-0.000885
-0.000111
0.000062
-0.000037
0.000497
0.001669
0.003140
0.005186
0.007581
0.008698
0.007538
0.005749
0.005568
0.006494
0.006316
0.004734
0.003437
0.003161
0.003108
0.002716
0.001933
0.000290
-0.002576
-0.005685
-0.007391
-0.007532
-0.007702
-0.008620
-0.008773
-0.007070
-0.004760
-0.003098
-0.001699
-0.000568
-0.000746
-0.001840
-0.001997
-0.000973
-0.000336
-0.000452
0.000049
0.001777
0.003770
0.005130
0.005844
0.005920
0.004946
0.002811
-0.000184
-0.003877
-0.007242
-0.007591
-0.003507
0.002334
0.006271
0.008149
0.009689
0.010367
0.008619
0.005457
0.002966
0.000851
-0.001866
-0.003520
-0.001993
0.001114
0.002201
0.000798
-0.000633
-0.001412
-0.003216
-0.006323
-0.009056
-0.010695
-0.011638
-0.011227
-0.008432
-0.004255
-0.001037
0.000346
0.000832
0.001209
0.001414
0.001402
0.001459
0.001792
0.002552
0.003934
0.005627
0.006976
0.007878
0.008300
0.007487
0.005343
0.003464
0.002902
0.002499
0.001239
0.000289
0.000845
0.001810
0.001439
-0.000110
-0.001650
-0.003222
-0.005448
-0.007545
-0.008246
-0.007948
-0.007716
-0.007076
-0.005127
-0.002704
-0.001194
-0.000420
0.000439
0.001145
0.001181
0.000977
0.001063
0.001217
0.001312
0.001840
0.003014
0.004203
0.004763
0.004711
0.004164
0.002981
0.001383
-0.000262
-0.002533
-0.006122
-0.009456
-0.009352
-0.005147
-0.000023
0.003055
0.004431
0.005652
0.006764
0.007078
0.006665
0.005689
0.003770
0.001371
0.000379
0.001813
0.003967
0.004269
0.002454
0.000400
-0.000870
-0.002239
-0.004542
-0.007239
-0.009372
-0.010421
-0.009977
-0.007951
-0.005318
-0.003483
-0.002867
-0.002675
-0.001988
-0.000900
-0.000284
-0.000329
-0.000318
0.000070
0.000988
0.003538
0.008026
0.011827
0.012229
0.010443
0.009378
0.008922
0.006975
0.003535
0.000529
-0.001170
-0.002107
-0.002497
-0.002234
-0.002208
-0.003577
-0.005593
-0.006270
-0.005587
-0.005480
-0.006243
-0.006082
-0.004468
-0.002729
-0.001582
-0.000821
-0.000618
-0.000995
-0.001228
-0.001068
-0.001047
-0.001104
-0.000469
0.001085
0.002978
0.004568
0.005513
0.005637
0.004953
0.003771
0.002343
0.000205
-0.003125
-0.006374
-0.007156
-0.004934
-0.001527
0.001480
0.003815
0.005387
0.006184
0.006723
0.007024
0.006136
0.003862
0.001673
0.000954
0.001495
0.002190
0.002240
0.001399
-0.000203
-0.002062
-0.003611
-0.005024
-0.007027
-0.009356
-0.010609
-0.010049
-0.008292
-0.006147
-0.003996
-0.002236
-0.001082
-0.000138
0.000835
0.001359
0.001193
0.001087
0.001767
0.002977
0.004286
0.005772
0.007212
0.007874
0.007684
0.007494
0.007642
0.007280
0.005842
0.004072
0.002734
0.001499
-0.000111
-0.001813
-0.003293
-0.004827
-0.006450
-0.007536
-0.007824
-0.007776
-0.007516
-0.006571
-0.004878
-0.003052
-0.001642
-0.000793
-0.000425
-0.000319
-0.000243
-0.000182
-0.000177
-0.000047
0.000425
0.001273
0.002381
0.003488
0.004251
0.004467
0.004228
0.003771
0.003126
0.002085
0.000327
-0.002210
-0.004612
-0.005423
-0.004366
-0.002626
-0.001059
0.000608
0.002616
0.004563
0.006017
0.006772
0.006694
0.005744
0.004267
0.003136
0.002872
0.002675
0.001522
-0.000121
-0.001233
-0.002126
-0.003612
-0.005403
-0.006936
-0.008280
-0.009196
-0.008975
-0.007734
-0.006421
-0.005384
-0.004146
-0.002392
-0.000509
0.000724
0.001038
0.001045
0.001446
0.002645
0.004925
0.007690
0.009382
0.009547
0.009446
0.009565
0.008718
0.006317
0.003345
0.000833
-0.001044
-0.002370
-0.003088
-0.003377
-0.003734
-0.004268
-0.004407
-0.003933
-0.003671
-0.004160
-0.004665
-0.004401
-0.003621
-0.002892
-0.002321
-0.001927
-0.001851
-0.001825
-0.001352
-0.000611
-0.000260
-0.000294
-0.000024
0.000862
0.001943
0.002752
0.003265
0.003704
0.004138
0.004334
0.003956
0.002889
0.001369
-0.000258
-0.001781
-0.002854
-0.002869
-0.001892
-0.001244
-0.001676
-0.001671
0.000308
0.002915
0.003862
0.003516
0.003679
0.004280
0.004143
0.003620
0.003671
0.003447
0.001624
-0.000776
-0.001795
-0.001950
-0.003227
-0.005404
-0.006508
-0.006327
-0.006297
-0.006522
-0.005937
-0.004699
-0.003762
-0.002912
-0.001365
0.000470
0.001433
0.001343
0.001194
0.001815
0.002989
0.004032
0.004692
0.005152
0.005624
0.006091
0.006203
0.005574
0.004240
0.002582
0.001043
0.000009
-0.000499
-0.000944
-0.001626
-0.002193
-0.002259
-0.002151
-0.002442
-0.003063
-0.003557
-0.003821
-0.003891
-0.003508
-0.002686
-0.002119
-0.002157
-0.002100
-0.001514
-0.001144
-0.001475
-0.001697
-0.001043
0.000124
0.001116
0.001799
0.002344
0.002801
0.003120
0.003237
0.003074
0.002602
0.001934
0.001215
0.000357
-0.000665
-0.001275
-0.000944
-0.000250
-0.000216
-0.000745
-0.000719
0.000457
0.002091
0.003112
0.003389
0.003543
0.003645
0.003288
0.002571
0.001756
0.000621
-0.000828
-0.001880
-0.002192
-0.002473
-0.003402
-0.004576
-0.005135
-0.004986
-0.004763
-0.004679
-0.004241
-0.003256
-0.002136
-0.001086
0.000008
0.000939
0.001403
0.001669
0.002231
0.002982
0.003350
0.003159
0.002911
0.003103
0.003555
0.003707
0.003383
0.002883
0.002404
0.001851
0.001206
0.000566
-0.000115
-0.000804
-0.001241
-0.001360
-0.001433
-0.001669
-0.001985
-0.002193
-0.002285
-0.002479
-0.002840
-0.003074
-0.003008
-0.002821
-0.002600
-0.002263
-0.001886
-0.001530
-0.001006
-0.000223
0.000578
0.001176
0.001587
0.001811
0.001808
0.001772
0.001869
0.001908
0.001691
0.001324
0.000964
0.000707
0.000676
0.000859
0.001038
0.000997
0.000760
0.000650
0.000918
0.001338
0.001618
0.001944
0.002485
0.002820
0.002585
0.002040
0.001391
0.000372
-0.001039
-0.002279
-0.003001
-0.003554
-0.004261
-0.004813
-0.004830
-0.004507
-0.004174
-0.003648
-0.002697
-0.001706
-0.001106
-0.000571
0.000340
0.001284
0.001737
0.001950
0.002477
0.003178
0.003453
0.003298
0.003323
0.003625
0.003587
0.003015
0.002390
0.001839
0.001025
0.000048
-0.000598
-0.000880
-0.001141
-0.001324
-0.001086
-0.000617
-0.000558
-0.001053
-0.001673
-0.002213
-0.002720
-0.003003
-0.002888
-0.002630
-0.002487
-0.002223
-0.001569
-0.000830
-0.000450
-0.000366
-0.000208
0.000202
0.000759
0.001260
0.001588
0.001758
0.001792
0.001722
0.001662
0.001643
0.001582
0.001480
0.001367
0.001205
0.001008
0.000819
0.000556
0.000148
-0.000285
-0.000596
-0.000713
-0.000531
-0.000072
0.000368
0.000636
0.000965
0.001453
0.001763
0.001628
0.001141
0.000418
-0.000520
-0.001485
-0.002160
-0.002513
-0.002807
-0.003075
-0.002985
-0.002472
-0.001985
-0.001711
-0.001268
-0.000548
0.000063
0.000440
0.000806
0.001206
0.001548
0.001851
0.002084
0.002070
0.001735
0.001258
0.000926
0.000867
0.000965
0.001004
0.000844
0.000554
0.000321
0.000208
0.000149
0.000078
-0.000070
-0.000340
-0.000667
-0.000917
-0.001055
-0.001200
-0.001465
-0.001788
-0.002032
-0.002066
-0.001795
-0.001313
-0.000805
-0.000289
0.000220
0.000534
0.000571
0.000471
0.000342
0.000199
0.000174
0.000423
0.000782
0.000893
0.000714
0.000492
0.000372
0.000324
0.000336
0.000485
0.000748
0.000946
0.000941
0.000738
0.000411
0.000057
-0.000160
-0.000137
-0.000055
-0.000171
-0.000311
-0.000069
0.000450
0.000747
0.000799
0.000977
0.001229
0.001123
0.000653
0.000247
0.000009
-0.000379
-0.000979
-0.001476
-0.001839
-0.002322
-0.002720
-0.002544
-0.001949
-0.001499
-0.001205
-0.000677
0.000050
0.000630
0.001019
0.001368
0.001617
0.001624
0.001449
0.001217
0.000953
0.000742
0.000720
0.000831
0.000896
0.000851
0.000735
0.000554
0.000278
-0.000073
-0.000403
-0.000666
-0.000919
-0.001109
-0.001060
-0.000830
-0.000725
-0.000845
-0.000939
-0.000814
-0.000581
-0.000420
-0.000342
-0.000255
-0.000119
0.000006
0.000089
0.000135
0.000058
-0.000170
-0.000289
-0.000071
0.000291
0.000445
0.000377
0.000346
0.000390
0.000306
0.000163
0.000256
0.000529
0.000647
0.000588
0.000578
0.000554
0.000294
-0.000042
-0.000172
-0.000200
-0.000292
-0.000297
-0.000057
0.000299
0.000551
0.000628
0.000614
0.000615
0.000628
0.000557
0.000386
0.000214
0.000086
-0.000047
-0.000224
-0.000429
-0.000660
-0.000949
-0.001229
-0.001332
-0.001238
-0.001127
-0.001103
-0.001082
-0.000943
-0.000615
-0.000127
0.000417
0.000910
0.001233
0.001283
0.001080
0.000812
0.000705
0.000739
0.000652
0.000382
0.000208
0.000282
0.000404
0.000370
0.000172
-0.000134
-0.000435
-0.000526
-0.000373
-0.000226
-0.000284
-0.000460
-0.000564
-0.000508
-0.000380
-0.000358
-0.000441
-0.000363
-0.000020
0.000283
0.000256
-0.000036
-0.000384
-0.000684
-0.000935
-0.001066
-0.000916
-0.000542
-0.000205
0.000006
0.000183
0.000320
0.000362
0.000402
0.000569
0.000798
0.000955
0.001037
0.001121
0.001259
0.001343
0.001131
0.000580
-0.000022
-0.000323
-0.000230
-0.000016
-0.000025
-0.000242
-0.000397
-0.000388
-0.000293
-0.000123
0.000042
-0.000021
-0.000282
-0.000434
-0.000381
-0.000274
-0.000242
-0.000341
-0.000505
-0.000580
-0.000525
-0.000457
-0.000478
-0.000530
-0.000468
-0.000240
0.000086
0.000439
0.000739
0.000843
0.000715
0.000490
0.000302
0.000235
0.000277
0.000264
0.000126
0.000052
0.000211
0.000437
0.000474
0.000340
0.000189
0.000026
-0.000179
-0.000314
-0.000297
-0.000208
-0.000210
-0.000381
-0.000570
-0.000558
-0.000406
-0.000356
-0.000441
-0.000490
-0.000365
-0.000066
0.000199
0.000202
0.000014
-0.000160
-0.000271
-0.000348
-0.000379
-0.000345
-0.000241
-0.000141
-0.000186
-0.000353
-0.000391
-0.000116
0.000369
0.000788
0.001006
0.001144
0.001274
0.001252
0.001001
0.000655
0.000335
0.000008
-0.000339
-0.000542
-0.000413
-0.000045
0.000260
0.000356
0.000345
0.000290
0.000061
-0.000318
-0.000544
-0.000557
-0.000630
-0.000789
-0.000825
-0.000776
-0.000760
-0.000663
-0.000413
-0.000166
-0.000005
0.000145
0.000307
0.000449
0.000582
0.000678
0.000632
0.000381
0.000033
-0.000193
-0.000204
-0.000075
0.000156
0.000467
0.000716
0.000775
0.000706
0.000607
0.000448
0.000208
-0.000032
-0.000199
-0.000257
-0.000235
-0.000275
-0.000439
-0.000555
-0.000527
-0.000549
-0.000705
-0.000769
-0.000624
-0.000449
-0.000414
-0.000454
-0.000381
-0.000117
0.000226
0.000508
0.000667
0.000612
0.000281
-0.000132
-0.000316
-0.000219
-0.000073
-0.000028
0.000021
0.000145
0.000200
0.000109
0.000034
0.000110
0.000243
0.000288
0.000262
0.000337
0.000546
0.000605
0.000337
0.000031
-0.000024
0.000047
0.000089
0.000181
0.000268
0.000178
0.000033
0.000028
0.000058
-0.000022
-0.000158
-0.000316
-0.000535
-0.000757
-0.000894
-0.000949
-0.000937
-0.000792
-0.000438
0.000025
0.000344
0.000435
0.000432
0.000344
0.000108
-0.000073
0.000049
0.000343
0.000472
0.000375
0.000304
0.000441
0.000713
0.000941
0.000964
0.000673
0.000133
-0.000326
-0.000388
-0.000189
-0.000145
-0.000318
-0.000376
-0.000188
0.000025
0.000110
0.000083
-0.000110
-0.000506
-0.000878
-0.000926
-0.000677
-0.000456
-0.000446
-0.000544
-0.000577
-0.000408
0.000026
0.000560
0.000883
0.000840
0.000539
0.000228
0.000097
0.000050
-0.000125
-0.000332
-0.000284
0.000008
0.000282
0.000408
0.000408
0.000308
0.000153
-0.000001
-0.000118
-0.000150
-0.000118
-0.000101
-0.000056
0.000086
0.000241
0.000375
0.000553
0.000663
0.000528
0.000234
-0.000049
-0.000337
-0.000635
-0.000792
-0.000691
-0.000406
-0.000210
-0.000269
-0.000381
-0.000295
-0.000032
0.000227
0.000293
0.000107
-0.000169
-0.000347
-0.000371
-0.000280
-0.000160
-0.000018
0.000208
0.000461
0.000619
0.000680
0.000697
0.000684
0.000657
0.000582
0.000405
0.000184
0.000022
-0.000062
-0.000090
-0.000056
0.000012
0.000016
-0.000104
-0.000292
-0.000433
-0.000425
-0.000299
-0.000268
-0.000448
-0.000690
-0.000870
-0.000932
-0.000721
-0.000294
-0.000006
0.000053
0.000153
0.000308
0.000220
-0.000085
-0.000238
-0.000133
0.000013
0.000086
0.000212
0.000451
0.000636
0.000660
0.000701
0.000841
0.000847
0.000636
0.000419
0.000232
-0.000042
-0.000303
-0.000391
-0.000388
-0.000415
-0.000392
-0.000201
0.000077
0.000244
0.000179
-0.000082
-0.000386
-0.000569
-0.000544
-0.000360
-0.000183
-0.000089
0.000028
0.000174
0.000178
0.000004
-0.000192
-0.000327
-0.000432
-0.000475
-0.000343
-0.000048
0.000229
0.000352
0.000323
0.000222
0.000160
0.000195
0.000259
0.000239
0.000171
0.000240
0.000438
0.000494
0.000329
0.000194
0.000209
0.000210
0.000110
0.000033
0.000033
-0.000006
-0.000088
-0.000083
-0.000029
-0.000160
-0.000494
-0.000718
-0.000618
-0.000378
-0.000285
-0.000304
-0.000209
-0.000033
0.000009
-0.000102
-0.000278
-0.000473
-0.000516
-0.000208
0.000263
0.000487
0.000445
0.000467
0.000626
0.000673
0.000523
0.000292
0.000001
-0.000307
-0.000422
-0.000254
-0.000009
0.000139
0.000247
0.000363
0.000395
0.000272
0.000051
-0.000146
-0.000242
-0.000269
-0.000276
-0.000227
-0.000060
0.000173
0.000294
0.000156
-0.000140
-0.000336
-0.000394
-0.000419
-0.000342
-0.000125
-0.000001
-0.000135
-0.000363
-0.000462
-0.000367
-0.000136
0.000111
0.000276
0.000351
0.000393
0.000461
0.000565
0.000641
0.000587
0.000383
0.000160
0.000038
-0.000016
-0.000024
0.000077
0.000214
0.000177
-0.000054
-0.000241
-0.000227
-0.000148
-0.000219
-0.000394
-0.000450
-0.000375
-0.000333
-0.000318
-0.000254
-0.000188
-0.000124
-0.000030
0.000019
0.000036
0.000123
0.000222
0.000215
0.000125
0.000048
0.000042
0.000095
0.000132
0.000125
0.000152
0.000248
0.000302
0.000204
0.000031
-0.000080
-0.000120
-0.000152
-0.000171
-0.000152
-0.000111
-0.000041
0.000086
0.000188
0.000147
0.000008
-0.000092
-0.000101
-0.000046
0.000000
0.000001
0.000019
0.000068
0.000054
-0.000029
-0.000107
-0.000198
-0.000295
-0.000285
-0.000191
-0.000159
-0.000167
-0.000116
-0.000048
0.000037
0.000203
0.000323
0.000197
-0.000070
-0.000159
-0.000004
0.000197
0.000334
0.000433
0.000484
0.000456
0.000367
0.000218
-0.000005
-0.000213
-0.000295
-0.000247
-0.000119
0.000017
0.000067
-0.000026
-0.000199
-0.000276
-0.000153
0.000037
0.000078
-0.000073
-0.000275
-0.000363
-0.000279
-0.000104
0.000003
-0.000057
-0.000214
-0.000282
-0.000198
-0.000075
0.000044
0.000209
0.000353
0.000365
0.000293
0.000227
0.000145
0.000055
0.000076
0.000254
0.000419
0.000361
0.000113
-0.000074
-0.000123
-0.000166
-0.000207
-0.000156
-0.000057
-0.000003
-0.000044
-0.000201
-0.000378
-0.000435
-0.000411
-0.000389
-0.000278
-0.000018
0.000229
0.000294
0.000198
0.000036
-0.000113
-0.000142
0.000002
0.000222
0.000398
0.000508
0.000539
0.000429
0.000168
-0.000131
-0.000297
-0.000203
0.000110
0.000345
0.000224
-0.000120
-0.000402
-0.000576
-0.000615
-0.000385
0.000006
0.000290
0.000428
0.000465
0.000341
0.000083
-0.000137
-0.000215
-0.000167
-0.000067
-0.000003
-0.000019
-0.000079
-0.000157
-0.000261
-0.000308
-0.000251
-0.000221
-0.000224
-0.000062
0.000230
0.000385
0.000326
0.000199
0.000138
0.000153
0.000184
0.000185
0.000155
0.000142
0.000142
0.000057
-0.000075
-0.000068
0.000054
0.000103
0.000056
0.000004
-0.000082
-0.000222
-0.000250
-0.000089
0.000070
0.000063
-0.000071
-0.000228
-0.000343
-0.000421
-0.000451
-0.000367
-0.000186
-0.000007
0.000135
0.000230
0.000261
0.000284
0.000322
0.000273
0.000104
-0.000031
-0.000019
0.000061
0.000082
0.000015
-0.000058
-0.000051
-0.000022
-0.000069
-0.000084
0.000073
0.000260
0.000283
0.000227
0.000271
0.000352
0.000253
-0.000034
-0.000307
-0.000477
-0.000596
-0.000633
-0.000489
-0.000191
0.000105
0.000308
0.000460
0.000574
0.000580
0.000466
0.000269
0.000012
-0.000237
-0.000439
-0.000591
-0.000626
-0.000508
-0.000336
-0.000249
-0.000261
-0.000267
-0.000198
-0.000057
0.000129
0.000301
0.000399
0.000444
0.000475
0.000494
0.000504
0.000477
0.000368
0.000206
0.000060
-0.000054
-0.000122
-0.000139
-0.000164
-0.000215
-0.000193
-0.000057
0.000089
0.000181
0.000216
0.000126
-0.000105
-0.000328
-0.000417
-0.000424
-0.000396
-0.000274
-0.000101
-0.000024
-0.000048
-0.000057
-0.000052
-0.000141
-0.000314
-0.000419
-0.000384
-0.000265
-0.000084
0.000166
0.000398
0.000453
0.000333
0.000261
0.000368
0.000491
0.000417
0.000181
0.000034
0.000100
0.000221
0.000238
0.000182
0.000127
0.000081
0.000041
0.000028
0.000072
0.000100
-0.000010
-0.000193
-0.000280
-0.000259
-0.000238
-0.000290
-0.000389
-0.000464
-0.000439
-0.000224
0.000096
0.000217
0.000043
-0.000159
-0.000183
-0.000100
-0.000018
0.000071
0.000166
0.000183
0.000085
-0.000048
-0.000135
-0.000146
-0.000052
0.000120
0.000252
0.000237
0.000112
0.000044
0.000103
0.000156
0.000134
0.000136
0.000202
0.000257
0.000244
0.000172
0.000085
0.000005
-0.000045
0.000001
0.000128
0.000160
0.000013
-0.000169
-0.000255
-0.000276
-0.000271
-0.000195
-0.000052
0.000042
0.000000
-0.000167
-0.000381
-0.000535
-0.000573
-0.000519
-0.000426
-0.000313
-0.000204
-0.000123
-0.000008
0.000220
0.000499
0.000615
0.000471
0.000258
0.000185
0.000233
0.000347
0.000532
0.000680
0.000637
0.000418
0.000153
-0.000059
-0.000130
-0.000047
0.000048
0.000018
-0.000114
-0.000287
-0.000487
-0.000612
-0.000526
-0.000279
-0.000079
-0.000017
0.000006
0.000012
-0.000093
-0.000265
-0.000345
-0.000316
-0.000268
-0.000224
-0.000144
-0.000015
0.000124
0.000206
0.000203
0.000176
0.000170
0.000148
0.000119
0.000174
0.000286
0.000330
0.000335
0.000373
0.000355
0.000217
0.000061
-0.000020
-0.000053
-0.000060
0.000023
0.000144
0.000091
-0.000186
-0.000434
-0.000425
-0.000263
-0.000163
-0.000153
-0.000141
-0.000133
-0.000217
-0.000349
-0.000327
-0.000100
0.000168
0.000368
0.000490
0.000475
0.000299
0.000036
-0.000270
-0.000543
-0.000621
-0.000471
-0.000244
-0.000041
0.000154
0.000347
0.000487
0.000471
0.000256
0.000032
0.000042
0.000247
0.000401
0.000375
0.000222
0.000041
-0.000089
-0.000141
-0.000166
-0.000198
-0.000179
-0.000054
0.000172
0.000380
0.000358
0.000059
-0.000304
-0.000536
-0.000623
-0.000584
-0.000429
-0.000254
-0.000162
-0.000142
-0.000160
-0.000199
-0.000207
-0.000135
0.000019
0.000202
0.000299
0.000271
0.000292
0.000498
0.000740
0.000765
0.000504
0.000151
-0.000006
0.000066
0.000113
-0.000001
-0.000130
-0.000189
-0.000255
-0.000282
-0.000167
-0.000030
-0.000032
-0.000105
-0.000149
-0.000176
-0.000159
-0.000072
-0.000033
-0.000131
-0.000244
-0.000170
0.000077
0.000240
0.000138
-0.000101
-0.000230
-0.000179
-0.000055
0.000048
0.000144
0.000234
0.000232
0.000133
0.000052
0.000056
0.000054
-0.000078
-0.000265
-0.000277
-0.000090
0.000042
-0.000003
-0.000043
0.000046
0.000124
0.000137
0.000209
0.000321
0.000329
0.000198
0.000015
-0.000095
-0.000090
-0.000043
-0.000009
0.000029
0.000036
-0.000052
-0.000189
-0.000250
-0.000228
-0.000230
-0.000244
-0.000122
0.000129
0.000245
0.000037
-0.000294
-0.000410
-0.000271
-0.000136
-0.000162
-0.000205
-0.000082
0.000164
0.000351
0.000382
0.000355
0.000421
0.000512
0.000448
0.000273
0.000197
0.000248
0.000249
0.000081
-0.000175
-0.000358
-0.000363
-0.000190
0.000028
0.000087
-0.000096
-0.000353
-0.000451
-0.000359
-0.000211
-0.000075
0.000075
0.000169
0.000071
-0.000135
-0.000197
-0.000093
-0.000033
-0.000058
-0.000020
0.000099
0.000208
0.000292
0.000312
0.000183
-0.000015
-0.000117
-0.000120
-0.000127
-0.000191
-0.000297
-0.000326
-0.000152
0.000146
0.000355
0.000398
0.000336
0.000195
0.000020
-0.000027
0.000127
0.000276
0.000166
-0.000122
-0.000297
-0.000274
-0.000202
-0.000174
-0.000134
-0.000041
0.000045
0.000109
0.000193
0.000237
0.000140
-0.000048
-0.000157
-0.000103
0.000008
0.000032
-0.000056
-0.000144
-0.000115
-0.000021
-0.000022
-0.000111
-0.000135
-0.000076
-0.000043
-0.000070
-0.000091
-0.000055
0.000009
0.000049
0.000082
0.000159
0.000228
0.000173
0.000050
0.000045
0.000181
0.000295
0.000295
0.000215
0.000126
0.000073
0.000065
0.000108
0.000203
0.000271
0.000171
-0.000126
-0.000456
-0.000636
-0.000641
-0.000556
-0.000381
-0.000098
0.000130
0.000143
0.000038
-0.000032
-0.000083
-0.000144
-0.000149
-0.000095
-0.000118
-0.000277
-0.000385
-0.000226
0.000097
0.000280
0.000277
0.000327
0.000471
0.000489
0.000356
0.000279
0.000323
0.000358
0.000301
0.000212
0.000156
0.000083
-0.000054
-0.000189
-0.000270
-0.000298
-0.000232
-0.000050
0.000124
0.000126
-0.000036
-0.000215
-0.000311
-0.000335
-0.000359
-0.000431
-0.000483
-0.000386
-0.000186
-0.000059
-0.000002
0.000106
0.000221
0.000198
0.000063
-0.000018
0.000001
0.000031
0.000087
0.000234
0.000366
0.000323
0.000157
0.000073
0.000147
0.000259
0.000298
0.000303
0.000328
0.000320
0.000251
0.000179
0.000062
-0.000212
-0.000546
-0.000710
-0.000628
-0.000404
-0.000171
0.000016
0.000159
0.000196
0.000027
-0.000268
-0.000465
-0.000479
-0.000342
-0.000055
0.000288
0.000499
0.000488
0.000322
0.000111
-0.000108
-0.000356
-0.000535
-0.000421
-0.000027
0.000312
0.000381
0.000301
0.000222
0.000133
0.000077
0.000183
0.000350
0.000328
0.000132
0.000017
0.000111
0.000263
0.000262
0.000106
-0.000052
-0.000200
-0.000404
-0.000575
-0.000579
-0.000408
-0.000149
0.000048
0.000071
-0.000016
-0.000088
-0.000135
-0.000193
-0.000215
-0.000171
-0.000106
-0.000069
-0.000062
-0.000046
0.000020
0.000138
0.000241
0.000254
0.000207
0.000186
0.000231
0.000372
0.000589
0.000722
0.000605
0.000245
-0.000163
-0.000360
-0.000286
-0.000135
-0.000069
-0.000085
-0.000174
-0.000365
-0.000591
-0.000673
-0.000490
-0.000131
0.000173
0.000264
0.000204
0.000149
0.000101
0.000001
-0.000061
-0.000016
0.000057
0.000100
0.000144
0.000199
0.000242
0.000225
0.000076
-0.000139
-0.000194
-0.000052
0.000050
-0.000004
-0.000090
-0.000130
-0.000165
-0.000199
-0.000202
-0.000154
-0.000000
0.000232
0.000352
0.000238
0.000035
-0.000049
-0.000008
0.000015
-0.000055
-0.000137
-0.000128
-0.000049
0.000023
0.000068
0.000062
-0.000015
-0.000078
-0.000011
0.000174
0.000306
0.000217
-0.000043
-0.000235
-0.000212
-0.000119
-0.000171
-0.000315
-0.000283
-0.000001
0.000284
0.000335
0.000170
-0.000032
-0.000076
0.000083
0.000257
0.000243
0.000086
-0.000030
-0.000040
-0.000007
-0.000038
-0.000187
-0.000349
-0.000363
-0.000205
0.000070
0.000376
0.000537
0.000447
0.000217
0.000012
-0.000077
-0.000042
-0.000002
-0.000070
-0.000201
-0.000299
-0.000335
-0.000299
-0.000216
-0.000189
-0.000203
-0.000107
0.000087
0.000210
0.000216
0.000200
0.000271
0.000425
0.000467
0.000263
-0.000022
-0.000128
-0.000057
-0.000067
-0.000254
-0.000407
-0.000353
-0.000190
-0.000104
-0.000111
-0.000108
-0.000097
-0.000136
-0.000111
0.000103
0.000352
0.000401
0.000259
0.000104
0.000100
0.000223
0.000232
0.000009
-0.000216
-0.000224
-0.000095
0.000049
0.000202
0.000282
0.000162
-0.000079
-0.000225
-0.000208
-0.000115
-0.000063
-0.000124
-0.000243
-0.000283
-0.000233
-0.000208
-0.000248
-0.000276
-0.000221
-0.000093
0.000037
0.000141
0.000275
0.000471
0.000623
0.000577
0.000370
0.000213
0.000225
0.000285
0.000206
-0.000009
-0.000195
-0.000246
-0.000184
-0.000058
0.000059
0.000061
-0.000097
-0.000334
-0.000478
-0.000427
-0.000283
-0.000159
-0.000024
0.000088
0.000062
-0.000034
-0.000015
0.000105
0.000153
0.000057
-0.000073
-0.000099
-0.000020
0.000058
0.000109
0.000188
0.000265
0.000259
0.000132
-0.000070
-0.000216
-0.000217
-0.000146
-0.000085
-0.000010
0.000109
0.000195
0.000154
0.000016
-0.000088
-0.000064
0.000100
0.000299
0.000346
0.000127
-0.000239
-0.000459
-0.000359
-0.000105
0.000039
0.000068
0.000141
0.000254
0.000210
-0.000053
-0.000330
-0.000399
-0.000254
-0.000085
-0.000049
-0.000095
-0.000120
-0.000095
-0.000003
0.000110
0.000122
0.000019
-0.000066
-0.000009
0.000166
0.000328
0.000397
0.000391
0.000324
0.000200
0.000087
0.000067
0.000120
0.000142
0.000085
0.000032
0.000023
-0.000059
-0.000260
-0.000450
-0.000552
-0.000579
-0.000503
-0.000328
-0.000145
-0.000016
0.000008
-0.000075
-0.000078
0.000087
0.000145
-0.000065
-0.000215
0.000020
0.000424
0.000610
0.000578
0.000529
0.000486
0.000372
0.000191
0.000024
-0.000068
-0.000108
-0.000153
-0.000211
-0.000241
-0.000237
-0.000237
-0.000249
-0.000259
-0.000262
-0.000218
-0.000099
0.000038
0.000131
0.000164
0.000124
0.000011
-0.000127
-0.000205
-0.000206
-0.000218
-0.000275
-0.000228
0.000051
0.000396
0.000512
0.000441
0.000401
0.000333
0.000146
-0.000021
-0.000126
-0.000254
-0.000317
-0.000180
0.000071
0.000251
0.000225
-0.000036
-0.000360
-0.000476
-0.000304
0.000007
0.000242
0.000251
0.000066
-0.000102
-0.000046
0.000209
0.000370
0.000227
-0.000015
-0.000050
0.000060
0.000070
-0.000009
-0.000025
-0.000033
-0.000178
-0.000365
-0.000399
-0.000299
-0.000203
-0.000071
0.000174
0.000363
0.000322
0.000195
0.000189
0.000260
0.000229
0.000045
-0.000173
-0.000280
-0.000243
-0.000142
-0.000043
0.000047
0.000067
-0.000068
-0.000266
-0.000322
-0.000199
0.000001
0.000232
0.000427
0.000441
0.000242
-0.000008
-0.000162
-0.000195
-0.000149
-0.000083
-0.000018
0.000075
0.000161
0.000112
-0.000067
-0.000153
-0.000010
0.000184
0.000206
0.000076
-0.000092
-0.000269
-0.000401
-0.000384
-0.000240
-0.000074
0.000051
0.000079
-0.000006
-0.000089
-0.000022
0.000204
0.000416
0.000473
0.000443
0.000410
0.000295
0.000049
-0.000167
-0.000199
-0.000151
-0.000193
-0.000282
-0.000275
-0.000172
-0.000102
-0.000109
-0.000129
-0.000152
-0.000202
-0.000178
0.000045
0.000349
0.000463
0.000324
0.000081
-0.000142
-0.000254
-0.000187
-0.000011
0.000144
0.000267
0.000400
0.000475
0.000368
0.000099
-0.000216
-0.000540
-0.000792
-0.000744
-0.000340
0.000118
0.000343
0.000336
0.000190
-0.000029
-0.000202
-0.000211
-0.000029
0.000236
0.000348
0.000225
0.000128
0.000255
0.000385
0.000274
0.000038
-0.000131
-0.000235
-0.000324
-0.000370
-0.000282
-0.000044
0.000167
0.000153
-0.000034
-0.000179
-0.000198
-0.000167
-0.000172
-0.000229
-0.000270
-0.000206
-0.000038
0.000124
0.000154
0.000069
0.000044
0.000151
0.000214
0.000125
0.000042
0.000076
0.000141
0.000176
0.000200
0.000190
0.000144
0.000112
0.000107
0.000121
0.000182
0.000271
0.000269
0.000110
-0.000062
-0.000086
-0.000081
-0.000260
-0.000524
-0.000633
-0.000633
-0.000660
-0.000548
-0.000148
0.000282
0.000446
0.000397
0.000306
0.000209
0.000117
0.000096
0.000151
0.000186
0.000139
0.000069
0.000056
0.000108
0.000154
0.000112
-0.000011
-0.000161
-0.000317
-0.000415
-0.000383
-0.000304
-0.000274
-0.000195
0.000038
0.000308
0.000438
0.000402
0.000262
0.000116
0.000126
0.000279
0.000282
0.000001
-0.000301
-0.000368
-0.000238
-0.000076
0.000003
-0.000040
-0.000154
-0.000236
-0.000210
-0.000096
0.000024
0.000129
0.000211
0.000194
0.000058
-0.000107
-0.000196
-0.000193
-0.000134
-0.000032
0.000112
0.000223
0.000168
-0.000039
-0.000143
-0.000003
0.000181
0.000219
0.000210
0.000250
0.000260
0.000202
0.000125
0.000055
0.000007
-0.000037
-0.000139
-0.000259
-0.000277
-0.000224
-0.000224
-0.000239
-0.000154
-0.000005
0.000027
-0.000137
-0.000310
-0.000311
-0.000189
-0.000034
0.000150
0.000336
0.000425
0.000363
0.000232
0.000173
0.000208
0.000223
0.000144
0.000032
-0.000053
-0.000148
-0.000287
-0.000408
-0.000393
-0.000190
0.000105
0.000355
0.000487
0.000424
0.000147
-0.000156
-0.000288
-0.000288
-0.000266
-0.000215
-0.000134
-0.000079
-0.000043
0.000015
0.000011
-0.000138
-0.000293
-0.000254
-0.000003
0.000298
0.000472
0.000481
0.000396
0.000266
0.000116
0.000012
-0.000028
-0.000078
-0.000138
-0.000145
-0.000140
-0.000187
-0.000243
-0.000238
-0.000144
0.000001
0.000088
0.000085
0.000057
0.000007
-0.000066
-0.000075
-0.000026
-0.000029
-0.000080
-0.000052
0.000082
0.000215
0.000264
0.000238
0.000162
0.000065
0.000020
0.000040
0.000050
0.000024
-0.000034
-0.000167
-0.000330
-0.000347
-0.000162
0.000050
0.000118
0.000085
0.000061
0.000025
-0.000074
-0.000128
-0.000019
0.000172
0.000299
0.000330
0.000297
0.000207
0.000090
-0.000011
-0.000099
-0.000175
-0.000236
-0.000304
-0.000339
-0.000239
-0.000024
0.000114
0.000027
-0.000169
-0.000242
-0.000170
-0.000123
-0.000135
-0.000062
0.000120
0.000270
0.000339
0.000388
0.000414
0.000385
0.000310
0.000167
-0.000074
-0.000300
-0.000362
-0.000316
-0.000303
-0.000314
-0.000271
-0.000150
0.000011
0.000124
0.000150
0.000138
0.000101
0.000031
0.000011
0.000078
0.000066
-0.000137
-0.000315
-0.000223
0.000058
0.000294
0.000388
0.000344
0.000213
0.000122
0.000136
0.000126
-0.000010
-0.000120
-0.000054
0.000061
0.000060
-0.000009
-0.000047
-0.000080
-0.000147
-0.000177
-0.000140
-0.000184
-0.000331
-0.000350
-0.000199
-0.000117
-0.000148
-0.000105
0.000036
0.000154
0.000243
0.000320
0.000327
0.000257
0.000178
0.000096
-0.000039
-0.000176
-0.000207
-0.000152
-0.000072
0.000075
0.000251
0.000274
0.000129
0.000022
0.000035
0.000060
0.000059
0.000088
0.000123
0.000069
-0.000102
-0.000317
-0.000490
-0.000585
-0.000541
-0.000307
0.000000
0.000201
0.000294
0.000363
0.000371
0.000260
0.000130
0.000079
0.000045
-0.000000
0.000029
0.000107
0.000090
-0.000075
-0.000276
-0.000347
-0.000246
-0.000121
-0.000114
-0.000172
-0.000141
0.000014
0.000136
0.000095
0.000009
0.000077
0.000253
0.000379
0.000438
0.000404
0.000191
-0.000100
-0.000252
-0.000244
-0.000183
-0.000082
0.000048
0.000099
0.000039
-0.000041
-0.000096
-0.000160
-0.000223
-0.000210
-0.000060
0.000155
0.000239
0.000101
-0.000116
-0.000235
-0.000231
-0.000170
-0.000093
-0.000017
0.000048
0.000131
0.000294
0.000484
0.000547
0.000405
0.000123
-0.000151
-0.000288
-0.000272
-0.000209
-0.000225
-0.000319
-0.000379
-0.000314
-0.000113
0.000161
0.000351
0.000365
0.000340
0.000367
0.000256
-0.000085
-0.000374
-0.000329
-0.000081
0.000021
-0.000080
-0.000130
-0.000028
0.000064
0.000034
-0.000019
-0.000016
-0.000008
-0.000008
0.000007
-0.000036
-0.000128
-0.000122
-0.000001
0.000092
0.000108
0.000101
0.000100
0.000104
0.000084
0.000011
-0.000070
-0.000086
-0.000024
0.000083
0.000206
0.000283
0.000198
-0.000053
-0.000235
-0.000165
-0.000037
-0.000106
-0.000240
-0.000209
-0.000089
-0.000015
0.000078
0.000213
0.000211
0.000014
-0.000132
-0.000101
-0.000081
-0.000134
-0.000080
0.000057
0.000091
0.000042
0.000045
0.000093
0.000123
0.000153
0.000195
0.000195
0.000145
0.000088
0.000047
0.000077
0.000197
0.000239
0.000018
-0.000365
-0.000590
-0.000505
-0.000329
-0.000315
-0.000365
-0.000261
-0.000047
0.000088
0.000157
0.000289
0.000400
0.000343
0.000185
0.000048
-0.000041
-0.000042
0.000034
0.000074
0.000066
0.000130
0.000269
0.000299
0.000079
-0.000268
-0.000466
-0.000418
-0.000270
-0.000155
-0.000072
0.000004
0.000068
0.000091
0.000065
0.000045
0.000092
0.000194
0.000277
0.000290
0.000222
0.000093
-0.000043
-0.000147
-0.000196
-0.000180
-0.000150
-0.000152
-0.000111
0.000031
0.000173
0.000190
0.000090
-0.000055
-0.000211
-0.000319
-0.000280
-0.000125
-0.000009
0.000010
0.000027
0.000097
0.000157
0.000175
0.000191
0.000209
0.000213
0.000201
0.000139
0.000006
-0.000110
-0.000125
-0.000102
-0.000159
-0.000273
-0.000276
-0.000096
0.000129
0.000264
0.000315
0.000279
0.000150
0.000041
0.000022
-0.000033
-0.000177
-0.000263
-0.000234
-0.000204
-0.000188
-0.000088
0.000084
0.000219
0.000245
0.000153
-0.000009
-0.000156
-0.000236
-0.000243
-0.000191
-0.000132
-0.000105
-0.000044
0.000136
0.000331
0.000328
0.000116
-0.000066
-0.000070
-0.000044
-0.000119
-0.000129
0.000047
0.000209
0.000183
0.000090
0.000058
0.000043
0.000053
0.000118
0.000111
-0.000034
-0.000147
-0.000102
-0.000014
-0.000044
-0.000187
-0.000301
-0.000292
-0.000177
0.000011
0.000216
0.000291
0.000155
-0.000026
-0.000075
-0.000046
-0.000013
0.000087
0.000278
0.000459
0.000490
0.000286
-0.000058
-0.000331
-0.000446
-0.000427
-0.000302
-0.000160
-0.000115
-0.000130
-0.000088
0.000015
0.000109
0.000182
0.000267
0.000352
0.000359
0.000240
0.000038
-0.000149
-0.000253
-0.000286
-0.000282
-0.000211
-0.000060
0.000045
-0.000015
-0.000137
-0.000137
0.000005
0.000183
0.000298
0.000315
0.000246
0.000117
0.000011
-0.000001
0.000000
-0.000087
-0.000201
-0.000247
-0.000239
-0.000215
-0.000183
-0.000091
0.000114
0.000314
0.000298
0.000075
-0.000135
-0.000179
-0.000110
-0.000063
-0.000044
0.000087
0.000329
0.000432
0.000269
0.000070
0.000046
0.000079
-0.000013
-0.000202
-0.000340
-0.000347
-0.000263
-0.000165
-0.000117
-0.000121
-0.000087
0.000056
0.000221
0.000263
0.000155
-0.000007
-0.000122
-0.000159
-0.000152
-0.000128
-0.000087
-0.000027
0.000082
0.000241
0.000351
0.000339
0.000229
0.000115
0.000101
0.000171
0.000200
0.000109
-0.000066
-0.000211
-0.000232
-0.000159
-0.000098
-0.000086
-0.000076
-0.000043
-0.000001
0.000023
-0.000027
-0.000155
-0.000267
-0.000307
-0.000307
-0.000250
-0.000100
0.000081
0.000197
0.000218
0.000176
0.000127
0.000130
0.000196
0.000209
0.000061
-0.000110
-0.000120
-0.000063
-0.000078
-0.000044
0.000175
0.000439
0.000479
0.000264
0.000032
-0.000083
-0.000164
-0.000253
-0.000284
-0.000207
-0.000082
-0.000079
-0.000242
-0.000346
-0.000241
-0.000086
0.000011
0.000135
0.000268
0.000300
0.000255
0.000219
0.000191
0.000099
-0.000069
-0.000209
-0.000226
-0.000165
-0.000108
-0.000084
-0.000116
-0.000195
-0.000211
-0.000117
0.000002
0.000087
0.000168
0.000270
0.000362
0.000369
0.000262
0.000106
-0.000031
-0.000102
-0.000102
-0.000069
-0.000060
-0.000120
-0.000212
-0.000206
-0.000073
0.000047
0.000102
0.000209
0.000401
0.000510
0.000374
0.000059
-0.000196
-0.000293
-0.000346
-0.000428
-0.000458
-0.000376
-0.000260
-0.000182
-0.000096
0.000041
0.000191
0.000303
0.000330
0.000258
0.000156
0.000071
-0.000034
-0.000140
-0.000140
-0.000044
-0.000024
-0.000112
-0.000110
0.000035
0.000145
0.000133
0.000128
0.000227
0.000333
0.000303
0.000155
-0.000010
-0.000124
-0.000140
-0.000085
-0.000055
-0.000119
-0.000293
-0.000511
-0.000591
-0.000403
-0.000060
0.000209
0.000323
0.000350
0.000329
0.000228
0.000017
-0.000194
-0.000173
0.000096
0.000303
0.000276
0.000172
0.000081
-0.000054
-0.000138
-0.000080
-0.000044
-0.000166
-0.000325
-0.000375
-0.000300
-0.000102
0.000164
0.000324
0.000304
0.000240
0.000208
0.000141
0.000059
0.000066
0.000134
0.000121
0.000000
-0.000109
-0.000139
-0.000145
-0.000150
-0.000087
0.000041
0.000113
0.000054
-0.000099
-0.000307
-0.000526
-0.000630
-0.000496
-0.000156
0.000228
0.000528
0.000694
0.000671
0.000420
0.000065
-0.000150
-0.000163
-0.000107
-0.000070
-0.000081
-0.000153
-0.000191
-0.000090
0.000066
0.000149
0.000184
0.000228
0.000207
0.000043
-0.000144
-0.000172
-0.000072
0.000004
0.000016
-0.000009
-0.000105
-0.000266
-0.000347
-0.000257
-0.000112
-0.000049
-0.000030
0.000057
0.000187
0.000212
0.000093
-0.000008
0.000076
0.000239
0.000217
-0.000017
-0.000187
-0.000124
0.000050
0.000202
0.000323
0.000338
0.000186
0.000016
-0.000006
0.000015
-0.000085
-0.000233
-0.000291
-0.000305
-0.000348
-0.000296
-0.000044
0.000172
0.000073
-0.000213
-0.000366
-0.000303
-0.000117
0.000102
0.000253
0.000295
0.000293
0.000294
0.000282
0.000247
0.000200
0.000136
0.000094
0.000135
0.000199
0.000112
-0.000151
-0.000358
-0.000329
-0.000189
-0.000103
-0.000025
0.000094
0.000170
0.000142
0.000045
-0.000105
-0.000308
-0.000432
-0.000322
-0.000080
0.000031
-0.000030
-0.000077
-0.000022
0.000059
0.000080
0.000054
0.000087
0.000191
0.000216
0.000099
-0.000027
-0.000001
0.000162
0.000281
0.000240
0.000100
-0.000045
-0.000175
-0.000290
-0.000345
-0.000274
-0.000114
-0.000019
-0.000060
-0.000126
-0.000111
-0.000019
0.000114
0.000246
0.000326
0.000305
0.000204
0.000172
0.000268
0.000290
0.000059
-0.000253
-0.000350
-0.000259
-0.000247
-0.000343
-0.000315
-0.000091
0.000155
0.000257
0.000207
0.000124
0.000104
0.000114
0.000060
-0.000051
-0.000078
0.000006
0.000046
0.000015
0.000040
0.000073
-0.000024
-0.000176
-0.000230
-0.000205
-0.000192
-0.000183
-0.000143
-0.000086
-0.000027
0.000042
0.000119
0.000190
0.000280
0.000372
0.000347
0.000159
-0.000071
-0.000192
-0.000147
-0.000007
0.000103
0.000156
0.000179
0.000129
-0.000015
-0.000166
-0.000252
-0.000305
-0.000336
-0.000290
-0.000147
0.000046
0.000199
0.000209
0.000038
-0.000206
-0.000352
-0.000320
