5920
-0.000216
-0.000302
-0.000356
-0.000368
-0.000347
-0.000322
-0.000283
-0.000165
0.000040
0.000219
0.000263
0.000220
0.000193
0.000216
0.000252
0.000234
0.000128
-0.000021
-0.000121
-0.000130
-0.000092
-0.000060
-0.000023
0.000083
0.000264
0.000345
0.000144
-0.000197
-0.000356
-0.000272
-0.000144
-0.000083
-0.000046
-0.000040
-0.000109
-0.000186
-0.000164
-0.000030
0.000150
0.000289
0.000305
0.000164
-0.000057
-0.000211
-0.000205
-0.000079
0.000057
0.000128
0.000121
0.000081
0.000078
0.000107
0.000086
0.000010
-0.000027
-0.000011
-0.000004
-0.000005
0.000006
0.000021
0.000046
0.000064
0.000062
0.000053
-0.000012
-0.000208
-0.000452
-0.000544
-0.000408
-0.000139
0.000136
0.000321
0.000349
0.000233
0.000105
0.000101
0.000173
0.000154
0.000014
-0.000090
-0.000056
0.000042
0.000100
0.000057
-0.000072
-0.000190
-0.000225
-0.000144
0.000069
0.000308
0.000401
0.000276
0.000002
-0.000258
-0.000385
-0.000380
-0.000274
-0.000119
-0.000039
-0.000067
-0.000059
0.000071
0.000204
0.000227
0.000198
0.000180
0.000132
0.000039
-0.000019
0.000001
0.000042
0.000025
-0.000054
-0.000143
-0.000210
-0.000212
-0.000077
0.000144
0.000244
0.000130
-0.000018
-0.000028
-0.000013
-0.000101
-0.000152
-0.000025
0.000133
0.000131
0.000009
-0.000110
-0.000174
-0.000129
0.000048
0.000242
0.000277
0.000131
-0.000039
-0.000078
0.000022
0.000150
0.000211
0.000181
0.000086
-0.000049
-0.000210
-0.000374
-0.000488
-0.000463
-0.000252
0.000053
0.000274
0.000299
0.000181
0.000036
-0.000080
-0.000156
-0.000169
-0.000104
-0.000028
-0.000021
-0.000033
0.000053
0.000198
0.000255
0.000223
0.000203
0.000173
0.000086
0.000038
0.000078
0.000098
0.000047
-0.000015
-0.000080
-0.000150
-0.000172
-0.000156
-0.000186
-0.000235
-0.000166
0.000025
0.000179
0.000197
0.000129
0.000065
0.000033
0.000004
-0.000036
-0.000063
-0.000078
-0.000139
-0.000239
-0.000257
-0.000146
-0.000012
0.000059
0.000093
0.000149
0.000211
0.000182
0.000051
-0.000051
-0.000053
-0.000029
-0.000025
0.000057
0.000235
0.000308
0.000162
-0.000029
-0.000085
-0.000061
-0.000074
-0.000086
-0.000040
-0.000016
-0.000059
-0.000088
-0.000091
-0.000111
-0.000090
0.000031
0.000141
0.000100
-0.000061
-0.000216
-0.000290
-0.000277
-0.000213
-0.000121
0.000038
0.000243
0.000354
0.000302
0.000163
0.000070
0.000090
0.000122
0.000038
-0.000060
-0.000028
0.000041
0.000050
0.000102
0.000210
0.000231
0.000149
0.000062
-0.000027
-0.000157
-0.000252
-0.000221
-0.000134
-0.000124
-0.000160
-0.000154
-0.000160
-0.000242
-0.000301
-0.000215
-0.000072
-0.000052
-0.000082
0.000079
0.000403
0.000593
0.000527
0.000360
0.000210
0.000027
-0.000176
-0.000258
-0.000195
-0.000156
-0.000205
-0.000184
-0.000023
0.000127
0.000173
0.000187
0.000209
0.000168
0.000017
-0.000156
-0.000219
-0.000157
-0.000084
-0.000068
-0.000076
-0.000085
-0.000085
-0.000046
0.000005
0.000007
-0.000007
0.000018
0.000076
0.000143
0.000155
0.000042
-0.000102
-0.000093
0.000061
0.000147
0.000079
0.000028
0.000103
0.000155
0.000065
-0.000067
-0.000143
-0.000222
-0.000298
-0.000264
-0.000153
-0.000061
0.000042
0.000149
0.000147
0.000031
-0.000042
0.000036
0.000170
0.000178
0.000040
-0.000095
-0.000091
0.000063
0.000271
0.000412
0.000447
0.000390
0.000199
-0.000140
-0.000459
-0.000524
-0.000338
-0.000156
-0.000163
-0.000282
-0.000306
-0.000149
0.000037
0.000094
0.000084
0.000094
0.000077
0.000047
0.000112
0.000220
0.000183
0.000014
-0.000068
0.000024
0.000180
0.000255
0.000180
0.000020
-0.000113
-0.000218
-0.000339
-0.000387
-0.000263
-0.000047
0.000138
0.000262
0.000300
0.000215
0.000056
-0.000071
-0.000116
-0.000092
-0.000059
-0.000091
-0.000184
-0.000236
-0.000139
0.000100
0.000359
0.000501
0.000480
0.000328
0.000088
-0.000151
-0.000278
-0.000280
-0.000204
-0.000104
-0.000065
-0.000099
-0.000153
-0.000202
-0.000179
-0.000007
0.000222
0.000306
0.000160
-0.000107
-0.000290
-0.000286
-0.000165
-0.000028
0.000111
0.000241
0.000287
0.000196
0.000039
-0.000037
0.000008
0.000070
0.000059
-0.000006
-0.000039
0.000006
0.000089
0.000164
0.000212
0.000183
0.000065
-0.000076
-0.000191
-0.000273
-0.000285
-0.000198
-0.000085
-0.000052
-0.000059
0.000005
0.000104
0.000101
-0.000008
-0.000099
-0.000119
-0.000109
-0.000098
-0.000073
0.000013
0.000168
0.000286
0.000262
0.000176
0.000158
0.000132
-0.000023
-0.000218
-0.000286
-0.000234
-0.000144
-0.000014
-0.000004
-0.000185
-0.000123
0.000168
0.000039
-0.000279
-0.000034
0.000380
0.000259
0.000009
0.000143
0.000305
0.000177
0.000044
0.000077
0.000087
0.000057
0.000087
0.000041
-0.000156
-0.000299
-0.000293
-0.000247
-0.000141
0.000132
0.000419
0.000429
0.000154
-0.000167
-0.000406
-0.000537
-0.000494
-0.000311
-0.000168
-0.000122
-0.000053
0.000069
0.000182
0.000309
0.000465
0.000548
0.000475
0.000287
0.000071
-0.000099
-0.000152
-0.000119
-0.000126
-0.000208
-0.000253
-0.000186
-0.000025
0.000129
0.000143
0.000028
-0.000069
-0.000119
-0.000162
-0.000138
-0.000034
0.000019
-0.000041
-0.000110
-0.000068
0.000074
0.000214
0.000252
0.000162
0.000011
-0.000106
-0.000137
-0.000044
0.000111
0.000189
0.000183
0.000192
0.000205
0.000144
0.000019
-0.000104
-0.000182
-0.000218
-0.000252
-0.000280
-0.000256
-0.000199
-0.000152
-0.000075
0.000030
0.000082
0.000072
0.000043
-0.000013
-0.000061
-0.000035
0.000044
0.000130
0.000200
0.000206
0.000154
0.000105
0.000076
0.000041
-0.000006
-0.000019
0.000039
0.000130
0.000161
0.000079
-0.000072
-0.000209
-0.000269
-0.000213
-0.000071
0.000061
0.000154
0.000252
0.000313
0.000204
-0.000088
-0.000341
-0.000330
-0.000157
-0.000069
-0.000076
-0.000053
-0.000025
-0.000058
-0.000067
0.000027
0.000148
0.000196
0.000123
-0.000041
-0.000134
-0.000041
0.000125
0.000200
0.000161
0.000046
-0.000109
-0.000235
-0.000248
-0.000141
-0.000011
0.000063
0.000092
0.000096
0.000055
-0.000028
-0.000090
-0.000079
-0.000033
-0.000026
-0.000038
0.000011
0.000095
0.000128
0.000144
0.000224
0.000311
0.000263
0.000065
-0.000120
-0.000163
-0.000084
0.000015
0.000051
0.000038
0.000027
-0.000023
-0.000175
-0.000329
-0.000363
-0.000323
-0.000296
-0.000194
-0.000524
-0.002479
-0.003331
0.001704
0.006877
0.002912
-0.003050
-0.000411
0.003456
0.000098
-0.002783
0.000389
0.002007
-0.001128
-0.002299
-0.000181
0.000069
-0.001272
-0.000618
0.000645
0.000013
-0.000795
-0.000064
0.000697
0.000459
0.000248
0.000387
0.000237
-0.000085
-0.000218
-0.000197
0.000042
0.000352
0.000310
0.000075
0.000153
0.000270
-0.000193
-0.000684
-0.000222
0.000481
0.000216
-0.000354
-0.000330
-0.000367
-0.000703
-0.000276
0.000757
0.000790
-0.000052
-0.000137
0.000286
0.000063
-0.000070
0.000466
0.000472
-0.000231
-0.000418
-0.000121
-0.000235
-0.000488
-0.000154
0.000321
0.000116
-0.000289
-0.000070
0.000108
-0.000471
-0.000631
0.000545
0.001336
0.000366
-0.000464
0.000131
0.000240
-0.000490
-0.000074
0.000694
-0.000061
-0.000711
0.000424
0.001413
0.000470
-0.000803
-0.000455
0.000322
-0.000196
-0.000664
-0.000114
-0.000501
-0.001579
-0.000643
0.001158
0.000696
-0.000809
-0.000576
0.000431
0.000343
0.000152
0.000420
-0.000290
-0.000808
0.000840
0.001697
-0.000241
-0.000853
0.000576
-0.000157
-0.001227
0.000629
0.001475
-0.000568
-0.000887
0.001088
0.001143
-0.000372
-0.000588
-0.000162
-0.000163
0.000082
0.000625
0.000275
-0.001187
-0.001705
-0.000244
0.000959
0.000302
-0.000623
-0.000365
0.000540
0.000839
-0.000504
-0.001585
0.000479
0.002348
0.000084
-0.001756
0.000384
0.001800
-0.000243
-0.001997
-0.000390
0.002391
0.001598
-0.002034
-0.001749
0.002383
0.001983
-0.002625
-0.002555
0.001088
0.000950
-0.000420
0.001472
0.001597
-0.002590
-0.003507
0.001209
0.003127
-0.000455
-0.002603
-0.000776
0.001102
0.001266
0.001315
0.001285
-0.000916
-0.003029
-0.000648
0.002543
0.001212
-0.000752
0.000211
-0.000280
-0.003009
-0.001449
0.003647
0.002815
-0.002703
-0.001783
0.003013
0.001125
-0.002465
-0.000126
0.001215
-0.000762
0.001094
0.003289
0.000104
-0.002872
-0.002919
-0.002393
0.000642
0.004245
0.002337
-0.002133
-0.002799
-0.001221
0.000084
0.002092
0.002367
-0.000669
-0.001675
0.000403
-0.000216
-0.002284
-0.000156
0.002951
0.001270
-0.001526
-0.000407
0.000923
-0.000558
-0.001023
0.000937
0.001943
0.000102
-0.001822
-0.000715
0.000391
-0.000661
-0.000056
0.000859
-0.001431
-0.001239
0.002896
0.001797
-0.003140
-0.001830
0.002298
0.001146
-0.001608
-0.000181
0.002768
0.001645
-0.002210
-0.002247
0.001241
0.001831
-0.000231
0.000130
0.001076
-0.001569
-0.003693
-0.000448
0.003542
0.002379
-0.001613
-0.002765
0.000005
0.002215
0.000811
-0.000444
0.000719
-0.000337
-0.003317
-0.001485
0.003104
0.002424
-0.001583
-0.002183
-0.000693
-0.000261
0.000773
0.002731
0.002189
-0.001775
-0.003620
-0.000391
0.002153
0.000694
-0.000954
-0.000232
0.000915
0.000176
-0.000665
0.000673
0.001195
0.000027
0.001151
0.001495
-0.002772
-0.003963
0.000737
0.002363
0.000453
0.001224
0.000918
-0.003195
-0.003057
0.001869
0.002256
-0.000681
-0.000214
0.000829
-0.000045
-0.000742
-0.001994
-0.001860
0.002114
0.003696
-0.000541
-0.003125
-0.000972
0.000357
0.000257
0.001939
0.002447
-0.000917
-0.002183
0.001529
0.001928
-0.002952
-0.002632
0.003325
0.003744
-0.000468
-0.001713
-0.002467
-0.003003
0.001179
0.004338
0.001182
-0.001923
-0.001593
-0.000598
0.000701
0.000894
-0.001317
-0.001415
0.001959
0.002328
-0.001499
-0.002823
-0.000642
-0.000264
-0.000688
0.002629
0.004294
-0.001917
-0.006609
-0.000417
0.007082
0.004554
-0.002991
-0.005281
-0.000421
0.004982
0.003993
-0.001281
-0.003950
-0.003426
-0.001572
0.003197
0.007105
0.002053
-0.007257
-0.007552
0.000726
0.005830
0.003996
-0.000089
-0.003268
-0.004168
-0.001859
0.001495
0.002122
0.000086
0.000085
0.003405
0.002851
-0.004412
-0.007582
-0.000187
0.008451
0.008332
-0.000237
-0.008475
-0.007478
0.000942
0.006952
0.005483
-0.000336
-0.005044
-0.004647
0.000442
0.004031
0.002426
-0.000410
-0.001411
-0.001930
-0.001765
-0.000569
-0.000398
-0.000650
0.000886
0.001842
-0.000470
-0.002092
0.001116
0.004539
0.002221
-0.002782
-0.004555
-0.001607
0.005255
0.009695
0.001910
-0.012209
-0.012721
0.002177
0.011929
0.007597
-0.000306
-0.006368
-0.010396
-0.004766
0.008843
0.013199
0.003837
-0.005963
-0.008693
-0.005797
0.000745
0.006454
0.006267
0.001188
-0.003484
-0.004938
-0.004251
-0.001965
0.002332
0.005526
0.003497
-0.001594
-0.003438
-0.000876
0.000677
-0.001017
-0.001050
0.001935
0.002702
0.001123
0.000739
-0.000880
-0.004005
-0.002962
0.001885
0.005602
0.005941
0.001073
-0.006509
-0.008460
-0.002538
0.003943
0.004731
0.001441
-0.000416
-0.000633
-0.003890
-0.006915
-0.000969
0.008597
0.008091
0.000277
-0.003202
-0.004132
-0.006484
-0.002445
0.008486
0.010885
-0.000164
-0.008954
-0.005179
0.002936
0.005889
0.004223
0.000660
-0.004953
-0.008739
-0.003293
0.007453
0.008885
-0.001513
-0.009076
-0.005423
0.001055
0.003315
0.003788
0.002583
-0.002074
-0.005167
-0.002512
0.000899
0.001156
0.001964
0.004043
0.002318
-0.002635
-0.003581
0.000246
0.001405
-0.001410
-0.001617
0.002248
0.005674
0.005500
0.001304
-0.004233
-0.007061
-0.005720
-0.000285
0.007506
0.010281
0.001725
-0.010462
-0.011296
-0.000616
0.007398
0.006206
0.000369
-0.005180
-0.006099
-0.000893
0.004576
0.004273
-0.000181
-0.003433
-0.002458
0.001437
0.002994
-0.000283
-0.002712
0.000540
0.004344
0.002591
-0.001041
-0.000932
0.000638
-0.000152
-0.001500
-0.000241
0.001699
-0.000100
-0.002985
-0.000238
0.004193
0.001106
-0.004906
-0.003880
0.000122
-0.000396
-0.001571
0.001477
0.005023
0.003161
-0.002745
-0.004583
-0.000448
0.002359
0.001300
0.000759
0.001394
0.000240
-0.002479
-0.002902
0.000875
0.004607
0.003468
-0.000237
-0.002239
-0.003482
-0.003653
0.001664
0.008822
0.006034
-0.005484
-0.009478
-0.002146
0.003024
0.001060
-0.001307
-0.002393
-0.002853
0.000124
0.004536
0.004353
-0.000463
-0.004237
-0.003225
0.000894
0.004114
0.004182
0.001604
-0.000228
0.000651
-0.000027
-0.003900
-0.004511
-0.000267
0.003306
0.004495
0.003167
-0.001479
-0.004986
-0.003987
-0.002511
-0.001279
0.003501
0.006752
0.001575
-0.005148
-0.004675
-0.000427
0.001703
0.001595
0.001493
0.002304
0.002131
-0.000019
-0.001052
0.000107
-0.000236
-0.001977
-0.000780
0.001433
0.000056
-0.002073
-0.001677
-0.001077
-0.000579
0.000869
0.000918
0.000156
0.000781
-0.000181
-0.002040
0.001266
0.005900
0.002996
-0.003559
-0.005622
-0.003905
-0.000308
0.004823
0.006492
0.000721
-0.006814
-0.006635
0.001379
0.007332
0.005066
-0.000991
-0.004144
-0.002732
0.000949
0.003437
0.002113
-0.001888
-0.002637
0.002300
0.005079
-0.000208
-0.006563
-0.005668
0.000273
0.003887
0.001845
-0.002338
-0.002600
0.001549
0.003985
0.001181
-0.002815
-0.003417
-0.000883
0.002926
0.006021
0.004677
-0.001789
-0.006578
-0.004398
0.000699
0.003148
0.003139
0.002214
-0.000744
-0.005012
-0.005911
-0.001986
0.002167
0.003289
0.002193
-0.000558
-0.002853
-0.001150
0.001540
0.000265
-0.001798
-0.000265
0.002437
0.002474
-0.000138
-0.002145
-0.000201
0.003707
0.004192
0.001241
-0.001156
-0.001894
-0.001657
-0.000044
0.002886
0.004908
0.002909
-0.003158
-0.008133
-0.007281
-0.002052
0.003695
0.007259
0.005599
-0.001509
-0.007526
-0.006299
-0.000909
0.002049
0.002083
0.001941
0.001691
0.000930
-0.000064
-0.002041
-0.003405
-0.001552
0.001495
0.003287
0.004462
0.003819
-0.000450
-0.004617
-0.004590
-0.002195
0.001251
0.005921
0.007087
0.001875
-0.003333
-0.003137
-0.001188
-0.001588
-0.002345
-0.000421
0.002964
0.004225
0.002301
-0.001165
-0.003623
-0.002503
0.001536
0.004211
0.002255
-0.003384
-0.008022
-0.007594
-0.002377
0.004131
0.006540
0.001793
-0.005365
-0.008542
-0.006422
0.000375
0.008163
0.010146
0.005468
-0.000394
-0.003554
-0.003081
0.000282
0.004034
0.005367
0.003006
-0.001571
-0.005101
-0.005527
-0.003487
-0.001068
0.001366
0.004482
0.005543
0.002116
-0.001852
-0.001920
0.000363
0.002041
0.002937
0.002599
-0.000073
-0.003752
-0.007119
-0.010180
-0.010514
-0.005794
0.000927
0.005164
0.007354
0.009299
0.008683
0.004497
0.001153
0.000881
0.000779
-0.000825
-0.002974
-0.004397
-0.003533
-0.000540
0.001417
0.000311
-0.002082
-0.003551
-0.003244
-0.000059
0.004897
0.007150
0.005230
0.002549
0.000909
-0.000864
-0.002086
-0.000835
0.001783
0.002638
0.000523
-0.002558
-0.004286
-0.005593
-0.007746
-0.007740
-0.003440
0.000714
0.001057
0.000666
0.001419
0.000159
-0.002724
-0.001891
0.002899
0.005885
0.005161
0.004051
0.004230
0.003907
0.001647
-0.001028
-0.001713
-0.000323
0.001337
0.001848
0.000413
-0.002394
-0.003275
-0.000536
0.002425
0.002041
-0.001153
-0.004239
-0.004951
-0.002912
0.000246
0.001709
0.000568
-0.000944
-0.001536
-0.002818
-0.004807
-0.004393
-0.000251
0.004556
0.006084
0.004460
0.002240
-0.000659
-0.003860
-0.003268
0.002071
0.006548
0.006271
0.003786
0.001650
-0.000785
-0.002988
-0.003282
-0.002198
-0.000763
0.001168
0.002865
0.002689
-0.000374
-0.005419
-0.007992
-0.004130
0.003069
0.006937
0.005445
0.001141
-0.003269
-0.006039
-0.006094
-0.003620
-0.000594
0.000901
0.001433
0.002652
0.003503
0.001647
-0.001990
-0.003782
-0.002597
-0.000175
0.002397
0.004134
0.003941
0.002353
-0.000189
-0.003254
-0.003973
-0.000364
0.004609
0.006401
0.003967
-0.000505
-0.004190
-0.004535
-0.000732
0.004212
0.005442
0.001348
-0.004268
-0.006319
-0.004219
-0.001243
0.000234
0.000165
-0.000720
-0.001672
-0.001591
-0.000220
0.000624
0.000007
-0.000046
0.001713
0.003197
0.002210
-0.000268
-0.001741
-0.001172
0.000794
0.002499
0.002286
-0.000035
-0.003164
-0.004960
-0.003374
0.001005
0.004366
0.004179
0.002218
0.001009
0.000397
-0.000214
-0.000062
0.000675
0.000936
0.001211
0.002407
0.003358
0.002064
-0.001224
-0.004096
-0.004347
-0.001230
0.003252
0.004618
0.001322
-0.002745
-0.004493
-0.004434
-0.002573
0.000634
0.001959
0.000264
-0.001730
-0.002479
-0.002516
-0.002433
-0.002721
-0.002588
-0.001007
0.000869
0.001840
0.001964
0.000955
-0.000335
0.000483
0.003111
0.004205
0.002445
-0.000098
-0.001442
-0.001159
0.000572
0.002594
0.003142
0.002349
0.001868
0.001912
0.001509
0.000482
-0.000539
-0.000586
0.000895
0.002383
0.001385
-0.001903
-0.004660
-0.004992
-0.003194
-0.000707
0.000419
-0.001148
-0.004054
-0.005791
-0.005937
-0.005288
-0.003807
-0.001766
-0.000244
0.000409
0.000581
0.000559
0.000816
0.002012
0.004005
0.005712
0.006373
0.006215
0.005886
0.005736
0.005517
0.004912
0.003930
0.002416
0.000419
-0.001321
-0.002320
-0.002647
-0.002546
-0.002573
-0.002945
-0.003211
-0.003214
-0.003056
-0.002740
-0.002477
-0.002070
-0.000932
0.000422
0.000759
-0.000097
-0.001288
-0.001687
-0.000680
0.000712
0.001221
0.001366
0.001603
0.000838
-0.000990
-0.002128
-0.001816
-0.000708
0.000624
0.001317
0.000552
-0.000819
-0.001387
-0.001206
-0.000797
-0.000088
0.000824
0.001732
0.002454
0.002262
0.000661
-0.001393
-0.002243
-0.001300
0.000332
0.001305
0.001737
0.002172
0.001954
0.000443
-0.001600
-0.002673
-0.001892
-0.000043
0.001371
0.002101
0.002403
0.001915
0.001043
0.000757
0.000533
-0.000584
-0.001669
-0.001353
-0.000030
0.001306
0.002142
0.001505
-0.000962
-0.003299
-0.003530
-0.002027
-0.000107
0.001422
0.002037
0.001438
-0.000203
-0.002353
-0.004271
-0.005044
-0.003941
-0.001287
0.001107
0.001509
0.000309
-0.001022
-0.001889
-0.001809
-0.000145
0.002103
0.003130
0.002908
0.002458
0.002053
0.001947
0.002437
0.002710
0.002224
0.001961
0.002141
0.001489
0.000038
-0.000700
-0.000441
-0.000133
-0.000048
0.000049
-0.000309
-0.001590
-0.002998
-0.003403
-0.002659
-0.001072
0.000817
0.001639
0.000518
-0.001348
-0.002167
-0.001684
-0.000804
-0.000088
0.000608
0.001226
0.001015
-0.000331
-0.001797
-0.002215
-0.001324
0.000598
0.002912
0.004255
0.003177
0.000142
-0.002329
-0.002893
-0.002350
-0.000866
0.001625
0.003417
0.003279
0.001877
-0.000270
-0.002522
-0.003192
-0.001967
-0.000415
0.001061
0.002900
0.003687
0.001778
-0.001705
-0.004095
-0.004031
-0.001962
0.000882
0.003061
0.003601
0.002613
0.000638
-0.001659
-0.003031
-0.002764
-0.001452
0.000245
0.001791
0.002302
0.001585
0.000347
-0.000939
-0.002021
-0.002298
-0.001358
0.000243
0.001434
0.001672
0.001079
0.000013
-0.001139
-0.002076
-0.002406
-0.001605
0.000149
0.001845
0.002694
0.002398
0.000927
-0.000983
-0.001997
-0.001468
0.000007
0.001417
0.002306
0.002665
0.002314
0.001129
-0.000395
-0.001383
-0.001242
-0.000231
0.000602
0.000623
0.000267
-0.000027
-0.000435
-0.000927
-0.001178
-0.001312
-0.001533
-0.001572
-0.001236
-0.000643
0.000079
0.000642
0.000710
0.000319
-0.000281
-0.000839
-0.001148
-0.001295
-0.001314
-0.000742
0.000467
0.001311
0.001161
0.000753
0.000754
0.000660
-0.000047
-0.000890
-0.001056
-0.000439
0.000328
0.000938
0.001840
0.002854
0.002623
0.000835
-0.000739
-0.000852
-0.000351
-0.000150
0.000040
0.000452
0.000667
0.000485
0.000201
-0.000103
-0.000750
-0.001631
-0.002069
-0.001910
-0.001855
-0.002308
-0.002614
-0.001976
-0.000614
0.000574
0.001171
0.001487
0.001878
0.002290
0.002574
0.002796
0.002933
0.002835
0.002505
0.002010
0.001398
0.000767
0.000164
-0.000374
-0.000673
-0.000576
-0.000332
-0.000520
-0.001146
-0.001390
-0.000870
-0.000273
-0.000235
-0.000700
-0.001407
-0.002063
-0.002387
-0.002390
-0.002180
-0.001801
-0.001615
-0.001900
-0.002143
-0.002030
-0.002070
-0.002031
-0.001031
0.000435
0.001190
0.001362
0.001593
0.001713
0.001540
0.001628
0.002457
0.003647
0.004277
0.003846
0.002779
0.001713
0.000666
-0.000329
-0.000577
0.000180
0.001010
0.001204
0.001098
0.000775
-0.000332
-0.001988
-0.003015
-0.002964
-0.002713
-0.003109
-0.003815
-0.004018
-0.003671
-0.003579
-0.004468
-0.005854
-0.006056
-0.003992
-0.000391
0.003238
0.005723
0.006427
0.005710
0.004981
0.005309
0.006268
0.006703
0.006169
0.005118
0.004202
0.003723
0.003328
0.002350
0.000774
-0.000677
-0.001486
-0.001706
-0.001491
-0.001223
-0.001680
-0.003018
-0.004248
-0.004540
-0.004235
-0.004076
-0.004275
-0.004684
-0.005105
-0.005273
-0.005130
-0.004882
-0.004531
-0.003780
-0.002585
-0.001267
-0.000027
0.001010
0.001592
0.001915
0.002689
0.004193
0.005897
0.007088
0.007454
0.007213
0.006807
0.006368
0.005673
0.004616
0.003272
0.001715
0.000290
-0.000389
-0.000346
-0.000445
-0.001199
-0.002248
-0.003209
-0.004083
-0.004824
-0.005235
-0.005188
-0.004706
-0.004044
-0.003566
-0.003396
-0.003684
-0.004856
-0.006475
-0.006946
-0.005768
-0.004583
-0.004738
-0.005237
-0.004165
-0.001146
0.002454
0.005320
0.007420
0.009289
0.010811
0.011547
0.011911
0.012597
0.012902
0.011518
0.008971
0.007224
0.006710
0.005669
0.002906
-0.000445
-0.002773
-0.004108
-0.005272
-0.006233
-0.006753
-0.007400
-0.008464
-0.009043
-0.008457
-0.007638
-0.007899
-0.008922
-0.009255
-0.008441
-0.007205
-0.005898
-0.004356
-0.002867
-0.001893
-0.001175
-0.000139
0.001169
0.002398
0.003730
0.005544
0.007665
0.009504
0.010605
0.010885
0.010587
0.010049
0.009508
0.009007
0.008298
0.006970
0.004926
0.002618
0.000571
-0.001118
-0.002549
-0.003656
-0.004563
-0.005790
-0.007520
-0.009154
-0.010030
-0.010036
-0.009371
-0.008288
-0.007104
-0.006116
-0.005404
-0.005011
-0.005288
-0.006117
-0.006177
-0.004390
-0.001490
0.000638
0.000721
-0.000456
-0.000429
0.002212
0.006132
0.009244
0.011128
0.012348
0.013027
0.013341
0.013896
0.014508
0.013912
0.011486
0.008360
0.006223
0.005211
0.003750
0.000846
-0.002634
-0.005506
-0.007720
-0.009473
-0.010298
-0.010352
-0.011143
-0.013193
-0.014474
-0.013208
-0.010699
-0.009305
-0.009136
-0.008691
-0.007366
-0.005636
-0.003725
-0.001611
0.000192
0.001080
0.001607
0.003343
0.006683
0.009709
0.010708
0.010555
0.010883
0.011553
0.011650
0.011381
0.011238
0.010636
0.009057
0.007326
0.006160
0.004692
0.001977
-0.001232
-0.003626
-0.005102
-0.006187
-0.006990
-0.007753
-0.009190
-0.011314
-0.012894
-0.012890
-0.011699
-0.010347
-0.009137
-0.008075
-0.007765
-0.008290
-0.008104
-0.005926
-0.003289
-0.002818
-0.003441
-0.001223
0.004212
0.009138
0.011705
0.013539
0.015480
0.016166
0.015374
0.015159
0.016464
0.017092
0.014927
0.011510
0.009816
0.009462
0.007302
0.002720
-0.001588
-0.004523
-0.007660
-0.011025
-0.012490
-0.012062
-0.012525
-0.014730
-0.016245
-0.015921
-0.015791
-0.016712
-0.016197
-0.012839
-0.008923
-0.006616
-0.005066
-0.002853
-0.000549
0.000856
0.002118
0.004428
0.007275
0.009474
0.011525
0.014737
0.018136
0.019142
0.017577
0.015798
0.014773
0.013314
0.011100
0.009188
0.007651
0.005424
0.002299
-0.000909
-0.003876
-0.006987
-0.010117
-0.012246
-0.012802
-0.012679
-0.013153
-0.014223
-0.014930
-0.014907
-0.014377
-0.013101
-0.010865
-0.008410
-0.006831
-0.006369
-0.006003
-0.004550
-0.002544
-0.001762
-0.001648
0.001199
0.007739
0.014094
0.016788
0.017143
0.018193
0.019874
0.020018
0.018662
0.018057
0.018235
0.016473
0.012554
0.009908
0.009314
0.006599
-0.000356
-0.007410
-0.010612
-0.011802
-0.014139
-0.016695
-0.017283
-0.017092
-0.018333
-0.019741
-0.018567
-0.015779
-0.015272
-0.017642
-0.018390
-0.014104
-0.007147
-0.001648
0.001785
0.004379
0.006164
0.007603
0.010315
0.013989
0.016005
0.015580
0.015341
0.017568
0.021107
0.022860
0.021167
0.017143
0.012908
0.009511
0.007045
0.005206
0.002941
-0.000763
-0.005178
-0.008420
-0.010001
-0.011425
-0.014047
-0.017411
-0.019837
-0.020299
-0.019358
-0.017933
-0.016210
-0.014262
-0.012261
-0.009948
-0.007049
-0.003959
-0.001371
0.000254
0.000682
0.000271
-0.000137
0.000092
0.002126
0.007365
0.014669
0.020284
0.021763
0.020377
0.018974
0.018747
0.018663
0.017398
0.015251
0.013315
0.011616
0.009814
0.008338
0.006663
0.002515
-0.004669
-0.011859
-0.016049
-0.017556
-0.018506
-0.019736
-0.020466
-0.020192
-0.019380
-0.018320
-0.016779
-0.015268
-0.014773
-0.014711
-0.013450
-0.010688
-0.007056
-0.002252
0.003983
0.010009
0.013819
0.015444
0.016169
0.016708
0.017144
0.017665
0.018553
0.019657
0.020380
0.020489
0.020240
0.018944
0.015072
0.008918
0.002811
-0.001957
-0.005857
-0.008946
-0.010673
-0.011600
-0.012928
-0.014713
-0.016180
-0.017300
-0.018712
-0.020193
-0.020540
-0.019175
-0.016750
-0.013868
-0.010400
-0.006576
-0.003278
-0.000715
0.001793
0.004480
0.006746
0.007949
0.007566
0.005286
0.002197
0.001616
0.006501
0.015155
0.021960
0.023204
0.020465
0.017585
0.016122
0.015218
0.013817
0.011246
0.007413
0.003692
0.002311
0.003604
0.004474
0.001170
-0.006236
-0.013753
-0.018048
-0.019385
-0.019887
-0.020727
-0.021699
-0.021998
-0.020533
-0.016795
-0.012193
-0.009422
-0.009629
-0.010696
-0.009356
-0.004938
0.000062
0.003437
0.005626
0.008113
0.011600
0.015930
0.019981
0.022042
0.021472
0.019567
0.018179
0.017931
0.017979
0.016999
0.014490
0.011200
0.008033
0.005046
0.001708
-0.002571
-0.007893
-0.013181
-0.016722
-0.017834
-0.017338
-0.016402
-0.015678
-0.015365
-0.015319
-0.015120
-0.014489
-0.013613
-0.012829
-0.011889
-0.009870
-0.006253
-0.001760
0.002420
0.005829
0.008506
0.010307
0.011095
0.010694
0.008545
0.004680
0.001323
0.002147
0.008246
0.015973
0.020663
0.021028
0.018801
0.015877
0.012939
0.009936
0.006648
0.002833
-0.001082
-0.003322
-0.002377
0.000184
0.000423
-0.003556
-0.009658
-0.014809
-0.017909
-0.019504
-0.020361
-0.020833
-0.020665
-0.019029
-0.015228
-0.009926
-0.005364
-0.003444
-0.003621
-0.003496
-0.001491
0.001757
0.004783
0.007097
0.009089
0.011419
0.014702
0.018630
0.021506
0.021498
0.018750
0.015558
0.013806
0.012988
0.011386
0.008399
0.004980
0.002227
0.000315
-0.001427
-0.003963
-0.007852
-0.012512
-0.016199
-0.017497
-0.016863
-0.015792
-0.014857
-0.013518
-0.011543
-0.009638
-0.008446
-0.007821
-0.007487
-0.007377
-0.006913
-0.004983
-0.001298
0.002986
0.006587
0.009280
0.011292
0.012237
0.011192
0.007715
0.002820
-0.000744
-0.000001
0.005231
0.011698
0.015930
0.017107
0.016430
0.014913
0.012621
0.009396
0.005264
0.000360
-0.004405
-0.006764
-0.005240
-0.002008
-0.001092
-0.003608
-0.007337
-0.010513
-0.013361
-0.016193
-0.018373
-0.019433
-0.019435
-0.017801
-0.013540
-0.007431
-0.002348
-0.000194
0.000185
0.000930
0.002439
0.003798
0.004725
0.005762
0.007293
0.009666
0.013184
0.016938
0.019032
0.018703
0.017029
0.015136
0.012974
0.010239
0.007258
0.004477
0.001868
-0.000614
-0.002636
-0.004282
-0.006538
-0.009928
-0.013306
-0.015180
-0.015610
-0.015549
-0.014914
-0.012907
-0.009918
-0.007361
-0.005853
-0.004892
-0.004086
-0.003609
-0.003416
-0.002883
-0.001560
0.000333
0.002563
0.005271
0.008184
0.010326
0.010784
0.009037
0.005073
0.000390
-0.001803
0.000557
0.005610
0.009836
0.012208
0.013821
0.014821
0.014167
0.011604
0.007877
0.003410
-0.001629
-0.005937
-0.007385
-0.005750
-0.003782
-0.003926
-0.005525
-0.006979
-0.008517
-0.010944
-0.013673
-0.015713
-0.016924
-0.017019
-0.014870
-0.010142
-0.004649
-0.000752
0.001249
0.002859
0.004768
0.006017
0.006006
0.005710
0.006226
0.007534
0.009364
0.011858
0.014503
0.015852
0.015403
0.014180
0.012676
0.010135
0.006271
0.002130
-0.001062
-0.003129
-0.004667
-0.006014
-0.007137
-0.008300
-0.009844
-0.011271
-0.011723
-0.011355
-0.010955
-0.010438
-0.009082
-0.006941
-0.004826
-0.003193
-0.001933
-0.000962
-0.000414
-0.000284
-0.000206
0.000242
0.001165
0.002506
0.004271
0.006191
0.007504
0.007395
0.005317
0.001637
-0.001327
-0.000797
0.002988
0.006871
0.008913
0.010175
0.011744
0.012481
0.011072
0.008182
0.004921
0.001021
-0.003409
-0.006052
-0.005309
-0.003561
-0.004042
-0.006111
-0.007075
-0.006972
-0.007968
-0.010307
-0.012306
-0.013403
-0.014060
-0.013425
-0.010162
-0.005335
-0.001632
0.000299
0.002168
0.004726
0.006591
0.006888
0.006584
0.006368
0.006027
0.006316
0.008308
0.011011
0.012289
0.011976
0.011685
0.011595
0.010091
0.006789
0.003266
0.000366
-0.002610
-0.005554
-0.007158
-0.007472
-0.008026
-0.009078
-0.009384
-0.008792
-0.008609
-0.009006
-0.008502
-0.006741
-0.005281
-0.004843
-0.004218
-0.002785
-0.001530
-0.000863
-0.000032
0.001051
0.001694
0.002031
0.002884
0.004168
0.004881
0.004616
0.003703
0.002047
-0.000108
-0.000660
0.002088
0.006278
0.008777
0.009563
0.010709
0.012122
0.011670
0.008934
0.005639
0.002535
-0.001096
-0.004559
-0.005649
-0.004514
-0.004151
-0.005750
-0.007091
-0.006857
-0.006897
-0.008682
-0.010844
-0.011897
-0.012344
-0.012434
-0.010766
-0.006923
-0.002997
-0.000712
0.000881
0.003234
0.005778
0.007180
0.007520
0.007685
0.007661
0.006992
0.006728
0.008456
0.011097
0.011959
0.010856
0.009833
0.009424
0.008093
0.004927
0.000824
-0.002913
-0.005884
-0.008184
-0.009435
-0.009422
-0.009166
-0.009494
-0.009401
-0.007829
-0.005749
-0.004698
-0.004662
-0.004787
-0.004746
-0.004460
-0.003679
-0.002391
-0.001068
-0.000038
0.001017
0.002406
0.003666
0.004182
0.004115
0.004017
0.003784
0.002549
0.000127
-0.001663
-0.000639
0.002909
0.006688
0.009276
0.010986
0.012191
0.012173
0.010240
0.007132
0.004043
0.000863
-0.002750
-0.005291
-0.005171
-0.003845
-0.003934
-0.005260
-0.005960
-0.006144
-0.007405
-0.009769
-0.011643
-0.012352
-0.012555
-0.012010
-0.009394
-0.005031
-0.001302
0.000722
0.002560
0.005142
0.007031
0.007081
0.006403
0.006438
0.007082
0.007860
0.009084
0.010700
0.011630
0.011297
0.010390
0.009288
0.007235
0.003756
-0.000336
-0.003833
-0.006296
-0.008004
-0.009122
-0.009479
-0.009069
-0.008113
-0.006757
-0.005228
-0.004039
-0.003635
-0.003994
-0.004642
-0.004933
-0.004593
-0.003995
-0.003434
-0.002472
-0.000723
0.001298
0.002847
0.003806
0.004290
0.004180
0.003547
0.002778
0.001743
0.000081
-0.001165
0.000006
0.003686
0.007459
0.009569
0.010694
0.011544
0.011135
0.008858
0.005939
0.003273
0.000050
-0.003761
-0.005971
-0.005397
-0.004193
-0.004634
-0.005821
-0.005975
-0.005795
-0.006869
-0.008700
-0.009904
-0.010642
-0.011397
-0.010901
-0.007850
-0.003575
-0.000393
0.001658
0.003912
0.006178
0.007295
0.007338
0.007105
0.006595
0.005823
0.005817
0.007117
0.008523
0.008815
0.008559
0.008734
0.008642
0.006873
0.003571
0.000017
-0.003231
-0.006193
-0.008367
-0.009283
-0.009398
-0.009212
-0.008283
-0.006258
-0.004046
-0.002844
-0.002727
-0.003078
-0.003481
-0.003691
-0.003602
-0.003364
-0.002972
-0.002033
-0.000367
0.001568
0.003186
0.004242
0.004681
0.004504
0.003903
0.002928
0.001215
-0.000976
-0.001958
-0.000220
0.003492
0.006897
0.008815
0.009776
0.010113
0.009327
0.007432
0.005012
0.001967
-0.001874
-0.005100
-0.005897
-0.004806
-0.004103
-0.004476
-0.004651
-0.004198
-0.004257
-0.005368
-0.006818
-0.008221
-0.009696
-0.010491
-0.009484
-0.006997
-0.004397
-0.002052
0.000857
0.004353
0.007037
0.008017
0.007980
0.007676
0.006988
0.006210
0.006403
0.007698
0.008771
0.008682
0.007981
0.007363
0.006267
0.003741
0.000052
-0.003605
-0.006626
-0.009094
-0.010624
-0.010475
-0.008788
-0.006525
-0.004227
-0.002022
-0.000628
-0.000867
-0.002282
-0.003537
-0.004074
-0.004348
-0.004522
-0.003916
-0.002097
0.000267
0.002284
0.003829
0.004985
0.005336
0.004506
0.002660
0.000305
-0.001654
-0.002029
-0.000312
0.002702
0.005692
0.007979
0.009626
0.010693
0.010801
0.009448
0.006570
0.002726
-0.001043
-0.003690
-0.004916
-0.005300
-0.005465
-0.005464
-0.005131
-0.004686
-0.004652
-0.005403
-0.006956
-0.008799
-0.009974
-0.009898
-0.008915
-0.007502
-0.005459
-0.002393
0.001393
0.004891
0.007223
0.008304
0.008625
0.008558
0.008175
0.007563
0.006924
0.006452
0.006267
0.006305
0.006305
0.005913
0.004791
0.002831
0.000383
-0.002075
-0.004512
-0.006980
-0.008918
-0.009659
-0.009175
-0.007774
-0.005728
-0.003505
-0.001728
-0.000664
-0.000216
-0.000383
-0.001201
-0.002371
-0.003314
-0.003580
-0.003123
-0.002075
-0.000418
0.001673
0.003519
0.004611
0.005031
0.004753
0.003422
0.001401
-0.000001
0.000019
0.001023
0.002314
0.003708
0.005277
0.006928
0.008259
0.008646
0.007580
0.005100
0.001916
-0.001028
-0.003228
-0.004777
-0.005873
-0.006431
-0.006307
-0.005715
-0.005122
-0.004868
-0.005098
-0.005759
-0.006425
-0.006637
-0.006408
-0.005862
-0.004732
-0.002736
-0.000029
0.002960
0.005801
0.008104
0.009519
0.009857
0.009253
0.008035
0.006400
0.004498
0.002747
0.001581
0.000916
0.000316
-0.000346
-0.000835
-0.001103
-0.001469
-0.002208
-0.003259
-0.004284
-0.004941
-0.005148
-0.005002
-0.004556
-0.003867
-0.003074
-0.002300
-0.001642
-0.001217
-0.001084
-0.001122
-0.001112
-0.000930
-0.000626
-0.000339
-0.000172
-0.000215
-0.000388
-0.000121
0.001118
0.002998
0.004689
0.005826
0.006700
0.007659
0.008562
0.008899
0.008290
0.006801
0.004920
0.003227
0.001855
0.000374
-0.001497
-0.003475
-0.005221
-0.006695
-0.007874
-0.008675
-0.009261
-0.009815
-0.009972
-0.009236
-0.007899
-0.006684
-0.005554
-0.003790
-0.001288
0.001191
0.003202
0.005054
0.006817
0.007967
0.008397
0.008726
0.009125
0.008907
0.007849
0.006722
0.005867
0.004586
0.002572
0.000621
-0.000646
-0.001672
-0.002979
-0.004204
-0.004810
-0.005017
-0.005243
-0.005315
-0.005025
-0.004756
-0.004764
-0.004589
-0.003924
-0.003257
-0.002999
-0.002757
-0.002067
-0.001158
-0.000406
0.000290
0.001080
0.001714
0.002021
0.002303
0.002746
0.003032
0.002928
0.002716
0.002790
0.003155
0.003557
0.003910
0.004266
0.004408
0.004005
0.003218
0.002494
0.001877
0.001199
0.000520
-0.000106
-0.000821
-0.001700
-0.002572
-0.003214
-0.003618
-0.003932
-0.004198
-0.004359
-0.004457
-0.004555
-0.004549
-0.004314
-0.003876
-0.003273
-0.002431
-0.001233
0.000299
0.001849
0.003050
0.003905
0.004594
0.005097
0.005380
0.005472
0.005183
0.004312
0.003134
0.002089
0.001215
0.000364
-0.000423
-0.001126
-0.001834
-0.002474
-0.002887
-0.003106
-0.003245
-0.003289
-0.003188
-0.002989
-0.002706
-0.002259
-0.001717
-0.001336
-0.001156
-0.000946
-0.000639
-0.000392
-0.000246
-0.000128
-0.000044
0.000064
0.000452
0.001302
0.002371
0.003097
0.003153
0.002787
0.002513
0.002574
0.002844
0.003102
0.003291
0.003457
0.003538
0.003483
0.003385
0.003183
0.002569
0.001381
-0.000221
-0.002013
-0.003879
-0.005598
-0.006778
-0.007258
-0.007262
-0.006988
-0.006387
-0.005405
-0.004152
-0.002744
-0.001267
0.000064
0.001059
0.001829
0.002560
0.003210
0.003677
0.004045
0.004445
0.004794
0.004889
0.004687
0.004225
0.003446
0.002386
0.001318
0.000453
-0.000302
-0.001093
-0.001772
-0.002093
-0.002130
-0.002202
-0.002424
-0.002615
-0.002650
-0.002610
-0.002607
-0.002704
-0.002891
-0.003050
-0.003068
-0.002849
-0.002277
-0.001397
-0.000462
0.000363
0.001139
0.001970
0.002867
0.003767
0.004453
0.004584
0.004049
0.003204
0.002529
0.002108
0.001667
0.001190
0.001050
0.001433
0.001986
0.002212
0.001998
0.001532
0.000872
-0.000035
-0.001096
-0.002219
-0.003446
-0.004642
-0.005357
-0.005354
-0.004972
-0.004598
-0.004097
-0.003183
-0.002012
-0.000959
-0.000124
0.000575
0.001172
0.001731
0.002275
0.002666
0.002880
0.003105
0.003357
0.003384
0.003067
0.002509
0.001764
0.000902
0.000079
-0.000637
-0.001212
-0.001566
-0.001696
-0.001630
-0.001354
-0.000898
-0.000386
0.000006
0.000143
0.000041
-0.000232
-0.000702
-0.001354
-0.001962
-0.002318
-0.002414
-0.002272
-0.001821
-0.001017
0.000015
0.001056
0.001941
0.002537
0.002727
0.002555
0.002145
0.001499
0.000672
-0.000019
-0.000338
-0.000409
-0.000287
0.000320
0.001444
0.002503
0.002957
0.002881
0.002612
0.002191
0.001490
0.000537
-0.000642
-0.002087
-0.003511
-0.004351
-0.004434
-0.004149
-0.003754
-0.003083
-0.002131
-0.001246
-0.000547
0.000154
0.000840
0.001335
0.001677
0.001963
0.002068
0.001838
0.001417
0.001152
0.001163
0.001191
0.000927
0.000368
-0.000296
-0.000913
-0.001342
-0.001473
-0.001298
-0.000913
-0.000517
-0.000228
0.000108
0.000584
0.000920
0.000866
0.000565
0.000234
-0.000105
-0.000459
-0.000724
-0.000846
-0.000900
-0.000858
-0.000588
-0.000153
0.000293
0.000773
0.001277
0.001546
0.001368
0.000890
0.000401
-0.000077
-0.000709
-0.001396
-0.001740
-0.001507
-0.000863
-0.000114
0.000643
0.001461
0.002241
0.002760
0.002914
0.002728
0.002208
0.001348
0.000258
-0.000789
-0.001595
-0.002201
-0.002657
-0.002873
-0.002780
-0.002425
-0.001920
-0.001340
-0.000750
-0.000251
0.000131
0.000493
0.000887
0.001204
0.001343
0.001354
0.001314
0.001223
0.001013
0.000599
0.000061
-0.000389
-0.000689
-0.000866
-0.000877
-0.000735
-0.000543
-0.000343
-0.000093
0.000227
0.000488
0.000472
0.000178
-0.000083
-0.000086
0.000045
0.000056
-0.000153
-0.000442
-0.000582
-0.000531
-0.000444
-0.000386
-0.000246
0.000043
0.000401
0.000729
0.000982
0.001106
0.001026
0.000732
0.000358
0.000079
-0.000058
-0.000161
-0.000373
-0.000678
-0.000854
-0.000687
-0.000167
0.000503
0.001063
0.001362
0.001372
0.001147
0.000839
0.000576
0.000319
0.000023
-0.000274
-0.000609
-0.001020
-0.001376
-0.001555
-0.001628
-0.001673
-0.001610
-0.001289
-0.000693
-0.000029
0.000440
0.000709
0.000936
0.001135
0.001199
0.001084
0.000813
0.000491
0.000247
0.000096
-0.000004
-0.000072
-0.000182
-0.000406
-0.000603
-0.000555
-0.000320
-0.000169
-0.000220
-0.000306
-0.000212
0.000062
0.000328
0.000430
0.000322
0.000046
-0.000218
-0.000260
-0.000170
-0.000243
-0.000529
-0.000808
-0.000853
-0.000574
-0.000068
0.000478
0.000917
0.001102
0.000982
0.000724
0.000485
0.000259
0.000045
-0.000119
-0.000251
-0.000345
-0.000279
0.000006
0.000354
0.000591
0.000750
0.000890
0.000938
0.000875
0.000740
0.000472
0.000046
-0.000368
-0.000600
-0.000683
-0.000771
-0.000954
-0.001160
-0.001237
-0.001118
-0.000863
-0.000623
-0.000526
-0.000563
-0.000576
-0.000435
-0.000172
0.000128
0.000516
0.001035
0.001428
0.001349
0.000868
0.000389
0.000161
0.000181
0.000335
0.000418
0.000274
-0.000015
-0.000204
-0.000201
-0.000173
-0.000243
-0.000298
-0.000231
-0.000090
0.000040
0.000038
-0.000190
-0.000531
-0.000749
-0.000717
-0.000508
-0.000315
-0.000265
-0.000326
-0.000376
-0.000292
-0.000029
0.000323
0.000567
0.000536
0.000283
0.000056
0.000029
0.000159
0.000319
0.000429
0.000439
0.000342
0.000265
0.000375
0.000579
0.000599
0.000459
0.000413
0.000466
0.000436
0.000311
0.000233
0.000285
0.000449
0.000604
0.000519
0.000064
-0.000597
-0.001234
-0.001671
-0.001706
-0.001340
-0.000906
-0.000641
-0.000478
-0.000350
-0.000309
-0.000342
-0.000364
-0.000326
-0.000231
-0.000068
0.000169
0.000392
0.000480
0.000466
0.000519
0.000678
0.000774
0.000698
0.000528
0.000367
0.000239
0.000162
0.000164
0.000200
0.000214
0.000241
0.000340
0.000454
0.000445
0.000294
0.000079
-0.000186
-0.000465
-0.000612
-0.000554
-0.000426
-0.000374
-0.000380
-0.000386
-0.000406
-0.000420
-0.000399
-0.000391
-0.000449
-0.000537
-0.000548
-0.000400
-0.000183
-0.000101
-0.000136
-0.000056
0.000192
0.000439
0.000582
0.000649
0.000710
0.000848
0.001059
0.001192
0.001129
0.000955
0.000814
0.000697
0.000503
0.000202
-0.000133
-0.000413
-0.000626
-0.000742
-0.000660
-0.000425
-0.000338
-0.000631
-0.001133
-0.001416
-0.001254
-0.000814
-0.000430
-0.000275
-0.000260
-0.000232
-0.000145
-0.000030
0.000044
0.000059
0.000119
0.000282
0.000438
0.000499
0.000502
0.000490
0.000508
0.000623
0.000777
0.000783
0.000580
0.000317
0.000140
0.000116
0.000247
0.000399
0.000391
0.000200
-0.000026
-0.000141
-0.000157
-0.000211
-0.000349
-0.000495
-0.000584
-0.000617
-0.000635
-0.000643
-0.000593
-0.000469
-0.000333
-0.000258
-0.000249
-0.000281
-0.000396
-0.000594
-0.000673
-0.000438
0.000027
0.000512
0.000896
0.001090
0.001034
0.000833
0.000690
0.000649
0.000581
0.000429
0.000315
0.000334
0.000390
0.000359
0.000246
0.000103
-0.000013
-0.000071
-0.000180
-0.000452
-0.000706
-0.000668
-0.000475
-0.000503
-0.000764
-0.000968
-0.000968
-0.000787
-0.000477
-0.000135
0.000126
0.000291
0.000389
0.000398
0.000306
0.000159
0.000011
-0.000062
-0.000026
0.000046
0.000119
0.000268
0.000474
0.000589
0.000519
0.000309
0.000117
0.000082
0.000157
0.000198
0.000185
0.000217
0.000331
0.000450
0.000486
0.000415
0.000272
0.000103
-0.000082
-0.000294
-0.000524
-0.000743
-0.000913
-0.000958
-0.000833
-0.000641
-0.000551
-0.000569
-0.000567
-0.000485
-0.000367
-0.000223
-0.000009
0.000238
0.000389
0.000408
0.000422
0.000534
0.000698
0.000796
0.000793
0.000728
0.000617
0.000491
0.000403
0.000329
0.000240
0.000189
0.000162
0.000077
-0.000017
-0.000027
-0.000042
-0.000223
-0.000518
-0.000723
-0.000736
-0.000638
-0.000545
-0.000522
-0.000569
-0.000584
-0.000440
-0.000143
0.000125
0.000152
-0.000021
-0.000090
0.000099
0.000316
0.000295
0.000144
0.000142
0.000260
0.000209
-0.000044
-0.000210
-0.000102
0.000160
0.000365
0.000432
0.000392
0.000307
0.000241
0.000225
0.000242
0.000308
0.000436
0.000499
0.000366
0.000099
-0.000136
-0.000289
-0.000439
-0.000616
-0.000704
-0.000631
-0.000515
-0.000460
-0.000345
-0.000064
0.000211
0.000228
0.000009
-0.000175
-0.000148
-0.000048
-0.000102
-0.000242
-0.000237
-0.000109
-0.000004
0.000117
0.000300
0.000388
0.000312
0.000265
0.000343
0.000363
0.000204
0.000034
0.000058
0.000185
0.000181
0.000064
0.000078
0.000283
0.000455
0.000457
0.000373
0.000213
-0.000081
-0.000394
-0.000572
-0.000628
-0.000584
-0.000403
-0.000156
-0.000074
-0.000261
-0.000506
-0.000574
-0.000486
-0.000347
-0.000191
-0.000078
-0.000051
-0.000023
0.000130
0.000372
0.000520
0.000464
0.000289
0.000155
0.000165
0.000280
0.000355
0.000331
0.000279
0.000221
0.000135
0.000099
0.000184
0.000255
0.000163
-0.000033
-0.000161
-0.000142
-0.000051
0.000035
0.000081
-0.000003
-0.000220
-0.000400
-0.000436
-0.000403
-0.000372
-0.000344
-0.000360
-0.000437
-0.000419
-0.000195
0.000069
0.000215
0.000290
0.000300
0.000194
0.000065
0.000016
0.000006
0.000025
0.000132
0.000283
0.000331
0.000188
-0.000038
-0.000132
-0.000034
0.000124
0.000230
0.000284
0.000304
0.000274
0.000234
0.000234
0.000231
0.000197
0.000139
-0.000001
-0.000231
-0.000402
-0.000389
-0.000256
-0.000148
-0.000147
-0.000237
-0.000282
-0.000207
-0.000179
-0.000323
-0.000473
-0.000439
-0.000236
-0.000009
0.000091
0.000065
0.000011
-0.000072
-0.000215
-0.000298
-0.000178
0.000143
0.000526
0.000823
0.000971
0.000950
0.000744
0.000429
0.000151
-0.000013
-0.000050
0.000021
0.000105
0.000069
-0.000127
-0.000396
-0.000585
-0.000579
-0.000373
-0.000108
0.000010
-0.000088
-0.000233
-0.000231
-0.000152
-0.000208
-0.000356
-0.000354
-0.000188
-0.000047
0.000029
0.000135
0.000234
0.000193
0.000005
-0.000207
-0.000333
-0.000311
-0.000121
0.000159
0.000388
0.000493
0.000500
0.000463
0.000428
0.000423
0.000408
0.000337
0.000246
0.000177
0.000106
0.000036
0.000001
-0.000010
-0.000020
-0.000033
-0.000056
-0.000083
-0.000150
-0.000325
-0.000574
-0.000792
-0.000904
-0.000824
-0.000529
-0.000200
-0.000032
0.000026
0.000123
0.000256
0.000336
0.000319
0.000192
0.000020
-0.000047
0.000019
0.000125
0.000235
0.000335
0.000374
0.000370
0.000364
0.000301
0.000161
0.000042
-0.000019
-0.000054
-0.000070
-0.000145
-0.000302
-0.000358
-0.000215
-0.000028
0.000085
0.000165
0.000204
0.000107
-0.000085
-0.000171
-0.000097
-0.000053
-0.000146
-0.000217
-0.000131
-0.000030
-0.000078
-0.000170
-0.000144
-0.000043
0.000028
0.000067
0.000070
-0.000063
-0.000304
-0.000363
-0.000071
0.000305
0.000423
0.000347
0.000342
0.000429
0.000443
0.000341
0.000185
-0.000000
-0.000150
-0.000158
-0.000034
0.000114
0.000203
0.000189
0.000084
-0.000070
-0.000283
-0.000539
-0.000658
-0.000530
-0.000347
-0.000309
-0.000329
-0.000258
-0.000115
0.000045
0.000238
0.000452
0.000598
0.000584
0.000354
-0.000018
-0.000308
-0.000378
-0.000307
-0.000165
0.000071
0.000275
0.000232
0.000027
-0.000043
0.000056
0.000142
0.000189
0.000271
0.000289
0.000111
-0.000147
-0.000241
-0.000131
-0.000012
-0.000029
-0.000106
-0.000087
0.000040
0.000140
0.000119
0.000012
-0.000094
-0.000167
-0.000208
-0.000195
-0.000130
-0.000071
-0.000059
-0.000100
-0.000202
-0.000320
-0.000348
-0.000200
0.000101
0.000387
0.000495
0.000464
0.000407
0.000306
0.000116
-0.000034
-0.000016
0.000047
0.000011
-0.000047
0.000011
0.000117
0.000061
-0.000190
-0.000407
-0.000419
-0.000241
0.000083
0.000443
0.000581
0.000380
0.000029
-0.000245
-0.000377
-0.000385
-0.000296
-0.000149
-0.000021
0.000047
0.000132
0.000306
0.000478
0.000461
0.000178
-0.000219
-0.000460
-0.000422
-0.000272
-0.000248
-0.000350
-0.000427
-0.000436
-0.000375
-0.000218
-0.000025
0.000105
0.000195
0.000305
0.000363
0.000318
0.000301
0.000432
0.000607
0.000665
0.000614
0.000544
0.000441
0.000237
-0.000068
-0.000376
-0.000556
-0.000595
-0.000596
-0.000562
-0.000422
-0.000240
-0.000123
-0.000057
-0.000008
-0.000003
-0.000012
0.000016
0.000037
0.000017
0.000015
0.000075
0.000169
0.000223
0.000167
-0.000005
-0.000212
-0.000352
-0.000370
-0.000230
0.000024
0.000228
0.000247
0.000149
0.000126
0.000260
0.000416
0.000454
0.000373
0.000206
0.000030
-0.000018
0.000079
0.000173
0.000157
0.000058
-0.000054
-0.000183
-0.000341
-0.000435
-0.000399
-0.000311
-0.000239
-0.000163
-0.000116
-0.000137
-0.000175
-0.000183
-0.000150
-0.000100
-0.000073
-0.000015
0.000112
0.000204
0.000160
-0.000013
-0.000208
-0.000256
-0.000169
-0.000119
-0.000088
0.000051
0.000253
0.000416
0.000503
0.000518
0.000511
0.000506
0.000444
0.000285
0.000119
0.000025
-0.000044
-0.000089
-0.000020
0.000104
0.000109
-0.000042
-0.000220
-0.000324
-0.000347
-0.000332
-0.000347
-0.000419
-0.000451
-0.000377
-0.000269
-0.000198
-0.000159
-0.000166
-0.000220
-0.000222
-0.000080
0.000096
0.000112
0.000057
0.000181
0.000430
0.000529
0.000482
0.000493
0.000570
0.000579
0.000495
0.000401
0.000309
0.000166
-0.000008
-0.000170
-0.000323
-0.000394
-0.000325
-0.000245
-0.000279
-0.000416
-0.000584
-0.000644
-0.000519
-0.000342
-0.000238
-0.000151
-0.000065
-0.000067
-0.000094
0.000037
0.000296
0.000463
0.000447
0.000292
0.000006
-0.000303
-0.000376
-0.000133
0.000197
0.000377
0.000409
0.000411
0.000421
0.000430
0.000411
0.000285
0.000047
-0.000100
0.000021
0.000239
0.000281
0.000179
0.000086
-0.000042
-0.000305
-0.000584
-0.000655
-0.000519
-0.000388
-0.000361
-0.000360
-0.000326
-0.000246
-0.000114
0.000053
0.000194
0.000254
0.000258
0.000244
0.000174
0.000068
0.000017
-0.000054
-0.000229
-0.000286
-0.000027
0.000307
0.000379
0.000208
0.000055
0.000100
0.000267
0.000368
0.000340
0.000208
0.000027
-0.000091
-0.000122
-0.000140
-0.000145
-0.000075
0.000043
0.000119
0.000089
-0.000059
-0.000278
-0.000496
-0.000592
-0.000474
-0.000241
-0.000077
-0.000023
0.000005
0.000048
0.000037
-0.000089
-0.000255
-0.000321
-0.000231
-0.000043
0.000125
0.000246
0.000405
0.000593
0.000701
0.000686
0.000580
0.000475
0.000454
0.000454
0.000345
0.000139
-0.000092
-0.000332
-0.000533
-0.000572
-0.000441
-0.000311
-0.000321
-0.000401
-0.000409
-0.000323
-0.000207
-0.000113
-0.000080
-0.000102
-0.000148
-0.000169
-0.000113
0.000002
0.000110
0.000167
0.000148
0.000115
0.000169
0.000268
0.000291
0.000213
0.000078
-0.000074
-0.000166
-0.000094
0.000117
0.000284
0.000284
0.000195
0.000186
0.000291
0.000332
0.000178
-0.000047
-0.000147
-0.000102
-0.000003
0.000087
0.000117
0.000021
-0.000223
-0.000519
-0.000709
-0.000716
-0.000570
-0.000349
-0.000203
-0.000286
-0.000501
-0.000511
-0.000166
0.000300
0.000573
0.000609
0.000582
0.000589
0.000592
0.000560
0.000489
0.000409
0.000381
0.000390
0.000352
0.000246
0.000076
-0.000156
-0.000327
-0.000289
-0.000140
-0.000128
-0.000343
-0.000678
-0.000933
-0.000903
-0.000591
-0.000224
0.000027
0.000129
0.000124
0.000111
0.000149
0.000213
0.000245
0.000188
0.000062
-0.000028
-0.000015
0.000056
0.000091
0.000074
0.000074
0.000126
0.000198
0.000211
0.000111
-0.000021
-0.000025
0.000132
0.000299
0.000302
0.000150
-0.000009
-0.000077
-0.000061
-0.000024
-0.000020
-0.000054
-0.000095
-0.000131
-0.000183
-0.000259
-0.000317
-0.000268
-0.000102
0.000025
-0.000005
-0.000112
-0.000217
-0.000344
-0.000423
-0.000307
-0.000089
0.000002
0.000023
0.000153
0.000321
0.000390
0.000371
0.000281
0.000181
0.000243
0.000457
0.000612
0.000634
0.000559
0.000354
0.000088
-0.000077
-0.000138
-0.000207
-0.000307
-0.000356
-0.000306
-0.000246
-0.000302
-0.000433
-0.000526
-0.000575
-0.000569
-0.000459
-0.000287
-0.000141
-0.000050
0.000033
0.000149
0.000217
0.000160
0.000108
0.000221
0.000407
0.000489
0.000452
0.000380
0.000321
0.000267
0.000183
0.000069
-0.000027
-0.000052
-0.000005
0.000047
0.000075
0.000115
0.000131
0.000024
-0.000201
-0.000387
-0.000397
-0.000273
-0.000158
-0.000095
-0.000078
-0.000168
-0.000370
-0.000525
-0.000462
-0.000222
0.000005
0.000187
0.000424
0.000595
0.000431
0.000004
-0.000289
-0.000256
-0.000070
0.000088
0.000166
0.000140
0.000059
0.000032
0.000071
0.000114
0.000131
0.000146
0.000212
0.000323
0.000368
0.000295
0.000190
0.000109
0.000013
-0.000065
-0.000024
0.000072
0.000030
-0.000140
-0.000234
-0.000188
-0.000146
-0.000237
-0.000442
-0.000645
-0.000710
-0.000587
-0.000379
-0.000212
-0.000091
0.000014
0.000104
0.000170
0.000197
0.000221
0.000309
0.000424
0.000483
0.000530
0.000586
0.000500
0.000217
-0.000070
-0.000214
-0.000234
-0.000142
0.000054
0.000245
0.000266
0.000063
-0.000219
-0.000344
-0.000249
-0.000133
-0.000196
-0.000348
-0.000378
-0.000271
-0.000136
-0.000017
0.000083
0.000132
0.000119
0.000071
0.000016
-0.000018
0.000019
0.000124
0.000156
0.000020
-0.000126
-0.000077
0.000112
0.000227
0.000159
-0.000036
-0.000177
-0.000089
0.000169
0.000321
0.000241
0.000078
-0.000023
-0.000049
0.000006
0.000101
0.000115
0.000030
-0.000053
-0.000089
-0.000108
-0.000080
0.000013
0.000001
-0.000246
-0.000531
-0.000590
-0.000427
-0.000220
-0.000075
0.000044
0.000210
0.000357
0.000334
0.000179
0.000063
0.000001
-0.000030
0.000038
0.000155
0.000192
0.000220
0.000374
0.000557
0.000546
0.000289
-0.000047
-0.000285
-0.000436
-0.000581
-0.000654
-0.000576
-0.000419
-0.000225
0.000068
0.000375
0.000483
0.000370
0.000222
0.000147
0.000084
-0.000019
-0.000077
-0.000022
0.000013
-0.000075
-0.000115
0.000013
0.000128
0.000054
-0.000114
-0.000198
-0.000162
-0.000061
0.000040
0.000079
-0.000005
-0.000183
-0.000296
-0.000256
-0.000154
-0.000090
-0.000036
0.000114
0.000357
0.000492
0.000355
0.000127
0.000091
0.000173
0.000100
-0.000085
-0.000088
0.000110
0.000236
0.000197
0.000135
0.000071
-0.000096
-0.000328
-0.000442
-0.000377
-0.000294
-0.000314
-0.000339
-0.000258
-0.000135
-0.000074
-0.000065
-0.000039
0.000050
0.000196
0.000320
0.000344
0.000274
0.000200
0.000203
0.000251
0.000273
0.000255
0.000200
0.000078
-0.000107
-0.000277
-0.000346
-0.000286
-0.000152
0.000022
0.000215
0.000256
0.000037
-0.000199
-0.000216
-0.000129
-0.000093
-0.000087
-0.000080
-0.000089
-0.000112
-0.000101
-0.000002
0.000132
0.000183
0.000160
0.000170
0.000173
0.000059
-0.000077
-0.000058
0.000041
0.000058
0.000047
0.000087
0.000086
0.000013
-0.000052
-0.000148
-0.000287
-0.000315
-0.000206
-0.000090
-0.000006
0.000039
-0.000015
-0.000122
-0.000162
-0.000113
-0.000015
0.000107
0.000198
0.000205
0.000187
0.000211
0.000230
0.000176
0.000101
0.000111
0.000192
0.000239
0.000204
0.000118
-0.000014
-0.000209
-0.000379
-0.000414
-0.000362
-0.000315
-0.000238
-0.000073
0.000115
0.000212
0.000226
0.000260
0.000298
0.000242
0.000097
-0.000064
-0.000201
-0.000259
-0.000180
-0.000045
-0.000017
-0.000122
-0.000233
-0.000257
-0.000228
-0.000189
-0.000133
-0.000105
-0.000150
-0.000150
0.000030
0.000326
0.000587
0.000679
0.000518
0.000261
0.000179
0.000235
0.000188
0.000015
-0.000124
-0.000154
-0.000115
-0.000091
-0.000127
-0.000190
-0.000194
-0.000095
0.000020
0.000014
-0.000106
-0.000209
-0.000254
-0.000292
-0.000287
-0.000204
-0.000148
-0.000145
-0.000020
0.000284
0.000510
0.000447
0.000232
0.000098
0.000050
-0.000011
-0.000073
-0.000098
-0.000117
-0.000105
0.000011
0.000147
0.000118
-0.000046
-0.000152
-0.000168
-0.000143
-0.000056
0.000034
0.000020
-0.000038
-0.000024
0.000058
0.000123
0.000121
0.000139
0.000270
0.000378
0.000270
0.000013
-0.000207
-0.000345
-0.000413
-0.000345
-0.000100
0.000184
0.000310
0.000251
0.000153
0.000085
-0.000001
-0.000105
-0.000186
-0.000241
-0.000247
-0.000197
-0.000136
-0.000034
0.000131
0.000198
0.000056
-0.000114
-0.000107
0.000029
0.000144
0.000190
0.000163
0.000070
-0.000025
-0.000043
0.000016
0.000044
-0.000011
-0.000042
0.000030
0.000101
0.000053
-0.000084
-0.000178
-0.000122
0.000049
0.000182
0.000176
0.000042
-0.000157
-0.000316
-0.000328
-0.000194
-0.000038
0.000030
-0.000000
-0.000087
-0.000144
-0.000076
0.000070
0.000183
0.000282
0.000393
0.000446
0.000419
0.000347
0.000242
0.000116
0.000001
-0.000055
-0.000072
-0.000184
-0.000422
-0.000585
-0.000519
-0.000309
-0.000114
-0.000019
-0.000022
-0.000053
-0.000017
0.000105
0.000205
0.000152
-0.000032
-0.000171
-0.000126
0.000051
0.000172
0.000133
0.000052
0.000095
0.000222
0.000274
0.000184
-0.000021
-0.000238
-0.000312
-0.000219
-0.000090
-0.000001
0.000055
0.000061
0.000059
0.000149
0.000249
0.000192
0.000069
0.000093
0.000188
0.000108
-0.000115
-0.000243
-0.000227
-0.000168
-0.000080
0.000040
0.000098
0.000039
-0.000055
-0.000081
-0.000049
-0.000055
-0.000141
-0.000229
-0.000215
-0.000094
0.000058
0.000163
0.000181
0.000115
0.000002
-0.000085
-0.000060
0.000062
0.000149
0.000117
0.000051
0.000099
0.000266
0.000401
0.000363
0.000146
-0.000131
-0.000361
-0.000483
-0.000393
-0.000095
0.000165
0.000161
-0.000032
-0.000158
-0.000104
-0.000010
-0.000010
-0.000048
-0.000032
0.000032
0.000072
-0.000014
-0.000260
-0.000512
-0.000509
-0.000200
0.000162
0.000394
0.000510
0.000488
0.000304
0.000095
0.000006
0.000020
0.000097
0.000204
0.000196
-0.000011
-0.000233
-0.000257
-0.000116
0.000042
0.000148
0.000187
0.000149
0.000009
-0.000200
-0.000321
-0.000260
-0.000103
0.000026
0.000080
0.000057
-0.000029
-0.000138
-0.000196
-0.000155
-0.000080
-0.000088
-0.000168
-0.000189
-0.000069
0.000146
0.000339
0.000386
0.000264
0.000102
0.000031
0.000023
-0.000038
-0.000163
-0.000235
-0.000154
0.000038
0.000192
0.000275
0.000388
0.000484
0.000434
0.000279
0.000115
-0.000074
-0.000293
-0.000468
-0.000538
-0.000519
-0.000467
-0.000399
-0.000292
-0.000158
-0.000036
0.000067
0.000142
0.000128
0.000036
0.000029
0.000160
0.000262
0.000235
0.000166
0.000137
0.000112
0.000040
-0.000007
0.000029
0.000016
-0.000108
-0.000125
0.000095
0.000325
0.000321
0.000119
-0.000090
-0.000196
-0.000161
0.000045
0.000322
0.000430
0.000257
-0.000065
-0.000315
-0.000390
-0.000368
-0.000384
-0.000458
-0.000466
-0.000304
-0.000056
0.000101
0.000142
0.000167
0.000208
0.000202
0.000112
0.000006
-0.000034
0.000014
0.000160
0.000367
0.000496
0.000430
0.000218
0.000028
-0.000026
0.000021
0.000047
-0.000019
-0.000167
-0.000310
-0.000326
-0.000200
-0.000084
-0.000095
-0.000186
-0.000259
-0.000238
-0.000114
-0.000007
-0.000050
-0.000186
-0.000213
-0.000047
0.000179
0.000347
0.000418
0.000315
0.000093
0.000015
0.000164
0.000291
0.000199
-0.000004
-0.000151
-0.000235
-0.000271
-0.000191
-0.000034
0.000029
-0.000076
-0.000220
-0.000204
0.000002
0.000194
0.000188
0.000047
-0.000071
-0.000103
-0.000038
0.000077
0.000146
0.000171
0.000228
0.000319
0.000376
0.000340
0.000208
0.000022
-0.000148
-0.000246
-0.000280
-0.000294
-0.000308
-0.000313
-0.000260
-0.000130
-0.000042
-0.000101
-0.000206
-0.000209
-0.000140
-0.000078
0.000025
0.000192
0.000304
0.000266
0.000119
-0.000022
-0.000067
0.000023
0.000213
0.000381
0.000407
0.000296
0.000185
0.000167
0.000159
0.000034
-0.000148
-0.000232
-0.000190
-0.000159
-0.000261
-0.000417
-0.000445
-0.000325
-0.000184
-0.000081
-0.000017
-0.000011
-0.000012
0.000086
0.000241
0.000268
0.000108
-0.000035
0.000019
0.000129
0.000094
-0.000019
-0.000045
0.000012
0.000065
0.000100
0.000158
0.000233
0.000245
0.000170
0.000106
0.000067
-0.000071
-0.000266
-0.000325
-0.000225
-0.000078
0.000043
0.000076
0.000007
-0.000091
-0.000140
-0.000105
-0.000007
0.000070
0.000072
0.000036
0.000002
-0.000010
0.000002
-0.000012
-0.000069
-0.000128
-0.000146
-0.000091
-0.000010
-0.000029
-0.000165
-0.000260
-0.000122
0.000232
0.000518
0.000512
0.000329
0.000229
0.000229
0.000171
0.000036
-0.000049
-0.000040
-0.000028
-0.000088
-0.000148
-0.000097
-0.000013
-0.000042
-0.000132
-0.000175
-0.000184
-0.000194
-0.000187
-0.000183
-0.000245
-0.000358
-0.000380
-0.000216
0.000008
0.000135
0.000168
0.000140
0.000069
0.000070
0.000208
0.000352
0.000386
0.000332
0.000190
-0.000038
-0.000192
-0.000134
0.000054
0.000211
0.000248
0.000176
0.000094
0.000082
0.000111
0.000105
0.000014
-0.000173
-0.000354
-0.000378
-0.000305
-0.000310
-0.000378
-0.000357
-0.000164
0.000158
0.000413
0.000411
0.000208
0.000025
-0.000032
-0.000028
-0.000050
-0.000094
-0.000078
0.000024
0.000130
0.000169
0.000140
0.000071
-0.000015
-0.000086
-0.000083
-0.000010
0.000030
-0.000005
-0.000064
-0.000100
-0.000072
0.000034
0.000160
0.000266
0.000298
0.000132
-0.000192
-0.000358
-0.000173
0.000137
0.000265
0.000227
0.000173
0.000080
-0.000085
-0.000203
-0.000213
-0.000217
-0.000290
-0.000349
-0.000293
-0.000170
-0.000103
-0.000103
-0.000056
0.000066
0.000156
0.000158
0.000120
0.000080
0.000032
-0.000003
0.000008
0.000050
0.000118
0.000240
0.000378
0.000411
0.000292
0.000138
0.000075
0.000080
0.000068
0.000036
-0.000022
-0.000162
-0.000315
-0.000316
-0.000187
-0.000137
-0.000238
-0.000325
-0.000242
-0.000060
0.000051
0.000034
-0.000020
0.000002
0.000048
-0.000010
-0.000101
-0.000031
0.000164
0.000234
0.000107
-0.000021
0.000005
0.000090
0.000088
0.000056
0.000127
0.000242
0.000246
0.000113
-0.000083
-0.000226
-0.000212
-0.000113
-0.000063
-0.000026
0.000041
0.000071
0.000045
0.000007
-0.000015
-0.000020
-0.000001
0.000100
0.000273
0.000323
0.000090
-0.000291
-0.000497
-0.000384
-0.000140
-0.000025
-0.000085
-0.000192
-0.000232
-0.000176
-0.000071
0.000006
0.000065
0.000206
0.000378
0.000402
0.000282
0.000193
0.000172
0.000117
0.000023
-0.000011
0.000043
0.000088
0.000030
-0.000084
-0.000153
-0.000158
-0.000127
-0.000105
-0.000100
-0.000037
0.000078
0.000082
-0.000083
-0.000268
-0.000333
-0.000254
-0.000126
-0.000098
-0.000165
-0.000129
0.000088
0.000322
0.000368
0.000228
