5760
0.000161
0.000180
0.000226
0.000191
0.000025
-0.000135
-0.000179
-0.000161
-0.000113
-0.000035
-0.000004
-0.000061
-0.000130
-0.000141
-0.000084
0.000031
0.000176
0.000251
0.000174
0.000005
-0.000141
-0.000182
-0.000085
0.000062
0.000144
0.000129
0.000012
-0.000142
-0.000201
-0.000174
-0.000177
-0.000177
-0.000062
0.000095
0.000126
0.000073
0.000136
0.000334
0.000456
0.000358
0.000125
-0.000036
-0.000045
-0.000040
-0.000136
-0.000204
-0.000094
0.000115
0.000232
0.000172
-0.000024
-0.000223
-0.000321
-0.000344
-0.000324
-0.000245
-0.000165
-0.000178
-0.000287
-0.000376
-0.000284
0.000009
0.000334
0.000500
0.000465
0.000334
0.000244
0.000271
0.000378
0.000434
0.000381
0.000269
0.000135
-0.000005
-0.000117
-0.000194
-0.000259
-0.000294
-0.000263
-0.000233
-0.000310
-0.000421
-0.000414
-0.000310
-0.000246
-0.000215
-0.000083
0.000116
0.000194
0.000137
0.000082
0.000094
0.000151
0.000212
0.000257
0.000270
0.000196
0.000055
-0.000043
-0.000037
0.000007
-0.000006
-0.000048
-0.000017
0.000077
0.000148
0.000178
0.000134
-0.000018
-0.000185
-0.000259
-0.000227
-0.000090
0.000120
0.000266
0.000236
0.000114
0.000046
0.000009
-0.000086
-0.000170
-0.000163
-0.000164
-0.000259
-0.000372
-0.000418
-0.000333
-0.000073
0.000233
0.000372
0.000365
0.000337
0.000239
0.000013
-0.000171
-0.000135
0.000013
0.000061
-0.000006
-0.000030
0.000047
0.000088
0.000012
-0.000092
-0.000153
-0.000151
-0.000033
0.000190
0.000388
0.000411
0.000240
0.000039
-0.000038
-0.000026
-0.000061
-0.000189
-0.000288
-0.000228
-0.000089
-0.000047
-0.000065
0.000010
0.000112
0.000029
-0.000169
-0.000178
0.000066
0.000286
0.000278
0.000145
0.000035
-0.000067
-0.000190
-0.000274
-0.000249
-0.000146
-0.000102
-0.000182
-0.000233
-0.000108
0.000108
0.000270
0.000295
0.000183
0.000090
0.000134
0.000197
0.000171
0.000102
0.000001
-0.000144
-0.000218
-0.000117
0.000048
0.000118
0.000105
0.000085
0.000046
-0.000035
-0.000103
-0.000101
-0.000041
0.000002
-0.000015
-0.000047
-0.000040
-0.000050
-0.000146
-0.000199
-0.000073
0.000086
0.000079
-0.000002
0.000026
0.000132
0.000158
0.000084
0.000015
0.000005
0.000020
0.000053
0.000110
0.000107
-0.000005
-0.000113
-0.000119
-0.000120
-0.000227
-0.000301
-0.000159
0.000056
0.000070
-0.000072
-0.000094
0.000069
0.000185
0.000078
-0.000080
-0.000018
0.000209
0.000352
0.000362
0.000346
0.000294
0.000144
-0.000069
-0.000271
-0.000384
-0.000331
-0.000169
-0.000071
-0.000075
-0.000064
-0.000012
-0.000035
-0.000137
-0.000182
-0.000136
-0.000088
-0.000027
0.000119
0.000248
0.000225
0.000112
0.000056
0.000110
0.000210
0.000205
0.000070
-0.000034
-0.000004
0.000053
-0.000033
-0.000281
-0.000499
-0.000485
-0.000246
0.000038
0.000218
0.000289
0.000272
0.000128
-0.000097
-0.000209
-0.000075
0.000155
0.000203
0.000042
-0.000104
-0.000126
-0.000085
-0.000011
0.000076
0.000150
0.000212
0.000223
0.000141
0.000059
0.000101
0.000199
0.000152
-0.000073
-0.000257
-0.000224
-0.000065
0.000023
0.000015
0.000010
-0.000026
-0.000164
-0.000278
-0.000229
-0.000133
-0.000191
-0.000344
-0.000321
-0.000045
0.000223
0.000244
0.000103
0.000008
0.000021
0.000109
0.000254
0.000371
0.000294
0.000027
-0.000162
-0.000060
0.000175
0.000237
0.000117
0.000076
0.000190
0.000198
-0.000061
-0.000346
-0.000353
-0.000154
-0.000030
-0.000052
-0.000068
-0.000024
-0.000032
-0.000129
-0.000189
-0.000126
-0.000016
0.000007
-0.000080
-0.000132
-0.000046
0.000074
0.000119
0.000128
0.000104
0.000011
-0.000052
0.000028
0.000164
0.000203
0.000143
0.000050
-0.000071
-0.000167
-0.000066
0.000224
0.000370
0.000145
-0.000227
-0.000373
-0.000245
-0.000050
0.000094
0.000201
0.000237
0.000105
-0.000167
-0.000346
-0.000285
-0.000161
-0.000154
-0.000134
0.000029
0.000158
0.000119
0.000077
0.000159
0.000246
0.000217
0.000119
0.000052
0.000032
0.000040
0.000069
0.000055
-0.000045
-0.000126
-0.000089
-0.000008
0.000009
-0.000013
-0.000014
-0.000014
-0.000036
-0.000048
-0.000023
0.000003
-0.000014
-0.000068
-0.000162
-0.000275
-0.000270
-0.000087
0.000091
0.000099
0.000047
0.000083
0.000090
-0.000073
-0.000222
-0.000143
0.000046
0.000162
0.000215
0.000224
0.000136
-0.000026
-0.000129
-0.000071
0.000076
0.000159
0.000184
0.000222
0.000203
0.000061
-0.000102
-0.000147
-0.000032
0.000145
0.000189
0.000019
-0.000222
-0.000340
-0.000278
-0.000117
0.000000
-0.000012
-0.000087
-0.000105
-0.000061
-0.000022
0.000010
0.000060
0.000054
-0.000069
-0.000163
-0.000060
0.000127
0.000204
0.000200
0.000186
0.000111
-0.000014
-0.000045
0.000099
0.000268
0.000212
-0.000031
-0.000147
-0.000026
0.000100
0.000022
-0.000190
-0.000339
-0.000332
-0.000242
-0.000154
-0.000051
0.000063
0.000138
0.000181
0.000194
0.000118
-0.000022
-0.000109
-0.000111
-0.000073
0.000009
0.000084
0.000065
0.000013
0.000054
0.000159
0.000180
0.000038
-0.000172
-0.000268
-0.000175
0.000002
0.000127
0.000163
0.000111
-0.000007
-0.000076
-0.000007
0.000109
0.000126
0.000044
-0.000024
-0.000052
-0.000125
-0.000246
-0.000265
-0.000121
0.000026
0.000014
-0.000071
-0.000028
0.000157
0.000296
0.000252
0.000092
-0.000025
-0.000026
0.000046
0.000100
0.000070
-0.000048
-0.000166
-0.000189
-0.000104
0.000008
0.000052
0.000017
-0.000015
0.000006
0.000051
0.000076
0.000069
0.000047
0.000036
0.000018
-0.000026
-0.000050
-0.000031
-0.000046
-0.000112
-0.000068
0.000155
0.000306
0.000040
-0.000454
-0.000325
0.000421
0.000440
-0.000316
-0.000366
0.000085
-0.000198
-0.000500
0.000094
0.000484
0.000016
-0.000222
0.000101
0.000140
-0.000077
0.000060
0.000267
0.000100
-0.000102
-0.000153
-0.000406
-0.000592
0.000061
0.001114
0.001123
0.000104
-0.000354
0.000071
0.000181
-0.000134
-0.000047
0.000150
-0.000180
-0.000550
-0.000459
-0.000229
-0.000074
0.000079
0.000042
-0.000204
-0.000233
-0.000001
0.000098
0.000092
0.000103
-0.000135
-0.000454
-0.000348
-0.000060
-0.000034
0.000044
0.000430
0.000696
0.000587
0.000364
0.000139
-0.000130
-0.000232
-0.000027
0.000172
0.000053
-0.000192
-0.000201
0.000013
0.000143
0.000044
-0.000096
-0.000085
-0.000056
-0.000225
-0.000416
-0.000248
0.000136
0.000169
-0.000183
-0.000370
-0.000213
-0.000089
-0.000093
0.000152
0.000560
0.000513
0.000125
0.000113
0.000345
0.000297
0.000155
0.000049
-0.000153
-0.000166
0.000018
-0.000060
-0.000200
0.000058
0.000306
0.000049
-0.000308
-0.000381
-0.000448
-0.000537
-0.000301
0.000075
0.000103
-0.000084
0.000024
0.000392
0.000538
0.000303
-0.000010
-0.000128
-0.000094
-0.000086
-0.000097
0.000028
0.000167
-0.000012
-0.000329
-0.000162
0.000308
0.000084
-0.000646
-0.000453
0.000453
0.000383
-0.000287
-0.000008
0.000573
0.000379
0.000134
0.000160
-0.000248
-0.000666
-0.000377
0.000094
0.000586
0.001425
0.001523
0.000070
-0.001258
-0.001219
-0.000804
-0.000423
0.000145
0.000089
-0.000479
-0.000280
0.000350
0.000258
-0.000035
0.000325
0.000453
-0.000402
-0.000884
-0.000091
0.000304
-0.000469
-0.000178
0.001328
0.000998
-0.000696
-0.000346
0.001130
0.000598
-0.000589
0.000154
0.000820
-0.000715
-0.001619
-0.000024
0.000760
-0.000445
-0.000182
0.001648
0.001325
-0.000844
-0.001207
0.000149
0.000414
-0.000405
-0.000463
0.000178
0.000114
-0.000744
-0.001292
-0.000934
-0.000012
0.000469
0.000121
-0.000397
-0.000546
0.000085
0.000852
0.000383
0.000005
0.001124
0.001222
-0.000277
0.000171
0.001589
-0.000029
-0.001577
0.000631
0.001360
-0.001678
-0.001634
0.001523
0.000520
-0.002075
-0.000268
0.001583
0.000064
-0.000652
0.000121
-0.000164
-0.000331
0.000236
-0.000069
-0.000107
0.000598
-0.000115
-0.000666
0.000617
0.000338
-0.001147
-0.000007
0.000934
-0.000793
-0.001000
0.000625
0.000643
0.000180
0.000158
-0.000604
-0.000621
0.000308
0.000253
0.000270
0.000757
-0.000305
-0.001089
0.000532
0.000926
-0.000794
0.000026
0.001952
0.000414
-0.001071
0.000228
-0.000067
-0.001799
-0.000646
0.001261
0.000254
-0.001152
-0.000582
0.000151
0.000182
0.000161
0.000194
0.000570
0.000587
-0.000171
0.000122
0.000654
-0.000907
-0.001615
0.000511
0.001319
0.000040
0.000072
0.000408
-0.000762
-0.000986
0.000697
0.001386
0.000181
-0.000478
-0.000075
-0.000436
-0.000913
0.000252
0.001147
-0.000337
-0.001672
-0.000448
0.000966
0.000033
-0.001459
-0.000751
0.001078
0.000963
-0.000399
0.000219
0.001948
0.000963
-0.001564
-0.000881
0.001171
-0.000100
-0.001140
0.001586
0.002338
-0.001282
-0.002727
-0.000386
0.000909
0.000734
0.001099
0.000746
-0.001164
-0.002403
-0.001273
0.000522
0.000775
0.000395
0.000541
0.000159
-0.000334
0.000509
0.000846
-0.000784
-0.001541
0.000020
0.001256
0.000567
-0.000828
-0.001371
-0.000848
-0.000104
0.000638
0.001187
0.000605
-0.000288
0.000289
0.001167
0.000355
-0.000710
0.000110
0.001540
0.001321
-0.000181
-0.001051
-0.000413
0.000248
-0.000645
-0.000916
0.000805
0.000351
-0.002628
-0.001827
0.001652
0.000594
-0.002675
-0.001498
0.001533
0.001007
-0.001236
-0.001150
0.000493
0.001080
0.000916
0.001220
0.000922
-0.000161
0.000195
0.000908
-0.000358
-0.000484
0.001616
0.000928
-0.001565
-0.000112
0.002239
0.000134
-0.002089
-0.000046
0.001662
-0.000174
-0.001300
0.000153
0.000320
-0.001394
-0.001782
-0.001072
-0.000847
-0.000048
0.001088
0.000467
-0.001368
-0.002153
-0.000642
0.002596
0.003897
0.001014
-0.002154
-0.002209
-0.000849
0.000666
0.002565
0.002987
0.000783
-0.001444
-0.001164
0.000731
0.001621
0.000802
-0.000144
-0.000909
-0.001765
-0.001039
0.000783
0.000468
-0.001212
-0.001267
-0.001032
-0.001641
-0.000400
0.002108
0.001974
-0.000364
-0.001736
-0.001545
-0.000424
0.001223
0.002054
0.001204
-0.000148
-0.000573
0.000042
0.000715
0.000823
0.000707
0.000248
-0.000285
0.000203
0.000585
-0.000971
-0.002598
-0.001530
0.000873
0.001340
-0.000189
-0.000926
-0.000094
0.000002
-0.000947
-0.000418
0.001048
0.000923
0.000672
0.001708
0.001107
-0.001158
-0.000849
0.001450
0.001448
-0.000522
-0.001271
-0.000582
-0.000500
-0.001392
-0.001340
-0.000038
-0.000109
-0.001712
-0.001419
0.000741
0.001196
0.000157
0.000282
0.000837
0.000402
0.000363
0.001366
0.001688
0.000672
-0.000261
-0.000108
0.000277
-0.000063
-0.000134
0.000733
0.000802
-0.000624
-0.001509
-0.000775
0.000294
0.000703
0.000425
-0.000785
-0.002116
-0.001621
0.000341
0.001535
0.001234
-0.000295
-0.002163
-0.002290
-0.000369
0.001165
0.000847
-0.000289
-0.000879
-0.000710
-0.000058
0.000967
0.001748
0.001249
-0.000098
-0.000399
0.000660
0.001326
0.000889
0.000337
-0.000043
-0.000366
-0.000097
0.000205
-0.000089
0.000214
0.000966
0.000419
-0.000714
-0.000782
-0.000731
-0.001478
-0.001218
0.000627
0.000855
-0.001421
-0.002095
0.000009
0.000851
-0.000738
-0.001438
0.000024
0.001373
0.001336
0.001251
0.001524
0.000627
-0.000792
-0.000257
0.001317
0.001253
0.000199
-0.000422
-0.001357
-0.002130
-0.000966
0.000892
0.000836
-0.000556
-0.000974
-0.000042
0.000855
0.000822
0.000096
-0.000691
-0.000570
0.000829
0.001739
0.000468
-0.001695
-0.002345
-0.000962
0.000780
0.001163
0.000787
0.000853
0.000765
0.000175
-0.000233
-0.000812
-0.001575
-0.000938
0.000884
0.001687
0.001025
-0.000327
-0.001714
-0.001457
0.000682
0.001640
0.000445
0.000189
0.001173
0.000143
-0.001991
-0.001386
0.000465
-0.000224
-0.001598
-0.000218
0.001850
0.001049
-0.001027
-0.000840
0.000584
0.000385
-0.000202
0.000668
0.000888
-0.000512
-0.000719
0.000866
0.001415
-0.000233
-0.002054
-0.001853
-0.000324
0.000308
0.000232
0.000646
0.000650
-0.000181
-0.000228
0.000654
0.000538
-0.000650
-0.000743
0.000847
0.002192
0.001657
-0.000142
-0.001173
-0.000671
-0.000185
-0.000602
-0.000545
0.000260
0.000231
-0.000353
-0.000016
0.000351
-0.000501
-0.001042
0.000079
0.001114
0.000376
-0.000840
-0.000817
-0.000061
0.000339
0.000465
0.000535
0.000085
-0.000906
-0.001217
-0.000126
0.000885
0.000415
-0.000288
0.000245
0.000897
0.000390
-0.000267
-0.000165
-0.000141
-0.000360
0.000231
0.001177
0.000909
-0.000283
-0.000951
-0.000787
-0.000281
0.000045
0.000102
0.000444
0.000891
0.000521
-0.000410
-0.001056
-0.001360
-0.001069
0.000132
0.001334
0.001528
0.000748
-0.000707
-0.002038
-0.001724
0.000063
0.001175
0.001206
0.001358
0.001063
-0.000456
-0.001587
-0.000963
0.000332
0.000952
0.000943
0.000600
-0.000141
-0.000912
-0.000988
-0.000267
0.000443
0.000425
0.000165
0.000321
0.000244
-0.000499
-0.000794
-0.000177
0.000169
-0.000326
-0.000693
-0.000264
0.000183
-0.000076
-0.000430
-0.000295
0.000023
0.000306
0.000616
0.000903
0.001028
0.000618
-0.000265
-0.000562
0.000159
0.000759
0.000492
0.000095
0.000131
0.000016
-0.000506
-0.000684
-0.000270
0.000168
0.000323
0.000017
-0.000812
-0.001437
-0.001050
0.000161
0.001102
0.000809
-0.000238
-0.000855
-0.000842
-0.000352
0.000561
0.001015
0.000489
-0.000024
-0.000061
-0.000290
-0.000450
0.000181
0.000895
0.000753
0.000143
-0.000397
-0.000831
-0.000781
-0.000111
0.000435
0.000617
0.000940
0.001063
0.000296
-0.000685
-0.000743
-0.000240
-0.000261
-0.000597
-0.000380
0.000125
0.000247
0.000242
0.000367
0.000258
-0.000022
-0.000003
0.000164
0.000030
-0.000230
-0.000218
-0.000174
-0.000379
-0.000470
-0.000177
0.000212
0.000412
0.000341
0.000004
-0.000320
-0.000309
-0.000076
0.000017
-0.000079
0.000025
0.000447
0.000625
0.000265
-0.000163
-0.000325
-0.000210
0.000210
0.000561
0.000322
-0.000224
-0.000421
-0.000223
-0.000020
0.000030
0.000178
0.000432
0.000221
-0.000467
-0.000683
-0.000118
0.000338
0.000203
-0.000043
-0.000177
-0.000291
-0.000155
0.000177
0.000178
-0.000183
-0.000300
0.000110
0.000566
0.000429
-0.000209
-0.000591
-0.000399
-0.000014
0.000281
0.000353
-0.000025
-0.000721
-0.001174
-0.000943
-0.000007
0.001157
0.001684
0.001154
0.000241
-0.000229
-0.000318
-0.000271
0.000018
0.000374
0.000496
0.000422
0.000065
-0.000626
-0.001013
-0.000553
0.000230
0.000462
0.000091
-0.000288
-0.000400
-0.000384
-0.000236
0.000052
0.000198
0.000094
0.000099
0.000362
0.000403
-0.000103
-0.000679
-0.000696
-0.000146
0.000457
0.000636
0.000380
0.000023
-0.000208
-0.000275
-0.000149
0.000063
0.000152
0.000237
0.000575
0.000944
0.000859
0.000236
-0.000578
-0.001124
-0.001038
-0.000402
0.000223
0.000407
0.000155
-0.000308
-0.000720
-0.000887
-0.000668
-0.000045
0.000633
0.000961
0.000938
0.000677
0.000099
-0.000628
-0.000928
-0.000495
0.000310
0.000877
0.000894
0.000464
-0.000097
-0.000483
-0.000519
-0.000324
-0.000201
-0.000151
0.000132
0.000612
0.000709
0.000071
-0.000792
-0.001070
-0.000596
0.000116
0.000517
0.000484
0.000181
-0.000274
-0.000700
-0.000732
-0.000286
0.000241
0.000471
0.000370
0.000130
-0.000064
-0.000196
-0.000213
0.000111
0.000666
0.000856
0.000427
-0.000154
-0.000432
-0.000366
-0.000019
0.000459
0.000708
0.000505
0.000015
-0.000454
-0.000713
-0.000700
-0.000472
-0.000117
0.000300
0.000527
0.000253
-0.000338
-0.000687
-0.000576
-0.000185
0.000296
0.000638
0.000617
0.000327
0.000085
0.000087
0.000246
0.000331
0.000251
0.000110
-0.000003
-0.000069
-0.000058
-0.000002
0.000010
-0.000036
-0.000104
-0.000159
-0.000139
-0.000032
0.000081
0.000183
0.000319
0.000417
0.000343
0.000159
0.000053
-0.000009
-0.000267
-0.000707
-0.000951
-0.000780
-0.000432
-0.000233
-0.000239
-0.000318
-0.000321
-0.000201
-0.000073
-0.000057
-0.000140
-0.000260
-0.000276
-0.000045
0.000226
0.000181
-0.000084
-0.000242
-0.000282
-0.000337
-0.000315
-0.000012
0.000514
0.000944
0.001078
0.000933
0.000527
-0.000054
-0.000454
-0.000313
0.000256
0.000758
0.000723
-0.000097
-0.001383
-0.002038
-0.001275
0.000167
0.000958
0.000915
0.000702
0.000552
0.000353
0.000366
0.000811
0.001209
0.001059
0.000735
0.000873
0.001259
0.001104
0.000290
-0.000459
-0.000654
-0.000457
-0.000073
0.000399
0.000566
0.000065
-0.000747
-0.001168
-0.001127
-0.001086
-0.001130
-0.000959
-0.000662
-0.000636
-0.000884
-0.001110
-0.001200
-0.001094
-0.000719
-0.000304
-0.000145
-0.000156
-0.000157
-0.000207
-0.000294
-0.000141
0.000364
0.000915
0.001200
0.001193
0.000948
0.000546
0.000290
0.000492
0.000958
0.001197
0.001135
0.001062
0.001044
0.000927
0.000594
-0.000019
-0.000721
-0.001222
-0.001867
-0.003394
-0.005371
-0.005760
-0.003297
0.000308
0.001981
0.000923
-0.000690
-0.000896
0.000116
0.001680
0.003734
0.005439
0.005115
0.002995
0.001799
0.002805
0.003836
0.002851
0.000989
0.000237
0.000514
0.000800
0.001017
0.001236
0.000474
-0.001774
-0.003764
-0.003635
-0.002241
-0.001603
-0.002006
-0.002668
-0.003561
-0.004591
-0.004690
-0.003484
-0.002356
-0.002477
-0.002987
-0.002525
-0.001380
-0.000572
-0.000026
0.000733
0.001405
0.001859
0.002740
0.004125
0.005021
0.004796
0.004025
0.003571
0.003633
0.003917
0.004092
0.003915
0.003286
0.002358
0.001432
0.000663
-0.000105
-0.001080
-0.002051
-0.002561
-0.002624
-0.002751
-0.003228
-0.003897
-0.004505
-0.004758
-0.004406
-0.003660
-0.003013
-0.002593
-0.002223
-0.001906
-0.001877
-0.002380
-0.003432
-0.004522
-0.004348
-0.001700
0.002609
0.005734
0.005748
0.003655
0.001676
0.001066
0.002177
0.004684
0.007108
0.007662
0.006320
0.004943
0.004788
0.004985
0.004056
0.002064
0.000405
-0.000095
0.000239
0.000741
0.000770
-0.000352
-0.002779
-0.005305
-0.006172
-0.005217
-0.004055
-0.003871
-0.004459
-0.005467
-0.006518
-0.006407
-0.004512
-0.002430
-0.002035
-0.002724
-0.002558
-0.001201
0.000165
0.000939
0.001476
0.001973
0.002382
0.003056
0.004286
0.005361
0.005210
0.004126
0.003628
0.004385
0.005523
0.005984
0.005426
0.003951
0.002105
0.000895
0.000762
0.000861
0.000126
-0.001445
-0.003101
-0.004233
-0.004574
-0.004288
-0.004078
-0.004450
-0.004983
-0.004941
-0.004493
-0.004720
-0.006272
-0.008127
-0.008064
-0.004988
-0.000507
0.002650
0.003487
0.002951
0.002002
0.001304
0.002068
0.004733
0.007410
0.007993
0.007060
0.006633
0.007063
0.006994
0.005716
0.003953
0.002416
0.001201
0.000718
0.001411
0.002242
0.001311
-0.001479
-0.004043
-0.004893
-0.004728
-0.004769
-0.005079
-0.005342
-0.005712
-0.005975
-0.005620
-0.005054
-0.005038
-0.005309
-0.005066
-0.004090
-0.002549
-0.000671
0.000906
0.001597
0.001826
0.002499
0.003683
0.004704
0.005167
0.005163
0.005040
0.005183
0.005542
0.005756
0.005683
0.005373
0.004800
0.003906
0.002647
0.001140
-0.000175
-0.001034
-0.001801
-0.002796
-0.003741
-0.004302
-0.004572
-0.004755
-0.004859
-0.004946
-0.005214
-0.005580
-0.005759
-0.006091
-0.007145
-0.007829
-0.005902
-0.001547
0.002080
0.003168
0.003148
0.003253
0.002847
0.002244
0.003272
0.005741
0.007023
0.006369
0.006136
0.007457
0.008138
0.006576
0.004436
0.003359
0.002481
0.001272
0.001081
0.002052
0.001977
-0.000217
-0.002672
-0.003693
-0.004142
-0.005258
-0.006412
-0.006729
-0.006698
-0.006626
-0.005868
-0.004760
-0.004708
-0.005605
-0.005763
-0.004702
-0.003391
-0.002027
-0.000114
0.001796
0.002730
0.003051
0.003772
0.004747
0.005117
0.004948
0.004962
0.005228
0.005351
0.005468
0.005973
0.006470
0.006105
0.004868
0.003436
0.001961
0.000287
-0.001185
-0.002094
-0.002816
-0.003665
-0.004313
-0.004623
-0.005040
-0.005674
-0.006034
-0.005999
-0.006235
-0.007345
-0.008749
-0.008782
-0.006358
-0.002465
0.000661
0.002025
0.002551
0.002950
0.002820
0.002537
0.003516
0.005519
0.006555
0.006356
0.006825
0.008400
0.009041
0.007578
0.005347
0.003733
0.002525
0.001475
0.001279
0.001882
0.001605
-0.000415
-0.002588
-0.003450
-0.003906
-0.005134
-0.006470
-0.007033
-0.007167
-0.007079
-0.006339
-0.005389
-0.005310
-0.005788
-0.005412
-0.004033
-0.002758
-0.001732
-0.000187
0.001593
0.002610
0.003075
0.003943
0.004999
0.005310
0.005081
0.005316
0.006024
0.006318
0.006078
0.006023
0.006306
0.006199
0.005169
0.003496
0.001626
-0.000355
-0.002186
-0.003318
-0.003901
-0.004634
-0.005360
-0.005390
-0.005051
-0.005193
-0.005804
-0.006535
-0.007748
-0.009540
-0.010254
-0.007981
-0.003528
0.000176
0.001821
0.002669
0.003592
0.003908
0.003658
0.004120
0.005393
0.006050
0.005909
0.006572
0.008444
0.009551
0.008428
0.006168
0.004354
0.002997
0.001748
0.001117
0.001199
0.000826
-0.000693
-0.002309
-0.003000
-0.003510
-0.004942
-0.006807
-0.007909
-0.008078
-0.007713
-0.006816
-0.005651
-0.005193
-0.005793
-0.006259
-0.005227
-0.003074
-0.001437
-0.000711
0.000415
0.002485
0.004388
0.005480
0.006392
0.007100
0.006691
0.005678
0.005722
0.006698
0.006892
0.006040
0.005514
0.005711
0.005414
0.003801
0.001561
-0.000410
-0.002113
-0.003665
-0.004677
-0.005060
-0.005411
-0.005990
-0.006311
-0.006199
-0.006127
-0.006390
-0.007133
-0.008600
-0.009896
-0.008829
-0.004799
-0.000339
0.002092
0.003050
0.003978
0.004452
0.003891
0.003636
0.004772
0.005989
0.006126
0.006554
0.008511
0.010344
0.009884
0.007653
0.005471
0.003681
0.001893
0.000687
0.000532
0.000348
-0.000944
-0.002516
-0.003144
-0.003429
-0.004693
-0.006711
-0.008293
-0.009090
-0.009229
-0.008378
-0.006789
-0.005891
-0.006292
-0.006557
-0.005249
-0.002892
-0.000980
0.000050
0.001043
0.002649
0.004532
0.006179
0.007409
0.007867
0.007329
0.006566
0.006643
0.007367
0.007556
0.006859
0.006088
0.005686
0.004992
0.003369
0.001153
-0.000961
-0.002753
-0.004293
-0.005419
-0.005952
-0.006214
-0.006639
-0.006988
-0.006876
-0.006695
-0.007098
-0.008236
-0.009756
-0.010462
-0.008659
-0.004373
-0.000021
0.002554
0.003994
0.005213
0.005703
0.005312
0.005264
0.006140
0.006868
0.006933
0.007560
0.009364
0.010765
0.010129
0.007965
0.005647
0.003481
0.001389
-0.000020
-0.000494
-0.001083
-0.002608
-0.004153
-0.004582
-0.004618
-0.005740
-0.007784
-0.009347
-0.009866
-0.009735
-0.009104
-0.007971
-0.006787
-0.005922
-0.005142
-0.004003
-0.002251
-0.000119
0.001690
0.002943
0.004334
0.006320
0.008247
0.009246
0.009203
0.008570
0.007768
0.007033
0.006609
0.006573
0.006556
0.006141
0.005260
0.003827
0.001647
-0.000898
-0.002954
-0.004334
-0.005616
-0.006905
-0.007583
-0.007528
-0.007359
-0.007355
-0.007260
-0.007130
-0.007423
-0.008291
-0.009216
-0.009096
-0.006932
-0.003136
0.000540
0.003129
0.005225
0.007014
0.007595
0.007022
0.006734
0.007236
0.007521
0.007393
0.008143
0.010043
0.011149
0.009898
0.007379
0.005281
0.003288
0.000665
-0.001609
-0.002604
-0.003320
-0.004665
-0.005666
-0.005637
-0.005843
-0.007283
-0.008984
-0.009834
-0.010095
-0.010136
-0.009535
-0.008086
-0.006379
-0.004971
-0.003904
-0.002952
-0.001586
0.000670
0.003288
0.005155
0.006320
0.007846
0.009756
0.010963
0.011057
0.010485
0.009341
0.007653
0.006316
0.006029
0.006007
0.005111
0.003342
0.001323
-0.000797
-0.003034
-0.004969
-0.006322
-0.007506
-0.008737
-0.009327
-0.008822
-0.007915
-0.007377
-0.007096
-0.006791
-0.006820
-0.007526
-0.008336
-0.008058
-0.005847
-0.002026
0.001918
0.004849
0.007041
0.008808
0.009427
0.008680
0.007941
0.008249
0.008724
0.008519
0.008695
0.010053
0.010907
0.009491
0.006813
0.004514
0.002152
-0.000888
-0.003427
-0.004607
-0.005534
-0.007012
-0.007953
-0.007659
-0.007459
-0.008525
-0.009980
-0.010587
-0.010589
-0.010554
-0.009988
-0.008386
-0.006412
-0.004792
-0.002961
-0.000079
0.003296
0.005746
0.006837
0.007506
0.008499
0.009508
0.010232
0.010916
0.011378
0.010974
0.009817
0.008633
0.007473
0.005804
0.003670
0.001670
-0.000120
-0.002180
-0.004420
-0.006028
-0.006741
-0.007326
-0.008232
-0.008870
-0.008947
-0.009088
-0.009362
-0.008961
-0.007903
-0.007017
-0.006336
-0.005567
-0.005268
-0.005432
-0.004329
-0.000916
0.003156
0.005958
0.007906
0.009887
0.010930
0.010347
0.009741
0.010260
0.010454
0.009209
0.008162
0.008811
0.009634
0.008525
0.005980
0.003520
0.000987
-0.002126
-0.004745
-0.006068
-0.007274
-0.009250
-0.010699
-0.010462
-0.009628
-0.009566
-0.009933
-0.010046
-0.010167
-0.010219
-0.009194
-0.006930
-0.004676
-0.003019
-0.001000
0.001806
0.004205
0.005622
0.007287
0.009747
0.011487
0.011620
0.011599
0.012469
0.012928
0.011779
0.009845
0.008080
0.006026
0.003393
0.001098
-0.000377
-0.001978
-0.004367
-0.006599
-0.007661
-0.008074
-0.008767
-0.009558
-0.009922
-0.010075
-0.010114
-0.009438
-0.008037
-0.006815
-0.006002
-0.004965
-0.003813
-0.003400
-0.003615
-0.003010
-0.000477
0.003321
0.006799
0.009276
0.011006
0.011856
0.011587
0.011111
0.011319
0.011294
0.009916
0.008219
0.007867
0.008285
0.007506
0.005143
0.002440
-0.000116
-0.003041
-0.005984
-0.007952
-0.009312
-0.011117
-0.012703
-0.012609
-0.011314
-0.010498
-0.010470
-0.010431
-0.010207
-0.009918
-0.008958
-0.006850
-0.004202
-0.001624
0.001323
0.005018
0.008692
0.011350
0.012748
0.013122
0.012868
0.012461
0.012020
0.011254
0.010117
0.008957
0.007889
0.006520
0.004451
0.001832
-0.000777
-0.003011
-0.004945
-0.006728
-0.008310
-0.009497
-0.010082
-0.010044
-0.009668
-0.009290
-0.008961
-0.008601
-0.008217
-0.007625
-0.006495
-0.004938
-0.003504
-0.002708
-0.002655
-0.002528
-0.000835
0.002749
0.006485
0.008819
0.010222
0.011399
0.011906
0.011866
0.012233
0.012470
0.011064
0.008684
0.007648
0.008118
0.007741
0.005232
0.001794
-0.001312
-0.004230
-0.006987
-0.008878
-0.010138
-0.011814
-0.013427
-0.013396
-0.011953
-0.010913
-0.010756
-0.010521
-0.009935
-0.009137
-0.007404
-0.004510
-0.001809
0.000125
0.002765
0.006691
0.010137
0.011931
0.012871
0.013437
0.013135
0.012275
0.011722
0.011129
0.009536
0.007221
0.005376
0.004195
0.002615
0.000060
-0.002689
-0.004788
-0.006418
-0.007893
-0.008908
-0.009336
-0.009525
-0.009460
-0.008866
-0.008085
-0.007715
-0.007633
-0.007277
-0.006422
-0.005196
-0.003747
-0.002248
-0.001215
-0.001206
-0.001498
-0.000112
0.003534
0.007356
0.009477
0.010514
0.011494
0.011969
0.011725
0.011591
0.011329
0.009636
0.007069
0.005805
0.005976
0.005324
0.002824
-0.000176
-0.002655
-0.005049
-0.007476
-0.009290
-0.010622
-0.012176
-0.013465
-0.013262
-0.011730
-0.010343
-0.009832
-0.009544
-0.008589
-0.006681
-0.004109
-0.001439
0.001060
0.003634
0.006397
0.009005
0.011110
0.012482
0.012854
0.012370
0.011756
0.011311
0.010394
0.008620
0.006648
0.005043
0.003413
0.001393
-0.000723
-0.002803
-0.005024
-0.006962
-0.007947
-0.008314
-0.008905
-0.009605
-0.009640
-0.008941
-0.008086
-0.007304
-0.006483
-0.005671
-0.004816
-0.003632
-0.002172
-0.000791
0.000295
0.000657
-0.000005
-0.000426
0.001340
0.004896
0.007748
0.009054
0.010210
0.011577
0.012053
0.011689
0.011334
0.010296
0.007630
0.004738
0.003587
0.003439
0.002153
-0.000359
-0.002619
-0.004417
-0.006571
-0.008914
-0.010740
-0.012186
-0.013455
-0.013811
-0.012736
-0.011016
-0.009633
-0.008494
-0.006920
-0.004685
-0.002200
0.000060
0.002165
0.004477
0.006816
0.008777
0.010631
0.012575
0.013684
0.013216
0.012056
0.011171
0.009916
0.007500
0.004722
0.002624
0.000818
-0.001249
-0.002946
-0.003882
-0.004940
-0.006591
-0.007916
-0.008351
-0.008586
-0.008996
-0.008950
-0.008237
-0.007473
-0.006823
-0.005835
-0.004479
-0.003141
-0.001864
-0.000522
0.000630
0.001114
0.000697
-0.000099
0.000177
0.002541
0.005865
0.008125
0.009222
0.010379
0.011408
0.011316
0.010526
0.009636
0.007786
0.004827
0.002674
0.002338
0.002055
0.000161
-0.002390
-0.004070
-0.005281
-0.007013
-0.008916
-0.010451
-0.011936
-0.013067
-0.012585
-0.010500
-0.008519
-0.007508
-0.006416
-0.004243
-0.001508
0.000745
0.002363
0.003924
0.005680
0.007335
0.008781
0.010265
0.011568
0.011917
0.011183
0.010169
0.009119
0.007291
0.004619
0.002175
0.000403
-0.001374
-0.003287
-0.004580
-0.005157
-0.005725
-0.006394
-0.006684
-0.006712
-0.007017
-0.007439
-0.007311
-0.006558
-0.005634
-0.004692
-0.003627
-0.002535
-0.001589
-0.000795
-0.000007
0.000938
0.001850
0.002022
0.001201
0.000644
0.001863
0.004392
0.006477
0.007727
0.008916
0.009838
0.009740
0.008934
0.007906
0.006070
0.003277
0.000989
0.000283
0.000160
-0.000829
-0.002580
-0.004165
-0.005405
-0.006647
-0.007851
-0.008853
-0.009745
-0.010336
-0.010016
-0.008664
-0.006975
-0.005556
-0.004194
-0.002328
0.000015
0.002140
0.003653
0.004960
0.006370
0.007528
0.008244
0.008880
0.009408
0.009185
0.008164
0.007126
0.006236
0.004651
0.002169
-0.000146
-0.001695
-0.003032
-0.004304
-0.004913
-0.004907
-0.004945
-0.005070
-0.004894
-0.004596
-0.004697
-0.005070
-0.005065
-0.004556
-0.003965
-0.003351
-0.002419
-0.001301
-0.000410
0.000281
0.001036
0.001719
0.001745
0.000792
-0.000360
-0.000299
0.001315
0.003399
0.005133
0.006732
0.008248
0.009106
0.009053
0.008253
0.006474
0.003641
0.000869
-0.000518
-0.000731
-0.001048
-0.001915
-0.002725
-0.003202
-0.003812
-0.004867
-0.006158
-0.007493
-0.008698
-0.009192
-0.008549
-0.007267
-0.006070
-0.004772
-0.002794
-0.000356
0.001768
0.003241
0.004282
0.005191
0.006168
0.007204
0.007922
0.007910
0.007289
0.006582
0.005953
0.005014
0.003472
0.001623
0.000022
-0.001218
-0.002378
-0.003426
-0.003982
-0.003949
-0.003577
-0.003091
-0.002719
-0.002700
-0.003085
-0.003695
-0.004178
-0.004216
-0.003855
-0.003322
-0.002637
-0.001776
-0.000896
-0.000143
0.000456
0.000861
0.001007
0.000787
0.000120
-0.000634
-0.000625
0.000619
0.002549
0.004365
0.005911
0.007217
0.007974
0.007986
0.007328
0.005886
0.003697
0.001554
0.000311
-0.000188
-0.000726
-0.001623
-0.002585
-0.003313
-0.003882
-0.004653
-0.005868
-0.007283
-0.008275
-0.008455
-0.008083
-0.007467
-0.006198
-0.003915
-0.001271
0.001082
0.003294
0.005130
0.005864
0.005853
0.006094
0.006446
0.006236
0.005723
0.005389
0.005002
0.004262
0.003270
0.002151
0.000871
-0.000565
-0.001919
-0.002898
-0.003509
-0.003868
-0.003904
-0.003606
-0.003156
-0.002698
-0.002329
-0.002140
-0.002074
-0.002073
-0.002222
-0.002441
-0.002424
-0.002060
-0.001502
-0.000824
0.000006
0.000830
0.001328
0.001217
0.000405
-0.000619
-0.000850
0.000149
0.001706
0.003087
0.004241
0.005209
0.005829
0.006177
0.006299
0.005721
0.004253
0.002631
0.001475
0.000508
-0.000653
-0.001818
-0.002692
-0.003292
-0.003753
-0.004199
-0.004832
-0.005772
-0.006688
-0.007041
-0.006846
-0.006395
-0.005445
-0.003778
-0.001845
0.000167
0.002480
0.004533
0.005562
0.005982
0.006397
0.006435
0.005829
0.005084
0.004501
0.003914
0.003241
0.002431
0.001392
0.000235
-0.000875
-0.001873
-0.002692
-0.003299
-0.003669
-0.003706
-0.003460
-0.003132
-0.002714
-0.002146
-0.001615
-0.001252
-0.000992
-0.000848
-0.000889
-0.001103
-0.001352
-0.001334
-0.000867
-0.000228
0.000214
0.000533
0.000874
0.000913
0.000350
-0.000418
-0.000679
-0.000145
0.000995
0.002366
0.003537
0.004288
0.004801
0.005233
0.005307
0.004711
0.003595
0.002392
0.001343
0.000364
-0.000690
-0.001724
-0.002540
-0.003138
-0.003604
-0.003962
-0.004325
-0.004821
-0.005362
-0.005743
-0.005749
-0.005212
-0.004246
-0.003049
-0.001403
0.000815
0.002903
0.004245
0.005156
0.005858
0.005922
0.005303
0.004510
0.003722
0.002814
0.001930
0.001381
0.001100
0.000649
-0.000131
-0.000832
-0.001181
-0.001522
-0.002126
-0.002654
-0.002776
-0.002620
-0.002360
-0.001980
-0.001512
-0.001096
-0.000820
-0.000665
-0.000681
-0.000990
-0.001407
-0.001502
-0.001190
-0.000801
-0.000519
-0.000181
0.000271
0.000609
0.000614
0.000273
-0.000158
-0.000228
0.000212
0.000864
0.001577
0.002455
0.003426
0.004290
0.004914
0.005078
0.004600
0.003725
0.002871
0.002044
0.000998
-0.000256
-0.001461
-0.002412
-0.003076
-0.003592
-0.004206
-0.004955
-0.005588
-0.005988
-0.006171
-0.005827
-0.004721
-0.003305
-0.002000
-0.000521
0.001249
0.002807
0.003916
0.004799
0.005434
0.005596
0.005328
0.004793
0.004048
0.003129
0.002156
0.001335
0.000740
0.000180
-0.000456
-0.001007
-0.001392
-0.001770
-0.002212
-0.002561
-0.002650
-0.002469
-0.002145
-0.001827
-0.001565
-0.001324
-0.001060
-0.000777
-0.000609
-0.000682
-0.000863
-0.000969
-0.001018
-0.000990
-0.000703
-0.000193
0.000234
0.000505
0.000750
0.000793
0.000440
0.000031
0.000026
0.000433
0.001027
0.001780
0.002728
0.003682
0.004370
0.004625
0.004390
0.003773
0.002998
0.002140
0.001113
-0.000099
-0.001360
-0.002453
-0.003274
-0.003964
-0.004573
-0.004862
-0.004786
-0.004668
-0.004561
-0.004079
-0.003137
-0.002159
-0.001317
-0.000326
0.000812
0.001688
0.002224
0.002786
0.003504
0.004065
0.004252
0.004204
0.004065
0.003755
0.003151
0.002273
0.001227
0.000144
-0.000753
-0.001246
-0.001438
-0.001680
-0.001997
-0.002076
-0.001894
-0.001762
-0.001738
-0.001591
-0.001360
-0.001323
-0.001408
-0.001341
-0.001216
-0.001238
-0.001271
-0.001125
-0.000829
-0.000457
-0.000082
0.000194
0.000374
0.000517
0.000571
0.000506
0.000418
0.000351
0.000341
0.000592
0.001197
0.001905
0.002487
0.002936
0.003271
0.003481
0.003575
0.003475
0.003030
0.002267
0.001451
0.000679
-0.000293
-0.001523
-0.002650
-0.003440
-0.004064
-0.004629
-0.004969
-0.004998
-0.004780
-0.004293
-0.003514
-0.002554
-0.001537
-0.000488
0.000614
0.001689
0.002558
0.003148
0.003596
0.003962
0.004057
0.003813
0.003437
0.003021
0.002465
0.001802
0.001144
0.000398
-0.000534
-0.001359
-0.001689
-0.001652
-0.001628
-0.001564
-0.001258
-0.000977
-0.001039
-0.001212
-0.001214
-0.001267
-0.001582
-0.001858
-0.001778
-0.001509
-0.001294
-0.001034
-0.000635
-0.000250
0.000039
0.000343
0.000648
0.000794
0.000785
0.000817
0.000998
0.001211
0.001285
0.001194
0.001080
0.001164
0.001551
0.002086
0.002517
0.002771
0.002846
0.002643
0.002177
0.001636
0.001012
0.000093
-0.001098
-0.002227
-0.003007
-0.003443
-0.003728
-0.003980
-0.004121
-0.004059
-0.003748
-0.003081
-0.002061
-0.000975
-0.000059
0.000717
0.001392
0.001872
0.002173
0.002527
0.003043
0.003383
0.003179
0.002620
0.002145
0.001780
0.001259
0.000577
0.000014
-0.000246
-0.000320
-0.000437
-0.000648
-0.000820
-0.000868
-0.000882
-0.000949
-0.001026
-0.001105
-0.001254
-0.001465
-0.001656
-0.001769
-0.001741
-0.001550
-0.001317
-0.001159
-0.000974
-0.000580
0.000012
0.000577
0.000888
0.000936
0.000890
0.000866
0.000898
0.001051
0.001337
0.001653
0.001864
0.001906
0.001868
0.001876
0.001849
0.001619
0.001286
0.001090
0.001013
0.000810
0.000329
-0.000355
-0.001003
-0.001437
-0.001727
-0.002060
-0.002481
-0.002867
-0.003087
-0.003105
-0.002930
-0.002582
-0.002079
-0.001434
-0.000619
0.000355
0.001268
0.001854
0.002173
0.002438
0.002552
0.002341
0.001995
0.001778
0.001663
0.001528
0.001287
0.000893
0.000456
0.000141
-0.000056
-0.000259
-0.000566
-0.000967
-0.001287
-0.001396
-0.001422
-0.001502
-0.001566
-0.001498
-0.001296
-0.001028
-0.000781
-0.000654
-0.000656
-0.000656
-0.000550
-0.000388
-0.000241
-0.000088
0.000129
0.000396
0.000667
0.000966
0.001316
0.001578
0.001587
0.001461
0.001426
0.001414
0.001275
0.001130
0.001092
0.001002
0.000693
0.000251
-0.000044
-0.000007
0.000183
0.000172
-0.000084
-0.000323
-0.000447
-0.000633
-0.000992
-0.001414
-0.001780
-0.002099
-0.002342
-0.002406
-0.002313
-0.002157
-0.001850
-0.001205
-0.000285
0.000602
0.001236
0.001636
0.001953
0.002235
0.002281
0.001923
0.001386
0.001039
0.000926
0.000858
0.000767
0.000700
0.000636
0.000497
0.000259
-0.000039
-0.000349
-0.000599
-0.000700
-0.000698
-0.000809
-0.001149
-0.001527
-0.001630
-0.001387
-0.001020
-0.000717
-0.000462
-0.000293
-0.000371
-0.000667
-0.000918
-0.000969
-0.000833
-0.000514
-0.000062
0.000418
0.000915
0.001372
0.001616
0.001633
0.001554
0.001416
0.001243
0.001137
0.001098
0.000970
0.000715
0.000530
0.000504
0.000464
0.000323
0.000182
0.000105
0.000086
0.000070
-0.000086
-0.000423
-0.000785
-0.001054
-0.001275
-0.001488
-0.001686
-0.001879
-0.002026
-0.002032
-0.001836
-0.001478
-0.001058
-0.000595
-0.000047
0.000543
0.001092
0.001527
0.001729
0.001692
0.001630
0.001659
0.001598
0.001299
0.000925
0.000735
0.000704
0.000682
0.000677
0.000658
0.000427
-0.000052
-0.000528
-0.000807
-0.000953
-0.001105
-0.001249
-0.001279
-0.001209
-0.001190
-0.001251
-0.001251
-0.001131
-0.000949
-0.000727
-0.000521
-0.000409
-0.000372
-0.000326
-0.000153
0.000216
0.000685
0.001101
0.001409
0.001570
0.001529
0.001366
0.001228
0.001146
0.001056
0.000912
0.000713
0.000486
0.000272
0.000167
0.000217
0.000260
0.000129
-0.000103
-0.000270
-0.000325
-0.000328
-0.000379
-0.000503
-0.000636
-0.000803
-0.001124
-0.001542
-0.001804
-0.001818
-0.001723
-0.001593
-0.001302
-0.000781
-0.000217
0.000258
0.000746
0.001189
0.001361
0.001314
0.001283
0.001279
0.001202
0.001098
0.001044
0.001003
0.000899
0.000695
0.000456
0.000311
0.000260
0.000161
-0.000012
-0.000158
-0.000298
-0.000507
-0.000690
-0.000750
-0.000799
-0.000932
-0.001044
-0.001056
-0.001102
-0.001282
-0.001416
-0.001243
-0.000821
-0.000483
-0.000357
-0.000229
0.000060
0.000371
0.000514
0.000558
0.000699
0.000908
0.000985
0.000957
0.001067
0.001356
0.001573
0.001499
0.001171
0.000803
0.000559
0.000456
0.000447
0.000424
0.000220
-0.000170
-0.000521
-0.000634
-0.000570
-0.000569
-0.000758
-0.001005
-0.001118
-0.001088
-0.001047
-0.001070
-0.001145
-0.001223
-0.001232
-0.001102
-0.000853
-0.000555
-0.000208
0.000212
0.000630
0.000963
0.001234
0.001459
0.001520
0.001337
0.001068
0.000934
0.000923
0.000880
0.000769
0.000630
0.000433
0.000172
0.000007
0.000028
0.000028
-0.000201
-0.000519
-0.000696
-0.000762
-0.000863
-0.000991
-0.001062
-0.001100
-0.001189
-0.001257
-0.001118
-0.000793
-0.000566
-0.000577
-0.000599
-0.000400
-0.000078
0.000184
0.000403
0.000626
0.000810
0.000993
0.001255
0.001484
0.001477
0.001279
0.001103
0.001018
0.000963
0.000865
0.000664
0.000389
0.000154
0.000012
-0.000076
-0.000147
-0.000246
-0.000425
-0.000691
-0.000986
-0.001216
-0.001312
-0.001290
-0.001213
-0.001082
-0.000901
-0.000746
-0.000624
-0.000462
-0.000290
-0.000144
0.000011
0.000153
0.000232
0.000259
0.000247
0.000233
0.000341
0.000664
0.001122
0.001496
0.001601
0.001437
0.001210
0.001079
0.000942
0.000722
0.000523
0.000322
-0.000002
-0.000342
-0.000521
-0.000593
-0.000701
-0.000901
-0.001228
-0.001617
-0.001805
-0.001631
-0.001289
-0.001070
-0.000995
-0.000884
-0.000704
-0.000570
-0.000460
-0.000244
0.000084
0.000505
0.001031
0.001485
0.001630
0.001545
0.001459
0.001372
0.001196
0.001022
0.000991
0.001032
0.000922
0.000615
0.000307
0.000100
-0.000149
-0.000500
-0.000742
-0.000779
-0.000838
-0.001031
-0.001149
-0.001097
-0.001037
-0.001051
-0.001052
-0.000971
-0.000789
-0.000545
-0.000374
-0.000306
-0.000206
-0.000011
0.000248
0.000525
0.000716
0.000756
0.000718
0.000717
0.000808
0.000927
0.000960
0.000885
0.000780
0.000703
0.000638
0.000567
0.000518
0.000503
0.000452
0.000295
0.000068
-0.000176
-0.000438
-0.000704
-0.000943
-0.001158
-0.001331
-0.001366
-0.001233
-0.001098
-0.001069
-0.001006
-0.000819
-0.000600
-0.000357
-0.000035
0.000243
0.000341
0.000379
0.000540
0.000763
0.000876
0.000880
0.000920
0.001029
0.001064
0.000913
0.000663
0.000480
0.000429
0.000446
0.000413
0.000280
0.000122
-0.000020
-0.000233
-0.000466
-0.000491
-0.000366
-0.000404
-0.000622
-0.000740
-0.000687
-0.000673
-0.000787
-0.000868
-0.000792
-0.000639
-0.000523
-0.000416
-0.000252
-0.000096
-0.000039
-0.000027
0.000053
0.000222
0.000424
0.000616
0.000793
0.000910
0.000911
0.000888
0.000969
0.001070
0.001054
0.000933
0.000745
0.000484
0.000216
0.000036
-0.000067
-0.000157
-0.000285
-0.000497
-0.000742
-0.000892
-0.000958
-0.001048
-0.001156
-0.001174
-0.001109
-0.001063
-0.000993
-0.000783
-0.000493
-0.000275
-0.000108
0.000158
0.000521
0.000777
0.000838
0.000884
0.001004
0.000980
0.000702
0.000454
0.000465
0.000557
0.000540
0.000510
0.000530
0.000508
0.000438
0.000372
0.000236
0.000013
-0.000161
-0.000253
-0.000368
-0.000493
-0.000525
-0.000543
-0.000714
-0.000979
-0.001098
-0.000978
-0.000769
-0.000623
-0.000591
-0.000674
-0.000707
-0.000470
-0.000088
0.000157
0.000285
0.000450
0.000607
0.000699
0.000818
0.000974
0.001040
0.001002
0.000989
0.001046
0.001050
0.000856
0.000546
0.000348
0.000301
0.000258
0.000133
-0.000060
-0.000291
-0.000572
-0.000924
-0.001215
-0.001266
-0.001147
-0.001070
-0.001031
-0.000888
-0.000700
-0.000636
-0.000645
-0.000541
-0.000293
-0.000017
0.000208
0.000388
0.000522
0.000566
0.000541
0.000590
0.000789
0.000998
0.001063
0.000968
0.000754
0.000519
0.000434
0.000496
0.000492
0.000322
0.000093
-0.000058
-0.000115
-0.000196
-0.000415
-0.000692
-0.000832
-0.000801
-0.000766
-0.000801
-0.000779
-0.000606
-0.000400
-0.000341
-0.000402
-0.000428
-0.000393
-0.000357
-0.000275
-0.000096
0.000091
0.000198
0.000275
0.000371
0.000473
0.000611
0.000794
0.000903
0.000866
0.000813
0.000854
0.000880
0.000748
0.000513
0.000338
0.000280
0.000267
0.000198
0.000004
-0.000310
-0.000658
-0.000945
-0.001093
-0.001048
-0.000839
-0.000601
-0.000457
-0.000439
-0.000515
-0.000618
-0.000648
-0.000577
-0.000480
-0.000336
-0.000041
0.000288
0.000407
0.000337
0.000318
0.000445
0.000605
0.000683
0.000716
0.000801
0.000890
0.000820
0.000611
0.000498
0.000540
0.000499
0.000248
-0.000019
-0.000124
-0.000140
-0.000213
-0.000384
-0.000587
-0.000727
-0.000801
-0.000859
-0.000883
-0.000837
-0.000721
-0.000549
-0.000383
-0.000293
-0.000231
-0.000119
0.000017
0.000100
0.000110
0.000084
0.000106
0.000238
0.000382
0.000417
0.000425
0.000535
0.000748
0.000989
0.001124
0.001062
0.000870
0.000628
0.000351
0.000091
-0.000115
-0.000266
-0.000314
-0.000266
-0.000261
-0.000373
-0.000571
-0.000857
-0.001151
-0.001236
-0.001034
-0.000739
-0.000550
-0.000429
-0.000233
0.000024
0.000189
0.000214
0.000183
0.000149
0.000138
0.000245
0.000486
0.000673
0.000661
0.000538
0.000459
0.000447
0.000489
0.000615
0.000741
0.000640
0.000233
-0.000204
-0.000364
-0.000297
-0.000237
-0.000245
-0.000266
-0.000286
-0.000308
-0.000345
-0.000425
-0.000504
-0.000485
-0.000380
-0.000285
-0.000195
-0.000054
0.000040
-0.000055
-0.000266
-0.000375
-0.000308
-0.000201
-0.000149
-0.000065
0.000105
0.000254
0.000327
0.000396
0.000509
0.000662
0.000825
0.000905
0.000849
0.000704
0.000520
0.000310
0.000075
-0.000171
-0.000326
-0.000256
-0.000045
0.000033
-0.000121
-0.000356
-0.000537
-0.000637
-0.000694
-0.000772
-0.000819
-0.000732
-0.000578
-0.000425
-0.000232
-0.000058
0.000024
0.000142
0.000414
0.000637
0.000583
0.000399
0.000331
0.000364
0.000356
0.000293
0.000278
0.000308
0.000238
0.000053
-0.000059
0.000013
0.000152
0.000219
0.000183
0.000050
-0.000138
-0.000256
-0.000249
-0.000223
-0.000257
-0.000285
-0.000266
-0.000253
-0.000274
-0.000282
-0.000264
-0.000280
-0.000316
-0.000267
-0.000125
0.000022
0.000134
0.000160
0.000030
-0.000111
-0.000019
0.000261
0.000463
0.000460
0.000351
0.000292
0.000362
0.000482
0.000482
0.000328
0.000140
-0.000004
-0.000102
-0.000141
-0.000138
-0.000140
-0.000112
-0.000013
0.000056
-0.000003
-0.000104
-0.000175
-0.000307
-0.000499
-0.000600
-0.000542
-0.000390
-0.000239
-0.000164
-0.000126
-0.000014
0.000150
0.000268
0.000361
0.000483
0.000532
0.000346
-0.000023
-0.000286
-0.000259
-0.000078
0.000069
0.000167
0.000244
0.000255
0.000155
-0.000009
-0.000129
-0.000157
-0.000102
0.000017
0.000100
0.000007
-0.000196
-0.000244
-0.000007
0.000332
0.000472
0.000317
0.000054
-0.000100
-0.000178
-0.000307
-0.000414
-0.000383
-0.000290
-0.000263
-0.000299
-0.000293
-0.000183
-0.000035
0.000049
0.000057
0.000078
0.000183
0.000325
0.000434
0.000510
0.000584
0.000636
0.000612
0.000483
0.000305
0.000166
0.000061
-0.000069
-0.000202
-0.000309
-0.000452
-0.000600
-0.000598
-0.000451
-0.000336
-0.000343
-0.000440
-0.000531
-0.000481
-0.000248
0.000061
0.000302
0.000411
0.000446
0.000482
0.000463
0.000289
0.000086
0.000047
0.000098
0.000055
-0.000068
-0.000172
-0.000208
-0.000144
0.000007
0.000123
0.000080
-0.000055
-0.000058
0.000138
0.000356
0.000394
0.000240
0.000043
-0.000072
-0.000107
-0.000147
-0.000271
-0.000416
-0.000417
-0.000253
-0.000044
0.000079
0.000028
-0.000141
-0.000262
-0.000290
-0.000304
-0.000271
-0.000071
0.000233
0.000431
0.000465
0.000455
0.000497
0.000545
0.000453
0.000214
0.000019
-0.000045
-0.000057
-0.000026
0.000086
0.000182
0.000095
-0.000190
-0.000454
-0.000451
-0.000221
-0.000047
-0.000092
-0.000279
-0.000477
-0.000573
-0.000487
-0.000235
0.000058
0.000277
0.000403
0.000438
0.000324
0.000064
-0.000163
-0.000183
-0.000012
0.000222
0.000395
0.000443
0.000424
0.000383
0.000247
0.000006
-0.000215
-0.000275
-0.000105
0.000116
0.000054
-0.000287
-0.000495
-0.000369
-0.000192
-0.000203
-0.000246
-0.000182
-0.000120
-0.000098
0.000004
0.000176
0.000229
0.000109
-0.000003
0.000005
0.000055
0.000095
0.000095
-0.000022
-0.000190
-0.000217
-0.000076
0.000075
0.000118
0.000076
0.000057
0.000140
0.000241
0.000276
0.000313
0.000374
0.000354
0.000268
0.000232
0.000215
0.000105
-0.000063
-0.000166
-0.000208
-0.000276
-0.000357
-0.000375
-0.000375
-0.000412
-0.000397
-0.000311
-0.000305
-0.000401
-0.000360
-0.000049
0.000310
0.000448
0.000381
0.000294
0.000266
0.000270
0.000298
0.000319
0.000229
0.000056
0.000014
0.000122
0.000119
-0.000059
-0.000161
-0.000076
0.000024
-0.000017
-0.000139
-0.000171
-0.000086
-0.000042
-0.000110
-0.000174
-0.000198
-0.000256
-0.000292
-0.000189
-0.000023
0.000047
0.000034
0.000047
0.000102
0.000118
0.000044
-0.000035
-0.000001
0.000116
0.000166
0.000062
-0.000138
-0.000265
-0.000193
0.000036
0.000274
0.000412
0.000430
0.000345
0.000193
0.000073
0.000033
0.000019
-0.000013
-0.000070
-0.000130
-0.000092
0.000094
0.000243
0.000151
-0.000102
-0.000349
-0.000541
-0.000598
-0.000477
-0.000318
-0.000208
-0.000088
0.000048
0.000116
0.000074
-0.000010
0.000019
0.000215
0.000423
0.000494
0.000462
0.000376
0.000211
0.000047
0.000025
0.000136
0.000258
0.000299
0.000221
0.000041
-0.000193
-0.000423
-0.000574
-0.000565
-0.000372
-0.000122
-0.000007
-0.000093
-0.000278
-0.000386
-0.000330
-0.000228
-0.000191
-0.000123
0.000073
0.000277
0.000323
0.000181
-0.000011
-0.000039
0.000128
0.000296
0.000369
0.000429
0.000459
0.000350
0.000154
0.000044
0.000049
0.000057
0.000014
-0.000033
-0.000087
-0.000155
-0.000124
0.000048
0.000196
0.000189
0.000042
-0.000180
-0.000368
-0.000419
-0.000360
-0.000279
-0.000186
-0.000065
0.000005
-0.000057
-0.000197
-0.000291
-0.000310
-0.000316
-0.000285
-0.000117
0.000133
0.000279
0.000277
0.000254
0.000278
0.000302
0.000298
0.000303
0.000360
0.000472
0.000576
0.000555
0.000365
0.000124
-0.000033
-0.000114
-0.000175
-0.000242
-0.000317
-0.000360
-0.000348
-0.000330
-0.000380
-0.000481
-0.000538
-0.000495
-0.000377
-0.000199
0.000015
0.000180
0.000245
0.000259
0.000248
0.000179
0.000095
0.000105
0.000195
0.000218
0.000130
0.000049
0.000044
0.000041
-0.000028
-0.000118
-0.000128
-0.000026
0.000104
0.000178
0.000198
0.000195
0.000228
0.000358
0.000496
0.000437
0.000135
-0.000227
-0.000451
-0.000483
-0.000378
-0.000213
-0.000083
-0.000101
-0.000257
-0.000375
-0.000330
-0.000243
-0.000255
-0.000270
-0.000173
-0.000060
-0.000004
0.000113
0.000341
0.000519
0.000513
0.000378
0.000232
0.000114
0.000042
0.000049
0.000095
0.000095
0.000073
0.000088
0.000097
0.000086
0.000109
0.000120
-0.000005
-0.000267
-0.000514
-0.000602
-0.000499
-0.000277
-0.000068
0.000070
0.000175
0.000233
0.000198
0.000117
0.000056
-0.000001
-0.000087
-0.000168
-0.000163
-0.000085
-0.000016
0.000035
0.000081
0.000107
0.000137
0.000153
0.000055
-0.000130
-0.000220
-0.000154
-0.000013
0.000166
0.000332
0.000378
0.000323
0.000284
0.000264
0.000234
0.000219
0.000213
0.000160
0.000000
-0.000230
-0.000387
-0.000395
-0.000346
-0.000360
-0.000430
-0.000484
-0.000490
-0.000397
-0.000229
-0.000160
-0.000192
-0.000082
0.000206
0.000440
0.000516
0.000517
0.000467
0.000333
0.000160
0.000038
0.000002
0.000025
0.000055
0.000086
0.000130
0.000180
0.000184
0.000049
-0.000145
-0.000156
0.000011
0.000048
-0.000138
-0.000326
-0.000377
-0.000308
-0.000147
0.000009
0.000012
-0.000111
-0.000222
-0.000306
-0.000384
-0.000360
-0.000186
0.000028
0.000173
0.000238
0.000246
0.000255
0.000319
0.000360
0.000244
0.000048
-0.000004
0.000127
0.000290
0.000400
0.000452
0.000417
0.000331
0.000309
0.000303
0.000112
-0.000236
-0.000485
-0.000558
-0.000567
-0.000524
-0.000384
-0.000225
-0.000162
-0.000194
-0.000264
-0.000366
-0.000441
-0.000345
-0.000104
0.000027
-0.000058
-0.000127
0.000045
0.000326
0.000451
0.000434
0.000473
0.000562
0.000539
0.000381
0.000205
0.000082
-0.000026
-0.000147
-0.000215
-0.000196
-0.000123
-0.000008
0.000114
0.000176
0.000146
0.000050
-0.000063
-0.000156
-0.000199
-0.000178
-0.000122
-0.000058
0.000009
0.000040
-0.000003
-0.000091
-0.000178
-0.000254
-0.000307
-0.000305
-0.000246
-0.000155
-0.000053
0.000023
0.000050
0.000069
0.000115
0.000149
0.000125
0.000051
-0.000021
-0.000020
0.000111
0.000370
0.000626
0.000705
0.000569
0.000299
0.000006
-0.000156
-0.000102
0.000041
0.000069
-0.000073
-0.000225
-0.000249
-0.000241
-0.000302
-0.000350
-0.000366
-0.000419
-0.000442
-0.000346
-0.000199
-0.000127
-0.000121
-0.000061
0.000030
0.000026
-0.000014
0.000062
0.000236
0.000403
0.000513
0.000526
0.000417
0.000232
0.000070
0.000013
0.000051
0.000087
0.000042
-0.000075
-0.000187
-0.000216
-0.000126
0.000086
0.000301
0.000292
0.000063
-0.000133
-0.000212
-0.000281
-0.000335
-0.000316
-0.000308
-0.000344
-0.000272
-0.000048
0.000132
0.000112
-0.000019
-0.000071
-0.000016
0.000053
0.000136
0.000252
0.000286
0.000176
0.000099
0.000203
0.000342
0.000304
0.000135
0.000035
0.000086
0.000156
0.000122
0.000051
0.000014
-0.000060
-0.000171
-0.000188
-0.000095
-0.000063
-0.000184
-0.000346
-0.000456
-0.000538
-0.000591
-0.000577
-0.000461
-0.000225
0.000075
0.000324
0.000429
0.000396
0.000311
0.000277
0.000300
0.000302
0.000292
0.000352
0.000414
0.000295
0.000034
-0.000093
-0.000008
0.000050
-0.000047
-0.000148
-0.000169
-0.000164
-0.000123
-0.000017
0.000035
-0.000087
-0.000273
-0.000313
-0.000193
-0.000046
0.000056
0.000075
-0.000013
-0.000113
-0.000132
-0.000134
-0.000124
-0.000010
0.000111
0.000071
-0.000034
-0.000035
0.000021
0.000025
0.000020
0.000091
0.000159
0.000118
0.000030
0.000022
0.000098
0.000163
0.000168
0.000183
0.000234
0.000218
0.000121
0.000067
0.000095
0.000143
0.000131
-0.000018
-0.000266
-0.000442
-0.000456
-0.000389
-0.000330
-0.000304
-0.000345
-0.000411
-0.000345
-0.000125
0.000101
0.000243
0.000279
0.000173
0.000021
0.000082
0.000417
0.000707
0.000643
0.000316
0.000053
-0.000001
0.000021
-0.000025
-0.000103
-0.000107
-0.000077
-0.000134
-0.000250
-0.000297
-0.000203
-0.000023
0.000080
0.000035
-0.000016
0.000033
0.000104
0.000124
0.000080
-0.000033
-0.000148
-0.000180
-0.000134
-0.000049
0.000043
0.000075
0.000006
-0.000122
-0.000228
-0.000231
-0.000110
0.000011
0.000050
0.000096
0.000196
0.000273
0.000254
0.000140
0.000042
0.000073
0.000165
0.000179
0.000134
0.000101
0.000029
-0.000118
-0.000239
-0.000222
-0.000108
-0.000051
-0.000136
-0.000291
-0.000363
-0.000278
-0.000138
-0.000110
-0.000203
-0.000238
-0.000103
0.000109
0.000292
0.000446
0.000512
0.000409
0.000241
0.000158
0.000119
0.000040
-0.000005
0.000072
0.000153
0.000049
-0.000191
-0.000322
-0.000234
-0.000088
-0.000060
-0.000085
-0.000034
0.000044
0.000050
0.000018
0.000005
0.000008
0.000039
0.000073
0.000065
0.000081
0.000152
0.000141
0.000002
-0.000100
-0.000097
-0.000099
-0.000125
-0.000123
-0.000135
-0.000177
-0.000195
-0.000203
-0.000201
-0.000109
0.000025
0.000013
-0.000132
-0.000190
-0.000079
0.000104
0.000284
0.000425
0.000476
0.000431
0.000337
0.000193
0.000043
0.000035
0.000126
0.000048
-0.000233
-0.000445
-0.000411
-0.000200
0.000025
0.000117
0.000065
-0.000016
-0.000067
-0.000120
-0.000143
-0.000077
0.000016
0.000039
0.000004
-0.000028
-0.000044
-0.000039
-0.000012
0.000024
0.000069
0.000109
0.000128
0.000172
0.000231
0.000156
-0.000093
-0.000291
-0.000220
0.000031
0.000185
0.000126
-0.000041
-0.000177
-0.000210
-0.000161
-0.000061
0.000103
0.000251
0.000258
0.000180
0.000135
0.000083
-0.000045
-0.000183
-0.000210
-0.000121
-0.000062
-0.000122
-0.000202
-0.000194
-0.000122
-0.000096
-0.000182
-0.000253
-0.000131
0.000160
0.000420
0.000482
0.000381
0.000291
0.000249
0.000182
0.000126
0.000129
0.000154
0.000128
-0.000041
-0.000302
-0.000429
-0.000332
-0.000180
-0.000139
-0.000177
-0.000154
-0.000049
-0.000036
-0.000179
-0.000261
-0.000133
0.000032
0.000046
-0.000027
-0.000027
0.000111
0.000314
0.000416
0.000329
0.000125
-0.000065
-0.000115
-0.000013
0.000072
0.000032
-0.000020
-0.000006
0.000008
0.000006
0.000031
0.000050
-0.000011
-0.000136
-0.000213
-0.000158
0.000011
0.000189
0.000251
0.000180
0.000046
-0.000094
-0.000164
-0.000106
0.000011
0.000041
-0.000029
-0.000080
-0.000060
0.000016
0.000103
0.000060
-0.000153
-0.000297
-0.000192
0.000015
0.000101
0.000029
-0.000029
0.000086
0.000293
0.000412
0.000384
0.000208
-0.000063
-0.000232
-0.000185
-0.000089
-0.000089
-0.000089
-0.000015
0.000061
0.000090
0.000049
-0.000073
-0.000227
-0.000362
-0.000426
-0.000327
-0.000087
0.000128
0.000222
0.000240
0.000204
0.000099
-0.000027
-0.000135
-0.000228
-0.000261
-0.000142
0.000079
0.000178
0.000075
-0.000027
0.000029
0.000151
0.000263
0.000418
0.000542
0.000461
0.000209
0.000005
-0.000059
-0.000072
-0.000075
-0.000073
-0.000135
-0.000245
-0.000261
-0.000167
-0.000101
-0.000110
-0.000104
-0.000049
-0.000012
-0.000075
-0.000227
-0.000322
-0.000259
-0.000185
-0.000215
-0.000170
0.000059
0.000230
0.000182
0.000109
0.000189
0.000317
0.000340
0.000293
0.000274
0.000288
0.000299
0.000282
0.000197
0.000017
-0.000176
-0.000241
-0.000171
-0.000120
-0.000212
-0.000348
-0.000336
-0.000218
-0.000196
-0.000263
-0.000226
-0.000071
0.000014
-0.000005
0.000024
0.000096
0.000079
0.000015
0.000035
0.000114
0.000179
0.000237
0.000246
0.000173
0.000100
0.000043
-0.000049
-0.000111
-0.000089
-0.000047
0.000040
0.000260
0.000502
0.000514
0.000265
-0.000044
-0.000246
-0.000333
-0.000343
-0.000293
-0.000242
-0.000234
-0.000191
-0.000037
0.000109
0.000068
-0.000084
-0.000120
-0.000055
-0.000084
-0.000253
-0.000413
-0.000384
-0.000147
0.000105
0.000166
0.000043
-0.000067
0.000022
0.000325
0.000659
0.000774
0.000599
0.000318
0.000146
0.000110
0.000105
0.000070
0.000016
-0.000073
-0.000200
-0.000279
-0.000255
-0.000206
-0.000232
-0.000310
-0.000331
-0.000241
-0.000083
0.000025
-0.000031
-0.000184
-0.000235
-0.000131
0.000036
0.000150
0.000113
0.000016
0.000080
0.000240
0.000215
0.000038
-0.000020
0.000046
0.000085
0.000083
0.000073
0.000072
0.000120
0.000178
0.000102
-0.000102
-0.000202
-0.000065
0.000122
0.000128
0.000047
0.000081
0.000116
-0.000042
-0.000265
-0.000337
-0.000262
-0.000173
-0.000137
-0.000091
0.000067
0.000272
0.000308
0.000098
-0.000173
-0.000274
-0.000157
0.000054
0.000193
0.000196
0.000113
-0.000001
-0.000110
-0.000135
-0.000014
0.000173
0.000249
0.000134
-0.000067
-0.000184
-0.000135
0.000037
0.000205
0.000237
0.000166
0.000122
0.000082
-0.000050
-0.000198
-0.000251
-0.000257
-0.000277
-0.000252
-0.000156
-0.000045
0.000031
0.000044
0.000014
0.000013
0.000054
0.000062
0.000019
0.000029
0.000152
0.000268
0.000204
-0.000002
-0.000100
0.000010
0.000107
0.000009
-0.000129
-0.000069
0.000110
0.000150
0.000033
-0.000043
0.000016
0.000078
0.000000
-0.000116
-0.000070
0.000057
-0.000008
-0.000239
-0.000309
-0.000149
-0.000016
0.000011
0.000080
0.000204
0.000249
0.000160
-0.000001
-0.000124
-0.000132
-0.000070
-0.000017
-0.000000
-0.000034
-0.000108
-0.000183
-0.000235
-0.000217
-0.000063
0.000159
0.000278
0.000253
0.000199
0.000197
0.000184
0.000088
-0.000032
-0.000108
-0.000171
-0.000196
-0.000066
0.000170
0.000294
0.000203
0.000042
0.000026
0.000154
0.000197
0.000088
-0.000014
-0.000073
-0.000186
-0.000354
-0.000486
-0.000485
-0.000322
-0.000132
-0.000073
-0.000085
0.000002
0.000189
0.000303
0.000226
0.000034
-0.000054
0.000037
0.000086
-0.000048
-0.000137
0.000019
0.000243
0.000268
0.000084
-0.000106
-0.000137
-0.000004
0.000203
0.000387
0.000427
0.000257
0.000014
-0.000109
-0.000111
-0.000106
-0.000124
-0.000112
-0.000034
0.000058
0.000048
-0.000096
-0.000261
-0.000337
-0.000297
-0.000157
-0.000020
-0.000057
-0.000232
-0.000228
0.000092
0.000398
0.000375
0.000177
0.000054
-0.000018
-0.000063
0.000005
0.000098
0.000070
0.000039
0.000123
0.000137
-0.000007
-0.000087
-0.000012
0.000050
-0.000028
-0.000202
-0.000333
-0.000331
-0.000224
-0.000057
0.000124
0.000244
0.000273
0.000219
0.000091
-0.000045
-0.000105
-0.000064
0.000049
0.000153
0.000126
-0.000045
-0.000222
-0.000297
-0.000267
-0.000147
0.000063
0.000286
0.000365
0.000243
0.000052
-0.000083
-0.000169
-0.000203
-0.000130
0.000045
0.000227
0.000304
0.000254
0.000196
0.000214
0.000198
0.000035
-0.000148
-0.000174
-0.000084
-0.000033
