4960
-0.000348
-0.000435
-0.000334
-0.000054
0.000239
0.000347
0.000301
0.000283
0.000307
0.000195
-0.000110
-0.000415
-0.000516
-0.000440
-0.000358
-0.000306
-0.000187
0.000033
0.000305
0.000527
0.000568
0.000426
0.000244
0.000124
0.000034
-0.000068
-0.000121
-0.000050
0.000056
0.000001
-0.000205
-0.000320
-0.000231
-0.000038
0.000148
0.000225
0.000103
-0.000130
-0.000292
-0.000310
-0.000204
-0.000045
0.000070
0.000086
-0.000000
-0.000127
-0.000155
-0.000031
0.000111
0.000141
0.000104
0.000104
0.000164
0.000190
0.000080
-0.000085
-0.000108
0.000033
0.000181
0.000243
0.000223
0.000115
-0.000060
-0.000185
-0.000157
-0.000036
0.000027
-0.000028
-0.000119
-0.000153
-0.000140
-0.000109
-0.000055
-0.000022
-0.000058
-0.000112
-0.000064
0.000091
0.000187
0.000114
-0.000019
-0.000052
0.000028
0.000096
0.000055
-0.000021
0.000001
0.000106
0.000172
0.000150
0.000046
-0.000107
-0.000166
-0.000055
0.000031
-0.000099
-0.000303
-0.000283
-0.000023
0.000213
0.000236
0.000087
-0.000065
-0.000072
0.000019
0.000037
-0.000022
-0.000029
0.000023
0.000036
0.000018
0.000069
0.000190
0.000262
0.000232
0.000164
0.000105
0.000014
-0.000118
-0.000231
-0.000299
-0.000318
-0.000242
-0.000059
0.000117
0.000158
0.000069
-0.000027
-0.000058
-0.000071
-0.000110
-0.000138
-0.000113
-0.000054
-0.000029
-0.000062
-0.000083
-0.000030
0.000072
0.000188
0.000287
0.000318
0.000293
0.000294
0.000302
0.000219
0.000087
-0.000030
-0.000241
-0.000558
-0.000676
-0.000422
-0.000091
0.000031
0.000041
0.000074
0.000059
-0.000070
-0.000213
-0.000239
-0.000131
0.000034
0.000177
0.000255
0.000285
0.000304
0.000317
0.000339
0.000375
0.000356
0.000182
-0.000134
-0.000366
-0.000301
-0.000101
-0.000083
-0.000229
-0.000297
-0.000232
-0.000133
-0.000032
0.000071
0.000120
0.000116
0.000113
0.000068
-0.000058
-0.000141
-0.000079
0.000030
0.000067
0.000023
-0.000034
-0.000002
0.000118
0.000150
-0.000031
-0.000281
-0.000347
-0.000176
0.000040
0.000127
0.000082
-0.000006
-0.000048
0.000030
0.000237
0.000458
0.000525
0.000396
0.000205
0.000064
-0.000055
-0.000182
-0.000307
-0.000444
-0.000603
-0.000707
-0.000525
0.000038
0.000531
0.000470
0.000166
0.000175
0.000314
0.000141
-0.000137
-0.000116
0.000041
0.000014
-0.000070
-0.000017
0.000010
-0.000093
-0.000112
0.000006
0.000026
-0.000088
-0.000123
-0.000038
-0.000009
-0.000104
-0.000199
-0.000192
-0.000103
0.000040
0.000204
0.000275
0.000223
0.000232
0.000395
0.000482
0.000316
0.000042
-0.000185
-0.000361
-0.000422
-0.000336
-0.000269
-0.000246
-0.000019
0.000261
0.000104
-0.000222
-0.000031
0.000371
0.000219
-0.000222
-0.000200
0.000151
0.000233
0.000064
0.000018
0.000105
0.000132
0.000075
-0.000036
-0.000174
-0.000244
-0.000219
-0.000195
-0.000182
-0.000057
0.000153
0.000208
0.000036
-0.000125
-0.000110
-0.000020
0.000059
0.000161
0.000228
0.000181
0.000127
0.000150
0.000130
0.000032
-0.000016
-0.000005
-0.000036
-0.000134
-0.000255
-0.000328
-0.000323
-0.000288
-0.000214
-0.000020
0.000221
0.000297
0.000169
0.000024
0.000012
0.000130
0.000256
0.000248
0.000146
0.000114
0.000135
0.000060
-0.000095
-0.000191
-0.000217
-0.000280
-0.000377
-0.000323
-0.000052
0.000187
0.000183
0.000051
-0.000005
0.000037
0.000083
0.000055
-0.000059
-0.000200
-0.000261
-0.000166
0.000050
0.000251
0.000326
0.000294
0.000249
0.000210
0.000128
0.000007
-0.000095
-0.000155
-0.000200
-0.000215
-0.000128
0.000020
0.000099
0.000084
0.000064
0.000087
0.000087
-0.000033
-0.000208
-0.000252
-0.000133
0.000007
0.000066
0.000082
0.000101
0.000028
-0.000126
-0.000126
0.000053
0.000224
0.000336
0.000304
0.000023
-0.000294
-0.000403
-0.000408
-0.000440
-0.000377
-0.000138
0.000124
0.000280
0.000369
0.000390
0.000266
0.000031
-0.000138
-0.000081
0.000165
0.000387
0.000375
0.000121
-0.000125
-0.000140
0.000008
0.000125
0.000118
-0.000006
-0.000174
-0.000272
-0.000247
-0.000158
-0.000112
-0.000128
-0.000148
-0.000168
-0.000212
-0.000247
-0.000230
-0.000106
0.000136
0.000337
0.000299
0.000081
-0.000072
-0.000046
0.000053
0.000072
0.000065
0.000221
0.000478
0.000554
0.000344
-0.000036
-0.000383
-0.000438
-0.000171
0.000051
-0.000009
-0.000145
-0.000154
-0.000046
0.000118
0.000231
0.000214
0.000110
-0.000020
-0.000116
-0.000147
-0.000174
-0.000204
-0.000141
-0.000021
-0.000033
-0.000200
-0.000205
0.000120
0.000289
-0.000038
-0.000294
-0.000020
0.000278
0.000165
0.000062
0.000202
0.000093
-0.000242
-0.000085
0.000439
0.000463
-0.000030
-0.000321
-0.000257
-0.000186
-0.000110
0.000110
0.000236
0.000063
-0.000219
-0.000309
-0.000079
0.000212
0.000093
-0.000301
-0.000317
-0.000010
0.000050
0.000035
0.000303
0.000404
0.000034
-0.000239
-0.000049
0.000239
0.000331
0.000255
0.000056
-0.000132
-0.000244
-0.000294
-0.000059
0.000330
0.000242
-0.000217
-0.000300
-0.000030
0.000048
-0.000113
-0.000278
-0.000315
-0.000166
-0.000031
-0.000110
-0.000041
0.000311
0.000323
0.000072
0.000357
0.000690
0.000015
-0.000821
-0.000392
0.000409
0.000087
-0.000401
0.000261
0.000864
0.000198
-0.000447
-0.000096
0.000084
-0.000375
-0.000418
-0.000003
0.000017
-0.000200
-0.000044
0.000294
0.000233
-0.000113
-0.000120
0.000089
-0.000030
-0.000109
0.000283
0.000404
-0.000160
-0.000500
-0.000120
0.000286
0.000153
-0.000192
-0.000064
0.000328
0.000064
-0.000431
-0.000003
0.000631
0.000229
-0.000490
-0.000439
-0.000032
0.000010
-0.000126
0.000037
0.000192
-0.000008
0.000075
0.000250
-0.000409
-0.000678
0.000545
0.001074
-0.000211
-0.000726
0.000300
0.000447
-0.000348
-0.000018
0.000577
-0.000400
-0.001162
0.000177
0.001252
0.000067
-0.000965
0.000059
0.000900
-0.000183
-0.001235
-0.000593
0.000326
0.000174
0.000039
0.000780
0.000946
-0.000174
-0.000630
0.000243
0.000515
-0.000179
-0.000409
-0.000083
0.000143
0.000201
-0.000002
-0.000175
0.000098
-0.000017
-0.000722
-0.000317
0.000916
0.000511
-0.000973
-0.000894
0.000349
0.000518
-0.000251
-0.000264
0.000513
0.000703
-0.000190
-0.001011
-0.000360
0.000845
0.000377
-0.000825
-0.000241
0.000840
0.000242
-0.000390
0.000370
0.000826
0.000185
-0.000241
-0.000088
-0.000256
-0.000544
-0.000136
0.000064
-0.000628
-0.000570
0.000573
0.000650
-0.000215
-0.000004
0.000525
-0.000025
-0.000295
0.000510
0.000605
-0.000537
-0.000848
-0.000035
-0.000118
-0.000558
0.000236
0.000687
-0.000029
-0.000243
-0.000185
-0.000394
0.000437
0.001199
-0.000219
-0.001386
0.000032
0.001164
0.000181
-0.000506
0.000026
0.000336
0.000205
0.000213
0.000449
0.000466
-0.000401
-0.001452
-0.001122
0.000179
0.000753
0.000485
0.000284
0.000241
0.000121
0.000054
0.000029
-0.000060
-0.000053
-0.000210
-0.001006
-0.001280
0.000051
0.000898
-0.000118
-0.000449
0.000819
0.001017
-0.000199
-0.000577
-0.000045
0.000128
0.000197
0.000515
0.000196
-0.000665
-0.000513
0.000475
0.000625
-0.000114
-0.000583
-0.000148
0.000557
0.000108
-0.000915
-0.000429
0.000755
0.000337
-0.000684
-0.000304
0.000417
0.000066
-0.000115
0.000683
0.000920
0.000239
0.000143
0.000427
-0.000243
-0.001013
-0.000460
0.000335
-0.000123
-0.000798
-0.000376
0.000045
-0.000536
-0.000664
0.000637
0.001369
0.000144
-0.000785
0.000086
0.000467
-0.000573
-0.000543
0.000917
0.001104
-0.000415
-0.000965
0.000349
0.001037
-0.000348
-0.001615
-0.000541
0.001216
0.000802
-0.000769
-0.000593
0.000809
0.000725
-0.000513
-0.000316
0.000923
0.000650
-0.000813
-0.000881
0.000499
0.000893
0.000024
-0.000178
0.000119
-0.000748
-0.001820
-0.000612
0.001858
0.001554
-0.001268
-0.001485
0.000839
0.000470
-0.001157
0.000702
0.002473
-0.000076
-0.002438
-0.001167
0.000301
0.000054
0.000493
0.002261
0.002067
-0.000980
-0.002325
-0.000153
0.001205
0.000009
-0.000413
0.000488
-0.000147
-0.001634
-0.000918
0.000600
-0.000062
-0.001021
-0.000073
0.001046
0.001143
0.000424
-0.001102
-0.001508
0.000434
0.001687
0.000652
0.000013
0.000314
-0.000159
-0.000204
0.000768
0.000074
-0.001592
-0.000644
0.000999
-0.000223
-0.001091
0.001265
0.002346
-0.000530
-0.002716
-0.001073
0.001261
0.001016
-0.000522
-0.000352
0.000936
0.000369
-0.001728
-0.002189
-0.000084
0.002013
0.001831
0.000143
-0.000912
-0.000563
-0.000017
-0.000032
0.000594
0.001838
0.001166
-0.001316
-0.001807
0.000024
0.000369
-0.000869
-0.000532
0.001025
0.001270
0.000189
-0.000567
-0.000658
-0.000933
-0.000800
0.000877
0.001840
-0.000210
-0.001809
-0.000072
0.001185
-0.000123
-0.000391
0.000694
0.000090
-0.001150
-0.000831
0.000568
0.001463
-0.000065
-0.002217
-0.000379
0.002886
0.001300
-0.002265
-0.001882
0.000237
0.001018
0.001683
0.001218
-0.000802
-0.000511
0.001086
-0.000527
-0.001763
0.001104
0.001515
-0.002678
-0.002415
0.002727
0.002603
-0.002279
-0.002650
0.001280
0.001701
-0.002125
-0.001619
0.004526
0.004068
-0.004120
-0.004632
0.002408
0.002024
-0.003339
-0.001241
0.004546
0.003134
-0.003228
-0.004035
0.001124
0.002809
-0.000134
-0.000400
0.001733
0.000986
-0.001269
-0.001348
0.000028
0.000507
-0.000505
-0.000804
0.000846
0.000914
-0.001466
-0.001488
0.000799
0.000576
-0.001179
-0.000123
0.001838
0.000117
-0.002130
0.000798
0.003958
-0.000183
-0.005368
-0.001937
0.004802
0.004266
-0.001927
-0.004513
-0.000711
0.002412
-0.000479
-0.003007
0.001014
0.004292
0.000174
-0.003301
0.000217
0.002944
0.000028
-0.001906
0.000286
0.001831
0.000570
-0.000666
-0.000791
-0.001741
-0.001916
0.001794
0.004363
-0.000132
-0.005153
-0.002211
0.003428
0.002310
-0.002529
-0.001859
0.002115
0.000901
-0.002419
-0.000926
0.001663
0.000960
-0.000233
0.000397
0.001484
0.000435
-0.002209
-0.001723
0.001966
0.002846
-0.000504
-0.003328
-0.001771
0.003148
0.005073
-0.000081
-0.005231
-0.002445
0.002328
0.000904
-0.001370
0.001434
0.002604
-0.002146
-0.004306
0.000832
0.004265
-0.000622
-0.005313
-0.000790
0.005368
0.002778
-0.002860
-0.002507
0.000731
0.001132
-0.000452
-0.000988
0.000346
0.001335
-0.000407
-0.002328
-0.000505
0.002276
0.001138
-0.001050
0.000987
0.003728
0.001086
-0.003390
-0.002837
0.001318
0.003111
0.000518
-0.003297
-0.003380
0.000621
0.002752
0.000481
-0.001033
-0.000198
-0.001546
-0.003271
0.000567
0.005830
0.003580
-0.003780
-0.005281
0.001241
0.005208
0.000163
-0.005227
-0.001502
0.005041
0.003130
-0.003519
-0.003348
0.002078
0.002516
-0.001363
-0.001465
0.001668
0.001374
-0.001959
-0.000967
0.004275
0.003213
-0.005509
-0.007386
0.002317
0.008039
0.001624
-0.005156
-0.003744
0.000408
0.002026
0.001261
-0.001413
-0.003054
0.000300
0.004755
0.003091
-0.002127
-0.002931
0.000443
0.001617
-0.000390
-0.000516
0.001746
0.000944
-0.002399
-0.001894
0.001396
0.000740
-0.002682
-0.001594
0.003241
0.003138
-0.002514
-0.004401
0.000226
0.004168
0.002583
-0.001642
-0.003094
-0.000661
0.002302
0.003131
0.001071
-0.002528
-0.002996
0.000873
0.002932
0.000425
-0.001654
-0.000719
0.000162
-0.000695
-0.000978
0.000677
0.001552
-0.000020
-0.001312
-0.001010
-0.000845
-0.000425
0.001282
0.002072
0.000074
-0.002270
-0.001372
0.001477
0.001657
-0.000318
0.000154
0.001762
-0.000219
-0.002696
0.000013
0.003685
0.001677
-0.002667
-0.003334
-0.001230
0.000547
0.001471
0.001686
0.000912
-0.000785
-0.001916
-0.000615
0.001675
0.001549
-0.000539
-0.000998
0.000728
0.001174
-0.001531
-0.003718
-0.001007
0.003695
0.003809
-0.000332
-0.002986
-0.002068
0.000162
0.001921
0.002238
-0.000084
-0.002833
-0.001340
0.002338
0.001430
-0.002507
-0.002482
0.000894
0.002516
0.001733
-0.000011
-0.001943
-0.002258
-0.000084
0.002607
0.003453
0.001329
-0.002647
-0.004100
-0.000648
0.002949
0.001436
-0.002192
-0.001420
0.002083
0.001150
-0.002508
-0.001362
0.002095
0.000498
-0.002726
-0.000702
0.002640
0.001639
-0.000159
0.000335
-0.000127
-0.002148
-0.002121
0.000386
0.002630
0.002758
0.000136
-0.003087
-0.002480
0.001829
0.004439
0.002462
-0.001743
-0.004439
-0.003612
-0.000337
0.002038
0.002258
0.002028
0.001437
-0.000642
-0.003001
-0.003888
-0.002574
0.001133
0.004654
0.004043
0.000396
-0.001488
-0.001143
-0.001589
-0.002061
0.000181
0.003059
0.002490
-0.000408
-0.001676
-0.001221
-0.001690
-0.002805
-0.001037
0.003553
0.004834
0.000573
-0.002688
-0.001037
0.000588
-0.001155
-0.001359
0.003023
0.005417
0.000799
-0.004438
-0.003658
-0.000465
0.000059
-0.000362
0.001384
0.003419
0.001547
-0.002848
-0.003704
-0.001826
-0.002405
-0.001099
0.006214
0.009089
0.000520
-0.008181
-0.006481
0.000688
0.004731
0.004112
0.000841
-0.003239
-0.004872
-0.001699
0.002654
0.002814
0.000234
0.000392
0.003119
0.002942
-0.002078
-0.007303
-0.006271
0.002162
0.009933
0.007914
-0.001880
-0.008833
-0.006098
0.002642
0.007029
0.002102
-0.004960
-0.004701
0.001586
0.004887
0.001140
-0.004117
-0.003309
0.002448
0.004736
0.000617
-0.004362
-0.005736
-0.002794
0.004148
0.009374
0.004679
-0.005803
-0.008325
-0.000912
0.004582
0.002648
-0.000237
0.000051
0.000269
-0.001015
-0.001079
0.000219
-0.000196
-0.002037
-0.001046
0.003013
0.004000
-0.000146
-0.002780
-0.000856
0.000583
-0.000220
-0.000195
0.000633
0.000021
-0.001557
-0.001186
0.001633
0.002306
-0.001697
-0.004469
-0.000850
0.004165
0.004003
0.000749
-0.000653
-0.000724
-0.001635
-0.002035
-0.000537
0.001204
0.001120
-0.000051
0.000522
0.002398
0.001261
-0.002729
-0.003966
-0.001357
0.000813
0.001418
0.002122
0.002002
0.000035
-0.001929
-0.002403
-0.001630
0.000111
0.001552
0.001025
0.000191
0.001442
0.002314
-0.000190
-0.003377
-0.003675
-0.002016
-0.000204
0.002443
0.005533
0.004822
-0.001194
-0.005658
-0.002914
0.002097
0.002652
0.000261
-0.000740
-0.000268
-0.000152
-0.000780
-0.001618
-0.001405
0.000791
0.002691
0.001421
-0.001179
-0.001521
0.000186
0.001248
0.000411
-0.000690
-0.000488
-0.000540
-0.001370
-0.000328
0.002161
0.002208
-0.000453
-0.002232
-0.001427
0.000416
0.001413
0.001105
0.000154
-0.000320
0.000329
0.001086
0.000406
-0.001366
-0.002427
-0.001596
0.000490
0.001665
0.000855
-0.000562
-0.001172
-0.000903
0.000083
0.001305
0.001679
0.000848
-0.000430
-0.001127
-0.000682
0.000244
0.000674
0.000872
0.001185
0.000787
-0.000362
-0.000718
-0.000546
-0.001755
-0.002429
0.000560
0.003445
0.001393
-0.001586
-0.000760
0.000380
-0.000997
-0.001546
0.000017
0.000694
-0.000074
0.000050
0.001040
0.000764
-0.000666
-0.001244
-0.000456
0.000432
0.000421
-0.000157
-0.000637
-0.000599
0.000801
0.003167
0.003447
0.000310
-0.002927
-0.003348
-0.001794
0.000212
0.001828
0.002064
0.001107
0.000210
-0.000667
-0.002024
-0.002358
-0.000243
0.002213
0.002044
-0.000222
-0.002108
-0.002279
-0.000709
0.001389
0.002392
0.002215
0.001254
-0.000893
-0.002766
-0.001496
0.001604
0.001660
-0.001599
-0.002480
0.001133
0.003631
0.000949
-0.003078
-0.003388
-0.000517
0.001950
0.002193
0.000638
-0.001446
-0.002383
-0.000891
0.002053
0.003351
0.001277
-0.002024
-0.002909
-0.000729
0.001449
0.001178
-0.000100
0.000169
0.001561
0.001717
0.000121
-0.001387
-0.001566
-0.001109
-0.000488
0.000561
0.001000
-0.000029
-0.000828
0.000020
0.001032
0.000207
-0.001840
-0.002351
-0.000118
0.002698
0.003074
0.000330
-0.002891
-0.003226
-0.000770
0.001523
0.002065
0.001407
0.000378
-0.000524
-0.000715
0.000264
0.001335
0.000341
-0.002280
-0.002775
0.000528
0.003853
0.003060
-0.000517
-0.002572
-0.001750
-0.000177
0.000156
-0.000377
-0.000193
0.000907
0.001556
0.000914
-0.000578
-0.001939
-0.002185
-0.000751
0.001708
0.002728
0.000531
-0.002344
-0.001966
0.000812
0.002100
0.000926
-0.000907
-0.001911
-0.001373
0.000412
0.001816
0.001584
0.000164
-0.000957
-0.000651
0.000421
0.000406
-0.000783
-0.001073
0.000516
0.002473
0.002843
0.001073
-0.001836
-0.003891
-0.003243
0.000022
0.003196
0.003334
0.000633
-0.001881
-0.002448
-0.002136
-0.001734
-0.000408
0.001867
0.003494
0.003123
0.000872
-0.001828
-0.003132
-0.002276
-0.000170
0.001807
0.002809
0.002290
0.000323
-0.001699
-0.002291
-0.001738
-0.001158
-0.000366
0.001229
0.002564
0.002069
0.000037
-0.001709
-0.001902
-0.000887
0.000167
0.000603
0.000562
0.000442
0.000382
0.000154
-0.000362
-0.000799
-0.000841
-0.000637
-0.000266
0.000234
0.000560
0.000805
0.001168
0.000958
-0.000157
-0.000999
-0.000666
0.000184
0.000558
0.000375
0.000243
0.000381
0.000298
-0.000160
-0.000611
-0.001073
-0.001466
-0.000892
0.000858
0.002183
0.001649
-0.000034
-0.001223
-0.001407
-0.001016
-0.000284
0.000603
0.001098
0.000949
0.000550
0.000081
-0.000724
-0.001568
-0.001561
-0.000539
0.000725
0.001545
0.001587
0.000745
-0.000432
-0.001073
-0.000959
-0.000377
0.000379
0.000904
0.000948
0.000719
0.000410
-0.000046
-0.000726
-0.001390
-0.001351
-0.000255
0.000980
0.001066
0.000133
-0.000496
-0.000191
0.000325
0.000216
-0.000277
-0.000378
-0.000086
-0.000028
-0.000238
-0.000242
-0.000076
-0.000003
0.000162
0.000419
0.000321
-0.000075
-0.000274
-0.000182
0.000169
0.000722
0.000879
0.000208
-0.000617
-0.000682
-0.000151
0.000090
-0.000258
-0.000578
-0.000373
0.000071
0.000330
0.000355
0.000227
0.000063
0.000006
0.000094
0.000232
0.000244
0.000076
-0.000095
-0.000081
0.000036
-0.000086
-0.000554
-0.000909
-0.000779
-0.000353
0.000231
0.000870
0.000903
0.000088
-0.000580
-0.000357
0.000231
0.000514
0.000474
0.000310
0.000143
0.000065
0.000003
-0.000230
-0.000511
-0.000400
0.000191
0.000618
0.000334
-0.000156
-0.000118
0.000188
0.000156
-0.000179
-0.000493
-0.000613
-0.000447
-0.000039
0.000348
0.000470
0.000351
0.000157
-0.000022
-0.000126
-0.000085
0.000122
0.000412
0.000523
0.000358
0.000287
0.000475
0.000483
0.000093
-0.000338
-0.000527
-0.000554
-0.000470
-0.000090
0.000575
0.000917
0.000332
-0.000763
-0.001277
-0.000909
-0.000373
-0.000097
0.000130
0.000195
-0.000230
-0.000742
-0.000765
-0.000453
-0.000140
0.000012
-0.000298
-0.000907
-0.000998
-0.000372
0.000241
0.000385
0.000285
0.000217
0.000219
0.000273
0.000377
0.000469
0.000504
0.000595
0.000909
0.001341
0.001442
0.000955
0.000232
-0.000203
-0.000159
0.000149
0.000208
-0.000249
-0.000774
-0.000896
-0.000903
-0.001114
-0.001060
-0.000297
0.000621
0.000892
0.000682
0.000637
0.000730
0.000574
0.000324
0.000404
0.000767
0.000994
0.000890
0.000608
0.000248
-0.000310
-0.000956
-0.001137
-0.000631
-0.000045
0.000079
0.000039
0.000185
0.000104
-0.000494
-0.000927
-0.000679
-0.000321
-0.000389
-0.000574
-0.000573
-0.000685
-0.001146
-0.001472
-0.001110
-0.000470
-0.000303
-0.000409
-0.000181
0.000152
0.000073
-0.000152
0.000102
0.000833
0.001356
0.001162
0.000640
0.000489
0.000648
0.000596
0.000329
0.000136
-0.000089
-0.000552
-0.001057
-0.001459
-0.001960
-0.002319
-0.001841
-0.000816
-0.000487
-0.000896
-0.000420
0.001504
0.002886
0.002091
0.000735
0.001288
0.003181
0.004022
0.003543
0.003395
0.003618
0.002579
0.000491
-0.000388
0.000397
0.000613
-0.000746
-0.001661
-0.000666
0.000526
-0.000138
-0.001954
-0.003102
-0.003273
-0.003008
-0.002311
-0.001436
-0.001444
-0.002569
-0.003330
-0.002654
-0.001495
-0.001147
-0.001419
-0.001481
-0.001150
-0.000555
0.000189
0.000690
0.000679
0.000575
0.001054
0.002212
0.003459
0.004090
0.003770
0.002825
0.002236
0.002736
0.003763
0.003947
0.002787
0.001193
0.000123
-0.000463
-0.000944
-0.001275
-0.001428
-0.001756
-0.002279
-0.002494
-0.002877
-0.005118
-0.009012
-0.011155
-0.009240
-0.005506
-0.003338
-0.002376
-0.000120
0.003012
0.004220
0.003192
0.002564
0.003682
0.005298
0.006561
0.008025
0.009376
0.009072
0.006786
0.004219
0.002878
0.002539
0.002360
0.002128
0.001941
0.001533
0.000495
-0.001244
-0.003485
-0.005671
-0.006848
-0.006576
-0.005448
-0.004259
-0.003325
-0.002960
-0.003576
-0.004678
-0.005129
-0.004838
-0.004610
-0.004406
-0.003492
-0.002061
-0.001019
-0.000604
-0.000336
0.000182
0.001048
0.002366
0.004126
0.005930
0.007345
0.008198
0.008424
0.008031
0.007110
0.005697
0.004015
0.002793
0.002551
0.002677
0.002072
0.000281
-0.002252
-0.004385
-0.005090
-0.004638
-0.004232
-0.004410
-0.005317
-0.007591
-0.010499
-0.011310
-0.009335
-0.007467
-0.007242
-0.006165
-0.002290
0.002106
0.004077
0.004220
0.004622
0.005168
0.004997
0.005549
0.008399
0.011605
0.011894
0.009375
0.007029
0.006208
0.005544
0.004123
0.002848
0.002250
0.001378
-0.000209
-0.001374
-0.001710
-0.002787
-0.005445
-0.008099
-0.008914
-0.007742
-0.005753
-0.004569
-0.004950
-0.005725
-0.005396
-0.004419
-0.004118
-0.004330
-0.004006
-0.003174
-0.002448
-0.001441
0.000397
0.002126
0.002453
0.002014
0.002592
0.004448
0.006312
0.007581
0.008579
0.009133
0.008546
0.006941
0.005433
0.004665
0.004074
0.003065
0.001859
0.000521
-0.001344
-0.003279
-0.004183
-0.004149
-0.004443
-0.005907
-0.008480
-0.011312
-0.012783
-0.011923
-0.009912
-0.008491
-0.007381
-0.005124
-0.001745
0.001570
0.004408
0.006568
0.007146
0.006259
0.006064
0.008096
0.010785
0.011565
0.010366
0.009005
0.008097
0.006812
0.005190
0.004169
0.003419
0.001713
-0.000534
-0.001599
-0.001492
-0.002147
-0.004351
-0.006973
-0.009229
-0.011062
-0.011439
-0.009266
-0.006024
-0.004506
-0.004933
-0.005134
-0.004276
-0.003600
-0.003661
-0.003439
-0.002281
-0.000677
0.001035
0.003085
0.005084
0.005889
0.005257
0.004554
0.005082
0.006590
0.008067
0.009074
0.009562
0.009154
0.007624
0.005560
0.003646
0.001925
0.000314
-0.001184
-0.002799
-0.004426
-0.005349
-0.005391
-0.005482
-0.006370
-0.007979
-0.010234
-0.012709
-0.013886
-0.012697
-0.009979
-0.006982
-0.003913
-0.001106
0.000619
0.001837
0.004117
0.007054
0.008462
0.008172
0.008663
0.010908
0.012781
0.012742
0.011884
0.011098
0.009289
0.006099
0.003633
0.003304
0.003264
0.001385
-0.001279
-0.002691
-0.003475
-0.005302
-0.007598
-0.009073
-0.010466
-0.012482
-0.013257
-0.011090
-0.007620
-0.005609
-0.005143
-0.004567
-0.003709
-0.003383
-0.003152
-0.002069
-0.000473
0.000819
0.002160
0.004327
0.006720
0.007819
0.007383
0.006809
0.007100
0.007927
0.008854
0.009792
0.010103
0.008963
0.006777
0.004734
0.003144
0.001441
-0.000715
-0.003204
-0.005515
-0.006760
-0.006615
-0.006089
-0.006296
-0.007019
-0.007696
-0.009046
-0.011848
-0.014843
-0.015735
-0.013428
-0.008458
-0.002771
0.000949
0.001805
0.002171
0.004640
0.008280
0.010155
0.009893
0.010024
0.011712
0.013296
0.013737
0.013971
0.013702
0.010870
0.005991
0.002836
0.002859
0.002987
0.000737
-0.002298
-0.003985
-0.005117
-0.007094
-0.009232
-0.010752
-0.012601
-0.014828
-0.014932
-0.011468
-0.006882
-0.004373
-0.003983
-0.003790
-0.003135
-0.002626
-0.002258
-0.001487
-0.000374
0.000827
0.002545
0.005196
0.007967
0.009356
0.008972
0.007968
0.007606
0.008187
0.009212
0.009823
0.009407
0.008239
0.006940
0.005422
0.003263
0.000584
-0.002354
-0.005417
-0.007818
-0.008479
-0.007664
-0.006917
-0.007126
-0.008058
-0.009884
-0.012948
-0.015935
-0.016454
-0.013504
-0.008268
-0.003042
0.000236
0.001641
0.003347
0.006624
0.009736
0.010537
0.009859
0.010156
0.011868
0.013518
0.014534
0.015248
0.014633
0.011165
0.006186
0.003175
0.002765
0.001789
-0.001284
-0.003952
-0.004629
-0.005376
-0.007691
-0.010163
-0.011989
-0.014409
-0.016953
-0.016506
-0.012009
-0.006871
-0.004642
-0.004454
-0.003304
-0.001062
0.000168
0.000187
0.000586
0.001622
0.002533
0.003897
0.006721
0.009876
0.011015
0.009802
0.008258
0.007970
0.008452
0.008457
0.007749
0.006894
0.006154
0.005280
0.003940
0.002059
-0.000413
-0.003712
-0.007446
-0.010075
-0.010399
-0.009262
-0.008459
-0.008381
-0.008549
-0.009631
-0.012258
-0.014733
-0.014511
-0.011212
-0.006583
-0.002502
0.000407
0.003133
0.006932
0.011053
0.013183
0.012780
0.011978
0.012401
0.013345
0.013920
0.014606
0.015233
0.013691
0.009125
0.004420
0.002340
0.001174
-0.002157
-0.006622
-0.008899
-0.008971
-0.009465
-0.010810
-0.011552
-0.012374
-0.014970
-0.017436
-0.015837
-0.010500
-0.006124
-0.004913
-0.003866
-0.000345
0.003707
0.005355
0.005152
0.005241
0.005570
0.005309
0.005786
0.008372
0.011103
0.011085
0.009094
0.008143
0.008586
0.008276
0.006539
0.004694
0.003388
0.002075
0.000719
-0.000190
-0.001075
-0.003039
-0.006242
-0.009447
-0.011141
-0.011001
-0.010129
-0.009515
-0.008927
-0.008080
-0.007913
-0.009229
-0.010875
-0.010974
-0.009036
-0.005727
-0.001890
0.001749
0.005115
0.008937
0.013219
0.016194
0.016419
0.015102
0.014469
0.014551
0.013802
0.012290
0.011396
0.010571
0.007863
0.003757
0.000677
-0.001473
-0.004975
-0.009515
-0.012191
-0.012412
-0.012636
-0.013798
-0.014236
-0.013773
-0.014259
-0.015303
-0.013987
-0.009736
-0.005539
-0.003221
-0.000943
0.003085
0.007253
0.009062
0.008919
0.008809
0.008904
0.008274
0.007572
0.008141
0.009292
0.009235
0.008092
0.007389
0.007173
0.006095
0.003975
0.002091
0.001001
-0.000055
-0.001497
-0.002775
-0.003676
-0.004949
-0.007123
-0.009481
-0.010803
-0.010810
-0.010204
-0.009459
-0.008443
-0.007337
-0.006954
-0.007503
-0.008010
-0.007610
-0.006129
-0.003557
-0.000390
0.002499
0.005396
0.009613
0.014664
0.017743
0.017529
0.016067
0.015388
0.014674
0.012643
0.010461
0.009432
0.008015
0.004568
0.000836
-0.001110
-0.002962
-0.007029
-0.011671
-0.014000
-0.014608
-0.015634
-0.016340
-0.014936
-0.012875
-0.012644
-0.012917
-0.010630
-0.006316
-0.003006
-0.001188
0.001297
0.005116
0.008517
0.010391
0.011465
0.012190
0.011837
0.010291
0.008885
0.008464
0.007993
0.006402
0.004563
0.003888
0.004079
0.003749
0.002443
0.000946
-0.000114
-0.001160
-0.002821
-0.004761
-0.006148
-0.006974
-0.007934
-0.009023
-0.009441
-0.009062
-0.008606
-0.008316
-0.007789
-0.007025
-0.006637
-0.006816
-0.006840
-0.005972
-0.004057
-0.001345
0.001543
0.004208
0.007301
0.011521
0.015684
0.017554
0.016931
0.015872
0.015319
0.014005
0.011577
0.009565
0.008221
0.005786
0.001813
-0.001684
-0.003692
-0.006044
-0.009927
-0.013474
-0.015096
-0.016069
-0.017193
-0.016655
-0.014045
-0.012080
-0.011799
-0.010489
-0.006459
-0.001959
0.000538
0.001897
0.004245
0.007517
0.010191
0.011919
0.013091
0.013097
0.011388
0.009178
0.007930
0.007128
0.005506
0.003366
0.002073
0.002054
0.002329
0.001829
0.000591
-0.000724
-0.001954
-0.003349
-0.004763
-0.005763
-0.006400
-0.007183
-0.008124
-0.008491
-0.007952
-0.007257
-0.007097
-0.006970
-0.006272
-0.005684
-0.005917
-0.006108
-0.005047
-0.002938
-0.000752
0.001305
0.003882
0.007355
0.011213
0.014365
0.015903
0.015972
0.015525
0.014937
0.013659
0.011459
0.008845
0.006050
0.002871
-0.000293
-0.002605
-0.004410
-0.007104
-0.010653
-0.013258
-0.014282
-0.015100
-0.016110
-0.015719
-0.013457
-0.011084
-0.009511
-0.007464
-0.004225
-0.000907
0.001727
0.004144
0.006550
0.008571
0.010109
0.011215
0.011666
0.011293
0.010202
0.008612
0.006883
0.005343
0.003894
0.002301
0.000884
0.000262
0.000336
0.000256
-0.000458
-0.001419
-0.002258
-0.003257
-0.004507
-0.005347
-0.005610
-0.006188
-0.007252
-0.007567
-0.006694
-0.005928
-0.005914
-0.005570
-0.004505
-0.003971
-0.004363
-0.004262
-0.002881
-0.001303
-0.000450
0.000519
0.002896
0.006544
0.010222
0.012959
0.014472
0.014951
0.014705
0.013776
0.012009
0.009445
0.006359
0.003079
0.000067
-0.002099
-0.003431
-0.004940
-0.007457
-0.010233
-0.011957
-0.012821
-0.013803
-0.014487
-0.013725
-0.011884
-0.010005
-0.007642
-0.004033
-0.000245
0.002222
0.003815
0.005765
0.007730
0.008499
0.008113
0.007832
0.008316
0.008854
0.008576
0.007586
0.006424
0.005157
0.003651
0.002023
0.000445
-0.000985
-0.002041
-0.002427
-0.002258
-0.002173
-0.002642
-0.003348
-0.003672
-0.003739
-0.004247
-0.005220
-0.005912
-0.006005
-0.005864
-0.005572
-0.004777
-0.003584
-0.002690
-0.002557
-0.002870
-0.002916
-0.002336
-0.001305
-0.000067
0.001265
0.002751
0.004871
0.008012
0.011337
0.013250
0.013413
0.012923
0.012272
0.010770
0.008106
0.005010
0.002130
-0.000523
-0.002829
-0.004445
-0.005675
-0.007307
-0.009241
-0.010578
-0.011311
-0.012223
-0.012991
-0.012352
-0.010344
-0.008178
-0.005896
-0.002649
0.001001
0.003541
0.004925
0.006342
0.007887
0.008454
0.007780
0.006952
0.006768
0.006764
0.006238
0.005311
0.004416
0.003491
0.002278
0.000919
-0.000207
-0.001046
-0.001829
-0.002437
-0.002468
-0.002073
-0.001952
-0.002374
-0.002880
-0.003186
-0.003710
-0.004629
-0.005208
-0.004970
-0.004509
-0.004250
-0.003679
-0.002573
-0.001596
-0.001202
-0.001120
-0.001107
-0.001171
-0.001084
-0.000461
0.000644
0.001709
0.002693
0.004406
0.007114
0.009680
0.010983
0.011237
0.011029
0.010159
0.008284
0.005767
0.003113
0.000354
-0.002343
-0.004303
-0.005312
-0.006200
-0.007687
-0.009204
-0.009800
-0.009752
-0.009968
-0.010213
-0.009469
-0.007677
-0.005530
-0.003111
-0.000189
0.002766
0.004978
0.006230
0.006732
0.006709
0.006383
0.005943
0.005464
0.004980
0.004601
0.004366
0.003980
0.003115
0.001966
0.001035
0.000420
-0.000186
-0.000912
-0.001538
-0.001834
-0.001885
-0.001960
-0.002170
-0.002459
-0.002751
-0.003032
-0.003373
-0.003717
-0.003743
-0.003410
-0.003185
-0.003189
-0.002874
-0.002004
-0.001061
-0.000496
-0.000436
-0.000934
-0.001611
-0.001557
-0.000530
0.000581
0.001192
0.001914
0.003504
0.005736
0.007789
0.009164
0.009780
0.009629
0.008780
0.007474
0.005806
0.003556
0.000757
-0.001944
-0.003911
-0.005168
-0.006170
-0.007191
-0.008062
-0.008445
-0.008260
-0.007767
-0.007193
-0.006411
-0.005280
-0.003977
-0.002585
-0.000910
0.000916
0.002406
0.003501
0.004442
0.005012
0.004960
0.004713
0.004723
0.004733
0.004370
0.003770
0.003167
0.002491
0.001682
0.000968
0.000555
0.000271
-0.000123
-0.000539
-0.000824
-0.001045
-0.001262
-0.001460
-0.001748
-0.002131
-0.002422
-0.002640
-0.002951
-0.003249
-0.003349
-0.003322
-0.003190
-0.002764
-0.002109
-0.001578
-0.001346
-0.001366
-0.001481
-0.001273
-0.000481
0.000327
0.000532
0.000836
0.002420
0.004830
0.006519
0.007284
0.008106
0.008850
0.008413
0.006948
0.005604
0.004315
0.002095
-0.000762
-0.002903
-0.004131
-0.005407
-0.006762
-0.007233
-0.006841
-0.006585
-0.006569
-0.006058
-0.005124
-0.004402
-0.003616
-0.002108
-0.000380
0.000657
0.001339
0.002491
0.003741
0.004149
0.003843
0.003701
0.003858
0.003627
0.002714
0.001664
0.001027
0.000730
0.000530
0.000576
0.000986
0.001279
0.001009
0.000465
0.000162
0.000087
-0.000200
-0.000894
-0.001616
-0.002010
-0.002244
-0.002495
-0.002656
-0.002701
-0.002639
-0.002313
-0.001768
-0.001318
-0.001046
-0.000785
-0.000660
-0.000999
-0.001565
-0.001613
-0.001020
-0.000476
-0.000203
0.000517
0.002088
0.003921
0.005450
0.006718
0.007539
0.007381
0.006473
0.005555
0.004439
0.002433
-0.000019
-0.001766
-0.002715
-0.003730
-0.004983
-0.005765
-0.005784
-0.005448
-0.005023
-0.004469
-0.003871
-0.003313
-0.002634
-0.001818
-0.001120
-0.000472
0.000501
0.001742
0.002753
0.003221
0.003218
0.003013
0.002837
0.002608
0.002078
0.001277
0.000497
-0.000005
-0.000137
-0.000001
0.000182
0.000318
0.000533
0.000892
0.001143
0.000989
0.000470
-0.000152
-0.000756
-0.001369
-0.001918
-0.002219
-0.002230
-0.002122
-0.001957
-0.001573
-0.000991
-0.000506
-0.000263
-0.000168
-0.000225
-0.000544
-0.000942
-0.001021
-0.000782
-0.000613
-0.000594
-0.000375
0.000293
0.001297
0.002427
0.003569
0.004516
0.004946
0.004830
0.004533
0.004248
0.003676
0.002550
0.001142
-0.000095
-0.001166
-0.002354
-0.003579
-0.004451
-0.004769
-0.004661
-0.004369
-0.004019
-0.003550
-0.002824
-0.001843
-0.000829
0.000049
0.000774
0.001241
0.001346
0.001240
0.001121
0.000951
0.000656
0.000420
0.000486
0.000761
0.000925
0.000884
0.000828
0.000890
0.001091
0.001423
0.001660
0.001460
0.000880
0.000386
0.000229
0.000149
-0.000151
-0.000564
-0.000834
-0.000986
-0.001167
-0.001258
-0.001069
-0.000781
-0.000734
-0.000920
-0.001032
-0.000952
-0.000886
-0.001012
-0.001178
-0.001084
-0.000695
-0.000273
0.000014
0.000202
0.000283
0.000303
0.000548
0.001126
0.001715
0.002099
0.002499
0.003041
0.003451
0.003511
0.003297
0.002823
0.001978
0.000899
-0.000115
-0.001046
-0.001980
-0.002698
-0.003007
-0.003063
-0.003036
-0.002885
-0.002590
-0.002259
-0.001899
-0.001345
-0.000624
-0.000114
-0.000066
-0.000259
-0.000317
-0.000156
0.000064
0.000263
0.000506
0.000834
0.001181
0.001392
0.001321
0.001076
0.000929
0.000904
0.000830
0.000623
0.000316
0.000115
0.000271
0.000618
0.000753
0.000658
0.000567
0.000463
0.000202
-0.000231
-0.000759
-0.001208
-0.001317
-0.001030
-0.000679
-0.000582
-0.000684
-0.000777
-0.000775
-0.000679
-0.000512
-0.000332
-0.000225
-0.000233
-0.000331
-0.000399
-0.000293
-0.000057
0.000149
0.000338
0.000620
0.000948
0.001278
0.001707
0.002233
0.002650
0.002752
0.002527
0.002126
0.001575
0.000756
-0.000213
-0.001000
-0.001494
-0.001794
-0.001897
-0.001810
-0.001746
-0.001834
-0.001896
-0.001737
-0.001394
-0.001062
-0.000889
-0.000770
-0.000515
-0.000222
-0.000079
0.000024
0.000239
0.000397
0.000261
0.000009
0.000096
0.000561
0.000941
0.000970
0.000783
0.000523
0.000302
0.000322
0.000604
0.000861
0.000891
0.000864
0.000973
0.001034
0.000821
0.000488
0.000235
-0.000055
-0.000511
-0.000941
-0.001088
-0.000995
-0.000886
-0.000812
-0.000695
-0.000573
-0.000576
-0.000702
-0.000792
-0.000730
-0.000567
-0.000389
-0.000203
-0.000051
-0.000043
-0.000139
-0.000126
0.000064
0.000302
0.000570
0.000988
0.001483
0.001827
0.002032
0.002243
0.002343
0.002048
0.001345
0.000581
0.000017
-0.000406
-0.000732
-0.000884
-0.000955
-0.001138
-0.001431
-0.001690
-0.001782
-0.001667
-0.001493
-0.001423
-0.001363
-0.001113
-0.000689
-0.000286
-0.000018
0.000161
0.000271
0.000279
0.000267
0.000322
0.000366
0.000388
0.000513
0.000688
0.000707
0.000535
0.000345
0.000300
0.000422
0.000654
0.000957
0.001251
0.001395
0.001354
0.001202
0.000935
0.000509
-0.000035
-0.000557
-0.000888
-0.001011
-0.001107
-0.001212
-0.001127
-0.000906
-0.000862
-0.000970
-0.000965
-0.000883
-0.000941
-0.001067
-0.000975
-0.000620
-0.000293
-0.000206
-0.000215
-0.000083
0.000293
0.000900
0.001517
0.001825
0.001813
0.001768
0.001828
0.001848
0.001687
0.001377
0.001009
0.000615
0.000217
-0.000077
-0.000126
-0.000014
-0.000099
-0.000569
-0.001140
-0.001486
-0.001632
-0.001764
-0.001910
-0.001962
-0.001867
-0.001632
-0.001244
-0.000745
-0.000315
-0.000094
-0.000009
0.000127
0.000384
0.000649
0.000757
0.000664
0.000478
0.000399
0.000564
0.000821
0.000903
0.000858
0.000958
0.001224
0.001403
0.001379
0.001302
0.001278
0.001142
0.000752
0.000251
-0.000176
-0.000532
-0.000865
-0.001144
-0.001333
-0.001452
-0.001518
-0.001535
-0.001581
-0.001689
-0.001700
-0.001481
-0.001134
-0.000766
-0.000351
0.000111
0.000524
0.000767
0.000801
0.000771
0.000822
0.000926
0.001039
0.001181
0.001314
0.001371
0.001312
0.001121
0.000913
0.000870
0.000945
0.000894
0.000616
0.000254
-0.000026
-0.000219
-0.000441
-0.000756
-0.001088
-0.001326
-0.001455
-0.001502
-0.001437
-0.001263
-0.001117
-0.001087
-0.001023
-0.000783
-0.000524
-0.000461
-0.000475
-0.000266
0.000177
0.000605
0.000864
0.000990
0.001061
0.001095
0.001075
0.000988
0.000873
0.000823
0.000828
0.000767
0.000636
0.000570
0.000609
0.000659
0.000658
0.000569
0.000279
-0.000202
-0.000600
-0.000725
-0.000746
-0.000887
-0.001123
-0.001313
-0.001407
-0.001467
-0.001561
-0.001628
-0.001482
-0.001076
-0.000578
-0.000094
0.000391
0.000803
0.000989
0.000909
0.000732
0.000673
0.000785
0.000971
0.001104
0.001108
0.001039
0.001028
0.001101
0.001133
0.001001
0.000692
0.000312
0.000017
-0.000157
-0.000352
-0.000659
-0.000935
-0.001008
-0.000948
-0.000974
-0.001101
-0.001111
-0.000919
-0.000664
-0.000480
-0.000412
-0.000462
-0.000572
-0.000583
-0.000429
-0.000257
-0.000192
-0.000140
0.000008
0.000202
0.000387
0.000633
0.000974
0.001279
0.001414
0.001379
0.001248
0.001126
0.001074
0.001008
0.000856
0.000690
0.000513
0.000192
-0.000243
-0.000553
-0.000658
-0.000726
-0.000884
-0.001110
-0.001346
-0.001536
-0.001604
-0.001491
-0.001254
-0.001042
-0.000867
-0.000605
-0.000261
0.000078
0.000427
0.000753
0.000890
0.000822
0.000756
0.000775
0.000701
0.000487
0.000402
0.000564
0.000759
0.000876
0.000994
0.001060
0.000970
0.000781
0.000531
0.000186
-0.000148
-0.000314
-0.000340
-0.000401
-0.000624
-0.000947
-0.001238
-0.001450
-0.001518
-0.001352
-0.000992
-0.000592
-0.000311
-0.000238
-0.000281
-0.000244
-0.000124
-0.000083
-0.000107
-0.000006
0.000284
0.000584
0.000702
0.000743
0.000934
0.001188
0.001252
0.001167
0.001141
0.001145
0.001003
0.000712
0.000450
0.000328
0.000272
0.000113
-0.000230
-0.000611
-0.000826
-0.000908
-0.000987
-0.001014
-0.000928
-0.000860
-0.000948
-0.001142
-0.001295
-0.001285
-0.001093
-0.000844
-0.000627
-0.000359
0.000053
0.000532
0.000888
0.001032
0.001060
0.001104
0.001189
0.001250
0.001160
0.000856
0.000531
0.000459
0.000609
0.000712
0.000640
0.000420
0.000078
-0.000249
-0.000372
-0.000330
-0.000333
-0.000478
-0.000688
-0.000841
-0.000888
-0.000905
-0.000998
-0.001145
-0.001150
-0.000880
-0.000517
-0.000312
-0.000177
0.000094
0.000362
0.000351
0.000128
-0.000004
0.000074
0.000258
0.000469
0.000707
0.000893
0.000935
0.000920
0.000994
0.001145
0.001219
0.001098
0.000814
0.000492
0.000254
0.000147
0.000046
-0.000242
-0.000690
-0.001034
-0.001146
-0.001170
-0.001241
-0.001301
-0.001218
-0.000970
-0.000705
-0.000575
-0.000581
-0.000627
-0.000625
-0.000509
-0.000217
0.000250
0.000727
0.001006
0.001032
0.000931
0.000905
0.001034
0.001170
0.001176
0.001064
0.000854
0.000581
0.000352
0.000203
0.000022
-0.000252
-0.000481
-0.000501
-0.000339
-0.000206
-0.000293
-0.000550
-0.000752
-0.000791
-0.000743
-0.000704
-0.000713
-0.000734
-0.000712
-0.000673
-0.000628
-0.000485
-0.000224
0.000041
0.000180
0.000154
0.000140
0.000375
0.000755
0.000958
0.000909
0.000808
0.000820
0.000938
0.001017
0.000922
0.000683
0.000418
0.000224
0.000133
0.000072
-0.000044
-0.000204
-0.000359
-0.000471
-0.000540
-0.000626
-0.000753
-0.000840
-0.000839
-0.000832
-0.000877
-0.000853
-0.000635
-0.000341
-0.000197
-0.000215
-0.000201
-0.000052
0.000121
0.000221
0.000311
0.000475
0.000659
0.000712
0.000606
0.000550
0.000648
0.000699
0.000636
0.000704
0.000915
0.000938
0.000650
0.000219
-0.000207
-0.000519
-0.000606
-0.000494
-0.000369
-0.000399
-0.000575
-0.000746
-0.000771
-0.000679
-0.000628
-0.000658
-0.000640
-0.000532
-0.000422
-0.000309
-0.000114
0.000100
0.000152
0.000024
-0.000019
0.000191
0.000437
0.000525
0.000576
0.000690
0.000803
0.000862
0.000841
0.000741
0.000635
0.000548
0.000429
0.000285
0.000157
0.000048
-0.000043
-0.000166
-0.000366
-0.000538
-0.000578
-0.000577
-0.000653
-0.000753
-0.000758
-0.000694
-0.000676
-0.000678
-0.000600
-0.000480
-0.000402
-0.000349
-0.000249
-0.000059
0.000170
0.000337
0.000445
0.000634
0.000946
0.001185
0.001161
0.000912
0.000633
0.000441
0.000271
0.000079
0.000021
0.000186
0.000328
0.000174
-0.000164
-0.000377
-0.000383
-0.000372
-0.000500
-0.000691
-0.000740
-0.000580
-0.000396
-0.000381
-0.000483
-0.000556
-0.000553
-0.000492
-0.000382
-0.000220
-0.000026
0.000154
0.000295
0.000399
0.000441
0.000409
0.000379
0.000435
0.000597
0.000837
0.001044
0.001050
0.000833
0.000550
0.000316
0.000116
-0.000073
-0.000208
-0.000248
-0.000222
-0.000212
-0.000290
-0.000452
-0.000612
-0.000702
-0.000739
-0.000756
-0.000717
-0.000594
-0.000486
-0.000468
-0.000446
-0.000306
-0.000057
0.000188
0.000295
0.000275
0.000254
0.000281
0.000343
0.000449
0.000554
0.000556
0.000457
0.000373
0.000345
0.000275
0.000157
0.000143
0.000259
0.000335
0.000290
0.000230
0.000191
0.000076
-0.000142
-0.000351
-0.000467
-0.000539
-0.000597
-0.000557
-0.000427
-0.000387
-0.000499
-0.000582
-0.000487
-0.000338
-0.000320
-0.000355
-0.000228
0.000026
0.000206
0.000271
0.000281
0.000231
0.000225
0.000430
0.000770
0.001000
0.001012
0.000935
0.000883
0.000766
0.000499
0.000203
-0.000003
-0.000164
-0.000356
-0.000528
-0.000593
-0.000539
-0.000400
-0.000253
-0.000234
-0.000389
-0.000589
-0.000684
-0.000673
-0.000632
-0.000537
-0.000337
-0.000170
-0.000204
-0.000314
-0.000230
0.000067
0.000352
0.000504
0.000594
0.000690
0.000768
0.000741
0.000539
0.000269
0.000144
0.000181
0.000211
0.000161
0.000090
0.000022
-0.000019
0.000039
0.000186
0.000257
0.000104
-0.000181
-0.000372
-0.000416
-0.000427
-0.000506
-0.000672
-0.000797
-0.000734
-0.000553
-0.000399
-0.000273
-0.000131
-0.000002
0.000077
0.000128
0.000194
0.000319
0.000517
0.000679
0.000665
0.000514
0.000378
0.000304
0.000257
0.000249
0.000304
0.000383
0.000415
0.000376
0.000294
0.000206
0.000134
0.000062
-0.000090
-0.000359
-0.000616
-0.000691
-0.000624
-0.000614
-0.000676
-0.000637
-0.000490
-0.000392
-0.000316
-0.000151
-0.000025
-0.000066
-0.000099
0.000025
0.000145
0.000140
0.000175
0.000373
0.000596
0.000692
0.000672
0.000589
0.000444
0.000241
0.000053
-0.000044
-0.000093
-0.000213
-0.000368
-0.000383
-0.000236
-0.000059
0.000078
0.000143
0.000098
0.000028
0.000006
-0.000052
-0.000192
-0.000319
-0.000363
-0.000324
-0.000241
-0.000173
-0.000102
0.000008
0.000070
-0.000021
-0.000243
-0.000465
-0.000513
-0.000303
0.000089
0.000528
0.000879
0.000975
0.000766
0.000449
0.000266
0.000225
0.000193
0.000199
0.000350
0.000496
0.000334
-0.000082
-0.000356
-0.000351
-0.000300
-0.000349
-0.000438
-0.000512
-0.000521
-0.000434
-0.000328
-0.000300
-0.000376
-0.000525
-0.000602
-0.000467
-0.000196
0.000022
0.000146
0.000281
0.000528
0.000834
0.000975
0.000786
0.000421
0.000175
0.000115
0.000077
-0.000058
-0.000191
-0.000156
0.000006
0.000071
-0.000049
-0.000205
-0.000208
-0.000046
0.000115
0.000131
0.000040
-0.000017
-0.000013
-0.000071
-0.000258
-0.000511
-0.000702
-0.000667
-0.000363
0.000033
0.000310
0.000349
0.000152
-0.000114
-0.000210
-0.000129
-0.000069
-0.000069
0.000011
0.000217
0.000456
0.000597
0.000546
0.000343
0.000180
0.000185
0.000252
0.000228
0.000168
0.000195
0.000241
0.000154
-0.000024
-0.000152
-0.000211
-0.000305
-0.000491
-0.000667
-0.000676
-0.000459
-0.000115
0.000116
0.000077
-0.000099
-0.000192
-0.000189
-0.000232
-0.000324
-0.000289
-0.000086
0.000130
0.000298
0.000497
0.000686
0.000682
0.000429
0.000145
0.000071
0.000169
0.000262
0.000330
0.000381
0.000279
-0.000064
-0.000479
-0.000658
-0.000504
-0.000216
-0.000031
-0.000011
-0.000082
-0.000126
-0.000087
-0.000062
-0.000175
-0.000346
-0.000389
-0.000297
-0.000203
-0.000165
-0.000137
-0.000044
0.000096
0.000143
0.000052
-0.000049
-0.000047
0.000046
0.000183
0.000365
0.000610
0.000819
0.000815
0.000568
0.000253
0.000022
-0.000119
-0.000163
-0.000061
0.000139
0.000287
0.000269
0.000112
-0.000097
-0.000366
-0.000717
-0.000981
-0.000977
-0.000761
-0.000468
-0.000157
0.000061
0.000076
0.000011
0.000052
0.000141
0.000132
0.000094
0.000150
0.000214
0.000167
0.000118
0.000227
0.000390
0.000384
0.000255
0.000248
0.000358
0.000318
0.000075
-0.000123
-0.000077
0.000136
0.000258
0.000130
-0.000132
-0.000323
-0.000381
-0.000365
-0.000337
-0.000312
-0.000222
-0.000065
-0.000056
-0.000302
-0.000548
-0.000552
-0.000359
-0.000095
0.000130
0.000216
0.000205
0.000210
0.000229
0.000223
0.000174
0.000040
-0.000092
0.000007
0.000349
0.000626
0.000672
0.000632
0.000598
0.000514
0.000372
0.000161
-0.000138
-0.000374
-0.000397
-0.000319
-0.000306
-0.000348
-0.000365
-0.000339
-0.000312
-0.000356
-0.000459
-0.000486
-0.000346
-0.000127
0.000036
0.000098
0.000059
-0.000033
-0.000044
0.000083
0.000202
0.000150
0.000008
0.000044
0.000324
0.000562
0.000523
0.000324
0.000178
0.000141
0.000178
0.000188
0.000062
-0.000169
-0.000318
-0.000243
-0.000039
0.000062
-0.000032
-0.000211
-0.000321
-0.000285
-0.000152
-0.000035
0.000012
0.000006
-0.000034
-0.000080
-0.000083
-0.000054
-0.000057
-0.000080
-0.000050
0.000027
0.000078
0.000095
0.000155
0.000223
0.000163
-0.000012
-0.000149
-0.000164
-0.000077
0.000057
0.000181
0.000239
0.000219
0.000203
0.000273
0.000366
0.000341
0.000160
-0.000046
-0.000146
-0.000143
-0.000100
-0.000091
-0.000216
-0.000434
-0.000504
-0.000364
-0.000242
-0.000253
-0.000255
-0.000131
0.000072
0.000196
0.000120
-0.000054
-0.000118
-0.000099
-0.000152
-0.000176
0.000032
0.000358
0.000508
0.000418
0.000249
0.000117
0.000062
0.000128
0.000248
0.000241
0.000110
0.000045
0.000093
0.000130
0.000097
0.000035
-0.000032
-0.000093
-0.000138
-0.000164
-0.000180
-0.000185
-0.000162
-0.000164
-0.000264
-0.000398
-0.000447
-0.000416
-0.000356
-0.000236
-0.000059
0.000049
0.000020
-0.000014
0.000118
0.000339
0.000373
0.000165
0.000025
0.000190
0.000512
0.000695
0.000656
0.000526
0.000420
0.000325
0.000196
0.000035
-0.000123
-0.000235
-0.000285
-0.000333
-0.000422
-0.000460
-0.000360
-0.000228
-0.000252
-0.000461
-0.000652
-0.000618
-0.000406
-0.000197
-0.000006
0.000192
0.000250
0.000106
-0.000029
0.000036
0.000267
0.000481
0.000494
0.000326
0.000225
0.000295
0.000362
0.000327
0.000287
0.000295
0.000263
0.000111
-0.000105
-0.000225
-0.000199
-0.000164
-0.000238
-0.000376
-0.000429
-0.000283
-0.000019
0.000108
0.000017
-0.000079
-0.000069
-0.000109
-0.000246
-0.000326
-0.000335
-0.000372
-0.000368
-0.000198
0.000072
0.000298
0.000431
0.000437
0.000274
0.000049
-0.000012
0.000132
0.000269
0.000220
0.000069
0.000050
0.000230
0.000404
0.000390
0.000295
0.000285
0.000305
0.000206
-0.000014
-0.000235
-0.000398
-0.000511
-0.000529
-0.000447
-0.000370
-0.000323
-0.000212
-0.000073
-0.000076
-0.000196
-0.000182
0.000049
0.000252
0.000210
0.000017
-0.000094
-0.000058
0.000027
0.000103
0.000170
0.000205
0.000195
0.000161
0.000124
0.000075
0.000009
-0.000050
-0.000070
-0.000047
0.000013
0.000107
0.000210
0.000253
0.000191
0.000079
0.000006
-0.000032
-0.000134
-0.000323
-0.000455
-0.000393
-0.000195
-0.000040
-0.000006
0.000008
0.000059
0.000048
-0.000051
-0.000098
-0.000008
0.000113
0.000120
0.000051
0.000095
0.000285
0.000401
0.000255
-0.000088
-0.000375
-0.000390
-0.000157
0.000109
0.000260
0.000326
0.000388
0.000422
0.000311
0.000092
-0.000027
-0.000047
-0.000181
-0.000405
-0.000527
-0.000499
-0.000358
-0.000159
-0.000065
-0.000176
-0.000258
-0.000062
0.000199
0.000255
0.000269
0.000394
0.000420
0.000237
0.000041
-0.000089
-0.000299
-0.000551
-0.000560
-0.000203
0.000309
0.000636
0.000586
0.000296
0.000056
-0.000100
-0.000306
-0.000468
-0.000424
-0.000278
-0.000166
0.000002
0.000247
0.000370
0.000316
0.000273
0.000307
0.000269
0.000105
-0.000014
0.000029
0.000142
0.000182
0.000104
-0.000032
-0.000192
-0.000364
-0.000451
-0.000405
-0.000369
-0.000445
-0.000486
-0.000313
-0.000050
0.000011
-0.000101
-0.000052
0.000268
0.000600
0.000702
0.000575
0.000350
0.000160
0.000096
0.000170
0.000310
0.000368
0.000217
-0.000050
-0.000201
-0.000190
-0.000152
-0.000153
-0.000188
-0.000259
-0.000324
-0.000385
-0.000496
-0.000554
-0.000405
-0.000159
-0.000008
0.000095
0.000243
0.000329
0.000253
0.000100
-0.000009
-0.000013
0.000070
0.000159
0.000226
0.000258
0.000156
-0.000049
-0.000183
-0.000218
-0.000210
-0.000107
0.000092
0.000260
0.000354
0.000457
0.000519
0.000396
0.000130
-0.000122
-0.000261
-0.000260
-0.000207
-0.000231
-0.000313
-0.000343
-0.000265
-0.000131
-0.000115
-0.000278
-0.000383
-0.000256
-0.000043
0.000102
0.000245
0.000431
0.000513
0.000385
0.000197
0.000154
0.000211
0.000196
0.000069
-0.000113
-0.000288
-0.000345
-0.000207
-0.000009
0.000049
0.000030
0.000139
0.000343
0.000431
0.000319
0.000045
-0.000284
-0.000482
-0.000528
-0.000584
-0.000629
-0.000492
-0.000216
0.000024
0.000255
0.000559
0.000779
0.000711
0.000397
0.000025
-0.000268
-0.000437
-0.000492
-0.000452
-0.000338
-0.000164
0.000061
0.000293
0.000472
0.000561
0.000495
0.000205
-0.000191
-0.000426
-0.000386
-0.000204
-0.000010
0.000197
0.000389
0.000469
0.000396
0.000219
0.000057
0.000014
0.000034
-0.000025
-0.000190
-0.000351
-0.000424
-0.000429
-0.000414
-0.000391
-0.000328
-0.000199
-0.000018
0.000173
0.000320
0.000363
0.000288
0.000166
0.000071
-0.000006
-0.000118
-0.000248
-0.000287
-0.000139
0.000155
0.000431
0.000532
0.000404
0.000152
-0.000021
-0.000055
-0.000118
-0.000316
-0.000479
-0.000387
-0.000081
0.000180
0.000258
0.000240
0.000254
0.000299
0.000289
0.000194
0.000050
-0.000131
-0.000318
-0.000405
-0.000366
-0.000357
-0.000421
-0.000382
-0.000193
0.000010
0.000156
0.000244
0.000237
0.000121
-0.000012
-0.000114
-0.000235
-0.000300
-0.000131
0.000195
0.000400
0.000440
0.000532
0.000743
0.000870
0.000741
0.000410
0.000029
-0.000277
-0.000419
-0.000411
-0.000369
-0.000420
-0.000586
-0.000694
-0.000603
-0.000398
-0.000198
-0.000009
0.000142
0.000177
0.000129
0.000136
0.000199
0.000170
0.000016
-0.000121
-0.000142
-0.000071
0.000053
0.000203
0.000278
0.000174
-0.000011
-0.000038
0.000125
0.000250
0.000191
0.000078
0.000107
0.000268
0.000369
0.000296
0.000100
-0.000167
-0.000424
-0.000503
-0.000366
-0.000199
-0.000166
-0.000252
