4160
-0.000030
0.000072
0.000142
0.000238
0.000247
0.000058
-0.000158
-0.000155
0.000011
0.000111
0.000122
0.000164
0.000171
0.000016
-0.000163
-0.000193
-0.000178
-0.000233
-0.000237
-0.000079
0.000166
0.000355
0.000349
0.000129
-0.000108
-0.000177
-0.000147
-0.000150
-0.000127
-0.000013
0.000049
-0.000030
-0.000097
-0.000047
0.000060
0.000168
0.000240
0.000246
0.000168
-0.000021
-0.000214
-0.000213
-0.000057
0.000045
0.000064
0.000103
0.000129
0.000028
-0.000143
-0.000198
-0.000096
-0.000042
-0.000189
-0.000391
-0.000428
-0.000323
-0.000201
-0.000055
0.000145
0.000340
0.000453
0.000434
0.000327
0.000276
0.000337
0.000392
0.000326
0.000169
0.000049
0.000033
0.000030
-0.000071
-0.000236
-0.000385
-0.000530
-0.000694
-0.000738
-0.000506
-0.000107
0.000171
0.000242
0.000228
0.000183
0.000116
0.000115
0.000189
0.000206
0.000127
0.000061
0.000060
0.000088
0.000115
0.000099
0.000016
-0.000052
-0.000016
0.000096
0.000146
0.000025
-0.000159
-0.000190
-0.000120
-0.000156
-0.000233
-0.000151
0.000064
0.000216
0.000211
0.000094
-0.000044
-0.000107
-0.000037
0.000069
0.000052
-0.000076
-0.000128
-0.000038
0.000035
-0.000024
-0.000122
-0.000120
-0.000035
0.000015
-0.000007
-0.000028
-0.000011
0.000026
0.000080
0.000127
0.000111
0.000033
-0.000037
-0.000020
0.000080
0.000148
0.000125
0.000095
0.000118
0.000135
0.000065
-0.000093
-0.000240
-0.000262
-0.000160
-0.000043
0.000016
0.000036
-0.000001
-0.000085
-0.000092
0.000021
0.000151
0.000229
0.000255
0.000214
0.000108
-0.000009
-0.000101
-0.000202
-0.000311
-0.000348
-0.000231
0.000007
0.000192
0.000174
0.000018
-0.000097
-0.000108
-0.000057
-0.000007
-0.000049
-0.000152
-0.000154
-0.000048
0.000033
0.000060
0.000062
0.000045
0.000091
0.000248
0.000363
0.000321
0.000251
0.000236
0.000130
-0.000101
-0.000232
-0.000174
-0.000123
-0.000184
-0.000218
-0.000137
-0.000035
0.000035
0.000106
0.000134
0.000069
0.000003
0.000004
-0.000036
-0.000205
-0.000340
-0.000285
-0.000131
0.000016
0.000167
0.000300
0.000330
0.000202
0.000012
-0.000050
0.000028
0.000078
0.000023
-0.000056
-0.000052
0.000061
0.000143
0.000043
-0.000115
-0.000099
0.000032
0.000007
-0.000221
-0.000405
-0.000359
-0.000165
-0.000007
0.000067
0.000128
0.000199
0.000214
0.000127
0.000026
0.000057
0.000183
0.000197
0.000055
-0.000062
-0.000074
-0.000091
-0.000146
-0.000152
-0.000090
-0.000024
0.000002
0.000019
0.000082
0.000160
0.000168
0.000105
-0.000003
-0.000147
-0.000238
-0.000158
0.000024
0.000103
0.000038
0.000012
0.000130
0.000218
0.000110
-0.000046
-0.000038
0.000022
-0.000093
-0.000299
-0.000332
-0.000149
0.000054
0.000127
0.000107
0.000090
0.000114
0.000156
0.000158
0.000095
0.000037
0.000045
0.000049
-0.000018
-0.000100
-0.000123
-0.000130
-0.000164
-0.000134
-0.000007
0.000079
0.000047
0.000005
0.000027
0.000047
0.000006
-0.000058
-0.000117
-0.000148
-0.000079
0.000074
0.000132
0.000046
-0.000012
0.000020
0.000019
-0.000007
0.000073
0.000189
0.000154
-0.000018
-0.000151
-0.000152
-0.000073
-0.000027
-0.000072
-0.000132
-0.000051
0.000196
0.000404
0.000371
0.000134
-0.000133
-0.000309
-0.000338
-0.000221
-0.000052
0.000090
0.000174
0.000142
-0.000002
-0.000114
-0.000092
-0.000012
0.000004
-0.000062
-0.000116
-0.000076
0.000025
0.000122
0.000222
0.000295
0.000235
0.000073
0.000016
0.000082
0.000052
-0.000115
-0.000247
-0.000266
-0.000234
-0.000203
-0.000165
-0.000091
0.000014
0.000093
0.000127
0.000138
0.000092
-0.000018
-0.000070
0.000011
0.000112
0.000107
0.000050
0.000045
0.000048
-0.000003
-0.000019
0.000084
0.000197
0.000166
0.000015
-0.000133
-0.000233
-0.000284
-0.000256
-0.000169
-0.000113
-0.000102
-0.000037
0.000140
0.000303
0.000280
0.000082
-0.000071
-0.000013
0.000137
0.000151
0.000039
-0.000026
-0.000022
-0.000041
-0.000081
-0.000059
0.000028
0.000076
-0.000003
-0.000142
-0.000150
0.000020
0.000168
0.000147
0.000041
-0.000040
-0.000086
-0.000081
-0.000024
0.000010
-0.000014
-0.000032
0.000007
0.000037
-0.000027
-0.000130
-0.000173
-0.000180
-0.000203
-0.000196
-0.000108
0.000045
0.000220
0.000400
0.000514
0.000400
0.000068
-0.000185
-0.000159
0.000002
0.000063
-0.000024
-0.000129
-0.000142
-0.000109
-0.000124
-0.000163
-0.000112
0.000058
0.000223
0.000228
0.000042
-0.000188
-0.000257
-0.000156
-0.000087
-0.000161
-0.000236
-0.000108
0.000202
0.000455
0.000482
0.000348
0.000188
0.000068
0.000034
0.000097
0.000147
0.000092
-0.000012
-0.000099
-0.000192
-0.000272
-0.000244
-0.000126
-0.000064
-0.000111
-0.000147
-0.000075
0.000031
0.000021
-0.000139
-0.000291
-0.000243
0.000039
0.000304
0.000173
-0.000137
0.000008
0.000366
0.000187
-0.000234
-0.000074
0.000355
0.000240
-0.000118
-0.000001
0.000264
0.000061
-0.000244
-0.000063
0.000282
0.000218
-0.000061
-0.000069
0.000068
-0.000068
-0.000370
-0.000421
-0.000230
-0.000130
-0.000156
-0.000134
-0.000129
-0.000205
-0.000143
0.000130
0.000347
0.000365
0.000309
0.000249
0.000150
0.000051
0.000080
0.000199
0.000183
-0.000028
-0.000219
-0.000235
-0.000148
-0.000059
0.000027
0.000098
0.000108
0.000051
-0.000032
-0.000092
-0.000125
-0.000131
-0.000096
-0.000032
-0.000005
-0.000048
-0.000056
0.000086
0.000234
0.000167
-0.000026
-0.000096
-0.000041
0.000012
0.000052
0.000074
0.000009
-0.000098
-0.000132
-0.000107
-0.000090
-0.000037
0.000066
0.000119
0.000059
-0.000056
-0.000087
0.000065
0.000279
0.000311
0.000123
-0.000079
-0.000148
-0.000121
-0.000094
-0.000112
-0.000150
-0.000168
-0.000176
-0.000203
-0.000181
-0.000394
-0.001551
-0.002153
0.000824
0.004589
0.002605
-0.002527
-0.001890
0.002983
0.002662
-0.002114
-0.002540
0.001154
0.001551
-0.001234
-0.001365
0.000839
0.000793
-0.000980
-0.000740
0.000866
0.000561
-0.001058
-0.000998
0.000351
0.000331
-0.000793
-0.000684
0.000428
0.000413
-0.000513
-0.000292
0.000902
0.000945
-0.000192
-0.000416
0.000559
0.000839
-0.000051
-0.000524
0.000024
0.000450
0.000163
-0.000222
-0.000274
-0.000153
-0.000034
0.000014
-0.000058
-0.000213
-0.000357
-0.000309
0.000089
0.000491
0.000286
-0.000267
-0.000248
0.000214
0.000131
-0.000354
-0.000213
0.000286
0.000082
-0.000304
0.000106
0.000478
0.000060
-0.000151
0.000038
-0.000421
-0.000751
0.000270
0.000920
-0.000240
-0.000945
0.000379
0.001011
-0.000688
-0.001136
0.001474
0.002376
-0.000662
-0.002051
0.000683
0.001687
-0.001237
-0.002136
0.000969
0.002293
-0.000181
-0.001615
-0.000402
0.000008
-0.000830
-0.000256
0.001060
0.000506
-0.000922
-0.000542
0.000902
0.000707
-0.000738
-0.000498
0.001303
0.001370
-0.000775
-0.002008
-0.000810
0.000931
0.001276
0.000531
0.000135
0.000159
-0.000943
-0.002153
-0.000497
0.002205
0.001691
-0.000934
-0.001372
0.000737
0.001531
-0.000688
-0.002129
0.000077
0.001921
-0.000172
-0.001853
0.000327
0.001536
-0.000763
-0.001343
0.000848
0.000694
-0.000734
0.001601
0.003953
-0.000056
-0.004895
-0.001662
0.004456
0.002358
-0.004575
-0.003817
0.003354
0.003326
-0.004197
-0.004381
0.003613
0.003947
-0.003717
-0.003567
0.003722
0.003110
-0.003644
-0.002090
0.005010
0.003674
-0.003165
-0.003036
0.002189
0.002564
-0.001885
-0.003115
0.000842
0.002652
-0.001066
-0.003078
0.000681
0.003049
-0.000486
-0.003423
-0.000627
0.003006
0.001595
-0.002201
-0.002010
0.001904
0.003366
0.000279
-0.002493
-0.001076
0.001661
0.001025
-0.001331
-0.000769
0.000348
-0.001419
-0.001162
0.002729
0.002531
-0.002232
-0.002709
0.001024
0.001310
-0.000584
0.000908
0.002435
-0.000559
-0.003346
-0.001078
0.002018
0.000738
-0.001775
-0.000360
0.002013
0.000070
-0.002536
-0.000181
0.002427
-0.000181
-0.001938
0.001959
0.003596
-0.001707
-0.004428
0.000591
0.003585
-0.000720
-0.003397
0.000653
0.003403
-0.000095
-0.002561
-0.000001
0.000976
-0.001555
-0.001373
0.001645
0.001848
-0.000125
-0.000284
0.000399
0.000102
-0.000171
0.000113
0.000519
0.000839
0.000367
-0.001055
-0.001423
0.000069
0.000468
-0.001174
-0.000997
0.001585
0.001635
-0.001239
-0.001575
0.000677
0.000580
-0.001054
-0.000786
0.000064
0.000374
0.001028
0.000648
-0.001152
-0.001716
-0.000471
0.001072
0.002479
0.002566
-0.000087
-0.002706
-0.001527
0.001278
0.001659
0.000499
-0.000055
-0.000462
-0.000680
0.000254
0.000786
-0.000723
-0.001719
-0.000461
0.000067
-0.000921
-0.000061
0.001824
0.000368
-0.002493
-0.001481
0.001481
0.001614
0.000272
0.000556
0.001067
-0.000295
-0.001988
-0.001648
0.000645
0.002290
0.000843
-0.001230
-0.000042
0.001481
-0.000806
-0.002717
0.000637
0.004265
0.002024
-0.001618
-0.000750
0.000612
-0.001757
-0.002944
0.000613
0.002930
-0.000195
-0.002799
-0.000680
0.000954
-0.001214
-0.002605
0.000145
0.003339
0.002806
0.000354
-0.000914
-0.001641
-0.002498
-0.001442
0.002074
0.004077
0.001498
-0.002178
-0.002329
-0.000475
0.000093
0.000612
0.002304
0.001833
-0.001523
-0.001996
0.001380
0.001452
-0.002664
-0.003278
0.001112
0.003563
0.001785
0.000335
0.000075
-0.001890
-0.003887
-0.001732
0.003185
0.004619
0.000643
-0.002908
-0.001872
-0.000092
-0.000929
-0.001202
0.001293
0.002661
0.000412
-0.001346
-0.000360
-0.000867
-0.003436
-0.002074
0.003211
0.004564
0.000203
-0.002937
-0.000974
0.002637
0.003539
0.001325
-0.001198
-0.001348
0.000339
0.000958
-0.000102
-0.000879
-0.001527
-0.002800
-0.001961
0.001281
0.001415
-0.002460
-0.003125
0.001465
0.003446
0.000225
-0.001392
-0.000295
-0.000433
0.000597
0.004131
0.003911
-0.001177
-0.003297
-0.000438
0.001033
-0.000563
-0.001117
0.000326
0.001453
0.001158
-0.000081
-0.000974
-0.000936
-0.001176
-0.001286
0.001075
0.003197
-0.000228
-0.004701
-0.001105
0.005859
0.003894
-0.004207
-0.006020
-0.001662
0.000694
0.001236
0.003299
0.003749
0.000090
-0.003341
-0.002317
0.001131
0.002117
-0.000404
-0.002489
-0.001008
0.001878
0.002085
-0.000007
-0.000811
-0.000159
-0.000327
-0.000514
0.000765
0.001553
0.000305
-0.001027
-0.000943
-0.000563
-0.000122
0.001091
0.001511
0.000095
-0.000918
-0.000470
-0.000870
-0.002421
-0.001891
0.001056
0.003126
0.003046
0.001526
-0.000928
-0.002903
-0.002839
-0.000650
0.002897
0.004986
0.001708
-0.004442
-0.005517
-0.000879
0.002407
0.002007
0.001062
0.000308
-0.001089
-0.001879
-0.001399
-0.000654
0.000630
0.002860
0.003961
0.002062
-0.001394
-0.003649
-0.003536
-0.001319
0.002177
0.004783
0.003332
-0.001897
-0.005366
-0.003401
0.000321
0.001427
0.001702
0.002783
0.001272
-0.002835
-0.003724
-0.000493
0.000999
-0.000650
0.000162
0.004671
0.005975
0.001031
-0.004031
-0.004363
-0.002250
-0.000958
0.000167
0.002521
0.003933
0.001834
-0.001558
-0.002502
-0.001890
-0.002268
-0.002029
0.000672
0.003505
0.003960
0.001610
-0.002418
-0.004503
-0.002191
0.001168
0.001513
0.000970
0.002570
0.003386
0.000680
-0.002499
-0.002938
-0.001620
-0.000633
0.000437
0.002428
0.002842
-0.000203
-0.003314
-0.003335
-0.001963
-0.000506
0.001931
0.003920
0.003281
0.000811
-0.001703
-0.003183
-0.002565
0.000051
0.002164
0.001714
0.000575
0.001096
0.001083
-0.001621
-0.003667
-0.001686
0.001264
0.000969
-0.000233
0.001219
0.002403
0.000134
-0.002255
-0.001443
0.000379
0.000677
0.000244
0.000292
0.000586
0.000228
-0.001046
-0.001147
0.001601
0.003122
-0.000355
-0.003651
-0.001645
0.001266
0.000317
-0.001367
-0.000104
0.001445
0.000263
-0.001098
0.000180
0.001801
0.000229
-0.003462
-0.004401
-0.000604
0.004046
0.005146
0.002748
-0.000318
-0.002333
-0.002653
-0.000587
0.002002
0.001787
-0.000038
0.000118
0.000935
-0.000736
-0.002519
-0.001437
-0.000035
0.000298
0.001489
0.001789
-0.000802
-0.002413
-0.000500
0.001133
0.000329
-0.000279
-0.000083
-0.000381
-0.000026
0.000995
0.000412
-0.000757
-0.000220
0.000458
-0.000177
-0.000556
-0.000241
-0.000286
-0.000073
0.000838
0.001022
0.000374
0.000289
0.000305
-0.000549
-0.000821
0.000272
0.000757
0.000146
0.000070
0.000420
0.000141
-0.000470
-0.000957
-0.001100
-0.000561
0.000100
0.000461
0.001370
0.002016
0.000011
-0.003061
-0.002968
-0.000246
0.001332
0.001322
0.001237
0.000910
0.000042
-0.000632
-0.000790
-0.000619
-0.000238
0.000114
0.000630
0.001508
0.001291
-0.001014
-0.002857
-0.001537
0.001274
0.002001
0.000289
-0.001204
-0.001255
-0.000973
-0.000486
0.000866
0.001642
0.000650
-0.000020
0.000960
0.001175
-0.000843
-0.002849
-0.002439
0.000188
0.002823
0.003552
0.002186
-0.000500
-0.003022
-0.003279
-0.000709
0.002193
0.002786
0.001720
0.000839
0.000106
-0.001210
-0.002584
-0.002895
-0.001645
0.000756
0.002435
0.001590
-0.000628
-0.001966
-0.002132
-0.001081
0.001505
0.003650
0.003046
0.000682
-0.001302
-0.002366
-0.002287
-0.000857
0.000871
0.001669
0.001352
0.000191
-0.001024
-0.001062
-0.000223
-0.000268
-0.001291
-0.001648
-0.000743
0.000675
0.001585
0.001347
0.000698
0.000639
0.000474
-0.000296
-0.000506
0.000125
0.000477
0.000330
0.000501
0.001208
0.001418
0.000514
-0.000320
-0.000487
-0.001190
-0.002192
-0.001802
-0.000419
0.000386
0.000478
0.000253
-0.000138
-0.000115
0.000573
0.000953
0.000126
-0.001284
-0.001931
-0.001177
0.000693
0.002584
0.003079
0.001796
-0.000022
-0.001136
-0.001998
-0.003129
-0.003200
-0.001170
0.001607
0.002920
0.001997
0.000269
-0.000364
-0.000127
-0.000294
-0.000632
-0.000541
-0.000523
-0.000526
0.000363
0.001535
0.001266
-0.000087
-0.000686
-0.000516
-0.000610
-0.000685
-0.000355
-0.000145
0.000142
0.001139
0.001754
0.000694
-0.000738
-0.000893
-0.000438
-0.000166
0.000547
0.001621
0.001647
0.000259
-0.000963
-0.000807
0.000005
0.000438
0.000381
-0.000237
-0.001123
-0.001074
-0.000126
0.000317
0.000278
0.000370
-0.000062
-0.000968
-0.000962
0.000084
0.001017
0.001365
0.001099
0.000193
-0.000795
-0.001264
-0.001051
-0.000078
0.001120
0.001333
0.000497
-0.000180
-0.000517
-0.001110
-0.001337
-0.000537
0.000206
0.000004
-0.000156
0.000397
0.000690
0.000103
-0.000722
-0.001043
-0.000618
0.000038
0.000100
-0.000087
0.000480
0.001422
0.001443
0.000417
-0.000577
-0.000752
-0.000215
0.000488
0.000883
0.000738
0.000150
-0.000331
-0.000334
-0.000350
-0.000747
-0.000726
0.000323
0.001353
0.001048
-0.000317
-0.001594
-0.002099
-0.001558
-0.000076
0.001551
0.002351
0.001925
0.000469
-0.001354
-0.002581
-0.002546
-0.001213
0.000657
0.001764
0.001589
0.000998
0.000791
0.000607
0.000108
-0.000267
-0.000377
-0.000471
-0.000377
0.000086
0.000544
0.000636
0.000472
0.000231
-0.000074
-0.000398
-0.000778
-0.001259
-0.001342
-0.000484
0.000602
0.000761
0.000324
0.000154
-0.000105
-0.000760
-0.000893
-0.000099
0.000553
0.000437
0.000250
0.000393
0.000404
0.000133
0.000052
0.000317
0.000417
0.000094
-0.000120
0.000125
0.000376
0.000314
0.000173
-0.000081
-0.000515
-0.000475
0.000304
0.000979
0.000912
0.000139
-0.001161
-0.002112
-0.001592
-0.000148
0.000762
0.001135
0.001461
0.000834
-0.001083
-0.002309
-0.001503
-0.000059
0.000528
0.000783
0.001361
0.001534
0.000962
0.000344
-0.000352
-0.001507
-0.002158
-0.001320
0.000286
0.001624
0.002511
0.002540
0.001031
-0.001534
-0.003422
-0.003338
-0.001739
-0.000014
0.001149
0.001810
0.001861
0.001181
0.000273
-0.000503
-0.001628
-0.002987
-0.003125
-0.001238
0.001539
0.003538
0.003913
0.002546
0.000046
-0.002238
-0.003128
-0.002477
-0.000884
0.001031
0.002748
0.003554
0.002831
0.000772
-0.001612
-0.003267
-0.003620
-0.002654
-0.001008
0.000428
0.001354
0.001836
0.001581
0.000567
-0.000307
-0.000344
-0.000004
0.000189
0.000678
0.001829
0.002880
0.002928
0.002131
0.001084
-0.000127
-0.001380
-0.001896
-0.001177
0.000134
0.001055
0.001231
0.000667
-0.000581
-0.002002
-0.002715
-0.002473
-0.001935
-0.001598
-0.001200
-0.000458
0.000252
0.000258
-0.000482
-0.001280
-0.001740
-0.002094
-0.002335
-0.001789
-0.000101
0.001731
0.002493
0.002455
0.002274
0.001433
-0.000128
-0.000754
0.000437
0.001981
0.002607
0.002799
0.002838
0.002064
0.000507
-0.000958
-0.001767
-0.001782
-0.001043
0.000105
0.001007
0.001030
0.000116
-0.001010
-0.001540
-0.001441
-0.001263
-0.001290
-0.001302
-0.000951
-0.000323
-0.000331
-0.002092
-0.005067
-0.006296
-0.003578
0.000758
0.002410
0.001354
0.001264
0.002770
0.002922
0.001642
0.002108
0.004051
0.003647
0.000924
0.000323
0.002876
0.004493
0.003062
0.001276
0.001255
0.001410
0.000185
-0.000916
-0.000240
0.000782
0.000048
-0.001558
-0.001832
-0.001087
-0.001379
-0.002848
-0.003716
-0.003421
-0.003060
-0.003073
-0.002844
-0.002264
-0.001896
-0.001950
-0.002116
-0.001922
-0.001141
-0.000404
-0.000730
-0.001815
-0.001976
-0.000366
0.001881
0.003215
0.003420
0.003299
0.003260
0.003027
0.002691
0.002996
0.003926
0.004197
0.003405
0.003017
0.003580
0.003255
0.001176
-0.000634
-0.000810
-0.000807
-0.001518
-0.001556
-0.000662
-0.000734
-0.002189
-0.003191
-0.003025
-0.002789
-0.002979
-0.003113
-0.002923
-0.002447
-0.001869
-0.001493
-0.001371
-0.001417
-0.001778
-0.002229
-0.001870
-0.000523
0.000707
0.001249
0.001829
0.002713
0.003044
0.002422
0.001615
0.001407
0.001775
0.002255
0.002508
0.002493
0.002079
0.000383
-0.003452
-0.007853
-0.008746
-0.004216
0.001930
0.004485
0.003664
0.003415
0.004105
0.002799
0.000170
-0.000031
0.001648
0.001148
-0.000906
0.000256
0.004489
0.006122
0.003204
-0.000039
-0.000876
-0.001263
-0.002412
-0.002340
-0.000332
0.001044
0.000071
-0.001493
-0.001612
-0.001146
-0.001952
-0.003687
-0.004562
-0.004125
-0.003325
-0.002631
-0.001836
-0.001133
-0.001018
-0.001498
-0.002072
-0.002088
-0.001241
-0.000149
0.000335
0.000635
0.001690
0.002869
0.002896
0.002260
0.002094
0.001773
0.000597
0.000385
0.002711
0.005242
0.005027
0.003475
0.003501
0.004209
0.003186
0.001387
0.001101
0.001510
0.000546
-0.000948
-0.000985
-0.000435
-0.001412
-0.003357
-0.004262
-0.004198
-0.004495
-0.004923
-0.004364
-0.002999
-0.001859
-0.001305
-0.000983
-0.000551
-0.000213
-0.000508
-0.001329
-0.001729
-0.001075
0.000100
0.000900
0.001228
0.001462
0.001545
0.001324
0.001228
0.001585
0.001869
0.001615
0.001421
0.002011
0.002861
0.002918
0.002278
0.001578
0.000003
-0.003847
-0.008669
-0.010250
-0.006214
0.000304
0.004099
0.004472
0.004791
0.005723
0.004335
0.000694
-0.001135
-0.000092
0.000441
-0.000381
0.000917
0.005044
0.007470
0.005438
0.001818
-0.000225
-0.001401
-0.003039
-0.003873
-0.002584
-0.000639
-0.000170
-0.000861
-0.001101
-0.000958
-0.001885
-0.004065
-0.005842
-0.005879
-0.004620
-0.003224
-0.002027
-0.000776
0.000228
0.000235
-0.000757
-0.001652
-0.001494
-0.000743
-0.000392
-0.000067
0.001334
0.003306
0.004336
0.004444
0.004602
0.004183
0.001861
-0.001089
-0.001458
0.001442
0.004728
0.005915
0.005580
0.005284
0.004857
0.003335
0.001295
-0.000032
-0.001096
-0.002820
-0.003943
-0.002763
-0.000768
-0.000956
-0.003220
-0.004999
-0.005542
-0.005936
-0.006048
-0.004852
-0.002824
-0.001292
-0.000346
0.000672
0.001492
0.001188
-0.000229
-0.001523
-0.001609
-0.000691
0.000274
0.000965
0.001792
0.002666
0.002954
0.002721
0.002645
0.002680
0.002135
0.001117
0.000712
0.001356
0.001991
0.001187
-0.001714
-0.006001
-0.008905
-0.007187
-0.001533
0.003019
0.003593
0.003039
0.004049
0.004483
0.002595
0.001296
0.002423
0.002669
0.000198
-0.000914
0.002150
0.005453
0.004825
0.002168
0.000908
0.000358
-0.001344
-0.002969
-0.002678
-0.001653
-0.001998
-0.003076
-0.002837
-0.001573
-0.001482
-0.003041
-0.004571
-0.005072
-0.004980
-0.004598
-0.003755
-0.002561
-0.001379
-0.000477
0.000017
0.000312
0.000867
0.001477
0.001229
0.000373
0.000651
0.002460
0.003874
0.003879
0.003882
0.004679
0.004931
0.003925
0.002869
0.002189
0.000607
-0.001371
-0.000525
0.003746
0.006755
0.005102
0.002100
0.001736
0.001789
-0.000945
-0.003903
-0.004000
-0.003777
-0.005626
-0.006338
-0.003673
-0.001555
-0.003187
-0.005647
-0.005639
-0.004329
-0.003469
-0.002270
-0.000149
0.001717
0.002547
0.002753
0.002676
0.002242
0.001350
0.000091
-0.000849
-0.000531
0.000859
0.001994
0.002243
0.002376
0.002926
0.003086
0.002101
0.000769
0.000270
0.000090
-0.001354
-0.004277
-0.007074
-0.007823
-0.005422
-0.000775
0.002948
0.003708
0.003432
0.004373
0.004956
0.003298
0.001581
0.001978
0.002247
0.000687
0.000494
0.003772
0.006683
0.005523
0.002394
0.000761
0.000045
-0.001737
-0.003629
-0.003598
-0.002421
-0.002329
-0.003136
-0.002945
-0.001930
-0.002159
-0.003945
-0.005476
-0.005871
-0.005740
-0.005187
-0.003867
-0.002258
-0.000984
0.000009
0.000701
0.000938
0.001157
0.001588
0.001580
0.001138
0.001509
0.003084
0.004567
0.005029
0.005030
0.005170
0.005168
0.004758
0.004094
0.003091
0.001635
0.000178
-0.001015
-0.001934
-0.001318
0.001788
0.004469
0.002979
-0.000549
-0.001229
-0.000347
-0.002497
-0.005938
-0.005976
-0.004552
-0.005742
-0.006695
-0.003665
-0.000675
-0.002241
-0.004770
-0.003715
-0.001331
-0.000652
0.000139
0.002557
0.004311
0.003968
0.003250
0.003325
0.003298
0.002544
0.001394
0.000271
-0.000194
0.000421
0.001339
0.001547
0.001305
0.001282
0.001085
0.000138
-0.001005
-0.001994
-0.004260
-0.008471
-0.011084
-0.007858
-0.000979
0.003026
0.002995
0.003751
0.006500
0.007006
0.004394
0.002935
0.003588
0.002531
-0.000357
-0.000161
0.004234
0.007646
0.006668
0.003886
0.002335
0.001077
-0.001469
-0.003973
-0.004677
-0.004492
-0.004938
-0.005217
-0.003922
-0.001948
-0.001387
-0.002735
-0.004735
-0.006034
-0.006186
-0.005695
-0.005133
-0.004058
-0.001848
0.000497
0.001467
0.001690
0.002675
0.003595
0.002760
0.001331
0.001782
0.003666
0.004570
0.004255
0.004423
0.005315
0.005710
0.005519
0.005386
0.004567
0.002255
-0.000087
-0.001023
-0.001856
-0.003284
-0.002651
0.000854
0.002797
0.000583
-0.001631
-0.000846
-0.000981
-0.004585
-0.007246
-0.006260
-0.005510
-0.006731
-0.005935
-0.002237
-0.000326
-0.001636
-0.002239
-0.000573
0.000751
0.000780
0.001373
0.003097
0.004492
0.004743
0.004481
0.004455
0.004547
0.003860
0.001924
-0.000183
-0.000930
-0.000472
-0.000260
-0.000624
-0.000541
0.000128
0.000160
-0.000965
-0.002769
-0.005593
-0.009471
-0.011359
-0.008098
-0.002063
0.001596
0.002740
0.004959
0.007912
0.008169
0.006178
0.005123
0.004570
0.002139
-0.000464
0.000488
0.004186
0.006373
0.005752
0.004579
0.003854
0.002252
-0.000536
-0.003071
-0.004827
-0.006540
-0.007872
-0.007442
-0.005306
-0.003180
-0.002297
-0.002704
-0.003947
-0.005116
-0.005342
-0.005067
-0.005207
-0.005011
-0.003162
-0.000448
0.001568
0.003244
0.005248
0.006229
0.005019
0.003219
0.002951
0.003741
0.003940
0.003724
0.004393
0.005683
0.006067
0.005279
0.004554
0.004305
0.003228
0.000504
-0.002472
-0.004145
-0.005086
-0.005659
-0.003901
0.000230
0.002171
-0.000336
-0.002651
-0.001534
-0.001221
-0.004726
-0.007687
-0.007074
-0.006242
-0.006492
-0.004226
0.000381
0.002397
0.001205
0.001047
0.002930
0.004048
0.003705
0.003510
0.003691
0.003530
0.003442
0.003913
0.004145
0.003315
0.001753
0.000167
-0.001122
-0.001901
-0.002076
-0.002134
-0.002596
-0.002916
-0.002318
-0.001837
-0.003503
-0.007139
-0.009803
-0.008984
-0.005297
-0.001408
0.001261
0.003640
0.006474
0.008538
0.008868
0.008545
0.008205
0.006419
0.002987
0.000866
0.002022
0.004280
0.004828
0.004025
0.003473
0.002911
0.001189
-0.001438
-0.003760
-0.005519
-0.007393
-0.009138
-0.009267
-0.007371
-0.005224
-0.004436
-0.004549
-0.004388
-0.003880
-0.003659
-0.003832
-0.003860
-0.003279
-0.002098
-0.000458
0.001774
0.004482
0.006625
0.007215
0.006772
0.006515
0.006475
0.005867
0.004802
0.004134
0.004045
0.003980
0.003702
0.003627
0.003932
0.003689
0.001760
-0.001214
-0.003346
-0.004584
-0.006469
-0.008026
-0.006371
-0.002598
-0.001176
-0.002327
-0.001952
0.000051
-0.000500
-0.003687
-0.005350
-0.004986
-0.005493
-0.006178
-0.003899
0.000287
0.002634
0.003083
0.004252
0.006154
0.006786
0.005998
0.005089
0.004301
0.003172
0.001986
0.001347
0.001230
0.001136
0.000655
-0.000231
-0.001032
-0.001309
-0.001610
-0.002878
-0.004604
-0.005204
-0.004718
-0.005180
-0.007411
-0.009223
-0.008177
-0.004774
-0.001376
0.001051
0.003384
0.006015
0.007933
0.008594
0.008913
0.009188
0.008075
0.005335
0.003252
0.003451
0.004536
0.004539
0.003600
0.002801
0.002096
0.000761
-0.001177
-0.003093
-0.004872
-0.006893
-0.008882
-0.009704
-0.008838
-0.007314
-0.006367
-0.005905
-0.005153
-0.004088
-0.003372
-0.003242
-0.003090
-0.002305
-0.001101
0.000122
0.001727
0.004012
0.006100
0.007017
0.007164
0.007458
0.007740
0.007225
0.006028
0.005063
0.004617
0.004098
0.003254
0.002609
0.002411
0.001984
0.000672
-0.001180
-0.002829
-0.004419
-0.006773
-0.009339
-0.009580
-0.006384
-0.002841
-0.002252
-0.002743
-0.000784
0.001798
0.000980
-0.001739
-0.002465
-0.002357
-0.003972
-0.004692
-0.001599
0.002253
0.003250
0.003301
0.005181
0.007387
0.007583
0.006342
0.004992
0.003400
0.001330
-0.000432
-0.001106
-0.000924
-0.000801
-0.001215
-0.001719
-0.001796
-0.001727
-0.002253
-0.003531
-0.004651
-0.004676
-0.004281
-0.005180
-0.007328
-0.008342
-0.006715
-0.003631
-0.000585
0.002498
0.005727
0.008056
0.008916
0.009252
0.009660
0.009111
0.006917
0.004479
0.003476
0.003553
0.003415
0.002966
0.002740
0.002376
0.001274
-0.000252
-0.001737
-0.003483
-0.005838
-0.008340
-0.010013
-0.010234
-0.009233
-0.007811
-0.006544
-0.005367
-0.004068
-0.002925
-0.002326
-0.002029
-0.001547
-0.000929
-0.000374
0.000572
0.002516
0.004983
0.006753
0.007535
0.008102
0.008665
0.008506
0.007419
0.006114
0.005010
0.003824
0.002491
0.001424
0.000855
0.000547
0.000011
-0.001054
-0.002440
-0.003841
-0.005533
-0.007735
-0.009176
-0.008035
-0.005088
-0.003378
-0.003457
-0.002472
0.000321
0.001759
0.000604
-0.000386
-0.000179
-0.000977
-0.002608
-0.002101
0.000450
0.001995
0.002249
0.003611
0.006215
0.007875
0.007791
0.006797
0.005274
0.003142
0.000730
-0.001432
-0.002915
-0.003512
-0.003521
-0.003478
-0.003427
-0.003005
-0.002350
-0.002184
-0.002689
-0.003161
-0.003341
-0.004252
-0.006480
-0.008268
-0.007392
-0.004410
-0.001479
0.001207
0.004782
0.008477
0.010423
0.010799
0.010935
0.010373
0.007954
0.004687
0.002622
0.001880
0.001289
0.000779
0.000931
0.001311
0.001077
0.000247
-0.000828
-0.002364
-0.004627
-0.007183
-0.009278
-0.010446
-0.010523
-0.009604
-0.008040
-0.006076
-0.003721
-0.001311
0.000314
0.000801
0.000785
0.000809
0.000776
0.000876
0.001688
0.003111
0.004519
0.005823
0.007245
0.008440
0.008821
0.008349
0.007329
0.005826
0.003867
0.001809
0.000052
-0.001228
-0.001985
-0.002360
-0.002685
-0.003149
-0.003913
-0.005372
-0.007174
-0.007512
-0.005460
-0.003254
-0.003168
-0.003416
-0.001382
0.001132
0.001127
0.000028
0.000379
0.000728
-0.000628
-0.001488
-0.000121
0.001348
0.001387
0.001750
0.003611
0.005549
0.006364
0.006414
0.006012
0.004907
0.003090
0.000888
-0.001218
-0.002733
-0.003733
-0.004654
-0.005175
-0.004604
-0.003449
-0.002952
-0.003080
-0.002726
-0.001853
-0.001633
-0.002316
-0.002998
-0.003647
-0.004783
-0.005245
-0.003458
-0.000375
0.002168
0.004488
0.007320
0.009564
0.010318
0.010252
0.009542
0.007490
0.004666
0.002525
0.001227
0.000108
-0.000691
-0.000827
-0.000727
-0.000870
-0.001168
-0.001573
-0.002486
-0.004144
-0.006099
-0.007749
-0.008920
-0.009432
-0.008848
-0.007281
-0.005499
-0.003709
-0.001504
0.000775
0.002180
0.002643
0.002812
0.002816
0.002558
0.002501
0.003011
0.003757
0.004452
0.005275
0.006248
0.006994
0.007203
0.006762
0.005562
0.003639
0.001445
-0.000395
-0.001738
-0.003047
-0.004582
-0.005836
-0.006278
-0.005932
-0.004720
-0.002620
-0.000759
-0.000320
-0.000516
-0.000063
0.000253
-0.000834
-0.002433
-0.003161
-0.003414
-0.003656
-0.002939
-0.001027
0.000718
0.001661
0.002592
0.003811
0.004736
0.005144
0.005198
0.004828
0.003977
0.002862
0.001704
0.000650
-0.000246
-0.001136
-0.002025
-0.002476
-0.002307
-0.002122
-0.002422
-0.002787
-0.002748
-0.002740
-0.003137
-0.003267
-0.002810
-0.002844
-0.003881
-0.004423
-0.003261
-0.001506
-0.000390
0.001036
0.003707
0.006201
0.007187
0.007734
0.008680
0.008566
0.006552
0.004322
0.003166
0.002192
0.000765
-0.000259
-0.000534
-0.000828
-0.001375
-0.001699
-0.001890
-0.002549
-0.003749
-0.005042
-0.006115
-0.006859
-0.007219
-0.007234
-0.006876
-0.005894
-0.004161
-0.002112
-0.000377
0.000993
0.002250
0.003141
0.003352
0.003312
0.003528
0.003706
0.003560
0.003638
0.004343
0.005065
0.005232
0.005183
0.005219
0.004846
0.003715
0.002275
0.000892
-0.000770
-0.002935
-0.004914
-0.005814
-0.005667
-0.005083
-0.004166
-0.002797
-0.001437
-0.000486
0.000343
0.000973
0.000638
-0.000662
-0.002003
-0.003020
-0.003800
-0.003901
-0.003088
-0.001890
-0.000472
0.001455
0.003460
0.004693
0.005048
0.004882
0.004345
0.003677
0.003190
0.002690
0.001829
0.000797
-0.000077
-0.000890
-0.001722
-0.002259
-0.002350
-0.002345
-0.002454
-0.002322
-0.001800
-0.001641
-0.002341
-0.002891
-0.002357
-0.001760
-0.002301
-0.003051
-0.002623
-0.001443
-0.000479
0.000410
0.001617
0.002976
0.004170
0.004905
0.005166
0.005430
0.005702
0.005237
0.004085
0.003255
0.002796
0.001763
0.000269
-0.000642
-0.000934
-0.001400
-0.002069
-0.002389
-0.002440
-0.002836
-0.003712
-0.004529
-0.004931
-0.005149
-0.005314
-0.005050
-0.004215
-0.003258
-0.002386
-0.001269
0.000080
0.001181
0.001924
0.002553
0.003104
0.003478
0.003665
0.003661
0.003511
0.003341
0.003191
0.003045
0.002958
0.002897
0.002646
0.002043
0.001080
-0.000033
-0.000873
-0.001411
-0.002145
-0.002773
-0.002142
-0.000658
-0.000277
-0.001023
-0.000937
-0.000076
-0.000383
-0.001661
-0.002183
-0.002345
-0.003392
-0.004316
-0.003757
-0.002605
-0.001939
-0.001119
0.000436
0.002087
0.003185
0.003659
0.003685
0.003596
0.003488
0.003041
0.002259
0.001553
0.000895
0.000012
-0.000704
-0.000705
-0.000412
-0.000592
-0.001036
-0.001123
-0.001071
-0.001355
-0.001642
-0.001459
-0.001181
-0.001374
-0.001762
-0.001770
-0.001544
-0.001538
-0.001645
-0.001513
-0.001139
-0.000604
0.000021
0.000413
0.000608
0.001325
0.002623
0.003477
0.003591
0.003850
0.004339
0.004044
0.003020
0.002471
0.002414
0.001692
0.000346
-0.000423
-0.000514
-0.000890
-0.001587
-0.001844
-0.001782
-0.002137
-0.002830
-0.003206
-0.003232
-0.003397
-0.003730
-0.003774
-0.003376
-0.002767
-0.002066
-0.001283
-0.000446
0.000453
0.001298
0.001841
0.002075
0.002208
0.002273
0.002223
0.002203
0.002254
0.002048
0.001527
0.001311
0.001701
0.001940
0.001491
0.001225
0.001962
0.002764
0.002385
0.001384
0.000923
0.000554
-0.000623
-0.001899
-0.002360
-0.002724
-0.003672
-0.004327
-0.004030
-0.003509
-0.003300
-0.002943
-0.002125
-0.001150
-0.000343
0.000211
0.000629
0.001100
0.001518
0.001681
0.001850
0.002215
0.002274
0.001785
0.001381
0.001418
0.001411
0.001095
0.000821
0.000692
0.000392
-0.000079
-0.000366
-0.000390
-0.000411
-0.000544
-0.000647
-0.000666
-0.000702
-0.000807
-0.000938
-0.001114
-0.001418
-0.001801
-0.002044
-0.002008
-0.001714
-0.001152
-0.000321
0.000549
0.001152
0.001483
0.001772
0.002069
0.002212
0.002172
0.002089
0.001975
0.001745
0.001489
0.001346
0.001176
0.000810
0.000483
0.000432
0.000377
-0.000003
-0.000494
-0.000844
-0.001258
-0.001901
-0.002527
-0.002892
-0.002976
-0.002790
-0.002444
-0.002105
-0.001706
-0.001093
-0.000427
0.000015
0.000284
0.000579
0.000840
0.000884
0.000716
0.000472
0.000358
0.000626
0.001223
0.001725
0.001969
0.002234
0.002585
0.002697
0.002420
0.001928
0.001328
0.000575
-0.000227
-0.000877
-0.001365
-0.001785
-0.002056
-0.002025
-0.001761
-0.001508
-0.001397
-0.001295
-0.000965
-0.000419
-0.000027
-0.000067
-0.000332
-0.000456
-0.000372
-0.000238
-0.000141
-0.000048
0.000079
0.000200
0.000313
0.000532
0.000904
0.001293
0.001501
0.001455
0.001247
0.000959
0.000593
0.000188
-0.000234
-0.000671
-0.000951
-0.000852
-0.000483
-0.000212
-0.000182
-0.000228
-0.000224
-0.000243
-0.000372
-0.000581
-0.000791
-0.000942
-0.000984
-0.000849
-0.000508
-0.000007
0.000548
0.000986
0.001203
0.001266
0.001195
0.000907
0.000533
0.000314
0.000165
-0.000072
-0.000219
-0.000161
-0.000134
-0.000154
0.000086
0.000513
0.000732
0.000765
0.000867
0.000905
0.000608
0.000105
-0.000316
-0.000654
-0.001066
-0.001500
-0.001701
-0.001564
-0.001250
-0.000872
-0.000385
0.000097
0.000298
0.000218
0.000159
0.000271
0.000363
0.000265
0.000083
-0.000025
-0.000087
-0.000148
-0.000086
0.000129
0.000295
0.000366
0.000528
0.000729
0.000762
0.000714
0.000712
0.000550
0.000073
-0.000398
-0.000482
-0.000338
-0.000365
-0.000506
-0.000439
-0.000238
-0.000188
-0.000182
0.000023
0.000262
0.000247
0.000081
0.000032
0.000097
0.000055
-0.000201
-0.000476
-0.000522
-0.000410
-0.000359
-0.000316
-0.000112
0.000176
0.000356
0.000403
0.000418
0.000435
0.000381
0.000186
-0.000123
-0.000394
-0.000462
-0.000339
-0.000213
-0.000148
-0.000004
0.000209
0.000253
0.000132
0.000163
0.000413
0.000566
0.000472
0.000323
0.000238
0.000098
-0.000154
-0.000330
-0.000250
-0.000038
0.000055
-0.000005
-0.000016
0.000156
0.000337
0.000312
0.000127
-0.000121
-0.000448
-0.000702
-0.000645
-0.000442
-0.000414
-0.000398
-0.000110
0.000248
0.000393
0.000400
0.000374
0.000255
0.000055
-0.000101
-0.000195
-0.000249
-0.000190
-0.000017
0.000104
0.000088
0.000015
-0.000071
-0.000127
0.000007
0.000318
0.000511
0.000503
0.000521
0.000588
0.000500
0.000224
-0.000134
-0.000538
-0.000903
-0.001012
-0.000850
-0.000676
-0.000586
-0.000387
-0.000043
0.000213
0.000322
0.000440
0.000500
0.000303
0.000003
-0.000091
-0.000024
-0.000036
-0.000120
-0.000075
0.000143
0.000342
0.000359
0.000280
0.000331
0.000532
0.000644
0.000525
0.000307
0.000131
-0.000031
-0.000160
-0.000132
-0.000038
-0.000127
-0.000334
-0.000409
-0.000411
-0.000522
-0.000651
-0.000703
-0.000802
-0.000903
-0.000764
-0.000391
-0.000010
0.000304
0.000593
0.000775
0.000767
0.000686
0.000663
0.000632
0.000475
0.000233
0.000048
-0.000049
-0.000156
-0.000311
-0.000447
-0.000471
-0.000342
-0.000110
0.000155
0.000427
0.000648
0.000709
0.000566
0.000279
-0.000071
-0.000406
-0.000613
-0.000587
-0.000379
-0.000192
-0.000147
-0.000164
-0.000126
-0.000044
0.000014
0.000023
-0.000008
-0.000027
0.000025
0.000072
-0.000054
-0.000311
-0.000430
-0.000291
-0.000016
0.000271
0.000455
0.000459
0.000399
0.000399
0.000361
0.000234
0.000191
0.000278
0.000275
0.000094
-0.000094
-0.000210
-0.000343
-0.000493
-0.000556
-0.000517
-0.000436
-0.000333
-0.000221
-0.000140
-0.000036
0.000125
0.000161
-0.000031
-0.000185
-0.000067
0.000117
0.000122
0.000107
0.000289
0.000520
0.000576
0.000497
0.000392
0.000235
0.000036
-0.000062
-0.000022
-0.000033
-0.000201
-0.000306
-0.000150
0.000072
0.000124
0.000075
0.000014
-0.000114
-0.000259
-0.000294
-0.000275
-0.000322
-0.000380
-0.000356
-0.000244
-0.000079
0.000038
0.000020
-0.000034
0.000039
0.000184
0.000225
0.000189
0.000246
0.000335
0.000289
0.000243
0.000341
0.000309
-0.000036
-0.000368
-0.000394
-0.000247
-0.000113
0.000032
0.000217
0.000334
0.000269
0.000067
-0.000102
-0.000123
-0.000074
-0.000116
-0.000229
-0.000240
-0.000133
-0.000064
-0.000054
0.000019
0.000126
0.000157
0.000155
0.000152
0.000069
-0.000080
-0.000184
-0.000252
-0.000334
-0.000325
-0.000153
0.000013
0.000049
0.000072
0.000135
0.000113
0.000017
0.000008
0.000111
0.000214
0.000263
0.000324
0.000434
0.000464
0.000278
0.000003
-0.000155
-0.000245
-0.000365
-0.000380
-0.000198
-0.000011
-0.000004
-0.000095
-0.000149
-0.000163
-0.000161
-0.000118
-0.000026
0.000037
-0.000002
-0.000048
-0.000004
0.000027
-0.000005
0.000025
0.000096
0.000045
-0.000067
-0.000029
0.000151
0.000294
0.000311
0.000252
0.000206
0.000192
0.000145
0.000049
-0.000024
-0.000083
-0.000206
-0.000321
-0.000319
-0.000284
-0.000307
-0.000281
-0.000133
0.000024
0.000112
0.000153
0.000152
0.000106
0.000038
-0.000002
0.000063
0.000195
0.000188
-0.000062
-0.000308
-0.000289
-0.000096
0.000070
0.000205
0.000316
0.000318
0.000266
0.000307
0.000329
0.000100
-0.000233
-0.000348
-0.000307
-0.000356
-0.000425
-0.000358
-0.000225
-0.000091
0.000101
0.000303
0.000375
0.000304
0.000201
0.000140
0.000102
0.000058
0.000039
0.000030
-0.000075
-0.000260
-0.000335
-0.000243
-0.000151
-0.000139
-0.000096
0.000027
0.000134
0.000152
0.000127
0.000104
0.000032
-0.000103
-0.000153
-0.000031
0.000082
0.000046
0.000020
0.000102
0.000118
-0.000003
-0.000085
-0.000044
-0.000024
-0.000090
-0.000071
0.000151
0.000401
0.000471
0.000390
0.000240
-0.000006
-0.000269
-0.000349
-0.000276
-0.000243
-0.000239
-0.000175
-0.000130
-0.000178
-0.000233
-0.000180
-0.000037
0.000102
0.000221
0.000327
0.000347
0.000251
0.000119
0.000016
-0.000030
-0.000007
-0.000008
-0.000126
-0.000236
-0.000182
-0.000076
-0.000065
-0.000049
0.000090
0.000240
0.000254
0.000166
0.000024
-0.000195
-0.000371
-0.000274
0.000025
0.000206
0.000196
0.000128
0.000023
-0.000085
-0.000056
0.000072
0.000091
-0.000015
-0.000074
-0.000030
0.000046
0.000099
0.000109
0.000075
0.000002
-0.000103
-0.000194
-0.000255
-0.000284
-0.000200
0.000022
0.000206
0.000217
0.000160
0.000151
0.000127
0.000048
-0.000007
-0.000041
-0.000118
-0.000160
-0.000087
-0.000022
-0.000098
-0.000222
-0.000232
-0.000131
-0.000004
0.000121
0.000229
0.000284
0.000271
0.000175
-0.000003
-0.000137
-0.000084
0.000056
0.000069
-0.000036
-0.000078
-0.000010
0.000042
0.000010
-0.000019
0.000022
0.000083
0.000109
0.000122
0.000167
0.000241
0.000266
0.000141
-0.000082
-0.000213
-0.000223
-0.000247
-0.000317
-0.000356
-0.000351
-0.000332
-0.000239
0.000030
0.000368
0.000511
0.000383
0.000169
0.000048
0.000032
0.000032
-0.000020
-0.000094
-0.000098
-0.000017
0.000011
-0.000131
-0.000331
-0.000372
-0.000190
0.000084
0.000270
0.000268
0.000156
0.000084
0.000046
-0.000032
-0.000092
-0.000057
0.000016
0.000039
0.000033
0.000045
0.000066
0.000085
0.000077
-0.000014
-0.000125
-0.000080
0.000094
0.000172
0.000085
-0.000058
-0.000211
-0.000336
-0.000278
-0.000025
0.000153
0.000094
-0.000020
-0.000011
0.000029
-0.000025
-0.000111
-0.000100
0.000016
0.000162
0.000300
0.000394
0.000382
0.000283
0.000156
-0.000023
-0.000223
-0.000291
-0.000203
-0.000147
-0.000209
-0.000228
-0.000100
0.000019
0.000002
-0.000019
0.000080
0.000180
0.000141
0.000017
-0.000105
-0.000238
-0.000392
-0.000476
-0.000366
-0.000096
0.000148
0.000273
0.000323
0.000311
0.000235
0.000162
0.000106
0.000037
0.000020
0.000101
0.000190
0.000229
0.000256
0.000248
0.000142
-0.000010
-0.000102
-0.000169
-0.000297
-0.000399
-0.000296
-0.000030
0.000158
0.000143
0.000020
-0.000081
-0.000157
-0.000256
-0.000351
-0.000351
-0.000236
-0.000105
-0.000020
0.000094
0.000254
0.000310
0.000239
0.000229
0.000302
0.000246
0.000069
0.000021
0.000092
0.000035
-0.000101
-0.000080
0.000041
0.000062
0.000026
0.000062
0.000086
-0.000036
-0.000235
-0.000334
-0.000305
-0.000251
-0.000174
-0.000015
0.000076
-0.000072
-0.000237
-0.000141
0.000028
0.000002
-0.000062
0.000050
0.000218
0.000276
0.000277
0.000322
0.000387
0.000391
0.000302
0.000147
0.000008
-0.000022
0.000037
0.000035
-0.000118
-0.000333
-0.000457
-0.000408
-0.000277
-0.000215
-0.000203
-0.000150
-0.000080
-0.000038
0.000012
0.000064
0.000049
-0.000001
0.000025
0.000145
0.000296
0.000393
0.000309
0.000022
-0.000222
-0.000161
0.000078
0.000178
0.000122
0.000065
-0.000020
-0.000171
-0.000286
-0.000342
-0.000394
-0.000404
-0.000261
0.000060
0.000376
0.000442
0.000263
0.000087
0.000071
0.000128
0.000160
0.000212
0.000268
0.000224
0.000151
0.000164
0.000149
0.000000
-0.000138
-0.000167
-0.000208
-0.000323
-0.000413
-0.000437
-0.000446
-0.000434
-0.000329
-0.000125
0.000094
0.000234
0.000264
0.000223
0.000200
0.000270
0.000386
0.000410
0.000294
0.000148
0.000107
0.000170
0.000168
0.000003
-0.000164
-0.000142
-0.000041
-0.000083
-0.000201
-0.000235
-0.000261
-0.000365
-0.000425
-0.000353
-0.000236
-0.000147
-0.000042
0.000128
0.000276
0.000256
0.000085
-0.000046
-0.000055
-0.000024
0.000044
0.000238
0.000479
0.000555
0.000374
0.000040
-0.000230
-0.000288
-0.000202
-0.000100
0.000008
0.000100
0.000098
0.000056
0.000074
0.000083
-0.000011
-0.000103
-0.000041
0.000084
0.000049
-0.000162
-0.000321
-0.000265
-0.000111
-0.000063
-0.000131
-0.000194
-0.000177
-0.000072
0.000070
0.000168
0.000175
0.000102
-0.000001
-0.000068
-0.000069
-0.000050
-0.000042
0.000025
0.000148
0.000215
0.000217
0.000226
0.000206
0.000109
0.000026
0.000036
0.000077
0.000095
0.000083
0.000026
-0.000047
-0.000062
-0.000038
-0.000039
-0.000063
-0.000097
-0.000120
-0.000082
-0.000022
-0.000035
-0.000115
-0.000202
-0.000267
-0.000243
-0.000108
-0.000018
-0.000096
-0.000203
-0.000148
0.000035
0.000156
0.000145
0.000130
0.000208
0.000291
0.000263
0.000196
0.000252
0.000388
0.000379
0.000179
0.000006
-0.000008
-0.000038
-0.000211
-0.000347
-0.000297
-0.000211
-0.000228
-0.000289
-0.000294
-0.000225
-0.000123
-0.000005
0.000129
0.000158
0.000002
-0.000143
-0.000083
0.000042
0.000027
-0.000049
0.000011
0.000210
0.000399
