4800
-0.000010
-0.000080
-0.000144
-0.000143
-0.000061
0.000037
0.000101
0.000103
-0.000005
-0.000185
-0.000263
-0.000146
0.000016
0.000021
-0.000100
-0.000171
-0.000181
-0.000212
-0.000170
0.000043
0.000283
0.000384
0.000367
0.000302
0.000202
0.000067
-0.000053
-0.000092
-0.000058
-0.000005
0.000060
0.000144
0.000170
0.000071
-0.000102
-0.000252
-0.000313
-0.000245
-0.000106
-0.000046
-0.000096
-0.000113
-0.000051
-0.000052
-0.000140
-0.000147
-0.000005
0.000167
0.000238
0.000167
0.000023
-0.000022
0.000076
0.000124
0.000043
0.000008
0.000061
0.000045
-0.000073
-0.000169
-0.000164
-0.000052
0.000089
0.000119
-0.000026
-0.000213
-0.000181
0.000124
0.000384
0.000334
0.000152
0.000098
0.000103
0.000034
-0.000035
-0.000034
-0.000040
-0.000106
-0.000176
-0.000180
-0.000116
-0.000037
0.000029
0.000113
0.000217
0.000261
0.000187
0.000034
-0.000115
-0.000190
-0.000186
-0.000148
-0.000103
-0.000081
-0.000085
-0.000063
-0.000039
-0.000111
-0.000212
-0.000154
0.000051
0.000150
0.000043
-0.000011
0.000151
0.000277
0.000145
-0.000061
-0.000067
0.000139
0.000368
0.000426
0.000266
0.000003
-0.000222
-0.000346
-0.000364
-0.000288
-0.000150
0.000007
0.000121
0.000116
0.000012
-0.000085
-0.000156
-0.000260
-0.000318
-0.000186
0.000065
0.000215
0.000202
0.000160
0.000164
0.000115
-0.000056
-0.000212
-0.000171
0.000050
0.000224
0.000176
0.000012
-0.000056
0.000009
0.000110
0.000190
0.000203
0.000086
-0.000113
-0.000187
-0.000055
0.000081
0.000032
-0.000117
-0.000188
-0.000128
0.000016
0.000128
0.000107
0.000051
0.000112
0.000220
0.000224
0.000133
-0.000017
-0.000240
-0.000440
-0.000458
-0.000311
-0.000142
-0.000006
0.000144
0.000283
0.000289
0.000162
0.000068
0.000080
0.000076
-0.000016
-0.000103
-0.000129
-0.000094
0.000063
0.000310
0.000414
0.000251
0.000000
-0.000135
-0.000222
-0.000368
-0.000436
-0.000305
-0.000133
-0.000103
-0.000172
-0.000169
-0.000023
0.000172
0.000279
0.000255
0.000153
0.000045
-0.000002
0.000043
0.000112
0.000107
0.000043
0.000012
0.000024
0.000026
0.000044
0.000113
0.000148
0.000074
-0.000030
-0.000070
-0.000101
-0.000186
-0.000259
-0.000259
-0.000233
-0.000197
-0.000110
-0.000028
0.000001
0.000036
0.000050
-0.000026
-0.000117
-0.000132
-0.000083
0.000037
0.000244
0.000472
0.000601
0.000567
0.000421
0.000266
0.000143
0.000022
-0.000072
-0.000112
-0.000168
-0.000271
-0.000346
-0.000327
-0.000197
-0.000038
-0.000003
-0.000098
-0.000173
-0.000142
-0.000055
0.000004
0.000016
0.000021
0.000013
-0.000029
-0.000045
0.000018
0.000092
0.000132
0.000181
0.000199
0.000161
0.000151
0.000147
0.000072
-0.000039
-0.000129
-0.000193
-0.000239
-0.000284
-0.000312
-0.000270
-0.000143
0.000014
0.000098
0.000049
-0.000060
-0.000110
-0.000078
-0.000027
0.000029
0.000138
0.000288
0.000386
0.000370
0.000273
0.000159
0.000087
0.000084
0.000116
0.000104
0.000012
-0.000136
-0.000296
-0.000388
-0.000336
-0.000185
-0.000070
-0.000029
0.000001
0.000005
-0.000052
-0.000102
-0.000098
-0.000090
-0.000074
0.000010
0.000136
0.000222
0.000232
0.000151
0.000008
-0.000077
-0.000061
-0.000045
-0.000030
0.000085
0.000202
0.000150
0.000046
0.000087
0.000174
0.000132
0.000038
0.000036
0.000097
0.000130
0.000116
0.000072
-0.000024
-0.000171
-0.000257
-0.000201
-0.000125
-0.000161
-0.000222
-0.000187
-0.000125
-0.000113
-0.000087
-0.000007
0.000081
0.000147
0.000131
-0.000030
-0.000233
-0.000281
-0.000151
-0.000016
0.000016
0.000012
0.000033
0.000011
-0.000077
-0.000086
0.000080
0.000284
0.000334
0.000233
0.000168
0.000239
0.000301
0.000178
-0.000050
-0.000138
-0.000026
0.000087
0.000051
-0.000068
-0.000143
-0.000143
-0.000112
-0.000110
-0.000151
-0.000170
-0.000104
0.000015
0.000097
0.000071
-0.000068
-0.000218
-0.000259
-0.000191
-0.000079
0.000019
0.000083
0.000169
0.000308
0.000406
0.000332
0.000110
-0.000070
-0.000100
-0.000077
-0.000075
-0.000017
0.000097
0.000124
0.000019
-0.000069
-0.000029
0.000056
0.000023
-0.000137
-0.000221
-0.000119
-0.000020
-0.000088
-0.000162
-0.000072
0.000059
0.000090
0.000057
0.000011
-0.000005
0.000060
0.000137
0.000085
-0.000067
-0.000140
-0.000041
0.000125
0.000156
-0.000012
-0.000183
-0.000164
0.000012
0.000184
0.000194
0.000016
-0.000155
-0.000131
-0.000004
0.000041
0.000029
0.000090
0.000196
0.000198
0.000065
-0.000086
-0.000149
-0.000101
0.000000
0.000068
0.000058
-0.000028
-0.000128
-0.000125
0.000003
0.000103
0.000010
-0.000252
-0.000444
-0.000360
-0.000094
0.000090
0.000103
0.000057
0.000044
0.000061
0.000069
0.000037
-0.000033
-0.000072
0.000009
0.000164
0.000241
0.000208
0.000167
0.000170
0.000199
0.000228
0.000199
0.000073
-0.000054
-0.000086
-0.000092
-0.000154
-0.000211
-0.000178
-0.000110
-0.000114
-0.000196
-0.000268
-0.000245
-0.000122
0.000007
0.000050
0.000078
0.000195
0.000329
0.000348
0.000270
0.000162
0.000021
-0.000088
-0.000039
0.000142
0.000304
0.000352
0.000249
0.000052
-0.000095
-0.000157
-0.000241
-0.000393
-0.000521
-0.000505
-0.000339
-0.000190
-0.000203
-0.000267
-0.000195
-0.000057
-0.000005
0.000018
0.000113
0.000219
0.000244
0.000213
0.000168
0.000103
0.000065
0.000147
0.000313
0.000385
0.000285
0.000123
0.000036
0.000030
0.000015
-0.000061
-0.000172
-0.000273
-0.000316
-0.000267
-0.000141
-0.000018
-0.000018
-0.000164
-0.000299
-0.000267
-0.000125
-0.000014
0.000078
0.000265
0.000500
0.000562
0.000375
0.000129
0.000021
0.000027
0.000024
-0.000050
-0.000160
-0.000183
-0.000052
0.000106
0.000132
0.000048
-0.000036
-0.000110
-0.000231
-0.000337
-0.000292
-0.000090
0.000113
0.000181
0.000129
0.000082
0.000103
0.000118
0.000047
-0.000050
-0.000072
-0.000045
0.000007
0.000122
0.000199
0.000080
-0.000149
-0.000242
-0.000150
-0.000050
-0.000056
-0.000072
-0.000007
0.000063
0.000056
-0.000009
-0.000113
-0.000210
-0.000184
-0.000026
0.000094
0.000083
0.000044
0.000062
0.000053
-0.000033
-0.000080
-0.000023
0.000054
0.000107
0.000136
0.000097
-0.000010
-0.000097
-0.000070
0.000058
0.000169
0.000211
0.000207
0.000124
-0.000015
-0.000071
-0.000030
-0.000018
-0.000081
-0.000125
-0.000097
-0.000057
-0.000053
-0.000059
-0.000060
-0.000042
0.000028
0.000121
0.000140
0.000050
-0.000084
-0.000175
-0.000150
-0.000025
0.000076
0.000073
0.000021
-0.000006
-0.000043
-0.000123
-0.000146
-0.000057
0.000022
0.000012
-0.000017
-0.000015
0.000018
0.000115
0.000281
0.000400
0.000335
0.000148
0.000055
0.000095
0.000082
-0.000080
-0.000248
-0.000272
-0.000152
0.000007
0.000085
0.000012
-0.000153
-0.000250
-0.000215
-0.000161
-0.000167
-0.000169
-0.000115
-0.000030
0.000057
0.000090
0.000031
-0.000038
-0.000021
0.000053
0.000112
0.000176
0.000248
0.000247
0.000193
0.000183
0.000149
-0.000002
-0.000192
-0.000578
-0.001104
-0.000492
0.001349
0.001591
-0.000532
-0.001292
0.000763
0.001736
-0.000190
-0.001434
-0.000118
0.000747
-0.000522
-0.001307
-0.000032
0.000925
-0.000098
-0.001036
-0.000165
0.000777
0.000128
-0.000649
0.000011
0.000915
0.000584
-0.000252
-0.000505
-0.000400
-0.000136
0.000502
0.000938
0.000520
-0.000069
0.000033
0.000341
0.000066
-0.000406
-0.000316
0.000074
0.000019
-0.000350
-0.000367
-0.000118
-0.000186
-0.000476
-0.000384
0.000073
0.000277
0.000097
0.000063
0.000360
0.000472
0.000109
-0.000284
-0.000287
-0.000139
-0.000179
-0.000254
-0.000146
0.000107
0.000426
0.000567
0.000304
0.000046
0.000193
0.000293
0.000046
-0.000089
-0.000030
-0.000175
-0.000378
-0.000227
0.000110
0.000135
-0.000268
-0.000672
-0.000461
0.000213
0.000238
-0.000523
-0.000834
-0.000564
-0.000362
0.000323
0.001503
0.001797
0.001197
0.000795
-0.000126
-0.001901
-0.001693
0.001101
0.001831
-0.001040
-0.002442
-0.000267
0.001070
-0.000182
-0.000614
0.000438
0.000453
-0.000245
-0.000058
0.000029
-0.000454
0.000200
0.001571
0.001018
-0.000984
-0.001043
0.000933
0.001314
-0.000394
-0.000515
0.001292
0.000779
-0.002269
-0.002496
0.000941
0.002095
-0.000791
-0.001987
0.000830
0.002185
-0.000918
-0.003027
-0.000121
0.002756
0.000999
-0.001235
0.000250
0.001914
0.000051
-0.002330
-0.001247
0.001701
0.002120
-0.000232
-0.001224
0.000051
0.000014
-0.001375
-0.000701
0.000816
-0.000281
-0.001418
0.001018
0.002625
-0.000706
-0.003206
-0.000241
0.002359
0.000039
-0.001637
0.001301
0.002929
-0.000787
-0.003740
-0.000902
0.002215
0.000239
-0.001634
0.000949
0.002447
-0.000170
-0.001322
0.000540
0.000238
-0.001214
0.001251
0.003284
-0.000705
-0.003946
-0.000088
0.003147
-0.000977
-0.004104
0.000703
0.004449
-0.000184
-0.004323
-0.000507
0.003205
-0.000040
-0.003061
0.000244
0.003875
0.001638
-0.002644
-0.002644
0.000395
0.001146
-0.000728
-0.001003
0.001403
0.002414
0.000219
-0.000981
0.000868
0.001460
-0.001111
-0.002245
0.000403
0.002130
-0.000364
-0.002787
-0.001271
0.000709
0.000126
0.000188
0.001982
0.001254
-0.001953
-0.002412
0.000328
0.001890
0.000807
-0.000677
-0.000393
0.000899
0.000365
-0.001533
-0.000938
0.001494
0.000864
-0.001526
-0.000229
0.002171
0.000015
-0.002569
0.000520
0.003912
0.000807
-0.003268
-0.001535
0.001606
0.001074
-0.000170
0.000148
-0.000559
-0.002730
-0.002630
0.000651
0.002530
0.000834
-0.000991
-0.000983
-0.000598
-0.000267
0.000199
0.000137
0.000284
0.001616
0.002170
0.000309
-0.001552
-0.001270
-0.000187
0.000853
0.002309
0.002734
0.000775
-0.001172
-0.000879
-0.000749
-0.002283
-0.001979
0.001112
0.001854
-0.001202
-0.002093
0.000721
0.001059
-0.001640
-0.001089
0.002203
0.001764
-0.001382
-0.000659
0.002102
0.000201
-0.003187
-0.000916
0.003061
0.001239
-0.002406
-0.000628
0.002625
0.000608
-0.002760
-0.000777
0.003304
0.002369
-0.001695
-0.001827
0.000812
-0.000362
-0.003706
-0.002120
0.003028
0.004134
0.000934
-0.001090
-0.001439
-0.002171
-0.001905
0.000588
0.003302
0.003056
-0.000420
-0.002544
-0.000816
0.000347
-0.001311
-0.001060
0.002023
0.002316
-0.000316
-0.000888
-0.000267
-0.001420
-0.001838
0.000397
0.002130
0.001507
0.000441
-0.000193
-0.000777
-0.000589
0.000170
0.000257
-0.000018
-0.000200
-0.000544
-0.000273
0.000285
-0.000660
-0.001746
-0.000296
0.001719
0.001019
-0.000708
-0.000768
-0.000132
0.000496
0.001716
0.002013
0.000215
-0.001353
-0.001122
-0.000597
-0.000011
0.001744
0.003009
0.001135
-0.001934
-0.002249
-0.001286
-0.002043
-0.001801
0.001586
0.003603
0.001245
-0.001706
-0.002069
-0.001739
-0.002386
-0.000933
0.003728
0.005226
0.000710
-0.003021
-0.001906
-0.000399
-0.000953
0.000284
0.003937
0.004128
-0.001279
-0.005032
-0.001985
0.001414
-0.000163
-0.001032
0.002405
0.004317
0.001609
-0.001130
-0.001063
-0.000694
-0.002004
-0.002457
0.001037
0.004689
0.001767
-0.004081
-0.003514
0.000207
-0.001370
-0.003376
0.000709
0.004353
0.001381
-0.002695
-0.001712
0.000830
-0.000208
-0.001237
0.002468
0.005562
0.001814
-0.002732
-0.000953
0.001547
-0.000851
-0.002712
0.000228
0.002485
-0.001433
-0.005841
-0.001786
0.005964
0.005258
-0.002096
-0.003186
0.002304
0.002599
-0.002151
-0.001573
0.003047
0.002248
-0.002213
-0.001509
0.002275
0.000566
-0.004668
-0.004833
-0.000707
0.001086
0.000937
0.001560
0.001428
0.000186
-0.000947
-0.002263
-0.002319
0.000975
0.004406
0.003308
-0.000187
-0.000637
0.001621
0.001800
-0.000485
-0.000986
0.000560
0.000057
-0.002189
-0.001808
0.000578
0.000374
-0.002264
-0.002978
-0.000395
0.002327
0.001992
-0.000404
-0.001228
-0.000299
-0.000706
-0.002251
-0.001518
0.001874
0.004121
0.002968
0.000510
-0.001393
-0.002666
-0.002105
0.000909
0.004000
0.004065
0.000610
-0.003271
-0.003858
-0.000951
0.001828
0.001317
-0.000873
-0.000650
0.001440
0.001155
-0.001020
-0.001651
-0.001746
-0.002494
-0.000661
0.003796
0.004652
-0.000075
-0.004371
-0.003903
-0.000406
0.002823
0.003705
0.001829
-0.001043
-0.002532
-0.002165
-0.001091
0.000268
0.002168
0.003386
0.002453
0.000249
-0.001343
-0.002084
-0.002504
-0.001416
0.001758
0.003744
0.001098
-0.003580
-0.003869
0.000043
0.001725
0.000637
0.001059
0.001965
0.000095
-0.002533
-0.002220
0.000201
0.001704
0.002004
0.002062
0.001094
-0.001379
-0.003622
-0.003302
-0.000002
0.002832
0.001842
-0.000343
-0.000148
0.000448
-0.000869
-0.001726
-0.000199
0.001205
0.000650
-0.000124
-0.000018
-0.000001
-0.000261
0.000276
0.001492
0.001475
-0.000780
-0.002810
-0.001256
0.002000
0.001676
-0.001761
-0.002201
0.001569
0.003682
0.001376
-0.001547
-0.002579
-0.002677
-0.001472
0.001182
0.002509
0.001367
-0.000132
-0.000340
0.001002
0.002200
0.000132
-0.003622
-0.003380
0.000175
0.001328
0.000867
0.002665
0.003194
-0.001349
-0.004897
-0.002339
0.000348
-0.001239
-0.001598
0.002031
0.004051
0.001585
-0.001668
-0.002380
-0.000415
0.002019
0.002303
0.001232
0.000966
0.000251
-0.001749
-0.002359
-0.000912
-0.000191
-0.000923
-0.000235
0.002780
0.004026
0.000949
-0.002710
-0.003210
-0.001709
-0.000005
0.001754
0.002458
0.001334
-0.000039
-0.000889
-0.001882
-0.002182
-0.001175
-0.000084
0.001083
0.002715
0.002467
-0.000793
-0.003533
-0.003141
-0.000995
0.001624
0.003892
0.004013
0.001658
-0.001680
-0.004278
-0.004119
-0.000828
0.002609
0.003593
0.002911
0.001601
-0.000836
-0.003649
-0.004619
-0.002967
0.000398
0.004049
0.005441
0.002788
-0.001087
-0.002697
-0.003639
-0.004884
-0.002789
0.002236
0.004309
0.002760
0.001919
0.001453
-0.001146
-0.003289
-0.002123
0.000045
0.000724
0.000733
0.001037
0.001442
0.001483
0.000555
-0.000898
-0.001428
-0.000877
-0.000311
-0.000219
-0.000473
-0.000804
-0.000757
0.000169
0.001640
0.002206
0.001137
-0.000617
-0.001533
-0.000709
0.000590
0.000258
-0.000738
-0.000162
0.001163
0.001270
0.000188
-0.001119
-0.001990
-0.001888
-0.000652
0.001162
0.002222
0.001122
-0.001322
-0.002142
-0.000681
0.000568
0.000759
0.001219
0.001533
0.000419
-0.000934
-0.000999
-0.000735
-0.000806
-0.000109
0.001153
0.001375
0.000454
-0.000363
-0.000573
-0.000542
-0.000446
-0.000346
-0.000326
-0.000374
-0.000355
0.000162
0.000906
0.000918
0.000511
0.000494
0.000197
-0.000791
-0.001179
-0.000258
0.000816
0.001022
0.000770
0.000764
0.000859
0.000453
-0.000419
-0.001132
-0.001483
-0.001368
-0.000521
0.000423
0.000482
-0.000009
-0.000154
-0.000082
-0.000307
-0.000619
-0.000447
0.000340
0.001238
0.001568
0.001090
0.000369
-0.000201
-0.001195
-0.002154
-0.001294
0.000817
0.001547
0.001049
0.001526
0.002185
0.000606
-0.002359
-0.003676
-0.002415
-0.000255
0.001109
0.001662
0.001975
0.001490
-0.000262
-0.001790
-0.001494
-0.000280
0.000013
-0.000384
-0.000043
0.000917
0.001358
0.001251
0.001007
0.000074
-0.001879
-0.003276
-0.002045
0.000919
0.002168
0.000772
-0.000277
0.000699
0.001462
0.000288
-0.001454
-0.002180
-0.001728
-0.000365
0.001357
0.002260
0.001693
0.000711
0.000417
0.000127
-0.001136
-0.002680
-0.002881
-0.001108
0.001480
0.002927
0.002398
0.000851
-0.000492
-0.001293
-0.001336
-0.000576
0.000083
0.000053
-0.000130
-0.000211
-0.000345
-0.000035
0.000861
0.001347
0.000962
0.000172
-0.000755
-0.001422
-0.001245
-0.000450
0.000388
0.001212
0.001810
0.001778
0.001256
0.000271
-0.001384
-0.002678
-0.002193
-0.000727
-0.000019
0.000348
0.001387
0.001883
0.000576
-0.001122
-0.001503
-0.001394
-0.001822
-0.001249
0.001336
0.003186
0.001923
-0.000193
-0.000360
0.000291
-0.000058
-0.000497
-0.000022
0.000214
-0.000414
-0.000488
0.000478
0.001023
0.000521
-0.000024
-0.000048
-0.000283
-0.001239
-0.001971
-0.001229
0.000575
0.001477
0.000628
-0.000015
0.000971
0.001409
-0.000455
-0.002232
-0.001511
0.000126
0.000494
0.000484
0.001150
0.001082
-0.000209
-0.000601
0.000498
0.001011
0.000315
-0.000322
-0.000754
-0.001034
-0.000042
0.001773
0.002079
0.000504
-0.001098
-0.001745
-0.001534
-0.000566
0.000413
0.000350
-0.000441
-0.000639
0.000021
0.000406
-0.000303
-0.001391
-0.001587
-0.000931
-0.000163
0.000906
0.002204
0.002354
0.000957
-0.000504
-0.001081
-0.001067
-0.000552
0.000477
0.001423
0.001695
0.001237
0.000349
-0.000408
-0.000632
-0.000561
-0.000472
-0.000070
0.000587
0.000592
-0.000303
-0.001113
-0.001268
-0.001213
-0.000915
0.000161
0.001253
0.001109
0.000238
-0.000267
-0.000693
-0.001378
-0.001390
-0.000225
0.001110
0.001636
0.001383
0.000582
-0.000348
-0.000370
0.000573
0.000878
-0.000048
-0.000883
-0.000929
-0.000679
-0.000290
0.000139
0.000189
0.000159
0.000554
0.000637
-0.000452
-0.001761
-0.001661
-0.000313
0.000837
0.001284
0.001380
0.001025
0.000072
-0.000711
-0.000405
0.000436
0.000433
-0.000285
-0.000417
0.000155
0.000485
0.000524
0.000770
0.000616
-0.000515
-0.001550
-0.001440
-0.000792
-0.000363
0.000155
0.000959
0.001430
0.001096
0.000145
-0.000932
-0.001516
-0.001341
-0.000733
0.000148
0.001318
0.002038
0.001334
-0.000251
-0.001015
-0.000501
0.000012
-0.000252
-0.000519
-0.000255
0.000065
0.000297
0.000553
0.000357
-0.000288
-0.000417
0.000079
0.000159
-0.000342
-0.000645
-0.000522
-0.000041
0.000730
0.000943
-0.000049
-0.001174
-0.001070
-0.000079
0.000665
0.000835
0.000629
0.000155
-0.000260
-0.000149
0.000306
0.000424
0.000088
-0.000285
-0.000587
-0.000855
-0.000795
-0.000199
0.000518
0.000710
0.000395
0.000232
0.000481
0.000682
0.000431
-0.000147
-0.000605
-0.000557
-0.000071
0.000360
0.000418
0.000250
0.000065
-0.000065
-0.000032
0.000041
-0.000288
-0.000929
-0.001130
-0.000656
-0.000118
0.000132
0.000380
0.000662
0.000667
0.000404
0.000011
-0.000468
-0.000693
-0.000280
0.000487
0.000859
0.000516
-0.000089
-0.000297
-0.000041
0.000090
-0.000229
-0.000477
-0.000030
0.000865
0.001336
0.001046
0.000487
0.000014
-0.000526
-0.001001
-0.000855
-0.000141
0.000321
0.000320
0.000385
0.000406
-0.000211
-0.001195
-0.001586
-0.001062
-0.000263
0.000136
0.000135
0.000177
0.000400
0.000434
0.000116
-0.000231
-0.000400
-0.000459
-0.000319
0.000182
0.000838
0.001212
0.001083
0.000527
-0.000179
-0.000728
-0.001051
-0.001160
-0.000765
0.000177
0.000952
0.001035
0.000726
0.000344
-0.000208
-0.000942
-0.001525
-0.001533
-0.000869
0.000023
0.000607
0.000874
0.001018
0.000862
0.000329
-0.000154
-0.000354
-0.000525
-0.000667
-0.000485
-0.000107
0.000122
0.000221
0.000334
0.000401
0.000327
0.000098
-0.000163
-0.000091
0.000576
0.001446
0.001876
0.001809
0.001582
0.001308
0.000922
0.000413
-0.000138
-0.000527
-0.000653
-0.000662
-0.000614
-0.000412
-0.000222
-0.000268
-0.000439
-0.000730
-0.001358
-0.002021
-0.002030
-0.001421
-0.000833
-0.000338
0.000347
0.000818
0.000386
-0.000805
-0.001838
-0.002014
-0.001374
-0.000479
0.000231
0.000878
0.001530
0.001652
0.001146
0.000812
0.000863
0.000811
0.000828
0.001139
0.001210
0.000940
0.000864
0.000956
0.000919
0.000926
0.000889
0.000142
-0.001265
-0.002257
-0.002129
-0.001144
-0.000051
0.000396
0.000035
-0.000554
-0.000759
-0.000545
-0.000316
-0.000429
-0.000939
-0.001571
-0.001866
-0.001663
-0.001363
-0.001393
-0.001507
-0.001079
-0.000203
0.000207
-0.000074
0.000040
0.001135
0.002204
0.002544
0.002931
0.003729
0.003930
0.003172
0.002599
0.002694
0.002386
0.001213
0.000331
0.000460
0.000693
0.000200
-0.000514
-0.000899
-0.001387
-0.002280
-0.002911
-0.002756
-0.002383
-0.002413
-0.002409
-0.001934
-0.001646
-0.002005
-0.002175
-0.001554
-0.000979
-0.001169
-0.001377
-0.000859
-0.000144
0.000299
0.000904
0.001703
0.001954
0.001614
0.001549
0.001950
0.001989
0.001458
0.001211
0.001509
0.001669
0.001682
0.002162
0.002727
0.002444
0.001417
0.000362
-0.000517
-0.001202
-0.001446
-0.001287
-0.001094
-0.001051
-0.001253
-0.001738
-0.002113
-0.002011
-0.001842
-0.002283
-0.003104
-0.003196
-0.002052
-0.000429
0.000867
0.001626
0.001565
0.000598
-0.000372
-0.000526
-0.000272
-0.000083
0.000507
0.001794
0.002988
0.003252
0.002813
0.002334
0.001796
0.000613
-0.001307
-0.003088
-0.003719
-0.003252
-0.002692
-0.002446
-0.001562
0.000478
0.002226
0.002332
0.001847
0.002214
0.002570
0.001687
0.000829
0.001658
0.003010
0.002902
0.002049
0.002144
0.002400
0.001176
-0.000682
-0.001362
-0.001290
-0.001844
-0.002628
-0.002538
-0.001933
-0.001832
-0.002250
-0.002638
-0.002936
-0.003193
-0.003063
-0.002574
-0.002479
-0.002860
-0.002476
-0.000617
0.001483
0.002250
0.001847
0.001555
0.001819
0.002057
0.002092
0.002339
0.002621
0.002465
0.002341
0.002891
0.003488
0.003119
0.002057
0.001296
0.001018
0.000750
0.000377
0.000091
-0.000179
-0.000697
-0.001491
-0.002241
-0.002583
-0.002590
-0.002778
-0.003282
-0.003486
-0.003063
-0.002647
-0.002648
-0.002448
-0.001664
-0.000895
-0.000449
0.000163
0.000962
0.001334
0.001312
0.001512
0.001864
0.001799
0.001439
0.001440
0.001844
0.002016
0.001803
0.001761
0.001954
0.001829
0.001403
0.000995
0.000050
-0.001981
-0.004072
-0.004832
-0.004614
-0.004432
-0.003653
-0.001272
0.001327
0.002056
0.001769
0.002575
0.003688
0.003131
0.001956
0.002311
0.003285
0.002918
0.002076
0.002442
0.003049
0.002172
0.000486
-0.000410
-0.000707
-0.001443
-0.002415
-0.002804
-0.002649
-0.002528
-0.002604
-0.002654
-0.002594
-0.002675
-0.003194
-0.003943
-0.004180
-0.003544
-0.002582
-0.001886
-0.001306
-0.000455
0.000731
0.002158
0.003413
0.003772
0.003366
0.003349
0.003940
0.004092
0.003641
0.003321
0.002968
0.002294
0.002170
0.002865
0.002962
0.001815
0.000642
0.000073
-0.000636
-0.001676
-0.002496
-0.003027
-0.003409
-0.003510
-0.003378
-0.003251
-0.003206
-0.003249
-0.003303
-0.003115
-0.002667
-0.002395
-0.002477
-0.002265
-0.001068
0.000782
0.002346
0.003233
0.003596
0.003412
0.002654
0.001884
0.001730
0.001968
0.001929
0.001601
0.001615
0.002122
0.002444
0.002158
0.001632
0.000994
-0.000410
-0.002808
-0.005056
-0.005831
-0.005450
-0.005186
-0.004716
-0.002522
0.000641
0.002071
0.001660
0.001892
0.002975
0.002771
0.001622
0.002051
0.003801
0.004334
0.003707
0.003972
0.004709
0.003775
0.001399
-0.000334
-0.000988
-0.001749
-0.002787
-0.003136
-0.002700
-0.002389
-0.002511
-0.002521
-0.002265
-0.002339
-0.003051
-0.003910
-0.004369
-0.004374
-0.004093
-0.003566
-0.002668
-0.001414
-0.000159
0.000991
0.002516
0.004301
0.005056
0.004304
0.003610
0.004101
0.004574
0.004015
0.003539
0.003807
0.003620
0.002726
0.002441
0.002634
0.001820
0.000167
-0.000991
-0.001679
-0.002579
-0.003405
-0.003788
-0.003965
-0.003952
-0.003623
-0.003310
-0.003265
-0.003305
-0.003351
-0.003340
-0.002880
-0.001991
-0.001404
-0.001210
-0.000478
0.000945
0.001974
0.002366
0.003072
0.004079
0.004310
0.003750
0.003288
0.002895
0.002079
0.001282
0.001075
0.001120
0.001052
0.001050
0.001067
0.000608
-0.000732
-0.002845
-0.004874
-0.005796
-0.005809
-0.005977
-0.005843
-0.003773
-0.000535
0.001169
0.001502
0.003030
0.005254
0.005293
0.003623
0.003257
0.004147
0.003944
0.002938
0.003136
0.003959
0.003327
0.001617
0.000765
0.000658
-0.000349
-0.002219
-0.003438
-0.003714
-0.003952
-0.004262
-0.004062
-0.003507
-0.003305
-0.003627
-0.004009
-0.004012
-0.003620
-0.003189
-0.003037
-0.002965
-0.002483
-0.001486
-0.000050
0.002038
0.004544
0.006340
0.006728
0.006414
0.006388
0.006555
0.006051
0.004597
0.003072
0.002358
0.002158
0.001807
0.001370
0.000862
-0.000239
-0.001750
-0.002725
-0.003155
-0.003913
-0.005037
-0.005717
-0.005623
-0.005073
-0.004380
-0.003643
-0.002865
-0.002159
-0.001721
-0.001548
-0.001381
-0.000999
-0.000358
0.000544
0.001692
0.002813
0.003603
0.004170
0.004658
0.004787
0.004368
0.003679
0.002905
0.001900
0.000796
0.000118
0.000052
0.000193
0.000120
-0.000177
-0.000630
-0.001623
-0.003474
-0.005358
-0.006085
-0.006101
-0.006612
-0.006654
-0.004270
-0.000584
0.001512
0.002385
0.004400
0.006661
0.006556
0.005076
0.004959
0.005538
0.004634
0.003158
0.003202
0.003956
0.003380
0.001792
0.000724
0.000037
-0.001380
-0.003299
-0.004558
-0.004969
-0.005244
-0.005547
-0.005458
-0.004887
-0.004203
-0.003772
-0.003548
-0.003139
-0.002494
-0.002179
-0.002502
-0.002778
-0.002148
-0.000661
0.001141
0.003092
0.005186
0.007060
0.008120
0.008056
0.007260
0.006426
0.005456
0.003743
0.001837
0.001054
0.001246
0.001083
0.000395
-0.000017
-0.000371
-0.001442
-0.002826
-0.003698
-0.004383
-0.005510
-0.006562
-0.006545
-0.005416
-0.004059
-0.003151
-0.002534
-0.001766
-0.000922
-0.000408
-0.000198
0.000048
0.000314
0.000584
0.001360
0.002862
0.004418
0.005334
0.005670
0.005672
0.005137
0.003827
0.002059
0.000464
-0.000635
-0.001278
-0.001434
-0.001104
-0.000723
-0.000792
-0.001434
-0.002731
-0.004515
-0.005765
-0.005781
-0.005571
-0.005973
-0.005472
-0.002749
0.000302
0.001651
0.002782
0.005332
0.007347
0.006922
0.005893
0.006169
0.006277
0.004826
0.003438
0.003443
0.003406
0.002121
0.000666
-0.000007
-0.000656
-0.002049
-0.003735
-0.004956
-0.005601
-0.005978
-0.006215
-0.006071
-0.005302
-0.004272
-0.003713
-0.003588
-0.003087
-0.002129
-0.001571
-0.001565
-0.001176
0.000032
0.001451
0.002714
0.004252
0.006218
0.007829
0.008318
0.007887
0.007219
0.006318
0.004617
0.002414
0.000891
0.000227
-0.000535
-0.001441
-0.001627
-0.001385
-0.001854
-0.002936
-0.003702
-0.004147
-0.004786
-0.005463
-0.005685
-0.005351
-0.004642
-0.003708
-0.002627
-0.001526
-0.000666
-0.000199
0.000166
0.000743
0.001273
0.001535
0.001983
0.002953
0.003979
0.004551
0.004808
0.005008
0.004892
0.004050
0.002563
0.000940
-0.000335
-0.001054
-0.001310
-0.001301
-0.001111
-0.000974
-0.001554
-0.003243
-0.005233
-0.006244
-0.006301
-0.006491
-0.006538
-0.004793
-0.001502
0.000886
0.001877
0.003729
0.006731
0.008180
0.007459
0.007063
0.007541
0.006718
0.004434
0.003066
0.003106
0.002609
0.001005
-0.000232
-0.000589
-0.001237
-0.002777
-0.004393
-0.005392
-0.006096
-0.006881
-0.007357
-0.006979
-0.005975
-0.005068
-0.004412
-0.003508
-0.002238
-0.001214
-0.000759
-0.000332
0.000448
0.001154
0.001810
0.003251
0.005275
0.006648
0.007436
0.008522
0.009177
0.008277
0.006706
0.005539
0.003933
0.001332
-0.000976
-0.002214
-0.003196
-0.004257
-0.004667
-0.004291
-0.003907
-0.004014
-0.004393
-0.004651
-0.004759
-0.005002
-0.005298
-0.004961
-0.003735
-0.002349
-0.001241
0.000130
0.001839
0.002908
0.002939
0.002822
0.003179
0.003536
0.003568
0.003744
0.004179
0.004207
0.003605
0.002980
0.002566
0.001872
0.000740
-0.000315
-0.000967
-0.001546
-0.002386
-0.003169
-0.003437
-0.003622
-0.004581
-0.005876
-0.005974
-0.004706
-0.003784
-0.003909
-0.003300
-0.000794
0.001752
0.002610
0.003335
0.005632
0.007770
0.007780
0.007223
0.007927
0.008225
0.006279
0.003794
0.002878
0.002389
0.000471
-0.002068
-0.003496
-0.004041
-0.004864
-0.005852
-0.006141
-0.005781
-0.005663
-0.006103
-0.006258
-0.005426
-0.004312
-0.003936
-0.003871
-0.002975
-0.001379
-0.000161
0.000576
0.001619
0.003036
0.004292
0.005400
0.006506
0.007273
0.007696
0.008063
0.007804
0.006422
0.004850
0.003731
0.002148
-0.000128
-0.001860
-0.002789
-0.003721
-0.004386
-0.004270
-0.004174
-0.004596
-0.004752
-0.004403
-0.004223
-0.004287
-0.004167
-0.003804
-0.003211
-0.002305
-0.001252
-0.000170
0.001047
0.002211
0.002923
0.003183
0.003278
0.003292
0.003209
0.003251
0.003610
0.003928
0.003652
0.002876
0.002120
0.001444
0.000574
-0.000405
-0.001236
-0.001986
-0.002709
-0.003165
-0.003301
-0.003412
-0.003785
-0.004464
-0.004943
-0.004449
-0.003242
-0.002612
-0.002770
-0.002338
-0.000616
0.001472
0.003140
0.004695
0.006433
0.007898
0.008530
0.008409
0.007976
0.007104
0.005262
0.002891
0.001217
0.000323
-0.000886
-0.002655
-0.004047
-0.004619
-0.004965
-0.005649
-0.006450
-0.006784
-0.006637
-0.006466
-0.006149
-0.005164
-0.003786
-0.002775
-0.002028
-0.000911
0.000451
0.001401
0.001833
0.002313
0.003457
0.005106
0.006259
0.006592
0.007116
0.008084
0.008011
0.006349
0.004696
0.003744
0.002099
-0.000561
-0.002642
-0.003613
-0.004494
-0.005431
-0.005545
-0.004781
-0.003999
-0.003665
-0.003484
-0.003019
-0.002369
-0.002133
-0.002392
-0.002383
-0.001759
-0.001071
-0.000516
0.000412
0.001660
0.002519
0.002909
0.003362
0.003854
0.003813
0.003188
0.002642
0.002505
0.002323
0.001747
0.001076
0.000638
0.000337
-0.000086
-0.000781
-0.001647
-0.002373
-0.002818
-0.003097
-0.003182
-0.002982
-0.002868
-0.003321
-0.004011
-0.003978
-0.002946
-0.001829
-0.001323
-0.000756
0.000534
0.001871
0.002767
0.003946
0.005527
0.006501
0.006786
0.007276
0.007762
0.007171
0.005503
0.003617
0.001825
0.000028
-0.001733
-0.003413
-0.004895
-0.005912
-0.006441
-0.006668
-0.006569
-0.006054
-0.005380
-0.004863
-0.004388
-0.003735
-0.003036
-0.002402
-0.001538
-0.000158
0.001583
0.003187
0.004265
0.004956
0.005517
0.005573
0.004898
0.004436
0.004749
0.004583
0.003199
0.002103
0.002139
0.001864
0.000587
-0.000543
-0.001165
-0.002021
-0.003021
-0.003528
-0.003625
-0.003720
-0.003881
-0.003882
-0.003371
-0.002470
-0.001979
-0.002076
-0.001796
-0.000757
0.000151
0.000449
0.000687
0.001142
0.001447
0.001591
0.002063
0.002844
0.003305
0.003230
0.002990
0.002690
0.002054
0.001113
0.000242
-0.000419
-0.001041
-0.001709
-0.002234
-0.002349
-0.002037
-0.001609
-0.001337
-0.001187
-0.001104
-0.001270
-0.001817
-0.002493
-0.002795
-0.002416
-0.001673
-0.001153
-0.000727
0.000189
0.001329
0.002116
0.003067
0.004633
0.005741
0.005585
0.005212
0.005455
0.005407
0.004349
0.002915
0.001629
0.000236
-0.001296
-0.002547
-0.003448
-0.004354
-0.005293
-0.005857
-0.005854
-0.005555
-0.005256
-0.004950
-0.004379
-0.003278
-0.001850
-0.000704
0.000150
0.001314
0.002571
0.003105
0.003245
0.003806
0.004139
0.003442
0.002826
0.003324
0.003719
0.002858
0.001824
0.001735
0.001844
0.001295
0.000476
-0.000173
-0.000883
-0.001735
-0.002372
-0.002584
-0.002562
-0.002652
-0.002912
-0.002810
-0.002016
-0.001269
-0.001274
-0.001422
-0.000916
-0.000170
0.000102
0.000110
0.000310
0.000536
0.000590
0.000747
0.001174
0.001598
0.001822
0.001993
0.002215
0.002307
0.002000
0.001263
0.000429
-0.000194
-0.000731
-0.001360
-0.001867
-0.002029
-0.001977
-0.001846
-0.001472
-0.000815
-0.000282
-0.000142
-0.000193
-0.000435
-0.001132
-0.001918
-0.002016
-0.001530
-0.001250
-0.001109
-0.000294
0.001031
0.001895
0.002458
0.003611
0.004832
0.004901
0.004187
0.003895
0.003853
0.003123
0.001845
0.000738
-0.000137
-0.000982
-0.001750
-0.002457
-0.003122
-0.003630
-0.003989
-0.004169
-0.003979
-0.003562
-0.003299
-0.003059
-0.002417
-0.001531
-0.000909
-0.000496
0.000199
0.001168
0.001764
0.001822
0.002158
0.003174
0.003891
0.003537
0.002909
0.002772
0.002475
0.001500
0.000627
0.000367
0.000047
-0.000674
-0.001096
-0.000854
-0.000545
-0.000670
-0.000949
-0.000896
-0.000679
-0.000948
-0.001691
-0.002122
-0.001997
-0.001865
-0.001829
-0.001377
-0.000533
0.000077
0.000233
0.000299
0.000611
0.001064
0.001258
0.001121
0.001037
0.001140
0.001158
0.001050
0.001043
0.001117
0.001022
0.000697
0.000294
-0.000151
-0.000780
-0.001518
-0.001954
-0.001940
-0.001792
-0.001612
-0.001103
-0.000307
0.000279
0.000392
0.000111
-0.000391
-0.000774
-0.000808
-0.000749
-0.000808
-0.000712
-0.000321
0.000190
0.001001
0.002303
0.003455
0.003792
0.003758
0.004052
0.004305
0.003688
0.002276
0.000854
-0.000271
-0.001366
-0.002398
-0.002973
-0.003109
-0.003228
-0.003391
-0.003298
-0.002896
-0.002407
-0.001997
-0.001667
-0.001308
-0.000958
-0.000810
-0.000735
-0.000345
0.000245
0.000568
0.000786
0.001502
0.002592
0.003238
0.003191
0.003037
0.003014
0.002571
0.001478
0.000388
-0.000225
-0.000668
-0.001129
-0.001221
-0.000835
-0.000501
-0.000523
-0.000558
-0.000371
-0.000307
-0.000664
-0.001146
-0.001315
-0.001240
-0.001269
-0.001352
-0.001162
-0.000756
-0.000464
-0.000238
0.000196
0.000722
0.001040
0.001165
0.001264
0.001282
0.000999
0.000437
0.000013
0.000023
0.000223
0.000327
0.000452
0.000658
0.000658
0.000256
-0.000404
-0.001088
-0.001633
-0.001843
-0.001559
-0.000928
-0.000338
-0.000006
0.000178
0.000302
0.000188
-0.000200
-0.000426
-0.000243
-0.000132
-0.000442
-0.000684
-0.000458
-0.000055
0.000434
0.001285
0.002215
0.002670
0.002797
0.002994
0.003048
0.002584
0.001724
0.000799
-0.000045
-0.000763
-0.001300
-0.001672
-0.001971
-0.002218
-0.002303
-0.002136
-0.001867
-0.001756
-0.001794
-0.001764
-0.001578
-0.001307
-0.001027
-0.000719
-0.000221
0.000563
0.001350
0.001702
0.001658
0.001696
0.001918
0.001870
0.001384
0.000811
0.000324
-0.000139
-0.000376
-0.000266
-0.000171
-0.000276
-0.000179
0.000314
0.000813
0.001018
0.000994
0.000755
0.000234
-0.000459
-0.001103
-0.001540
-0.001717
-0.001702
-0.001558
-0.001186
-0.000494
0.000306
0.000899
0.001230
0.001283
0.000911
0.000225
-0.000353
-0.000629
-0.000735
-0.000732
-0.000562
-0.000236
0.000196
0.000616
0.000784
0.000623
0.000322
-0.000065
-0.000599
-0.001043
-0.001093
-0.000869
-0.000624
-0.000270
0.000342
0.000985
0.001358
0.001499
0.001457
0.001043
0.000262
-0.000564
-0.001214
-0.001638
-0.001729
-0.001389
-0.000747
-0.000067
0.000564
0.001229
0.001835
0.002103
0.001958
0.001574
0.001032
0.000401
-0.000055
-0.000189
-0.000150
-0.000065
0.000058
0.000136
0.000076
-0.000099
-0.000352
-0.000676
-0.001029
-0.001360
-0.001640
-0.001824
-0.001838
-0.001677
-0.001348
-0.000705
0.000266
0.001077
0.001271
0.001172
0.001293
0.001304
0.000671
-0.000155
-0.000437
-0.000370
-0.000428
-0.000409
-0.000045
0.000401
0.000665
0.000813
0.000935
0.000977
0.000805
0.000390
0.000008
-0.000093
-0.000125
-0.000307
-0.000439
-0.000413
-0.000439
-0.000534
-0.000525
-0.000461
-0.000447
-0.000356
-0.000159
-0.000109
-0.000357
-0.000748
-0.001027
-0.001082
-0.000923
-0.000501
0.000230
0.001039
0.001535
0.001620
0.001461
0.001124
0.000547
-0.000191
-0.000768
-0.000898
-0.000657
-0.000353
-0.000134
0.000081
0.000365
0.000616
0.000646
0.000416
0.000086
-0.000214
-0.000483
-0.000740
-0.000936
-0.000973
-0.000773
-0.000404
-0.000055
0.000228
0.000562
0.000886
0.000982
0.000906
0.000908
0.000941
0.000822
0.000672
0.000682
0.000737
0.000622
0.000300
-0.000039
-0.000140
-0.000015
0.000013
-0.000236
-0.000603
-0.000936
-0.001260
-0.001490
-0.001459
-0.001326
-0.001316
-0.001176
-0.000622
0.000048
0.000413
0.000500
0.000533
0.000520
0.000391
0.000256
0.000224
0.000193
0.000030
-0.000195
-0.000300
-0.000212
0.000014
0.000355
0.000761
0.000993
0.000872
0.000587
0.000458
0.000492
0.000464
0.000369
0.000367
0.000353
0.000098
-0.000269
-0.000476
-0.000558
-0.000618
-0.000529
-0.000251
-0.000061
-0.000158
-0.000338
-0.000377
-0.000375
-0.000468
-0.000599
-0.000729
-0.000870
-0.000893
-0.000659
-0.000289
0.000028
0.000302
0.000576
0.000761
0.000800
0.000729
0.000564
0.000373
0.000278
0.000231
0.000109
0.000025
0.000199
0.000511
0.000599
0.000452
0.000388
0.000423
0.000301
0.000031
-0.000173
-0.000275
-0.000373
-0.000464
-0.000479
-0.000481
-0.000585
-0.000728
-0.000756
-0.000597
-0.000272
0.000055
0.000200
0.000253
0.000397
0.000563
0.000642
0.000696
0.000726
0.000591
0.000288
-0.000012
-0.000213
-0.000307
-0.000271
-0.000164
-0.000039
0.000206
0.000482
0.000408
-0.000050
-0.000382
-0.000287
-0.000063
-0.000038
-0.000166
-0.000332
-0.000505
-0.000596
-0.000577
-0.000573
-0.000591
-0.000495
-0.000296
-0.000117
0.000028
0.000165
0.000282
0.000386
0.000460
0.000469
0.000469
0.000530
0.000592
0.000601
0.000572
0.000429
0.000112
-0.000179
-0.000188
-0.000004
0.000078
-0.000009
-0.000115
-0.000171
-0.000184
-0.000103
0.000025
-0.000034
-0.000339
-0.000584
-0.000588
-0.000558
-0.000664
-0.000803
-0.000842
-0.000758
-0.000561
-0.000259
0.000133
0.000552
0.000863
0.000976
0.000912
0.000723
0.000479
0.000260
0.000089
-0.000060
-0.000203
-0.000280
-0.000183
0.000050
0.000197
0.000123
-0.000033
-0.000075
0.000007
0.000110
0.000157
0.000115
0.000063
0.000117
0.000230
0.000311
0.000395
0.000462
0.000368
0.000099
-0.000164
-0.000281
-0.000297
-0.000343
-0.000410
-0.000352
-0.000201
-0.000150
-0.000178
-0.000160
-0.000165
-0.000256
-0.000275
-0.000163
-0.000122
-0.000223
-0.000247
-0.000113
-0.000034
-0.000078
-0.000043
0.000128
0.000277
0.000367
0.000497
0.000579
0.000441
0.000217
0.000190
0.000349
0.000485
0.000520
0.000477
0.000349
0.000140
-0.000083
-0.000266
-0.000405
-0.000523
-0.000638
-0.000713
-0.000706
-0.000665
-0.000673
-0.000678
-0.000517
-0.000180
0.000109
0.000177
0.000094
0.000041
0.000126
0.000327
0.000508
0.000572
0.000595
0.000668
0.000722
0.000648
0.000436
0.000167
-0.000054
-0.000146
-0.000173
-0.000301
-0.000547
-0.000752
-0.000830
-0.000800
-0.000626
-0.000290
0.000075
0.000326
0.000433
0.000450
0.000436
0.000392
0.000270
0.000087
-0.000057
-0.000141
-0.000204
-0.000202
-0.000109
-0.000037
-0.000047
-0.000045
0.000100
0.000396
0.000642
0.000604
0.000337
0.000112
0.000011
-0.000096
-0.000260
-0.000413
-0.000506
-0.000506
-0.000406
-0.000250
-0.000069
0.000108
0.000195
0.000155
0.000151
0.000291
0.000397
0.000349
0.000272
0.000223
0.000095
-0.000115
-0.000249
-0.000239
-0.000214
-0.000278
-0.000319
-0.000233
-0.000145
-0.000149
-0.000087
0.000132
0.000326
0.000347
0.000236
0.000023
-0.000268
-0.000474
-0.000455
-0.000264
-0.000028
0.000169
0.000282
0.000338
0.000379
0.000373
0.000280
0.000156
0.000082
0.000052
0.000001
-0.000088
-0.000158
-0.000130
-0.000018
0.000014
-0.000132
-0.000325
-0.000401
-0.000400
-0.000417
-0.000363
-0.000133
0.000102
0.000134
0.000055
0.000019
0.000001
-0.000021
0.000040
0.000200
0.000356
0.000418
0.000395
0.000321
0.000240
0.000247
0.000296
0.000181
-0.000059
-0.000126
0.000049
0.000198
0.000141
-0.000022
-0.000174
-0.000314
-0.000394
-0.000314
-0.000136
-0.000046
-0.000084
-0.000147
-0.000188
-0.000232
-0.000280
-0.000276
-0.000180
-0.000035
0.000096
0.000191
0.000192
0.000070
-0.000033
0.000061
0.000285
0.000385
0.000252
-0.000022
-0.000325
-0.000495
-0.000344
0.000043
0.000352
0.000439
0.000373
0.000252
0.000164
0.000161
0.000194
0.000181
0.000047
-0.000232
-0.000491
-0.000527
-0.000418
-0.000348
-0.000275
-0.000111
0.000025
0.000054
0.000115
0.000251
0.000304
0.000237
0.000230
0.000335
0.000361
0.000212
0.000015
-0.000136
-0.000217
-0.000212
-0.000162
-0.000122
-0.000090
-0.000059
-0.000053
-0.000090
-0.000099
0.000020
0.000178
0.000130
-0.000151
-0.000370
-0.000353
-0.000272
-0.000289
-0.000288
-0.000065
0.000334
0.000598
0.000575
0.000429
0.000291
0.000127
-0.000028
-0.000078
-0.000035
0.000051
0.000136
0.000146
0.000069
-0.000001
-0.000017
-0.000028
-0.000108
-0.000288
-0.000507
-0.000599
-0.000450
-0.000170
0.000002
0.000027
0.000095
0.000250
0.000323
0.000287
0.000284
0.000311
0.000228
0.000031
-0.000125
-0.000160
-0.000157
-0.000146
-0.000015
0.000225
0.000375
0.000347
0.000220
0.000045
-0.000160
-0.000369
-0.000546
-0.000619
-0.000505
-0.000217
0.000125
0.000366
0.000384
0.000227
0.000117
0.000129
0.000054
-0.000170
-0.000291
-0.000238
-0.000239
-0.000328
-0.000247
0.000063
0.000332
0.000366
0.000254
0.000128
0.000026
-0.000047
-0.000095
-0.000081
0.000017
0.000085
0.000123
0.000303
0.000526
0.000486
0.000234
0.000029
-0.000124
-0.000263
-0.000246
-0.000106
-0.000065
-0.000131
-0.000139
-0.000080
-0.000072
-0.000162
-0.000290
-0.000359
-0.000309
-0.000178
-0.000053
0.000021
0.000064
0.000121
0.000197
0.000259
0.000260
0.000200
0.000145
0.000114
0.000041
-0.000072
-0.000103
-0.000008
0.000064
0.000001
-0.000038
0.000070
0.000101
-0.000106
-0.000294
-0.000189
0.000082
0.000224
0.000104
-0.000173
-0.000328
-0.000177
0.000149
0.000367
0.000369
0.000257
0.000119
-0.000050
-0.000235
-0.000310
-0.000207
-0.000055
0.000046
0.000148
0.000251
0.000263
0.000164
0.000049
0.000008
0.000027
0.000027
-0.000074
-0.000309
-0.000563
-0.000617
-0.000374
-0.000033
0.000130
0.000088
0.000002
-0.000030
-0.000043
-0.000069
-0.000047
0.000023
0.000027
-0.000032
-0.000003
0.000158
0.000313
0.000387
0.000482
0.000613
0.000568
0.000277
0.000005
-0.000093
-0.000126
-0.000114
-0.000003
0.000097
0.000060
-0.000076
-0.000229
-0.000403
-0.000578
-0.000667
-0.000653
-0.000561
-0.000365
-0.000092
0.000117
0.000186
0.000173
0.000153
0.000172
0.000229
0.000259
0.000225
0.000195
0.000193
0.000141
0.000038
0.000007
0.000117
0.000283
0.000369
0.000335
0.000219
0.000078
-0.000027
-0.000112
-0.000218
-0.000274
-0.000256
-0.000265
-0.000283
-0.000223
-0.000170
-0.000211
-0.000250
-0.000204
-0.000131
-0.000057
0.000063
0.000205
0.000296
0.000331
0.000341
0.000321
0.000262
0.000215
0.000243
0.000264
0.000140
-0.000068
-0.000200
-0.000235
-0.000208
-0.000114
-0.000016
0.000015
0.000013
0.000001
-0.000055
-0.000135
-0.000167
-0.000139
-0.000106
-0.000138
-0.000286
-0.000488
-0.000527
-0.000308
-0.000041
0.000064
0.000030
-0.000021
-0.000005
0.000069
0.000138
0.000213
0.000348
0.000484
0.000488
0.000412
0.000413
0.000434
0.000315
0.000102
-0.000076
-0.000171
-0.000125
0.000007
0.000015
-0.000134
-0.000251
-0.000260
-0.000230
-0.000189
-0.000170
-0.000240
-0.000324
-0.000291
-0.000198
-0.000151
-0.000124
-0.000082
-0.000029
0.000025
0.000065
0.000136
0.000280
0.000374
0.000301
0.000159
0.000075
0.000037
0.000024
0.000045
0.000100
0.000169
0.000171
0.000072
-0.000012
-0.000008
0.000000
-0.000030
-0.000029
-0.000008
-0.000037
-0.000089
-0.000120
-0.000159
-0.000200
-0.000191
-0.000102
0.000037
0.000137
0.000128
0.000051
-0.000026
-0.000106
-0.000186
-0.000198
-0.000090
0.000041
0.000035
-0.000066
-0.000068
0.000097
0.000317
0.000410
0.000319
0.000125
-0.000100
-0.000231
-0.000163
-0.000045
-0.000074
-0.000193
-0.000220
-0.000132
-0.000070
-0.000082
-0.000057
0.000005
-0.000014
-0.000053
0.000052
0.000220
0.000216
0.000049
-0.000029
0.000040
0.000061
0.000008
0.000073
0.000243
0.000279
0.000172
0.000151
0.000251
0.000242
0.000003
-0.000243
-0.000238
-0.000072
-0.000003
-0.000075
-0.000175
-0.000275
-0.000365
-0.000353
-0.000186
0.000038
0.000163
0.000119
-0.000013
-0.000106
-0.000156
-0.000201
-0.000185
-0.000098
-0.000022
0.000048
0.000184
0.000328
0.000361
0.000312
0.000252
0.000156
0.000039
-0.000028
-0.000050
-0.000067
-0.000071
-0.000035
0.000055
0.000158
0.000125
-0.000103
-0.000340
-0.000378
-0.000226
-0.000019
0.000140
0.000256
0.000367
0.000401
0.000249
-0.000012
-0.000179
-0.000180
-0.000111
-0.000067
-0.000080
-0.000167
-0.000304
-0.000374
-0.000294
-0.000137
0.000029
0.000241
0.000409
0.000366
0.000226
0.000202
0.000192
0.000014
-0.000206
-0.000266
-0.000227
-0.000247
-0.000293
-0.000230
-0.000081
0.000023
0.000102
0.000256
0.000376
0.000266
-0.000004
-0.000183
-0.000157
-0.000013
0.000112
0.000111
-0.000044
-0.000228
-0.000265
-0.000140
0.000029
0.000183
0.000328
0.000409
0.000344
0.000176
0.000061
0.000057
0.000062
-0.000004
-0.000101
-0.000199
-0.000290
-0.000317
-0.000267
-0.000226
-0.000233
-0.000181
0.000002
0.000158
0.000105
-0.000064
-0.000172
-0.000273
-0.000420
-0.000396
-0.000030
0.000430
0.000609
0.000470
0.000229
0.000082
0.000091
0.000153
0.000135
0.000097
0.000161
0.000236
0.000204
0.000131
0.000094
0.000059
0.000008
-0.000021
-0.000037
-0.000101
-0.000218
-0.000303
-0.000313
-0.000300
-0.000275
-0.000189
-0.000103
-0.000113
-0.000162
-0.000157
-0.000146
-0.000144
-0.000032
0.000179
0.000288
0.000217
0.000095
0.000033
0.000063
0.000206
0.000411
0.000543
0.000524
0.000410
0.000274
0.000101
-0.000122
-0.000305
-0.000396
-0.000435
-0.000417
-0.000318
-0.000210
-0.000197
-0.000283
-0.000338
-0.000254
-0.000133
-0.000105
-0.000070
0.000102
0.000280
0.000295
0.000214
0.000167
0.000142
0.000096
0.000059
0.000099
0.000207
0.000299
0.000273
0.000068
-0.000188
-0.000215
-0.000000
0.000123
0.000013
-0.000099
-0.000078
-0.000061
-0.000128
-0.000210
-0.000233
-0.000164
-0.000074
-0.000083
-0.000148
-0.000131
0.000009
0.000183
0.000276
0.000273
0.000253
0.000225
0.000108
-0.000058
-0.000101
0.000005
0.000138
0.000224
0.000242
0.000162
0.000043
-0.000005
0.000019
0.000023
-0.000084
-0.000291
-0.000436
-0.000379
-0.000231
-0.000195
-0.000246
-0.000254
-0.000286
-0.000395
-0.000400
-0.000185
0.000119
0.000361
0.000486
0.000476
0.000411
0.000395
0.000379
0.000272
0.000113
0.000025
0.000076
0.000187
0.000242
0.000272
0.000317
0.000261
0.000049
-0.000180
-0.000337
-0.000447
-0.000460
-0.000337
-0.000227
-0.000241
-0.000277
-0.000227
-0.000137
-0.000104
-0.000148
-0.000214
-0.000237
-0.000152
0.000064
0.000286
0.000311
0.000162
0.000068
0.000075
0.000025
-0.000073
-0.000022
0.000201
0.000347
0.000246
0.000051
0.000002
0.000081
0.000093
-0.000014
-0.000089
-0.000030
0.000076
0.000066
-0.000098
-0.000191
-0.000039
0.000120
0.000054
-0.000047
0.000017
0.000115
0.000085
-0.000015
-0.000062
-0.000057
-0.000044
-0.000010
0.000002
-0.000105
-0.000267
-0.000302
-0.000178
-0.000025
0.000065
0.000136
0.000247
0.000334
0.000303
0.000169
0.000021
-0.000101
-0.000224
-0.000299
-0.000231
-0.000073
0.000055
0.000162
0.000241
0.000189
-0.000007
-0.000212
-0.000309
-0.000288
-0.000201
-0.000055
0.000154
0.000297
0.000237
0.000073
-0.000012
0.000001
0.000068
0.000179
0.000253
0.000180
-0.000015
-0.000180
-0.000202
-0.000107
-0.000004
0.000045
0.000077
0.000096
0.000029
-0.000074
-0.000072
-0.000027
-0.000102
-0.000227
-0.000226
-0.000141
-0.000118
-0.000143
-0.000150
-0.000143
-0.000113
-0.000034
0.000075
0.000171
0.000219
0.000264
0.000380
0.000507
0.000511
0.000377
0.000173
-0.000058
-0.000261
-0.000332
-0.000235
-0.000078
-0.000027
-0.000157
-0.000351
-0.000388
-0.000219
-0.000034
0.000019
-0.000006
-0.000021
-0.000031
-0.000033
-0.000011
-0.000024
-0.000083
-0.000088
-0.000007
0.000112
0.000249
0.000334
0.000280
0.000186
0.000223
0.000293
0.000163
-0.000096
-0.000213
-0.000153
-0.000085
-0.000061
-0.000042
-0.000054
-0.000111
-0.000133
-0.000071
-0.000018
-0.000068
-0.000094
0.000078
0.000293
0.000266
0.000052
-0.000076
-0.000055
-0.000018
-0.000083
-0.000250
-0.000368
-0.000302
-0.000145
-0.000043
0.000032
0.000100
0.000087
0.000049
0.000126
0.000275
0.000337
0.000309
0.000290
0.000290
0.000241
0.000177
0.000204
0.000218
0.000029
-0.000256
-0.000430
-0.000505
-0.000538
-0.000487
-0.000349
-0.000216
-0.000144
-0.000089
-0.000035
-0.000069
-0.000172
-0.000139
0.000067
0.000212
0.000199
0.000186
0.000266
0.000351
0.000350
0.000258
0.000102
-0.000073
-0.000135
0.000005
0.000187
0.000231
0.000211
0.000227
0.000169
-0.000046
-0.000236
-0.000256
-0.000245
-0.000329
-0.000403
-0.000382
-0.000313
-0.000202
-0.000040
0.000075
0.000086
0.000080
0.000126
0.000179
0.000219
0.000270
0.000304
0.000298
0.000280
0.000251
0.000169
0.000032
-0.000106
-0.000186
-0.000176
-0.000078
0.000020
0.000011
-0.000060
-0.000067
-0.000012
0.000052
0.000103
0.000055
-0.000141
-0.000348
-0.000450
-0.000494
-0.000514
-0.000443
-0.000271
-0.000093
0.000067
0.000239
0.000325
0.000236
0.000127
0.000199
0.000412
0.000545
0.000506
0.000429
0.000396
0.000276
0.000023
-0.000148
-0.000154
-0.000180
-0.000235
-0.000136
0.000031
0.000038
-0.000074
-0.000150
-0.000197
-0.000244
-0.000256
-0.000256
-0.000274
-0.000258
-0.000191
-0.000174
-0.000241
-0.000235
-0.000043
0.000176
0.000193
0.000058
0.000044
0.000243
0.000430
0.000414
0.000280
0.000193
0.000156
0.000054
-0.000143
-0.000297
-0.000246
0.000002
0.000237
0.000256
0.000106
0.000027
0.000105
0.000168
0.000063
-0.000124
-0.000195
-0.000124
-0.000031
0.000028
0.000049
0.000020
-0.000071
