4640
0.000197
0.000323
0.000377
0.000273
0.000071
-0.000089
-0.000181
-0.000253
-0.000270
-0.000182
-0.000061
0.000018
0.000068
0.000070
-0.000009
-0.000086
-0.000084
-0.000050
-0.000075
-0.000151
-0.000142
0.000053
0.000271
0.000216
-0.000083
-0.000276
-0.000214
-0.000091
-0.000048
-0.000021
0.000049
0.000118
0.000171
0.000254
0.000345
0.000349
0.000250
0.000128
0.000026
-0.000083
-0.000209
-0.000298
-0.000289
-0.000216
-0.000141
-0.000065
-0.000017
-0.000054
-0.000153
-0.000239
-0.000224
-0.000078
0.000092
0.000186
0.000234
0.000257
0.000211
0.000110
0.000047
0.000066
0.000103
0.000072
0.000010
0.000023
0.000089
0.000091
0.000001
-0.000095
-0.000112
-0.000039
0.000051
0.000069
0.000046
0.000065
0.000074
-0.000026
-0.000164
-0.000201
-0.000152
-0.000156
-0.000280
-0.000419
-0.000393
-0.000167
0.000065
0.000128
0.000140
0.000309
0.000544
0.000554
0.000289
-0.000016
-0.000165
-0.000162
-0.000074
0.000076
0.000241
0.000310
0.000196
-0.000065
-0.000326
-0.000483
-0.000537
-0.000486
-0.000329
-0.000125
0.000039
0.000120
0.000153
0.000182
0.000178
0.000112
0.000048
0.000028
-0.000017
-0.000093
-0.000082
0.000058
0.000238
0.000357
0.000349
0.000242
0.000133
0.000046
-0.000022
-0.000023
0.000025
0.000033
-0.000012
-0.000079
-0.000186
-0.000292
-0.000292
-0.000214
-0.000173
-0.000144
-0.000013
0.000210
0.000389
0.000392
0.000205
-0.000045
-0.000194
-0.000179
-0.000075
-0.000010
-0.000050
-0.000146
-0.000196
-0.000157
-0.000073
-0.000020
-0.000049
-0.000112
-0.000054
0.000155
0.000312
0.000263
0.000099
-0.000070
-0.000180
-0.000125
0.000069
0.000179
0.000131
0.000075
0.000064
-0.000000
-0.000123
-0.000170
-0.000063
0.000099
0.000163
0.000122
0.000074
0.000025
-0.000062
-0.000116
-0.000106
-0.000119
-0.000112
0.000035
0.000208
0.000213
0.000066
-0.000093
-0.000162
-0.000139
-0.000135
-0.000212
-0.000251
-0.000171
-0.000103
-0.000152
-0.000166
-0.000020
0.000127
0.000116
0.000054
0.000097
0.000208
0.000259
0.000259
0.000303
0.000362
0.000349
0.000281
0.000206
0.000151
0.000128
0.000076
-0.000080
-0.000257
-0.000346
-0.000409
-0.000496
-0.000474
-0.000260
-0.000004
0.000112
0.000099
0.000032
-0.000091
-0.000214
-0.000236
-0.000171
-0.000040
0.000148
0.000268
0.000236
0.000150
0.000094
0.000043
0.000013
0.000071
0.000189
0.000258
0.000226
0.000110
0.000008
0.000023
0.000062
-0.000032
-0.000163
-0.000157
-0.000086
-0.000090
-0.000124
-0.000128
-0.000154
-0.000217
-0.000237
-0.000142
0.000012
0.000065
-0.000041
-0.000166
-0.000176
-0.000109
-0.000051
-0.000003
0.000088
0.000245
0.000417
0.000462
0.000310
0.000095
-0.000025
-0.000029
0.000038
0.000116
0.000170
0.000211
0.000213
0.000066
-0.000214
-0.000388
-0.000288
-0.000059
0.000050
0.000000
-0.000080
-0.000123
-0.000146
-0.000167
-0.000167
-0.000102
0.000023
0.000115
0.000122
0.000110
0.000120
0.000101
0.000043
-0.000013
-0.000052
-0.000067
-0.000016
0.000074
0.000054
-0.000092
-0.000198
-0.000188
-0.000150
-0.000141
-0.000086
0.000089
0.000251
0.000220
0.000062
-0.000034
-0.000032
0.000003
0.000009
-0.000041
-0.000075
-0.000020
0.000036
-0.000001
-0.000031
0.000050
0.000122
0.000071
0.000025
0.000119
0.000240
0.000247
0.000172
0.000103
0.000013
-0.000157
-0.000314
-0.000300
-0.000164
-0.000048
0.000066
0.000192
0.000214
0.000151
0.000128
0.000126
0.000077
-0.000028
-0.000176
-0.000272
-0.000252
-0.000216
-0.000221
-0.000149
0.000024
0.000108
-0.000004
-0.000167
-0.000237
-0.000241
-0.000229
-0.000160
-0.000024
0.000104
0.000175
0.000200
0.000189
0.000176
0.000235
0.000352
0.000374
0.000235
0.000076
0.000012
0.000053
0.000118
-0.000009
-0.000262
-0.000224
0.000044
0.000059
-0.000076
0.000072
0.000261
0.000033
-0.000325
-0.000352
-0.000260
-0.000311
-0.000251
0.000032
0.000212
0.000155
0.000060
-0.000002
-0.000096
-0.000145
-0.000050
0.000106
0.000181
0.000158
0.000133
0.000154
0.000128
-0.000020
-0.000148
-0.000094
0.000077
0.000198
0.000203
0.000095
-0.000056
-0.000106
-0.000048
-0.000025
-0.000088
-0.000153
-0.000158
-0.000138
-0.000160
-0.000193
-0.000162
-0.000101
-0.000078
-0.000039
0.000051
0.000074
0.000023
0.000069
0.000204
0.000251
0.000219
0.000226
0.000254
0.000231
0.000154
-0.000008
-0.000252
-0.000392
-0.000288
-0.000080
0.000022
-0.000026
-0.000107
-0.000074
0.000094
0.000258
0.000235
-0.000006
-0.000225
-0.000173
0.000068
0.000208
0.000111
-0.000107
-0.000234
-0.000171
-0.000029
0.000047
0.000073
0.000086
0.000006
-0.000134
-0.000100
0.000146
0.000308
0.000224
0.000072
0.000004
-0.000041
-0.000144
-0.000235
-0.000198
-0.000075
-0.000026
-0.000072
-0.000058
0.000050
0.000079
-0.000030
-0.000074
0.000066
0.000227
0.000213
0.000018
-0.000188
-0.000213
-0.000047
0.000136
0.000175
0.000073
-0.000024
-0.000005
0.000044
0.000002
-0.000030
0.000087
0.000232
0.000225
0.000120
0.000056
0.000008
-0.000096
-0.000200
-0.000225
-0.000164
-0.000036
0.000063
-0.000000
-0.000188
-0.000355
-0.000409
-0.000319
-0.000148
-0.000007
0.000080
0.000141
0.000158
0.000136
0.000165
0.000291
0.000395
0.000380
0.000332
0.000321
0.000258
0.000092
-0.000104
-0.000280
-0.000414
-0.000407
-0.000248
-0.000130
-0.000166
-0.000186
-0.000046
0.000090
0.000028
-0.000103
-0.000083
0.000052
0.000123
0.000111
0.000099
0.000075
0.000030
0.000061
0.000172
0.000221
0.000175
0.000156
0.000203
0.000184
0.000024
-0.000273
-0.000729
-0.000881
-0.000115
0.000692
0.000133
-0.001006
-0.001013
-0.000016
0.000930
0.001193
0.000300
-0.001094
-0.000902
0.001063
0.001798
0.000096
-0.000958
0.000476
0.001637
0.000396
-0.001033
-0.000512
0.000318
-0.000384
-0.001276
-0.000740
0.000141
-0.000075
-0.000536
0.000002
0.000696
0.000286
-0.000482
-0.000328
0.000223
0.000040
-0.000453
-0.000223
0.000400
0.000480
0.000105
-0.000052
0.000182
0.000480
0.000822
0.001328
0.001064
-0.000581
-0.001751
-0.000778
0.000512
-0.000075
-0.000972
-0.000109
0.000840
-0.000012
-0.000910
-0.000077
0.000831
-0.000092
-0.001501
-0.001022
0.000736
0.001087
-0.000097
-0.000149
0.001227
0.001210
-0.000592
-0.001176
0.000323
0.001213
0.000200
-0.000917
-0.000966
-0.000736
-0.000543
0.000136
0.000802
0.000587
-0.000052
-0.000275
-0.000171
-0.000198
-0.000358
-0.000155
0.000719
0.001270
0.000214
-0.001025
-0.000098
0.001033
-0.000574
-0.001685
0.001435
0.004123
0.000832
-0.003815
-0.002426
0.002119
0.001926
-0.002124
-0.002460
0.001391
0.001759
-0.002399
-0.002617
0.002483
0.003613
-0.001501
-0.003614
0.000285
0.001854
-0.000954
-0.000329
0.003146
0.000889
-0.003987
-0.001858
0.002937
0.001434
-0.001511
0.000828
0.003110
0.000208
-0.002809
-0.001221
0.001117
0.000136
-0.001156
0.000412
0.001824
-0.000156
-0.002522
-0.000978
0.001763
0.000477
-0.002145
-0.000706
0.001776
0.000421
-0.001078
0.000713
0.001122
-0.000995
-0.000412
0.002189
0.001770
-0.000763
-0.001149
0.000223
-0.000048
-0.001400
-0.000713
0.000756
0.000378
0.000156
0.001238
0.000638
-0.001406
-0.001254
0.000416
0.000676
0.000460
0.000588
-0.000638
-0.002015
-0.001066
0.000753
0.001006
-0.000352
-0.001905
-0.001597
0.000785
0.001813
0.000068
-0.000302
0.001635
0.000871
-0.001606
0.000130
0.002965
0.000725
-0.002295
-0.000199
0.002972
0.001194
-0.003041
-0.003047
0.001398
0.003223
-0.001123
-0.005013
-0.001914
0.003342
0.002700
-0.001477
-0.001506
0.001334
0.000505
-0.001447
0.000993
0.002556
-0.001067
-0.002675
0.000187
0.000600
-0.001113
0.000761
0.002581
-0.000366
-0.001680
0.001886
0.002300
-0.002071
-0.002745
0.001305
0.002140
-0.001497
-0.002742
-0.000001
0.001212
-0.000575
-0.000782
0.001733
0.002771
0.000891
-0.001272
-0.002024
-0.000791
0.001652
0.001854
-0.001080
-0.002879
-0.001081
0.001452
0.001372
-0.000395
-0.000564
0.000207
-0.000712
-0.001262
0.000770
0.001912
0.000114
-0.000504
0.001206
0.001107
-0.000610
-0.000741
-0.000039
-0.000019
-0.000105
0.000289
0.000675
-0.000544
-0.002897
-0.002538
0.000725
0.001883
0.000328
0.000430
0.001893
0.000643
-0.002623
-0.002909
0.000709
0.003313
0.002462
0.000956
0.000139
-0.001698
-0.003584
-0.001528
0.003905
0.005559
-0.000477
-0.006374
-0.003007
0.003394
0.001712
-0.003387
-0.001802
0.002490
0.000884
-0.002881
-0.000797
0.003349
0.000908
-0.004163
-0.001653
0.005164
0.004843
-0.001570
-0.003475
0.000249
0.002053
0.000385
-0.000448
0.000097
-0.000207
-0.000243
0.000856
0.000550
-0.001215
-0.001865
-0.001232
-0.000223
0.000868
0.000789
-0.000823
-0.001653
-0.000231
0.002173
0.002641
-0.000959
-0.004830
-0.002667
0.002974
0.004061
0.001047
0.000270
0.001013
-0.001306
-0.003208
0.000697
0.004498
0.000992
-0.003273
-0.000644
0.002735
0.000351
-0.002384
-0.000532
0.001370
-0.000275
-0.001755
-0.000894
-0.000920
-0.002599
-0.002348
0.000860
0.003715
0.002934
-0.001437
-0.004839
-0.002505
0.002759
0.004383
0.003181
0.002833
0.000361
-0.004988
-0.005178
0.001507
0.004769
0.001201
-0.000852
0.000652
0.000042
-0.001523
-0.000059
0.000406
-0.002159
-0.001345
0.002629
0.001908
-0.002107
-0.002155
0.000594
0.001874
0.001607
-0.001008
-0.004434
-0.002087
0.004400
0.004917
-0.000201
-0.002411
-0.002546
-0.004118
-0.002054
0.004425
0.006118
0.000635
-0.003623
-0.002538
-0.000324
0.000035
0.000126
0.000994
0.001449
0.000819
-0.000207
-0.000515
-0.000154
-0.000088
0.000206
0.001525
0.002144
0.000211
-0.002493
-0.002555
0.000009
0.001558
0.000126
-0.002170
-0.002443
-0.000165
0.002606
0.003569
0.002131
-0.001130
-0.003507
-0.002281
0.000188
0.001008
0.001154
0.000429
-0.001135
0.000090
0.003199
0.001739
-0.003643
-0.004788
0.000115
0.003903
0.002413
-0.000686
-0.001630
-0.000536
0.001358
0.002644
0.001964
-0.001166
-0.005242
-0.005614
0.000006
0.005599
0.004958
0.000594
-0.002642
-0.003429
-0.001577
0.000578
-0.000108
-0.000640
0.002374
0.004252
0.001271
-0.002324
-0.003490
-0.003055
-0.000622
0.002600
0.003610
0.002758
0.000844
-0.002942
-0.005022
-0.001422
0.002952
0.002852
0.001706
0.001825
0.000262
-0.002140
-0.002511
-0.002219
-0.001426
0.001421
0.002924
0.000928
-0.000218
-0.000033
-0.002071
-0.003199
-0.000122
0.002083
0.000610
0.000035
0.001158
0.000226
-0.001904
-0.002116
-0.000207
0.002744
0.004257
0.001796
-0.001718
-0.001538
-0.000515
-0.002603
-0.002604
0.002641
0.005228
0.001287
-0.001985
-0.001617
-0.001586
-0.000930
0.001809
0.001668
-0.002014
-0.003484
-0.002288
-0.000927
0.001970
0.004504
0.001534
-0.003515
-0.002921
0.001108
0.001973
0.001130
0.001425
0.000498
-0.001468
-0.001349
0.000295
0.001563
0.002381
0.002054
0.000218
-0.000803
-0.000580
-0.001819
-0.003156
-0.000957
0.002227
0.001924
-0.000278
-0.000982
-0.000802
-0.001151
-0.001352
-0.000855
0.000376
0.001999
0.001928
-0.000532
-0.001873
-0.000515
0.000216
0.000035
0.001549
0.002233
-0.000621
-0.003258
-0.002133
0.000789
0.002315
0.001896
0.000971
0.000767
0.000169
-0.001911
-0.002829
-0.000425
0.002246
0.001834
-0.000082
-0.000696
-0.000427
-0.000804
-0.001096
0.000290
0.002173
0.001706
-0.001186
-0.003168
-0.001483
0.001829
0.002213
-0.000108
-0.000976
-0.000402
-0.001062
-0.001326
0.000800
0.002479
0.001340
-0.000489
-0.001010
-0.001338
-0.001857
-0.000527
0.002714
0.003970
0.001281
-0.001723
-0.002322
-0.002095
-0.001090
0.001848
0.003348
0.000631
-0.001970
-0.001170
-0.000464
-0.000949
0.000704
0.002833
0.001249
-0.001855
-0.002461
-0.001400
-0.000658
-0.000050
0.000783
0.001679
0.002236
0.001349
-0.000671
-0.001857
-0.002102
-0.001921
-0.000000
0.003363
0.004524
0.001324
-0.003459
-0.005261
-0.002946
0.000434
0.002265
0.002990
0.002986
0.001143
-0.002091
-0.003886
-0.002490
0.000372
0.001832
0.001779
0.001829
0.001568
-0.000136
-0.001979
-0.002044
-0.000569
0.001066
0.001670
0.000725
-0.000582
-0.000675
0.000125
0.000863
0.001242
0.000645
-0.000549
-0.000582
-0.000053
-0.001008
-0.001906
-0.000118
0.002192
0.001502
-0.000882
-0.002210
-0.002767
-0.002962
-0.001695
0.000854
0.002823
0.003212
0.002657
0.001634
-0.000383
-0.003103
-0.003956
-0.000891
0.003452
0.004554
0.002703
0.001206
0.000172
-0.001846
-0.003302
-0.001987
0.000262
0.000124
-0.001071
-0.000168
0.000957
-0.000527
-0.001832
0.000111
0.002610
0.002426
0.000970
0.000079
-0.001560
-0.004012
-0.003805
0.000035
0.003333
0.003242
0.001857
0.001325
0.000202
-0.002683
-0.004515
-0.002731
0.000486
0.002309
0.003137
0.002744
-0.000471
-0.004319
-0.004288
-0.000421
0.002916
0.003084
0.001249
-0.000363
-0.000643
0.000143
0.000686
0.000192
-0.000500
-0.000705
-0.000813
-0.000513
0.000553
0.001148
0.000994
0.001502
0.001825
0.000047
-0.002391
-0.003282
-0.003003
-0.001837
0.001053
0.004489
0.005425
0.002875
-0.001391
-0.005019
-0.005577
-0.002265
0.001574
0.002502
0.002138
0.002704
0.002233
-0.000524
-0.002722
-0.002367
-0.001038
-0.000360
0.000024
0.000533
0.000549
0.000063
0.000285
0.001272
0.001128
-0.000944
-0.002672
-0.001589
0.001097
0.002145
0.001159
0.000195
-0.000218
-0.000699
-0.000756
0.000106
0.001069
0.000970
-0.000146
-0.000603
0.000508
0.001083
-0.000646
-0.002408
-0.001405
0.001134
0.002325
0.001950
0.001215
-0.000120
-0.001772
-0.001605
0.000376
0.001139
-0.000520
-0.002584
-0.002803
-0.000739
0.001682
0.002338
0.001736
0.000962
-0.000661
-0.002641
-0.002534
-0.000529
0.000356
-0.000285
0.000048
0.001522
0.001770
0.000608
0.000091
0.000553
0.000468
-0.000392
-0.000617
0.000275
0.000919
-0.000005
-0.001691
-0.002040
-0.000582
0.001178
0.002165
0.002378
0.001705
0.000133
-0.001680
-0.002989
-0.002904
-0.000839
0.001614
0.002144
0.001099
0.000086
-0.000471
-0.000501
-0.000172
-0.000211
-0.000707
-0.001244
-0.001477
-0.000546
0.001703
0.003275
0.002424
0.000138
-0.001667
-0.002571
-0.002559
-0.000780
0.002190
0.003497
0.001859
-0.000461
-0.001228
-0.000889
-0.000440
0.000124
0.000673
0.000763
0.000084
-0.001262
-0.001893
-0.000631
0.000867
0.000547
-0.000521
-0.000734
-0.000630
-0.000480
0.000571
0.001839
0.001620
0.000485
0.000146
-0.000004
-0.001135
-0.001842
-0.000663
0.001010
0.001465
0.001214
0.001237
0.000892
-0.000806
-0.002887
-0.003176
-0.001209
0.001167
0.002369
0.002311
0.000898
-0.001580
-0.002884
-0.001514
0.000343
0.000276
-0.000505
-0.000041
0.000914
0.000969
0.000684
0.000978
0.001059
-0.000006
-0.001199
-0.001135
-0.000298
0.000087
0.000211
0.000998
0.001872
0.001239
-0.000812
-0.002195
-0.001717
-0.000507
0.000040
-0.000033
0.000184
0.001134
0.001999
0.001778
0.000676
-0.000848
-0.002602
-0.003142
-0.001202
0.001252
0.001643
0.000993
0.001184
0.001155
-0.000107
-0.000909
-0.000316
-0.000033
-0.000892
-0.001361
-0.000661
0.000180
0.000790
0.001655
0.002054
0.000874
-0.001076
-0.001984
-0.001509
-0.000704
-0.000259
-0.000001
0.000367
0.000771
0.000950
0.000858
0.000631
0.000230
-0.000492
-0.001318
-0.001631
-0.001088
-0.000063
0.000838
0.001404
0.001407
0.000448
-0.000796
-0.000909
-0.000128
0.000097
-0.000183
0.000085
0.000741
0.000886
0.000252
-0.000706
-0.001052
-0.000226
0.000967
0.001285
0.000651
-0.000173
-0.000649
-0.000599
-0.000243
-0.000176
-0.000462
-0.000298
0.000582
0.001044
0.000254
-0.001019
-0.001919
-0.002223
-0.001317
0.000723
0.002073
0.001679
0.000801
0.000649
0.000722
0.000190
-0.000723
-0.001300
-0.001213
-0.000308
0.001399
0.002937
0.002758
0.000647
-0.001576
-0.002151
-0.001567
-0.001364
-0.001491
-0.000859
0.000279
0.000780
0.000680
0.000881
0.001208
0.000627
-0.000684
-0.001541
-0.001604
-0.001189
-0.000310
0.000742
0.001200
0.000843
0.000233
-0.000063
-0.000000
0.000087
0.000114
0.000361
0.000578
0.000130
-0.000565
-0.000492
0.000287
0.001048
0.001338
0.000859
-0.000112
-0.000755
-0.000958
-0.001186
-0.001282
-0.000832
-0.000021
0.000807
0.001479
0.001585
0.000888
-0.000135
-0.001005
-0.001673
-0.001933
-0.001437
-0.000237
0.001221
0.002181
0.001875
0.000540
-0.000617
-0.001033
-0.001116
-0.000952
-0.000313
0.000387
0.000617
0.000743
0.001254
0.001513
0.000640
-0.000812
-0.001442
-0.001022
-0.000473
-0.000135
0.000293
0.000594
0.000422
0.000192
0.000227
-0.000029
-0.000695
-0.000700
0.000508
0.001786
0.001777
0.000600
-0.000596
-0.001112
-0.001013
-0.000464
0.000168
0.000229
-0.000252
-0.000547
-0.000497
-0.000556
-0.000638
-0.000244
0.000478
0.000875
0.000581
-0.000342
-0.001449
-0.002062
-0.001849
-0.000954
0.000401
0.001781
0.002391
0.001804
0.000443
-0.000973
-0.001918
-0.002039
-0.001223
0.000225
0.001726
0.002659
0.002504
0.001273
-0.000273
-0.001330
-0.001734
-0.001687
-0.001200
-0.000202
0.000948
0.001440
0.000811
-0.000449
-0.001517
-0.002198
-0.002569
-0.002199
-0.000792
0.000901
0.002067
0.002956
0.003730
0.003518
0.002122
0.000973
0.000989
0.001386
0.001455
0.001549
0.001760
0.001406
0.000389
-0.000430
-0.000644
-0.000870
-0.001519
-0.001998
-0.001714
-0.001092
-0.000856
-0.001009
-0.001254
-0.001623
-0.002028
-0.002074
-0.001741
-0.001486
-0.001554
-0.001696
-0.001541
-0.001087
-0.000774
-0.000790
-0.000673
-0.000238
-0.000052
-0.000197
0.000306
0.001933
0.003641
0.004269
0.003742
0.002563
0.001290
0.000453
0.000176
0.000102
0.000029
0.000274
0.001093
0.001904
0.001743
0.000562
-0.000726
-0.001438
-0.001787
-0.002510
-0.004123
-0.006299
-0.007658
-0.006602
-0.003074
0.000764
0.002498
0.002112
0.001522
0.001692
0.002014
0.002316
0.003033
0.003498
0.002894
0.002498
0.003967
0.006026
0.005870
0.003412
0.001227
0.000563
0.000435
0.000369
0.000820
0.001139
0.000195
-0.001266
-0.001565
-0.000978
-0.001391
-0.003257
-0.005030
-0.005530
-0.005086
-0.004399
-0.003883
-0.004003
-0.004726
-0.005018
-0.004329
-0.003471
-0.002783
-0.001465
0.000344
0.001605
0.002660
0.004307
0.005358
0.004611
0.003627
0.004072
0.004727
0.004243
0.003750
0.004155
0.004341
0.003790
0.003537
0.003685
0.003059
0.001537
0.000227
-0.000551
-0.001490
-0.002611
-0.003085
-0.002896
-0.003027
-0.003740
-0.004335
-0.004654
-0.005173
-0.005671
-0.005417
-0.004530
-0.003647
-0.002715
-0.001531
-0.000524
0.000130
0.000842
0.001379
0.000880
-0.000679
-0.002412
-0.003589
-0.003559
-0.001543
0.002170
0.005663
0.007098
0.006513
0.005381
0.004799
0.004693
0.004663
0.004710
0.004811
0.004822
0.005162
0.006196
0.006750
0.005165
0.001882
-0.001160
-0.003147
-0.004340
-0.004711
-0.004425
-0.004291
-0.004566
-0.004548
-0.004025
-0.004007
-0.005176
-0.006705
-0.007487
-0.007309
-0.006288
-0.004530
-0.002921
-0.002846
-0.003941
-0.003732
-0.001155
0.001464
0.002073
0.002200
0.003938
0.006318
0.007533
0.007919
0.008098
0.007236
0.005420
0.004688
0.005753
0.006456
0.005264
0.003676
0.003358
0.003492
0.002726
0.001447
0.000379
-0.001063
-0.003200
-0.004790
-0.005164
-0.005555
-0.006725
-0.007721
-0.007832
-0.007471
-0.007076
-0.006714
-0.006335
-0.005658
-0.004465
-0.003044
-0.001676
-0.000274
0.000999
0.001531
0.000906
-0.000668
-0.002309
-0.002611
-0.000665
0.002747
0.005834
0.007733
0.008832
0.009428
0.009240
0.008228
0.007000
0.006035
0.005070
0.004100
0.004136
0.005487
0.006324
0.004934
0.002211
-0.000087
-0.001918
-0.003873
-0.005472
-0.006211
-0.006700
-0.007388
-0.007426
-0.006181
-0.004902
-0.005233
-0.006752
-0.007732
-0.007691
-0.007350
-0.006665
-0.005017
-0.002910
-0.001381
-0.000344
0.000679
0.001111
0.000404
-0.000269
0.000706
0.002927
0.004651
0.005741
0.007744
0.010646
0.012212
0.011647
0.010715
0.010059
0.008277
0.005577
0.004003
0.003548
0.002306
0.000365
-0.000579
-0.000861
-0.002298
-0.004864
-0.006975
-0.008178
-0.009193
-0.009953
-0.009647
-0.008489
-0.007648
-0.007351
-0.006706
-0.005542
-0.004702
-0.004331
-0.003665
-0.002562
-0.001498
-0.000325
0.001401
0.003359
0.004874
0.005701
0.005564
0.003932
0.001235
-0.000660
-0.000184
0.002264
0.005058
0.007250
0.008847
0.009641
0.009165
0.007834
0.006612
0.005394
0.003395
0.001192
0.000452
0.001302
0.001929
0.001233
-0.000028
-0.001175
-0.002701
-0.004722
-0.006360
-0.007385
-0.008501
-0.009575
-0.009382
-0.007515
-0.005289
-0.004183
-0.004226
-0.004533
-0.004661
-0.004641
-0.004286
-0.003319
-0.001920
-0.000531
0.000886
0.002698
0.004525
0.005181
0.003973
0.001611
0.000181
0.001892
0.006319
0.009850
0.010194
0.009651
0.010913
0.012410
0.011363
0.008353
0.005182
0.001763
-0.001525
-0.002528
-0.001269
-0.001111
-0.003582
-0.006069
-0.006556
-0.006670
-0.008243
-0.010263
-0.011113
-0.011012
-0.010395
-0.008553
-0.005764
-0.003987
-0.003777
-0.003318
-0.001617
0.000028
0.000506
0.000499
0.001018
0.002210
0.003834
0.005347
0.005625
0.003967
0.001427
0.000233
0.001595
0.004399
0.006583
0.007554
0.008313
0.009361
0.009888
0.009219
0.007560
0.005223
0.002432
0.000085
-0.000591
0.000215
0.000603
-0.000584
-0.002218
-0.003004
-0.003617
-0.005203
-0.007318
-0.008861
-0.009749
-0.010225
-0.009729
-0.007978
-0.006102
-0.005285
-0.005102
-0.004407
-0.003217
-0.002477
-0.002251
-0.001662
-0.000471
0.000883
0.002470
0.004494
0.006367
0.007433
0.007821
0.007867
0.007568
0.006464
0.003769
0.000511
0.000584
0.005521
0.010197
0.009657
0.007048
0.007444
0.008509
0.005707
0.001038
-0.001842
-0.004453
-0.008065
-0.009206
-0.006480
-0.004627
-0.006844
-0.009501
-0.008831
-0.007049
-0.007623
-0.009260
-0.009038
-0.007541
-0.006389
-0.004389
-0.000582
0.002555
0.003085
0.002888
0.003766
0.004591
0.004326
0.003735
0.003422
0.003576
0.004599
0.005669
0.005105
0.003150
0.001486
0.000543
0.000092
0.000722
0.002422
0.003862
0.004378
0.004716
0.005302
0.005340
0.004024
0.001784
-0.000175
-0.001211
-0.001500
-0.001383
-0.001269
-0.001678
-0.002521
-0.003016
-0.003032
-0.003473
-0.004788
-0.006285
-0.007209
-0.007411
-0.006881
-0.005627
-0.004136
-0.003089
-0.002414
-0.001478
-0.000312
0.000404
0.000589
0.000744
0.000937
0.001241
0.002358
0.004294
0.005791
0.006205
0.006235
0.006209
0.005350
0.003459
0.001850
0.001615
0.002134
0.002453
0.003035
0.004476
0.005581
0.004963
0.003410
0.002154
0.000451
-0.002425
-0.005050
-0.006086
-0.006306
-0.006582
-0.006383
-0.005430
-0.004582
-0.004497
-0.004913
-0.005342
-0.005609
-0.005639
-0.005144
-0.003947
-0.002320
-0.000557
0.001247
0.002810
0.003795
0.004215
0.004239
0.003987
0.003698
0.003482
0.002967
0.001772
0.000244
-0.000647
-0.000299
0.000897
0.002252
0.003617
0.005073
0.006234
0.006474
0.005708
0.004448
0.003059
0.001553
0.000120
-0.000773
-0.000903
-0.000655
-0.000607
-0.000873
-0.001278
-0.001981
-0.003202
-0.004582
-0.005625
-0.006347
-0.006852
-0.006903
-0.006320
-0.005282
-0.004150
-0.003202
-0.002428
-0.001652
-0.000969
-0.000570
-0.000212
0.000462
0.001315
0.002189
0.003366
0.004811
0.005856
0.006207
0.006218
0.005908
0.004726
0.002591
0.000649
0.000418
0.001924
0.003459
0.003919
0.004118
0.004739
0.004821
0.003558
0.001511
-0.000869
-0.003642
-0.006007
-0.006738
-0.006098
-0.005568
-0.005681
-0.005607
-0.004829
-0.003943
-0.003636
-0.003845
-0.004144
-0.004241
-0.003884
-0.002905
-0.001537
-0.000132
0.001353
0.002992
0.004409
0.005186
0.005210
0.004480
0.003307
0.002399
0.002070
0.001958
0.001643
0.000866
-0.000362
-0.001332
-0.001192
-0.000173
0.000836
0.001722
0.002862
0.003947
0.004412
0.004286
0.003778
0.002817
0.001391
-0.000083
-0.000946
-0.001108
-0.001231
-0.001622
-0.001857
-0.001876
-0.002189
-0.002826
-0.003342
-0.003735
-0.004290
-0.004839
-0.004990
-0.004654
-0.003939
-0.003015
-0.002082
-0.001192
-0.000387
0.000127
0.000385
0.000748
0.001292
0.001785
0.002210
0.002685
0.003147
0.003537
0.003823
0.003578
0.002369
0.001046
0.001326
0.003272
0.004773
0.004623
0.004219
0.004785
0.005166
0.004151
0.002431
0.000613
-0.001772
-0.004257
-0.005404
-0.005226
-0.005183
-0.005657
-0.005552
-0.004501
-0.003636
-0.003821
-0.004500
-0.004782
-0.004582
-0.004133
-0.003306
-0.002077
-0.000757
0.000511
0.001754
0.002859
0.003645
0.003904
0.003561
0.003119
0.003122
0.002948
0.001580
-0.000427
-0.001452
-0.001034
0.000105
0.001674
0.003758
0.005705
0.006622
0.006631
0.006346
0.005605
0.003932
0.001685
-0.000310
-0.001641
-0.002240
-0.002178
-0.001825
-0.001644
-0.001774
-0.002180
-0.002980
-0.004216
-0.005625
-0.006852
-0.007628
-0.007763
-0.007120
-0.005700
-0.003834
-0.002034
-0.000493
0.000773
0.001511
0.001711
0.001927
0.002368
0.002676
0.002967
0.003763
0.004901
0.005732
0.006083
0.006022
0.005245
0.003493
0.001271
-0.000203
0.000052
0.001514
0.002562
0.002684
0.002895
0.003473
0.003236
0.001538
-0.000911
-0.003399
-0.005704
-0.007305
-0.007656
-0.007118
-0.006460
-0.005653
-0.004133
-0.002142
-0.000850
-0.000870
-0.001509
-0.001869
-0.001845
-0.001618
-0.001013
0.000114
0.001470
0.002676
0.003605
0.004256
0.004520
0.004154
0.003153
0.002049
0.001390
0.000967
0.000152
-0.001045
-0.001890
-0.001938
-0.001443
-0.000583
0.000899
0.002826
0.004261
0.004632
0.004411
0.004132
0.003500
0.002123
0.000426
-0.000809
-0.001383
-0.001626
-0.001703
-0.001507
-0.001184
-0.001180
-0.001628
-0.002248
-0.002986
-0.004018
-0.005037
-0.005425
-0.005115
-0.004466
-0.003584
-0.002429
-0.001122
0.000130
0.001085
0.001587
0.001817
0.002015
0.002067
0.001917
0.002041
0.002718
0.003227
0.002717
0.001602
0.001195
0.001940
0.002987
0.003699
0.004383
0.005127
0.005255
0.004541
0.003616
0.002472
0.000318
-0.002441
-0.004268
-0.004933
-0.005537
-0.006217
-0.006104
-0.005157
-0.004172
-0.003520
-0.003055
-0.002740
-0.002615
-0.002431
-0.001907
-0.001194
-0.000623
-0.000109
0.000666
0.001615
0.002312
0.002543
0.002462
0.002333
0.002226
0.002031
0.001712
0.001152
-0.000013
-0.001589
-0.002410
-0.001743
-0.000200
0.001587
0.003724
0.005871
0.007075
0.007164
0.006657
0.005501
0.003405
0.000891
-0.001080
-0.002128
-0.002604
-0.002894
-0.002896
-0.002484
-0.002080
-0.002126
-0.002571
-0.003367
-0.004596
-0.005956
-0.006874
-0.006972
-0.006107
-0.004493
-0.002703
-0.001029
0.000654
0.002159
0.003036
0.003320
0.003319
0.003070
0.002710
0.002645
0.002965
0.003334
0.003558
0.003728
0.003710
0.002849
0.000926
-0.000492
0.000481
0.002766
0.003415
0.002427
0.002543
0.003914
0.003741
0.001375
-0.001138
-0.003167
-0.005509
-0.007427
-0.007602
-0.006724
-0.006255
-0.005852
-0.004196
-0.001551
0.000263
0.000388
-0.000043
0.000112
0.000446
0.000309
0.000111
0.000425
0.001064
0.001524
0.001750
0.002221
0.002982
0.003101
0.002210
0.001466
0.001496
0.001051
-0.000699
-0.002536
-0.003132
-0.002725
-0.002006
-0.000855
0.001118
0.003492
0.005170
0.005697
0.005736
0.005580
0.004404
0.001965
-0.000428
-0.001627
-0.001955
-0.002181
-0.002223
-0.001623
-0.000804
-0.000721
-0.001338
-0.001864
-0.002433
-0.003725
-0.005204
-0.005693
-0.005203
-0.004523
-0.003747
-0.002427
-0.000610
0.001040
0.002022
0.002524
0.002844
0.002771
0.002144
0.001363
0.000733
0.000211
0.000143
0.001124
0.002788
0.004141
0.005282
0.006923
0.008218
0.007508
0.005093
0.002663
0.000497
-0.002141
-0.004696
-0.005993
-0.006209
-0.006179
-0.005854
-0.004821
-0.003432
-0.002472
-0.002118
-0.001850
-0.001431
-0.001282
-0.001502
-0.001522
-0.001085
-0.000520
-0.000001
0.000592
0.001320
0.002037
0.002372
0.002152
0.001759
0.001438
0.000905
0.000289
0.000168
0.000252
-0.000354
-0.001394
-0.001613
-0.000727
0.000291
0.001020
0.002166
0.003826
0.004853
0.004862
0.004887
0.005151
0.004400
0.002293
0.000269
-0.000708
-0.001279
-0.002028
-0.002448
-0.002196
-0.001967
-0.002389
-0.003077
-0.003473
-0.003763
-0.004265
-0.004740
-0.004824
-0.004459
-0.003772
-0.002902
-0.001801
-0.000287
0.001340
0.002361
0.002711
0.002973
0.003194
0.002909
0.002172
0.001425
0.000748
0.000073
-0.000187
0.000706
0.002919
0.005404
0.006777
0.006937
0.006717
0.006076
0.004157
0.001025
-0.002191
-0.004731
-0.006518
-0.007394
-0.007143
-0.006123
-0.004997
-0.003843
-0.002338
-0.000786
-0.000074
-0.000462
-0.001148
-0.001333
-0.001128
-0.000977
-0.000779
-0.000183
0.000787
0.001773
0.002435
0.002687
0.002598
0.002104
0.001197
0.000327
-0.000099
-0.000344
-0.000616
-0.000460
0.000153
0.000387
0.000115
0.000285
0.001020
0.001246
0.000742
0.000615
0.001350
0.002126
0.002411
0.002644
0.002938
0.002656
0.001755
0.001011
0.000628
0.000041
-0.000893
-0.001617
-0.001832
-0.001949
-0.002387
-0.002920
-0.003144
-0.003125
-0.003145
-0.003213
-0.003123
-0.002814
-0.002523
-0.002354
-0.001876
-0.000710
0.000696
0.001612
0.001932
0.001802
0.001255
0.000865
0.001472
0.002811
0.003844
0.004389
0.005007
0.005623
0.005564
0.004568
0.002835
0.000639
-0.001548
-0.003141
-0.003936
-0.004218
-0.004341
-0.004273
-0.003643
-0.002406
-0.001160
-0.000470
-0.000232
-0.000098
-0.000157
-0.000691
-0.001468
-0.001864
-0.001685
-0.001250
-0.000705
0.000078
0.000905
0.001320
0.001321
0.001289
0.001267
0.000990
0.000506
0.000165
0.000085
0.000094
0.000065
-0.000050
-0.000278
-0.000401
-0.000072
0.000580
0.001016
0.001095
0.001257
0.001768
0.002352
0.002663
0.002639
0.002356
0.001935
0.001562
0.001300
0.000982
0.000396
-0.000427
-0.001212
-0.001715
-0.002028
-0.002464
-0.003093
-0.003629
-0.003820
-0.003642
-0.003158
-0.002496
-0.001827
-0.001296
-0.001058
-0.001063
-0.000832
-0.000078
0.000782
0.001496
0.002475
0.003698
0.004429
0.004449
0.004163
0.003613
0.002639
0.001470
0.000384
-0.000538
-0.001208
-0.001593
-0.001689
-0.001419
-0.000907
-0.000510
-0.000345
-0.000247
-0.000197
-0.000385
-0.000896
-0.001527
-0.001920
-0.001967
-0.001838
-0.001587
-0.001164
-0.000688
-0.000259
0.000135
0.000374
0.000346
0.000256
0.000255
0.000157
-0.000082
-0.000205
-0.000112
0.000109
0.000455
0.000920
0.001316
0.001347
0.000895
0.000286
0.000041
0.000223
0.000336
0.000114
0.000029
0.000537
0.001279
0.001650
0.001661
0.001686
0.001809
0.001856
0.001757
0.001521
0.001040
0.000262
-0.000559
-0.001116
-0.001480
-0.002000
-0.002750
-0.003378
-0.003528
-0.003209
-0.002686
-0.002184
-0.001706
-0.001079
-0.000219
0.000676
0.001307
0.001571
0.001600
0.001645
0.001824
0.001907
0.001631
0.001142
0.000741
0.000501
0.000411
0.000428
0.000403
0.000318
0.000308
0.000305
0.000150
-0.000083
-0.000320
-0.000654
-0.001051
-0.001270
-0.001199
-0.001025
-0.001001
-0.001062
-0.000896
-0.000500
-0.000249
-0.000328
-0.000520
-0.000625
-0.000666
-0.000647
-0.000473
-0.000139
0.000204
0.000468
0.000771
0.001196
0.001498
0.001368
0.000858
0.000282
-0.000144
-0.000361
-0.000334
-0.000087
0.000187
0.000339
0.000510
0.000883
0.001316
0.001464
0.001277
0.001143
0.001338
0.001533
0.001306
0.000784
0.000278
-0.000161
-0.000450
-0.000503
-0.000659
-0.001266
-0.002008
-0.002407
-0.002533
-0.002650
-0.002721
-0.002564
-0.002063
-0.001258
-0.000398
0.000332
0.000995
0.001592
0.001983
0.002218
0.002368
0.002258
0.001830
0.001325
0.000885
0.000451
-0.000002
-0.000346
-0.000388
-0.000138
0.000095
0.000073
-0.000145
-0.000442
-0.000718
-0.000855
-0.000882
-0.000930
-0.001005
-0.001033
-0.000995
-0.000897
-0.000766
-0.000660
-0.000550
-0.000376
-0.000292
-0.000446
-0.000593
-0.000418
0.000003
0.000427
0.000774
0.001020
0.001075
0.000916
0.000682
0.000547
0.000549
0.000601
0.000632
0.000650
0.000710
0.000802
0.000834
0.000768
0.000686
0.000639
0.000512
0.000196
-0.000155
-0.000292
-0.000195
-0.000047
0.000017
0.000055
0.000209
0.000417
0.000392
0.000033
-0.000448
-0.000915
-0.001364
-0.001660
-0.001725
-0.001771
-0.001944
-0.001989
-0.001617
-0.000900
-0.000118
0.000511
0.000920
0.001170
0.001289
0.001228
0.001042
0.000921
0.000969
0.001094
0.001149
0.001084
0.000985
0.000949
0.000938
0.000803
0.000458
-0.000030
-0.000558
-0.001052
-0.001347
-0.001290
-0.001010
-0.000739
-0.000530
-0.000394
-0.000402
-0.000546
-0.000763
-0.000998
-0.001143
-0.001116
-0.001005
-0.000978
-0.001040
-0.000969
-0.000548
0.000137
0.000767
0.001134
0.001271
0.001276
0.001203
0.001144
0.001093
0.000854
0.000441
0.000184
0.000233
0.000432
0.000637
0.000818
0.000993
0.001213
0.001422
0.001346
0.000794
-0.000016
-0.000636
-0.000863
-0.000912
-0.001082
-0.001321
-0.001284
-0.000856
-0.000321
0.000011
0.000065
-0.000071
-0.000210
-0.000212
-0.000163
-0.000293
-0.000636
-0.000922
-0.000960
-0.000848
-0.000676
-0.000394
0.000045
0.000581
0.001001
0.001068
0.000801
0.000476
0.000318
0.000318
0.000333
0.000270
0.000172
0.000145
0.000256
0.000497
0.000738
0.000762
0.000487
0.000079
-0.000180
-0.000173
-0.000097
-0.000186
-0.000405
-0.000575
-0.000625
-0.000615
-0.000627
-0.000659
-0.000670
-0.000683
-0.000742
-0.000821
-0.000885
-0.000953
-0.000988
-0.000842
-0.000484
-0.000066
0.000332
0.000727
0.001012
0.001098
0.001027
0.000810
0.000534
0.000467
0.000653
0.000794
0.000746
0.000704
0.000842
0.001091
0.001261
0.001242
0.001016
0.000551
-0.000111
-0.000714
-0.001007
-0.001052
-0.001062
-0.001044
-0.000894
-0.000649
-0.000384
-0.000135
-0.000019
-0.000146
-0.000407
-0.000542
-0.000448
-0.000316
-0.000348
-0.000479
-0.000521
-0.000388
-0.000107
0.000236
0.000537
0.000759
0.000926
0.000968
0.000788
0.000467
0.000201
0.000057
-0.000065
-0.000210
-0.000277
-0.000224
-0.000143
-0.000079
0.000013
0.000136
0.000196
0.000104
-0.000127
-0.000363
-0.000418
-0.000252
-0.000030
0.000111
0.000233
0.000386
0.000442
0.000270
-0.000055
-0.000325
-0.000433
-0.000465
-0.000537
-0.000588
-0.000541
-0.000496
-0.000517
-0.000500
-0.000372
-0.000151
0.000134
0.000389
0.000456
0.000309
0.000103
-0.000048
-0.000115
-0.000029
0.000204
0.000384
0.000394
0.000390
0.000533
0.000770
0.000984
0.001110
0.001059
0.000758
0.000306
-0.000074
-0.000335
-0.000598
-0.000820
-0.000871
-0.000801
-0.000658
-0.000347
0.000093
0.000437
0.000525
0.000344
0.000024
-0.000253
-0.000451
-0.000602
-0.000601
-0.000404
-0.000162
0.000048
0.000295
0.000529
0.000614
0.000570
0.000449
0.000217
-0.000063
-0.000256
-0.000361
-0.000453
-0.000510
-0.000477
-0.000378
-0.000235
-0.000008
0.000236
0.000309
0.000194
0.000077
0.000025
-0.000038
-0.000066
-0.000025
-0.000019
-0.000025
0.000091
0.000254
0.000342
0.000390
0.000417
0.000363
0.000239
0.000096
-0.000086
-0.000382
-0.000729
-0.000861
-0.000677
-0.000421
-0.000261
-0.000091
0.000091
0.000096
-0.000099
-0.000248
-0.000220
-0.000186
-0.000265
-0.000294
-0.000113
0.000177
0.000372
0.000462
0.000592
0.000795
0.000919
0.000813
0.000499
0.000210
0.000143
0.000208
0.000195
0.000068
-0.000080
-0.000206
-0.000301
-0.000333
-0.000280
-0.000165
-0.000023
0.000135
0.000245
0.000176
-0.000050
-0.000244
-0.000322
-0.000345
-0.000357
-0.000386
-0.000414
-0.000412
-0.000383
-0.000246
0.000076
0.000383
0.000382
0.000137
-0.000038
-0.000017
0.000115
0.000243
0.000222
-0.000002
-0.000214
-0.000214
-0.000111
-0.000075
-0.000090
-0.000048
0.000127
0.000384
0.000535
0.000475
0.000329
0.000218
0.000104
-0.000009
-0.000024
0.000015
-0.000046
-0.000133
-0.000041
0.000134
0.000124
-0.000015
-0.000038
0.000022
-0.000052
-0.000273
-0.000473
-0.000591
-0.000647
-0.000600
-0.000481
-0.000406
-0.000328
-0.000137
0.000084
0.000208
0.000262
0.000260
0.000154
0.000018
-0.000046
-0.000049
0.000010
0.000146
0.000308
0.000416
0.000413
0.000367
0.000422
0.000546
0.000552
0.000392
0.000199
0.000079
-0.000008
-0.000118
-0.000227
-0.000326
-0.000411
-0.000375
-0.000139
0.000139
0.000216
0.000110
-0.000013
-0.000157
-0.000320
-0.000356
-0.000257
-0.000167
-0.000138
-0.000138
-0.000139
-0.000104
-0.000013
0.000117
0.000243
0.000271
0.000153
0.000002
-0.000023
0.000069
0.000130
0.000110
0.000045
-0.000081
-0.000194
-0.000128
0.000094
0.000282
0.000334
0.000274
0.000148
0.000012
-0.000084
-0.000142
-0.000193
-0.000239
-0.000242
-0.000171
-0.000051
0.000041
-0.000010
-0.000179
-0.000194
0.000077
0.000359
0.000372
0.000169
-0.000054
-0.000152
-0.000078
0.000005
-0.000090
-0.000260
-0.000329
-0.000319
-0.000269
-0.000183
-0.000170
-0.000241
-0.000216
-0.000025
0.000188
0.000267
0.000156
-0.000038
-0.000107
-0.000036
-0.000003
0.000004
0.000170
0.000430
0.000539
0.000486
0.000474
0.000572
0.000612
0.000414
0.000076
-0.000128
-0.000129
-0.000092
-0.000101
-0.000096
-0.000038
0.000007
-0.000046
-0.000192
-0.000344
-0.000413
-0.000397
-0.000342
-0.000262
-0.000182
-0.000125
-0.000082
-0.000126
-0.000315
-0.000508
-0.000530
-0.000385
-0.000145
0.000144
0.000386
0.000503
0.000536
0.000520
0.000403
0.000201
0.000053
0.000070
0.000193
0.000272
0.000275
0.000266
0.000232
0.000152
0.000088
0.000044
-0.000017
-0.000045
-0.000011
-0.000045
-0.000246
-0.000473
-0.000496
-0.000334
-0.000206
-0.000163
-0.000059
0.000113
0.000226
0.000247
0.000195
0.000054
-0.000147
-0.000322
-0.000449
-0.000534
-0.000515
-0.000358
-0.000167
-0.000065
-0.000065
-0.000046
0.000072
0.000186
0.000206
0.000205
0.000214
0.000144
0.000065
0.000149
0.000351
0.000531
0.000688
0.000767
0.000622
0.000291
0.000016
-0.000059
-0.000052
-0.000105
-0.000126
-0.000052
-0.000042
-0.000143
-0.000176
-0.000094
-0.000057
-0.000164
-0.000348
-0.000518
-0.000613
-0.000588
-0.000472
-0.000346
-0.000306
-0.000367
-0.000368
-0.000173
0.000134
0.000404
0.000591
0.000662
0.000556
0.000342
0.000209
0.000197
0.000176
0.000118
0.000148
0.000281
0.000373
0.000344
0.000228
0.000023
-0.000235
-0.000341
-0.000189
0.000008
0.000038
-0.000025
-0.000059
-0.000107
-0.000224
-0.000355
-0.000446
-0.000532
-0.000584
-0.000454
-0.000096
0.000296
0.000487
0.000465
0.000374
0.000263
0.000127
0.000036
0.000010
-0.000038
-0.000139
-0.000267
-0.000377
-0.000392
-0.000322
-0.000295
-0.000323
-0.000260
-0.000045
0.000183
0.000270
0.000238
0.000222
0.000294
0.000359
0.000298
0.000216
0.000268
0.000371
0.000386
0.000332
0.000257
0.000194
0.000185
0.000204
0.000177
0.000039
-0.000218
-0.000452
-0.000439
-0.000168
0.000074
0.000090
-0.000045
-0.000275
-0.000567
-0.000708
-0.000591
-0.000415
-0.000318
-0.000225
-0.000060
0.000147
0.000296
0.000311
0.000231
0.000120
-0.000002
-0.000093
-0.000112
-0.000025
0.000153
0.000277
0.000243
0.000162
0.000192
0.000298
0.000339
0.000280
0.000186
0.000091
0.000027
0.000050
0.000162
0.000256
0.000178
-0.000067
-0.000294
-0.000421
-0.000532
-0.000587
-0.000469
-0.000270
-0.000100
0.000103
0.000263
0.000181
-0.000068
-0.000263
-0.000341
-0.000326
-0.000197
0.000052
0.000316
0.000440
0.000390
0.000260
0.000115
-0.000033
-0.000151
-0.000218
-0.000243
-0.000232
-0.000199
-0.000135
0.000007
0.000202
0.000337
0.000346
0.000276
0.000253
0.000342
0.000439
0.000430
0.000372
0.000318
0.000223
0.000101
0.000000
-0.000132
-0.000317
-0.000439
-0.000432
-0.000377
-0.000340
-0.000339
-0.000384
-0.000390
-0.000280
-0.000124
-0.000027
-0.000036
-0.000136
-0.000200
-0.000110
0.000060
0.000140
0.000095
0.000064
0.000145
0.000247
0.000251
0.000186
0.000109
0.000019
-0.000048
-0.000009
0.000128
0.000296
0.000446
0.000509
0.000440
0.000274
0.000053
-0.000191
-0.000384
-0.000483
-0.000515
-0.000442
-0.000198
0.000102
0.000235
0.000189
0.000134
0.000077
-0.000092
-0.000227
-0.000087
0.000182
0.000258
0.000151
0.000050
-0.000044
-0.000196
-0.000310
-0.000263
-0.000147
-0.000150
-0.000233
-0.000200
-0.000038
0.000059
0.000007
-0.000062
-0.000037
0.000005
-0.000021
-0.000041
0.000034
0.000136
0.000179
0.000221
0.000320
0.000356
0.000246
0.000132
0.000135
0.000170
0.000153
0.000150
0.000201
0.000242
0.000205
0.000057
-0.000170
-0.000327
-0.000298
-0.000208
-0.000266
-0.000402
-0.000414
-0.000304
-0.000166
-0.000014
0.000088
0.000039
-0.000035
0.000100
0.000341
0.000371
0.000163
-0.000089
-0.000276
-0.000357
-0.000286
-0.000077
0.000133
0.000174
0.000079
0.000032
0.000044
-0.000017
-0.000101
-0.000013
0.000220
0.000283
0.000074
-0.000060
0.000062
0.000170
0.000130
0.000086
0.000030
-0.000094
-0.000131
-0.000029
0.000022
-0.000019
0.000009
0.000081
0.000024
-0.000113
-0.000132
-0.000025
0.000028
-0.000055
-0.000166
-0.000174
-0.000086
-0.000014
-0.000041
-0.000134
-0.000175
-0.000105
-0.000001
0.000050
0.000063
0.000069
0.000012
-0.000128
-0.000212
-0.000130
0.000039
0.000205
0.000358
0.000417
0.000260
-0.000005
-0.000128
-0.000075
-0.000019
0.000004
0.000126
0.000339
0.000414
0.000267
0.000106
0.000056
-0.000015
-0.000173
-0.000273
-0.000194
-0.000043
-0.000011
-0.000113
-0.000236
-0.000262
-0.000117
0.000111
0.000244
0.000205
0.000046
-0.000113
-0.000168
-0.000112
-0.000038
-0.000042
-0.000159
-0.000324
-0.000417
-0.000395
-0.000306
-0.000163
0.000060
0.000276
0.000355
0.000324
0.000274
0.000227
0.000198
0.000188
0.000145
0.000059
0.000016
0.000077
0.000197
0.000255
0.000172
0.000010
-0.000085
-0.000088
-0.000110
-0.000136
-0.000060
0.000012
-0.000064
-0.000154
-0.000081
0.000042
-0.000018
-0.000270
-0.000513
-0.000579
-0.000439
-0.000175
0.000084
0.000216
0.000177
0.000081
0.000107
0.000266
0.000352
0.000205
-0.000036
-0.000121
-0.000047
0.000014
0.000035
0.000081
0.000165
0.000265
0.000312
0.000214
-0.000029
-0.000295
-0.000398
-0.000240
0.000051
0.000269
0.000343
0.000316
0.000233
0.000135
0.000075
0.000016
-0.000173
-0.000427
-0.000492
-0.000349
-0.000195
-0.000059
0.000123
0.000290
0.000346
0.000249
0.000024
-0.000165
-0.000169
-0.000091
-0.000125
-0.000219
-0.000199
-0.000082
0.000013
0.000065
0.000062
0.000018
0.000054
0.000161
0.000134
-0.000034
-0.000116
-0.000071
-0.000102
-0.000285
-0.000438
-0.000389
-0.000127
0.000226
0.000486
0.000538
0.000419
0.000263
0.000179
0.000149
0.000091
0.000048
0.000113
0.000176
0.000065
-0.000136
-0.000188
-0.000054
0.000091
0.000107
-0.000058
-0.000353
-0.000560
-0.000524
-0.000355
-0.000217
-0.000127
-0.000057
-0.000038
-0.000045
0.000001
0.000105
0.000220
0.000277
0.000213
0.000117
0.000126
0.000189
0.000207
0.000198
0.000159
0.000045
-0.000044
0.000039
0.000209
0.000263
0.000184
0.000087
-0.000013
-0.000194
-0.000384
-0.000383
-0.000191
-0.000028
-0.000035
-0.000130
-0.000125
-0.000005
0.000045
-0.000056
-0.000177
-0.000207
-0.000154
-0.000066
0.000042
0.000176
0.000254
0.000186
0.000083
0.000102
0.000158
0.000083
-0.000084
-0.000191
-0.000182
-0.000074
0.000126
0.000306
0.000276
0.000016
-0.000265
-0.000356
-0.000217
0.000028
0.000161
0.000088
-0.000053
-0.000106
-0.000081
-0.000012
0.000096
0.000152
0.000099
0.000043
0.000084
0.000144
0.000075
-0.000049
0.000016
0.000261
0.000379
0.000225
-0.000011
-0.000143
-0.000207
-0.000277
-0.000341
-0.000370
-0.000342
-0.000243
-0.000123
-0.000018
0.000079
0.000099
0.000006
-0.000029
0.000080
0.000123
-0.000016
-0.000167
-0.000163
0.000007
0.000234
0.000316
0.000166
-0.000038
-0.000087
0.000020
0.000158
0.000278
0.000370
0.000381
0.000294
0.000173
0.000070
0.000002
-0.000025
-0.000069
-0.000196
-0.000344
-0.000389
-0.000332
-0.000272
-0.000260
-0.000257
-0.000200
-0.000072
0.000093
0.000234
0.000268
0.000185
0.000116
0.000186
0.000283
0.000229
0.000091
0.000028
0.000011
-0.000075
-0.000262
-0.000501
-0.000657
-0.000548
-0.000166
0.000247
0.000436
0.000371
0.000205
0.000058
-0.000036
-0.000013
0.000116
0.000140
-0.000014
-0.000113
-0.000063
-0.000027
-0.000041
0.000031
0.000197
0.000306
0.000249
0.000023
-0.000234
-0.000296
-0.000119
0.000103
0.000209
0.000169
-0.000035
-0.000329
-0.000472
-0.000315
-0.000021
0.000206
0.000339
0.000336
0.000162
-0.000011
-0.000026
0.000026
0.000065
0.000111
0.000062
-0.000170
-0.000392
-0.000389
-0.000199
0.000011
0.000088
0.000017
-0.000028
0.000028
0.000046
0.000015
0.000074
0.000219
0.000304
0.000270
0.000181
0.000117
0.000088
0.000045
-0.000013
-0.000054
-0.000081
-0.000103
-0.000121
-0.000143
-0.000159
-0.000168
-0.000208
-0.000285
-0.000325
-0.000244
-0.000059
0.000121
0.000205
0.000195
0.000137
0.000064
0.000020
0.000033
0.000056
0.000028
-0.000016
0.000041
0.000202
0.000269
0.000141
0.000006
-0.000002
-0.000026
-0.000159
-0.000229
-0.000114
0.000052
0.000110
0.000082
0.000098
0.000200
0.000228
0.000050
-0.000162
-0.000171
-0.000075
-0.000112
-0.000231
-0.000208
-0.000036
0.000033
-0.000168
-0.000369
-0.000209
0.000152
0.000302
0.000223
0.000124
0.000054
0.000021
0.000069
0.000148
0.000180
0.000140
0.000042
-0.000035
-0.000021
0.000019
0.000005
-0.000010
0.000021
0.000016
-0.000098
-0.000270
-0.000390
-0.000352
-0.000174
-0.000005
0.000098
0.000200
0.000271
0.000219
0.000125
0.000166
0.000328
0.000379
0.000220
0.000053
0.000014
-0.000047
-0.000222
-0.000348
-0.000305
-0.000194
-0.000141
-0.000142
-0.000145
-0.000117
-0.000038
0.000050
0.000055
-0.000020
-0.000085
-0.000127
-0.000162
-0.000117
0.000025
0.000103
0.000032
-0.000048
-0.000013
0.000123
0.000275
0.000315
0.000220
0.000122
0.000053
-0.000035
-0.000079
-0.000020
0.000061
0.000040
-0.000092
-0.000176
-0.000098
0.000029
0.000056
0.000008
-0.000026
-0.000016
0.000045
0.000127
0.000178
0.000198
0.000177
0.000026
-0.000239
-0.000398
-0.000313
-0.000113
0.000036
0.000105
0.000103
0.000027
-0.000075
-0.000114
-0.000021
0.000160
0.000297
0.000296
0.000171
0.000010
-0.000072
-0.000051
-0.000033
-0.000107
-0.000217
-0.000237
-0.000166
-0.000148
-0.000248
-0.000305
-0.000159
0.000083
0.000190
0.000156
0.000109
0.000053
-0.000045
-0.000109
-0.000065
0.000073
0.000236
0.000374
0.000457
0.000404
0.000202
0.000031
-0.000010
-0.000020
-0.000027
-0.000031
-0.000097
-0.000156
-0.000095
0.000007
0.000035
-0.000018
-0.000155
-0.000362
-0.000495
-0.000388
-0.000151
-0.000063
-0.000103
-0.000017
0.000219
0.000353
0.000217
-0.000039
-0.000167
-0.000149
-0.000068
0.000062
0.000184
0.000230
0.000227
0.000190
0.000084
-0.000046
-0.000091
-0.000037
0.000050
0.000115
0.000125
0.000061
-0.000046
-0.000115
-0.000099
-0.000011
0.000122
0.000215
0.000172
0.000058
-0.000008
-0.000062
-0.000195
-0.000318
-0.000324
-0.000310
-0.000352
