4640
-0.000312
-0.000366
-0.000275
-0.000046
0.000143
0.000140
0.000029
-0.000050
-0.000114
-0.000211
-0.000267
-0.000212
-0.000106
-0.000031
0.000056
0.000223
0.000373
0.000359
0.000201
0.000061
0.000067
0.000197
0.000270
0.000139
-0.000113
-0.000298
-0.000349
-0.000283
-0.000138
0.000032
0.000170
0.000213
0.000180
0.000160
0.000132
0.000030
-0.000063
-0.000038
0.000060
0.000097
0.000028
-0.000095
-0.000224
-0.000308
-0.000279
-0.000166
-0.000111
-0.000125
-0.000089
0.000003
0.000081
0.000147
0.000186
0.000144
0.000048
-0.000005
0.000023
0.000070
0.000076
0.000037
0.000003
0.000035
0.000108
0.000131
0.000085
0.000053
0.000088
0.000136
0.000109
0.000008
-0.000093
-0.000181
-0.000288
-0.000383
-0.000370
-0.000224
-0.000049
0.000062
0.000104
0.000109
0.000107
0.000110
0.000093
0.000066
0.000042
0.000007
-0.000030
-0.000069
-0.000117
-0.000078
0.000097
0.000244
0.000218
0.000067
-0.000058
-0.000031
0.000080
0.000052
-0.000118
-0.000197
-0.000108
0.000025
0.000127
0.000231
0.000318
0.000263
0.000033
-0.000218
-0.000319
-0.000271
-0.000198
-0.000120
0.000029
0.000191
0.000228
0.000120
-0.000023
-0.000117
-0.000168
-0.000215
-0.000268
-0.000274
-0.000148
0.000076
0.000261
0.000308
0.000209
0.000059
-0.000007
0.000017
0.000019
-0.000050
-0.000132
-0.000146
-0.000093
-0.000038
0.000022
0.000137
0.000283
0.000397
0.000455
0.000441
0.000298
0.000022
-0.000246
-0.000364
-0.000394
-0.000450
-0.000460
-0.000315
-0.000115
0.000003
0.000062
0.000073
-0.000010
-0.000130
-0.000182
-0.000138
-0.000010
0.000141
0.000188
0.000089
0.000011
0.000103
0.000237
0.000240
0.000234
0.000366
0.000461
0.000333
0.000101
-0.000069
-0.000146
-0.000124
-0.000063
-0.000097
-0.000211
-0.000264
-0.000254
-0.000247
-0.000228
-0.000176
-0.000124
-0.000089
-0.000044
-0.000004
-0.000048
-0.000189
-0.000286
-0.000187
0.000051
0.000228
0.000295
0.000340
0.000362
0.000315
0.000245
0.000208
0.000176
0.000123
0.000101
0.000123
0.000076
-0.000087
-0.000262
-0.000344
-0.000319
-0.000236
-0.000175
-0.000151
-0.000100
-0.000020
0.000007
-0.000036
-0.000060
-0.000059
-0.000126
-0.000206
-0.000128
0.000108
0.000320
0.000386
0.000315
0.000172
0.000057
0.000045
0.000100
0.000137
0.000098
-0.000000
-0.000077
-0.000104
-0.000116
-0.000107
-0.000077
-0.000082
-0.000089
-0.000003
0.000121
0.000125
-0.000021
-0.000195
-0.000265
-0.000199
-0.000059
0.000085
0.000203
0.000252
0.000190
0.000062
-0.000057
-0.000149
-0.000200
-0.000181
-0.000099
-0.000009
0.000048
0.000079
0.000088
0.000053
-0.000036
-0.000145
-0.000189
-0.000111
0.000033
0.000142
0.000188
0.000211
0.000190
0.000084
-0.000021
-0.000019
0.000026
0.000055
0.000122
0.000193
0.000149
0.000037
-0.000032
-0.000116
-0.000258
-0.000332
-0.000298
-0.000237
-0.000165
-0.000074
-0.000025
-0.000043
-0.000052
0.000004
0.000072
0.000081
0.000048
0.000032
0.000042
0.000070
0.000122
0.000179
0.000222
0.000256
0.000270
0.000256
0.000242
0.000227
0.000159
0.000023
-0.000115
-0.000200
-0.000244
-0.000283
-0.000324
-0.000322
-0.000256
-0.000197
-0.000181
-0.000104
0.000075
0.000197
0.000162
0.000110
0.000172
0.000259
0.000241
0.000108
-0.000106
-0.000330
-0.000421
-0.000338
-0.000198
-0.000072
0.000042
0.000109
0.000107
0.000094
0.000135
0.000190
0.000157
0.000033
-0.000067
-0.000054
0.000055
0.000189
0.000231
0.000149
0.000088
0.000122
0.000094
-0.000098
-0.000314
-0.000397
-0.000331
-0.000171
-0.000005
0.000062
0.000005
-0.000062
0.000012
0.000230
0.000373
0.000259
0.000012
-0.000150
-0.000208
-0.000207
-0.000121
0.000029
0.000152
0.000212
0.000256
0.000272
0.000170
-0.000040
-0.000222
-0.000282
-0.000255
-0.000237
-0.000217
-0.000098
0.000081
0.000185
0.000225
0.000256
0.000218
0.000122
0.000059
0.000013
-0.000039
-0.000028
0.000030
0.000021
-0.000082
-0.000194
-0.000232
-0.000201
-0.000178
-0.000187
-0.000163
-0.000097
-0.000055
-0.000055
-0.000043
0.000045
0.000184
0.000261
0.000216
0.000141
0.000127
0.000110
0.000026
-0.000045
-0.000013
0.000069
0.000099
0.000091
0.000106
0.000120
0.000085
-0.000009
-0.000153
-0.000271
-0.000257
-0.000172
-0.000157
-0.000169
-0.000092
0.000038
0.000119
0.000153
0.000191
0.000200
0.000124
-0.000001
-0.000080
-0.000101
-0.000127
-0.000164
-0.000111
0.000077
0.000263
0.000253
0.000035
-0.000213
-0.000331
-0.000275
-0.000079
0.000161
0.000301
0.000287
0.000213
0.000175
0.000130
-0.000002
-0.000139
-0.000107
0.000065
0.000167
0.000126
0.000036
-0.000048
-0.000152
-0.000284
-0.000392
-0.000405
-0.000325
-0.000197
-0.000032
0.000146
0.000242
0.000188
0.000039
-0.000079
-0.000111
-0.000087
0.000004
0.000172
0.000280
0.000227
0.000118
0.000075
0.000091
0.000105
0.000066
-0.000003
-0.000023
-0.000015
-0.000062
-0.000124
-0.000086
0.000044
0.000136
0.000132
0.000094
0.000085
0.000076
-0.000034
-0.000246
-0.000401
-0.000390
-0.000279
-0.000155
-0.000021
0.000131
0.000216
0.000163
0.000079
0.000067
0.000035
-0.000052
-0.000060
0.000014
0.000060
0.000083
0.000095
0.000043
-0.000014
0.000029
0.000121
0.000145
0.000123
0.000130
0.000101
-0.000031
-0.000172
-0.000223
-0.000197
-0.000142
-0.000082
-0.000012
0.000053
0.000064
0.000003
-0.000111
-0.000251
-0.000321
-0.000224
0.000023
0.000283
0.000363
0.000240
0.000136
0.000158
0.000157
0.000054
-0.000049
-0.000071
-0.000033
0.000013
0.000117
0.000177
-0.000238
-0.000754
-0.000343
0.000384
0.000157
-0.000232
0.000202
0.000449
-0.000055
-0.000239
0.000135
0.000157
-0.000156
-0.000113
0.000139
0.000144
0.000072
0.000123
0.000076
-0.000120
-0.000201
-0.000134
-0.000139
-0.000204
-0.000126
0.000040
0.000067
-0.000051
-0.000168
-0.000208
-0.000111
0.000136
0.000327
0.000259
0.000080
0.000014
0.000018
0.000037
0.000097
0.000122
0.000084
0.000090
0.000153
0.000196
0.000216
0.000155
-0.000142
-0.000569
-0.000658
-0.000314
-0.000124
-0.000249
-0.000095
0.000365
0.000502
0.000275
0.000032
-0.000156
-0.000105
0.000233
0.000287
-0.000100
-0.000185
0.000218
0.000308
-0.000112
-0.000338
-0.000192
-0.000159
-0.000306
-0.000270
-0.000016
0.000167
0.000211
0.000240
0.000191
-0.000017
-0.000165
-0.000074
0.000060
0.000073
0.000106
0.000189
0.000158
0.000026
-0.000053
-0.000058
-0.000037
-0.000032
-0.000108
-0.000233
-0.000243
-0.000093
0.000058
0.000082
0.000023
-0.000012
-0.000001
0.000030
0.000102
0.000190
0.000218
0.000174
0.000105
0.000003
-0.000180
-0.000336
-0.000249
0.000014
0.000139
0.000045
-0.000012
0.000129
0.000249
0.000058
-0.000265
-0.000327
-0.000193
-0.000164
-0.000121
0.000113
0.000236
0.000021
-0.000189
-0.000055
0.000200
0.000156
-0.000110
-0.000159
-0.000003
0.000067
0.000261
0.000591
0.000392
-0.000149
-0.000091
0.000240
-0.000016
-0.000357
-0.000158
-0.000014
-0.000170
-0.000030
0.000225
0.000024
-0.000276
-0.000242
-0.000081
0.000024
-0.000022
-0.000260
-0.000179
0.000503
0.000715
-0.000175
-0.000653
0.000160
0.000598
-0.000128
-0.000450
0.000057
0.000072
-0.000404
-0.000368
-0.000122
-0.000131
0.000259
0.000880
0.000624
-0.000080
-0.000116
0.000074
-0.000097
-0.000154
-0.000035
-0.000082
-0.000095
-0.000105
-0.000322
-0.000313
0.000002
0.000028
-0.000211
-0.000197
0.000172
0.000518
0.000351
-0.000094
0.000032
0.000465
0.000113
-0.000692
-0.000567
0.000382
0.000570
-0.000234
-0.000362
0.000505
0.000637
-0.000158
-0.000235
0.000224
-0.000219
-0.000690
0.000099
0.000515
-0.000451
-0.000498
0.000827
0.000700
-0.000691
-0.000430
0.000555
-0.000305
-0.001209
-0.000034
0.000810
-0.000222
-0.000479
0.000838
0.000969
-0.000205
-0.000203
0.000311
-0.000420
-0.000946
-0.000267
0.000076
-0.000090
0.000328
0.000720
0.000245
-0.000256
-0.000059
0.000217
0.000024
-0.000224
-0.000095
-0.000001
-0.000192
-0.000093
0.000099
-0.000213
-0.000086
0.000777
0.000599
-0.000488
-0.000261
0.000731
0.000411
-0.000248
0.000153
0.000213
-0.000556
-0.000591
0.000013
0.000050
-0.000452
-0.000579
0.000139
0.000627
0.000186
0.000030
0.000286
-0.000139
-0.000549
-0.000212
-0.000017
-0.000085
-0.000047
-0.000231
-0.000332
-0.000084
0.000076
0.000290
0.000343
-0.000280
-0.000268
0.000950
0.000859
-0.000740
-0.000275
0.001638
0.000742
-0.001362
-0.000417
0.001094
-0.000312
-0.001537
0.000127
0.001631
0.000388
-0.001362
-0.000879
0.000478
0.000099
-0.000754
0.000102
0.000566
-0.000911
-0.001162
0.000611
0.000873
-0.000460
-0.000430
0.000571
0.000621
0.000114
0.000334
0.001076
0.000273
-0.001603
-0.000708
0.001543
0.000480
-0.001105
0.000238
0.000509
-0.001094
-0.000128
0.001685
0.000494
-0.000854
-0.000159
-0.000056
-0.000679
0.000012
0.000668
-0.000311
-0.000784
0.000494
0.000690
-0.001270
-0.001560
0.000886
0.001200
-0.001215
-0.001057
0.001248
0.001072
-0.000364
0.000007
0.000846
0.000543
-0.000254
-0.000808
-0.000378
0.000642
-0.000059
-0.001758
-0.000589
0.002081
0.001233
-0.001358
-0.000449
0.001750
0.000163
-0.002413
-0.000744
0.002094
0.000789
-0.001472
-0.000090
0.001203
-0.000749
-0.001302
0.000938
0.000673
-0.001439
-0.000017
0.002114
-0.000060
-0.002099
0.000475
0.002795
0.000691
-0.002183
-0.001880
0.000275
0.001023
-0.000019
-0.000444
0.000595
0.001238
0.000148
-0.001352
-0.000753
0.000885
-0.000044
-0.001319
0.001092
0.002246
-0.001458
-0.002370
0.001511
0.001456
-0.001883
-0.000283
0.002442
-0.000681
-0.002979
0.000418
0.001511
-0.001589
-0.001517
0.001621
0.002213
-0.000315
-0.001794
0.000581
0.002485
-0.000414
-0.002272
0.001033
0.002003
-0.001554
-0.001336
0.002084
0.001096
-0.001213
0.000471
0.001154
-0.001557
-0.001863
0.000600
0.000970
-0.000386
-0.001035
-0.001323
-0.000423
0.001351
0.000132
-0.001923
0.000752
0.003218
-0.000487
-0.003116
0.000823
0.003032
-0.001004
-0.002685
0.001588
0.002803
-0.001791
-0.002848
0.001430
0.002635
-0.000276
-0.001300
0.000211
0.000635
-0.000277
0.000054
0.000941
-0.000418
-0.001762
0.000382
0.002127
-0.000313
-0.002170
-0.000234
0.001171
0.000238
-0.000197
0.000192
0.000223
0.000218
-0.000511
-0.001818
-0.000307
0.002377
0.000180
-0.002822
0.000420
0.003156
-0.001104
-0.004044
0.000069
0.003377
0.000817
-0.001589
-0.000164
0.000597
-0.000682
0.000139
0.001958
0.000190
-0.002177
0.000197
0.003207
0.000782
-0.002564
-0.000794
0.001445
-0.000812
-0.002231
0.000813
0.001946
-0.001057
-0.001660
0.000823
0.001118
-0.000470
-0.000650
0.000255
0.000608
0.000088
-0.000322
0.000591
0.001441
0.000083
-0.001501
-0.000797
0.000241
-0.000061
-0.000300
-0.000229
-0.000511
-0.000219
0.000884
0.001036
-0.000293
-0.000711
0.001007
0.001658
-0.000764
-0.002139
0.000187
0.001700
-0.000304
-0.001314
0.000844
0.001661
-0.000483
-0.001568
-0.000410
0.000207
-0.000494
-0.000867
-0.000213
0.000370
0.000052
-0.000052
0.000914
0.001000
-0.000773
-0.001113
0.001168
0.001561
-0.000875
-0.001016
0.001074
0.000612
-0.000837
0.000530
0.001559
-0.000616
-0.001723
0.000492
0.001573
-0.000660
-0.002410
-0.001080
0.000671
0.000196
-0.000513
0.000455
0.000558
-0.000779
0.000389
0.003059
0.001859
-0.001527
-0.001791
0.000028
0.000586
-0.000355
-0.001465
-0.000958
0.000628
0.000288
-0.001130
-0.000241
0.001465
0.000634
-0.000967
0.000130
0.001821
0.000142
-0.001902
-0.000187
0.001332
-0.000088
-0.000039
0.001896
0.001257
-0.001320
-0.001444
0.000990
0.001301
-0.001725
-0.002823
-0.000208
0.001293
0.000071
-0.000851
-0.000283
0.000566
0.000388
-0.000396
0.000169
0.001078
-0.000697
-0.002307
0.000782
0.003744
0.000737
-0.002957
-0.001830
0.000474
0.000966
0.000693
0.000044
0.000121
0.001284
0.001279
0.000035
-0.000165
0.000619
0.000307
-0.001229
-0.001015
0.000890
-0.000439
-0.003307
-0.000700
0.003114
-0.000118
-0.004339
-0.001354
0.003025
0.001785
-0.001184
-0.000605
0.001533
0.000808
-0.001683
-0.000456
0.003354
0.002254
-0.001978
-0.001049
0.002289
0.000542
-0.002969
-0.001621
0.001962
0.001357
-0.002461
-0.002861
0.000626
0.001180
-0.001497
-0.000051
0.004125
0.002016
-0.003945
-0.002764
0.003897
0.004078
-0.002284
-0.003712
0.001074
0.002362
-0.000821
-0.001126
0.000938
-0.000052
-0.002131
-0.000206
0.003453
0.002397
-0.002567
-0.004147
-0.000671
0.001948
0.000492
-0.001319
-0.000532
0.000372
-0.000247
-0.000020
0.001624
0.001727
-0.000545
-0.001682
0.000246
0.001933
0.000820
-0.000777
-0.000456
0.000869
0.001366
0.000408
-0.001093
-0.001495
-0.000719
-0.000082
0.000060
0.000135
0.000182
-0.000164
-0.000848
-0.000551
0.000908
0.000635
-0.002152
-0.002793
0.001077
0.004078
0.001669
-0.002346
-0.002675
-0.000332
0.001018
0.001074
0.001792
0.002881
0.001516
-0.001883
-0.002307
0.000680
0.001460
-0.000449
-0.000770
0.000101
-0.000133
-0.000704
-0.000924
-0.001063
-0.000697
0.000120
0.000401
-0.000143
-0.000610
-0.000143
0.000564
0.000351
-0.000128
-0.000292
-0.000886
-0.000613
0.001833
0.002828
-0.000118
-0.002220
-0.000109
0.001947
0.000899
-0.000591
-0.001000
-0.001168
0.000061
0.002851
0.002852
-0.001398
-0.004195
-0.002677
-0.000608
0.001267
0.004264
0.003723
-0.002491
-0.005996
-0.001461
0.003678
0.002609
-0.000509
-0.000787
-0.000276
-0.000358
0.000735
0.001279
-0.000984
-0.002298
0.000195
0.002120
0.000207
-0.002270
-0.002150
0.000046
0.002363
0.002372
-0.000156
-0.001901
-0.001161
0.000377
0.001674
0.002055
0.000282
-0.001858
-0.001409
-0.000032
-0.000204
0.000008
0.001814
0.002624
0.001207
-0.001003
-0.002716
-0.002468
-0.000074
0.001009
-0.000425
-0.000426
0.001091
0.000178
-0.001443
-0.000421
0.000970
0.000889
0.000584
-0.000246
-0.001323
-0.000447
0.000965
0.000028
-0.000991
0.000083
0.000400
-0.000280
0.001294
0.003026
0.000682
-0.002915
-0.002506
0.000387
0.000881
-0.000705
-0.000549
0.001544
0.002548
0.001525
0.000016
-0.001079
-0.001594
-0.000988
0.000311
0.000524
-0.000809
-0.001376
0.000550
0.002404
0.001205
-0.001014
-0.001581
-0.001794
-0.002046
-0.000636
0.000855
0.000091
-0.000675
0.000862
0.002560
0.002238
0.000688
-0.001128
-0.002743
-0.002575
-0.000076
0.002271
0.002661
0.001936
0.000391
-0.001863
-0.002337
-0.000005
0.001307
-0.000306
-0.000619
0.001521
0.000993
-0.001978
-0.001281
0.001899
0.001654
-0.000404
-0.000015
0.000756
-0.000784
-0.002395
-0.001703
-0.000008
0.000433
0.000259
0.001624
0.003018
0.000803
-0.003394
-0.004003
-0.000433
0.002553
0.002295
0.000257
-0.001122
-0.000768
0.000176
0.000418
0.000540
0.000580
-0.000614
-0.001326
0.000853
0.002494
-0.000198
-0.003028
-0.001123
0.002329
0.002280
-0.000475
-0.002516
-0.002770
-0.001568
0.000400
0.001734
0.001902
0.001130
-0.000470
-0.001168
0.000362
0.001428
0.000053
-0.000707
0.000799
0.001382
-0.000066
-0.001117
-0.001203
-0.000874
0.000361
0.001814
0.001834
0.000150
-0.001870
-0.002282
-0.000601
0.001204
0.001096
-0.000304
-0.000867
-0.000181
0.000404
0.000386
0.000323
0.000024
-0.000799
-0.000832
0.000582
0.001371
0.000468
-0.000331
-0.000283
0.000006
0.000472
-0.000130
-0.002264
-0.002465
0.000644
0.002424
0.000743
-0.000193
0.000910
0.000333
-0.001522
-0.000819
0.001392
0.001547
-0.000018
-0.000617
0.000396
0.000643
-0.001388
-0.002790
-0.000778
0.002151
0.002541
0.001052
-0.000187
-0.001102
-0.002165
-0.002176
-0.000282
0.001541
0.001300
0.000173
0.000135
0.000827
0.000342
-0.001645
-0.002504
-0.000538
0.001594
0.001487
0.000769
0.000627
-0.000067
-0.000842
-0.000212
0.000832
0.000409
-0.001104
-0.001573
-0.000151
0.001071
0.000414
-0.000231
0.000534
0.000679
-0.000300
-0.000059
0.000966
0.000068
-0.001748
-0.001198
0.000967
0.001480
0.000559
0.000248
0.000091
-0.000384
-0.000134
0.000115
-0.000944
-0.001927
-0.001242
0.000489
0.002056
0.002447
0.001109
-0.000789
-0.001668
-0.001644
-0.001305
-0.000700
-0.000350
-0.000272
0.000522
0.001361
0.000781
-0.000168
-0.000296
-0.000580
-0.000698
0.000795
0.002057
0.000754
-0.000876
-0.000120
0.001438
0.001578
0.000632
-0.000565
-0.001469
-0.001332
-0.000286
0.000636
0.000749
-0.000034
-0.001018
-0.000906
0.000126
0.000166
-0.000969
-0.001256
-0.000272
0.000613
0.001102
0.001200
0.000116
-0.001484
-0.001687
-0.000612
0.000194
0.000675
0.001308
0.001181
-0.000005
-0.000589
0.000009
0.000391
0.000288
0.000510
0.000637
0.000045
-0.000559
-0.000202
0.000953
0.001470
0.000231
-0.001347
-0.000978
0.000240
-0.000205
-0.000983
0.000135
0.001153
0.000153
-0.000515
0.000349
0.000198
-0.001424
-0.001854
-0.000549
0.000513
0.000417
-0.000005
0.000101
0.000330
-0.000167
-0.000769
-0.000282
0.000494
0.000141
-0.000376
0.000296
0.000972
0.000530
0.000243
0.001010
0.001665
0.001140
-0.000190
-0.001329
-0.001587
-0.000972
-0.000067
0.000375
0.000185
0.000184
0.000683
0.000670
-0.000200
-0.001072
-0.001723
-0.002077
-0.001143
0.000919
0.002114
0.001526
0.000480
0.000265
0.000413
-0.000057
-0.000793
-0.000909
-0.000525
-0.000070
0.000487
0.000916
0.000669
-0.000146
-0.000632
-0.000253
0.000242
-0.000090
-0.000724
-0.000669
-0.000261
-0.000061
0.000385
0.000950
0.000367
-0.001152
-0.001566
-0.000313
0.001119
0.001719
0.001585
0.001043
0.000224
-0.000808
-0.001389
-0.000887
0.000003
0.000437
0.000742
0.001039
0.000693
-0.000214
-0.000826
-0.000956
-0.001243
-0.001708
-0.001236
0.000504
0.001940
0.001850
0.001007
0.000355
-0.000469
-0.001717
-0.002264
-0.001144
0.000580
0.001244
0.001119
0.001413
0.001654
0.000584
-0.001084
-0.001556
-0.000965
-0.000525
-0.000018
0.000959
0.001408
0.000850
0.000306
0.000290
0.000092
-0.000709
-0.001500
-0.001511
-0.000565
0.000886
0.001839
0.001373
-0.000297
-0.001820
-0.002161
-0.001611
-0.000702
0.000554
0.001463
0.001134
0.000452
0.000412
-0.000039
-0.001367
-0.001703
-0.000298
0.000884
0.000709
0.000351
0.000453
0.000272
-0.000296
-0.000532
-0.000321
-0.000158
-0.000092
0.000428
0.001384
0.001659
0.000700
-0.000307
-0.000279
0.000144
-0.000003
-0.000519
-0.000735
-0.000558
-0.000298
-0.000129
-0.000085
-0.000234
-0.000534
-0.000682
-0.000413
0.000103
0.000479
0.000621
0.000648
0.000567
0.000450
0.000498
0.000623
0.000523
0.000324
0.000428
0.000694
0.000615
0.000222
-0.000089
-0.000280
-0.000371
-0.000175
0.000099
0.000060
-0.000120
-0.000134
-0.000049
0.000048
0.000053
-0.000276
-0.000853
-0.001287
-0.001440
-0.001181
-0.000346
0.000534
0.000642
-0.000049
-0.001010
-0.001687
-0.001480
-0.000329
0.000787
0.000897
0.000283
-0.000112
-0.000142
-0.000335
-0.000556
-0.000104
0.000880
0.001462
0.001203
0.000472
-0.000118
-0.000202
0.000082
0.000427
0.000737
0.000920
0.000838
0.000482
-0.000317
-0.001821
-0.003563
-0.004191
-0.002726
0.000103
0.002266
0.002370
0.001008
-0.000086
-0.000042
0.000542
0.000973
0.001317
0.001583
0.001548
0.001699
0.002591
0.003386
0.002760
0.000919
-0.000525
-0.000544
0.000166
0.000482
0.000494
0.000564
0.000082
-0.001185
-0.002046
-0.001917
-0.002106
-0.003337
-0.004119
-0.003228
-0.001536
-0.000331
0.000076
-0.000247
-0.001017
-0.001484
-0.001313
-0.000953
-0.000689
-0.000445
-0.000161
0.000462
0.001580
0.002417
0.002134
0.001149
0.000578
0.000910
0.001834
0.002799
0.003361
0.003245
0.002449
0.001427
0.000803
0.000571
0.000161
-0.000557
-0.001127
-0.001267
-0.001074
-0.000853
-0.000920
-0.001333
-0.001963
-0.002556
-0.002727
-0.002403
-0.001998
-0.002289
-0.004107
-0.006843
-0.007552
-0.004029
0.001357
0.003913
0.002671
0.000985
0.001027
0.001527
0.001809
0.003398
0.005836
0.006052
0.003999
0.003545
0.005846
0.007077
0.004727
0.001386
0.000129
0.000342
0.000414
0.000769
0.001716
0.001493
-0.000832
-0.003124
-0.003338
-0.002620
-0.003171
-0.004785
-0.005528
-0.004809
-0.003835
-0.003384
-0.003134
-0.003144
-0.003885
-0.004817
-0.004892
-0.004169
-0.003370
-0.002376
-0.000629
0.001354
0.002385
0.002589
0.003415
0.005041
0.005805
0.005300
0.005307
0.006389
0.006875
0.006228
0.005790
0.005609
0.004273
0.002031
0.000686
0.000535
0.000186
-0.000831
-0.001648
-0.002051
-0.002765
-0.003820
-0.004377
-0.004301
-0.004515
-0.005403
-0.006034
-0.005666
-0.004857
-0.004336
-0.003881
-0.003098
-0.002237
-0.001598
-0.001071
-0.000745
-0.001169
-0.002392
-0.003241
-0.002167
0.001058
0.004701
0.006712
0.006762
0.005916
0.004966
0.004152
0.003940
0.004659
0.005404
0.004929
0.003982
0.004504
0.006066
0.006024
0.003661
0.001076
-0.000407
-0.001538
-0.002487
-0.002269
-0.001418
-0.001868
-0.003624
-0.004758
-0.004774
-0.005053
-0.006136
-0.006989
-0.006863
-0.006092
-0.005109
-0.004035
-0.003229
-0.003160
-0.003515
-0.003284
-0.002044
-0.000483
0.000655
0.001467
0.002479
0.003924
0.005573
0.006796
0.006861
0.005842
0.004906
0.004974
0.005670
0.006129
0.006040
0.005521
0.004698
0.003738
0.002762
0.001513
-0.000274
-0.002207
-0.003575
-0.004131
-0.004101
-0.003838
-0.003830
-0.004535
-0.005766
-0.006663
-0.006704
-0.006301
-0.005940
-0.005337
-0.004156
-0.003003
-0.002959
-0.004344
-0.005943
-0.005532
-0.002187
0.002132
0.004853
0.006013
0.007061
0.007630
0.006697
0.005592
0.006033
0.006804
0.006097
0.005201
0.006298
0.008309
0.008255
0.005744
0.003072
0.001441
-0.000055
-0.001736
-0.002407
-0.001952
-0.002176
-0.003682
-0.004761
-0.004690
-0.005015
-0.006547
-0.007979
-0.008133
-0.007341
-0.006317
-0.005273
-0.004244
-0.003470
-0.003293
-0.003608
-0.003614
-0.002751
-0.001469
-0.000355
0.000915
0.002937
0.005179
0.006356
0.006395
0.006437
0.006725
0.006584
0.006310
0.006733
0.007411
0.007361
0.006814
0.006450
0.005739
0.003879
0.001461
-0.000467
-0.001999
-0.003647
-0.005040
-0.005521
-0.005397
-0.005512
-0.005998
-0.006463
-0.006948
-0.007603
-0.007959
-0.007446
-0.006139
-0.004607
-0.003289
-0.002154
-0.001162
-0.000906
-0.002022
-0.003755
-0.003979
-0.001419
0.002566
0.005575
0.007177
0.008512
0.009296
0.008248
0.006346
0.005936
0.006634
0.006051
0.004583
0.005106
0.007505
0.008213
0.005978
0.003386
0.001850
-0.000121
-0.002796
-0.004108
-0.003710
-0.003892
-0.005443
-0.006394
-0.005789
-0.005383
-0.006559
-0.008187
-0.008742
-0.008450
-0.007985
-0.006914
-0.004877
-0.002882
-0.002008
-0.001840
-0.001450
-0.000944
-0.000596
0.000439
0.002706
0.004907
0.005877
0.006547
0.007769
0.008375
0.007528
0.006520
0.006463
0.006660
0.006509
0.006534
0.006696
0.006045
0.004485
0.002935
0.001671
0.000010
-0.002457
-0.005049
-0.006584
-0.006782
-0.006586
-0.006752
-0.007061
-0.007289
-0.007610
-0.007816
-0.007434
-0.006630
-0.005911
-0.005201
-0.004095
-0.002632
-0.001531
-0.001742
-0.003083
-0.003425
-0.000913
0.003133
0.005892
0.007081
0.008236
0.009024
0.008280
0.007434
0.008372
0.009394
0.007952
0.005689
0.005909
0.007707
0.007582
0.005306
0.003303
0.001828
-0.000549
-0.003143
-0.004105
-0.004057
-0.005140
-0.007158
-0.007903
-0.007003
-0.006535
-0.007612
-0.008897
-0.009107
-0.008715
-0.008207
-0.006939
-0.004875
-0.003292
-0.002778
-0.002334
-0.001135
0.000256
0.001041
0.001660
0.003263
0.005698
0.007333
0.007629
0.008083
0.009312
0.009642
0.008299
0.007181
0.007432
0.007479
0.006442
0.005776
0.005885
0.005014
0.002722
0.000654
-0.000793
-0.003092
-0.006371
-0.008677
-0.009046
-0.008805
-0.009095
-0.009259
-0.008615
-0.007934
-0.007923
-0.007873
-0.007015
-0.005796
-0.004791
-0.003682
-0.001987
-0.000115
0.000684
-0.000211
-0.001259
-0.000072
0.003278
0.006251
0.007707
0.008950
0.010212
0.009907
0.008525
0.008645
0.009852
0.008878
0.005838
0.004561
0.005833
0.006183
0.004170
0.002177
0.001223
-0.000590
-0.003532
-0.005216
-0.005231
-0.006154
-0.008629
-0.009939
-0.008917
-0.007854
-0.008221
-0.008684
-0.008295
-0.007878
-0.007709
-0.006863
-0.005142
-0.003445
-0.002175
-0.000873
0.000601
0.001846
0.002822
0.003943
0.005446
0.007147
0.008458
0.008912
0.008998
0.009526
0.010016
0.009353
0.007906
0.006967
0.006516
0.005670
0.004590
0.003851
0.002894
0.000998
-0.001309
-0.003251
-0.005158
-0.007561
-0.009737
-0.010590
-0.010366
-0.010021
-0.009656
-0.008937
-0.008089
-0.007385
-0.006581
-0.005529
-0.004485
-0.003504
-0.002250
-0.000620
0.000878
0.001467
0.001006
0.000635
0.001916
0.004830
0.007567
0.009051
0.010065
0.010839
0.010271
0.008799
0.008474
0.009020
0.007942
0.005341
0.004145
0.004865
0.004735
0.002727
0.000796
-0.000471
-0.002713
-0.005733
-0.007343
-0.007580
-0.008579
-0.010328
-0.010663
-0.009295
-0.008220
-0.008179
-0.007965
-0.007177
-0.006597
-0.005997
-0.004508
-0.002601
-0.001301
-0.000471
0.000635
0.002299
0.004193
0.005352
0.005076
0.004657
0.006289
0.009390
0.010882
0.010037
0.009420
0.010008
0.009698
0.007773
0.006152
0.005193
0.003138
0.000420
-0.000465
0.000184
-0.000660
-0.003538
-0.005822
-0.006471
-0.007288
-0.009090
-0.010399
-0.010468
-0.010255
-0.009983
-0.008708
-0.006550
-0.004889
-0.004193
-0.003522
-0.002314
-0.001118
-0.000377
0.000332
0.001475
0.002744
0.003413
0.003312
0.003269
0.004226
0.005948
0.007459
0.008601
0.009712
0.010060
0.008723
0.006911
0.006609
0.006973
0.005545
0.002903
0.001819
0.002132
0.001279
-0.000766
-0.002076
-0.002971
-0.004985
-0.007284
-0.008019
-0.007738
-0.008344
-0.009696
-0.009906
-0.008556
-0.007176
-0.006583
-0.005977
-0.004841
-0.003735
-0.002897
-0.001732
-0.000020
0.001619
0.002687
0.003546
0.004842
0.006275
0.006656
0.005744
0.005109
0.006200
0.008200
0.009076
0.008397
0.007568
0.007343
0.006889
0.005549
0.003745
0.001768
-0.000529
-0.002472
-0.003051
-0.002886
-0.003612
-0.005306
-0.006545
-0.006784
-0.006938
-0.007755
-0.008893
-0.009522
-0.009126
-0.007786
-0.005929
-0.003973
-0.002311
-0.001097
0.000070
0.001479
0.002578
0.002775
0.002454
0.002495
0.003060
0.003435
0.003149
0.002749
0.003095
0.004238
0.005594
0.006843
0.007817
0.007883
0.006670
0.005099
0.004311
0.003962
0.002931
0.001280
0.000103
-0.000289
-0.000688
-0.001585
-0.002652
-0.003712
-0.005130
-0.006735
-0.007543
-0.007389
-0.007326
-0.007613
-0.007288
-0.006079
-0.004736
-0.003676
-0.002821
-0.002164
-0.001658
-0.001082
-0.000223
0.001100
0.002776
0.004195
0.004958
0.005516
0.006376
0.007055
0.006611
0.005047
0.003579
0.003325
0.004126
0.004964
0.005185
0.004844
0.004209
0.003486
0.002627
0.001123
-0.001357
-0.004083
-0.005754
-0.005946
-0.005452
-0.005142
-0.005063
-0.004808
-0.004299
-0.003894
-0.003965
-0.004585
-0.005413
-0.005746
-0.005066
-0.003632
-0.002068
-0.000513
0.001140
0.002581
0.003489
0.004012
0.004169
0.003653
0.002690
0.001964
0.001555
0.001053
0.000589
0.000853
0.002096
0.003751
0.005145
0.005993
0.006120
0.005435
0.004235
0.002950
0.001643
0.000201
-0.001159
-0.001918
-0.001776
-0.001120
-0.000818
-0.001306
-0.002258
-0.003319
-0.004450
-0.005472
-0.006076
-0.006242
-0.006085
-0.005481
-0.004259
-0.002646
-0.001262
-0.000517
-0.000201
0.000085
0.000387
0.000621
0.000956
0.001535
0.002233
0.003010
0.003958
0.004750
0.004762
0.003987
0.003286
0.003463
0.004239
0.004497
0.003828
0.003078
0.002801
0.002426
0.001562
0.000544
-0.000637
-0.002180
-0.003386
-0.003489
-0.003142
-0.003448
-0.004188
-0.004342
-0.003734
-0.003175
-0.003259
-0.003708
-0.003965
-0.003889
-0.003575
-0.002934
-0.001918
-0.000815
0.000178
0.001174
0.002060
0.002507
0.002506
0.002299
0.002084
0.001962
0.001745
0.001132
0.000395
0.000203
0.000764
0.001895
0.003438
0.004907
0.005544
0.005289
0.004796
0.004219
0.003034
0.001225
-0.000401
-0.001296
-0.001682
-0.001842
-0.001772
-0.001717
-0.002110
-0.002784
-0.003203
-0.003488
-0.004165
-0.005047
-0.005446
-0.005229
-0.004674
-0.003777
-0.002525
-0.001241
-0.000158
0.000751
0.001506
0.002046
0.002222
0.001992
0.001810
0.002176
0.002870
0.003378
0.003626
0.003522
0.002780
0.002049
0.002588
0.003886
0.003882
0.002427
0.001651
0.002106
0.001975
0.000631
-0.000713
-0.001795
-0.003126
-0.003933
-0.003407
-0.002608
-0.002768
-0.003218
-0.002715
-0.001575
-0.001189
-0.001970
-0.002919
-0.003220
-0.003107
-0.002846
-0.002239
-0.001360
-0.000522
0.000329
0.001270
0.001996
0.002198
0.001882
0.001344
0.001039
0.001039
0.000773
-0.000003
-0.000526
-0.000063
0.001131
0.002466
0.003776
0.004853
0.005198
0.004881
0.004514
0.003968
0.002601
0.000750
-0.000562
-0.001138
-0.001440
-0.001581
-0.001586
-0.001789
-0.002271
-0.002713
-0.003086
-0.003707
-0.004529
-0.005080
-0.005092
-0.004607
-0.003710
-0.002601
-0.001478
-0.000350
0.000653
0.001302
0.001683
0.001914
0.001906
0.001755
0.001726
0.001794
0.001713
0.001587
0.001963
0.003106
0.004384
0.004856
0.004458
0.003912
0.003431
0.002516
0.001122
-0.000154
-0.001045
-0.001737
-0.002141
-0.002031
-0.001748
-0.001847
-0.002245
-0.002476
-0.002505
-0.002696
-0.003205
-0.003761
-0.003961
-0.003680
-0.003138
-0.002518
-0.001708
-0.000664
0.000294
0.000912
0.001266
0.001333
0.001043
0.000775
0.000939
0.001245
0.001172
0.000825
0.000666
0.000781
0.001068
0.001731
0.002877
0.003971
0.004417
0.004376
0.004299
0.004059
0.003290
0.002126
0.000884
-0.000383
-0.001458
-0.001966
-0.002106
-0.002339
-0.002595
-0.002673
-0.002773
-0.003049
-0.003396
-0.003746
-0.004018
-0.004022
-0.003702
-0.003137
-0.002333
-0.001329
-0.000246
0.000773
0.001511
0.001828
0.001892
0.001980
0.002152
0.002312
0.002342
0.002100
0.001582
0.001235
0.001765
0.003149
0.004164
0.003872
0.003071
0.002843
0.002516
0.001043
-0.000821
-0.001908
-0.002576
-0.003333
-0.003479
-0.002605
-0.001649
-0.001366
-0.001199
-0.000588
-0.000176
-0.000666
-0.001592
-0.002248
-0.002675
-0.002973
-0.002835
-0.002197
-0.001418
-0.000717
0.000037
0.000915
0.001636
0.001829
0.001482
0.001040
0.000877
0.000749
0.000331
-0.000066
-0.000094
0.000044
0.000299
0.001089
0.002365
0.003388
0.003809
0.003987
0.004023
0.003534
0.002467
0.001196
-0.000031
-0.001060
-0.001625
-0.001714
-0.001719
-0.001855
-0.001923
-0.001857
-0.001937
-0.002252
-0.002569
-0.002838
-0.003180
-0.003392
-0.003126
-0.002432
-0.001584
-0.000724
0.000066
0.000746
0.001386
0.001912
0.002129
0.002080
0.001910
0.001593
0.001073
0.000435
0.000096
0.000736
0.002274
0.003437
0.003506
0.003346
0.003482
0.003137
0.002068
0.000993
-0.000044
-0.001396
-0.002467
-0.002580
-0.002239
-0.002261
-0.002552
-0.002507
-0.002067
-0.001838
-0.002148
-0.002519
-0.002520
-0.002396
-0.002316
-0.001955
-0.001221
-0.000448
0.000221
0.000874
0.001413
0.001647
0.001553
0.001282
0.001088
0.001015
0.000787
0.000334
-0.000038
-0.000142
0.000027
0.000558
0.001483
0.002563
0.003420
0.003860
0.003946
0.003708
0.003005
0.001834
0.000498
-0.000710
-0.001692
-0.002342
-0.002616
-0.002676
-0.002604
-0.002277
-0.001675
-0.001085
-0.000964
-0.001533
-0.002379
-0.002843
-0.002848
-0.002698
-0.002284
-0.001342
-0.000115
0.000901
0.001566
0.001989
0.002126
0.001977
0.001724
0.001323
0.000640
0.000090
0.000256
0.000971
0.001635
0.002195
0.002939
0.003565
0.003419
0.002553
0.001582
0.000640
-0.000502
-0.001577
-0.002137
-0.002365
-0.002617
-0.002636
-0.002027
-0.001049
-0.000361
-0.000240
-0.000459
-0.000807
-0.001300
-0.001938
-0.002552
-0.002839
-0.002541
-0.001752
-0.000806
0.000157
0.001098
0.001780
0.002017
0.001854
0.001372
0.000718
0.000159
-0.000165
-0.000297
-0.000295
-0.000216
-0.000011
0.000499
0.001318
0.002196
0.002875
0.003219
0.003220
0.002965
0.002476
0.001691
0.000673
-0.000326
-0.001093
-0.001602
-0.001909
-0.001994
-0.001833
-0.001610
-0.001555
-0.001616
-0.001625
-0.001672
-0.001916
-0.002186
-0.002155
-0.001846
-0.001511
-0.001147
-0.000613
0.000018
0.000632
0.001249
0.001766
0.001936
0.001770
0.001547
0.001370
0.001223
0.001310
0.001709
0.002006
0.001914
0.001753
0.001790
0.001744
0.001369
0.000853
0.000389
-0.000117
-0.000804
-0.001603
-0.002249
-0.002518
-0.002505
-0.002395
-0.002108
-0.001604
-0.001162
-0.000949
-0.000800
-0.000600
-0.000432
-0.000380
-0.000479
-0.000699
-0.000838
-0.000647
-0.000152
0.000343
0.000639
0.000835
0.001087
0.001311
0.001252
0.000806
0.000153
-0.000408
-0.000630
-0.000432
-0.000013
0.000367
0.000815
0.001568
0.002406
0.002927
0.003103
0.003009
0.002536
0.001721
0.000837
-0.000016
-0.000939
-0.001771
-0.002128
-0.002054
-0.001977
-0.002006
-0.001901
-0.001597
-0.001318
-0.001296
-0.001489
-0.001663
-0.001751
-0.001833
-0.001790
-0.001398
-0.000675
0.000161
0.000978
0.001717
0.002195
0.002079
0.001305
0.000594
0.000748
0.001350
0.001446
0.001292
0.001750
0.002479
0.002568
0.002224
0.002045
0.001719
0.000867
-0.000111
-0.000861
-0.001573
-0.002375
-0.002976
-0.003008
-0.002568
-0.002105
-0.001659
-0.000930
-0.000185
-0.000019
-0.000314
-0.000514
-0.000599
-0.000882
-0.001228
-0.001180
-0.000697
-0.000228
0.000055
0.000457
0.000987
0.001215
0.001099
0.001043
0.001111
0.001004
0.000683
0.000345
0.000011
-0.000323
-0.000419
-0.000071
0.000517
0.001038
0.001551
0.002146
0.002514
0.002330
0.001681
0.000853
0.000106
-0.000367
-0.000666
-0.001066
-0.001452
-0.001520
-0.001445
-0.001514
-0.001526
-0.001295
-0.001054
-0.000960
-0.000868
-0.000758
-0.000854
-0.001176
-0.001351
-0.001102
-0.000643
-0.000264
0.000155
0.000900
0.001862
0.002582
0.002781
0.002546
0.002067
0.001422
0.000648
-0.000091
-0.000610
-0.000870
-0.000888
-0.000673
-0.000330
0.000024
0.000442
0.000945
0.001276
0.001151
0.000658
0.000115
-0.000403
-0.001048
-0.001764
-0.002249
-0.002335
-0.002081
-0.001587
-0.000959
-0.000352
0.000086
0.000280
0.000275
0.000212
0.000161
0.000027
-0.000279
-0.000595
-0.000656
-0.000417
0.000012
0.000501
0.000847
0.000878
0.000719
0.000701
0.000859
0.000855
0.000708
0.000913
0.001439
0.001621
0.001349
0.001244
0.001488
0.001572
0.001312
0.001057
0.000803
0.000157
-0.000793
-0.001542
-0.002031
-0.002552
-0.003014
-0.003082
-0.002790
-0.002439
-0.002075
-0.001495
-0.000709
0.000021
0.000562
0.000982
0.001230
0.001102
0.000683
0.000474
0.000771
0.001193
0.001299
0.001393
0.001871
0.002230
0.001855
0.001158
0.000769
0.000479
-0.000054
-0.000579
-0.000887
-0.001146
-0.001318
-0.001092
-0.000503
-0.000048
-0.000022
-0.000104
0.000101
0.000357
0.000162
-0.000418
-0.000947
-0.001318
-0.001603
-0.001663
-0.001434
-0.001075
-0.000669
-0.000204
0.000269
0.000620
0.000712
0.000562
0.000350
0.000173
-0.000001
-0.000136
-0.000097
0.000083
0.000156
0.000085
0.000152
0.000467
0.000826
0.001127
0.001417
0.001594
0.001511
0.001247
0.000954
0.000647
0.000336
0.000121
0.000020
-0.000053
-0.000098
-0.000048
-0.000005
-0.000195
-0.000577
-0.000838
-0.000956
-0.001190
-0.001464
-0.001531
-0.001556
-0.001750
-0.001805
-0.001412
-0.000779
-0.000195
0.000304
0.000686
0.000934
0.001172
0.001382
0.001360
0.001089
0.000811
0.000733
0.000823
0.000841
0.000626
0.000326
0.000182
0.000243
0.000415
0.000553
0.000481
0.000184
-0.000114
-0.000280
-0.000445
-0.000696
-0.000938
-0.001090
-0.001111
-0.000978
-0.000782
-0.000673
-0.000645
-0.000527
-0.000291
-0.000132
-0.000180
-0.000344
-0.000443
-0.000375
-0.000239
-0.000206
-0.000197
-0.000022
0.000217
0.000350
0.000527
0.000894
0.001246
0.001332
0.001180
0.000931
0.000597
0.000234
0.000058
0.000113
0.000199
0.000246
0.000335
0.000464
0.000596
0.000692
0.000661
0.000457
0.000166
-0.000077
-0.000260
-0.000558
-0.001090
-0.001652
-0.001912
-0.001806
-0.001520
-0.001204
-0.000836
-0.000376
0.000058
0.000306
0.000445
0.000652
0.000827
0.000747
0.000492
0.000328
0.000313
0.000334
0.000338
0.000355
0.000434
0.000561
0.000657
0.000731
0.000825
0.000819
0.000621
0.000351
0.000047
-0.000385
-0.000831
-0.001049
-0.001034
-0.000931
-0.000795
-0.000610
-0.000359
-0.000091
0.000076
0.000114
0.000055
-0.000127
-0.000393
-0.000577
-0.000583
-0.000496
-0.000439
-0.000376
-0.000212
-0.000066
-0.000096
-0.000108
0.000183
0.000594
0.000754
0.000697
0.000687
0.000706
0.000545
0.000267
0.000159
0.000244
0.000287
0.000261
0.000355
0.000511
0.000445
0.000188
0.000067
0.000140
0.000197
0.000200
0.000259
0.000316
0.000216
-0.000034
-0.000275
-0.000401
-0.000469
-0.000589
-0.000746
-0.000812
-0.000778
-0.000769
-0.000798
-0.000754
-0.000651
-0.000610
-0.000588
-0.000366
0.000089
0.000505
0.000657
0.000627
0.000655
0.000827
0.000975
0.000927
0.000727
0.000534
0.000423
0.000348
0.000221
0.000044
-0.000063
-0.000037
0.000051
0.000066
-0.000065
-0.000234
-0.000307
-0.000348
-0.000469
-0.000597
-0.000559
-0.000335
-0.000100
-0.000029
-0.000126
-0.000261
-0.000372
-0.000514
-0.000685
-0.000819
-0.000876
-0.000816
-0.000603
-0.000240
0.000186
0.000503
0.000613
0.000630
0.000704
0.000788
0.000733
0.000545
0.000388
0.000353
0.000420
0.000551
0.000666
0.000641
0.000468
0.000284
0.000217
0.000282
0.000386
0.000397
0.000260
0.000038
-0.000204
-0.000481
-0.000805
-0.001087
-0.001150
-0.000919
-0.000573
-0.000343
-0.000253
-0.000249
-0.000322
-0.000395
-0.000396
-0.000352
-0.000217
0.000079
0.000389
0.000504
0.000413
0.000243
0.000147
0.000256
0.000503
0.000626
0.000538
0.000469
0.000597
0.000742
0.000628
0.000287
-0.000041
-0.000229
-0.000315
-0.000371
-0.000411
-0.000385
-0.000236
-0.000050
-0.000044
-0.000270
-0.000531
-0.000666
-0.000660
-0.000492
-0.000213
-0.000043
-0.000072
-0.000087
0.000054
0.000177
0.000072
-0.000232
-0.000479
-0.000458
-0.000247
-0.000023
0.000215
0.000451
0.000506
0.000390
0.000373
0.000525
0.000612
0.000513
0.000388
0.000367
0.000330
0.000168
-0.000007
-0.000113
-0.000254
-0.000440
-0.000466
-0.000221
0.000098
0.000264
0.000300
0.000305
0.000205
-0.000049
-0.000319
-0.000480
-0.000540
-0.000508
-0.000384
-0.000194
0.000052
0.000307
0.000403
0.000244
-0.000052
-0.000351
-0.000529
-0.000400
-0.000027
0.000182
0.000046
-0.000134
-0.000084
0.000120
0.000300
0.000385
0.000363
0.000303
0.000384
0.000638
0.000759
0.000513
0.000147
-0.000015
-0.000021
-0.000072
-0.000194
-0.000270
-0.000270
-0.000277
-0.000307
-0.000347
-0.000469
-0.000638
-0.000629
-0.000367
-0.000085
0.000026
0.000054
0.000128
0.000212
0.000257
0.000250
0.000118
-0.000144
-0.000343
-0.000376
-0.000416
-0.000611
-0.000808
-0.000684
-0.000117
0.000550
0.000839
0.000701
0.000455
0.000360
0.000454
0.000640
0.000776
0.000718
0.000423
0.000062
-0.000114
-0.000077
-0.000023
-0.000061
-0.000097
-0.000003
0.000195
0.000296
0.000175
-0.000058
-0.000295
-0.000585
-0.000921
-0.001125
-0.001064
-0.000756
-0.000336
-0.000016
0.000075
0.000040
0.000084
0.000273
0.000454
0.000448
0.000289
0.000186
0.000225
0.000285
0.000241
0.000129
0.000100
0.000220
0.000406
0.000520
0.000473
0.000319
0.000181
0.000053
-0.000123
-0.000263
-0.000255
-0.000177
-0.000175
-0.000191
-0.000126
-0.000129
-0.000307
-0.000420
-0.000294
-0.000123
-0.000085
-0.000098
-0.000061
0.000016
0.000096
0.000137
0.000083
-0.000070
-0.000243
-0.000326
-0.000258
-0.000087
0.000036
0.000035
-0.000034
-0.000113
-0.000135
-0.000074
-0.000015
0.000017
0.000153
0.000455
0.000744
0.000759
0.000402
-0.000156
-0.000604
-0.000758
-0.000618
-0.000256
0.000173
0.000466
0.000546
0.000459
0.000261
0.000037
-0.000065
0.000010
0.000140
0.000202
0.000173
0.000071
-0.000040
-0.000040
0.000063
0.000031
-0.000246
-0.000472
-0.000416
-0.000289
-0.000298
-0.000370
-0.000418
-0.000377
-0.000155
0.000140
0.000269
0.000203
0.000085
0.000030
0.000125
0.000371
0.000609
0.000659
0.000493
0.000236
0.000047
0.000017
0.000094
0.000130
0.000113
0.000181
0.000288
0.000191
-0.000133
-0.000415
-0.000506
-0.000548
-0.000630
-0.000590
-0.000344
-0.000045
0.000207
0.000352
0.000240
-0.000074
-0.000271
-0.000245
-0.000159
-0.000102
-0.000087
-0.000112
-0.000114
-0.000098
-0.000165
-0.000269
-0.000228
0.000028
0.000386
0.000628
0.000612
0.000409
0.000231
0.000208
0.000257
0.000266
0.000223
0.000129
0.000015
-0.000041
-0.000084
-0.000229
-0.000423
-0.000489
-0.000394
-0.000258
-0.000110
0.000087
0.000211
0.000107
-0.000146
-0.000363
-0.000465
-0.000455
-0.000357
-0.000200
-0.000010
0.000169
0.000282
0.000319
0.000319
0.000329
0.000344
0.000277
0.000103
-0.000045
-0.000010
0.000199
0.000430
0.000583
0.000655
0.000607
0.000381
0.000065
-0.000142
-0.000193
-0.000253
-0.000362
-0.000363
-0.000280
-0.000343
-0.000550
-0.000677
-0.000617
-0.000383
-0.000048
0.000187
0.000155
-0.000003
0.000014
0.000212
0.000294
0.000157
0.000052
0.000156
0.000297
0.000218
-0.000073
-0.000329
-0.000325
-0.000036
0.000337
0.000509
0.000374
0.000089
-0.000124
-0.000188
-0.000167
-0.000137
-0.000119
-0.000117
-0.000151
-0.000238
-0.000323
-0.000277
-0.000053
0.000192
0.000269
0.000181
0.000051
-0.000010
0.000040
0.000140
0.000186
0.000095
-0.000106
-0.000279
-0.000323
-0.000251
-0.000096
0.000062
0.000084
-0.000043
-0.000123
-0.000029
0.000073
0.000002
-0.000116
-0.000011
0.000305
0.000486
0.000321
0.000029
-0.000095
-0.000071
-0.000055
-0.000039
0.000066
0.000237
0.000400
0.000498
0.000493
0.000399
0.000291
0.000191
0.000038
-0.000174
-0.000408
-0.000667
-0.000835
-0.000684
-0.000242
0.000107
0.000080
-0.000161
-0.000282
-0.000143
0.000120
0.000240
0.000114
-0.000070
-0.000077
0.000074
0.000128
-0.000059
-0.000313
-0.000394
-0.000252
0.000013
0.000274
0.000443
0.000510
0.000512
0.000486
0.000412
0.000242
0.000030
-0.000105
-0.000144
-0.000134
-0.000095
-0.000102
-0.000223
-0.000331
-0.000282
-0.000208
-0.000253
-0.000282
-0.000161
0.000013
0.000130
0.000178
0.000153
0.000044
-0.000060
-0.000024
0.000098
0.000060
-0.000192
-0.000392
-0.000353
-0.000175
-0.000027
-0.000024
-0.000181
-0.000270
-0.000022
0.000441
0.000710
0.000607
0.000304
0.000044
-0.000036
0.000058
0.000222
0.000336
0.000322
0.000166
-0.000024
-0.000105
-0.000044
0.000117
0.000299
0.000353
0.000181
-0.000149
-0.000480
-0.000641
-0.000535
-0.000312
-0.000248
-0.000388
-0.000494
-0.000388
-0.000138
0.000085
0.000179
0.000158
0.000138
0.000230
0.000380
0.000377
0.000137
-0.000122
-0.000138
0.000065
0.000242
0.000266
0.000200
0.000112
0.000011
-0.000116
-0.000248
-0.000301
-0.000217
-0.000038
0.000162
0.000307
0.000311
0.000195
0.000114
0.000139
0.000126
-0.000052
-0.000308
-0.000457
-0.000407
-0.000213
-0.000052
-0.000084
-0.000217
-0.000141
0.000232
0.000564
0.000519
0.000173
-0.000191
-0.000445
-0.000542
-0.000457
-0.000371
-0.000416
-0.000368
-0.000032
0.000419
0.000679
0.000614
0.000313
-0.000018
-0.000217
-0.000243
-0.000096
0.000206
0.000511
0.000631
0.000542
0.000329
0.000107
-0.000002
-0.000007
0.000023
0.000062
-0.000018
-0.000258
-0.000373
-0.000253
-0.000211
-0.000419
-0.000647
-0.000647
-0.000398
-0.000024
0.000314
0.000456
0.000343
0.000156
0.000126
0.000180
0.000087
-0.000150
-0.000371
-0.000486
-0.000401
-0.000038
0.000387
0.000536
0.000440
0.000370
0.000356
0.000246
0.000070
-0.000005
0.000013
-0.000026
-0.000144
-0.000260
-0.000359
-0.000396
-0.000252
0.000037
0.000222
0.000169
0.000031
0.000032
0.000168
0.000197
0.000008
-0.000196
-0.000221
-0.000136
-0.000064
0.000002
0.000070
0.000073
0.000008
-0.000050
-0.000074
-0.000129
-0.000290
-0.000481
-0.000468
-0.000168
0.000176
0.000273
0.000132
0.000023
0.000122
0.000261
0.000209
0.000049
0.000009
0.000132
0.000311
0.000405
0.000316
0.000145
0.000105
0.000203
0.000247
0.000132
-0.000047
-0.000152
-0.000100
0.000088
0.000188
-0.000056
-0.000502
-0.000695
-0.000479
-0.000167
-0.000076
-0.000195
-0.000297
-0.000239
-0.000132
-0.000200
-0.000429
-0.000521
-0.000272
0.000178
0.000576
0.000796
0.000781
0.000547
0.000258
0.000088
0.000067
0.000123
0.000177
0.000178
0.000133
0.000087
0.000012
-0.000140
-0.000249
-0.000146
0.000079
0.000144
-0.000051
-0.000300
-0.000346
-0.000138
0.000123
0.000145
-0.000164
-0.000563
-0.000703
-0.000516
-0.000237
-0.000024
0.000176
0.000371
0.000479
0.000489
0.000418
0.000177
-0.000242
-0.000592
-0.000582
-0.000232
0.000092
0.000108
-0.000015
0.000029
0.000234
0.000382
0.000384
0.000308
0.000267
0.000352
0.000456
0.000378
0.000205
0.000151
0.000129
-0.000046
-0.000317
-0.000568
-0.000756
-0.000725
-0.000356
0.000101
0.000238
0.000000
-0.000284
-0.000348
-0.000231
-0.000094
-0.000014
0.000020
0.000081
0.000272
0.000509
0.000508
0.000211
-0.000088
-0.000148
-0.000013
0.000110
0.000077
-0.000050
-0.000123
-0.000104
-0.000064
-0.000036
0.000029
0.000109
0.000096
0.000022
0.000021
0.000053
-0.000005
-0.000089
-0.000091
-0.000062
-0.000126
-0.000302
-0.000425
-0.000259
0.000177
0.000519
0.000469
0.000180
0.000033
0.000131
0.000224
0.000144
-0.000028
-0.000170
-0.000194
-0.000072
0.000052
-0.000003
-0.000178
-0.000261
-0.000207
-0.000084
0.000100
0.000252
0.000188
-0.000097
-0.000408
-0.000589
-0.000595
-0.000411
-0.000076
0.000234
0.000328
0.000234
0.000185
0.000316
0.000513
0.000606
0.000566
0.000430
0.000196
-0.000034
-0.000081
0.000009
0.000040
-0.000037
-0.000135
-0.000166
-0.000134
-0.000146
-0.000298
-0.000507
-0.000542
-0.000286
0.000071
0.000193
-0.000026
-0.000323
-0.000389
-0.000245
-0.000111
-0.000024
0.000113
0.000217
0.000179
0.000129
0.000200
0.000301
0.000375
0.000479
0.000522
0.000347
0.000064
-0.000089
-0.000068
0.000016
0.000052
-0.000051
-0.000320
-0.000627
-0.000720
-0.000458
-0.000016
0.000250
0.000214
0.000115
0.000164
0.000286
0.000337
0.000256
0.000017
-0.000278
-0.000414
-0.000356
-0.000272
-0.000248
-0.000209
-0.000071
0.000145
0.000290
0.000237
0.000052
-0.000138
-0.000277
-0.000272
-0.000027
0.000326
0.000461
0.000258
0.000020
0.000047
0.000201
0.000228
0.000221
0.000353
0.000464
0.000310
-0.000055
-0.000381
-0.000454
-0.000267
-0.000067
-0.000096
-0.000305
-0.000421
-0.000250
0.000126
0.000386
0.000300
0.000023
-0.000131
-0.000145
-0.000234
-0.000419
-0.000498
-0.000353
-0.000056
0.000264
0.000495
0.000507
0.000230
-0.000142
-0.000271
-0.000110
0.000093
0.000190
0.000231
0.000236
0.000175
0.000103
0.000094
0.000152
0.000205
0.000152
-0.000007
-0.000171
-0.000312
-0.000420
-0.000376
-0.000125
0.000117
