4800
-0.000118
-0.000002
0.000105
0.000098
0.000009
-0.000027
0.000024
0.000081
0.000096
0.000065
-0.000010
-0.000107
-0.000164
-0.000117
-0.000005
0.000028
-0.000028
-0.000011
0.000122
0.000183
0.000082
-0.000026
-0.000045
-0.000056
-0.000078
-0.000034
0.000096
0.000239
0.000268
0.000115
-0.000111
-0.000241
-0.000250
-0.000239
-0.000241
-0.000199
-0.000092
0.000041
0.000140
0.000169
0.000155
0.000151
0.000182
0.000214
0.000181
0.000050
-0.000119
-0.000200
-0.000157
-0.000104
-0.000095
-0.000056
0.000024
0.000030
-0.000054
-0.000049
0.000114
0.000235
0.000176
0.000052
-0.000024
-0.000078
-0.000118
-0.000097
0.000004
0.000135
0.000204
0.000177
0.000085
-0.000034
-0.000116
-0.000110
-0.000064
-0.000075
-0.000144
-0.000182
-0.000126
-0.000043
-0.000037
-0.000074
-0.000037
0.000055
0.000100
0.000104
0.000148
0.000224
0.000243
0.000135
-0.000044
-0.000155
-0.000181
-0.000215
-0.000224
-0.000109
0.000049
0.000088
0.000027
0.000047
0.000184
0.000259
0.000177
0.000047
-0.000028
-0.000062
-0.000096
-0.000122
-0.000108
-0.000052
0.000029
0.000102
0.000103
0.000010
-0.000097
-0.000133
-0.000113
-0.000087
-0.000050
0.000006
0.000020
-0.000052
-0.000152
-0.000178
-0.000089
0.000034
0.000061
-0.000020
-0.000073
-0.000017
0.000068
0.000137
0.000208
0.000225
0.000160
0.000126
0.000174
0.000186
0.000097
0.000013
0.000020
0.000038
-0.000022
-0.000117
-0.000157
-0.000117
-0.000063
-0.000074
-0.000122
-0.000126
-0.000103
-0.000076
-0.000000
0.000064
0.000003
-0.000127
-0.000183
-0.000136
-0.000043
0.000051
0.000115
0.000140
0.000167
0.000241
0.000308
0.000240
0.000037
-0.000155
-0.000234
-0.000211
-0.000130
-0.000040
0.000018
0.000033
0.000013
-0.000019
-0.000038
-0.000033
-0.000010
0.000023
0.000055
0.000041
-0.000021
-0.000012
0.000092
0.000136
0.000084
0.000023
-0.000077
-0.000248
-0.000367
-0.000339
-0.000179
0.000056
0.000258
0.000322
0.000271
0.000185
0.000102
0.000055
0.000057
0.000060
0.000023
-0.000055
-0.000156
-0.000228
-0.000195
-0.000050
0.000109
0.000194
0.000199
0.000155
0.000101
0.000060
-0.000017
-0.000169
-0.000316
-0.000343
-0.000244
-0.000133
-0.000070
-0.000006
0.000067
0.000085
0.000057
0.000051
0.000081
0.000104
0.000106
0.000124
0.000150
0.000131
0.000069
0.000028
0.000048
0.000102
0.000116
0.000058
-0.000018
-0.000037
-0.000009
-0.000012
-0.000064
-0.000125
-0.000185
-0.000229
-0.000191
-0.000090
-0.000032
-0.000037
-0.000052
-0.000071
-0.000093
-0.000067
0.000027
0.000104
0.000080
0.000009
0.000005
0.000073
0.000130
0.000144
0.000119
0.000029
-0.000082
-0.000103
-0.000046
-0.000007
-0.000002
0.000027
0.000116
0.000225
0.000255
0.000178
0.000081
0.000055
0.000068
0.000026
-0.000089
-0.000188
-0.000218
-0.000234
-0.000256
-0.000221
-0.000129
-0.000040
0.000028
0.000090
0.000127
0.000097
0.000021
-0.000023
-0.000018
-0.000024
-0.000055
-0.000055
-0.000026
-0.000042
-0.000094
-0.000077
0.000027
0.000122
0.000156
0.000156
0.000117
0.000050
0.000019
0.000040
0.000060
0.000060
0.000041
0.000003
-0.000038
-0.000067
-0.000079
-0.000055
0.000007
0.000055
0.000032
-0.000034
-0.000064
-0.000036
0.000014
0.000042
0.000035
0.000023
0.000028
0.000031
0.000015
-0.000020
-0.000052
-0.000055
-0.000044
-0.000030
0.000005
0.000030
-0.000004
-0.000055
-0.000046
0.000013
0.000058
0.000064
0.000071
0.000115
0.000121
-0.000008
-0.000193
-0.000292
-0.000273
-0.000151
0.000027
0.000121
0.000081
0.000047
0.000103
0.000146
0.000072
-0.000072
-0.000154
-0.000109
-0.000034
-0.000058
-0.000107
-0.000033
0.000085
0.000125
0.000167
0.000240
0.000172
-0.000046
-0.000156
-0.000050
0.000077
0.000055
-0.000058
-0.000104
-0.000009
0.000143
0.000225
0.000212
0.000135
0.000006
-0.000123
-0.000197
-0.000226
-0.000247
-0.000246
-0.000167
-0.000022
0.000064
0.000046
0.000048
0.000110
0.000102
-0.000010
-0.000088
-0.000051
0.000035
0.000101
0.000135
0.000148
0.000134
0.000065
-0.000049
-0.000095
-0.000011
0.000088
0.000070
-0.000047
-0.000177
-0.000273
-0.000263
-0.000094
0.000093
0.000117
0.000064
0.000124
0.000247
0.000262
0.000185
0.000127
0.000072
-0.000049
-0.000208
-0.000296
-0.000212
-0.000009
0.000128
0.000116
0.000034
-0.000036
-0.000089
-0.000140
-0.000185
-0.000202
-0.000156
-0.000057
0.000009
0.000019
0.000047
0.000100
0.000114
0.000064
-0.000025
-0.000100
-0.000108
-0.000046
0.000056
0.000152
0.000203
0.000185
0.000112
0.000042
0.000039
0.000109
0.000162
0.000078
-0.000127
-0.000257
-0.000214
-0.000133
-0.000074
0.000047
0.000173
0.000170
0.000098
0.000081
0.000083
0.000052
-0.000001
-0.000069
-0.000134
-0.000148
-0.000134
-0.000147
-0.000186
-0.000223
-0.000253
-0.000227
-0.000040
0.000251
0.000426
0.000374
0.000207
0.000073
-0.000021
-0.000116
-0.000157
-0.000093
0.000027
0.000142
0.000214
0.000218
0.000179
0.000123
0.000023
-0.000148
-0.000312
-0.000358
-0.000292
-0.000214
-0.000147
0.000000
0.000236
0.000367
0.000258
0.000086
0.000102
0.000246
0.000260
0.000060
-0.000219
-0.000415
-0.000441
-0.000334
-0.000237
-0.000219
-0.000195
-0.000070
0.000102
0.000188
0.000171
0.000147
0.000160
0.000172
0.000154
0.000128
0.000129
0.000157
0.000170
0.000162
0.000143
0.000091
0.000011
-0.000053
-0.000113
-0.000209
-0.000314
-0.000375
-0.000366
-0.000283
-0.000154
-0.000030
0.000048
0.000091
0.000140
0.000199
0.000263
0.000336
0.000359
0.000260
0.000055
-0.000138
-0.000199
-0.000177
-0.000137
-0.000001
0.000035
-0.000232
-0.000267
0.000172
0.000310
0.000011
0.000036
0.000242
-0.000002
-0.000316
-0.000191
-0.000032
-0.000172
-0.000259
-0.000101
0.000042
0.000097
0.000209
0.000316
0.000289
0.000202
0.000147
0.000078
-0.000032
-0.000140
-0.000262
-0.000431
-0.000489
-0.000244
0.000111
0.000216
0.000103
0.000053
0.000113
0.000161
0.000165
0.000157
0.000142
0.000133
0.000131
0.000084
-0.000042
-0.000170
-0.000200
-0.000148
-0.000120
-0.000164
-0.000200
-0.000131
0.000006
0.000094
0.000079
0.000020
0.000000
0.000002
-0.000038
-0.000086
-0.000082
-0.000042
0.000014
0.000078
0.000128
0.000175
0.000223
0.000239
0.000220
0.000157
0.000026
-0.000094
-0.000091
-0.000011
0.000006
-0.000078
-0.000178
-0.000218
-0.000203
-0.000167
-0.000102
-0.000004
0.000048
0.000036
0.000072
0.000177
0.000208
0.000109
-0.000001
-0.000028
-0.000031
-0.000063
-0.000073
-0.000066
-0.000114
-0.000162
-0.000121
-0.000062
-0.000059
-0.000036
0.000052
0.000139
0.000180
0.000210
0.000244
0.000270
0.000274
0.000173
-0.000050
-0.000234
-0.000288
-0.000294
-0.000264
-0.000166
-0.000086
-0.000101
-0.000115
-0.000015
0.000136
0.000201
0.000176
0.000124
0.000035
-0.000091
-0.000169
-0.000125
-0.000006
0.000056
0.000041
0.000057
0.000122
0.000114
0.000003
-0.000044
0.000067
0.000197
0.000178
0.000045
-0.000053
-0.000071
-0.000052
-0.000034
-0.000042
-0.000046
-0.000000
0.000032
-0.000021
-0.000088
-0.000076
-0.000024
-0.000023
-0.000068
-0.000102
-0.000106
-0.000086
-0.000030
0.000045
0.000080
0.000062
0.000015
-0.000049
-0.000105
-0.000128
-0.000115
-0.000086
-0.000063
-0.000026
0.000092
0.000315
0.000525
0.000545
0.000372
0.000194
0.000114
0.000051
-0.000046
-0.000133
-0.000250
-0.000453
-0.000621
-0.000589
-0.000379
-0.000134
0.000057
0.000162
0.000164
0.000125
0.000157
0.000246
0.000257
0.000129
-0.000045
-0.000135
-0.000093
0.000004
0.000062
0.000094
0.000155
0.000216
0.000227
0.000185
0.000080
-0.000080
-0.000216
-0.000240
-0.000164
-0.000114
-0.000139
-0.000156
-0.000139
-0.000134
-0.000121
-0.000044
0.000085
0.000167
0.000124
-0.000002
-0.000108
-0.000120
-0.000023
0.000118
0.000224
0.000254
0.000202
0.000105
0.000024
0.000024
0.000112
0.000134
-0.000020
-0.000179
-0.000148
0.000002
0.000086
0.000041
-0.000038
-0.000070
-0.000114
-0.000211
-0.000221
-0.000056
0.000094
0.000025
-0.000161
-0.000223
-0.000094
0.000090
0.000193
0.000209
0.000210
0.000234
0.000247
0.000183
-0.000015
-0.000307
-0.000515
-0.000471
-0.000228
-0.000002
0.000084
0.000084
0.000091
0.000141
0.000214
0.000254
0.000217
0.000123
0.000048
0.000074
0.000185
0.000230
0.000073
-0.000181
-0.000283
-0.000243
-0.000240
-0.000113
0.000234
0.000327
-0.000013
-0.000255
-0.000233
-0.000323
-0.000513
-0.000462
-0.000197
0.000026
0.000165
0.000239
0.000120
-0.000131
-0.000074
0.000421
0.000728
0.000449
0.000179
0.000382
0.000513
0.000159
-0.000164
-0.000099
-0.000020
-0.000184
-0.000393
-0.000546
-0.000755
-0.000830
-0.000254
0.000684
0.000736
-0.000137
-0.000341
0.000368
0.000090
-0.001341
-0.001004
0.001525
0.002171
-0.000175
-0.001364
0.000041
0.000998
0.000506
0.000141
-0.000033
-0.000571
-0.000668
-0.000087
0.000140
-0.000080
-0.000047
-0.000025
-0.000304
-0.000232
0.000308
0.000519
0.000174
-0.000189
-0.000207
0.000010
0.000094
-0.000120
-0.000217
0.000131
0.000395
0.000112
-0.000197
-0.000112
-0.000066
-0.000282
-0.000400
-0.000308
-0.000179
-0.000011
0.000108
-0.000111
-0.000435
-0.000194
0.000462
0.000695
0.000417
0.000281
0.000576
0.000785
0.000413
-0.000062
0.000023
0.000300
0.000093
-0.000331
-0.000490
-0.000713
-0.000889
-0.000284
0.000153
-0.000604
-0.000747
0.000496
0.000690
-0.000392
-0.000170
0.000931
0.000406
-0.000809
-0.000376
0.000568
0.000158
-0.000423
0.000017
0.000376
0.000094
0.000041
0.000325
0.000263
-0.000112
-0.000241
-0.000055
0.000140
0.000008
-0.000560
-0.000667
0.000400
0.001107
0.000005
-0.001318
-0.000902
0.000461
0.001104
0.001003
0.000547
-0.000562
-0.001406
-0.000493
0.000977
0.000987
0.000435
0.000488
-0.000115
-0.001345
-0.000696
0.001251
0.000688
-0.001834
-0.002020
-0.000111
0.000551
0.000324
0.000829
0.001019
0.000252
-0.000197
0.000293
0.000802
0.000379
-0.000536
-0.000805
-0.000384
-0.000247
-0.000675
-0.000695
0.000217
0.000779
-0.000126
-0.001005
-0.000246
0.000720
0.000460
0.000265
0.000820
0.000522
-0.000902
-0.001172
0.000564
0.001761
0.000485
-0.001235
-0.001064
0.000005
0.000589
0.000842
0.000540
-0.000285
-0.000782
-0.000912
-0.000760
-0.000260
0.000180
0.000856
0.001530
0.000403
-0.001705
-0.001022
0.001894
0.001837
-0.001310
-0.001938
0.000462
0.000869
-0.000981
-0.001093
0.000539
0.001167
0.000624
-0.000069
-0.000996
-0.001302
0.000226
0.001697
0.000676
-0.001203
-0.000981
0.000654
0.000954
-0.000223
-0.000518
0.000892
0.001668
0.000224
-0.001077
-0.000488
0.000009
-0.000255
-0.000195
-0.000607
-0.000940
0.000533
0.001296
-0.000703
-0.001649
0.000502
0.002005
0.000805
-0.001065
-0.001862
-0.000920
0.001295
0.001718
-0.001024
-0.002662
-0.000442
0.001934
0.001609
0.000407
-0.000157
-0.000470
-0.000280
0.000781
0.001497
0.000658
-0.000819
-0.001219
-0.000451
0.000281
0.000356
-0.000084
-0.000583
-0.000531
-0.000259
-0.000289
0.000212
0.000855
-0.000475
-0.002190
-0.000660
0.001811
0.001206
-0.000060
0.000343
-0.000262
-0.001532
-0.000115
0.001900
0.001007
0.000119
0.001528
0.001002
-0.002203
-0.002067
0.001676
0.002278
-0.001056
-0.002674
-0.000973
0.000785
0.000634
-0.000531
-0.000905
-0.000062
0.000355
-0.000402
-0.000483
0.000762
0.000926
-0.000452
-0.000669
0.000468
0.000666
-0.000221
-0.000345
0.001099
0.001744
-0.000608
-0.002310
0.000075
0.001724
-0.001021
-0.002488
0.000645
0.002928
0.001351
-0.000688
-0.000942
-0.000088
0.000717
0.000369
-0.000555
-0.000437
0.000016
-0.000105
0.000048
-0.000331
-0.001402
-0.000645
0.000861
0.000340
-0.000321
-0.000078
-0.001146
-0.002290
-0.000726
0.002244
0.003597
0.001576
-0.002204
-0.002623
0.000805
0.002249
0.000773
0.000733
0.001130
-0.001294
-0.002865
0.000161
0.002925
0.000873
-0.002122
-0.001909
0.000010
0.001317
0.000994
-0.001108
-0.002331
0.000138
0.003629
0.002604
-0.002285
-0.004181
-0.001139
0.001403
0.001014
0.000792
0.001213
-0.000491
-0.002945
-0.001594
0.002673
0.003878
0.000697
-0.002064
-0.002105
-0.001081
0.000266
0.001043
-0.000049
-0.001155
-0.000067
0.001517
0.001313
-0.000065
-0.001090
-0.000909
0.000910
0.003052
0.002731
-0.000515
-0.003643
-0.003338
0.000395
0.003209
0.001636
-0.001257
-0.001718
-0.001531
-0.001417
0.000828
0.002527
-0.000116
-0.003186
-0.001531
0.001752
0.001227
-0.000943
0.000062
0.001936
0.000582
-0.001257
-0.000067
0.001552
0.000235
-0.002056
-0.001182
0.002388
0.003930
0.001410
-0.002007
-0.003054
-0.002307
-0.001179
0.000867
0.002916
0.001768
-0.001848
-0.002727
0.000285
0.002475
0.001229
-0.000979
-0.001537
-0.000643
0.000348
0.001245
0.002474
0.002142
-0.001748
-0.005268
-0.003056
0.001431
0.001659
-0.000081
0.001056
0.002484
0.000697
-0.001645
-0.001642
-0.000817
-0.000576
0.000516
0.002482
0.002182
-0.001124
-0.003150
-0.000918
0.002394
0.002552
0.000386
-0.001270
-0.001713
-0.000888
0.000631
0.001465
0.001722
0.001559
-0.000246
-0.002658
-0.002456
-0.000322
-0.000318
-0.001631
0.000291
0.003589
0.002435
-0.001782
-0.003108
-0.001168
0.000660
0.001856
0.002379
0.000478
-0.002317
-0.002070
0.000519
0.001763
0.000805
-0.001071
-0.001999
-0.000662
0.000885
0.000512
0.000038
0.000482
0.000701
0.001417
0.002159
0.000141
-0.003209
-0.003269
0.000432
0.003815
0.003246
-0.000080
-0.001564
-0.000642
-0.000812
-0.001952
-0.001307
0.000598
0.001354
0.000453
-0.000802
-0.001648
-0.002187
-0.001098
0.002404
0.004626
0.001776
-0.003219
-0.004099
-0.000178
0.003332
0.003000
0.000080
-0.002360
-0.002034
0.000205
0.001464
0.000885
-0.000498
-0.001220
0.000215
0.002519
0.002622
0.000618
-0.001690
-0.004110
-0.004916
-0.001126
0.004418
0.005447
0.002060
-0.001158
-0.002586
-0.002627
-0.001263
0.000849
0.002286
0.001740
-0.001011
-0.003546
-0.002208
0.002184
0.003632
0.000114
-0.002450
-0.000768
0.000595
-0.000642
-0.000956
0.000726
0.002013
0.002468
0.002382
0.000074
-0.003972
-0.005338
-0.001954
0.002833
0.004703
0.002366
-0.001826
-0.003530
-0.000405
0.003977
0.003293
-0.001993
-0.004424
-0.001528
0.001272
0.001219
0.000691
-0.000068
-0.001413
-0.000031
0.003906
0.003715
-0.002176
-0.006024
-0.003114
0.001760
0.003063
0.001439
0.000107
-0.000080
-0.000508
-0.001698
-0.001947
-0.000260
0.001279
0.000621
-0.000930
-0.000684
0.001520
0.002662
0.000915
-0.000771
-0.000170
-0.001026
-0.004318
-0.002995
0.004122
0.007392
0.003086
-0.002184
-0.004493
-0.004426
-0.001659
0.002301
0.003737
0.002256
0.000254
-0.001548
-0.002867
-0.001651
0.001611
0.002536
0.000378
-0.000789
-0.000265
-0.000783
-0.001621
-0.000293
0.001754
0.001432
-0.000514
-0.000917
0.000185
-0.000050
-0.001809
-0.002482
-0.000833
0.002008
0.003618
0.002106
-0.001131
-0.002697
-0.001721
0.000148
0.002133
0.003611
0.002341
-0.001747
-0.004544
-0.003188
0.000738
0.003819
0.003535
0.000527
-0.001710
-0.001630
-0.001407
-0.001991
-0.001031
0.001547
0.002177
0.000369
-0.000401
0.000542
-0.000052
-0.002636
-0.002450
0.002195
0.004692
0.000494
-0.003863
-0.001724
0.001856
0.000542
-0.001322
0.000762
0.001780
-0.001317
-0.002953
-0.000382
0.002290
0.002618
0.001569
-0.000079
-0.001384
-0.001708
-0.002014
-0.001799
0.000909
0.003787
0.002553
-0.000489
-0.000498
0.000466
-0.001242
-0.002704
-0.000816
0.001183
0.000133
-0.001275
0.000320
0.002874
0.002093
-0.001358
-0.002739
-0.001323
-0.001021
-0.002032
-0.000141
0.004170
0.005089
0.001420
-0.001968
-0.002645
-0.002320
-0.002032
-0.001142
0.001086
0.003629
0.003629
0.001256
0.000097
-0.000448
-0.003622
-0.005908
-0.001833
0.004595
0.005224
0.000624
-0.002027
-0.000863
-0.000302
-0.001883
-0.002434
-0.000486
0.001673
0.002021
0.001531
0.001633
0.000880
-0.001891
-0.003680
-0.002117
-0.000196
-0.000656
-0.000057
0.004426
0.007210
0.003048
-0.002978
-0.004200
-0.002442
-0.001713
-0.001016
0.000987
0.001840
0.000531
0.000076
0.001336
0.001324
-0.000899
-0.002710
-0.002052
0.000183
0.001340
0.000268
-0.000797
0.000250
0.001460
0.000370
-0.001308
-0.001193
-0.000635
-0.000919
-0.000053
0.002140
0.002406
0.000613
-0.000102
0.000003
-0.001176
-0.001850
0.000051
0.001898
0.001150
-0.000280
-0.000296
0.000230
0.000239
0.000105
0.000116
-0.000069
-0.000187
0.000022
-0.000595
-0.002034
-0.002103
-0.000879
-0.000338
0.000359
0.002198
0.002651
0.000268
-0.002024
-0.001490
0.000357
0.000838
0.000673
0.001618
0.002080
0.000381
-0.001350
-0.001353
-0.001116
-0.001073
0.000633
0.003252
0.003125
-0.000348
-0.003353
-0.003134
-0.001100
0.000121
0.000274
0.000644
0.000932
-0.000166
-0.001635
-0.000980
0.001333
0.001974
-0.000020
-0.001661
-0.000769
0.000882
0.000898
-0.000033
-0.000227
-0.000087
-0.000192
0.000542
0.001830
0.001166
-0.001380
-0.002153
0.000275
0.002532
0.001237
-0.002059
-0.002682
0.000164
0.002214
0.001485
0.000341
-0.000142
-0.000928
-0.001522
-0.000585
0.001131
0.001013
-0.001082
-0.001487
0.000642
0.001244
-0.000786
-0.002120
-0.001604
-0.000607
0.000733
0.002460
0.002832
0.001004
-0.000751
-0.000789
-0.000741
-0.001617
-0.001751
-0.000322
0.001415
0.002449
0.002414
0.000931
-0.001474
-0.003097
-0.002630
-0.000497
0.001511
0.001805
0.000631
-0.000141
0.000617
0.001673
0.001101
-0.000922
-0.002351
-0.002141
-0.001075
0.000305
0.001908
0.002351
0.000701
-0.000812
-0.000191
0.000535
-0.000634
-0.001996
-0.001616
-0.000088
0.001053
0.001323
0.001411
0.001340
0.000083
-0.001847
-0.002177
-0.000729
-0.000121
-0.000946
-0.000553
0.001660
0.002753
0.001629
0.000629
0.000483
-0.000922
-0.003412
-0.003369
0.000215
0.003307
0.003081
0.001603
0.000606
-0.001200
-0.003290
-0.002803
-0.000242
0.000879
0.000270
0.000670
0.001958
0.001513
-0.000522
-0.001611
-0.000987
0.000049
0.000408
0.000196
-0.000018
-0.000279
-0.000630
-0.000460
0.000148
0.000372
0.000158
0.000031
0.000480
0.001425
0.001443
-0.000325
-0.001952
-0.001349
0.000221
0.000330
-0.000357
0.000352
0.001733
0.001691
0.000589
-0.000301
-0.001115
-0.002051
-0.002160
-0.000551
0.001534
0.001427
-0.000723
-0.001413
0.000419
0.001680
0.000882
-0.000153
-0.000816
-0.001910
-0.002249
-0.000400
0.002056
0.002713
0.001527
0.000005
-0.000751
-0.000652
-0.000307
-0.000070
0.000266
0.000627
0.000522
0.000095
0.000029
-0.000012
-0.000769
-0.001221
-0.000213
0.000755
0.000093
-0.000814
-0.000397
0.000537
0.000906
0.000738
0.000236
-0.000532
-0.001312
-0.001531
-0.000770
0.000474
0.001171
0.000950
0.000445
0.000171
-0.000317
-0.001062
-0.001034
-0.000124
0.000730
0.001387
0.001779
0.001109
-0.000431
-0.001514
-0.001647
-0.001317
-0.000662
0.000503
0.001880
0.002601
0.001912
0.000153
-0.001502
-0.002459
-0.002620
-0.001563
0.000423
0.001770
0.001696
0.001171
0.000758
-0.000281
-0.001874
-0.002444
-0.001195
0.000582
0.001367
0.001421
0.001591
0.001321
-0.000157
-0.001859
-0.002182
-0.001118
-0.000045
0.000427
0.001058
0.001915
0.001602
-0.000207
-0.001582
-0.001150
-0.000064
0.000027
-0.000536
-0.000102
0.001481
0.002368
0.001648
0.000334
-0.000937
-0.002092
-0.002209
-0.000853
0.000481
0.000509
0.000147
0.000615
0.001242
0.000708
-0.000901
-0.002182
-0.001989
-0.000731
0.000458
0.001360
0.001984
0.001592
0.000102
-0.001232
-0.001418
-0.000844
-0.000407
-0.000083
0.000685
0.001607
0.001779
0.001013
-0.000139
-0.001372
-0.002371
-0.002128
-0.000240
0.001898
0.002727
0.002246
0.001130
-0.000440
-0.002250
-0.003218
-0.002281
-0.000059
0.001768
0.002460
0.002141
0.000915
-0.000766
-0.002149
-0.002667
-0.001904
-0.000161
0.001355
0.001849
0.001462
0.000504
-0.000586
-0.001112
-0.000947
-0.000565
-0.000041
0.000604
0.000812
0.000547
0.000397
0.000409
0.000373
0.000312
0.000075
-0.000287
-0.000317
-0.000126
-0.000241
-0.000393
0.000108
0.000961
0.001128
0.000287
-0.000938
-0.001758
-0.001616
-0.000583
0.000472
0.000742
0.000311
-0.000121
-0.000059
0.000280
0.000344
0.000071
-0.000150
-0.000194
-0.000237
-0.000223
0.000047
0.000513
0.000932
0.001006
0.000441
-0.000625
-0.001473
-0.001418
-0.000438
0.000706
0.001104
0.000793
0.000676
0.001016
0.001003
0.000046
-0.001472
-0.002542
-0.002196
-0.000478
0.001337
0.002077
0.001755
0.000886
-0.000276
-0.001237
-0.001369
-0.000879
-0.000374
0.000156
0.000767
0.000923
0.000394
-0.000197
-0.000363
-0.000555
-0.001205
-0.001420
-0.000207
0.001497
0.002037
0.001236
-0.000106
-0.001187
-0.001219
-0.000195
0.000728
0.000706
0.000137
-0.000176
0.000184
0.000974
0.001340
0.000721
-0.000423
-0.001279
-0.001707
-0.001946
-0.001584
0.000019
0.002160
0.002974
0.001708
-0.000458
-0.002144
-0.002844
-0.002289
-0.000461
0.001596
0.002472
0.001975
0.000934
-0.000039
-0.000813
-0.001375
-0.001432
-0.000630
0.000565
0.001226
0.001256
0.000890
-0.000135
-0.001373
-0.001426
-0.000176
0.000772
0.000477
-0.000243
-0.000294
0.000240
0.000512
0.000274
0.000039
-0.000010
-0.000202
-0.000437
-0.000200
0.000330
0.000358
-0.000090
-0.000170
0.000139
0.000060
-0.000366
-0.000350
0.000204
0.000578
0.000414
0.000135
0.000033
-0.000250
-0.000788
-0.000826
-0.000085
0.000555
0.000449
-0.000094
-0.000609
-0.000718
-0.000200
0.000616
0.001218
0.001385
0.001012
0.000170
-0.000615
-0.000791
-0.000557
-0.000525
-0.000497
0.000128
0.000789
0.000536
-0.000132
-0.000276
-0.000271
-0.000782
-0.001393
-0.001531
-0.001261
-0.000506
0.000982
0.002606
0.003137
0.002052
0.000105
-0.001511
-0.002315
-0.002441
-0.001736
-0.000085
0.001708
0.002575
0.002219
0.000881
-0.000949
-0.002330
-0.002447
-0.001390
0.000165
0.001525
0.002151
0.001972
0.001315
0.000272
-0.001097
-0.002068
-0.001920
-0.000967
0.000047
0.000933
0.001547
0.001310
0.000295
-0.000386
-0.000268
-0.000141
-0.000503
-0.000914
-0.000900
-0.000397
0.000366
0.001004
0.001226
0.000943
0.000235
-0.000564
-0.001020
-0.001011
-0.000719
-0.000150
0.000831
0.001841
0.002016
0.001042
-0.000322
-0.001135
-0.001349
-0.001338
-0.000926
0.000076
0.001017
0.001156
0.000626
-0.000073
-0.000761
-0.001233
-0.000983
0.000080
0.001116
0.001258
0.000673
0.000005
-0.000601
-0.001170
-0.001345
-0.000818
0.000124
0.000859
0.000996
0.000556
-0.000174
-0.000840
-0.001212
-0.001127
-0.000553
0.000058
0.000188
0.000102
0.000344
0.000668
0.000477
-0.000110
-0.000527
-0.000646
-0.000608
-0.000347
0.000056
0.000260
0.000293
0.000476
0.000682
0.000462
-0.000223
-0.000890
-0.001093
-0.000823
-0.000316
0.000310
0.000987
0.001484
0.001615
0.001596
0.001738
0.001869
0.001662
0.001278
0.001083
0.001075
0.001047
0.000933
0.000632
-0.000013
-0.000750
-0.001136
-0.001270
-0.001513
-0.001808
-0.001864
-0.001642
-0.001296
-0.000905
-0.000612
-0.000757
-0.001348
-0.001756
-0.001489
-0.000819
-0.000303
-0.000223
-0.000622
-0.001218
-0.001441
-0.001025
-0.000136
0.001028
0.002171
0.002757
0.002414
0.001288
-0.000004
-0.000633
-0.000165
0.001035
0.002248
0.002946
0.002812
0.001842
0.000563
-0.000354
-0.000751
-0.000974
-0.001431
-0.002451
-0.004121
-0.005688
-0.005592
-0.003138
0.000023
0.001361
0.000624
0.000027
0.000874
0.002065
0.002514
0.002651
0.002826
0.002612
0.002384
0.003267
0.004837
0.005052
0.003122
0.000680
-0.000449
-0.000282
0.000025
-0.000112
-0.000473
-0.000940
-0.001501
-0.001748
-0.001565
-0.001780
-0.002968
-0.004258
-0.004444
-0.003690
-0.003217
-0.003601
-0.004104
-0.003807
-0.002719
-0.001313
0.000258
0.001681
0.002254
0.002010
0.001988
0.002618
0.003038
0.002680
0.002238
0.002414
0.002923
0.003279
0.003541
0.003698
0.003350
0.002592
0.002051
0.001715
0.000997
-0.000026
-0.000609
-0.000539
-0.000429
-0.000873
-0.001861
-0.003097
-0.004405
-0.005461
-0.005671
-0.004915
-0.003923
-0.003276
-0.002716
-0.002180
-0.002424
-0.003701
-0.004976
-0.005158
-0.003891
-0.001092
0.002642
0.005489
0.006190
0.005840
0.005992
0.006196
0.005430
0.004313
0.003840
0.003869
0.004260
0.005369
0.006591
0.006404
0.004399
0.001837
-0.000088
-0.001372
-0.002379
-0.003065
-0.003433
-0.003776
-0.004087
-0.004039
-0.003829
-0.004206
-0.005314
-0.006311
-0.006535
-0.006258
-0.005868
-0.005221
-0.004144
-0.002752
-0.001106
0.000656
0.001932
0.002247
0.002048
0.002189
0.002930
0.003931
0.004783
0.005217
0.005217
0.005100
0.005159
0.005244
0.004974
0.004206
0.003136
0.002061
0.001235
0.000753
0.000402
-0.000080
-0.000596
-0.001029
-0.001703
-0.002938
-0.004398
-0.005434
-0.005881
-0.005956
-0.005598
-0.004722
-0.003871
-0.003798
-0.004698
-0.006175
-0.007337
-0.006860
-0.004064
-0.000142
0.002835
0.004222
0.004872
0.005384
0.005806
0.006357
0.007006
0.007052
0.006278
0.005833
0.006697
0.007957
0.007922
0.006305
0.004122
0.002086
0.000345
-0.000829
-0.001486
-0.002415
-0.003854
-0.004795
-0.004612
-0.004159
-0.004529
-0.005726
-0.007004
-0.007758
-0.007768
-0.007189
-0.006478
-0.005885
-0.005119
-0.003860
-0.002260
-0.000686
0.000715
0.001941
0.002941
0.003752
0.004558
0.005388
0.006048
0.006404
0.006471
0.006369
0.006276
0.006181
0.005841
0.005170
0.004308
0.003280
0.002064
0.000844
-0.000222
-0.001203
-0.002081
-0.002671
-0.003041
-0.003571
-0.004394
-0.005274
-0.006071
-0.006734
-0.006934
-0.006447
-0.005593
-0.004810
-0.004379
-0.004625
-0.005457
-0.005908
-0.004950
-0.002488
0.000767
0.003841
0.005744
0.006131
0.005994
0.006605
0.007735
0.008150
0.007621
0.007089
0.007075
0.007174
0.007044
0.006687
0.005773
0.003880
0.001487
-0.000262
-0.001056
-0.001868
-0.003354
-0.004821
-0.005540
-0.005849
-0.006179
-0.006358
-0.006500
-0.007164
-0.008122
-0.008346
-0.007570
-0.006637
-0.006038
-0.005232
-0.003701
-0.001736
0.000063
0.001418
0.002549
0.004014
0.005880
0.007245
0.007567
0.007663
0.008070
0.007898
0.006839
0.006189
0.006299
0.005698
0.004081
0.003009
0.002780
0.001923
0.000123
-0.001357
-0.002163
-0.003173
-0.004442
-0.005129
-0.005276
-0.005705
-0.006409
-0.006617
-0.006253
-0.006073
-0.006247
-0.006006
-0.005001
-0.003831
-0.003167
-0.003267
-0.003907
-0.004255
-0.003424
-0.001273
0.001725
0.004884
0.007139
0.007746
0.007727
0.008737
0.010178
0.009983
0.008240
0.007096
0.007185
0.007168
0.006567
0.006025
0.005085
0.002676
-0.000420
-0.002346
-0.003209
-0.004733
-0.006990
-0.008181
-0.007830
-0.007405
-0.007552
-0.007525
-0.007379
-0.007913
-0.008639
-0.008315
-0.007094
-0.006161
-0.005631
-0.004363
-0.001784
0.001241
0.003620
0.005337
0.006974
0.008507
0.009343
0.009399
0.009199
0.008849
0.007971
0.006765
0.006014
0.005745
0.005021
0.003557
0.002217
0.001395
0.000387
-0.001144
-0.002578
-0.003592
-0.004634
-0.005762
-0.006318
-0.006206
-0.006218
-0.006588
-0.006643
-0.006287
-0.006165
-0.006206
-0.005721
-0.004702
-0.003570
-0.002310
-0.001080
-0.000693
-0.001295
-0.001666
-0.000836
0.000901
0.003085
0.005550
0.007499
0.008127
0.008360
0.009617
0.010939
0.010241
0.008059
0.006713
0.006413
0.005635
0.004423
0.003786
0.002908
0.000483
-0.002399
-0.003946
-0.004747
-0.006372
-0.008458
-0.009559
-0.009563
-0.009381
-0.009147
-0.008429
-0.007613
-0.007407
-0.007376
-0.006541
-0.005093
-0.003996
-0.003256
-0.001956
0.000292
0.003021
0.005718
0.008196
0.010289
0.011632
0.011911
0.011303
0.010298
0.009006
0.007245
0.005367
0.004055
0.003249
0.002259
0.000926
-0.000293
-0.001320
-0.002536
-0.003909
-0.004965
-0.005653
-0.006346
-0.006941
-0.006930
-0.006421
-0.006051
-0.005939
-0.005757
-0.005598
-0.005691
-0.005617
-0.004776
-0.003263
-0.001560
0.000067
0.001233
0.001357
0.000705
0.000492
0.001380
0.002998
0.005008
0.007018
0.007913
0.007480
0.007633
0.009318
0.010235
0.008653
0.006548
0.005889
0.005379
0.003745
0.002322
0.001791
0.000366
-0.002542
-0.004824
-0.005501
-0.006329
-0.008295
-0.009896
-0.010056
-0.009723
-0.009533
-0.008660
-0.006949
-0.005691
-0.005448
-0.005142
-0.003916
-0.002233
-0.000739
0.000443
0.000989
0.000977
0.002188
0.005881
0.009748
0.010852
0.010535
0.011757
0.013189
0.011659
0.008400
0.006446
0.004752
0.001485
-0.001046
-0.000871
-0.000671
-0.002652
-0.004545
-0.004419
-0.004083
-0.005209
-0.006676
-0.007185
-0.007145
-0.007245
-0.007162
-0.006327
-0.005068
-0.004147
-0.003528
-0.002773
-0.002120
-0.001755
-0.001024
0.000287
0.001348
0.001643
0.001416
0.001053
0.001128
0.001997
0.003127
0.004144
0.005523
0.006917
0.007153
0.006934
0.007929
0.008985
0.007816
0.005528
0.004641
0.004457
0.002964
0.000942
0.000012
-0.000879
-0.003238
-0.005647
-0.006164
-0.005998
-0.007275
-0.009095
-0.009365
-0.008642
-0.008497
-0.008236
-0.006694
-0.004906
-0.004132
-0.003662
-0.002585
-0.001413
-0.000752
-0.000155
0.001251
0.003805
0.006711
0.008673
0.009701
0.010927
0.012106
0.011634
0.009477
0.007273
0.005448
0.003258
0.001179
0.000165
-0.000543
-0.002045
-0.003526
-0.003840
-0.003703
-0.004187
-0.004806
-0.004850
-0.004878
-0.005456
-0.005907
-0.005575
-0.005008
-0.004841
-0.004643
-0.003849
-0.002834
-0.002271
-0.002072
-0.001562
-0.000467
0.000744
0.001566
0.001957
0.001949
0.001576
0.001306
0.001621
0.002458
0.003669
0.005055
0.005880
0.005886
0.006254
0.007613
0.008348
0.007234
0.005687
0.004966
0.003978
0.002051
0.000483
-0.000353
-0.001883
-0.004259
-0.005767
-0.005916
-0.006276
-0.007719
-0.009047
-0.009094
-0.008396
-0.007768
-0.006855
-0.005343
-0.004013
-0.003385
-0.002691
-0.001300
0.000180
0.001138
0.001835
0.002319
0.002395
0.003210
0.006203
0.009924
0.011260
0.010359
0.010116
0.010604
0.009227
0.006089
0.003508
0.001368
-0.001547
-0.003847
-0.004020
-0.003664
-0.004477
-0.005331
-0.004886
-0.003986
-0.003893
-0.004495
-0.005011
-0.005092
-0.004934
-0.004756
-0.004443
-0.003895
-0.003213
-0.002320
-0.001161
-0.000170
0.000307
0.000566
0.000936
0.001362
0.001689
0.001615
0.001013
0.000708
0.001543
0.002810
0.003529
0.004180
0.005092
0.005369
0.005137
0.005765
0.006799
0.006319
0.004637
0.003808
0.003738
0.002644
0.000706
-0.000510
-0.001377
-0.003278
-0.005381
-0.005990
-0.005920
-0.006899
-0.008199
-0.008215
-0.007449
-0.006996
-0.006310
-0.004781
-0.003307
-0.002667
-0.002255
-0.001406
-0.000376
0.000482
0.001336
0.002494
0.004059
0.005905
0.007658
0.008869
0.009381
0.009378
0.008940
0.007850
0.006057
0.003929
0.001867
0.000054
-0.001378
-0.002413
-0.003261
-0.003973
-0.004319
-0.004293
-0.004140
-0.003900
-0.003594
-0.003503
-0.003672
-0.003752
-0.003679
-0.003692
-0.003744
-0.003597
-0.003117
-0.002221
-0.001116
-0.000312
0.000143
0.000708
0.001395
0.001790
0.001902
0.001894
0.001492
0.000789
0.000666
0.001383
0.002169
0.002716
0.003402
0.004077
0.004407
0.004894
0.005821
0.006121
0.005064
0.003738
0.003121
0.002434
0.000949
-0.000598
-0.001629
-0.002694
-0.003905
-0.004515
-0.004648
-0.005333
-0.006533
-0.007101
-0.006740
-0.006297
-0.006102
-0.005534
-0.004320
-0.002883
-0.001465
-0.000155
0.000634
0.000956
0.001621
0.002758
0.003678
0.004475
0.005712
0.006842
0.007179
0.007377
0.007785
0.007210
0.005223
0.003198
0.001775
0.000184
-0.001557
-0.002568
-0.002926
-0.003314
-0.003552
-0.003122
-0.002383
-0.002076
-0.002298
-0.002685
-0.003006
-0.003276
-0.003576
-0.003823
-0.003822
-0.003527
-0.002935
-0.001960
-0.000818
-0.000024
0.000338
0.000724
0.001312
0.001718
0.001589
0.000986
0.000263
-0.000131
0.000088
0.000754
0.001494
0.002196
0.002930
0.003664
0.004382
0.005132
0.005641
0.005422
0.004594
0.003824
0.003261
0.002465
0.001353
0.000208
-0.000948
-0.002176
-0.003232
-0.003993
-0.004818
-0.005899
-0.006766
-0.006960
-0.006595
-0.005957
-0.005117
-0.004124
-0.003134
-0.002150
-0.001036
0.000048
0.000797
0.001243
0.001308
0.000906
0.001154
0.003230
0.005781
0.006629
0.006549
0.007529
0.008633
0.007771
0.005620
0.003709
0.001491
-0.001317
-0.003074
-0.003202
-0.003236
-0.003795
-0.003697
-0.002579
-0.001656
-0.001647
-0.002054
-0.002428
-0.002855
-0.003311
-0.003490
-0.003341
-0.003137
-0.002859
-0.002103
-0.000925
0.000025
0.000481
0.000802
0.001120
0.001176
0.000915
0.000485
-0.000097
-0.000657
-0.000667
0.000214
0.001575
0.002471
0.002503
0.002518
0.003386
0.004496
0.004749
0.004330
0.004080
0.003962
0.003495
0.002911
0.002569
0.001909
0.000344
-0.001459
-0.002484
-0.002942
-0.003764
-0.005039
-0.006040
-0.006381
-0.006245
-0.005786
-0.005056
-0.004247
-0.003505
-0.002737
-0.001798
-0.000783
-0.000004
0.000374
0.000659
0.001375
0.002595
0.003867
0.004863
0.005661
0.006318
0.006649
0.006380
0.005351
0.003709
0.001889
0.000308
-0.000812
-0.001454
-0.001807
-0.001968
-0.001754
-0.001182
-0.000755
-0.000877
-0.001404
-0.002015
-0.002574
-0.002980
-0.003107
-0.003020
-0.002927
-0.002810
-0.002416
-0.001641
-0.000777
-0.000288
-0.000259
-0.000245
0.000101
0.000528
0.000693
0.000701
0.000653
0.000297
-0.000227
-0.000169
0.000665
0.001448
0.001558
0.001511
0.002078
0.003062
0.003661
0.003689
0.003665
0.003830
0.003855
0.003609
0.003290
0.002702
0.001438
-0.000218
-0.001506
-0.002310
-0.003229
-0.004443
-0.005355
-0.005590
-0.005490
-0.005271
-0.004663
-0.003714
-0.002988
-0.002657
-0.002250
-0.001568
-0.001010
-0.000670
-0.000083
0.000873
0.001879
0.002916
0.004107
0.005120
0.005576
0.005651
0.005587
0.005086
0.003902
0.002461
0.001252
0.000256
-0.000639
-0.001283
-0.001572
-0.001622
-0.001540
-0.001365
-0.001189
-0.001134
-0.001339
-0.001826
-0.002271
-0.002374
-0.002342
-0.002458
-0.002570
-0.002439
-0.002053
-0.001446
-0.000755
-0.000305
-0.000115
0.000207
0.000628
0.000670
0.000412
0.000417
0.000609
0.000392
-0.000142
-0.000237
0.000351
0.001048
0.001317
0.001337
0.001633
0.002334
0.003028
0.003318
0.003346
0.003444
0.003488
0.003207
0.002762
0.002291
0.001394
-0.000110
-0.001541
-0.002337
-0.002946
-0.003821
-0.004466
-0.004456
-0.004284
-0.004314
-0.004099
-0.003419
-0.002816
-0.002531
-0.002000
-0.001011
-0.000267
-0.000135
0.000114
0.000992
0.001841
0.002135
0.002504
0.003444
0.004290
0.004496
0.004507
0.004487
0.003780
0.002340
0.001130
0.000550
-0.000073
-0.001049
-0.001682
-0.001504
-0.001049
-0.000942
-0.001047
-0.000993
-0.000922
-0.001156
-0.001552
-0.001805
-0.002026
-0.002390
-0.002624
-0.002472
-0.002089
-0.001607
-0.000980
-0.000382
-0.000057
0.000147
0.000451
0.000682
0.000649
0.000546
0.000572
0.000608
0.000538
0.000468
0.000559
0.000835
0.001165
0.001348
0.001314
0.001299
0.001600
0.002068
0.002327
0.002420
0.002547
0.002506
0.002138
0.001749
0.001469
0.000888
-0.000125
-0.001060
-0.001670
-0.002333
-0.003185
-0.003795
-0.003898
-0.003694
-0.003379
-0.002955
-0.002537
-0.002365
-0.002293
-0.001810
-0.000885
-0.000163
0.000097
0.000508
0.001484
0.002480
0.002939
0.003131
0.003378
0.003383
0.002938
0.002401
0.001964
0.001348
0.000549
0.000061
0.000016
-0.000044
-0.000320
-0.000460
-0.000268
-0.000046
-0.000052
-0.000195
-0.000401
-0.000762
-0.001222
-0.001606
-0.001921
-0.002205
-0.002264
-0.001938
-0.001414
-0.001000
-0.000739
-0.000480
-0.000219
-0.000092
-0.000103
-0.000095
0.000000
0.000040
-0.000049
-0.000058
0.000164
0.000420
0.000523
0.000639
0.000953
0.001256
0.001261
0.001153
0.001343
0.001748
0.001950
0.001929
0.001978
0.002085
0.002042
0.001922
0.001810
0.001420
0.000559
-0.000434
-0.001206
-0.001848
-0.002511
-0.003062
-0.003328
-0.003335
-0.003221
-0.003040
-0.002657
-0.001978
-0.001262
-0.000781
-0.000374
0.000180
0.000709
0.001024
0.001273
0.001556
0.001655
0.001487
0.001333
0.001322
0.001205
0.000855
0.000562
0.000621
0.000899
0.001079
0.001119
0.001146
0.001129
0.000998
0.000816
0.000576
0.000124
-0.000507
-0.001063
-0.001445
-0.001746
-0.001979
-0.002000
-0.001721
-0.001298
-0.000960
-0.000745
-0.000594
-0.000470
-0.000339
-0.000239
-0.000270
-0.000381
-0.000408
-0.000314
-0.000131
0.000135
0.000388
0.000483
0.000434
0.000447
0.000651
0.000925
0.001046
0.000994
0.000973
0.001011
0.000880
0.000632
0.000677
0.001093
0.001464
0.001574
0.001623
0.001666
0.001429
0.000862
0.000255
-0.000321
-0.001033
-0.001760
-0.002172
-0.002230
-0.002149
-0.002060
-0.001980
-0.001879
-0.001674
-0.001371
-0.001068
-0.000781
-0.000445
-0.000040
0.000353
0.000601
0.000671
0.000679
0.000743
0.000854
0.000960
0.001066
0.001181
0.001255
0.001250
0.001179
0.001025
0.000768
0.000516
0.000420
0.000424
0.000315
0.000029
-0.000264
-0.000400
-0.000437
-0.000542
-0.000714
-0.000788
-0.000744
-0.000775
-0.000939
-0.001041
-0.000985
-0.000891
-0.000781
-0.000598
-0.000461
-0.000439
-0.000350
-0.000125
0.000033
0.000018
-0.000022
0.000048
0.000187
0.000272
0.000289
0.000345
0.000529
0.000811
0.001067
0.001176
0.001100
0.000915
0.000779
0.000806
0.000950
0.001056
0.001060
0.000985
0.000815
0.000611
0.000498
0.000387
0.000083
-0.000355
-0.000722
-0.001001
-0.001336
-0.001755
-0.002099
-0.002214
-0.002093
-0.001848
-0.001539
-0.001121
-0.000612
-0.000114
0.000330
0.000669
0.000777
0.000628
0.000380
0.000248
0.000307
0.000490
0.000728
0.000972
0.001141
0.001164
0.001089
0.001034
0.000954
0.000701
0.000330
0.000024
-0.000216
-0.000432
-0.000484
-0.000346
-0.000243
-0.000256
-0.000220
-0.000086
-0.000002
-0.000098
-0.000372
-0.000714
-0.001034
-0.001323
-0.001509
-0.001401
-0.000944
-0.000373
0.000062
0.000354
0.000586
0.000714
0.000665
0.000498
0.000312
0.000100
-0.000117
-0.000189
-0.000042
0.000232
0.000527
0.000786
0.000952
0.000988
0.000927
0.000857
0.000812
0.000732
0.000567
0.000346
0.000144
0.000041
0.000023
0.000001
-0.000001
0.000083
0.000137
-0.000005
-0.000329
-0.000752
-0.001247
-0.001689
-0.001851
-0.001724
-0.001509
-0.001230
-0.000727
-0.000083
0.000385
0.000542
0.000551
0.000577
0.000576
0.000463
0.000322
0.000260
0.000278
0.000330
0.000382
0.000458
0.000583
0.000662
0.000610
0.000518
0.000444
0.000323
0.000220
0.000209
0.000120
-0.000164
-0.000488
-0.000691
-0.000763
-0.000727
-0.000577
-0.000314
-0.000002
0.000222
0.000255
0.000142
-0.000023
-0.000250
-0.000518
-0.000678
-0.000648
-0.000515
-0.000373
-0.000256
-0.000155
-0.000030
0.000099
0.000151
0.000126
0.000149
0.000307
0.000526
0.000692
0.000771
0.000755
0.000677
0.000649
0.000689
0.000651
0.000458
0.000223
0.000084
0.000037
-0.000010
-0.000069
-0.000038
0.000047
0.000002
-0.000178
-0.000316
-0.000388
-0.000494
-0.000590
-0.000585
-0.000574
-0.000691
-0.000847
-0.000838
-0.000660
-0.000500
-0.000417
-0.000252
0.000085
0.000412
0.000514
0.000452
0.000408
0.000416
0.000435
0.000453
0.000461
0.000435
0.000346
0.000222
0.000172
0.000223
0.000255
0.000186
0.000068
-0.000053
-0.000195
-0.000314
-0.000325
-0.000295
-0.000323
-0.000322
-0.000182
0.000022
0.000167
0.000243
0.000228
0.000032
-0.000281
-0.000490
-0.000523
-0.000498
-0.000446
-0.000278
-0.000022
0.000185
0.000279
0.000264
0.000160
0.000037
-0.000015
0.000003
-0.000008
-0.000091
-0.000180
-0.000176
0.000001
0.000328
0.000644
0.000809
0.000812
0.000694
0.000505
0.000322
0.000225
0.000178
0.000092
0.000005
-0.000024
-0.000095
-0.000278
-0.000428
-0.000386
-0.000231
-0.000178
-0.000262
-0.000333
-0.000344
-0.000401
-0.000534
-0.000617
-0.000555
-0.000408
-0.000257
-0.000139
-0.000074
-0.000012
0.000093
0.000194
0.000276
0.000358
0.000372
0.000324
0.000371
0.000484
0.000466
0.000317
0.000154
0.000010
-0.000062
-0.000004
0.000076
0.000083
0.000108
0.000174
0.000192
0.000195
0.000241
0.000248
0.000131
-0.000126
-0.000480
-0.000775
-0.000846
-0.000706
-0.000490
-0.000254
-0.000008
0.000197
0.000309
0.000302
0.000191
0.000055
-0.000065
-0.000187
-0.000282
-0.000317
-0.000344
-0.000381
-0.000338
-0.000182
-0.000008
0.000163
0.000398
0.000639
0.000715
0.000594
0.000443
0.000393
0.000398
0.000386
0.000357
0.000319
0.000250
0.000138
-0.000006
-0.000152
-0.000270
-0.000345
-0.000360
-0.000323
-0.000291
-0.000295
-0.000329
-0.000390
-0.000444
-0.000444
-0.000390
-0.000271
-0.000066
0.000132
0.000197
0.000158
0.000127
0.000110
0.000057
-0.000005
-0.000023
-0.000027
-0.000045
0.000023
0.000266
0.000514
0.000523
0.000362
0.000262
0.000221
0.000106
-0.000031
-0.000064
-0.000044
-0.000109
-0.000252
-0.000376
-0.000406
-0.000294
-0.000058
0.000204
0.000391
0.000419
0.000296
0.000152
0.000054
-0.000072
-0.000284
-0.000479
-0.000466
-0.000260
-0.000098
-0.000115
-0.000213
-0.000252
-0.000221
-0.000173
-0.000071
0.000113
0.000229
0.000152
0.000015
-0.000004
0.000070
0.000133
0.000190
0.000276
0.000331
0.000295
0.000201
0.000139
0.000187
0.000305
0.000351
0.000266
0.000116
-0.000021
-0.000114
-0.000169
-0.000201
-0.000220
-0.000251
-0.000327
-0.000432
-0.000498
-0.000481
-0.000352
-0.000128
0.000049
0.000070
0.000058
0.000112
0.000130
0.000086
0.000077
0.000066
-0.000027
-0.000097
-0.000011
0.000134
0.000162
0.000091
0.000088
0.000233
0.000400
0.000423
0.000351
0.000327
0.000291
0.000119
-0.000128
-0.000319
-0.000405
-0.000379
-0.000231
0.000019
0.000242
0.000274
0.000155
0.000054
0.000005
-0.000075
-0.000212
-0.000340
-0.000406
-0.000409
-0.000345
-0.000191
-0.000015
0.000062
0.000034
0.000013
0.000028
0.000021
-0.000001
0.000041
0.000171
0.000275
0.000174
-0.000109
-0.000323
-0.000335
-0.000230
-0.000067
0.000180
0.000441
0.000571
0.000518
0.000349
0.000150
-0.000002
-0.000053
-0.000012
0.000040
-0.000004
-0.000155
-0.000284
-0.000285
-0.000217
-0.000164
-0.000101
-0.000056
-0.000115
-0.000214
-0.000199
-0.000057
0.000105
0.000195
0.000187
0.000113
0.000039
0.000027
0.000062
0.000045
-0.000033
-0.000048
0.000028
0.000095
0.000101
0.000055
-0.000030
-0.000081
-0.000013
0.000138
0.000242
0.000229
0.000114
-0.000058
-0.000220
-0.000291
-0.000226
-0.000075
0.000054
0.000111
0.000130
0.000146
0.000163
0.000193
0.000209
0.000149
0.000016
-0.000106
-0.000154
-0.000145
-0.000130
-0.000107
-0.000070
-0.000073
-0.000149
-0.000227
-0.000233
-0.000185
-0.000139
-0.000111
-0.000082
-0.000032
0.000019
0.000036
0.000011
-0.000032
-0.000054
-0.000003
0.000138
0.000288
0.000345
0.000318
0.000254
0.000134
-0.000031
-0.000157
-0.000182
-0.000106
0.000011
0.000104
0.000167
0.000193
0.000166
0.000133
0.000096
-0.000052
-0.000285
-0.000375
-0.000240
-0.000079
-0.000052
-0.000106
-0.000130
-0.000077
0.000020
0.000089
0.000104
0.000094
0.000022
-0.000152
-0.000297
-0.000251
-0.000077
0.000016
-0.000012
-0.000024
0.000019
0.000029
0.000043
0.000189
0.000380
0.000419
0.000323
0.000226
0.000162
0.000139
0.000169
0.000190
0.000199
0.000272
0.000323
0.000203
-0.000005
-0.000151
-0.000265
-0.000414
-0.000528
-0.000509
-0.000407
-0.000378
-0.000445
-0.000470
-0.000374
-0.000234
-0.000138
-0.000114
-0.000138
-0.000113
0.000065
0.000332
0.000499
0.000481
0.000360
0.000244
0.000188
0.000233
0.000353
0.000431
0.000385
0.000223
0.000012
-0.000122
-0.000085
0.000039
0.000066
-0.000053
-0.000193
-0.000239
-0.000185
-0.000126
-0.000157
-0.000258
-0.000328
-0.000312
-0.000239
-0.000194
-0.000207
-0.000192
-0.000084
0.000048
0.000102
0.000093
0.000107
0.000179
0.000265
0.000278
0.000193
0.000124
0.000139
0.000150
0.000096
0.000041
0.000029
0.000037
0.000020
-0.000061
-0.000170
-0.000192
-0.000081
0.000092
0.000242
0.000287
0.000189
0.000054
0.000031
0.000130
0.000246
0.000238
0.000038
-0.000233
-0.000388
-0.000430
-0.000487
-0.000545
-0.000446
-0.000175
0.000075
0.000143
0.000091
0.000063
0.000037
-0.000075
-0.000173
-0.000110
0.000074
0.000250
0.000353
0.000359
0.000272
0.000140
0.000036
0.000034
0.000130
0.000191
0.000107
-0.000080
-0.000280
-0.000409
-0.000361
-0.000121
0.000130
0.000220
0.000215
0.000245
0.000265
0.000164
-0.000057
-0.000279
-0.000358
-0.000275
-0.000186
-0.000152
-0.000065
0.000069
0.000139
0.000128
0.000045
-0.000100
-0.000187
-0.000095
0.000079
0.000131
0.000035
-0.000050
0.000001
0.000111
0.000089
-0.000075
-0.000163
-0.000091
-0.000009
0.000026
0.000109
0.000210
0.000197
0.000086
0.000032
0.000097
0.000177
0.000187
0.000154
0.000164
0.000248
0.000303
0.000212
0.000027
-0.000106
-0.000141
-0.000163
-0.000237
-0.000307
-0.000309
-0.000289
-0.000311
-0.000363
-0.000361
-0.000258
-0.000125
-0.000026
0.000048
0.000064
-0.000041
-0.000212
-0.000286
-0.000190
-0.000001
0.000188
0.000341
0.000440
0.000470
0.000457
0.000451
0.000459
0.000427
0.000298
0.000105
-0.000010
0.000016
0.000048
-0.000032
-0.000143
-0.000198
-0.000257
-0.000328
-0.000287
-0.000145
-0.000102
-0.000217
-0.000310
-0.000315
-0.000376
-0.000492
-0.000435
-0.000175
0.000044
0.000113
0.000155
0.000209
0.000207
0.000209
0.000270
0.000235
0.000074
0.000011
0.000083
0.000141
0.000160
0.000168
0.000197
0.000301
0.000406
0.000353
0.000186
0.000094
0.000080
0.000015
-0.000086
-0.000128
-0.000097
-0.000040
-0.000010
-0.000042
-0.000153
-0.000300
-0.000352
-0.000255
-0.000156
-0.000159
-0.000178
-0.000211
-0.000355
-0.000504
-0.000459
-0.000287
-0.000166
-0.000064
0.000112
0.000249
0.000210
0.000107
0.000142
0.000273
0.000331
0.000338
0.000425
0.000589
0.000677
0.000572
0.000355
0.000193
0.000094
-0.000045
-0.000242
-0.000396
-0.000406
-0.000309
-0.000240
-0.000227
-0.000181
-0.000094
-0.000046
-0.000049
-0.000069
-0.000145
-0.000321
-0.000523
-0.000620
-0.000530
-0.000298
-0.000069
0.000103
0.000289
0.000462
0.000489
0.000387
0.000289
0.000230
0.000195
0.000193
0.000173
0.000071
-0.000043
-0.000062
-0.000018
0.000030
0.000155
0.000394
0.000553
0.000432
0.000126
-0.000145
-0.000329
-0.000456
-0.000437
-0.000214
0.000059
0.000201
0.000190
0.000067
-0.000135
-0.000328
-0.000400
-0.000326
-0.000208
-0.000160
-0.000179
-0.000197
-0.000169
-0.000086
0.000019
0.000085
0.000096
0.000095
0.000106
0.000097
0.000040
-0.000039
-0.000082
-0.000072
-0.000018
0.000113
0.000343
0.000572
0.000618
0.000429
0.000194
0.000100
0.000096
0.000044
-0.000074
-0.000196
-0.000267
-0.000279
-0.000260
-0.000218
-0.000155
-0.000079
0.000002
0.000036
-0.000072
-0.000318
-0.000537
-0.000567
-0.000424
-0.000242
-0.000080
0.000114
0.000307
0.000357
0.000274
0.000242
0.000357
0.000500
0.000504
0.000365
0.000197
0.000079
0.000047
0.000072
0.000072
0.000020
-0.000030
-0.000016
0.000056
0.000077
-0.000058
-0.000280
-0.000420
-0.000436
-0.000435
-0.000455
-0.000399
-0.000227
-0.000049
0.000063
0.000199
0.000351
0.000335
0.000173
0.000127
0.000239
0.000259
0.000098
-0.000057
-0.000097
-0.000089
-0.000067
-0.000039
-0.000079
-0.000190
-0.000247
-0.000199
-0.000160
-0.000188
-0.000190
-0.000121
-0.000053
-0.000019
0.000082
0.000301
0.000514
0.000575
0.000485
0.000337
0.000190
0.000063
-0.000029
-0.000092
-0.000163
-0.000231
-0.000229
-0.000141
-0.000018
0.000075
0.000080
-0.000013
-0.000148
-0.000271
-0.000348
-0.000346
-0.000287
-0.000219
-0.000143
-0.000046
0.000054
0.000127
0.000157
0.000146
0.000148
0.000225
0.000325
0.000308
0.000123
-0.000125
-0.000261
-0.000177
0.000061
0.000284
0.000380
0.000342
0.000231
0.000116
0.000019
-0.000044
-0.000040
0.000014
0.000036
-0.000034
-0.000135
-0.000162
-0.000148
-0.000189
-0.000247
-0.000219
-0.000134
-0.000107
-0.000156
-0.000202
-0.000234
-0.000329
-0.000482
-0.000533
-0.000341
0.000003
0.000276
0.000436
0.000557
0.000589
0.000455
0.000223
0.000054
0.000038
0.000125
0.000208
0.000232
0.000178
0.000069
0.000013
0.000087
0.000194
0.000224
0.000242
0.000284
0.000189
-0.000136
-0.000503
-0.000699
-0.000729
-0.000653
-0.000453
-0.000183
-0.000039
-0.000082
-0.000130
-0.000081
-0.000019
0.000011
0.000038
0.000060
0.000077
0.000114
0.000190
0.000312
0.000439
0.000490
0.000414
0.000235
0.000096
0.000093
0.000085
-0.000051
-0.000180
-0.000172
-0.000104
-0.000059
0.000019
0.000152
0.000228
0.000174
