7680
-0.000052
-0.000451
-0.000359
-0.000038
0.000150
0.000161
0.000038
-0.000219
-0.000311
0.000136
0.000697
0.000437
-0.000549
-0.000963
-0.000172
0.000695
0.000350
-0.000654
-0.000734
0.000273
0.000949
0.000470
-0.000377
-0.000517
0.000044
0.000544
0.000518
0.000093
-0.000349
-0.000442
-0.000085
0.000341
0.000262
-0.000344
-0.000724
-0.000250
0.000568
0.000638
-0.000091
-0.000524
-0.000114
0.000421
0.000358
-0.000035
-0.000226
-0.000236
-0.000214
-0.000037
0.000243
0.000294
0.000067
-0.000170
-0.000313
-0.000399
-0.000326
-0.000054
0.000155
0.000024
-0.000260
-0.000133
0.000475
0.000703
-0.000054
-0.000897
-0.000514
0.000715
0.001109
0.000209
-0.000631
-0.000298
0.000682
0.001063
0.000424
-0.000521
-0.000888
-0.000487
0.000223
0.000618
0.000334
-0.000377
-0.000727
-0.000252
0.000456
0.000394
-0.000469
-0.001031
-0.000503
0.000490
0.000746
0.000076
-0.000582
-0.000479
0.000161
0.000658
0.000574
0.000020
-0.000387
-0.000189
0.000242
0.000225
-0.000211
-0.000404
-0.000031
0.000407
0.000268
-0.000238
-0.000314
0.000172
0.000478
0.000209
-0.000104
0.000029
0.000309
0.000182
-0.000355
-0.000664
-0.000181
0.000722
0.000961
0.000140
-0.000771
-0.000686
0.000106
0.000407
-0.000205
-0.000880
-0.000651
0.000342
0.000920
0.000293
-0.000793
-0.000977
-0.000145
0.000535
0.000302
-0.000327
-0.000444
0.000082
0.000531
0.000332
-0.000109
0.000013
0.000620
0.000806
0.000173
-0.000591
-0.000593
0.000112
0.000564
0.000149
-0.000533
-0.000491
0.000218
0.000556
0.000025
-0.000645
-0.000586
0.000072
0.000565
0.000504
0.000099
-0.000203
-0.000102
0.000197
0.000233
-0.000028
-0.000251
-0.000264
-0.000045
0.000311
0.000390
-0.000046
-0.000477
-0.000356
-0.000008
-0.000005
-0.000258
-0.000379
-0.000239
0.000143
0.000629
0.000800
0.000398
-0.000164
-0.000265
0.000050
0.000197
-0.000052
-0.000331
-0.000310
-0.000118
-0.000126
-0.000381
-0.000438
-0.000052
0.000311
0.000130
-0.000294
-0.000204
0.000358
0.000474
-0.000179
-0.000677
-0.000217
0.000688
0.000966
0.000417
-0.000162
-0.000095
0.000415
0.000645
0.000192
-0.000568
-0.000797
-0.000136
0.000673
0.000478
-0.000659
-0.001217
-0.000307
0.000880
0.000727
-0.000553
-0.001304
-0.000608
0.000656
0.000957
0.000048
-0.000751
-0.000452
0.000341
0.000589
0.000286
0.000082
0.000180
0.000280
0.000208
0.000099
0.000062
-0.000010
-0.000220
-0.000422
-0.000357
-0.000049
0.000191
0.000107
-0.000282
-0.000557
-0.000245
0.000377
0.000499
-0.000031
-0.000482
-0.000227
0.000429
0.000553
-0.000116
-0.000626
-0.000172
0.000633
0.000689
0.000036
-0.000392
-0.000177
0.000241
0.000334
0.000061
-0.000152
0.000069
0.000417
0.000258
-0.000266
-0.000420
-0.000182
-0.000110
-0.000182
-0.000004
0.000303
0.000312
0.000006
-0.000247
-0.000237
-0.000137
-0.000214
-0.000401
-0.000376
-0.000141
-0.000043
-0.000111
-0.000024
0.000193
0.000162
-0.000109
-0.000160
0.000154
0.000411
0.000300
0.000077
0.000052
0.000093
-0.000012
-0.000108
0.000060
0.000321
0.000243
-0.000159
-0.000336
0.000014
0.000396
0.000213
-0.000199
-0.000104
0.000288
0.000191
-0.000328
-0.000512
-0.000193
0.000093
0.000072
0.000036
0.000152
0.000119
-0.000248
-0.000540
-0.000311
0.000166
0.000265
-0.000004
-0.000074
0.000215
0.000484
0.000521
0.000395
0.000085
-0.000312
-0.000331
0.000149
0.000388
-0.000215
-0.001010
-0.000830
0.000296
0.000967
0.000264
-0.000874
-0.000850
0.000346
0.001102
0.000529
-0.000342
-0.000342
0.000134
0.000192
-0.000044
-0.000056
0.000016
-0.000125
-0.000254
-0.000099
0.000129
0.000083
-0.000226
-0.000421
-0.000194
0.000213
0.000299
0.000081
-0.000039
-0.000015
-0.000011
0.000110
0.000366
0.000300
-0.000213
-0.000518
-0.000224
0.000148
0.000012
-0.000443
-0.000524
0.000056
0.000656
0.000423
-0.000457
-0.000882
-0.000360
0.000435
0.000748
0.000531
0.000172
0.000039
0.000227
0.000492
0.000477
0.000124
-0.000197
-0.000136
0.000159
0.000233
-0.000067
-0.000363
-0.000253
0.000069
0.000098
-0.000148
-0.000241
-0.000136
-0.000083
-0.000065
-0.000013
-0.000123
-0.000427
-0.000579
-0.000341
0.000076
0.000214
-0.000084
-0.000345
-0.000065
0.000468
0.000559
0.000125
-0.000249
-0.000174
0.000109
0.000183
0.000010
-0.000106
-0.000021
0.000035
-0.000127
-0.000183
0.000236
0.000704
0.000475
-0.000242
-0.000472
0.000048
0.000554
0.000448
-0.000025
-0.000328
-0.000265
0.000009
0.000215
0.000184
0.000008
-0.000090
-0.000039
0.000013
-0.000077
-0.000248
-0.000329
-0.000260
-0.000100
-0.000001
-0.000114
-0.000284
-0.000187
0.000056
0.000061
-0.000103
-0.000086
0.000098
0.000213
0.000219
0.000216
0.000166
-0.000021
-0.000187
-0.000038
0.000318
0.000355
-0.000076
-0.000378
-0.000140
0.000212
0.000224
0.000116
0.000217
0.000366
0.000161
-0.000398
-0.000671
-0.000160
0.000584
0.000592
-0.000153
-0.000735
-0.000525
0.000172
0.000609
0.000323
-0.000463
-0.000894
-0.000364
0.000592
0.000839
0.000070
-0.000824
-0.000835
0.000035
0.000742
0.000399
-0.000448
-0.000474
0.000375
0.000813
0.000356
-0.000101
-0.000040
0.000066
-0.000021
0.000008
0.000152
0.000064
-0.000247
-0.000392
-0.000246
-0.000133
-0.000194
-0.000182
-0.000115
-0.000175
-0.000029
0.000510
0.000797
0.000351
-0.000341
-0.000522
-0.000002
0.000655
0.000613
-0.000199
-0.000848
-0.000573
0.000304
0.000709
0.000021
-0.000940
-0.000865
0.000089
0.000650
0.000367
-0.000236
-0.000592
-0.000286
0.000548
0.000873
0.000153
-0.000585
-0.000414
0.000204
0.000515
0.000333
-0.000103
-0.000241
0.000176
0.000593
0.000427
-0.000149
-0.000518
-0.000289
0.000232
0.000289
-0.000231
-0.000526
-0.000170
0.000245
0.000185
-0.000068
-0.000026
0.000243
0.000187
-0.000366
-0.000759
-0.000395
0.000330
0.000589
0.000193
-0.000298
-0.000241
0.000312
0.000556
-0.000013
-0.000750
-0.000612
0.000332
0.000939
0.000589
-0.000191
-0.000530
-0.000098
0.000476
0.000362
-0.000281
-0.000668
-0.000438
0.000106
0.000226
-0.000287
-0.000442
0.000223
0.000576
0.000011
-0.000552
-0.000412
0.000094
0.000392
0.000152
-0.000421
-0.000543
0.000133
0.000743
0.000416
-0.000390
-0.000601
0.000040
0.000783
0.000758
-0.000098
-0.000799
-0.000381
0.000722
0.001119
0.000272
-0.000760
-0.000704
0.000260
0.000817
0.000255
-0.000644
-0.000754
-0.000145
0.000413
0.000519
0.000007
-0.000708
-0.000577
0.000318
0.000639
0.000154
-0.000212
-0.000232
-0.000192
-0.000073
0.000083
0.000126
0.000062
-0.000112
-0.000290
-0.000222
0.000012
0.000142
0.000130
-0.000139
-0.000635
-0.000589
0.000239
0.000698
0.000276
-0.000178
-0.000268
0.000016
0.000889
0.001345
0.000197
-0.001008
-0.000291
0.000947
0.000560
-0.000714
-0.001199
-0.000668
0.000299
0.000840
0.000307
-0.000607
-0.000672
0.000150
0.000886
0.000645
-0.000442
-0.001065
-0.000510
0.000294
0.000453
0.000109
-0.000276
-0.000233
0.000298
0.000546
0.000077
-0.000284
0.000078
0.000448
0.000206
-0.000228
-0.000386
-0.000224
0.000071
-0.000035
-0.000633
-0.000719
0.000048
0.000464
0.000039
-0.000312
-0.000164
0.000201
0.000587
0.000612
0.000047
-0.000351
0.000135
0.000822
0.000657
-0.000186
-0.000774
-0.000564
0.000216
0.000700
0.000344
-0.000281
-0.000328
0.000136
0.000325
-0.000162
-0.000808
-0.000828
-0.000247
0.000223
0.000255
0.000037
-0.000199
-0.000167
0.000128
0.000139
-0.000263
-0.000281
0.000452
0.000968
0.000349
-0.000749
-0.000987
-0.000189
0.000688
0.000828
0.000222
-0.000388
-0.000154
0.000767
0.001048
0.000008
-0.001046
-0.000650
0.000648
0.001199
0.000327
-0.000940
-0.000885
0.000595
0.001422
0.000339
-0.001009
-0.000861
-0.000032
0.000123
-0.000227
-0.000614
-0.000829
-0.000417
0.000269
0.000186
-0.000479
-0.000743
-0.000501
-0.000132
0.000060
-0.000134
-0.000198
0.000354
0.000667
0.000135
-0.000235
0.000109
0.000507
0.000763
0.000826
0.000360
-0.000020
0.000418
0.000920
0.000450
-0.000563
-0.000772
0.000157
0.000909
0.000268
-0.001017
-0.001189
-0.000137
0.000673
0.000449
-0.000453
-0.001182
-0.000868
0.000250
0.000777
0.000074
-0.000905
-0.000901
0.000111
0.000861
0.000525
-0.000251
-0.000556
-0.000170
0.000555
0.000854
0.000321
-0.000361
-0.000294
0.000470
0.001169
0.001066
0.000117
-0.000687
-0.000415
0.000437
0.000585
-0.000187
-0.000858
-0.000739
-0.000170
0.000077
-0.000335
-0.000727
-0.000274
0.000468
0.000313
-0.000550
-0.000815
-0.000111
0.000524
0.000308
-0.000261
-0.000309
0.000267
0.000671
0.000156
-0.000724
-0.000605
0.000545
0.001291
0.000785
-0.000434
-0.001032
-0.000124
0.001066
0.000617
-0.000763
-0.000909
0.000360
0.001402
0.000997
-0.000415
-0.001241
-0.000659
0.000351
0.000497
-0.000170
-0.000801
-0.000542
0.000484
0.000587
-0.000394
-0.000421
0.000391
0.000457
0.000222
0.000148
-0.000469
-0.000876
-0.000078
0.000511
-0.000238
-0.000820
-0.000100
0.000722
0.000393
-0.000550
-0.000900
-0.000297
0.000721
0.001013
0.000067
-0.000763
-0.000329
0.000554
0.001004
0.000833
-0.000109
-0.000927
-0.000491
0.000382
0.000576
0.000301
-0.000275
-0.000657
0.000104
0.001150
0.000756
-0.000545
-0.000989
-0.000387
0.000272
0.000268
-0.000427
-0.000878
-0.000421
0.000059
-0.000146
-0.000417
-0.000269
0.000168
0.000609
0.000350
-0.000655
-0.000861
0.000317
0.001157
0.000656
-0.000150
-0.000210
0.000538
0.001356
0.001057
-0.000470
-0.001387
-0.000216
0.001572
0.001476
-0.000249
-0.001124
-0.000072
0.001358
0.001091
-0.000729
-0.001629
-0.000344
0.001115
0.000585
-0.001081
-0.001753
-0.001107
-0.000292
-0.000132
-0.000759
-0.001343
-0.000770
0.000312
0.000360
-0.000367
-0.000575
-0.000189
0.000224
0.000547
0.000515
0.000140
0.000248
0.000930
0.001243
0.000843
0.000366
0.000461
0.001036
0.001280
0.000677
-0.000121
-0.000150
0.000355
0.000247
-0.000573
-0.001232
-0.001464
-0.001045
-0.000022
0.000253
-0.000492
-0.000785
-0.000459
-0.000240
-0.000096
-0.000379
-0.001027
-0.000636
0.000543
0.000640
-0.000033
-0.000230
-0.000055
0.000759
0.001916
0.001345
-0.000460
-0.000387
0.000881
0.000679
0.000089
0.000216
-0.000349
-0.000808
0.000275
0.000688
-0.000669
-0.001099
0.000069
0.000416
-0.000534
-0.001266
-0.001572
-0.001681
-0.000929
0.000134
-0.000068
-0.000806
-0.000047
0.001489
0.001538
0.000418
0.000075
0.000820
0.001590
0.001570
0.000759
0.000130
0.000649
0.001595
0.001419
0.000344
-0.000033
0.000512
0.000804
0.000342
-0.000471
-0.001140
-0.001085
-0.000232
0.000224
-0.000649
-0.001796
-0.001769
-0.000943
-0.000660
-0.001269
-0.001967
-0.001894
-0.001042
-0.000299
-0.000347
-0.000675
-0.000420
0.000291
0.000733
0.000691
0.000448
0.000339
0.000636
0.001098
0.001140
0.001032
0.001413
0.001842
0.001771
0.001608
0.001533
0.001198
0.000766
0.000537
0.000007
-0.001049
-0.001435
-0.000610
-0.000208
-0.000972
-0.001476
-0.001413
-0.001407
-0.000992
-0.000606
-0.001188
-0.001476
-0.000504
0.000265
0.000247
0.000197
-0.000285
-0.000865
-0.000193
0.000885
0.000915
0.000468
0.000337
0.000571
0.001256
0.001750
0.001131
0.000036
-0.000182
0.000595
0.001124
0.000238
-0.001063
-0.000657
0.000639
0.000555
-0.000275
-0.000503
-0.000596
-0.000579
0.000047
0.000182
-0.000921
-0.001287
0.000021
0.000439
-0.000866
-0.001216
-0.000051
0.000416
-0.000135
-0.000625
-0.001218
-0.001480
-0.000502
0.000113
-0.000855
-0.001239
0.000114
0.001275
0.001337
0.001233
0.001244
0.001451
0.002115
0.002278
0.001227
0.000371
0.000839
0.001513
0.001227
0.000448
0.000066
0.000252
0.000520
0.000255
-0.000592
-0.001448
-0.001714
-0.001280
-0.000797
-0.000993
-0.001581
-0.001694
-0.001265
-0.000959
-0.001089
-0.001459
-0.001687
-0.001430
-0.000895
-0.000609
-0.000477
-0.000072
0.000443
0.000732
0.001016
0.001455
0.001608
0.001321
0.001123
0.001165
0.001045
0.000793
0.000739
0.000786
0.000858
0.001129
0.001297
0.001002
0.000582
0.000360
0.000198
-0.000090
-0.000486
-0.000603
-0.000277
-0.000144
-0.000514
-0.000806
-0.000816
-0.000918
-0.001255
-0.001862
-0.002411
-0.002102
-0.001031
-0.000283
-0.000326
-0.000595
-0.000294
0.000595
0.000876
-0.000078
-0.000561
0.000840
0.002324
0.001981
0.000852
0.000432
0.000753
0.001304
0.001321
0.000431
-0.000191
0.000608
0.001463
0.000598
-0.000855
-0.001091
-0.000459
-0.000031
-0.000168
-0.000798
-0.001506
-0.001427
-0.000451
-0.000023
-0.000922
-0.001534
-0.000496
0.000548
0.000113
-0.000298
-0.000027
-0.000138
0.000171
0.001202
0.001016
0.000243
0.000645
0.000272
-0.001709
-0.002355
-0.001751
-0.002354
-0.002565
-0.000682
0.000822
0.001202
0.002537
0.003699
0.002687
0.001606
0.001981
0.001658
0.000271
0.000196
0.001298
0.001482
0.001048
0.001415
0.001970
0.001514
0.000375
-0.000563
-0.001145
-0.001682
-0.002238
-0.002487
-0.002313
-0.001984
-0.001576
-0.001145
-0.001202
-0.001881
-0.002426
-0.002415
-0.002275
-0.002213
-0.001948
-0.001272
-0.000137
0.001133
0.001829
0.001814
0.001767
0.002085
0.002456
0.002361
0.001570
0.000810
0.001312
0.002624
0.002705
0.001345
0.000573
0.000972
0.001091
0.000319
-0.000713
-0.001433
-0.001301
-0.000311
0.000284
-0.000282
-0.000916
-0.000659
-0.000343
-0.000942
-0.001829
-0.001886
-0.001268
-0.001000
-0.001415
-0.001846
-0.001583
-0.000639
0.000295
0.000465
-0.000072
-0.000178
0.000872
0.001877
0.001350
0.000067
-0.000052
0.001184
0.002157
0.001690
0.000427
-0.000145
0.000317
0.000688
0.000215
-0.000341
-0.000306
-0.000201
-0.000168
0.000295
0.000603
-0.000020
-0.000687
-0.000607
-0.000450
-0.000691
-0.001097
-0.001198
-0.000636
0.000040
0.000230
0.000380
0.000627
0.000343
-0.000218
-0.000184
0.000117
-0.000122
-0.000341
0.000185
0.000584
0.000205
-0.000066
-0.000313
-0.002012
-0.004474
-0.004869
-0.002965
-0.001452
-0.000773
0.001187
0.003946
0.004924
0.004583
0.004882
0.004611
0.002224
-0.000165
-0.000385
0.000411
0.000786
0.001169
0.001831
0.002136
0.001923
0.001486
0.000615
-0.001123
-0.003247
-0.004323
-0.003809
-0.003032
-0.002978
-0.002738
-0.001653
-0.000678
-0.000595
-0.001143
-0.001914
-0.002523
-0.002674
-0.002541
-0.002172
-0.001116
0.000600
0.002121
0.002724
0.002492
0.002257
0.002630
0.002831
0.001863
0.000662
0.000840
0.002061
0.002915
0.003032
0.002711
0.002107
0.001479
0.000940
0.000053
-0.001308
-0.002394
-0.002667
-0.002449
-0.002055
-0.001496
-0.001021
-0.000892
-0.000902
-0.000840
-0.000947
-0.001485
-0.002090
-0.002008
-0.001165
-0.000289
0.000228
0.000581
0.000843
0.001026
0.001310
0.001479
0.001103
0.000602
0.000733
0.001158
0.001141
0.000976
0.001246
0.001603
0.001423
0.000745
-0.000082
-0.000768
-0.001043
-0.001052
-0.001229
-0.001371
-0.000922
-0.000138
0.000197
-0.000172
-0.000885
-0.001337
-0.001137
-0.000664
-0.000481
-0.000390
-0.000048
0.000386
0.000799
0.001031
0.000585
-0.000305
-0.000403
0.000560
0.001225
0.000806
0.000174
0.000271
0.000939
0.001203
0.000300
-0.000903
-0.000760
0.000365
0.000401
-0.001361
-0.003571
-0.005002
-0.005564
-0.005026
-0.003014
-0.000670
0.000763
0.002511
0.005350
0.006794
0.005634
0.004404
0.004051
0.002707
0.000835
0.000780
0.001989
0.002354
0.002142
0.002495
0.002696
0.001724
0.000166
-0.001217
-0.002849
-0.004809
-0.005749
-0.005054
-0.004159
-0.003991
-0.003540
-0.002429
-0.001887
-0.002279
-0.002715
-0.002986
-0.003342
-0.003228
-0.002065
-0.000280
0.001266
0.002214
0.002979
0.004065
0.004916
0.004526
0.003347
0.002722
0.002775
0.002848
0.002940
0.003140
0.003211
0.003271
0.003247
0.002368
0.000606
-0.000944
-0.001900
-0.002805
-0.003591
-0.003841
-0.003722
-0.003290
-0.002341
-0.001508
-0.001661
-0.002309
-0.002359
-0.001908
-0.001779
-0.002015
-0.001981
-0.001315
-0.000143
0.001121
0.001965
0.002187
0.002128
0.002149
0.002134
0.001909
0.001757
0.001931
0.002116
0.002024
0.001890
0.001787
0.001367
0.000639
-0.000035
-0.000610
-0.001138
-0.001381
-0.001343
-0.001445
-0.001737
-0.001721
-0.001138
-0.000431
-0.000312
-0.000908
-0.001511
-0.001425
-0.000881
-0.000621
-0.000772
-0.000807
-0.000440
0.000204
0.000858
0.001165
0.001175
0.001396
0.001797
0.001792
0.001406
0.001102
0.000772
0.000299
0.000247
0.000793
0.000982
-0.000342
-0.003296
-0.006490
-0.008322
-0.008547
-0.007216
-0.004106
-0.000545
0.002064
0.004884
0.008302
0.009813
0.008833
0.007460
0.005706
0.002920
0.001351
0.002341
0.003480
0.003202
0.002995
0.003534
0.003380
0.001630
-0.001269
-0.004590
-0.007509
-0.009111
-0.009000
-0.007885
-0.007033
-0.006447
-0.004938
-0.002916
-0.002267
-0.003038
-0.003706
-0.003854
-0.003542
-0.002244
-0.000203
0.001706
0.003575
0.005724
0.007513
0.008250
0.007899
0.006820
0.005711
0.004934
0.004037
0.003091
0.003046
0.003761
0.003888
0.002995
0.001773
0.000629
-0.000631
-0.002450
-0.005024
-0.007418
-0.008093
-0.007052
-0.005996
-0.005747
-0.005268
-0.003771
-0.002125
-0.001456
-0.001699
-0.002121
-0.002046
-0.000997
0.000718
0.002024
0.002622
0.003448
0.004846
0.005790
0.005616
0.004879
0.004120
0.003330
0.002722
0.002525
0.002220
0.001344
0.000440
0.000044
-0.000289
-0.001136
-0.002345
-0.003413
-0.003989
-0.004012
-0.003782
-0.003640
-0.003401
-0.002637
-0.001550
-0.000874
-0.000852
-0.000909
-0.000565
-0.000069
0.000232
0.000511
0.001037
0.001769
0.002560
0.003138
0.003158
0.002835
0.002809
0.002969
0.002503
0.001423
0.000709
0.000664
0.000462
-0.000338
-0.001104
-0.001354
-0.001662
-0.003146
-0.006410
-0.010563
-0.013515
-0.013325
-0.009321
-0.003461
0.000779
0.003563
0.008280
0.013875
0.015586
0.013478
0.010846
0.007664
0.004069
0.003241
0.005012
0.005251
0.003740
0.003804
0.004849
0.003353
-0.000823
-0.005117
-0.008692
-0.012072
-0.014336
-0.013973
-0.011767
-0.009914
-0.008577
-0.006542
-0.004446
-0.003608
-0.003422
-0.003124
-0.003128
-0.002725
-0.000297
0.003584
0.006799
0.008782
0.010366
0.011861
0.012760
0.012291
0.010218
0.007478
0.005209
0.003724
0.003083
0.003092
0.002717
0.001386
0.000035
-0.000776
-0.002107
-0.004765
-0.007944
-0.010453
-0.011819
-0.011879
-0.010745
-0.009559
-0.009306
-0.008406
-0.004845
-0.000765
0.000464
0.000464
0.002278
0.004418
0.005135
0.006143
0.007713
0.007964
0.007864
0.009174
0.009840
0.007901
0.005524
0.004536
0.003238
0.000720
-0.001057
-0.001439
-0.002286
-0.003959
-0.004777
-0.004718
-0.005338
-0.006455
-0.006796
-0.006720
-0.006881
-0.006298
-0.004527
-0.002941
-0.002035
-0.000720
0.001039
0.002138
0.002690
0.003543
0.004397
0.004735
0.005100
0.005666
0.005480
0.004408
0.003632
0.003492
0.003022
0.001818
0.000515
-0.000340
-0.000711
-0.000954
-0.001641
-0.002855
-0.003868
-0.004116
-0.003879
-0.003615
-0.003527
-0.004362
-0.007385
-0.012146
-0.015498
-0.014638
-0.009920
-0.003898
0.001476
0.006821
0.013587
0.019949
0.022204
0.020376
0.017029
0.012548
0.007563
0.005243
0.005837
0.005378
0.003016
0.001956
0.002137
0.000055
-0.004659
-0.009555
-0.014114
-0.018573
-0.020920
-0.019568
-0.016499
-0.014362
-0.012474
-0.008830
-0.004329
-0.001551
-0.000800
-0.000526
0.000223
0.002072
0.005439
0.009198
0.011910
0.014041
0.016469
0.018311
0.018259
0.016207
0.012691
0.008532
0.004819
0.002016
-0.000162
-0.001884
-0.003199
-0.004308
-0.005214
-0.006027
-0.007558
-0.010333
-0.013407
-0.015447
-0.016163
-0.015565
-0.013296
-0.009968
-0.007118
-0.004760
-0.001606
0.001904
0.004195
0.005704
0.007771
0.009896
0.011408
0.013120
0.014831
0.014807
0.013096
0.011448
0.009870
0.007083
0.003469
0.000320
-0.002277
-0.004672
-0.006599
-0.008006
-0.009214
-0.009969
-0.009903
-0.009578
-0.009574
-0.009300
-0.008097
-0.006519
-0.005194
-0.003590
-0.001252
0.001042
0.002621
0.004006
0.005601
0.006794
0.007175
0.007189
0.007131
0.006866
0.006466
0.006019
0.005249
0.004111
0.003032
0.001976
0.000369
-0.001555
-0.002803
-0.003372
-0.004185
-0.005248
-0.005761
-0.005710
-0.005573
-0.005164
-0.004279
-0.003389
-0.002584
-0.001539
-0.001533
-0.004905
-0.011010
-0.015457
-0.014581
-0.008630
-0.000922
0.005438
0.011297
0.019275
0.026839
0.028448
0.024481
0.019008
0.012455
0.005418
0.002051
0.002534
0.001711
-0.001392
-0.002841
-0.002723
-0.005121
-0.010535
-0.015930
-0.020154
-0.023653
-0.024905
-0.021992
-0.016756
-0.012688
-0.009372
-0.004262
0.001379
0.004419
0.005367
0.006292
0.006985
0.007558
0.009950
0.013987
0.016944
0.018048
0.018884
0.019589
0.018386
0.014336
0.008412
0.002370
-0.002586
-0.006226
-0.008628
-0.009758
-0.009964
-0.009971
-0.010086
-0.010261
-0.010901
-0.012476
-0.014317
-0.014937
-0.013675
-0.011022
-0.007481
-0.003339
0.000796
0.004436
0.007289
0.008692
0.008984
0.009952
0.011466
0.011714
0.011666
0.012987
0.013745
0.012721
0.011804
0.010257
0.005677
0.000303
-0.002858
-0.005689
-0.009853
-0.012938
-0.013602
-0.013523
-0.013158
-0.011578
-0.009591
-0.008487
-0.007485
-0.005444
-0.003078
-0.001385
0.000306
0.002857
0.005518
0.007341
0.008610
0.009429
0.009128
0.007953
0.006972
0.006166
0.004811
0.003301
0.002515
0.002046
0.001005
-0.000317
-0.001259
-0.002093
-0.003273
-0.004596
-0.005601
-0.006006
-0.005876
-0.005516
-0.004962
-0.004027
-0.002894
-0.001807
-0.000633
0.000549
0.001482
0.002514
0.003552
0.002652
-0.001901
-0.008716
-0.014575
-0.016590
-0.012540
-0.003777
0.004162
0.009781
0.017634
0.026643
0.028973
0.024065
0.018358
0.012375
0.004095
-0.001473
-0.000682
0.000389
-0.002988
-0.006112
-0.005531
-0.006004
-0.011009
-0.016701
-0.019720
-0.021870
-0.023328
-0.020495
-0.014173
-0.009818
-0.007359
-0.001983
0.005047
0.008382
0.008594
0.009354
0.010111
0.009862
0.011005
0.014123
0.016181
0.016168
0.016082
0.016162
0.014422
0.010052
0.003904
-0.002736
-0.008178
-0.011107
-0.011938
-0.011915
-0.011511
-0.010814
-0.010068
-0.009251
-0.008631
-0.009109
-0.010438
-0.010616
-0.008374
-0.004508
-0.000299
0.003475
0.006291
0.008385
0.010452
0.011851
0.011010
0.008078
0.005061
0.003626
0.004274
0.006287
0.007846
0.007943
0.007372
0.006442
0.004106
0.000133
-0.004538
-0.009096
-0.012377
-0.012957
-0.011222
-0.009205
-0.007936
-0.006886
-0.005552
-0.004072
-0.002813
-0.001971
-0.001235
0.000070
0.002333
0.005203
0.007654
0.008720
0.008481
0.007774
0.006831
0.005210
0.003007
0.001026
-0.000146
-0.000558
-0.000680
-0.001031
-0.001686
-0.002245
-0.002485
-0.002631
-0.002876
-0.003170
-0.003443
-0.003493
-0.002979
-0.001943
-0.000846
0.000096
0.001035
0.002009
0.002768
0.002909
0.002195
0.001168
0.000825
0.001244
0.001328
-0.000414
-0.005174
-0.012539
-0.020100
-0.023972
-0.018704
-0.003706
0.009695
0.013270
0.017540
0.029500
0.034481
0.025230
0.016229
0.011875
0.002267
-0.006712
-0.002870
0.003780
-0.001059
-0.009390
-0.009011
-0.006075
-0.010888
-0.019262
-0.022222
-0.021689
-0.022767
-0.020501
-0.010756
-0.002778
-0.002626
-0.000497
0.008835
0.014916
0.012600
0.009905
0.010358
0.010016
0.009869
0.013082
0.016026
0.014642
0.011915
0.011154
0.009839
0.004845
-0.002707
-0.009752
-0.013961
-0.014535
-0.012904
-0.011206
-0.009863
-0.008573
-0.007521
-0.006126
-0.004163
-0.003703
-0.005432
-0.005765
-0.002304
0.002261
0.005279
0.007497
0.009410
0.010130
0.010036
0.009585
0.007280
0.002954
-0.000266
-0.000739
-0.000549
-0.000960
-0.001195
-0.001640
-0.002388
-0.001416
0.000812
0.000582
-0.002134
-0.003342
-0.002175
-0.001111
-0.000839
-0.000736
-0.001230
-0.001992
-0.001548
-0.000386
-0.000743
-0.002707
-0.003712
-0.002305
0.000076
0.001572
0.002154
0.002738
0.003609
0.004371
0.004332
0.002831
0.000253
-0.001630
-0.001568
-0.000578
-0.000462
-0.001267
-0.001661
-0.001153
-0.000504
-0.000477
-0.001113
-0.001808
-0.001744
-0.000567
0.001230
0.002662
0.003095
0.002912
0.002977
0.003243
0.002696
0.000999
-0.000829
-0.001801
-0.002006
-0.001939
-0.001807
-0.001686
-0.001729
-0.002605
-0.005724
-0.011393
-0.017780
-0.023160
-0.024796
-0.017424
-0.002256
0.010433
0.018083
0.028464
0.039335
0.039961
0.032237
0.025056
0.017025
0.005776
-0.001337
-0.000911
-0.001299
-0.007724
-0.014099
-0.015569
-0.017120
-0.023171
-0.028746
-0.029170
-0.028037
-0.027038
-0.021181
-0.010999
-0.003785
0.000287
0.007072
0.015304
0.019111
0.018890
0.018671
0.018708
0.017907
0.017666
0.018587
0.018388
0.015848
0.012397
0.008659
0.003519
-0.003428
-0.011112
-0.017485
-0.020372
-0.019791
-0.018025
-0.016044
-0.013101
-0.009719
-0.006991
-0.004544
-0.002297
-0.001204
-0.000652
0.001250
0.004566
0.007711
0.009964
0.011629
0.012626
0.012418
0.010896
0.008387
0.004982
0.000867
-0.002971
-0.005401
-0.006171
-0.005993
-0.005982
-0.006374
-0.005982
-0.004141
-0.002154
-0.001623
-0.002717
-0.003743
-0.001714
0.003507
0.007224
0.007175
0.007118
0.008567
0.008282
0.005665
0.002511
-0.001658
-0.006155
-0.007554
-0.005712
-0.004418
-0.005137
-0.005542
-0.004033
-0.002043
-0.001433
-0.001806
-0.001641
-0.000565
0.001018
0.002886
0.004180
0.003775
0.002402
0.001958
0.002456
0.002347
0.001455
0.000848
0.000622
0.000343
0.000420
0.001061
0.001393
0.001013
0.000768
0.001106
0.001234
0.000454
-0.000956
-0.002452
-0.003709
-0.004320
-0.004147
-0.003765
-0.003482
-0.002727
-0.001202
0.000664
0.002169
0.001472
-0.003697
-0.012197
-0.019671
-0.022772
-0.018990
-0.007367
0.006594
0.016876
0.026578
0.037975
0.042703
0.036013
0.025210
0.015462
0.005259
-0.003400
-0.006816
-0.007790
-0.011168
-0.016077
-0.018624
-0.019099
-0.021641
-0.026493
-0.028583
-0.026196
-0.022658
-0.018008
-0.009747
-0.000413
0.006365
0.012587
0.019933
0.024510
0.023720
0.020604
0.018006
0.015547
0.013454
0.012835
0.012342
0.009955
0.006380
0.002787
-0.001636
-0.007479
-0.013814
-0.019219
-0.021766
-0.020329
-0.016718
-0.013296
-0.009828
-0.005519
-0.001242
0.001978
0.003907
0.004538
0.004473
0.004922
0.006495
0.008568
0.009927
0.010064
0.009526
0.008550
0.006504
0.003190
-0.000688
-0.004321
-0.007008
-0.008322
-0.008701
-0.008739
-0.007830
-0.005524
-0.003373
-0.002399
-0.000998
0.001692
0.003868
0.004352
0.004617
0.006598
0.009575
0.010602
0.009132
0.007529
0.005736
0.001860
-0.002676
-0.005697
-0.008326
-0.010995
-0.011305
-0.008852
-0.006424
-0.005485
-0.004800
-0.003313
-0.001553
-0.000217
0.000952
0.002288
0.003474
0.004448
0.005631
0.006579
0.006095
0.004287
0.002778
0.002314
0.002013
0.001314
0.000657
0.000225
-0.000048
0.000118
0.000486
0.000209
-0.000661
-0.001306
-0.001651
-0.002187
-0.002982
-0.003725
-0.003978
-0.003463
-0.002564
-0.001989
-0.001743
-0.001141
0.000034
0.001129
0.001680
0.001671
-0.000091
-0.005357
-0.013106
-0.019916
-0.022299
-0.016592
-0.003123
0.010417
0.019529
0.028939
0.038679
0.039926
0.031311
0.021010
0.012168
0.002712
-0.005168
-0.008194
-0.009406
-0.013766
-0.019642
-0.021724
-0.020887
-0.022589
-0.025960
-0.025283
-0.020984
-0.017213
-0.012375
-0.003737
0.005084
0.010672
0.015609
0.021463
0.024633
0.022998
0.019291
0.016157
0.013582
0.011342
0.009512
0.007319
0.004158
0.000269
-0.004073
-0.008424
-0.012383
-0.016198
-0.019145
-0.019151
-0.016086
-0.012229
-0.008560
-0.004302
0.000222
0.003720
0.006057
0.007816
0.008702
0.008166
0.007054
0.006912
0.007668
0.007792
0.006698
0.005009
0.002903
0.000156
-0.002848
-0.005530
-0.007673
-0.008966
-0.008967
-0.008071
-0.007224
-0.006040
-0.003598
-0.000972
0.000658
0.002455
0.005291
0.008379
0.011073
0.012299
0.011105
0.009080
0.007452
0.004569
0.000185
-0.003536
-0.006339
-0.009041
-0.010580
-0.010418
-0.009981
-0.009727
-0.008481
-0.005705
-0.002276
0.000510
0.002287
0.003869
0.005549
0.006373
0.005973
0.005246
0.004624
0.003753
0.002863
0.002371
0.001774
0.000739
0.000079
0.000347
0.000931
0.001015
0.000396
-0.000447
-0.000865
-0.001018
-0.001576
-0.002471
-0.003222
-0.003713
-0.003721
-0.003139
-0.002565
-0.002229
-0.001660
-0.000936
-0.000332
0.000548
0.001539
0.001683
0.001390
0.002083
0.002542
-0.000778
-0.007839
-0.014576
-0.019369
-0.020975
-0.013733
0.001780
0.014468
0.021407
0.030566
0.039295
0.036761
0.025477
0.015518
0.007100
-0.003026
-0.010929
-0.013037
-0.013919
-0.018461
-0.022882
-0.021652
-0.018468
-0.019532
-0.021405
-0.018150
-0.012509
-0.008346
-0.002928
0.005130
0.012024
0.016458
0.020737
0.024010
0.022792
0.017241
0.011172
0.007019
0.004402
0.002081
-0.000771
-0.003723
-0.005557
-0.006655
-0.008407
-0.010383
-0.011736
-0.012859
-0.012699
-0.009416
-0.004546
-0.000781
0.002419
0.006354
0.009986
0.011804
0.011501
0.009515
0.006671
0.003818
0.001418
-0.000466
-0.002103
-0.003608
-0.004639
-0.005213
-0.005962
-0.007094
-0.008101
-0.008313
-0.007253
-0.005087
-0.002948
-0.002048
-0.001554
0.001159
0.006270
0.010685
0.012933
0.013865
0.013387
0.011731
0.009995
0.006932
0.001399
-0.003713
-0.005919
-0.006847
-0.008371
-0.010112
-0.011126
-0.010872
-0.009426
-0.007406
-0.005091
-0.002634
-0.000405
0.001951
0.004728
0.006545
0.006225
0.004994
0.004390
0.003953
0.002827
0.001568
0.000946
0.000762
0.000660
0.000804
0.001229
0.001375
0.000771
-0.000090
-0.000291
-0.000011
-0.000398
-0.001674
-0.002775
-0.003074
-0.002961
-0.002808
-0.002589
-0.002082
-0.001009
0.000348
0.001202
0.001409
0.001402
0.001074
0.000268
-0.000312
-0.000186
0.000019
0.000016
0.000511
0.000768
-0.002092
-0.008124
-0.013001
-0.015765
-0.018662
-0.016327
-0.002810
0.012900
0.020807
0.027152
0.036383
0.038115
0.027922
0.015973
0.007929
-0.000777
-0.011010
-0.016781
-0.016838
-0.017811
-0.022015
-0.022840
-0.018418
-0.016335
-0.018363
-0.016925
-0.010230
-0.004147
0.000184
0.006309
0.013656
0.018854
0.021588
0.022847
0.021252
0.015607
0.008205
0.002317
-0.001328
-0.003897
-0.006320
-0.008029
-0.007781
-0.006685
-0.007237
-0.008554
-0.008234
-0.007353
-0.007144
-0.005340
-0.001053
0.003134
0.006148
0.009101
0.011685
0.012444
0.010978
0.007936
0.004118
0.000136
-0.003330
-0.005702
-0.007273
-0.008512
-0.008935
-0.008219
-0.007183
-0.006462
-0.005763
-0.004615
-0.002774
-0.000587
0.000668
0.000567
0.001211
0.004724
0.009997
0.013934
0.014969
0.014070
0.012337
0.009050
0.003560
-0.002480
-0.006673
-0.008208
-0.007937
-0.007405
-0.007541
-0.007895
-0.007670
-0.006836
-0.005822
-0.004730
-0.003014
-0.000138
0.003258
0.005599
0.006040
0.005124
0.003775
0.002459
0.001268
0.000178
-0.000698
-0.000958
-0.000304
0.000844
0.001621
0.001707
0.001455
0.001138
0.000782
0.000482
0.000317
0.000221
0.000049
-0.000375
-0.001005
-0.001482
-0.001652
-0.001726
-0.001589
-0.000645
0.001084
0.002311
0.001814
0.000215
-0.000891
-0.001331
-0.001941
-0.002485
-0.002210
-0.001398
-0.000658
-0.000290
-0.001607
-0.006037
-0.011335
-0.013864
-0.015063
-0.015838
-0.009171
0.006604
0.019714
0.025197
0.031367
0.037463
0.033021
0.019985
0.009306
0.002153
-0.006736
-0.015813
-0.019364
-0.018384
-0.019215
-0.021717
-0.019850
-0.015047
-0.014161
-0.015014
-0.010691
-0.003209
0.001907
0.006030
0.012030
0.017774
0.020585
0.020748
0.018726
0.014062
0.007287
0.000151
-0.005439
-0.008229
-0.008924
-0.009397
-0.009348
-0.007377
-0.005211
-0.005039
-0.005018
-0.003431
-0.001987
-0.000924
0.001816
0.005679
0.008547
0.010325
0.011442
0.011350
0.009493
0.005787
0.001116
-0.003114
-0.006608
-0.009406
-0.010830
-0.011008
-0.010694
-0.009501
-0.007276
-0.005311
-0.004175
-0.003070
-0.001728
-0.000211
0.002074
0.005042
0.007779
0.010384
0.013109
0.014438
0.013006
0.009953
0.006843
0.003320
-0.000845
-0.003822
-0.004437
-0.004425
-0.005470
-0.006640
-0.006915
-0.007205
-0.007929
-0.007652
-0.005758
-0.003663
-0.002153
-0.000254
0.002207
0.003571
0.003074
0.002245
0.002333
0.002515
0.001918
0.001263
0.001346
0.001691
0.001726
0.001755
0.002035
0.002099
0.001603
0.000964
0.000680
0.000565
0.000161
-0.000449
-0.000919
-0.001343
-0.001800
-0.001790
-0.001093
-0.000281
0.000358
0.001108
0.001680
0.001231
-0.000317
-0.001948
-0.002803
-0.003173
-0.003570
-0.003554
-0.002879
-0.002284
-0.001700
-0.000631
-0.001023
-0.004729
-0.008733
-0.010082
-0.011430
-0.012169
-0.004615
0.010268
0.020797
0.025049
0.030548
0.034414
0.028223
0.015581
0.005469
-0.001876
-0.010406
-0.018223
-0.020552
-0.019145
-0.019818
-0.021121
-0.017511
-0.012044
-0.010768
-0.010110
-0.004683
0.002036
0.005833
0.008927
0.013122
0.016331
0.017301
0.016415
0.013290
0.007840
0.001464
-0.004186
-0.007764
-0.008832
-0.008994
-0.009482
-0.008461
-0.004925
-0.001991
-0.001654
-0.001348
0.000649
0.002576
0.003607
0.004956
0.006824
0.008312
0.009057
0.009087
0.007955
0.004782
-0.000097
-0.004466
-0.007106
-0.009220
-0.011341
-0.012065
-0.010769
-0.008510
-0.006265
-0.004218
-0.002243
-0.000276
0.001528
0.002978
0.004042
0.005012
0.006479
0.008208
0.009068
0.009266
0.009885
0.009804
0.007235
0.003476
0.000945
-0.000702
-0.003089
-0.005674
-0.006777
-0.006831
-0.007313
-0.007699
-0.007037
-0.006294
-0.005982
-0.004657
-0.001832
0.000747
0.001824
0.002370
0.003596
0.004678
0.004274
0.003031
0.002265
0.001853
0.001394
0.001231
0.001306
0.001082
0.000718
0.000806
0.001195
0.001001
-0.000085
-0.001193
-0.001478
-0.001165
-0.000843
-0.000670
-0.000639
-0.000705
-0.000584
-0.000184
0.000045
-0.000119
-0.000158
0.000327
0.000907
0.000874
-0.000024
-0.001322
-0.002178
-0.002335
-0.002404
-0.002670
-0.002416
-0.001081
0.000683
0.001085
-0.001660
-0.006418
-0.009240
-0.009894
-0.011835
-0.011630
-0.001938
0.012601
0.021159
0.024834
0.029253
0.029865
0.021562
0.009730
0.001178
-0.005025
-0.012258
-0.018364
-0.018992
-0.016588
-0.016540
-0.016650
-0.012644
-0.008172
-0.007181
-0.005939
-0.001231
0.004042
0.007326
0.009863
0.012726
0.014673
0.014178
0.011275
0.007116
0.002509
-0.002512
-0.007364
-0.010051
-0.009612
-0.008164
-0.007291
-0.005314
-0.001822
0.000363
0.000627
0.001434
0.003132
0.004078
0.004455
0.005510
0.007061
0.007921
0.007551
0.006477
0.004822
0.001645
-0.002799
-0.006388
-0.008180
-0.009255
-0.010158
-0.010217
-0.008967
-0.006730
-0.004275
-0.002156
-0.000296
0.001497
0.003079
0.004164
0.004728
0.005396
0.006614
0.007482
0.007281
0.006724
0.005859
0.003928
0.001811
0.000720
0.000040
-0.000787
-0.001321
-0.001678
-0.002322
-0.003341
-0.004594
-0.005453
-0.005549
-0.005584
-0.005752
-0.005105
-0.003403
-0.001366
0.000603
0.002274
0.003267
0.003677
0.003967
0.004150
0.003767
0.002657
0.001346
0.000549
0.000358
0.000225
-0.000270
-0.000988
-0.001513
-0.001580
-0.001246
-0.000749
-0.000204
0.000486
0.001289
0.001772
0.001572
0.001040
0.000760
0.000673
0.000461
0.000270
0.000292
0.000296
-0.000083
-0.001046
-0.002354
-0.003326
-0.003709
-0.003919
-0.003966
-0.003274
-0.001791
-0.000154
0.001005
0.000692
-0.002055
-0.005748
-0.007863
-0.009339
-0.010773
-0.006879
0.004537
0.015559
0.021007
0.025278
0.028954
0.025472
0.014622
0.004104
-0.002405
-0.008056
-0.014427
-0.017846
-0.016502
-0.014653
-0.014647
-0.012920
-0.008890
-0.006916
-0.006868
-0.004304
0.000746
0.004691
0.006937
0.009260
0.011877
0.013278
0.012117
0.008500
0.003853
-0.000760
-0.005208
-0.008527
-0.009126
-0.007724
-0.006467
-0.004982
-0.001937
0.001030
0.001932
0.002075
0.003143
0.004343
0.004700
0.004843
0.005649
0.006825
0.007067
0.005754
0.003746
0.001483
-0.001665
-0.005317
-0.008121
-0.009762
-0.010537
-0.010203
-0.008764
-0.006821
-0.004671
-0.002279
0.000161
0.002237
0.003601
0.004419
0.005258
0.005959
0.005631
0.004583
0.004364
0.004810
0.004215
0.003085
0.003125
0.003303
0.002114
0.000902
0.000705
0.000128
-0.001559
-0.003320
-0.004402
-0.005131
-0.006007
-0.006503
-0.005585
-0.004022
-0.003516
-0.003307
-0.001519
0.001176
0.002947
0.003758
0.004359
0.004614
0.004130
0.003115
0.002091
0.001133
-0.000054
-0.001119
-0.001300
-0.000989
-0.001236
-0.001767
-0.001537
-0.000726
-0.000200
0.000200
0.001092
0.002142
0.002591
0.002401
0.001965
0.001328
0.000387
-0.000548
-0.001010
-0.001107
-0.001359
-0.001780
-0.001938
-0.001956
-0.002402
-0.003167
-0.003465
-0.002989
-0.002167
-0.001226
0.000116
0.001800
0.003076
0.002860
0.000268
-0.003731
-0.006471
-0.007905
-0.010104
-0.009899
-0.001797
0.010200
0.017201
0.019847
0.023301
0.024350
0.017649
0.006959
-0.000668
-0.005185
-0.010437
-0.015330
-0.015636
-0.012839
-0.012128
-0.012717
-0.010398
-0.006796
-0.005767
-0.005399
-0.002025
0.003101
0.006737
0.008835
0.011076
0.012921
0.012163
0.008498
0.004022
0.000107
-0.003940
-0.008020
-0.009646
-0.007819
-0.005387
-0.004178
-0.002289
0.000832
0.002609
0.002358
0.002128
0.002775
0.003532
0.004033
0.004603
0.005526
0.006277
0.005889
0.004376
0.002190
-0.001005
-0.005035
-0.008330
-0.009843
-0.010035
-0.009468
-0.007942
-0.005279
-0.002159
0.000300
0.001771
0.002792
0.003641
0.004098
0.004160
0.004015
0.003560
0.002974
0.003013
0.003425
0.003100
0.002390
0.001902
0.000800
-0.000359
0.000068
0.000785
0.000124
-0.000352
0.000212
0.000003
-0.001742
-0.003706
-0.004365
-0.003592
-0.003062
-0.003541
-0.003444
-0.002087
-0.000576
0.000808
0.002165
0.002636
0.002058
0.001576
0.001711
0.001632
0.000586
-0.000841
-0.001407
-0.000940
-0.000449
-0.000506
-0.000593
-0.000173
0.000512
0.001033
0.001462
0.001989
0.002498
0.002903
0.003113
0.002633
0.001270
-0.000153
-0.000822
-0.001019
-0.001464
-0.002252
-0.002861
-0.002866
-0.002597
-0.002762
-0.003290
-0.003355
-0.002655
-0.001633
-0.000599
0.000550
0.001988
0.003453
0.003693
0.001155
-0.003444
-0.006714
-0.007462
-0.008659
-0.009904
-0.005052
0.006014
0.014515
0.017376
0.020007
0.022428
0.018720
0.009431
0.001182
-0.003524
-0.007375
-0.011289
-0.012508
-0.010610
-0.009583
-0.010671
-0.010233
-0.007614
-0.006397
-0.006697
-0.004872
-0.000249
0.004368
0.007335
0.009372
0.011068
0.011194
0.008402
0.003888
-0.000000
-0.003160
-0.006496
-0.008499
-0.007254
-0.004382
-0.002520
-0.001116
0.001089
0.002725
0.002498
0.001663
0.001815
0.002976
0.004206
0.004862
0.005387
0.006118
0.005896
0.003940
0.001234
-0.001608
-0.004890
-0.007837
-0.009076
-0.008654
-0.007639
-0.006432
-0.004593
-0.002192
-0.000317
0.000526
0.001169
0.002044
0.002685
0.003111
0.003516
0.003414
0.002903
0.003098
0.003823
0.003422
0.002087
0.001587
0.001547
0.000841
0.000627
0.001530
0.001958
0.001398
0.000572
-0.000648
-0.002282
-0.003809
-0.004811
-0.004662
-0.003747
-0.003469
-0.003388
-0.002254
-0.000955
-0.000463
-0.000050
0.000652
0.001347
0.002039
0.002455
0.002274
0.001739
0.001058
0.000442
0.000264
0.000319
0.000156
0.000006
0.000308
0.000928
0.001423
0.001590
0.001603
0.001670
0.001705
0.001501
0.001010
0.000180
-0.001016
-0.002202
-0.002872
-0.003125
-0.003364
-0.003385
-0.002698
-0.001617
-0.000878
-0.000434
0.000176
0.000730
0.000758
0.000453
0.000396
0.000827
0.001375
0.001571
0.001748
0.002286
0.001743
-0.001481
-0.005471
-0.007051
-0.007155
-0.008363
-0.008245
-0.002365
0.006860
0.012635
0.014387
0.016565
0.018279
0.014648
0.006727
0.000171
-0.003576
-0.006846
-0.009605
-0.010091
-0.009302
-0.009648
-0.010383
-0.009006
-0.006298
-0.005027
-0.004541
-0.001778
0.003232
0.007309
0.008890
0.009332
0.009623
0.008632
0.005446
0.001264
-0.002207
-0.004683
-0.006451
-0.007032
-0.006126
-0.004628
-0.003290
-0.001710
0.000157
0.001298
0.001487
0.001819
0.002880
0.004152
0.005049
0.005370
0.005249
0.004810
0.003710
0.001810
-0.000278
-0.002171
-0.003997
-0.005355
-0.005567
-0.004923
-0.004291
-0.003785
-0.002907
-0.001811
-0.001226
-0.001079
-0.000527
0.000608
0.001681
0.002284
0.002211
0.001378
0.001045
0.002473
0.003781
0.002672
0.001097
0.001720
0.002940
0.002276
0.000692
0.000416
0.001330
0.001198
-0.000824
-0.002673
-0.002878
-0.002621
-0.002684
-0.002413
-0.002114
-0.002475
-0.002559
-0.001253
0.000647
0.001487
0.001237
0.001468
0.002546
0.002796
0.001351
-0.000414
-0.001146
-0.001196
-0.001403
-0.001669
-0.001428
-0.000742
-0.000038
0.000688
0.001426
0.001694
0.001515
0.001700
0.002251
0.002003
0.000616
-0.000676
-0.000884
-0.000502
-0.000433
-0.000683
-0.000683
-0.000284
0.000123
0.000240
0.000173
0.000039
-0.000310
-0.000916
-0.001493
-0.001831
-0.001932
-0.001737
-0.001215
-0.000566
-0.000003
0.000254
-0.000461
-0.002676
-0.005171
-0.005912
-0.005272
-0.005201
-0.004843
-0.000995
0.006184
0.012072
0.014083
0.014915
0.016289
0.014925
0.009036
0.002403
-0.001799
-0.004775
-0.007722
-0.009482
-0.009685
-0.009923
-0.010676
-0.010116
-0.007487
-0.004898
-0.003598
-0.001656
0.002321
0.006289
0.007788
0.007399
0.006971
0.006299
0.004116
0.000970
-0.001587
-0.003401
-0.004992
-0.005801
-0.005144
-0.003762
-0.002785
-0.001877
-0.000098
0.001928
0.002824
0.002876
0.003417
0.004501
0.005077
0.004810
0.004350
0.003997
0.003160
0.001550
-0.000143
-0.001525
-0.003105
-0.004854
-0.005765
-0.005456
-0.004765
-0.004385
-0.003940
-0.002870
-0.001489
-0.000546
-0.000133
0.000330
0.001230
0.002286
0.002840
0.002258
0.000658
-0.000219
0.001007
0.002574
0.002483
0.001978
0.002507
0.003230
0.003156
0.002219
0.001259
0.001480
0.002040
0.000998
-0.001220
-0.003098
-0.004230
-0.004329
-0.003592
-0.003159
-0.003032
-0.002190
-0.000645
0.000713
0.001126
0.000677
0.000513
0.001155
0.001568
0.000998
0.000045
-0.000522
-0.000667
-0.000782
-0.001042
-0.001099
-0.000560
0.000405
0.001246
0.001675
0.001855
0.002052
0.002293
0.002354
0.001955
0.001054
0.000047
-0.000522
-0.000636
-0.000795
-0.001233
-0.001635
-0.001657
-0.001320
-0.000916
-0.000709
-0.000652
-0.000492
-0.000246
-0.000306
-0.000907
-0.001669
-0.001939
-0.001581
-0.000934
-0.000192
0.000644
0.001441
0.001531
-0.000032
-0.002615
-0.003935
-0.003429
-0.002633
-0.001701
0.000450
0.003625
0.006727
0.008599
0.008671
0.008132
0.007916
0.006496
0.002914
-0.001078
-0.003827
-0.005277
-0.005821
-0.005869
-0.005795
-0.005799
-0.005711
-0.004834
-0.003045
-0.001430
-0.000310
0.001380
0.003721
0.005333
0.005449
0.004456
0.002858
0.000919
-0.001113
-0.002902
-0.004082
-0.004436
-0.003998
-0.002984
-0.001744
-0.000745
-0.000194
0.000372
0.001369
0.002292
0.002650
0.002926
0.003603
0.004401
0.004816
0.004495
0.003407
0.001969
0.000475
-0.001113
-0.002567
-0.003454
-0.003732
-0.003664
-0.003466
-0.003230
-0.002879
-0.002318
-0.001706
-0.001329
-0.001230
-0.001174
-0.000927
-0.000410
0.000156
0.000257
0.000050
0.000671
0.002011
0.002457
0.002495
0.004032
0.005703
0.004832
0.002514
0.001270
0.000918
0.000108
-0.001148
-0.001652
-0.000866
-0.000293
-0.001187
-0.002182
-0.002212
-0.002439
-0.002923
-0.002117
-0.000395
0.000383
0.000057
-0.000071
0.000350
0.000296
-0.000793
-0.001848
-0.001757
-0.001046
-0.000607
-0.000166
0.000626
0.001301
0.001597
0.001821
0.002047
0.002104
0.002105
0.002251
0.002372
0.002029
0.001091
0.000079
-0.000480
-0.000901
-0.001676
-0.002275
-0.001862
-0.000831
-0.000304
-0.000365
-0.000183
0.000278
0.000222
-0.000460
-0.001130
-0.001506
-0.001710
-0.001826
-0.001981
-0.002175
-0.002121
-0.001642
-0.000772
0.000191
0.000539
0.000100
-0.000245
0.000006
0.000432
0.001005
0.002195
0.003793
0.004761
0.004199
0.002531
0.001376
0.001413
0.001658
0.001563
0.001703
0.001987
0.001469
-0.000068
-0.001819
-0.003038
-0.003649
-0.003775
-0.003345
-0.002500
-0.001651
-0.000913
-0.000114
0.000511
0.000367
-0.000569
-0.001412
-0.001383
-0.000751
-0.000231
0.000133
0.000743
0.001429
0.001565
0.000999
0.000164
-0.000462
-0.000681
-0.000596
-0.000310
0.000284
0.001117
0.001707
0.001771
0.001575
0.001375
0.001067
0.000504
-0.000191
-0.000696
-0.000852
-0.000792
-0.000634
-0.000321
0.000150
0.000607
0.000784
0.000465
-0.000243
-0.000979
-0.001580
-0.002031
-0.002153
-0.001860
-0.001406
-0.001125
-0.001203
-0.001391
-0.000913
0.000488
0.001920
0.002634
0.002877
0.002979
0.002770
0.001970
0.000720
-0.000189
-0.000162
0.000302
0.000403
0.000004
-0.000610
-0.000952
-0.000658
-0.000210
-0.000403
-0.001055
-0.001334
-0.001075
-0.000790
-0.000753
-0.000815
-0.000753
-0.000421
0.000114
0.000509
0.000537
0.000424
0.000505
0.000712
0.000642
0.000238
-0.000014
0.000116
0.000211
0.000009
-0.000158
-0.000034
0.000248
0.000538
0.000731
0.000677
0.000420
0.000228
0.000198
0.000114
-0.000169
-0.000400
-0.000281
0.000042
0.000200
0.000121
-0.000022
-0.000216
-0.000538
-0.000848
-0.001011
-0.001167
-0.001310
-0.001106
-0.000582
-0.000285
-0.000425
-0.000606
-0.000452
-0.000035
0.000344
0.000784
0.001511
0.001657
0.000167
-0.001826
-0.002366
-0.001766
-0.001281
-0.000460
0.001459
0.003459
0.003919
0.002855
0.001939
0.002167
0.002595
0.002219
0.001492
0.001025
0.000458
-0.000660
-0.002044
-0.003196
-0.003971
-0.004281
-0.003930
-0.003059
-0.002069
-0.000919
0.000756
0.002613
0.003522
0.003038
0.002053
0.001341
0.000616
-0.000340
-0.001005
-0.001063
-0.000850
-0.000762
-0.000898
-0.001146
-0.001420
-0.001669
-0.001538
-0.000707
0.000317
0.000830
0.001100
0.001720
0.002427
0.002619
0.002341
0.002023
0.001757
0.001335
0.000699
0.000017
-0.000601
-0.001214
-0.001844
-0.002445
-0.002965
-0.003141
-0.002639
-0.001625
-0.000672
-0.000072
0.000236
0.000255
-0.000015
-0.000308
-0.000279
0.000215
0.001113
0.002036
0.002311
0.001792
0.001223
0.001157
0.001139
0.000564
-0.000207
-0.000242
0.000560
0.001172
0.000835
-0.000057
-0.000876
-0.001568
-0.002201
-0.002582
-0.002509
-0.001951
-0.000965
0.000329
0.001600
0.002287
0.002112
0.001465
0.000912
0.000511
-0.000011
-0.000605
-0.000835
-0.000619
-0.000487
-0.000724
-0.000900
-0.000637
-0.000158
0.000200
0.000426
0.000646
0.000913
0.001202
0.001356
0.001126
0.000565
0.000150
0.000141
0.000087
-0.000457
-0.001145
-0.001386
-0.001175
-0.000890
-0.000722
-0.000524
-0.000040
0.000571
0.000692
0.000136
-0.000543
-0.000923
-0.001002
-0.000848
-0.000627
-0.000433
-0.000106
0.000324
0.000623
0.000655
0.000164
-0.000801
-0.001448
-0.001377
-0.001037
-0.000477
0.000821
0.002714
0.004054
0.003792
0.002422
0.001498
0.001375
0.001039
0.000134
-0.000781
-0.001417
-0.001805
-0.001944
-0.001889
-0.001735
-0.001559
-0.001221
-0.000407
0.000605
0.001125
0.001192
0.001347
0.001560
0.001359
0.000632
-0.000204
-0.000771
-0.001218
-0.001766
-0.002138
-0.001998
-0.001511
-0.001047
-0.000730
-0.000451
-0.000091
0.000377
0.001031
0.001881
0.002573
0.002701
0.002371
0.001956
0.001477
0.000697
-0.000275
-0.000980
-0.001259
-0.001377
-0.001395
-0.001088
-0.000556
-0.000133
0.000161
0.000293
-0.000196
-0.001419
-0.002422
-0.002203
-0.001082
-0.000217
0.000000
0.000309
0.001148
0.001710
0.001208
0.000295
0.000068
0.000439
0.000563
0.000254
0.000112
0.000439
0.000734
0.000549
0.000156
-0.000110
-0.000373
-0.000694
-0.000789
-0.000535
-0.000215
-0.000009
0.000286
0.000682
0.000753
0.000461
0.000362
0.000616
0.000727
0.000458
0.000184
0.000124
-0.000105
-0.000795
-0.001532
-0.001724
-0.001346
-0.000816
-0.000441
-0.000190
0.000103
0.000478
0.000798
0.000861
0.000607
0.000249
0.000108
0.000332
0.000733
0.000936
0.000820
0.000625
0.000454
0.000116
-0.000408
-0.000841
-0.000950
-0.000720
-0.000346
-0.000132
-0.000206
-0.000355
-0.000428
-0.000642
-0.001045
-0.001164
-0.000754
-0.000254
0.000053
0.000502
0.001196
0.001595
0.001264
0.000492
-0.000077
-0.000400
-0.001080
-0.002076
-0.002403
-0.001666
-0.000433
0.000930
0.002271
0.003064
0.002845
0.001734
0.000410
-0.000312
-0.000329
-0.000203
-0.000135
0.000053
0.000244
0.000201
-0.000065
-0.000500
-0.001087
-0.001611
-0.001669
-0.001069
-0.000164
0.000519
0.000923
0.001256
0.001378
0.001030
0.000356
-0.000240
-0.000533
-0.000643
-0.000794
-0.000907
-0.000671
-0.000123
0.000334
0.000498
0.000454
0.000308
0.000191
0.000189
0.000174
0.000077
0.000056
0.000192
0.000331
0.000328
0.000230
0.000143
-0.000018
-0.000430
-0.000951
-0.001180
-0.000993
-0.000654
-0.000371
-0.000081
0.000273
0.000469
0.000308
0.000021
-0.000055
0.000030
0.000069
0.000096
0.000198
0.000272
0.000217
0.000114
0.000056
-0.000018
-0.000112
-0.000087
0.000030
0.000058
0.000010
-0.000013
-0.000107
-0.000327
-0.000484
-0.000419
-0.000178
0.000160
0.000548
0.000836
0.000864
0.000668
0.000424
0.000203
-0.000044
-0.000287
-0.000404
-0.000371
-0.000308
-0.000306
-0.000250
0.000016
0.000345
0.000432
0.000272
0.000119
0.000091
0.000119
0.000075
-0.000146
-0.000428
-0.000424
-0.000030
0.000368
0.000387
0.000145
0.000045
0.000191
0.000231
-0.000078
-0.000416
-0.000398
-0.000220
-0.000295
-0.000548
-0.000592
-0.000368
-0.000131
0.000030
0.000215
0.000392
0.000404
0.000284
0.000271
0.000384
0.000322
-0.000048
-0.000483
-0.000715
-0.000710
-0.000591
-0.000406
-0.000119
0.000140
0.000063
-0.000390
-0.000781
-0.000744
-0.000516
-0.000433
-0.000199
0.000597
0.001592
0.002047
0.001849
0.001503
0.001314
0.001094
0.000695
0.000226
-0.000338
-0.001073
-0.001684
-0.001831
-0.001635
-0.001438
-0.001266
-0.000800
0.000059
0.000942
0.001523
0.001809
0.001812
0.001448
0.000831
0.000273
-0.000079
-0.000415
-0.000828
-0.001003
-0.000789
-0.000580
-0.000675
-0.000891
-0.000869
-0.000390
0.000311
0.000705
0.000705
0.000676
0.000740
0.000623
0.000111
-0.000603
-0.001022
-0.000975
-0.000797
-0.000618
-0.000178
0.000495
0.000962
0.000941
0.000579
0.000197
-0.000079
-0.000343
-0.000569
-0.000557
-0.000274
0.000099
0.000396
0.000483
0.000262
-0.000138
-0.000436
-0.000479
-0.000354
-0.000278
-0.000304
-0.000183
0.000234
0.000636
0.000674
0.000498
0.000479
0.000643
0.000680
0.000445
0.000153
0.000007
-0.000092
-0.000328
-0.000683
-0.001016
-0.001222
-0.001181
-0.000809
-0.000229
0.000311
0.000646
0.000755
0.000730
0.000716
0.000722
0.000559
0.000176
-0.000161
-0.000270
-0.000284
-0.000256
-0.000088
0.000040
-0.000119
-0.000302
-0.000127
0.000187
0.000237
0.000152
0.000255
0.000444
0.000333
-0.000170
-0.000718
-0.000985
-0.000994
-0.000808
-0.000289
0.000493
0.001042
0.001023
0.000654
0.000279
-0.000062
-0.000503
-0.001007
-0.001270
-0.001056
-0.000504
0.000057
0.000395
0.000465
0.000438
0.000542
0.000756
0.000871
0.000761
0.000419
-0.000007
-0.000217
-0.000108
0.000071
0.000156
0.000322
0.000572
0.000515
0.000008
-0.000512
-0.000672
-0.000693
-0.000950
-0.001314
-0.001329
-0.000858
-0.000179
0.000426
0.000824
0.000957
0.000836
0.000582
0.000379
0.000334
0.000413
0.000519
0.000606
0.000623
0.000454
0.000051
-0.000454
-0.000825
-0.000941
-0.000900
-0.000764
-0.000414
0.000100
0.000478
0.000521
0.000267
-0.000037
-0.000155
-0.000131
-0.000082
-0.000027
-0.000066
-0.000217
-0.000302
-0.000251
-0.000101
0.000187
0.000581
0.000833
0.000702
0.000270
-0.000140
-0.000444
-0.000728
-0.000782
-0.000438
-0.000005
0.000273
0.000566
0.000908
0.000926
0.000368
-0.000422
-0.000869
-0.000862
-0.000647
-0.000335
-0.000008
0.000165
0.000160
0.000050
-0.000166
-0.000405
-0.000454
-0.000203
0.000187
0.000384
0.000288
0.000221
0.000425
0.000596
0.000320
-0.000206
-0.000406
-0.000140
0.000173
0.000182
0.000032
0.000047
0.000247
0.000429
0.000538
0.000613
0.000598
0.000477
0.000329
0.000130
-0.000217
-0.000577
-0.000699
-0.000705
-0.000929
-0.001209
-0.001118
-0.000764
-0.000514
-0.000353
-0.000126
0.000124
0.000366
0.000652
0.000940
0.001118
0.001152
0.001046
0.000763
0.000353
0.000018
-0.000171
-0.000415
-0.000763
-0.000895
-0.000704
-0.000575
-0.000710
-0.000808
-0.000647
-0.000380
-0.000153
0.000089
0.000372
0.000602
0.000767
0.000969
0.001163
0.001097
0.000693
0.000268
0.000107
0.000032
-0.000258
-0.000633
-0.000727
-0.000567
-0.000512
-0.000576
-0.000430
-0.000050
0.000260
0.000389
0.000469
0.000532
0.000409
-0.000023
-0.000589
-0.000951
-0.000951
-0.000604
-0.000001
0.000566
0.000795
0.000729
0.000556
0.000343
0.000189
0.000161
0.000113
-0.000058
-0.000278
-0.000501
-0.000663
-0.000611
-0.000314
0.000080
0.000402
0.000583
0.000713
0.000937
0.001121
0.000846
0.000089
-0.000540
-0.000667
-0.000644
-0.000785
-0.000823
-0.000554
-0.000368
-0.000662
-0.001092
-0.000957
-0.000268
0.000297
0.000468
0.000604
0.000921
0.001206
0.001156
0.000778
0.000335
-0.000114
-0.000629
-0.000938
-0.000798
-0.000456
-0.000206
0.000006
0.000247
0.000351
0.000183
-0.000101
-0.000217
-0.000138
-0.000086
-0.000093
0.000001
0.000127
0.000087
-0.000013
0.000109
0.000429
0.000616
0.000462
0.000072
-0.000356
-0.000615
-0.000532
-0.000224
0.000011
0.000162
0.000427
0.000706
0.000681
0.000329
-0.000011
-0.000110
-0.000150
-0.000384
-0.000705
-0.000845
-0.000811
-0.000731
-0.000513
-0.000057
0.000410
0.000636
0.000732
0.000878
0.000964
0.000865
0.000773
0.000869
0.000893
0.000495
-0.000173
-0.000705
-0.001095
-0.001583
-0.001972
-0.001807
-0.001144
-0.000513
-0.000198
0.000048
0.000491
0.000907
0.000891
0.000553
0.000345
0.000360
0.000402
0.000443
0.000563
0.000719
0.000771
0.000608
0.000293
-0.000038
-0.000367
-0.000682
-0.000944
-0.001153
-0.001147
-0.000724
-0.000070
0.000453
0.000753
0.000831
0.000633
0.000233
-0.000272
-0.000777
-0.000927
-0.000512
0.000111
0.000498
0.000576
0.000482
0.000376
0.000376
0.000382
0.000186
-0.000121
-0.000175
0.000070
0.000199
0.000006
-0.000214
-0.000247
-0.000272
-0.000494
-0.000780
-0.000790
-0.000389
0.000190
0.000597
0.000644
0.000457
0.000409
0.000613
0.000641
0.000233
-0.000168
-0.000188
-0.000189
-0.000517
-0.000860
-0.000878
-0.000672
-0.000391
-0.000043
0.000238
0.000278
0.000269
0.000519
0.000857
0.000882
0.000617
0.000393
0.000300
0.000058
-0.000477
-0.000915
-0.000819
-0.000385
-0.000139
-0.000245
-0.000461
-0.000483
-0.000221
0.000117
0.000319
0.000417
0.000435
0.000328
0.000215
0.000167
0.000015
-0.000282
-0.000449
-0.000321
-0.000143
-0.000164
-0.000226
-0.000104
0.000075
0.000168
0.000343
0.000689
0.000991
0.001029
0.000765
0.000283
-0.000237
-0.000551
-0.000522
-0.000366
-0.000527
-0.000990
-0.001141
-0.000728
-0.000258
-0.000067
0.000143
0.000606
0.001052
0.001142
0.000927
0.000699
0.000536
0.000316
0.000073
-0.000122
-0.000451
-0.000971
-0.001308
-0.001192
-0.000852
-0.000580
-0.000292
0.000219
0.000818
0.001105
0.000903
0.000398
-0.000143
-0.000553
-0.000730
-0.000620
-0.000238
0.000270
0.000649
0.000721
0.000498
0.000167
0.000008
0.000125
0.000293
0.000306
0.000206
0.000055
-0.000170
-0.000419
-0.000586
-0.000711
-0.000859
-0.000804
-0.000334
0.000213
0.000410
0.000488
0.000860
0.001243
0.001063
0.000372
-0.000310
-0.000750
-0.001027
-0.001085
-0.000817
-0.000344
0.000102
0.000381
0.000443
0.000269
-0.000051
-0.000191
0.000074
0.000392
0.000306
-0.000006
-0.000077
0.000144
0.000296
0.000201
0.000161
0.000297
0.000180
-0.000255
-0.000345
0.000131
0.000527
0.000421
0.000111
-0.000077
-0.000224
-0.000494
-0.000675
-0.000443
-0.000032
0.000006
-0.000292
-0.000383
-0.000104
0.000173
0.000163
0.000070
0.000217
0.000422
0.000301
0.000037
0.000072
0.000283
0.000224
-0.000127
-0.000412
-0.000426
-0.000325
-0.000354
-0.000487
-0.000486
-0.000284
-0.000015
0.000265
0.000598
0.000915
0.001007
0.000782
0.000456
0.000242
0.000051
-0.000209
-0.000391
-0.000448
-0.000492
-0.000469
-0.000318
-0.000221
-0.000274
-0.000333
-0.000321
-0.000263
-0.000130
0.000058
0.000170
0.000134
0.000040
0.000013
0.000063
0.000116
0.000143
0.000183
0.000274
0.000397
0.000493
0.000511
0.000422
0.000267
0.000188
0.000257
0.000278
0.000004
-0.000421
-0.000625
-0.000555
-0.000468
-0.000493
-0.000489
-0.000332
-0.000156
-0.000190
-0.000415
-0.000595
-0.000556
-0.000244
0.000301
0.000887
0.001286
0.001399
0.001228
0.000842
0.000374
-0.000039
-0.000326
-0.000490
-0.000559
-0.000569
-0.000539
-0.000469
-0.000417
-0.000448
-0.000469
-0.000375
-0.000223
-0.000122
-0.000066
0.000026
0.000203
0.000381
0.000414
0.000366
0.000406
0.000393
0.000124
-0.000152
-0.000078
0.000194
0.000252
0.000093
0.000046
0.000089
-0.000123
-0.000524
-0.000621
-0.000287
0.000068
0.000177
0.000140
0.000031
-0.000148
-0.000271
-0.000172
0.000104
0.000333
0.000443
0.000593
0.000747
0.000602
0.000141
-0.000216
-0.000206
-0.000077
-0.000200
-0.000541
-0.000683
-0.000423
-0.000133
-0.000223
-0.000533
-0.000592
-0.000272
0.000072
0.000130
0.000080
0.000242
0.000523
0.000573
0.000361
0.000214
0.000286
0.000379
0.000270
-0.000076
-0.000480
-0.000621
-0.000367
-0.000000
0.000073
-0.000091
0.000051
0.000589
0.000832
0.000438
-0.000035
-0.000112
0.000001
-0.000076
-0.000364
-0.000561
-0.000471
-0.000233
-0.000042
0.000050
0.000022
-0.000053
-0.000007
0.000120
0.000131
0.000044
0.000015
0.000035
-0.000005
-0.000130
-0.000277
-0.000345
-0.000235
-0.000002
0.000126
0.000064
0.000067
0.000407
0.000914
0.001125
0.000872
0.000441
0.000082
-0.000324
-0.000851
-0.001201
-0.001162
-0.000925
-0.000701
-0.000508
-0.000359
-0.000238
-0.000039
0.000202
0.000321
0.000389
0.000642
0.001045
0.001295
0.001238
0.000997
0.000683
0.000264
-0.000214
-0.000528
-0.000545
-0.000444
-0.000500
-0.000665
-0.000687
-0.000539
-0.000413
-0.000358
-0.000233
-0.000003
0.000120
-0.000026
-0.000266
-0.000299
-0.000079
0.000179
0.000323
0.000394
0.000461
0.000543
0.000624
0.000617
0.000424
0.000105
-0.000144
-0.000205
-0.000130
-0.000088
-0.000175
-0.000284
-0.000340
-0.000471
-0.000683
-0.000726
-0.000499
-0.000223
-0.000071
0.000036
0.000210
0.000436
0.000625
0.000707
0.000710
0.000696
0.000635
0.000504
0.000337
0.000111
-0.000217
-0.000558
-0.000700
-0.000625
-0.000569
-0.000590
-0.000433
-0.000048
0.000156
-0.000090
-0.000403
-0.000331
-0.000076
-0.000050
-0.000156
-0.000056
0.000241
0.000522
0.000722
0.000806
0.000691
0.000452
0.000269
0.000144
-0.000019
-0.000147
-0.000139
-0.000116
-0.000236
-0.000438
-0.000550
-0.000489
-0.000347
-0.000270
-0.000243
-0.000153
-0.000029
0.000022
0.000054
0.000204
0.000434
0.000561
0.000513
0.000403
0.000332
0.000256
0.000133
-0.000013
-0.000192
-0.000437
-0.000689
-0.000835
-0.000792
-0.000575
-0.000302
-0.000063
0.000135
0.000292
0.000418
0.000509
0.000482
0.000346
0.000311
0.000509
0.000771
0.000807
0.000501
0.000031
-0.000328
-0.000522
-0.000627
-0.000600
-0.000462
-0.000367
-0.000343
-0.000345
-0.000375
-0.000326
-0.000106
0.000107
0.000122
0.000073
0.000208
0.000549
0.000848
0.000778
0.000312
-0.000187
-0.000417
-0.000427
-0.000409
-0.000444
-0.000383
-0.000053
0.000323
0.000365
0.000139
0.000030
0.000148
0.000251
0.000181
0.000050
-0.000013
-0.000030
-0.000055
-0.000073
-0.000073
-0.000041
0.000066
0.000206
0.000237
0.000115
-0.000032
-0.000082
-0.000064
-0.000098
-0.000209
-0.000328
-0.000492
-0.000780
-0.001040
-0.000979
-0.000511
0.000136
0.000626
0.000833
0.000895
0.000953
0.000965
0.000889
0.000738
0.000466
0.000115
-0.000121
-0.000251
-0.000446
-0.000617
-0.000629
-0.000641
-0.000779
-0.000887
-0.000805
-0.000555
-0.000223
0.000147
0.000522
0.000801
0.000919
0.000915
0.000784
0.000476
0.000105
-0.000153
-0.000292
-0.000368
-0.000327
-0.000146
0.000042
0.000134
0.000177
0.000177
0.000042
-0.000178
-0.000292
-0.000227
-0.000088
0.000018
0.000086
0.000150
0.000215
0.000242
0.000118
-0.000209
-0.000547
-0.000697
-0.000692
-0.000595
-0.000362
-0.000010
0.000326
0.000488
0.000448
0.000344
0.000284
0.000244
0.000193
0.000123
-0.000005
-0.000164
-0.000253
-0.000243
-0.000135
0.000066
0.000237
0.000275
0.000226
0.000097
-0.000125
-0.000242
-0.000040
0.000330
0.000531
0.000480
0.000367
0.000349
0.000330
0.000092
-0.000308
-0.000587
-0.000695
-0.000823
-0.000969
-0.000940
-0.000676
-0.000335
-0.000109
-0.000015
0.000053
0.000154
0.000356
0.000721
0.001069
0.001123
0.000889
0.000597
0.000395
0.000271
0.000131
-0.000080
-0.000273
-0.000366
-0.000459
-0.000600
-0.000619
-0.000458
-0.000305
-0.000269
-0.000281
-0.000248
-0.000079
0.000286
0.000697
0.000868
0.000703
0.000332
-0.000175
-0.000763
-0.001135
-0.001001
-0.000488
0.000018
0.000307
0.000427
0.000438
0.000299
0.000019
-0.000314
-0.000581
-0.000586
-0.000188
0.000420
0.000858
0.000994
0.000980
0.000905
0.000654
0.000142
-0.000412
-0.000687
-0.000664
-0.000536
-0.000391
-0.000200
-0.000003
0.000013
-0.000271
-0.000637
-0.000737
-0.000527
-0.000245
-0.000063
0.000095
0.000422
0.000895
0.001195
0.001138
0.000903
0.000665
0.000353
-0.000129
-0.000669
-0.000970
-0.000834
-0.000413
-0.000074
-0.000043
-0.000221
-0.000311
-0.000197
-0.000080
-0.000094
-0.000082
0.000073
0.000243
0.000311
0.000293
0.000217
0.000122
0.000072
0.000029
-0.000124
-0.000373
-0.000534
-0.000476
-0.000268
-0.000032
0.000215
0.000464
0.000620
0.000606
0.000470
0.000336
0.000239
0.000085
-0.000206
-0.000539
-0.000720
-0.000641
-0.000347
0.000014
0.000285
0.000377
0.000328
0.000277
0.000243
0.000100
-0.000125
-0.000214
-0.000123
-0.000064
-0.000128
-0.000138
-0.000015
0.000049
-0.000059
-0.000200
-0.000231
-0.000178
-0.000144
-0.000176
-0.000227
-0.000241
-0.000215
-0.000197
-0.000207
-0.000141
0.000120
0.000488
0.000743
0.000817
0.000824
0.000826
0.000757
0.000570
0.000326
0.000111
-0.000075
-0.000274
-0.000495
-0.000751
-0.001002
-0.001093
-0.000950
-0.000679
-0.000378
-0.000037
0.000318
0.000537
0.000551
0.000507
0.000530
0.000527
0.000347
0.000046
-0.000163
-0.000224
-0.000251
-0.000287
-0.000317
-0.000364
-0.000427
-0.000483
-0.000495
-0.000385
-0.000123
0.000198
0.000457
0.000648
0.000828
0.000939
0.000883
0.000695
0.000474
0.000269
0.000081
-0.000117
-0.000339
-0.000550
-0.000709
-0.000799
-0.000844
-0.000896
-0.000960
-0.000920
-0.000632
-0.000111
0.000438
0.000805
0.000978
0.001078
0.001159
0.001082
0.000700
0.000161
-0.000200
-0.000260
-0.000181
-0.000142
-0.000204
-0.000326
-0.000430
-0.000481
-0.000506
-0.000498
-0.000417
-0.000300
-0.000227
-0.000166
-0.000013
0.000196
0.000323
0.000368
0.000446
0.000558
0.000568
0.000384
0.000105
-0.000054
-0.000033
0.000019
0.000010
-0.000001
-0.000000
-0.000069
-0.000220
-0.000364
-0.000430
-0.000382
-0.000228
-0.000031
0.000130
0.000202
0.000168
0.000084
0.000017
-0.000068
-0.000179
-0.000176
-0.000007
0.000162
0.000212
0.000233
0.000298
0.000286
0.000085
-0.000182
-0.000275
-0.000124
0.000064
0.000038
-0.000145
-0.000221
-0.000141
-0.000055
-0.000023
0.000001
0.000056
0.000102
0.000045
-0.000100
-0.000224
-0.000262
-0.000154
0.000137
0.000443
0.000512
0.000326
0.000086
-0.000033
-0.000056
-0.000160
-0.000392
-0.000518
-0.000326
0.000049
0.000290
0.000254
0.000060
-0.000091
-0.000118
-0.000082
-0.000021
0.000124
0.000369
0.000579
0.000603
0.000460
0.000295
0.000190
0.000078
-0.000127
-0.000383
-0.000560
-0.000592
-0.000551
-0.000559
-0.000650
-0.000731
-0.000694
-0.000564
-0.000447
-0.000294
0.000047
0.000530
0.000942
0.001168
0.001210
0.001079
0.000837
0.000616
0.000447
0.000226
-0.000059
-0.000280
-0.000409
-0.000495
-0.000488
-0.000381
-0.000343
-0.000417
-0.000415
-0.000301
-0.000258
-0.000259
-0.000063
0.000298
0.000540
0.000560
0.000448
0.000244
-0.000070
-0.000413
-0.000609
-0.000600
-0.000504
-0.000398
-0.000307
-0.000305
-0.000368
-0.000330
-0.000135
0.000108
0.000319
0.000490
0.000630
0.000741
0.000799
0.000792
0.000746
0.000658
0.000524
0.000382
0.000185
-0.000164
-0.000559
-0.000764
-0.000730
-0.000598
-0.000449
-0.000261
-0.000084
-0.000038
-0.000162
-0.000372
-0.000557
-0.000629
-0.000535
-0.000303
-0.000022
0.000282
0.000586
0.000780
0.000783
0.000642
0.000474
0.000379
0.000342
0.000252
0.000083
-0.000040
-0.000034
0.000015
-0.000020
-0.000160
-0.000320
-0.000424
-0.000476
-0.000495
-0.000464
-0.000389
-0.000301
-0.000205
-0.000109
-0.000050
-0.000054
-0.000087
-0.000058
0.000101
0.000347
0.000534
0.000542
0.000445
0.000422
0.000465
0.000384
0.000167
0.000058
0.000111
0.000051
-0.000233
-0.000485
-0.000495
-0.000367
-0.000301
-0.000314
-0.000254
-0.000071
0.000101
0.000185
0.000264
0.000383
0.000422
0.000257
0.000006
-0.000114
-0.000112
-0.000159
-0.000284
-0.000359
-0.000336
-0.000277
-0.000235
-0.000242
-0.000294
-0.000316
-0.000253
-0.000141
-0.000042
0.000083
0.000306
0.000576
0.000799
0.000978
0.001057
0.000907
0.000570
0.000244
0.000031
-0.000111
-0.000263
-0.000468
-0.000699
-0.000862
-0.000862
-0.000732
-0.000611
-0.000559
-0.000459
-0.000188
0.000170
0.000399
0.000437
0.000439
0.000497
0.000522
0.000479
0.000437
0.000360
0.000172
-0.000068
-0.000258
-0.000373
-0.000402
-0.000326
-0.000202
-0.000131
-0.000111
-0.000084
-0.000054
-0.000062
-0.000123
-0.000153
-0.000011
0.000297
0.000554
0.000606
0.000548
0.000530
0.000510
0.000329
-0.000022
-0.000391
-0.000656
-0.000740
-0.000592
-0.000309
-0.000097
-0.000038
-0.000026
0.000039
0.000050
-0.000122
-0.000295
-0.000212
0.000043
0.000212
0.000235
0.000228
0.000274
0.000365
0.000453
0.000468
0.000354
0.000150
-0.000053
-0.000241
-0.000431
-0.000599
-0.000662
-0.000545
-0.000289
-0.000049
0.000018
-0.000114
-0.000249
-0.000167
0.000076
0.000234
0.000220
0.000166
0.000175
0.000186
0.000151
0.000128
0.000185
0.000312
0.000398
0.000319
0.000086
-0.000121
-0.000133
-0.000015
0.000004
-0.000152
-0.000307
-0.000306
-0.000177
-0.000039
0.000015
-0.000003
0.000007
0.000065
0.000052
-0.000057
-0.000088
0.000069
0.000268
0.000328
0.000254
0.000146
0.000066
0.000015
-0.000070
-0.000229
-0.000356
-0.000288
-0.000033
0.000167
0.000100
-0.000138
-0.000285
-0.000268
-0.000250
-0.000323
-0.000333
-0.000089
0.000329
0.000616
0.000634
0.000567
0.000551
0.000416
0.000028
-0.000415
-0.000639
-0.000609
-0.000462
-0.000304
-0.000181
-0.000103
-0.000038
0.000018
0.000020
-0.000035
-0.000065
-0.000018
0.000089
0.000273
0.000532
0.000734
0.000772
0.000672
0.000483
0.000237
-0.000021
-0.000270
-0.000466
-0.000551
-0.000538
-0.000480
-0.000410
-0.000359
-0.000310
-0.000191
-0.000052
-0.000081
-0.000296
-0.000437
-0.000289
0.000077
0.000432
0.000625
0.000671
0.000648
0.000544
0.000337
0.000124
-0.000009
-0.000081
-0.000104
-0.000084
-0.000090
-0.000117
-0.000060
0.000061
0.000037
-0.000243
-0.000585
-0.000758
-0.000786
-0.000734
-0.000479
0.000031
0.000572
0.000907
0.001005
0.000904
0.000634
0.000302
0.000033
-0.000148
-0.000264
-0.000302
-0.000242
-0.000130
-0.000055
-0.000067
-0.000155
-0.000274
-0.000346
-0.000311
-0.000195
-0.000055
0.000073
0.000153
0.000162
0.000129
0.000108
0.000123
0.000124
0.000089
0.000087
0.000157
0.000186
0.000064
-0.000131
-0.000257
-0.000289
-0.000265
-0.000168
0.000021
0.000192
0.000178
-0.000019
-0.000211
-0.000254
-0.000150
0.000013
0.000112
0.000097
0.000108
0.000284
0.000481
0.000449
0.000220
0.000052
0.000076
0.000146
0.000050
-0.000157
-0.000201
-0.000039
0.000038
-0.000132
-0.000383
-0.000536
-0.000568
-0.000516
-0.000449
-0.000367
-0.000155
0.000197
0.000528
0.000713
0.000730
0.000581
0.000327
0.000130
0.000077
0.000100
0.000086
-0.000032
-0.000204
-0.000282
-0.000226
-0.000172
-0.000221
-0.000307
-0.000323
-0.000240
-0.000099
0.000012
0.000035
0.000027
0.000093
0.000243
0.000367
0.000354
0.000195
0.000012
-0.000085
-0.000151
-0.000246
-0.000252
-0.000067
0.000147
0.000199
0.000169
0.000197
0.000163
-0.000066
-0.000318
-0.000374
-0.000274
-0.000157
-0.000073
-0.000039
-0.000064
-0.000058
0.000066
0.000204
0.000167
0.000013
-0.000025
0.000090
0.000138
0.000012
-0.000078
0.000063
0.000279
0.000295
0.000102
-0.000095
-0.000181
-0.000196
-0.000191
-0.000185
-0.000162
-0.000047
0.000164
0.000325
0.000354
0.000349
0.000366
0.000323
0.000188
0.000035
-0.000085
-0.000201
-0.000310
-0.000359
-0.000334
-0.000235
-0.000098
-0.000049
-0.000167
-0.000342
-0.000383
-0.000234
-0.000041
0.000065
0.000123
0.000193
0.000194
0.000079
-0.000033
-0.000021
0.000093
0.000183
0.000195
0.000233
0.000385
0.000503
0.000370
0.000027
-0.000268
-0.000369
-0.000341
-0.000282
-0.000256
-0.000321
-0.000400
-0.000273
0.000094
0.000438
0.000534
0.000441
0.000319
0.000207
0.000062
-0.000082
-0.000116
-0.000046
-0.000033
-0.000126
-0.000202
-0.000195
-0.000163
-0.000177
-0.000256
-0.000324
-0.000238
0.000009
0.000219
0.000257
0.000228
0.000219
0.000154
0.000018
-0.000071
-0.000051
0.000020
0.000078
0.000141
0.000221
0.000238
0.000166
0.000075
-0.000031
-0.000183
-0.000309
-0.000325
-0.000257
-0.000160
-0.000041
0.000088
0.000172
0.000164
0.000078
-0.000021
-0.000061
-0.000031
0.000024
0.000092
0.000188
0.000236
0.000108
-0.000206
-0.000510
-0.000566
-0.000346
-0.000024
0.000240
0.000400
0.000512
0.000621
0.000587
0.000269
-0.000169
-0.000449
-0.000502
-0.000442
-0.000380
-0.000295
-0.000113
0.000110
0.000231
0.000198
0.000072
-0.000017
-0.000006
-0.000024
-0.000163
-0.000240
-0.000075
0.000203
0.000376
0.000398
0.000326
0.000190
0.000001
-0.000214
-0.000401
-0.000457
-0.000310
-0.000064
0.000094
0.000151
0.000213
0.000265
0.000186
-0.000006
-0.000141
-0.000134
-0.000064
-0.000037
-0.000062
-0.000095
-0.000100
-0.000029
0.000143
0.000314
0.000329
0.000209
0.000121
0.000087
-0.000052
-0.000311
-0.000436
-0.000257
0.000025
0.000091
-0.000071
-0.000188
-0.000152
-0.000133
-0.000189
-0.000127
0.000133
0.000368
0.000403
0.000339
0.000314
0.000274
0.000132
-0.000042
-0.000134
-0.000120
-0.000040
0.000008
-0.000042
-0.000109
-0.000109
-0.000104
-0.000139
-0.000157
-0.000119
-0.000043
0.000037
0.000072
0.000048
0.000005
-0.000030
-0.000061
-0.000099
-0.000147
-0.000166
-0.000089
0.000066
0.000138
0.000030
-0.000086
-0.000013
0.000144
0.000151
0.000045
0.000030
0.000106
0.000145
0.000124
0.000080
-0.000005
-0.000136
-0.000231
-0.000216
-0.000155
-0.000170
-0.000243
-0.000220
-0.000048
0.000177
0.000395
0.000595
0.000666
0.000512
0.000238
0.000046
-0.000019
-0.000083
-0.000227
-0.000360
-0.000356
-0.000241
-0.000148
-0.000132
-0.000121
-0.000057
0.000004
-0.000034
-0.000115
-0.000108
-0.000023
0.000054
0.000112
0.000159
0.000178
0.000126
-0.000041
-0.000234
-0.000251
-0.000074
0.000062
0.000023
-0.000048
-0.000009
0.000080
0.000094
-0.000012
-0.000132
-0.000098
0.000077
0.000202
0.000213
0.000220
0.000260
0.000260
0.000182
0.000049
-0.000107
-0.000251
-0.000330
-0.000306
-0.000214
-0.000127
-0.000021
0.000174
0.000325
0.000239
0.000027
-0.000055
0.000001
-0.000034
-0.000257
-0.000426
-0.000284
0.000021
0.000129
0.000011
-0.000032
0.000115
0.000245
0.000217
0.000111
0.000034
0.000020
0.000057
0.000076
0.000046
0.000052
0.000100
0.000036
-0.000175
-0.000338
-0.000293
-0.000113
0.000004
-0.000024
-0.000088
-0.000057
0.000063
0.000138
0.000072
-0.000067
-0.000127
-0.000053
0.000086
0.000192
0.000244
0.000291
0.000283
0.000104
-0.000157
-0.000262
-0.000187
-0.000136
-0.000191
-0.000194
-0.000061
0.000032
-0.000013
-0.000024
0.000090
0.000150
0.000058
-0.000024
0.000044
0.000172
0.000221
0.000193
0.000126
0.000036
0.000000
0.000045
0.000030
-0.000115
-0.000228
-0.000147
0.000047
0.000134
0.000009
-0.000186
-0.000275
-0.000285
-0.000323
-0.000357
-0.000258
0.000012
0.000321
0.000492
0.000455
0.000286
0.000159
0.000186
0.000276
0.000277
0.000203
0.000144
0.000081
-0.000046
-0.000178
-0.000203
-0.000163
-0.000251
-0.000515
-0.000717
-0.000634
-0.000340
-0.000079
0.000014
0.000020
0.000108
0.000261
0.000288
0.000168
0.000051
0.000021
0.000105
0.000263
0.000327
0.000224
0.000130
0.000180
0.000233
0.000098
-0.000155
-0.000274
-0.000188
-0.000096
-0.000136
-0.000197
-0.000134
0.000013
0.000102
0.000034
-0.000146
-0.000255
-0.000207
-0.000116
-0.000063
0.000026
0.000209
0.000406
0.000496
0.000479
0.000446
0.000386
0.000212
-0.000074
-0.000355
-0.000521
-0.000522
-0.000367
-0.000176
-0.000089
-0.000066
-0.000010
0.000024
-0.000009
-0.000047
-0.000059
-0.000050
-0.000013
0.000029
0.000069
0.000129
0.000194
0.000218
0.000187
0.000117
0.000046
0.000016
-0.000004
-0.000059
-0.000091
-0.000050
-0.000050
-0.000186
-0.000306
-0.000225
-0.000044
0.000015
-0.000031
0.000020
0.000215
0.000356
0.000276
0.000046
-0.000117
-0.000110
-0.000062
-0.000132
-0.000244
-0.000196
0.000007
0.000156
0.000147
0.000100
0.000100
0.000085
0.000030
0.000016
0.000042
0.000054
0.000090
0.000198
0.000277
0.000166
-0.000088
-0.000273
-0.000317
-0.000322
-0.000323
-0.000249
-0.000103
-0.000014
-0.000047
-0.000076
0.000048
0.000235
0.000226
0.000026
-0.000029
0.000190
0.000391
0.000354
0.000192
0.000086
0.000063
0.000005
-0.000208
-0.000474
-0.000523
-0.000270
0.000088
0.000315
0.000335
0.000205
0.000029
-0.000081
-0.000098
-0.000106
-0.000139
-0.000120
-0.000001
0.000164
0.000277
0.000270
0.000165
0.000042
-0.000055
-0.000150
-0.000262
-0.000343
-0.000348
-0.000298
-0.000189
-0.000009
0.000146
0.000172
0.000135
0.000159
0.000202
0.000086
-0.000185
-0.000313
-0.000145
0.000064
0.000072
-0.000017
-0.000045
-0.000032
-0.000003
0.000075
0.000162
0.000203
0.000232
0.000262
0.000254
0.000217
0.000176
0.000090
-0.000071
-0.000242
-0.000303
-0.000213
-0.000065
0.000006
-0.000055
-0.000154
-0.000172
-0.000137
-0.000116
-0.000081
0.000006
0.000106
0.000139
0.000084
0.000004
-0.000021
0.000026
0.000075
0.000093
0.000129
0.000166
0.000147
0.000097
0.000032
-0.000109
-0.000283
-0.000317
-0.000162
-0.000006
0.000002
-0.000024
0.000061
0.000204
0.000266
0.000205
0.000061
-0.000102
-0.000201
-0.000169
-0.000059
-0.000022
-0.000108
-0.000171
-0.000094
0.000025
0.000077
0.000132
0.000255
0.000303
0.000146
-0.000083
-0.000180
-0.000152
-0.000134
-0.000129
-0.000026
0.000156
0.000240
0.000153
0.000007
-0.000078
-0.000093
-0.000088
-0.000110
-0.000180
-0.000273
-0.000318
-0.000265
-0.000159
-0.000078
-0.000034
0.000004
0.000077
0.000219
0.000381
0.000462
0.000418
0.000300
0.000227
0.000278
0.000360
0.000321
0.000161
-0.000016
-0.000156
-0.000267
-0.000349
-0.000417
-0.000473
-0.000470
-0.000400
-0.000319
-0.000217
-0.000028
0.000221
0.000415
0.000486
0.000430
0.000283
0.000149
0.000089
-0.000019
-0.000239
-0.000368
-0.000299
-0.000192
-0.000154
-0.000126
-0.000041
0.000103
0.000199
0.000166
0.000079
0.000013
-0.000074
-0.000184
-0.000228
-0.000158
-0.000034
0.000099
0.000237
0.000298
0.000192
0.000024
-0.000041
-0.000049
-0.000127
-0.000231
-0.000211
0.000016
0.000332
0.000466
0.000336
0.000167
0.000151
0.000193
0.000119
-0.000056
-0.000209
-0.000294
-0.000335
-0.000328
-0.000279
-0.000245
-0.000230
-0.000150
0.000042
0.000239
0.000291
0.000223
0.000183
0.000188
0.000116
-0.000052
-0.000195
-0.000224
-0.000144
-0.000029
0.000025
-0.000002
-0.000059
-0.000109
-0.000121
-0.000074
-0.000037
-0.000038
0.000014
0.000143
0.000227
0.000200
0.000181
0.000289
0.000391
0.000263
-0.000021
-0.000173
-0.000099
0.000026
-0.000025
-0.000275
-0.000464
-0.000382
-0.000179
-0.000083
-0.000064
0.000019
0.000162
0.000221
0.000115
-0.000064
-0.000172
-0.000128
0.000059
0.000280
0.000361
0.000263
0.000119
0.000022
-0.000064
-0.000170
-0.000244
-0.000198
-0.000012
0.000179
0.000185
0.000045
-0.000001
0.000098
0.000107
-0.000089
-0.000258
-0.000186
-0.000021
0.000005
-0.000060
-0.000034
0.000077
0.000125
0.000080
0.000023
-0.000013
-0.000023
-0.000030
-0.000113
-0.000264
-0.000342
-0.000266
-0.000077
0.000114
0.000176
0.000081
-0.000027
0.000026
0.000233
0.000424
0.000461
0.000364
0.000243
0.000163
0.000082
-0.000107
-0.000437
-0.000773
-0.000880
-0.000636
-0.000219
0.000074
0.000189
0.000284
0.000383
0.000372
0.000266
0.000198
0.000215
0.000248
0.000222
0.000150
0.000098
0.000084
0.000074
0.000020
-0.000115
-0.000268
-0.000297
-0.000178
-0.000063
-0.000082
-0.000171
-0.000156
0.000023
0.000181
0.000097
-0.000146
-0.000264
-0.000180
-0.000060
-0.000035
-0.000083
-0.000121
-0.000076
0.000049
0.000117
0.000060
0.000038
0.000159
0.000257
0.000165
-0.000043
-0.000177
-0.000131
0.000009
0.000069
0.000061
0.000122
0.000207
0.000174
0.000061
-0.000018
-0.000060
-0.000114
-0.000181
-0.000231
-0.000226
-0.000141
0.000011
0.000154
0.000214
0.000250
0.000375
0.000498
0.000414
0.000143
-0.000093
-0.000186
-0.000218
-0.000254
-0.000278
-0.000266
-0.000178
-0.000034
0.000041
-0.000009
-0.000076
-0.000081
-0.000108
-0.000222
-0.000318
-0.000280
-0.000159
-0.000053
0.000037
0.000162
0.000313
0.000398
0.000321
0.000118
-0.000044
