10080
-0.000173
-0.000239
-0.000130
0.000030
0.000086
0.000025
-0.000066
-0.000113
-0.000088
-0.000014
0.000053
0.000076
0.000072
0.000103
0.000179
0.000216
0.000148
0.000038
-0.000037
-0.000112
-0.000200
-0.000188
-0.000051
0.000071
0.000102
0.000078
0.000008
-0.000076
-0.000084
-0.000019
0.000009
-0.000029
-0.000096
-0.000178
-0.000233
-0.000189
-0.000065
0.000032
0.000061
0.000093
0.000159
0.000204
0.000202
0.000175
0.000100
-0.000017
-0.000073
-0.000039
-0.000042
-0.000150
-0.000239
-0.000215
-0.000159
-0.000108
0.000007
0.000154
0.000198
0.000105
0.000006
0.000042
0.000194
0.000304
0.000265
0.000145
0.000070
0.000057
0.000036
-0.000024
-0.000096
-0.000145
-0.000147
-0.000078
0.000037
0.000088
0.000022
-0.000059
-0.000067
-0.000054
-0.000093
-0.000151
-0.000134
-0.000041
0.000003
-0.000049
-0.000065
0.000007
0.000043
-0.000002
-0.000011
0.000041
0.000063
0.000078
0.000127
0.000090
-0.000076
-0.000183
-0.000111
0.000026
0.000110
0.000135
0.000117
0.000043
-0.000072
-0.000155
-0.000161
-0.000135
-0.000117
-0.000087
-0.000017
0.000084
0.000142
0.000093
0.000054
0.000174
0.000305
0.000215
0.000027
0.000003
0.000070
0.000001
-0.000174
-0.000248
-0.000190
-0.000158
-0.000186
-0.000150
-0.000057
-0.000051
-0.000120
-0.000152
-0.000183
-0.000243
-0.000176
0.000078
0.000297
0.000303
0.000183
0.000069
0.000008
0.000044
0.000075
-0.000058
-0.000179
0.000004
0.000352
0.000522
0.000460
0.000309
0.000179
0.000137
0.000147
0.000054
-0.000155
-0.000249
-0.000122
-0.000005
-0.000082
-0.000210
-0.000216
-0.000172
-0.000210
-0.000297
-0.000325
-0.000260
-0.000126
0.000026
0.000089
-0.000013
-0.000163
-0.000153
0.000002
0.000125
0.000184
0.000262
0.000360
0.000376
0.000257
0.000099
0.000017
-0.000009
-0.000036
-0.000045
0.000012
0.000142
0.000281
0.000315
0.000219
0.000087
-0.000032
-0.000142
-0.000195
-0.000163
-0.000132
-0.000180
-0.000259
-0.000289
-0.000288
-0.000284
-0.000261
-0.000236
-0.000233
-0.000204
-0.000082
0.000065
0.000070
-0.000059
-0.000131
-0.000089
-0.000051
-0.000041
0.000033
0.000169
0.000260
0.000264
0.000220
0.000171
0.000148
0.000139
0.000080
-0.000039
-0.000150
-0.000165
-0.000061
0.000037
0.000023
0.000033
0.000219
0.000417
0.000405
0.000271
0.000192
0.000170
0.000200
0.000289
0.000293
0.000126
-0.000051
-0.000101
-0.000082
-0.000087
-0.000134
-0.000204
-0.000299
-0.000409
-0.000471
-0.000455
-0.000437
-0.000489
-0.000503
-0.000328
-0.000071
0.000058
0.000117
0.000217
0.000268
0.000253
0.000311
0.000424
0.000427
0.000338
0.000311
0.000337
0.000321
0.000278
0.000202
0.000042
-0.000135
-0.000217
-0.000236
-0.000314
-0.000489
-0.000614
-0.000491
-0.000189
0.000010
0.000018
0.000010
0.000112
0.000234
0.000225
0.000043
-0.000182
-0.000255
-0.000164
-0.000108
-0.000177
-0.000196
-0.000026
0.000202
0.000308
0.000280
0.000195
0.000139
0.000168
0.000190
0.000044
-0.000204
-0.000302
-0.000174
-0.000009
0.000048
0.000050
0.000080
0.000131
0.000184
0.000230
0.000238
0.000209
0.000201
0.000239
0.000255
0.000171
-0.000001
-0.000147
-0.000204
-0.000244
-0.000351
-0.000489
-0.000544
-0.000457
-0.000289
-0.000151
-0.000090
-0.000039
0.000078
0.000189
0.000146
0.000013
0.000035
0.000216
0.000317
0.000285
0.000208
0.000096
0.000011
0.000087
0.000269
0.000357
0.000293
0.000182
0.000100
0.000041
-0.000016
-0.000105
-0.000250
-0.000381
-0.000412
-0.000349
-0.000230
-0.000081
0.000047
0.000065
-0.000082
-0.000308
-0.000394
-0.000241
-0.000034
-0.000010
-0.000116
-0.000133
-0.000000
0.000184
0.000307
0.000305
0.000221
0.000188
0.000252
0.000311
0.000252
0.000085
-0.000047
-0.000018
0.000090
0.000115
0.000069
0.000029
-0.000033
-0.000111
-0.000132
-0.000128
-0.000156
-0.000149
-0.000069
-0.000004
-0.000013
-0.000057
-0.000059
-0.000004
0.000034
-0.000000
-0.000048
-0.000058
-0.000086
-0.000141
-0.000144
-0.000107
-0.000101
-0.000104
-0.000034
0.000109
0.000193
0.000131
0.000058
0.000131
0.000236
0.000192
0.000075
0.000063
0.000134
0.000165
0.000115
0.000015
-0.000074
-0.000053
0.000066
0.000068
-0.000139
-0.000299
-0.000204
-0.000038
-0.000037
-0.000126
-0.000141
-0.000094
-0.000025
0.000066
0.000096
0.000065
0.000143
0.000292
0.000241
0.000025
-0.000043
-0.000003
-0.000142
-0.000355
-0.000339
-0.000138
0.000013
0.000072
0.000087
0.000028
-0.000088
-0.000168
-0.000202
-0.000198
-0.000074
0.000151
0.000265
0.000185
0.000086
0.000118
0.000231
0.000298
0.000274
0.000201
0.000123
0.000033
-0.000046
-0.000056
-0.000014
-0.000021
-0.000108
-0.000207
-0.000274
-0.000306
-0.000285
-0.000214
-0.000175
-0.000225
-0.000266
-0.000201
-0.000115
-0.000098
-0.000081
-0.000022
-0.000030
-0.000141
-0.000230
-0.000230
-0.000150
0.000058
0.000353
0.000525
0.000506
0.000524
0.000721
0.000875
0.000776
0.000601
0.000538
0.000471
0.000309
0.000148
0.000033
-0.000078
-0.000189
-0.000283
-0.000390
-0.000499
-0.000513
-0.000453
-0.000477
-0.000605
-0.000666
-0.000571
-0.000439
-0.000378
-0.000366
-0.000387
-0.000444
-0.000476
-0.000417
-0.000242
0.000023
0.000269
0.000379
0.000370
0.000380
0.000519
0.000717
0.000778
0.000642
0.000510
0.000546
0.000627
0.000556
0.000365
0.000193
0.000083
0.000014
-0.000006
-0.000025
-0.000124
-0.000248
-0.000274
-0.000223
-0.000239
-0.000362
-0.000463
-0.000453
-0.000410
-0.000442
-0.000565
-0.000689
-0.000676
-0.000499
-0.000305
-0.000186
-0.000069
0.000091
0.000228
0.000318
0.000409
0.000499
0.000594
0.000724
0.000783
0.000631
0.000387
0.000262
0.000227
0.000112
-0.000081
-0.000192
-0.000183
-0.000172
-0.000213
-0.000270
-0.000318
-0.000320
-0.000324
-0.000483
-0.000810
-0.001075
-0.001082
-0.000977
-0.000957
-0.000769
-0.000154
0.000445
0.000630
0.000831
0.001243
0.001306
0.001035
0.001074
0.001297
0.001191
0.001052
0.001250
0.001344
0.000990
0.000596
0.000451
0.000248
-0.000213
-0.000658
-0.000837
-0.000899
-0.001072
-0.001258
-0.001298
-0.001347
-0.001485
-0.001476
-0.001350
-0.001420
-0.001509
-0.001182
-0.000628
-0.000307
-0.000165
0.000045
0.000307
0.000547
0.000761
0.000940
0.001123
0.001317
0.001446
0.001470
0.001363
0.001122
0.000968
0.001099
0.001258
0.001107
0.000762
0.000461
0.000174
-0.000132
-0.000382
-0.000570
-0.000732
-0.000867
-0.000984
-0.001081
-0.001139
-0.001193
-0.001242
-0.001243
-0.001235
-0.001239
-0.001193
-0.001044
-0.000751
-0.000363
-0.000036
0.000184
0.000390
0.000629
0.000846
0.001003
0.001101
0.001142
0.001157
0.001168
0.001119
0.000981
0.000822
0.000659
0.000487
0.000397
0.000365
0.000199
-0.000066
-0.000173
-0.000113
-0.000086
-0.000129
-0.000248
-0.000546
-0.000907
-0.000997
-0.000840
-0.000878
-0.001150
-0.001123
-0.000687
-0.000359
-0.000293
-0.000137
0.000155
0.000280
0.000205
0.000141
0.000162
0.000244
0.000398
0.000541
0.000546
0.000490
0.000498
0.000486
0.000388
0.000370
0.000508
0.000588
0.000439
0.000214
0.000112
0.000066
-0.000046
-0.000168
-0.000288
-0.000469
-0.000605
-0.000599
-0.000590
-0.000692
-0.000757
-0.000626
-0.000394
-0.000262
-0.000283
-0.000333
-0.000346
-0.000423
-0.000571
-0.000600
-0.000476
-0.000286
0.000104
0.000668
0.000946
0.000836
0.000821
0.000994
0.000960
0.000795
0.000909
0.001169
0.001179
0.001044
0.001043
0.001012
0.000675
0.000141
-0.000305
-0.000562
-0.000686
-0.000728
-0.000729
-0.000800
-0.000956
-0.001019
-0.000954
-0.000966
-0.001066
-0.001073
-0.000997
-0.000919
-0.000791
-0.000643
-0.000517
-0.000279
0.000090
0.000359
0.000438
0.000500
0.000635
0.000761
0.000871
0.000988
0.001029
0.000970
0.000926
0.000913
0.000824
0.000648
0.000478
0.000355
0.000228
0.000057
-0.000102
-0.000144
-0.000089
-0.000153
-0.000462
-0.000772
-0.000795
-0.000624
-0.000548
-0.000640
-0.000744
-0.000739
-0.000646
-0.000535
-0.000445
-0.000402
-0.000395
-0.000312
-0.000099
0.000063
0.000028
0.000011
0.000237
0.000514
0.000589
0.000565
0.000613
0.000665
0.000634
0.000562
0.000488
0.000430
0.000465
0.000612
0.000711
0.000606
0.000363
0.000158
0.000036
-0.000085
-0.000265
-0.000479
-0.000661
-0.000775
-0.000858
-0.000989
-0.001119
-0.001049
-0.000746
-0.000407
-0.000138
0.000047
0.000094
0.000031
-0.000055
-0.000259
-0.000650
-0.000924
-0.000845
-0.000697
-0.000565
-0.000051
0.000666
0.000986
0.001159
0.001585
0.001727
0.001359
0.001183
0.001284
0.001109
0.000892
0.001133
0.001432
0.001265
0.000828
0.000431
0.000082
-0.000259
-0.000645
-0.001046
-0.001287
-0.001381
-0.001424
-0.001308
-0.001148
-0.001263
-0.001475
-0.001469
-0.001519
-0.001792
-0.001796
-0.001287
-0.000646
-0.000174
0.000135
0.000369
0.000647
0.000925
0.001032
0.001084
0.001251
0.001338
0.001289
0.001386
0.001535
0.001387
0.001104
0.000968
0.000793
0.000467
0.000243
0.000136
-0.000069
-0.000264
-0.000257
-0.000203
-0.000283
-0.000407
-0.000492
-0.000610
-0.000776
-0.000906
-0.000997
-0.001111
-0.001173
-0.001065
-0.000915
-0.000882
-0.000790
-0.000509
-0.000263
-0.000123
0.000115
0.000351
0.000308
0.000180
0.000347
0.000731
0.000996
0.001041
0.001004
0.000996
0.001004
0.000957
0.000837
0.000701
0.000610
0.000569
0.000481
0.000210
-0.000148
-0.000347
-0.000394
-0.000469
-0.000580
-0.000635
-0.000637
-0.000646
-0.000712
-0.000828
-0.000855
-0.000695
-0.000494
-0.000439
-0.000483
-0.000434
-0.000225
-0.000014
0.000057
0.000111
0.000220
0.000201
0.000100
0.000138
0.000240
0.000359
0.000586
0.000764
0.000739
0.000581
0.000221
-0.000395
-0.000917
-0.001025
-0.000910
-0.000788
-0.000462
0.000075
0.000376
0.000421
0.000691
0.001045
0.000947
0.000620
0.000523
0.000481
0.000372
0.000486
0.000734
0.000751
0.000609
0.000539
0.000500
0.000381
0.000085
-0.000360
-0.000637
-0.000592
-0.000502
-0.000460
-0.000296
-0.000224
-0.000510
-0.000820
-0.000893
-0.001026
-0.001263
-0.001287
-0.001195
-0.001168
-0.000946
-0.000452
-0.000046
0.000120
0.000168
0.000163
0.000224
0.000422
0.000586
0.000681
0.000878
0.001099
0.001171
0.001186
0.001166
0.000951
0.000664
0.000587
0.000646
0.000601
0.000460
0.000356
0.000268
0.000120
-0.000110
-0.000397
-0.000635
-0.000740
-0.000841
-0.001031
-0.001139
-0.001082
-0.000997
-0.000876
-0.000674
-0.000563
-0.000563
-0.000426
-0.000154
0.000036
0.000170
0.000323
0.000370
0.000300
0.000292
0.000362
0.000400
0.000469
0.000634
0.000771
0.000803
0.000787
0.000743
0.000644
0.000493
0.000351
0.000260
0.000167
0.000048
0.000009
0.000015
-0.000139
-0.000435
-0.000655
-0.000756
-0.000764
-0.000609
-0.000455
-0.000612
-0.000890
-0.000833
-0.000577
-0.000490
-0.000363
-0.000073
-0.000061
-0.000269
-0.000195
0.000069
0.000306
0.000587
0.000766
0.000746
0.000768
0.000843
0.000757
0.000576
0.000302
-0.000326
-0.001112
-0.001414
-0.001172
-0.000897
-0.000665
-0.000202
0.000370
0.000767
0.001007
0.001115
0.000937
0.000587
0.000422
0.000480
0.000518
0.000516
0.000644
0.000877
0.000955
0.000800
0.000658
0.000615
0.000358
-0.000191
-0.000583
-0.000623
-0.000660
-0.000795
-0.000768
-0.000671
-0.000767
-0.000918
-0.000976
-0.001147
-0.001497
-0.001748
-0.001722
-0.001489
-0.001133
-0.000682
-0.000177
0.000280
0.000521
0.000548
0.000590
0.000707
0.000726
0.000742
0.000979
0.001290
0.001452
0.001550
0.001618
0.001500
0.001215
0.000896
0.000567
0.000277
0.000110
0.000091
0.000169
0.000146
-0.000148
-0.000513
-0.000654
-0.000707
-0.000957
-0.001332
-0.001643
-0.001765
-0.001494
-0.000954
-0.000700
-0.000782
-0.000640
-0.000272
-0.000125
-0.000048
0.000237
0.000397
0.000326
0.000474
0.000833
0.000933
0.000827
0.000903
0.001093
0.001084
0.000946
0.000941
0.000966
0.000710
0.000301
0.000162
0.000243
0.000211
0.000081
-0.000101
-0.000503
-0.000979
-0.001168
-0.001183
-0.001312
-0.001353
-0.001036
-0.000593
-0.000390
-0.000465
-0.000551
-0.000315
0.000184
0.000318
-0.000018
0.000010
0.000388
0.000242
-0.000001
0.000475
0.000970
0.000774
0.000403
0.000467
0.000824
0.000766
0.000168
0.000018
0.000449
0.000251
-0.000595
-0.001097
-0.001299
-0.001476
-0.001390
-0.001174
-0.000878
-0.000193
0.000461
0.000628
0.000853
0.001214
0.000987
0.000482
0.000568
0.000858
0.000691
0.000530
0.000829
0.001181
0.001259
0.001235
0.001157
0.000814
0.000186
-0.000379
-0.000542
-0.000513
-0.000713
-0.000938
-0.000811
-0.000705
-0.000984
-0.001207
-0.001138
-0.001213
-0.001535
-0.001747
-0.001710
-0.001467
-0.001021
-0.000442
0.000127
0.000488
0.000543
0.000520
0.000626
0.000666
0.000542
0.000528
0.000711
0.000883
0.001000
0.001165
0.001330
0.001355
0.001225
0.001065
0.000910
0.000636
0.000275
0.000108
0.000179
0.000158
-0.000039
-0.000113
-0.000059
-0.000241
-0.000710
-0.001130
-0.001323
-0.001385
-0.001402
-0.001367
-0.001228
-0.000966
-0.000738
-0.000680
-0.000596
-0.000356
-0.000165
-0.000011
0.000315
0.000589
0.000575
0.000594
0.000849
0.001040
0.001061
0.001148
0.001291
0.001292
0.001200
0.001099
0.000831
0.000349
-0.000070
-0.000270
-0.000379
-0.000511
-0.000675
-0.000890
-0.001106
-0.001152
-0.000993
-0.000851
-0.000783
-0.000566
-0.000310
-0.000264
-0.000159
-0.000005
-0.000238
-0.000352
0.000196
0.000462
-0.000026
-0.000097
0.000484
0.000597
0.000306
0.000477
0.000776
0.000726
0.000867
0.001054
0.000437
-0.000255
0.000067
0.000406
-0.000099
-0.000463
-0.000722
-0.001787
-0.002477
-0.001738
-0.001087
-0.001185
-0.000614
0.000524
0.000941
0.001039
0.001414
0.001300
0.000649
0.000437
0.000635
0.000624
0.000613
0.000901
0.001223
0.001415
0.001500
0.001417
0.001214
0.000832
0.000076
-0.000637
-0.000725
-0.000618
-0.000865
-0.001028
-0.000872
-0.000931
-0.001212
-0.001253
-0.001317
-0.001806
-0.002238
-0.002061
-0.001556
-0.001167
-0.000813
-0.000362
0.000020
0.000277
0.000528
0.000690
0.000637
0.000543
0.000610
0.000829
0.001146
0.001475
0.001693
0.001849
0.002012
0.001969
0.001570
0.001092
0.000749
0.000391
0.000043
-0.000051
-0.000009
-0.000136
-0.000362
-0.000510
-0.000701
-0.000971
-0.001144
-0.001243
-0.001381
-0.001542
-0.001736
-0.001800
-0.001428
-0.000890
-0.000776
-0.000808
-0.000373
0.000120
0.000190
0.000335
0.000699
0.000724
0.000655
0.001035
0.001372
0.001244
0.001212
0.001489
0.001565
0.001376
0.001213
0.001009
0.000692
0.000386
0.000063
-0.000354
-0.000837
-0.001236
-0.001335
-0.001220
-0.001189
-0.001190
-0.001094
-0.001034
-0.001053
-0.001032
-0.000774
-0.000280
-0.000052
-0.000182
0.000120
0.000779
0.000639
0.000129
0.000523
0.000854
0.000307
0.000382
0.000960
0.000566
0.000435
0.001262
0.001038
0.000235
0.000762
0.000928
-0.000416
-0.000708
0.000221
-0.000597
-0.002459
-0.002414
-0.001549
-0.001973
-0.002171
-0.000924
0.000059
0.000087
0.000458
0.001197
0.001412
0.001370
0.001361
0.001112
0.001008
0.001260
0.001147
0.000818
0.001185
0.001741
0.001566
0.001263
0.001311
0.000826
-0.000297
-0.000868
-0.000775
-0.000945
-0.001257
-0.001117
-0.000864
-0.000876
-0.001008
-0.001305
-0.001717
-0.001911
-0.002034
-0.002205
-0.001924
-0.001320
-0.001120
-0.000939
-0.000115
0.000571
0.000507
0.000593
0.001127
0.001146
0.000733
0.000898
0.001432
0.001580
0.001632
0.001927
0.002040
0.001824
0.001587
0.001301
0.000826
0.000343
0.000036
-0.000062
0.000026
0.000095
-0.000050
-0.000290
-0.000485
-0.000736
-0.001092
-0.001455
-0.001794
-0.002098
-0.002273
-0.002230
-0.001939
-0.001534
-0.001183
-0.000671
0.000097
0.000505
0.000376
0.000520
0.000996
0.001008
0.000826
0.001125
0.001399
0.001303
0.001491
0.001893
0.001770
0.001411
0.001410
0.001320
0.000696
-0.000013
-0.000378
-0.000577
-0.000863
-0.001181
-0.001335
-0.001373
-0.001460
-0.001403
-0.001218
-0.001346
-0.001438
-0.000909
-0.000377
-0.000275
0.000069
0.000526
0.000171
-0.000281
0.000437
0.000992
0.000087
-0.000219
0.000981
0.001064
0.000044
0.000662
0.001580
0.000661
0.000225
0.001080
0.000843
0.000118
0.000570
0.000724
-0.000126
-0.000641
-0.001210
-0.002447
-0.002921
-0.002298
-0.001970
-0.001847
-0.000964
0.000131
0.000626
0.001021
0.001714
0.001998
0.001506
0.000978
0.000930
0.000980
0.000907
0.001053
0.001443
0.001745
0.001881
0.001886
0.001708
0.001243
0.000293
-0.000857
-0.001364
-0.001268
-0.001464
-0.001722
-0.001254
-0.000828
-0.001314
-0.001713
-0.001433
-0.001627
-0.002384
-0.002421
-0.001934
-0.001828
-0.001532
-0.000615
0.000137
0.000544
0.001032
0.001317
0.001205
0.001089
0.000979
0.000808
0.001032
0.001597
0.001857
0.001892
0.002119
0.002220
0.001903
0.001548
0.001318
0.000881
0.000235
-0.000229
-0.000408
-0.000527
-0.000686
-0.000778
-0.000787
-0.000890
-0.001209
-0.001644
-0.002077
-0.002446
-0.002544
-0.002234
-0.001753
-0.001256
-0.000592
0.000041
0.000235
0.000233
0.000441
0.000591
0.000507
0.000620
0.001008
0.001240
0.001387
0.001809
0.002188
0.002097
0.001887
0.001863
0.001579
0.000847
0.000182
-0.000195
-0.000568
-0.000955
-0.001079
-0.000991
-0.001035
-0.001327
-0.001684
-0.001916
-0.001863
-0.001473
-0.001028
-0.000718
-0.000355
-0.000006
0.000025
-0.000087
0.000105
0.000415
0.000317
0.000189
0.000575
0.000896
0.000723
0.000743
0.001223
0.001377
0.000902
0.000614
0.000937
0.001097
0.000598
0.000222
0.000478
0.000463
-0.000264
-0.000748
-0.001132
-0.002539
-0.003841
-0.003312
-0.002261
-0.002195
-0.001664
0.000071
0.001114
0.001146
0.001843
0.002716
0.002195
0.001188
0.001038
0.001019
0.000610
0.000756
0.001622
0.002336
0.002726
0.002964
0.002703
0.001815
0.000573
-0.000778
-0.001747
-0.002032
-0.002190
-0.002465
-0.002256
-0.001716
-0.001640
-0.001810
-0.001776
-0.002050
-0.002759
-0.003066
-0.002747
-0.002283
-0.001644
-0.000683
0.000243
0.000984
0.001663
0.002044
0.002035
0.001946
0.001751
0.001413
0.001461
0.001992
0.002363
0.002487
0.002795
0.003008
0.002585
0.001777
0.001038
0.000229
-0.000749
-0.001437
-0.001548
-0.001440
-0.001431
-0.001349
-0.001096
-0.000953
-0.001132
-0.001644
-0.002421
-0.003000
-0.002878
-0.002407
-0.002061
-0.001447
-0.000422
0.000308
0.000666
0.001175
0.001478
0.001165
0.000974
0.001310
0.001530
0.001571
0.001970
0.002449
0.002438
0.002133
0.001858
0.001479
0.000876
0.000237
-0.000191
-0.000461
-0.000873
-0.001319
-0.001366
-0.001201
-0.001358
-0.001647
-0.001668
-0.001728
-0.001973
-0.001895
-0.001518
-0.001320
-0.001033
-0.000348
0.000303
0.000718
0.000958
0.000830
0.000651
0.000916
0.001204
0.001129
0.001115
0.001285
0.001281
0.001145
0.001048
0.000859
0.000641
0.000596
0.000484
0.000136
-0.000125
-0.000231
-0.000465
-0.000714
-0.000932
-0.001800
-0.003348
-0.004174
-0.003813
-0.003542
-0.003307
-0.001653
0.000613
0.001606
0.002241
0.003716
0.004270
0.002992
0.002019
0.002171
0.001904
0.001244
0.001534
0.002420
0.002902
0.003037
0.002875
0.002276
0.001423
0.000058
-0.001827
-0.003052
-0.003378
-0.003896
-0.004166
-0.003123
-0.001992
-0.002046
-0.002172
-0.001754
-0.002022
-0.003072
-0.003548
-0.003162
-0.002493
-0.001518
-0.000129
0.001316
0.002406
0.002908
0.003015
0.003145
0.003017
0.002174
0.001387
0.001625
0.002379
0.002774
0.003010
0.003350
0.003258
0.002480
0.001518
0.000622
-0.000486
-0.001690
-0.002347
-0.002294
-0.002096
-0.002033
-0.001787
-0.001373
-0.001406
-0.002114
-0.002888
-0.003186
-0.003229
-0.003264
-0.002831
-0.001669
-0.000483
0.000318
0.001253
0.002195
0.002289
0.001867
0.001900
0.002043
0.001676
0.001463
0.001926
0.002415
0.002562
0.002710
0.002736
0.002185
0.001258
0.000420
-0.000380
-0.001271
-0.001959
-0.002175
-0.002050
-0.001845
-0.001692
-0.001661
-0.001799
-0.002010
-0.002124
-0.002135
-0.002052
-0.001696
-0.000993
-0.000189
0.000462
0.000964
0.001363
0.001575
0.001532
0.001417
0.001469
0.001556
0.001478
0.001413
0.001418
0.001228
0.000877
0.000684
0.000710
0.000811
0.000763
0.000349
-0.000205
-0.000514
-0.000742
-0.001038
-0.001163
-0.001668
-0.003360
-0.005137
-0.005344
-0.004727
-0.004513
-0.003429
-0.000657
0.001589
0.002358
0.003729
0.005582
0.005338
0.003611
0.002981
0.002951
0.002235
0.002024
0.002909
0.003490
0.003447
0.003538
0.003503
0.002736
0.001042
-0.001567
-0.003988
-0.004888
-0.004969
-0.005321
-0.005085
-0.003846
-0.003059
-0.003038
-0.002708
-0.002496
-0.003351
-0.004304
-0.004144
-0.003263
-0.002195
-0.000683
0.001284
0.003165
0.004439
0.004917
0.004887
0.004614
0.003823
0.002640
0.002047
0.002402
0.002987
0.003433
0.003950
0.004231
0.003674
0.002459
0.001194
-0.000191
-0.002048
-0.003796
-0.004409
-0.003987
-0.003499
-0.003191
-0.002700
-0.002222
-0.002239
-0.002741
-0.003453
-0.004038
-0.004127
-0.003780
-0.003128
-0.001786
0.000105
0.001598
0.002649
0.003829
0.004495
0.004005
0.003312
0.003090
0.002797
0.002573
0.003047
0.003638
0.003560
0.003165
0.002749
0.001846
0.000380
-0.001058
-0.002160
-0.003023
-0.003580
-0.003590
-0.003174
-0.002808
-0.002673
-0.002560
-0.002457
-0.002498
-0.002503
-0.002298
-0.002031
-0.001670
-0.000924
0.000161
0.001205
0.001968
0.002448
0.002664
0.002630
0.002494
0.002481
0.002590
0.002572
0.002340
0.002085
0.001846
0.001491
0.001077
0.000588
-0.000139
-0.000773
-0.000981
-0.001310
-0.002078
-0.002430
-0.001889
-0.001319
-0.001610
-0.002975
-0.005123
-0.006889
-0.007180
-0.006468
-0.005138
-0.002388
0.001111
0.003543
0.005553
0.008214
0.009389
0.007684
0.005578
0.004612
0.003561
0.002632
0.003110
0.004067
0.004229
0.004120
0.003979
0.003104
0.001275
-0.001611
-0.005284
-0.008094
-0.009076
-0.009250
-0.008942
-0.007392
-0.005387
-0.004216
-0.003291
-0.002140
-0.002036
-0.003302
-0.004172
-0.003535
-0.002000
-0.000094
0.002327
0.004951
0.006928
0.007966
0.008435
0.008278
0.006912
0.004646
0.002855
0.002246
0.002329
0.002659
0.003148
0.003462
0.003185
0.002279
0.000934
-0.000850
-0.003189
-0.005657
-0.007227
-0.007398
-0.006713
-0.005749
-0.004579
-0.003439
-0.002823
-0.002843
-0.003196
-0.003473
-0.003451
-0.003350
-0.003061
-0.001627
0.001047
0.003538
0.005220
0.006607
0.007313
0.006874
0.006278
0.005948
0.004942
0.003540
0.003070
0.003295
0.003112
0.002478
0.001637
0.000320
-0.001385
-0.002970
-0.004328
-0.005570
-0.006414
-0.006490
-0.005910
-0.005101
-0.004260
-0.003367
-0.002521
-0.001874
-0.001386
-0.000961
-0.000558
-0.000053
0.000730
0.001795
0.002968
0.003982
0.004566
0.004617
0.004219
0.003578
0.002980
0.002528
0.002061
0.001557
0.001227
0.001054
0.000767
0.000315
-0.000229
-0.000999
-0.001969
-0.002712
-0.003003
-0.003073
-0.003011
-0.002601
-0.001937
-0.001575
-0.002230
-0.004394
-0.007193
-0.008499
-0.007792
-0.006290
-0.003683
0.000647
0.004652
0.007163
0.010071
0.012952
0.012651
0.009734
0.007334
0.005517
0.003560
0.002890
0.003587
0.003836
0.003615
0.003605
0.002739
0.000367
-0.002880
-0.006892
-0.010997
-0.013318
-0.013586
-0.012922
-0.011094
-0.007992
-0.005287
-0.003671
-0.002131
-0.000894
-0.001141
-0.002197
-0.002294
-0.000984
0.001211
0.004056
0.007284
0.010095
0.011730
0.012133
0.011650
0.010212
0.007584
0.004456
0.002108
0.001071
0.000972
0.001255
0.001449
0.001173
0.000201
-0.001469
-0.003602
-0.005990
-0.008512
-0.010526
-0.011017
-0.009923
-0.008161
-0.006224
-0.004132
-0.002380
-0.001473
-0.001147
-0.001014
-0.001067
-0.001101
-0.000601
0.000635
0.002557
0.005145
0.007863
0.009726
0.010433
0.010229
0.009104
0.007370
0.005700
0.004071
0.002298
0.000986
0.000431
-0.000095
-0.001120
-0.002512
-0.004221
-0.006142
-0.007756
-0.008760
-0.009285
-0.009240
-0.008261
-0.006396
-0.004251
-0.002358
-0.000820
0.000407
0.001357
0.002117
0.002713
0.003149
0.003646
0.004423
0.005243
0.005685
0.005668
0.005282
0.004518
0.003482
0.002429
0.001450
0.000532
-0.000184
-0.000563
-0.000700
-0.000857
-0.001209
-0.001665
-0.002030
-0.002373
-0.002937
-0.003576
-0.003799
-0.003475
-0.002970
-0.002556
-0.002085
-0.001589
-0.002031
-0.004287
-0.007101
-0.008182
-0.007420
-0.005679
-0.002037
0.003281
0.007300
0.009731
0.013205
0.016283
0.015226
0.011476
0.008513
0.005925
0.003186
0.002175
0.002640
0.002400
0.001665
0.001379
0.000451
-0.001994
-0.005635
-0.010295
-0.014759
-0.016904
-0.016766
-0.015673
-0.013259
-0.009325
-0.005659
-0.003105
-0.000733
0.001142
0.001317
0.000663
0.001181
0.003173
0.005692
0.008459
0.011526
0.014070
0.015091
0.014755
0.013656
0.011432
0.007659
0.003405
0.000274
-0.001372
-0.002114
-0.002426
-0.002715
-0.003427
-0.004638
-0.006051
-0.007514
-0.009277
-0.011423
-0.013082
-0.013025
-0.011152
-0.008394
-0.005360
-0.002271
0.000346
0.002086
0.003142
0.003711
0.003807
0.003836
0.004088
0.003948
0.003687
0.005658
0.009884
0.012047
0.010993
0.010680
0.010916
0.008000
0.004120
0.002494
-0.000266
-0.005223
-0.007004
-0.005365
-0.005703
-0.007886
-0.008408
-0.008513
-0.009969
-0.010409
-0.008914
-0.008016
-0.007733
-0.005345
-0.001079
0.002373
0.004463
0.006059
0.006731
0.006279
0.005959
0.006104
0.005648
0.004647
0.004329
0.004803
0.005037
0.004438
0.003175
0.001745
0.000501
-0.000693
-0.001937
-0.002994
-0.003803
-0.004233
-0.003818
-0.002858
-0.002507
-0.002938
-0.003271
-0.003306
-0.003263
-0.002762
-0.001819
-0.001112
-0.000467
0.000728
0.001902
0.002068
0.000788
-0.002322
-0.006488
-0.009610
-0.011060
-0.009958
-0.002815
0.008219
0.013644
0.013329
0.017089
0.022487
0.018587
0.009730
0.005745
0.001720
-0.005914
-0.007310
-0.001005
0.001510
-0.001385
-0.001910
-0.000862
-0.003338
-0.007908
-0.012314
-0.016905
-0.019726
-0.018654
-0.014687
-0.008795
-0.002311
0.001531
0.002758
0.004888
0.007239
0.006150
0.003133
0.002474
0.003922
0.005484
0.008527
0.013533
0.016359
0.014545
0.011597
0.010132
0.007459
0.002080
-0.002836
-0.005421
-0.007031
-0.007513
-0.005855
-0.004037
-0.004410
-0.006031
-0.007018
-0.007453
-0.008405
-0.010065
-0.011156
-0.010139
-0.007208
-0.003564
0.000379
0.003931
0.005668
0.005876
0.006275
0.006805
0.006175
0.004864
0.004162
0.003735
0.003318
0.004548
0.007318
0.008071
0.006085
0.005030
0.005094
0.002978
-0.000263
-0.001950
-0.003907
-0.006850
-0.007332
-0.005492
-0.005331
-0.006766
-0.006988
-0.006540
-0.006828
-0.006523
-0.004975
-0.003759
-0.002778
-0.000279
0.003131
0.005297
0.006041
0.006331
0.006147
0.005422
0.004714
0.004051
0.003102
0.002239
0.002012
0.002224
0.002217
0.001527
0.000242
-0.000979
-0.001712
-0.002323
-0.003001
-0.003380
-0.003438
-0.003211
-0.002323
-0.001225
-0.001092
-0.001608
-0.001475
-0.000994
-0.001115
-0.001204
-0.000500
0.000347
0.000993
0.001968
0.002857
0.002702
0.002019
0.001663
0.000544
-0.002597
-0.006296
-0.008457
-0.009390
-0.009239
-0.006015
-0.000034
0.004968
0.008129
0.011845
0.015020
0.014495
0.011654
0.009250
0.006179
0.002079
-0.000033
0.000263
0.000237
-0.000382
-0.000573
-0.001542
-0.003918
-0.006434
-0.009176
-0.012676
-0.015106
-0.014946
-0.013113
-0.010182
-0.006022
-0.002447
-0.001516
-0.001364
0.001589
0.005850
0.006395
0.004256
0.005352
0.009053
0.010246
0.010376
0.012480
0.012505
0.008410
0.005807
0.006136
0.004158
-0.000335
-0.002879
-0.003610
-0.004802
-0.005420
-0.004992
-0.005521
-0.007215
-0.008368
-0.008446
-0.007901
-0.007245
-0.006954
-0.006432
-0.004596
-0.001933
0.000307
0.002041
0.003525
0.004334
0.004558
0.005190
0.006311
0.006604
0.005670
0.004883
0.004724
0.003733
0.001830
0.001408
0.002683
0.002691
0.001290
0.001353
0.002178
0.000930
-0.001112
-0.001785
-0.002847
-0.005276
-0.006545
-0.006045
-0.006017
-0.006517
-0.005782
-0.004312
-0.003610
-0.003055
-0.001616
-0.000031
0.000993
0.002053
0.003477
0.004709
0.005469
0.005859
0.005735
0.005065
0.004223
0.003372
0.002315
0.001060
-0.000117
-0.000967
-0.001281
-0.001211
-0.001346
-0.001803
-0.002100
-0.002164
-0.002321
-0.002551
-0.002688
-0.002815
-0.002833
-0.002312
-0.001251
-0.000309
0.000153
0.000616
0.001436
0.002051
0.001966
0.001615
0.001420
0.001064
0.000266
-0.000856
-0.001927
-0.002126
-0.001472
-0.001566
-0.002762
-0.003446
-0.003414
-0.003122
-0.000851
0.003489
0.006038
0.005684
0.006193
0.008355
0.008560
0.006632
0.005862
0.005408
0.002335
-0.000867
-0.000646
0.000066
-0.002331
-0.005280
-0.006100
-0.006718
-0.008161
-0.008586
-0.008077
-0.008223
-0.008157
-0.006377
-0.003653
-0.001213
0.000547
0.001381
0.001962
0.003359
0.004808
0.005218
0.005491
0.006161
0.006196
0.005985
0.006789
0.007332
0.005819
0.003559
0.002409
0.001564
-0.000083
-0.001792
-0.002985
-0.004074
-0.004822
-0.004686
-0.004323
-0.004598
-0.005084
-0.005009
-0.004475
-0.003889
-0.003397
-0.003033
-0.002518
-0.001447
-0.000017
0.001386
0.002802
0.003939
0.004244
0.004195
0.004449
0.004381
0.003637
0.003196
0.003139
0.002135
0.000003
-0.001621
-0.001333
0.000157
0.000771
0.000333
0.000699
0.001640
0.001193
-0.000023
-0.000647
-0.002031
-0.004410
-0.005046
-0.003703
-0.003119
-0.003364
-0.002588
-0.001490
-0.001355
-0.001130
-0.000175
0.000353
0.000456
0.001410
0.003016
0.004037
0.004306
0.004217
0.003639
0.002590
0.001549
0.000666
-0.000215
-0.000976
-0.001377
-0.001393
-0.001145
-0.000949
-0.001173
-0.001695
-0.002046
-0.002093
-0.001916
-0.001460
-0.000875
-0.000449
-0.000018
0.000665
0.001260
0.001403
0.001278
0.001062
0.000719
0.000465
0.000474
0.000392
0.000077
0.000091
0.000673
0.001212
0.001222
0.000530
-0.001495
-0.005122
-0.008967
-0.011233
-0.011271
-0.008722
-0.003450
0.002806
0.007864
0.012040
0.015938
0.017455
0.015143
0.011082
0.007086
0.002770
-0.000834
-0.001712
-0.001079
-0.001506
-0.002730
-0.003656
-0.005116
-0.007748
-0.010577
-0.012772
-0.013913
-0.013164
-0.010300
-0.006319
-0.002362
0.000789
0.002732
0.003859
0.004746
0.005148
0.004823
0.004563
0.005146
0.006267
0.007407
0.008466
0.008971
0.008196
0.006387
0.004349
0.002102
-0.000584
-0.003074
-0.004640
-0.005402
-0.005643
-0.005305
-0.004682
-0.004421
-0.004617
-0.004840
-0.004917
-0.004947
-0.004796
-0.004200
-0.003076
-0.001398
0.000771
0.003018
0.004778
0.005717
0.005821
0.005384
0.004766
0.003969
0.002914
0.002014
0.001767
0.001986
0.002155
0.001850
0.000396
-0.002237
-0.004089
-0.003776
-0.003228
-0.003744
-0.003038
-0.000593
0.000736
0.000961
0.002095
0.002344
0.000081
-0.001651
-0.001267
-0.001317
-0.002267
-0.002108
-0.001294
-0.001177
-0.000817
0.000340
0.000944
0.000756
0.001006
0.001763
0.002180
0.002184
0.002024
0.001681
0.001314
0.001026
0.000552
-0.000169
-0.000874
-0.001399
-0.001615
-0.001482
-0.001359
-0.001528
-0.001663
-0.001421
-0.000936
-0.000306
0.000457
0.000973
0.001004
0.000897
0.000853
0.000750
0.000726
0.000876
0.000954
0.001004
0.001186
0.001152
0.000709
0.000277
-0.000006
-0.000413
-0.000811
-0.001183
-0.002480
-0.005346
-0.008732
-0.011289
-0.012367
-0.010576
-0.005038
0.001612
0.006592
0.011341
0.016757
0.019329
0.017459
0.014178
0.010585
0.005418
0.000775
-0.000519
-0.000300
-0.001305
-0.002923
-0.004251
-0.006063
-0.008577
-0.011121
-0.013280
-0.014524
-0.014177
-0.012049
-0.008335
-0.003947
-0.000532
0.001385
0.002987
0.004762
0.005737
0.005719
0.005810
0.006385
0.006899
0.007570
0.008816
0.009520
0.008434
0.006390
0.004636
0.002639
-0.000169
-0.002802
-0.004543
-0.005814
-0.006585
-0.006348
-0.005458
-0.004769
-0.004539
-0.004511
-0.004416
-0.004203
-0.003970
-0.003505
-0.002381
-0.000711
0.001086
0.002978
0.004769
0.005719
0.005593
0.005007
0.004334
0.003438
0.002500
0.001892
0.001520
0.001182
0.000963
0.000797
0.000315
-0.000764
-0.002592
-0.004997
-0.006674
-0.006148
-0.004150
-0.002387
-0.000456
0.002364
0.004501
0.004868
0.004583
0.003802
0.001685
-0.000571
-0.001374
-0.001429
-0.001638
-0.001495
-0.000989
-0.000924
-0.001236
-0.001359
-0.001396
-0.001518
-0.001390
-0.000769
0.000242
0.001360
0.002137
0.002220
0.001714
0.000983
0.000330
-0.000030
-0.000143
-0.000295
-0.000491
-0.000390
0.000009
0.000183
-0.000119
-0.000505
-0.000527
-0.000134
0.000399
0.000711
0.000729
0.000744
0.000899
0.000885
0.000476
-0.000056
-0.000409
-0.000596
-0.000588
-0.000343
-0.000173
-0.000272
-0.000320
-0.000266
-0.000876
-0.003099
-0.006965
-0.010908
-0.012848
-0.011833
-0.007766
-0.001262
0.005516
0.010941
0.015860
0.020058
0.020654
0.017066
0.012089
0.007112
0.002211
-0.000868
-0.001377
-0.001709
-0.003425
-0.005378
-0.006928
-0.008854
-0.011310
-0.013664
-0.015175
-0.014927
-0.012555
-0.008733
-0.004352
-0.000250
0.002651
0.004237
0.005443
0.006652
0.007087
0.006549
0.006227
0.006894
0.007863
0.008518
0.008911
0.008464
0.006458
0.003663
0.001148
-0.001427
-0.004411
-0.006872
-0.008037
-0.008082
-0.007188
-0.005598
-0.004095
-0.003181
-0.002623
-0.002153
-0.001791
-0.001616
-0.001512
-0.000946
0.000549
0.002571
0.004349
0.005607
0.006204
0.005809
0.004566
0.003152
0.001848
0.000428
-0.000917
-0.001572
-0.001532
-0.001400
-0.001363
-0.001294
-0.001528
-0.002301
-0.003097
-0.003925
-0.005677
-0.007130
-0.005008
-0.000116
0.002893
0.004194
0.007201
0.009548
0.007990
0.005851
0.004933
0.001785
-0.002558
-0.003460
-0.002131
-0.002031
-0.002333
-0.002002
-0.002315
-0.003346
-0.004036
-0.004287
-0.004080
-0.003115
-0.001555
0.000533
0.002886
0.004201
0.003802
0.002869
0.002220
0.001262
0.000090
-0.000338
-0.000161
-0.000024
0.000385
0.001159
0.001347
0.000652
-0.000013
-0.000211
-0.000339
-0.000531
-0.000685
-0.000808
-0.000755
-0.000468
-0.000179
-0.000007
-0.000040
-0.000408
-0.000703
-0.000430
-0.000157
-0.000621
-0.001165
-0.000796
-0.000193
-0.001197
-0.004538
-0.008696
-0.011296
-0.011195
-0.008194
-0.002339
0.004609
0.010211
0.014784
0.019219
0.021047
0.018197
0.012828
0.007374
0.002303
-0.001278
-0.002600
-0.003210
-0.004517
-0.006302
-0.008236
-0.010123
-0.011740
-0.013422
-0.014935
-0.014709
-0.012011
-0.007968
-0.003664
0.000476
0.003733
0.005622
0.006770
0.007924
0.008689
0.008309
0.007341
0.007169
0.007852
0.008178
0.007617
0.006324
0.004186
0.001491
-0.000977
-0.003174
-0.005500
-0.007620
-0.008698
-0.008248
-0.006571
-0.004674
-0.003259
-0.002126
-0.001140
-0.000620
-0.000392
0.000061
0.000681
0.001313
0.002317
0.003759
0.004989
0.005426
0.004936
0.003637
0.001919
0.000341
-0.000831
-0.001791
-0.002676
-0.003187
-0.003067
-0.002535
-0.001949
-0.001590
-0.001723
-0.002215
-0.002543
-0.002648
-0.002664
-0.001812
0.000368
0.002706
0.004610
0.006759
0.008277
0.007713
0.006128
0.004644
0.002316
-0.000642
-0.002581
-0.003636
-0.004616
-0.005010
-0.004728
-0.004553
-0.004547
-0.004349
-0.003858
-0.002848
-0.001377
-0.000045
0.001066
0.002357
0.003516
0.003925
0.003725
0.003235
0.002405
0.001487
0.000977
0.000808
0.000639
0.000512
0.000482
0.000309
-0.000091
-0.000539
-0.000974
-0.001372
-0.001547
-0.001443
-0.001268
-0.001183
-0.001197
-0.001161
-0.000826
-0.000355
-0.000199
-0.000158
0.000269
0.000788
0.000923
0.000919
0.000986
0.000841
0.000289
-0.001206
-0.004654
-0.009250
-0.011976
-0.011334
-0.008170
-0.002624
0.004880
0.011481
0.015598
0.018592
0.019832
0.016834
0.010895
0.005537
0.001398
-0.001966
-0.003579
-0.003675
-0.004285
-0.006150
-0.008370
-0.010396
-0.012260
-0.013882
-0.014763
-0.013857
-0.010581
-0.005910
-0.001271
0.002862
0.006161
0.007862
0.008168
0.008355
0.008541
0.007632
0.006082
0.005758
0.006638
0.006920
0.006178
0.005033
0.003007
-0.000193
-0.003374
-0.005821
-0.007926
-0.009304
-0.008987
-0.007121
-0.004631
-0.002199
-0.000358
0.000642
0.001039
0.001105
0.001091
0.001360
0.001837
0.002216
0.002830
0.003943
0.004732
0.004371
0.003106
0.001390
-0.000711
-0.002800
-0.004111
-0.004486
-0.004361
-0.003824
-0.002710
-0.001421
-0.000628
-0.000455
-0.000708
-0.001334
-0.001874
-0.001335
0.000436
0.002324
0.003851
0.005771
0.007799
0.008212
0.006750
0.004941
0.003084
0.000365
-0.002431
-0.003879
-0.004439
-0.005138
-0.005584
-0.005278
-0.004829
-0.004743
-0.004660
-0.004060
-0.002835
-0.001253
0.000453
0.002253
0.003827
0.004622
0.004766
0.004785
0.004481
0.003412
0.002048
0.001125
0.000524
-0.000110
-0.000538
-0.000529
-0.000414
-0.000510
-0.000749
-0.001052
-0.001505
-0.002063
-0.002445
-0.002451
-0.002166
-0.001763
-0.001249
-0.000502
0.000343
0.000834
0.000875
0.000983
0.001384
0.001637
0.001488
0.001180
0.000859
0.000503
-0.000090
-0.001761
-0.005095
-0.008681
-0.010232
-0.009395
-0.006743
-0.001620
0.005369
0.011072
0.014312
0.016635
0.017263
0.013997
0.008430
0.003799
0.000285
-0.002866
-0.004826
-0.005520
-0.006318
-0.007706
-0.009099
-0.010156
-0.010802
-0.010989
-0.010485
-0.008494
-0.004829
-0.000921
0.002106
0.004847
0.007534
0.008902
0.008535
0.007663
0.006745
0.005149
0.003454
0.002859
0.002737
0.001808
0.000474
-0.000549
-0.001811
-0.003506
-0.004778
-0.005382
-0.005744
-0.005623
-0.004445
-0.002317
0.000093
0.002058
0.003272
0.004024
0.004380
0.003906
0.002809
0.001982
0.001582
0.001115
0.000655
0.000442
-0.000062
-0.001369
-0.002981
-0.004177
-0.004914
-0.005339
-0.005290
-0.004607
-0.003284
-0.001445
0.000458
0.001878
0.002685
0.002945
0.002714
0.002548
0.002974
0.003330
0.003113
0.003561
0.005197
0.005987
0.004698
0.002820
0.001377
-0.000371
-0.002569
-0.004332
-0.005268
-0.005608
-0.005490
-0.004837
-0.003771
-0.002908
-0.002646
-0.002321
-0.001243
0.000034
0.000870
0.001777
0.003124
0.004113
0.004164
0.003709
0.003028
0.001909
0.000626
-0.000149
-0.000378
-0.000572
-0.000770
-0.000517
0.000143
0.000513
0.000205
-0.000411
-0.000942
-0.001466
-0.001963
-0.001998
-0.001459
-0.000839
-0.000386
0.000190
0.000879
0.001166
0.000897
0.000536
0.000400
0.000391
0.000433
0.000475
0.000391
0.000331
0.000447
0.000242
-0.001115
-0.004052
-0.007951
-0.010816
-0.010918
-0.008617
-0.004584
0.001742
0.009234
0.014567
0.016847
0.017582
0.016164
0.011459
0.005753
0.001726
-0.001079
-0.003632
-0.005366
-0.006040
-0.006586
-0.007848
-0.009599
-0.010807
-0.010991
-0.010613
-0.009454
-0.006368
-0.001752
0.002246
0.004888
0.007272
0.009231
0.009186
0.007301
0.005407
0.003892
0.001991
0.000371
0.000097
0.000283
-0.000316
-0.001173
-0.001605
-0.002233
-0.003415
-0.004395
-0.004543
-0.003877
-0.002557
-0.000684
0.001621
0.003898
0.005294
0.005531
0.005194
0.004440
0.002892
0.001049
-0.000140
-0.000861
-0.001746
-0.002510
-0.002841
-0.003270
-0.004114
-0.004927
-0.005342
-0.005310
-0.004732
-0.003576
-0.001980
-0.000075
0.001856
0.003361
0.004187
0.004326
0.003987
0.003652
0.003484
0.003189
0.003034
0.003570
0.004229
0.003973
0.002866
0.001520
0.000024
-0.001625
-0.003127
-0.004227
-0.004836
-0.004938
-0.004630
-0.004004
-0.003172
-0.002454
-0.001988
-0.001415
-0.000545
0.000268
0.000823
0.001416
0.002198
0.002815
0.002934
0.002651
0.002216
0.001739
0.001240
0.000758
0.000314
-0.000071
-0.000289
-0.000183
0.000220
0.000577
0.000569
0.000237
-0.000230
-0.000687
-0.000990
-0.001103
-0.001154
-0.001217
-0.001110
-0.000653
-0.000100
0.000111
0.000018
0.000076
0.000396
0.000502
0.000107
-0.000372
-0.000546
-0.000636
-0.000859
-0.001380
-0.002993
-0.005931
-0.008462
-0.008885
-0.007437
-0.004437
0.000745
0.007278
0.012640
0.015744
0.017048
0.016082
0.012310
0.007220
0.002748
-0.000820
-0.003895
-0.006244
-0.007411
-0.007610
-0.007848
-0.008813
-0.009797
-0.009805
-0.009005
-0.007610
-0.004888
-0.000986
0.002457
0.004765
0.006737
0.008254
0.008140
0.006460
0.004469
0.002642
0.000712
-0.000965
-0.001693
-0.001650
-0.001617
-0.001786
-0.001820
-0.001776
-0.001999
-0.002403
-0.002465
-0.001762
-0.000359
0.001361
0.003204
0.004986
0.006098
0.006096
0.005243
0.003790
0.001710
-0.000563
-0.002345
-0.003541
-0.004313
-0.004575
-0.004480
-0.004433
-0.004398
-0.004154
-0.003862
-0.003572
-0.002932
-0.001843
-0.000502
0.001094
0.002838
0.004147
0.004581
0.004386
0.004067
0.003672
0.002941
0.002228
0.002266
0.002735
0.002666
0.002092
0.001437
0.000422
-0.000897
-0.001891
-0.002578
-0.003210
-0.003470
-0.003270
-0.002964
-0.002722
-0.002625
-0.002542
-0.002003
-0.001138
-0.000571
-0.000173
0.000466
0.001084
0.001441
0.001745
0.001994
0.001967
0.001713
0.001430
0.001193
0.000979
0.000735
0.000513
0.000530
0.000818
0.001106
0.001191
0.001052
0.000688
0.000165
-0.000394
-0.000922
-0.001324
-0.001505
-0.001538
-0.001493
-0.001314
-0.001082
-0.000972
-0.000900
-0.000718
-0.000533
-0.000431
-0.000367
-0.000383
-0.000448
-0.000371
-0.000179
-0.000275
-0.001199
-0.003094
-0.005079
-0.006001
-0.005860
-0.004785
-0.001565
0.004066
0.009624
0.013016
0.014639
0.014720
0.012347
0.007905
0.003241
-0.000558
-0.003587
-0.005927
-0.007236
-0.007358
-0.007009
-0.007266
-0.008053
-0.008264
-0.007601
-0.006624
-0.005051
-0.002174
0.001290
0.004006
0.005956
0.007529
0.007982
0.006689
0.004472
0.002307
0.000269
-0.001549
-0.002647
-0.002898
-0.002596
-0.002004
-0.001356
-0.000844
-0.000550
-0.000530
-0.000580
-0.000217
0.000632
0.001591
0.002640
0.003904
0.004909
0.005094
0.004477
0.003205
0.001269
-0.001002
-0.002962
-0.004287
-0.005039
-0.005274
-0.005045
-0.004569
-0.004022
-0.003418
-0.002781
-0.002103
-0.001262
-0.000258
0.000840
0.002066
0.003251
0.003943
0.004047
0.003914
0.003602
0.002860
0.001967
0.001539
0.001462
0.001210
0.000967
0.001051
0.000994
0.000417
-0.000427
-0.001343
-0.002147
-0.002590
-0.002853
-0.003005
-0.002648
-0.001987
-0.001612
-0.001268
-0.000668
-0.000317
-0.000316
-0.000190
-0.000001
0.000018
0.000113
0.000463
0.000932
0.001364
0.001599
0.001614
0.001602
0.001552
0.001293
0.000961
0.000788
0.000745
0.000752
0.000815
0.000848
0.000741
0.000495
0.000084
-0.000533
-0.001225
-0.001829
-0.002293
-0.002562
-0.002516
-0.002080
-0.001385
-0.000651
0.000080
0.000723
0.000914
0.000542
0.000039
-0.000213
-0.000255
-0.000214
-0.000033
0.000241
-0.000067
-0.001652
-0.003804
-0.005104
-0.005465
-0.005228
-0.003147
0.001671
0.007203
0.010884
0.012679
0.013380
0.012192
0.008351
0.003341
-0.000609
-0.003222
-0.005497
-0.007258
-0.007520
-0.006773
-0.006554
-0.006944
-0.006753
-0.005852
-0.005033
-0.003952
-0.001550
0.001694
0.004201
0.005612
0.006614
0.007045
0.006103
0.003965
0.001664
-0.000300
-0.002059
-0.003380
-0.003670
-0.002990
-0.002134
-0.001489
-0.000799
-0.000137
0.000050
-0.000127
-0.000005
0.000743
0.001820
0.002833
0.003710
0.004418
0.004627
0.004068
0.002908
0.001424
-0.000314
-0.002134
-0.003658
-0.004679
-0.005197
-0.005174
-0.004689
-0.003960
-0.003073
-0.002106
-0.001253
-0.000506
0.000279
0.001045
0.001708
0.002253
0.002571
0.002671
0.002686
0.002494
0.002008
0.001651
0.001708
0.001744
0.001460
0.001229
0.001148
0.000732
-0.000112
-0.000887
-0.001303
-0.001544
-0.001814
-0.002041
-0.001977
-0.001584
-0.001196
-0.000977
-0.000665
-0.000249
-0.000079
-0.000088
0.000118
0.000479
0.000576
0.000331
0.000083
0.000063
0.000144
0.000168
0.000218
0.000367
0.000517
0.000674
0.000918
0.001070
0.000898
0.000577
0.000451
0.000530
0.000558
0.000361
-0.000013
-0.000368
-0.000622
-0.000878
-0.001131
-0.001250
-0.001193
-0.001002
-0.000730
-0.000447
-0.000192
0.000037
0.000248
0.000414
0.000372
0.000041
-0.000271
-0.000259
-0.000101
-0.000033
-0.000166
-0.001060
-0.003052
-0.005118
-0.006174
-0.006333
-0.005226
-0.001500
0.004319
0.009423
0.012264
0.013431
0.012991
0.010223
0.005690
0.001172
-0.002185
-0.004464
-0.006017
-0.006660
-0.006256
-0.005690
-0.005898
-0.006263
-0.005767
-0.004867
-0.004201
-0.002878
-0.000199
0.002688
0.004595
0.005795
0.006516
0.006035
0.004158
0.001844
-0.000149
-0.001868
-0.003240
-0.003746
-0.003183
-0.002065
-0.001089
-0.000476
-0.000045
0.000228
0.000190
0.000075
0.000441
0.001401
0.002534
0.003597
0.004552
0.005022
0.004546
0.003223
0.001496
-0.000371
-0.002199
-0.003703
-0.004600
-0.004789
-0.004461
-0.003954
-0.003422
-0.002838
-0.002307
-0.001975
-0.001655
-0.000992
0.000013
0.000994
0.001703
0.002317
0.003020
0.003402
0.002995
0.002265
0.001916
0.001634
0.000935
0.000332
0.000427
0.000936
0.001253
0.001143
0.000828
0.000565
0.000136
-0.000648
-0.001335
-0.001594
-0.001725
-0.001833
-0.001700
-0.001397
-0.001140
-0.000949
-0.000775
-0.000573
-0.000419
-0.000496
-0.000661
-0.000538
-0.000163
0.000191
0.000577
0.001055
0.001349
0.001297
0.001091
0.000901
0.000686
0.000394
0.000196
0.000365
0.000862
0.001273
0.001274
0.000881
0.000253
-0.000409
-0.000921
-0.001268
-0.001509
-0.001586
-0.001420
-0.001033
-0.000502
0.000010
0.000306
0.000381
0.000354
0.000196
-0.000147
-0.000538
-0.000791
-0.000823
-0.000647
-0.000379
-0.000256
-0.000763
-0.002197
-0.003780
-0.004476
-0.004577
-0.004392
-0.002475
0.002031
0.007022
0.010091
0.011397
0.011880
0.010848
0.007318
0.002469
-0.001321
-0.003430
-0.004974
-0.006213
-0.006315
-0.005511
-0.005140
-0.005430
-0.005229
-0.004265
-0.003593
-0.003161
-0.001472
0.001474
0.003785
0.004702
0.005133
0.005274
0.004345
0.002364
0.000247
-0.001427
-0.002624
-0.003238
-0.003011
-0.002071
-0.001101
-0.000573
-0.000167
0.000436
0.000809
0.000671
0.000670
0.001398
0.002396
0.002983
0.003279
0.003610
0.003622
0.002829
0.001429
-0.000036
-0.001356
-0.002627
-0.003771
-0.004351
-0.004155
-0.003680
-0.003394
-0.003064
-0.002426
-0.001732
-0.001170
-0.000575
0.000141
0.000834
0.001322
0.001639
0.002048
0.002448
0.002356
0.001958
0.001925
0.002079
0.001774
0.001160
0.000921
0.001262
0.001644
0.001440
0.000873
0.000559
0.000224
-0.000639
-0.001547
-0.001938
-0.002053
-0.002164
-0.002165
-0.001940
-0.001590
-0.001351
-0.001192
-0.000822
-0.000373
-0.000205
-0.000101
0.000292
0.000737
0.000886
0.000812
0.000790
0.000935
0.001057
0.000915
0.000613
0.000418
0.000306
0.000170
0.000158
0.000351
0.000552
0.000656
0.000740
0.000709
0.000321
-0.000370
-0.000910
-0.000999
-0.000854
-0.000700
-0.000408
0.000035
0.000317
0.000262
-0.000016
-0.000351
-0.000638
-0.000817
-0.000870
-0.000791
-0.000606
-0.000409
-0.000285
-0.000204
-0.000123
-0.000131
-0.000533
-0.001693
-0.003254
-0.004042
-0.003754
-0.003420
-0.002791
0.000098
0.005053
0.008890
0.009997
0.009927
0.009586
0.007716
0.003904
0.000019
-0.002255
-0.003342
-0.004397
-0.005254
-0.005171
-0.004815
-0.005265
-0.005733
-0.004937
-0.003626
-0.002970
-0.002080
0.000192
0.002822
0.004146
0.004170
0.003861
0.003396
0.002316
0.000747
-0.000521
-0.001087
-0.001334
-0.001543
-0.001364
-0.000720
-0.000285
-0.000360
-0.000340
0.000145
0.000614
0.000721
0.000907
0.001596
0.002439
0.002832
0.002732
0.002446
0.001968
0.001114
-0.000036
-0.001181
-0.002144
-0.002914
-0.003338
-0.003172
-0.002592
-0.002158
-0.002053
-0.001959
-0.001718
-0.001450
-0.001132
-0.000605
0.000148
0.000826
0.001074
0.001184
0.001763
0.002384
0.002257
0.001943
0.002198
0.002348
0.001809
0.001239
0.001110
0.001132
0.001069
0.000829
0.000381
-0.000098
-0.000596
-0.001252
-0.001831
-0.002100
-0.002319
-0.002559
-0.002409
-0.001850
-0.001338
-0.000909
-0.000267
0.000456
0.000881
0.000968
0.000933
0.000916
0.000910
0.000840
0.000690
0.000474
0.000194
-0.000103
-0.000303
-0.000329
-0.000224
-0.000046
0.000262
0.000650
0.000825
0.000670
0.000481
0.000489
0.000481
0.000208
-0.000183
-0.000415
-0.000460
-0.000408
-0.000263
-0.000029
0.000196
0.000264
0.000121
-0.000125
-0.000410
-0.000776
-0.001128
-0.001237
-0.001090
-0.000934
-0.000883
-0.000860
-0.000792
-0.000545
-0.000093
0.000095
-0.000502
-0.001633
-0.002395
-0.002211
-0.001504
-0.001040
-0.000451
0.001480
0.004527
0.006736
0.007285
0.007397
0.007528
0.006272
0.003140
-0.000167
-0.002203
-0.003285
-0.004130
-0.004784
-0.005041
-0.005059
-0.005151
-0.005031
-0.004175
-0.003021
-0.002294
-0.001408
0.000537
0.002837
0.004125
0.004363
0.004319
0.004012
0.002994
0.001432
-0.000096
-0.001281
-0.002062
-0.002349
-0.002094
-0.001531
-0.001048
-0.000780
-0.000516
-0.000093
0.000288
0.000413
0.000572
0.001144
0.001904
0.002357
0.002463
0.002443
0.002210
0.001550
0.000626
-0.000229
-0.000992
-0.001768
-0.002363
-0.002539
-0.002503
-0.002569
-0.002612
-0.002330
-0.001784
-0.001342
-0.001181
-0.001053
-0.000598
0.000157
0.000890
0.001509
0.002106
0.002515
0.002617
0.002710
0.002877
0.002683
0.002141
0.001821
0.001608
0.000877
-0.000295
-0.001348
-0.001905
-0.001892
-0.001756
-0.001968
-0.002154
-0.001845
-0.001362
-0.001002
-0.000613
-0.000234
0.000083
0.000545
0.001093
0.001335
0.001121
0.000712
0.000392
0.000097
-0.000419
-0.001056
-0.001358
-0.001088
-0.000464
0.000179
0.000698
0.001121
0.001423
0.001418
0.001042
0.000553
0.000202
-0.000001
-0.000070
0.000023
0.000162
0.000128
-0.000121
-0.000370
-0.000455
-0.000484
-0.000545
-0.000485
-0.000264
-0.000122
-0.000166
-0.000272
-0.000447
-0.000806
-0.001186
-0.001255
-0.000998
-0.000719
-0.000518
-0.000185
0.000335
0.000726
0.000706
0.000251
-0.000595
-0.001558
-0.002081
-0.001986
-0.001395
-0.000145
0.001644
0.003313
0.004574
0.005391
0.005475
0.005018
0.004400
0.003125
0.000959
-0.001131
-0.002542
-0.003569
-0.004251
-0.004561
-0.004733
-0.004571
-0.003891
-0.003105
-0.002324
-0.001271
-0.000053
0.001194
0.002558
0.003736
0.004180
0.003868
0.003209
0.002333
0.001021
-0.000571
-0.001742
-0.002143
-0.002156
-0.002126
-0.001945
-0.001513
-0.001010
-0.000618
-0.000283
0.000134
0.000569
0.000851
0.001089
0.001521
0.002056
0.002414
0.002472
0.002267
0.001857
0.001221
0.000363
-0.000577
-0.001480
-0.002243
-0.002656
-0.002700
-0.002619
-0.002509
-0.002288
-0.001966
-0.001647
-0.001377
-0.000938
-0.000046
0.001010
0.001709
0.002243
0.002886
0.003138
0.002663
0.001930
0.001357
0.000887
0.000305
-0.000415
-0.000861
-0.000716
-0.000436
-0.000461
-0.000524
-0.000479
-0.000532
-0.000498
-0.000147
0.000217
0.000335
0.000348
0.000380
0.000353
0.000112
-0.000354
-0.000752
-0.000892
-0.001016
-0.001261
-0.001354
-0.001118
-0.000668
-0.000152
0.000290
0.000554
0.000651
0.000657
0.000727
0.000920
0.000976
0.000737
0.000533
0.000618
0.000751
0.000676
0.000448
0.000210
0.000047
-0.000066
-0.000261
-0.000512
-0.000612
-0.000550
-0.000535
-0.000597
-0.000551
-0.000340
-0.000149
-0.000179
-0.000392
-0.000606
-0.000739
-0.000764
-0.000623
-0.000383
-0.000167
0.000071
0.000318
0.000363
0.000221
0.000106
-0.000185
-0.000933
-0.001613
-0.001495
-0.000803
-0.000066
0.000945
0.002385
0.003440
0.003382
0.002613
0.001982
0.001697
0.001326
0.000685
0.000191
0.000019
-0.000361
-0.001219
-0.001975
-0.002221
-0.002402
-0.002817
-0.002912
-0.002213
-0.001107
-0.000149
0.000665
0.001468
0.002031
0.002064
0.001636
0.001129
0.000777
0.000388
-0.000158
-0.000548
-0.000628
-0.000709
-0.000932
-0.001091
-0.001147
-0.001228
-0.001259
-0.001013
-0.000412
0.000298
0.000842
0.001275
0.001719
0.002025
0.002048
0.001827
0.001449
0.000992
0.000471
-0.000138
-0.000732
-0.001195
-0.001525
-0.001700
-0.001667
-0.001478
-0.001209
-0.000910
-0.000690
-0.000690
-0.000850
-0.000767
-0.000200
0.000428
0.000758
0.001118
0.001643
0.001812
0.001377
0.000687
0.000149
-0.000010
0.000081
0.000068
0.000009
0.000155
0.000356
0.000395
0.000307
0.000135
-0.000077
-0.000196
-0.000140
0.000009
0.000007
-0.000240
-0.000443
-0.000460
-0.000585
-0.000883
-0.000996
-0.000788
-0.000505
-0.000332
-0.000193
0.000068
0.000436
0.000646
0.000540
0.000367
0.000350
0.000304
0.000136
0.000097
0.000277
0.000500
0.000643
0.000632
0.000407
0.000049
-0.000272
-0.000438
-0.000405
-0.000220
-0.000078
-0.000135
-0.000219
-0.000111
0.000051
0.000051
-0.000048
-0.000143
-0.000248
-0.000338
-0.000372
-0.000389
-0.000433
-0.000477
-0.000496
-0.000501
-0.000454
-0.000227
0.000176
0.000550
0.000789
0.000941
0.000978
0.000805
0.000323
-0.000512
-0.001327
-0.001525
-0.001217
-0.001002
-0.000790
-0.000120
0.000784
0.001326
0.001319
0.001097
0.001138
0.001323
0.001129
0.000786
0.000816
0.000812
0.000391
0.000073
-0.000025
-0.000446
-0.001075
-0.001332
-0.001151
-0.000860
-0.000723
-0.000654
-0.000283
0.000383
0.000813
0.000737
0.000423
0.000172
-0.000007
-0.000243
-0.000532
-0.000738
-0.000802
-0.000740
-0.000585
-0.000470
-0.000502
-0.000551
-0.000368
0.000066
0.000491
0.000700
0.000788
0.000934
0.001028
0.000857
0.000511
0.000213
0.000038
-0.000020
-0.000000
-0.000014
-0.000093
-0.000097
0.000033
0.000121
0.000097
0.000069
-0.000015
-0.000231
-0.000435
-0.000555
-0.000633
-0.000603
-0.000537
-0.000585
-0.000585
-0.000434
-0.000272
-0.000021
0.000300
0.000330
0.000125
0.000104
0.000279
0.000469
0.000676
0.000849
0.000882
0.000735
0.000384
-0.000060
-0.000347
-0.000400
-0.000352
-0.000266
-0.000096
0.000137
0.000318
0.000332
0.000172
-0.000046
-0.000228
-0.000374
-0.000476
-0.000502
-0.000484
-0.000429
-0.000242
0.000072
0.000334
0.000461
0.000471
0.000317
0.000060
-0.000079
-0.000072
-0.000079
-0.000112
-0.000091
-0.000044
0.000023
0.000156
0.000290
0.000330
0.000290
0.000154
-0.000100
-0.000325
-0.000407
-0.000400
-0.000305
-0.000091
0.000127
0.000235
0.000243
0.000137
-0.000045
-0.000102
0.000030
0.000190
0.000325
0.000383
0.000165
-0.000272
-0.000599
-0.000710
-0.000649
-0.000436
-0.000349
-0.000666
-0.001175
-0.001503
-0.001478
-0.001028
-0.000212
0.000793
0.001765
0.002360
0.002375
0.001957
0.001354
0.000820
0.000532
0.000378
0.000178
-0.000083
-0.000337
-0.000412
-0.000235
-0.000142
-0.000410
-0.000780
-0.000926
-0.000877
-0.000765
-0.000546
-0.000075
0.000561
0.000962
0.000895
0.000497
-0.000035
-0.000519
-0.000773
-0.000801
-0.000685
-0.000447
-0.000197
-0.000010
0.000168
0.000282
0.000230
0.000048
-0.000196
-0.000340
-0.000221
-0.000021
0.000045
0.000183
0.000558
0.000875
0.000874
0.000700
0.000535
0.000328
0.000046
-0.000152
-0.000144
-0.000033
-0.000032
-0.000253
-0.000613
-0.000903
-0.000993
-0.000905
-0.000712
-0.000450
-0.000175
0.000028
0.000142
0.000249
0.000376
0.000405
0.000292
0.000166
0.000066
-0.000109
-0.000329
-0.000429
-0.000317
-0.000045
0.000204
0.000261
0.000223
0.000338
0.000652
0.000965
0.001109
0.001112
0.001059
0.000917
0.000564
-0.000007
-0.000579
-0.000905
-0.000952
-0.000894
-0.000908
-0.000942
-0.000780
-0.000419
-0.000116
-0.000012
-0.000013
0.000000
0.000001
-0.000123
-0.000325
-0.000397
-0.000243
0.000074
0.000426
0.000639
0.000658
0.000609
0.000525
0.000340
0.000171
0.000149
0.000163
0.000102
0.000046
0.000048
-0.000017
-0.000213
-0.000348
-0.000223
0.000029
0.000138
0.000098
0.000091
0.000146
0.000113
-0.000083
-0.000312
-0.000420
-0.000451
-0.000514
-0.000575
-0.000578
-0.000558
-0.000578
-0.000666
-0.000722
-0.000573
-0.000261
0.000036
0.000307
0.000595
0.000807
0.000875
0.000860
0.000852
0.000857
0.000850
0.000852
0.000828
0.000727
0.000630
0.000512
0.000151
-0.000354
-0.000643
-0.000732
-0.000860
-0.000969
-0.000901
-0.000678
-0.000389
-0.000161
-0.000079
0.000005
0.000259
0.000529
0.000512
0.000233
0.000048
0.000141
0.000329
0.000387
0.000265
0.000010
-0.000306
-0.000603
-0.000837
-0.000958
-0.000908
-0.000687
-0.000331
0.000080
0.000407
0.000525
0.000448
0.000337
0.000344
0.000485
0.000641
0.000654
0.000502
0.000348
0.000260
0.000097
-0.000177
-0.000357
-0.000318
-0.000220
-0.000243
-0.000328
-0.000324
-0.000219
-0.000097
-0.000003
0.000033
-0.000022
-0.000176
-0.000398
-0.000606
-0.000693
-0.000643
-0.000501
-0.000258
0.000021
0.000181
0.000247
0.000390
0.000630
0.000833
0.000945
0.001025
0.001087
0.001047
0.000835
0.000493
0.000097
-0.000311
-0.000707
-0.001047
-0.001230
-0.001183
-0.000908
-0.000475
-0.000036
0.000252
0.000346
0.000300
0.000188
0.000027
-0.000169
-0.000251
-0.000087
0.000171
0.000298
0.000343
0.000426
0.000422
0.000156
-0.000246
-0.000496
-0.000524
-0.000452
-0.000315
-0.000100
0.000094
0.000161
0.000079
-0.000102
-0.000222
-0.000100
0.000238
0.000579
0.000749
0.000735
0.000616
0.000452
0.000253
0.000021
-0.000247
-0.000525
-0.000713
-0.000776
-0.000831
-0.000897
-0.000801
-0.000498
-0.000177
0.000068
0.000340
0.000640
0.000780
0.000612
0.000152
-0.000380
-0.000594
-0.000314
0.000138
0.000432
0.000637
0.000839
0.000875
0.000646
0.000305
0.000063
-0.000036
-0.000113
-0.000282
-0.000489
-0.000579
-0.000480
-0.000242
-0.000046
-0.000087
-0.000240
-0.000184
0.000103
0.000376
0.000552
0.000665
0.000659
0.000518
0.000342
0.000164
-0.000099
-0.000450
-0.000743
-0.000898
-0.001023
-0.001170
-0.001163
-0.000831
-0.000299
0.000144
0.000367
0.000476
0.000586
0.000673
0.000694
0.000688
0.000727
0.000804
0.000773
0.000488
0.000049
-0.000239
-0.000230
-0.000079
0.000041
0.000078
-0.000049
-0.000366
-0.000692
-0.000867
-0.000926
-0.000839
-0.000494
-0.000046
0.000184
0.000135
-0.000023
-0.000148
-0.000139
0.000044
0.000270
0.000358
0.000314
0.000331
0.000484
0.000599
0.000558
0.000510
0.000561
0.000552
0.000356
0.000054
-0.000272
-0.000599
-0.000809
-0.000813
-0.000708
-0.000596
-0.000485
-0.000378
-0.000221
0.000066
0.000374
0.000518
0.000518
0.000460
0.000322
0.000142
0.000068
0.000141
0.000243
0.000260
0.000205
0.000124
-0.000024
-0.000285
-0.000526
-0.000557
-0.000434
-0.000362
-0.000319
-0.000150
0.000095
0.000222
0.000176
0.000087
0.000102
0.000240
0.000370
0.000339
0.000152
0.000012
0.000068
0.000181
0.000114
-0.000157
-0.000483
-0.000681
-0.000662
-0.000548
-0.000489
-0.000382
-0.000076
0.000325
0.000629
0.000747
0.000629
0.000373
0.000266
0.000355
0.000381
0.000285
0.000268
0.000372
0.000351
0.000002
-0.000540
-0.000968
-0.001087
-0.000969
-0.000867
-0.000798
-0.000528
-0.000049
0.000409
0.000708
0.000816
0.000786
0.000673
0.000408
0.000082
0.000027
0.000280
0.000571
0.000775
0.000849
0.000665
0.000216
-0.000325
-0.000753
-0.000963
-0.000990
-0.000890
-0.000632
-0.000248
0.000082
0.000198
0.000075
-0.000183
-0.000441
-0.000610
-0.000600
-0.000345
0.000062
0.000460
0.000808
0.001073
0.001108
0.000879
0.000563
0.000271
-0.000010
-0.000231
-0.000363
-0.000474
-0.000578
-0.000651
-0.000696
-0.000680
-0.000573
-0.000394
-0.000163
0.000086
0.000253
0.000316
0.000410
0.000606
0.000757
0.000710
0.000492
0.000245
0.000026
-0.000183
-0.000314
-0.000291
-0.000197
-0.000151
-0.000132
-0.000072
-0.000039
-0.000169
-0.000421
-0.000561
-0.000501
-0.000405
-0.000317
-0.000081
0.000266
0.000466
0.000446
0.000395
0.000417
0.000407
0.000302
0.000198
0.000166
0.000170
0.000197
0.000275
0.000344
0.000274
0.000027
-0.000229
-0.000310
-0.000301
-0.000403
-0.000526
-0.000421
-0.000119
0.000115
0.000133
-0.000026
-0.000205
-0.000240
-0.000185
-0.000224
-0.000302
-0.000210
0.000040
0.000271
0.000342
0.000197
-0.000038
-0.000158
-0.000153
-0.000152
-0.000169
-0.000157
-0.000114
0.000009
0.000239
0.000457
0.000548
0.000576
0.000637
0.000656
0.000489
0.000141
-0.000199
-0.000335
-0.000289
-0.000267
-0.000388
-0.000543
-0.000541
-0.000365
-0.000219
-0.000207
-0.000184
-0.000042
0.000159
0.000270
0.000134
-0.000160
-0.000263
-0.000090
0.000051
-0.000025
-0.000151
-0.000088
0.000195
0.000491
0.000617
0.000684
0.000843
0.000981
0.000926
0.000648
0.000180
-0.000379
-0.000823
-0.001017
-0.001043
-0.001027
-0.000966
-0.000770
-0.000430
-0.000133
-0.000028
-0.000005
0.000092
0.000256
0.000382
0.000409
0.000449
0.000663
0.000897
0.000828
0.000475
0.000130
-0.000110
-0.000315
-0.000462
-0.000529
-0.000545
-0.000438
-0.000148
0.000158
0.000257
0.000133
-0.000083
-0.000279
-0.000374
-0.000349
-0.000246
-0.000064
0.000223
0.000509
0.000613
0.000457
0.000164
-0.000009
0.000034
0.000083
-0.000021
-0.000170
-0.000219
-0.000165
-0.000095
-0.000132
-0.000275
-0.000336
-0.000260
-0.000255
-0.000386
-0.000428
-0.000215
0.000151
0.000458
0.000618
0.000714
0.000772
0.000691
0.000497
0.000338
0.000173
-0.000106
-0.000342
-0.000334
-0.000198
-0.000193
-0.000345
-0.000446
-0.000389
-0.000281
-0.000202
-0.000126
-0.000097
-0.000152
-0.000152
0.000017
0.000228
0.000298
0.000226
0.000146
0.000142
0.000130
0.000001
-0.000149
-0.000110
0.000108
0.000251
0.000176
0.000005
-0.000097
-0.000100
-0.000057
-0.000028
0.000003
0.000068
0.000116
0.000107
0.000058
-0.000030
-0.000109
-0.000126
-0.000108
-0.000119
-0.000196
-0.000267
-0.000152
0.000129
0.000259
0.000106
-0.000091
-0.000136
-0.000097
-0.000102
-0.000174
-0.000202
-0.000066
0.000138
0.000198
0.000129
0.000142
0.000255
0.000299
0.000238
0.000156
0.000074
0.000029
0.000108
0.000245
0.000277
0.000218
0.000188
0.000180
0.000115
-0.000019
-0.000179
-0.000340
-0.000497
-0.000614
-0.000663
-0.000691
-0.000691
-0.000561
-0.000334
-0.000159
-0.000033
0.000174
0.000478
0.000750
0.000849
0.000723
0.000489
0.000342
0.000322
0.000322
0.000280
0.000188
0.000035
-0.000150
-0.000326
-0.000474
-0.000576
-0.000621
-0.000545
-0.000301
-0.000077
-0.000120
-0.000325
-0.000367
-0.000152
0.000154
0.000393
0.000550
0.000707
0.000822
0.000705
0.000357
0.000015
-0.000217
-0.000361
-0.000387
-0.000341
-0.000286
-0.000169
-0.000040
-0.000046
-0.000139
-0.000211
-0.000284
-0.000334
-0.000276
-0.000077
0.000205
0.000389
0.000379
0.000334
0.000332
0.000192
-0.000107
-0.000282
-0.000166
0.000058
0.000150
0.000126
0.000180
0.000384
0.000569
0.000512
0.000175
-0.000264
-0.000531
-0.000522
-0.000433
-0.000491
-0.000614
-0.000540
-0.000243
0.000030
0.000157
0.000230
0.000285
0.000296
0.000289
0.000254
0.000151
0.000043
0.000018
0.000042
0.000001
-0.000133
-0.000231
-0.000136
0.000102
0.000241
0.000167
0.000034
0.000007
0.000032
-0.000029
-0.000184
-0.000310
-0.000332
-0.000297
-0.000242
-0.000135
0.000013
0.000174
0.000393
0.000669
0.000839
0.000759
0.000498
0.000239
0.000030
-0.000227
-0.000523
-0.000654
-0.000489
-0.000243
-0.000204
-0.000336
-0.000451
-0.000466
-0.000353
-0.000155
0.000018
0.000171
0.000381
0.000602
0.000716
0.000623
0.000304
-0.000032
-0.000123
-0.000078
-0.000227
-0.000505
-0.000497
-0.000200
-0.000067
-0.000246
-0.000396
-0.000265
0.000017
0.000231
0.000339
0.000397
0.000406
0.000370
0.000370
0.000423
0.000376
0.000144
-0.000086
-0.000107
-0.000007
-0.000037
-0.000195
-0.000226
-0.000099
-0.000094
-0.000327
-0.000591
-0.000690
-0.000583
-0.000340
-0.000093
0.000072
0.000224
0.000453
0.000639
0.000606
0.000446
0.000346
0.000282
0.000178
0.000091
0.000065
0.000032
-0.000053
-0.000159
-0.000239
-0.000297
-0.000379
-0.000483
-0.000533
-0.000467
-0.000290
-0.000062
0.000104
0.000162
0.000227
0.000345
0.000347
0.000146
-0.000077
-0.000135
-0.000083
-0.000107
-0.000236
-0.000292
-0.000145
0.000140
0.000413
0.000582
0.000649
0.000629
0.000516
0.000372
0.000274
0.000179
-0.000003
-0.000259
-0.000504
-0.000712
-0.000917
-0.001061
-0.000960
-0.000573
-0.000139
0.000138
0.000325
0.000532
0.000719
0.000787
0.000698
0.000512
0.000311
0.000100
-0.000114
-0.000281
-0.000395
-0.000441
-0.000349
-0.000160
-0.000037
-0.000040
-0.000058
-0.000017
0.000019
-0.000028
-0.000093
-0.000039
0.000142
0.000322
0.000369
0.000237
-0.000016
-0.000256
-0.000364
-0.000284
-0.000055
0.000181
0.000293
0.000314
0.000349
0.000355
0.000191
-0.000109
-0.000330
-0.000379
-0.000368
-0.000397
-0.000452
-0.000459
-0.000345
-0.000143
0.000023
0.000128
0.000265
0.000454
0.000596
0.000627
0.000529
0.000309
0.000113
0.000065
0.000015
-0.000208
-0.000488
-0.000659
-0.000707
-0.000676
-0.000586
-0.000378
-0.000004
0.000386
0.000634
0.000807
0.000931
0.000862
0.000613
0.000358
0.000140
-0.000106
-0.000326
-0.000381
-0.000292
-0.000263
-0.000389
-0.000534
-0.000588
-0.000595
-0.000564
-0.000428
-0.000181
0.000102
0.000307
0.000367
0.000365
0.000429
0.000553
0.000629
0.000566
0.000382
0.000211
0.000125
0.000006
-0.000185
-0.000249
-0.000124
-0.000068
-0.000270
-0.000592
-0.000793
-0.000824
-0.000781
-0.000625
-0.000245
0.000236
0.000539
0.000582
0.000551
0.000579
0.000578
0.000425
0.000179
0.000005
-0.000087
-0.000186
-0.000219
-0.000078
0.000118
0.000201
0.000200
0.000201
0.000178
0.000111
0.000056
0.000063
0.000115
0.000131
0.000008
-0.000253
-0.000532
-0.000727
-0.000820
-0.000780
-0.000591
-0.000340
-0.000123
0.000037
0.000156
0.000287
0.000442
0.000572
0.000728
0.000928
0.000934
0.000587
0.000100
-0.000266
-0.000426
-0.000408
-0.000332
-0.000265
-0.000153
-0.000018
0.000028
-0.000028
-0.000099
-0.000140
-0.000161
-0.000188
-0.000197
-0.000132
-0.000035
0.000038
0.000160
0.000340
0.000438
0.000410
0.000321
0.000153
-0.000101
-0.000306
-0.000356
-0.000335
-0.000367
-0.000413
-0.000369
-0.000269
-0.000189
-0.000069
0.000151
0.000347
0.000364
0.000249
0.000146
0.000078
0.000057
0.000152
0.000299
0.000306
0.000146
0.000008
-0.000010
-0.000032
-0.000134
-0.000220
-0.000218
-0.000184
-0.000159
-0.000085
0.000041
0.000123
0.000133
0.000127
0.000147
0.000168
0.000141
0.000089
0.000060
0.000022
-0.000057
-0.000115
-0.000097
-0.000054
-0.000083
-0.000207
-0.000364
-0.000463
-0.000465
-0.000395
-0.000295
-0.000137
0.000128
0.000409
0.000556
0.000571
0.000554
0.000542
0.000495
0.000362
0.000187
0.000084
0.000048
-0.000021
-0.000160
-0.000369
-0.000604
-0.000734
-0.000704
-0.000622
-0.000537
-0.000375
-0.000159
-0.000022
0.000048
0.000189
0.000433
0.000693
0.000879
0.000899
0.000669
0.000254
-0.000100
-0.000218
-0.000211
-0.000252
-0.000269
-0.000111
0.000082
0.000008
-0.000300
-0.000479
-0.000372
-0.000192
-0.000082
0.000062
0.000275
0.000415
0.000391
0.000266
0.000140
0.000062
-0.000016
-0.000145
-0.000260
-0.000300
-0.000302
-0.000289
-0.000186
0.000036
0.000236
0.000263
0.000141
-0.000015
-0.000086
-0.000021
0.000091
0.000134
0.000140
0.000163
0.000149
0.000046
-0.000131
-0.000333
-0.000475
-0.000501
-0.000411
-0.000229
0.000004
0.000216
0.000341
0.000373
0.000355
0.000322
0.000261
0.000124
-0.000058
-0.000137
-0.000034
0.000164
0.000310
0.000301
0.000133
-0.000069
-0.000170
-0.000198
-0.000266
-0.000340
-0.000285
-0.000110
0.000029
0.000048
-0.000015
-0.000084
-0.000096
-0.000070
-0.000084
-0.000126
-0.000105
-0.000011
0.000118
0.000246
0.000322
0.000345
0.000312
0.000123
-0.000235
-0.000529
-0.000522
-0.000277
-0.000030
0.000133
0.000254
0.000312
0.000299
0.000250
0.000147
0.000019
-0.000025
0.000008
0.000005
-0.000038
-0.000054
-0.000053
-0.000050
-0.000026
-0.000048
-0.000194
-0.000370
-0.000411
-0.000311
-0.000162
-0.000004
0.000186
0.000426
0.000614
0.000564
0.000323
0.000144
0.000079
-0.000002
-0.000098
-0.000145
-0.000179
-0.000226
-0.000225
-0.000177
-0.000142
-0.000094
-0.000012
0.000002
-0.000078
-0.000108
-0.000057
-0.000080
-0.000191
-0.000221
-0.000113
0.000044
0.000177
0.000248
0.000236
0.000183
0.000176
0.000199
0.000150
0.000031
-0.000072
-0.000136
-0.000157
-0.000109
0.000011
0.000137
0.000162
0.000068
-0.000024
-0.000045
-0.000097
-0.000228
-0.000267
-0.000106
0.000114
0.000251
0.000302
0.000262
0.000121
-0.000066
-0.000211
-0.000253
-0.000232
-0.000228
-0.000176
0.000007
0.000184
0.000192
0.000131
0.000183
0.000290
0.000257
0.000051
-0.000209
-0.000432
-0.000530
-0.000432
-0.000220
-0.000046
0.000069
0.000198
0.000315
0.000300
0.000148
0.000041
0.000093
0.000183
0.000200
0.000206
0.000225
0.000197
0.000144
0.000088
-0.000004
-0.000113
-0.000164
-0.000176
-0.000298
-0.000545
-0.000676
-0.000515
-0.000183
0.000117
0.000332
0.000511
0.000608
0.000480
0.000139
-0.000192
-0.000337
-0.000309
-0.000215
-0.000141
-0.000129
-0.000153
-0.000153
-0.000123
-0.000101
-0.000062
0.000053
0.000222
0.000345
0.000374
0.000347
0.000306
0.000233
0.000137
0.000090
0.000067
-0.000021
-0.000124
-0.000177
-0.000210
-0.000202
-0.000136
-0.000091
-0.000115
-0.000154
-0.000170
-0.000173
-0.000132
-0.000036
0.000031
0.000001
-0.000077
-0.000093
0.000023
0.000204
0.000299
0.000252
0.000162
0.000120
0.000116
0.000146
0.000245
0.000336
0.000274
0.000072
-0.000106
-0.000206
-0.000299
-0.000388
-0.000412
-0.000366
-0.000285
-0.000202
-0.000124
-0.000025
0.000056
0.000054
0.000029
0.000073
0.000155
0.000192
0.000160
0.000090
0.000033
0.000007
0.000020
0.000072
0.000129
0.000133
0.000090
0.000053
0.000017
-0.000042
-0.000072
-0.000010
0.000095
0.000120
0.000022
-0.000125
-0.000231
-0.000255
-0.000169
0.000019
0.000191
0.000222
0.000151
0.000083
0.000041
0.000007
-0.000050
-0.000149
-0.000207
-0.000170
-0.000156
-0.000238
-0.000284
-0.000194
-0.000023
0.000149
0.000259
0.000225
0.000069
-0.000067
-0.000074
0.000048
0.000213
0.000346
0.000430
0.000469
0.000450
0.000312
0.000007
-0.000346
-0.000517
-0.000470
-0.000379
-0.000358
-0.000350
-0.000263
-0.000134
-0.000052
0.000041
0.000216
0.000351
0.000321
0.000195
0.000117
0.000149
0.000242
0.000297
0.000268
0.000181
0.000047
-0.000120
-0.000247
-0.000292
-0.000337
-0.000442
-0.000509
-0.000419
-0.000250
-0.000215
-0.000319
-0.000304
-0.000024
0.000326
0.000491
0.000475
0.000437
0.000476
0.000559
0.000568
0.000434
0.000216
-0.000005
-0.000191
-0.000321
-0.000413
-0.000487
-0.000478
-0.000350
-0.000202
-0.000108
-0.000055
-0.000053
-0.000103
-0.000118
-0.000028
0.000100
0.000178
0.000236
0.000348
0.000468
0.000447
0.000234
-0.000021
-0.000124
-0.000067
-0.000036
-0.000121
-0.000190
-0.000138
-0.000068
-0.000114
-0.000229
-0.000259
-0.000142
0.000035
0.000137
0.000102
0.000021
0.000086
0.000318
0.000461
0.000311
-0.000032
-0.000291
-0.000302
-0.000193
-0.000182
-0.000246
-0.000223
-0.000104
-0.000010
0.000008
0.000028
0.000079
0.000054
-0.000066
-0.000114
-0.000030
0.000044
0.000052
0.000115
0.000259
0.000330
0.000237
0.000116
0.000129
0.000215
0.000226
0.000181
0.000168
0.000171
0.000119
-0.000018
-0.000184
-0.000305
-0.000376
-0.000453
-0.000572
-0.000675
-0.000672
-0.000536
-0.000295
0.000004
0.000266
0.000366
0.000333
0.000360
0.000492
0.000552
0.000481
0.000437
0.000482
0.000437
0.000205
-0.000030
-0.000108
-0.000115
-0.000160
-0.000216
-0.000251
-0.000310
-0.000424
-0.000542
-0.000554
-0.000423
-0.000238
-0.000113
-0.000091
-0.000102
-0.000046
0.000040
0.000104
0.000252
0.000485
0.000594
0.000495
0.000351
0.000290
0.000271
0.000195
0.000022
-0.000144
-0.000148
-0.000033
-0.000032
-0.000201
-0.000326
-0.000294
-0.000261
-0.000358
-0.000494
-0.000523
-0.000414
-0.000216
0.000034
0.000327
0.000598
0.000767
0.000835
0.000806
0.000635
0.000324
-0.000043
-0.000332
-0.000426
-0.000362
-0.000316
-0.000351
-0.000389
-0.000437
-0.000553
-0.000604
-0.000423
-0.000108
0.000174
0.000431
0.000627
0.000629
0.000519
0.000503
0.000536
0.000399
0.000070
-0.000231
-0.000318
-0.000263
-0.000268
-0.000352
-0.000367
-0.000263
-0.000149
-0.000151
-0.000243
-0.000279
-0.000210
-0.000088
0.000081
0.000276
0.000379
0.000332
0.000233
0.000214
0.000279
0.000315
0.000256
0.000130
-0.000029
-0.000183
-0.000257
-0.000223
-0.000150
-0.000099
-0.000093
-0.000153
-0.000229
-0.000221
-0.000148
-0.000134
-0.000155
-0.000060
0.000133
0.000238
0.000166
0.000026
-0.000014
0.000076
0.000204
0.000297
0.000323
0.000321
0.000333
0.000297
0.000181
0.000072
0.000000
-0.000121
-0.000298
-0.000418
-0.000443
-0.000459
-0.000476
-0.000379
-0.000148
0.000071
0.000156
0.000142
0.000132
0.000137
0.000090
0.000023
0.000047
0.000117
0.000103
0.000065
0.000093
0.000100
0.000020
-0.000055
-0.000040
0.000043
0.000091
0.000034
-0.000057
-0.000083
-0.000082
-0.000133
-0.000191
-0.000179
-0.000138
-0.000133
-0.000093
0.000062
0.000238
0.000340
0.000435
0.000550
0.000566
0.000408
0.000147
-0.000114
-0.000327
-0.000466
-0.000497
-0.000429
-0.000324
-0.000234
-0.000177
-0.000146
-0.000131
-0.000141
-0.000173
-0.000177
-0.000059
0.000194
0.000430
0.000496
0.000417
0.000346
0.000351
0.000309
0.000105
-0.000130
-0.000154
0.000057
0.000238
0.000123
-0.000206
-0.000412
-0.000377
-0.000310
-0.000384
-0.000521
-0.000519
-0.000310
-0.000043
0.000128
0.000240
0.000392
0.000528
0.000558
0.000518
0.000425
0.000269
0.000127
0.000047
-0.000027
-0.000130
-0.000264
-0.000402
-0.000437
-0.000350
-0.000303
-0.000364
-0.000336
-0.000104
0.000127
0.000182
0.000147
0.000157
0.000246
0.000368
0.000390
0.000206
-0.000053
-0.000120
0.000021
0.000098
-0.000051
-0.000242
-0.000262
-0.000179
-0.000141
-0.000127
-0.000065
0.000040
0.000161
0.000279
0.000308
0.000172
0.000023
0.000087
0.000258
0.000218
-0.000092
-0.000391
-0.000426
-0.000245
-0.000077
-0.000024
0.000038
0.000180
0.000275
0.000210
0.000032
-0.000146
-0.000244
-0.000218
-0.000108
-0.000031
-0.000035
-0.000039
0.000017
0.000045
-0.000054
-0.000183
-0.000169
-0.000003
0.000162
0.000188
0.000083
0.000007
0.000106
0.000315
0.000413
0.000291
0.000074
-0.000061
-0.000077
-0.000069
-0.000145
-0.000265
-0.000245
-0.000035
0.000135
0.000038
-0.000225
-0.000396
-0.000407
-0.000335
-0.000214
-0.000077
0.000019
0.000130
0.000367
0.000657
0.000789
0.000715
0.000577
0.000446
0.000264
-0.000009
-0.000302
-0.000497
-0.000540
-0.000466
-0.000345
-0.000269
-0.000301
-0.000402
-0.000486
-0.000500
-0.000403
-0.000190
0.000070
0.000274
0.000348
0.000300
0.000214
0.000167
0.000185
0.000253
0.000337
0.000397
0.000436
0.000471
0.000406
0.000167
-0.000109
-0.000245
-0.000278
-0.000337
-0.000445
-0.000545
-0.000550
-0.000393
-0.000159
-0.000012
0.000045
0.000146
0.000309
0.000416
0.000427
0.000449
0.000513
0.000473
0.000256
-0.000032
-0.000289
-0.000458
-0.000494
-0.000443
-0.000417
-0.000441
-0.000444
-0.000341
-0.000110
0.000153
0.000306
0.000324
0.000292
0.000269
0.000247
0.000219
0.000203
0.000210
0.000198
0.000118
-0.000013
-0.000112
-0.000135
-0.000134
-0.000168
-0.000213
-0.000219
-0.000182
-0.000112
-0.000021
0.000045
0.000051
0.000051
0.000117
0.000185
0.000132
-0.000021
-0.000143
-0.000161
-0.000067
0.000089
0.000195
0.000186
0.000101
0.000018
-0.000032
-0.000073
-0.000101
-0.000065
0.000013
0.000046
0.000012
-0.000017
0.000019
0.000093
0.000128
0.000103
0.000053
-0.000010
-0.000096
-0.000179
-0.000197
-0.000150
-0.000098
-0.000045
0.000034
0.000050
-0.000101
-0.000289
-0.000275
-0.000087
0.000039
0.000066
0.000136
0.000247
0.000270
0.000188
0.000068
-0.000009
0.000029
0.000142
0.000193
0.000122
0.000006
-0.000044
-0.000008
0.000058
0.000093
0.000105
0.000160
0.000233
0.000174
-0.000057
-0.000295
-0.000399
-0.000388
-0.000322
-0.000260
-0.000266
-0.000321
-0.000340
-0.000266
-0.000116
0.000029
0.000091
0.000106
0.000175
0.000310
0.000409
0.000398
0.000327
0.000269
0.000222
0.000150
0.000057
0.000000
0.000051
0.000171
0.000198
0.000054
-0.000136
-0.000219
-0.000227
-0.000270
-0.000358
-0.000424
-0.000399
-0.000260
-0.000096
-0.000006
0.000048
0.000148
0.000333
0.000578
0.000714
0.000549
0.000172
-0.000133
-0.000251
-0.000280
-0.000293
-0.000256
-0.000184
-0.000179
-0.000274
-0.000426
-0.000518
-0.000363
0.000005
0.000289
0.000322
0.000187
0.000059
0.000087
0.000264
0.000404
0.000353
0.000185
0.000115
0.000193
0.000239
0.000138
-0.000024
-0.000162
-0.000277
-0.000346
-0.000337
-0.000294
-0.000231
-0.000084
0.000112
0.000230
0.000233
0.000162
0.000048
-0.000062
-0.000119
-0.000104
0.000002
0.000213
0.000421
0.000416
0.000165
-0.000114
-0.000269
-0.000379
-0.000495
-0.000549
-0.000478
-0.000258
0.000052
0.000305
0.000413
0.000422
0.000397
0.000293
0.000046
-0.000238
-0.000345
-0.000248
-0.000115
-0.000025
0.000102
0.000252
0.000300
0.000273
0.000255
0.000184
0.000046
-0.000038
-0.000020
0.000022
-0.000005
-0.000105
-0.000165
-0.000114
-0.000074
-0.000164
-0.000278
-0.000272
-0.000202
-0.000163
-0.000131
-0.000056
0.000089
0.000274
0.000357
0.000224
-0.000042
-0.000264
-0.000331
-0.000265
-0.000148
-0.000027
0.000072
0.000106
0.000094
0.000127
0.000179
0.000120
0.000011
0.000041
0.000153
0.000163
0.000103
0.000110
0.000179
0.000191
0.000108
0.000027
0.000025
0.000052
0.000065
0.000098
0.000159
0.000153
0.000003
-0.000200
-0.000294
-0.000261
-0.000245
-0.000328
-0.000403
-0.000371
-0.000286
-0.000237
-0.000198
-0.000100
0.000040
0.000155
0.000234
0.000298
0.000333
0.000338
0.000351
0.000364
0.000285
0.000093
-0.000078
-0.000120
-0.000097
-0.000099
-0.000127
-0.000152
-0.000150
-0.000118
-0.000099
-0.000104
-0.000089
-0.000055
-0.000036
-0.000022
0.000000
0.000010
0.000008
-0.000004
-0.000063
-0.000130
-0.000043
0.000246
0.000511
0.000506
0.000256
-0.000005
-0.000108
-0.000095
-0.000112
-0.000205
-0.000260
-0.000194
-0.000094
-0.000076
-0.000102
-0.000085
-0.000016
0.000117
0.000245
0.000215
0.000050
-0.000066
-0.000072
-0.000024
0.000023
0.000009
-0.000065
-0.000119
-0.000136
-0.000203
-0.000348
-0.000422
-0.000235
0.000169
0.000509
0.000600
0.000540
0.000458
0.000336
0.000166
0.000026
-0.000033
-0.000035
-0.000049
-0.000132
-0.000257
-0.000311
-0.000237
-0.000130
-0.000077
-0.000076
-0.000123
-0.000197
-0.000205
-0.000117
-0.000032
-0.000016
0.000007
0.000096
0.000140
0.000078
0.000043
0.000116
0.000171
0.000115
0.000019
-0.000037
-0.000055
-0.000071
-0.000086
-0.000039
0.000091
0.000209
0.000220
0.000137
0.000047
0.000017
0.000020
-0.000026
-0.000121
-0.000203
-0.000247
-0.000250
-0.000190
-0.000050
0.000128
0.000227
0.000208
0.000181
0.000226
0.000277
0.000264
0.000188
0.000070
-0.000059
-0.000182
-0.000293
-0.000404
-0.000512
-0.000530
-0.000404
-0.000254
-0.000195
-0.000159
-0.000048
0.000080
0.000159
0.000272
0.000445
0.000538
0.000494
0.000416
0.000353
0.000258
0.000160
0.000121
0.000101
-0.000006
-0.000206
-0.000368
-0.000377
-0.000264
-0.000163
-0.000158
-0.000216
-0.000233
-0.000146
-0.000003
0.000098
0.000128
0.000080
-0.000038
-0.000111
-0.000053
0.000029
0.000042
0.000084
0.000191
0.000208
0.000100
0.000015
0.000005
0.000006
0.000005
0.000022
0.000043
0.000029
-0.000001
0.000016
0.000080
0.000097
-0.000011
-0.000204
-0.000312
-0.000249
-0.000153
-0.000149
-0.000132
-0.000021
0.000069
0.000082
0.000093
0.000094
0.000027
-0.000030
0.000004
0.000054
0.000027
-0.000038
-0.000016
0.000139
0.000296
0.000304
0.000211
0.000206
0.000332
0.000385
0.000243
0.000040
-0.000113
-0.000252
-0.000404
-0.000515
-0.000552
-0.000505
-0.000358
-0.000173
-0.000050
0.000000
-0.000006
-0.000075
-0.000131
-0.000061
0.000139
0.000374
0.000540
0.000536
0.000332
0.000067
-0.000098
-0.000169
-0.000197
-0.000160
-0.000076
0.000003
0.000081
0.000197
0.000326
0.000358
0.000217
-0.000016
-0.000186
-0.000242
-0.000230
-0.000167
-0.000047
0.000072
0.000096
0.000008
-0.000129
-0.000240
-0.000283
-0.000279
-0.000260
-0.000210
-0.000096
0.000089
0.000306
0.000421
0.000288
0.000032
-0.000026
0.000132
0.000190
0.000044
-0.000085
-0.000083
-0.000072
-0.000120
-0.000158
-0.000121
-0.000008
0.000130
0.000167
-0.000002
-0.000244
-0.000274
-0.000041
0.000228
0.000368
0.000384
0.000309
0.000182
0.000072
0.000008
-0.000062
-0.000163
-0.000251
-0.000296
-0.000290
-0.000246
-0.000180
-0.000076
0.000029
0.000042
0.000006
0.000062
0.000240
0.000423
0.000451
0.000296
0.000093
-0.000029
-0.000068
-0.000096
-0.000150
-0.000207
-0.000250
-0.000264
-0.000234
-0.000196
-0.000179
-0.000165
-0.000156
-0.000176
-0.000204
-0.000188
-0.000094
0.000069
0.000266
0.000448
0.000562
0.000550
0.000434
0.000319
0.000230
0.000061
-0.000179
-0.000292
-0.000189
-0.000031
0.000001
-0.000104
-0.000225
-0.000235
-0.000145
-0.000089
-0.000127
-0.000156
-0.000073
0.000075
0.000185
0.000220
0.000160
0.000040
0.000009
0.000094
0.000117
0.000000
-0.000108
-0.000090
-0.000070
-0.000193
-0.000334
-0.000303
-0.000161
-0.000071
-0.000065
-0.000066
0.000013
0.000189
0.000356
0.000375
0.000266
0.000161
0.000105
0.000099
0.000168
0.000212
0.000084
-0.000105
-0.000178
-0.000213
-0.000291
-0.000290
-0.000151
0.000033
0.000177
0.000211
0.000142
0.000083
0.000084
0.000093
0.000048
-0.000054
-0.000145
-0.000200
-0.000269
-0.000339
-0.000326
-0.000208
-0.000056
0.000060
0.000145
0.000211
0.000219
0.000180
0.000179
0.000233
0.000272
0.000231
0.000084
-0.000070
-0.000108
-0.000094
-0.000155
-0.000273
-0.000346
-0.000308
-0.000194
-0.000104
-0.000072
0.000000
0.000166
0.000279
0.000207
0.000082
0.000093
0.000184
0.000225
0.000251
0.000305
0.000315
0.000224
0.000055
-0.000140
-0.000299
-0.000355
-0.000283
-0.000173
-0.000161
-0.000260
-0.000341
-0.000287
-0.000144
-0.000053
-0.000057
-0.000073
-0.000009
0.000144
0.000291
0.000312
0.000233
0.000192
0.000231
0.000241
0.000150
0.000009
-0.000074
-0.000057
-0.000029
-0.000068
-0.000114
-0.000121
-0.000121
-0.000125
-0.000129
-0.000147
-0.000127
0.000006
0.000188
0.000253
0.000142
-0.000007
-0.000053
-0.000037
-0.000082
-0.000188
-0.000199
0.000000
0.000307
0.000499
0.000467
0.000290
0.000108
-0.000071
-0.000296
-0.000457
-0.000404
-0.000208
-0.000057
-0.000021
-0.000051
-0.000105
-0.000141
-0.000103
-0.000013
0.000050
0.000067
0.000054
0.000048
0.000114
0.000180
0.000098
-0.000050
-0.000066
0.000001
0.000003
0.000004
0.000099
0.000203
0.000211
0.000196
0.000279
0.000384
0.000323
0.000120
-0.000041
-0.000141
-0.000287
-0.000414
-0.000346
-0.000146
-0.000066
-0.000174
-0.000288
-0.000267
-0.000193
-0.000211
-0.000295
-0.000294
-0.000143
0.000056
0.000161
0.000173
0.000180
0.000213
0.000272
0.000329
0.000297
0.000181
0.000119
0.000184
0.000282
0.000265
0.000127
0.000030
0.000047
0.000034
-0.000113
-0.000265
-0.000289
-0.000240
-0.000228
-0.000256
-0.000281
-0.000298
-0.000288
-0.000197
-0.000036
0.000119
0.000199
0.000187
0.000167
0.000200
0.000196
0.000130
0.000146
0.000270
0.000386
0.000454
0.000398
0.000106
-0.000215
-0.000215
0.000013
0.000044
-0.000226
-0.000490
-0.000522
-0.000431
-0.000389
-0.000350
-0.000230
-0.000104
0.000005
0.000156
0.000259
0.000186
0.000060
0.000071
0.000163
0.000149
0.000025
-0.000029
0.000077
0.000202
0.000172
0.000021
-0.000059
0.000008
0.000104
0.000149
0.000188
0.000225
0.000187
0.000081
-0.000028
-0.000119
-0.000185
-0.000204
-0.000169
-0.000107
-0.000059
-0.000058
-0.000099
-0.000151
-0.000204
-0.000253
-0.000227
-0.000091
0.000035
0.000071
0.000108
0.000213
0.000303
0.000292
0.000191
0.000059
-0.000057
-0.000133
-0.000130
-0.000039
0.000058
0.000077
0.000048
0.000044
0.000035
-0.000010
-0.000016
0.000014
-0.000007
-0.000022
0.000074
0.000183
0.000171
0.000089
0.000027
-0.000037
-0.000134
-0.000211
-0.000197
-0.000102
-0.000027
-0.000022
-0.000021
0.000017
0.000024
-0.000060
-0.000185
-0.000256
-0.000251
-0.000212
-0.000146
-0.000031
0.000100
0.000179
0.000186
0.000163
0.000145
0.000112
0.000022
-0.000091
-0.000083
0.000112
0.000317
0.000322
0.000166
0.000051
0.000035
0.000028
-0.000001
-0.000023
0.000016
0.000132
0.000222
0.000137
-0.000125
-0.000397
-0.000524
-0.000505
-0.000404
-0.000235
-0.000025
0.000147
0.000226
0.000238
0.000215
0.000164
0.000092
0.000026
0.000007
0.000066
0.000170
0.000199
0.000077
-0.000080
-0.000102
-0.000046
-0.000094
-0.000203
-0.000160
0.000050
0.000215
0.000230
0.000178
0.000073
-0.000128
-0.000311
-0.000350
-0.000304
-0.000256
-0.000184
-0.000075
0.000044
0.000204
0.000407
0.000510
0.000442
0.000327
0.000233
0.000071
-0.000161
-0.000321
-0.000349
-0.000289
-0.000185
-0.000110
-0.000100
-0.000105
-0.000101
-0.000087
-0.000051
-0.000033
-0.000052
-0.000004
0.000144
0.000236
0.000167
0.000056
0.000046
0.000119
0.000167
0.000128
0.000058
0.000054
0.000088
0.000032
-0.000098
-0.000165
-0.000184
-0.000258
-0.000332
-0.000279
-0.000131
-0.000026
0.000011
0.000107
0.000311
0.000478
0.000469
0.000316
0.000114
-0.000075
-0.000191
-0.000213
-0.000174
-0.000133
-0.000115
-0.000066
0.000049
0.000108
0.000009
-0.000110
-0.000074
0.000043
0.000066
0.000036
0.000094
0.000205
0.000182
0.000004
-0.000116
-0.000075
-0.000034
-0.000118
-0.000219
-0.000223
-0.000181
-0.000165
-0.000125
-0.000006
0.000135
0.000200
0.000194
0.000168
0.000098
-0.000007
-0.000052
-0.000014
0.000020
-0.000001
-0.000029
0.000008
0.000093
0.000143
0.000079
-0.000069
-0.000141
-0.000060
0.000026
-0.000002
-0.000023
0.000096
0.000249
0.000208
-0.000062
-0.000318
-0.000325
-0.000128
0.000042
0.000010
-0.000187
-0.000306
-0.000199
-0.000019
0.000054
0.000079
0.000187
0.000350
0.000428
0.000325
0.000075
-0.000163
-0.000241
-0.000129
0.000077
0.000200
0.000149
0.000046
0.000029
0.000026
-0.000103
-0.000300
-0.000377
-0.000267
-0.000042
0.000168
0.000214
0.000102
-0.000002
-0.000022
-0.000047
-0.000121
-0.000175
-0.000135
-0.000021
0.000080
0.000111
0.000097
0.000120
0.000200
0.000225
0.000101
-0.000055
-0.000081
-0.000005
0.000015
-0.000091
-0.000211
-0.000173
0.000020
0.000166
0.000115
-0.000008
-0.000030
-0.000009
-0.000044
-0.000067
0.000006
0.000126
0.000194
0.000167
0.000057
-0.000068
-0.000116
-0.000090
-0.000113
-0.000227
-0.000294
-0.000200
-0.000014
0.000130
0.000162
0.000076
-0.000046
-0.000101
-0.000070
0.000001
0.000045
0.000029
0.000026
0.000120
0.000238
0.000275
0.000244
0.000171
0.000062
-0.000007
0.000014
0.000046
0.000005
-0.000093
-0.000208
-0.000334
-0.000425
-0.000365
-0.000141
0.000055
0.000065
-0.000004
0.000036
0.000135
0.000134
0.000080
0.000118
0.000204
0.000163
-0.000016
-0.000137
-0.000091
0.000018
0.000071
0.000083
0.000094
0.000087
0.000083
0.000128
0.000162
0.000084
-0.000078
-0.000156
-0.000091
-0.000041
-0.000108
-0.000159
-0.000132
-0.000175
-0.000305
-0.000301
-0.000105
0.000068
0.000094
0.000079
0.000106
0.000110
0.000025
-0.000115
-0.000192
-0.000061
0.000246
0.000460
0.000388
0.000149
-0.000060
-0.000183
-0.000222
-0.000191
-0.000145
-0.000046
0.000176
0.000412
0.000452
0.000267
0.000052
-0.000053
-0.000106
-0.000170
-0.000194
-0.000160
-0.000139
-0.000162
-0.000157
-0.000087
-0.000029
-0.000036
-0.000036
0.000006
-0.000001
-0.000120
-0.000260
-0.000264
-0.000074
0.000182
0.000326
0.000319
0.000273
0.000280
0.000306
0.000256
0.000101
-0.000061
-0.000104
-0.000033
0.000001
-0.000104
-0.000234
-0.000213
-0.000115
-0.000160
-0.000336
-0.000439
-0.000372
-0.000199
-0.000040
0.000056
0.000154
0.000298
0.000404
0.000353
0.000139
-0.000061
-0.000044
0.000138
0.000208
0.000059
-0.000084
-0.000003
0.000207
0.000312
0.000238
0.000061
-0.000111
-0.000189
-0.000183
-0.000140
-0.000077
-0.000005
0.000054
0.000047
-0.000074
-0.000242
-0.000319
-0.000271
-0.000176
-0.000098
-0.000057
-0.000037
0.000043
0.000176
0.000213
0.000124
0.000057
0.000078
0.000110
0.000078
-0.000042
-0.000150
-0.000097
0.000066
0.000139
0.000065
-0.000052
-0.000104
-0.000034
0.000120
0.000220
0.000198
0.000148
0.000139
0.000100
-0.000029
-0.000198
-0.000303
-0.000267
-0.000138
-0.000082
-0.000113
-0.000054
0.000159
0.000380
0.000462
0.000334
0.000021
-0.000259
-0.000302
-0.000226
-0.000270
-0.000401
-0.000399
-0.000208
0.000014
0.000112
0.000095
0.000090
0.000179
0.000316
0.000397
0.000366
0.000266
0.000186
0.000126
0.000017
-0.000147
-0.000281
-0.000299
-0.000217
-0.000115
-0.000052
-0.000043
-0.000063
-0.000048
0.000015
0.000052
0.000010
-0.000065
-0.000047
0.000098
0.000193
0.000093
-0.000068
-0.000067
0.000106
0.000237
0.000180
0.000042
-0.000029
-0.000062
-0.000148
-0.000285
-0.000391
-0.000358
-0.000145
0.000137
0.000305
0.000285
0.000148
0.000043
0.000065
0.000137
0.000099
-0.000042
-0.000128
-0.000096
-0.000036
-0.000016
-0.000066
-0.000148
-0.000105
0.000066
0.000133
0.000044
0.000006
0.000075
0.000097
0.000003
-0.000115
-0.000133
-0.000036
0.000067
0.000101
0.000092
0.000083
0.000070
0.000033
-0.000012
-0.000042
-0.000054
-0.000052
-0.000069
-0.000126
-0.000175
-0.000163
-0.000079
0.000043
0.000110
0.000053
-0.000074
-0.000161
-0.000142
-0.000029
0.000099
0.000180
0.000218
0.000241
0.000271
0.000290
0.000203
0.000020
-0.000039
0.000115
0.000259
0.000196
-0.000024
-0.000258
-0.000384
-0.000375
-0.000334
-0.000318
-0.000228
-0.000040
0.000064
-0.000020
-0.000149
-0.000169
-0.000074
0.000079
0.000219
0.000275
0.000218
0.000100
0.000012
-0.000047
-0.000139
-0.000230
-0.000208
-0.000020
0.000208
0.000257
0.000108
0.000001
0.000091
0.000265
0.000350
0.000280
0.000086
-0.000125
-0.000232
-0.000219
-0.000177
-0.000144
-0.000062
0.000034
0.000011
-0.000106
-0.000139
-0.000026
0.000098
0.000115
0.000059
0.000008
-0.000015
-0.000006
0.000037
0.000061
0.000010
-0.000100
-0.000226
-0.000285
-0.000183
-0.000003
0.000089
0.000119
0.000200
0.000287
0.000249
0.000081
-0.000079
-0.000092
0.000035
0.000144
0.000102
0.000006
0.000034
0.000137
0.000098
-0.000110
-0.000255
-0.000179
-0.000006
0.000023
-0.000143
-0.000309
-0.000296
-0.000169
-0.000097
-0.000074
0.000000
0.000102
0.000180
0.000236
0.000214
0.000092
-0.000003
0.000020
0.000088
0.000103
0.000080
0.000090
0.000111
0.000022
-0.000176
-0.000294
-0.000229
-0.000103
-0.000050
-0.000033
0.000025
0.000089
0.000087
0.000067
0.000128
0.000245
0.000303
0.000241
0.000090
-0.000068
-0.000173
-0.000214
-0.000190
-0.000120
-0.000075
-0.000142
-0.000296
-0.000373
-0.000249
-0.000030
0.000109
0.000134
0.000104
0.000086
0.000118
0.000148
0.000098
0.000039
0.000127
0.000323
0.000448
0.000411
0.000233
0.000027
-0.000069
-0.000050
-0.000050
-0.000131
-0.000220
-0.000277
-0.000334
-0.000349
-0.000257
-0.000133
-0.000109
-0.000188
-0.000236
-0.000171
-0.000060
0.000038
0.000148
0.000249
0.000237
0.000128
0.000096
0.000199
0.000303
0.000312
0.000235
0.000103
-0.000049
-0.000148
-0.000139
-0.000070
-0.000032
-0.000060
-0.000108
-0.000100
-0.000007
0.000096
0.000099
0.000011
-0.000050
-0.000041
-0.000016
0.000020
0.000064
0.000062
0.000003
-0.000074
-0.000128
-0.000130
-0.000090
-0.000086
-0.000170
-0.000254
-0.000211
-0.000033
0.000176
0.000296
0.000284
0.000205
0.000154
0.000148
0.000110
-0.000009
-0.000134
-0.000190
-0.000206
-0.000201
-0.000149
-0.000077
-0.000025
0.000061
0.000173
0.000213
0.000165
0.000100
0.000061
0.000041
-0.000008
-0.000117
-0.000204
-0.000158
-0.000019
0.000081
0.000071
-0.000022
-0.000089
-0.000035
0.000091
0.000145
0.000098
0.000035
0.000031
0.000108
0.000171
0.000067
-0.000133
-0.000186
-0.000077
-0.000008
-0.000038
-0.000056
-0.000015
0.000017
-0.000035
-0.000137
-0.000145
-0.000005
0.000137
0.000160
0.000130
0.000132
0.000130
0.000100
0.000080
0.000049
-0.000055
-0.000200
-0.000309
-0.000387
-0.000442
-0.000406
-0.000268
-0.000116
0.000028
0.000157
0.000201
0.000177
0.000194
0.000271
0.000327
0.000293
0.000210
0.000214
0.000330
0.000350
0.000125
-0.000143
-0.000214
-0.000158
-0.000124
-0.000114
-0.000080
-0.000020
0.000011
-0.000045
-0.000163
-0.000240
-0.000191
-0.000073
-0.000048
-0.000167
-0.000298
-0.000307
-0.000216
-0.000106
0.000011
0.000130
0.000219
0.000270
0.000294
0.000311
0.000330
0.000302
0.000203
0.000080
0.000005
-0.000002
-0.000001
-0.000052
-0.000141
-0.000230
-0.000273
-0.000195
-0.000018
0.000083
0.000033
-0.000036
-0.000042
-0.000037
-0.000040
-0.000012
0.000033
0.000056
0.000045
0.000009
-0.000014
-0.000008
-0.000014
-0.000037
0.000000
0.000099
0.000150
0.000121
0.000060
-0.000022
-0.000130
-0.000177
-0.000099
-0.000021
-0.000076
-0.000155
-0.000102
0.000015
0.000051
-0.000003
-0.000050
-0.000036
0.000001
0.000033
0.000090
0.000151
0.000141
0.000087
0.000085
0.000106
0.000049
-0.000058
-0.000091
0.000003
0.000099
0.000047
-0.000072
-0.000049
0.000106
0.000190
0.000135
0.000067
0.000052
0.000003
-0.000145
-0.000321
-0.000371
-0.000231
-0.000034
0.000051
0.000002
-0.000068
-0.000051
0.000042
0.000086
-0.000010
-0.000159
-0.000174
-0.000004
0.000194
0.000248
0.000154
0.000071
0.000093
0.000114
-0.000005
-0.000195
-0.000261
-0.000121
0.000103
0.000214
0.000164
0.000102
0.000151
0.000221
0.000132
-0.000113
-0.000288
-0.000236
-0.000057
0.000053
0.000046
0.000037
0.000118
0.000214
0.000180
0.000007
-0.000173
-0.000265
-0.000255
-0.000156
-0.000029
0.000019
-0.000009
-0.000010
0.000025
0.000027
-0.000011
-0.000055
-0.000059
-0.000001
0.000038
-0.000025
-0.000124
-0.000141
-0.000061
0.000038
0.000091
0.000109
0.000120
0.000113
0.000074
0.000008
-0.000071
-0.000106
-0.000028
0.000107
0.000163
0.000094
-0.000006
-0.000037
0.000003
0.000073
0.000181
0.000275
0.000220
0.000032
-0.000109
-0.000152
-0.000225
-0.000305
-0.000200
0.000071
0.000212
0.000087
-0.000094
-0.000102
0.000015
0.000069
-0.000003
-0.000104
-0.000120
-0.000042
0.000023
-0.000032
-0.000137
-0.000132
-0.000037
-0.000043
-0.000195
-0.000282
-0.000137
0.000093
0.000196
0.000194
0.000193
0.000181
0.000133
0.000120
0.000196
0.000274
0.000205
-0.000014
-0.000183
-0.000138
0.000056
0.000208
0.000211
0.000125
0.000054
-0.000010
-0.000098
-0.000152
-0.000113
-0.000028
-0.000022
-0.000131
-0.000242
-0.000285
-0.000299
-0.000269
-0.000163
-0.000058
-0.000015
0.000015
0.000068
0.000113
0.000095
0.000012
-0.000033
0.000027
0.000117
0.000154
0.000165
0.000208
0.000245
0.000160
-0.000029
-0.000088
0.000072
0.000193
0.000087
-0.000090
-0.000190
-0.000273
-0.000358
-0.000331
-0.000159
0.000056
0.000212
0.000261
0.000211
0.000112
0.000012
-0.000024
0.000047
0.000158
0.000195
0.000101
-0.000073
-0.000202
-0.000196
-0.000066
0.000071
0.000074
-0.000057
-0.000168
-0.000163
-0.000122
-0.000174
-0.000293
-0.000292
-0.000068
0.000228
0.000378
0.000356
0.000275
0.000191
0.000131
0.000140
0.000170
0.000088
-0.000119
-0.000298
-0.000316
-0.000195
-0.000048
0.000063
0.000118
0.000084
-0.000016
-0.000046
0.000028
0.000070
0.000033
0.000025
0.000039
-0.000043
-0.000187
-0.000249
-0.000232
-0.000226
-0.000162
0.000032
0.000191
0.000148
0.000032
0.000044
0.000128
0.000109
0.000023
0.000041
0.000146
0.000156
0.000075
0.000046
0.000065
0.000026
-0.000079
-0.000172
-0.000192
-0.000154
-0.000099
-0.000043
0.000026
0.000092
0.000084
0.000009
-0.000013
0.000058
0.000118
0.000130
0.000194
0.000303
0.000244
-0.000052
-0.000342
-0.000392
-0.000270
-0.000167
-0.000102
-0.000013
0.000067
0.000086
0.000046
-0.000042
-0.000131
-0.000130
-0.000023
0.000084
0.000109
0.000109
0.000161
0.000216
0.000205
0.000140
0.000078
0.000082
0.000118
0.000042
-0.000165
-0.000319
-0.000284
-0.000154
-0.000114
-0.000156
-0.000109
0.000038
0.000149
0.000196
0.000204
0.000119
-0.000022
-0.000048
0.000042
0.000034
-0.000102
-0.000161
-0.000060
0.000073
0.000119
0.000082
0.000010
-0.000076
-0.000130
-0.000123
-0.000127
-0.000200
-0.000256
-0.000205
-0.000139
-0.000138
-0.000036
0.000248
0.000460
0.000396
0.000176
0.000004
-0.000016
0.000069
0.000095
0.000037
0.000049
0.000140
0.000160
0.000125
0.000145
0.000149
0.000029
-0.000130
-0.000188
-0.000164
-0.000170
-0.000229
-0.000246
-0.000173
-0.000059
0.000026
0.000029
-0.000004
0.000042
0.000122
0.000087
-0.000053
-0.000168
-0.000211
-0.000190
-0.000099
0.000018
0.000101
0.000165
0.000210
0.000184
0.000108
0.000060
0.000055
0.000065
0.000092
0.000117
0.000079
-0.000026
-0.000120
-0.000143
-0.000101
-0.000033
0.000039
0.000084
0.000055
-0.000030
-0.000088
-0.000063
0.000017
0.000080
0.000083
0.000013
-0.000101
-0.000158
-0.000123
-0.000104
-0.000122
-0.000088
-0.000021
-0.000004
-0.000013
0.000012
0.000064
0.000101
0.000117
0.000140
0.000143
0.000069
-0.000041
-0.000084
-0.000072
-0.000074
-0.000087
-0.000077
-0.000016
0.000078
0.000098
-0.000004
-0.000075
0.000028
0.000179
0.000170
0.000037
-0.000043
-0.000014
0.000061
0.000119
0.000135
0.000122
0.000098
0.000034
-0.000081
-0.000184
-0.000211
-0.000196
-0.000226
-0.000297
-0.000268
-0.000084
0.000083
0.000093
0.000072
0.000139
0.000182
0.000082
-0.000076
-0.000121
-0.000031
0.000068
0.000097
0.000119
0.000213
0.000307
0.000253
0.000073
-0.000095
-0.000215
-0.000315
-0.000333
-0.000223
-0.000054
0.000058
0.000059
0.000024
0.000036
0.000064
0.000084
0.000122
0.000172
0.000226
0.000256
0.000167
-0.000046
-0.000232
-0.000273
-0.000195
-0.000093
-0.000036
-0.000023
-0.000001
0.000069
0.000133
0.000086
-0.000046
-0.000111
-0.000076
-0.000039
-0.000027
0.000032
0.000133
0.000147
0.000011
-0.000150
-0.000173
-0.000074
-0.000032
-0.000117
-0.000196
-0.000148
-0.000015
0.000093
0.000154
0.000202
0.000204
0.000117
-0.000012
-0.000103
-0.000148
-0.000181
-0.000206
-0.000201
-0.000105
0.000114
0.000315
0.000320
0.000222
0.000257
0.000363
0.000300
0.000130
0.000046
-0.000010
-0.000139
-0.000245
-0.000246
-0.000230
-0.000237
-0.000149
0.000069
0.000236
0.000202
0.000053
-0.000029
-0.000028
-0.000083
-0.000219
-0.000314
-0.000317
-0.000261
-0.000156
-0.000030
0.000065
0.000155
0.000250
0.000221
0.000036
-0.000104
-0.000076
0.000016
0.000061
0.000054
0.000022
-0.000015
-0.000031
-0.000011
0.000059
0.000175
0.000248
0.000179
0.000065
0.000046
0.000027
-0.000068
-0.000077
0.000047
0.000118
0.000057
-0.000032
-0.000059
-0.000042
-0.000069
-0.000127
-0.000092
-0.000004
-0.000023
-0.000120
-0.000171
-0.000178
-0.000163
-0.000095
-0.000010
0.000000
-0.000036
0.000011
0.000111
0.000115
0.000047
0.000038
0.000100
0.000193
0.000272
0.000246
0.000102
-0.000008
0.000004
0.000031
-0.000005
-0.000067
-0.000148
-0.000213
-0.000185
-0.000135
-0.000198
-0.000290
-0.000209
0.000025
0.000214
0.000266
0.000260
0.000252
0.000154
-0.000063
-0.000190
-0.000071
0.000166
0.000277
0.000177
0.000015
-0.000075
-0.000153
-0.000222
-0.000170
-0.000034
0.000053
0.000060
0.000027
-0.000012
-0.000033
-0.000033
0.000003
0.000052
0.000031
-0.000065
-0.000126
-0.000128
-0.000170
-0.000251
-0.000247
-0.000125
0.000026
0.000166
0.000273
0.000263
0.000156
0.000095
0.000091
0.000028
-0.000065
-0.000037
0.000076
0.000060
-0.000123
-0.000242
-0.000133
0.000072
0.000163
0.000133
0.000110
0.000108
0.000077
0.000073
0.000146
0.000208
0.000154
-0.000003
-0.000155
-0.000208
-0.000172
-0.000138
-0.000177
-0.000244
-0.000216
-0.000067
0.000071
0.000085
0.000027
0.000043
0.000135
0.000146
0.000010
-0.000162
-0.000230
-0.000185
-0.000124
-0.000097
-0.000062
0.000018
0.000148
0.000279
0.000325
0.000293
0.000263
0.000227
0.000151
0.000073
0.000004
-0.000089
-0.000162
-0.000160
-0.000155
-0.000234
-0.000305
-0.000238
-0.000087
0.000044
0.000134
0.000144
0.000041
-0.000081
-0.000110
-0.000049
0.000038
0.000132
0.000209
0.000216
0.000130
0.000000
-0.000044
0.000044
0.000080
-0.000041
-0.000155
-0.000154
-0.000137
-0.000179
-0.000254
-0.000315
-0.000292
-0.000126
0.000129
0.000312
0.000319
0.000217
0.000179
0.000253
0.000283
0.000176
0.000043
-0.000000
0.000000
-0.000063
-0.000203
-0.000345
-0.000417
-0.000365
-0.000175
0.000054
0.000182
0.000202
0.000197
0.000168
0.000078
-0.000024
-0.000050
0.000019
0.000122
0.000170
0.000130
0.000067
0.000034
0.000002
-0.000022
-0.000015
-0.000057
-0.000157
-0.000154
-0.000006
0.000080
-0.000049
-0.000253
-0.000241
0.000023
0.000241
0.000191
0.000007
-0.000079
-0.000048
0.000019
0.000113
0.000154
0.000029
-0.000147
-0.000178
-0.000107
-0.000082
-0.000093
-0.000056
0.000028
0.000100
0.000106
0.000059
0.000013
-0.000029
-0.000096
-0.000152
-0.000149
-0.000079
0.000057
0.000225
0.000312
0.000231
0.000076
-0.000003
0.000004
0.000027
0.000018
-0.000027
-0.000062
-0.000039
-0.000001
0.000001
0.000017
0.000083
0.000122
0.000091
0.000042
-0.000015
-0.000093
-0.000136
-0.000139
-0.000194
-0.000297
-0.000320
-0.000232
-0.000136
-0.000103
-0.000104
-0.000050
0.000110
0.000240
0.000153
-0.000028
-0.000014
0.000202
0.000373
0.000374
0.000267
0.000138
0.000058
0.000082
0.000161
0.000173
0.000088
-0.000025
-0.000126
-0.000197
-0.000229
-0.000238
-0.000210
-0.000103
0.000020
0.000049
-0.000004
-0.000056
-0.000037
0.000092
0.000252
0.000242
0.000006
-0.000239
-0.000302
-0.000297
-0.000369
-0.000397
-0.000236
0.000014
0.000174
0.000174
0.000072
0.000033
0.000138
0.000231
0.000180
0.000091
0.000065
0.000061
0.000074
0.000150
0.000224
