6880
-0.000113
-0.000200
-0.000238
-0.000158
-0.000046
0.000006
0.000000
0.000022
0.000122
0.000227
0.000249
0.000217
0.000170
0.000096
0.000004
-0.000087
-0.000179
-0.000236
-0.000186
-0.000010
0.000187
0.000221
0.000050
-0.000137
-0.000176
-0.000143
-0.000156
-0.000164
-0.000088
0.000041
0.000189
0.000285
0.000211
0.000038
-0.000020
0.000037
0.000025
-0.000053
-0.000041
0.000071
0.000158
0.000123
-0.000035
-0.000175
-0.000193
-0.000154
-0.000096
0.000010
0.000068
-0.000011
-0.000106
-0.000102
-0.000064
-0.000056
-0.000049
-0.000028
-0.000008
0.000006
0.000037
0.000115
0.000223
0.000315
0.000348
0.000278
0.000130
-0.000014
-0.000101
-0.000126
-0.000137
-0.000182
-0.000223
-0.000195
-0.000116
-0.000073
-0.000074
-0.000014
0.000129
0.000182
0.000058
-0.000064
-0.000053
-0.000015
-0.000008
0.000037
0.000089
0.000044
-0.000050
-0.000082
-0.000033
0.000074
0.000160
0.000127
0.000019
-0.000040
-0.000032
-0.000025
-0.000053
-0.000084
-0.000086
-0.000073
-0.000060
-0.000075
-0.000156
-0.000223
-0.000129
0.000107
0.000281
0.000270
0.000159
0.000104
0.000098
0.000033
-0.000044
0.000017
0.000168
0.000216
0.000101
-0.000063
-0.000158
-0.000145
-0.000061
-0.000006
-0.000043
-0.000098
-0.000074
0.000001
0.000051
0.000029
-0.000093
-0.000228
-0.000220
-0.000095
-0.000048
-0.000136
-0.000220
-0.000203
-0.000129
-0.000047
0.000066
0.000227
0.000394
0.000474
0.000394
0.000206
0.000085
0.000116
0.000156
0.000068
-0.000050
-0.000051
0.000018
0.000022
-0.000059
-0.000178
-0.000289
-0.000308
-0.000209
-0.000123
-0.000189
-0.000314
-0.000289
-0.000112
0.000039
0.000098
0.000138
0.000185
0.000168
0.000071
0.000003
0.000057
0.000205
0.000320
0.000324
0.000305
0.000331
0.000307
0.000184
0.000047
-0.000083
-0.000229
-0.000291
-0.000217
-0.000167
-0.000231
-0.000252
-0.000169
-0.000145
-0.000241
-0.000301
-0.000197
-0.000012
0.000056
-0.000048
-0.000129
-0.000016
0.000206
0.000364
0.000364
0.000194
-0.000014
-0.000042
0.000078
0.000112
0.000050
0.000060
0.000118
0.000076
-0.000067
-0.000211
-0.000262
-0.000187
-0.000068
-0.000031
-0.000068
-0.000058
0.000048
0.000158
0.000142
-0.000004
-0.000118
-0.000071
0.000057
0.000121
0.000096
0.000059
0.000089
0.000147
0.000132
0.000063
0.000016
-0.000047
-0.000142
-0.000175
-0.000073
0.000135
0.000350
0.000434
0.000282
-0.000059
-0.000372
-0.000470
-0.000364
-0.000205
-0.000095
-0.000014
0.000056
0.000015
-0.000176
-0.000320
-0.000251
-0.000090
0.000018
0.000130
0.000269
0.000311
0.000235
0.000185
0.000225
0.000270
0.000219
0.000087
-0.000023
-0.000069
-0.000102
-0.000131
-0.000115
-0.000057
-0.000030
-0.000076
-0.000179
-0.000340
-0.000460
-0.000339
-0.000048
0.000105
0.000101
0.000210
0.000468
0.000593
0.000427
0.000161
0.000005
-0.000110
-0.000264
-0.000286
-0.000067
0.000152
0.000145
0.000030
-0.000038
-0.000113
-0.000204
-0.000218
-0.000190
-0.000234
-0.000312
-0.000265
-0.000052
0.000150
0.000185
0.000122
0.000070
0.000038
0.000035
0.000051
0.000007
-0.000070
-0.000040
0.000108
0.000256
0.000318
0.000291
0.000223
0.000143
0.000058
0.000059
0.000166
0.000187
0.000008
-0.000210
-0.000285
-0.000255
-0.000248
-0.000259
-0.000206
-0.000105
-0.000028
-0.000002
0.000012
0.000042
0.000038
-0.000019
-0.000088
-0.000159
-0.000195
-0.000097
0.000102
0.000247
0.000253
0.000154
0.000059
0.000075
0.000160
0.000140
-0.000035
-0.000185
-0.000184
-0.000118
-0.000080
-0.000054
-0.000006
0.000065
0.000137
0.000151
0.000070
-0.000034
-0.000089
-0.000096
-0.000047
0.000035
0.000070
0.000044
0.000002
-0.000013
0.000029
0.000078
0.000041
-0.000021
0.000027
0.000142
0.000158
0.000037
-0.000127
-0.000252
-0.000297
-0.000253
-0.000175
-0.000099
-0.000007
0.000070
0.000079
0.000061
0.000089
0.000130
0.000096
0.000021
0.000029
0.000108
0.000152
0.000133
0.000083
0.000020
-0.000058
-0.000122
-0.000089
0.000048
0.000140
0.000092
0.000017
0.000045
0.000124
0.000146
0.000087
-0.000044
-0.000195
-0.000256
-0.000230
-0.000235
-0.000289
-0.000272
-0.000140
0.000001
0.000049
0.000038
0.000072
0.000179
0.000258
0.000201
0.000048
-0.000045
0.000015
0.000121
0.000112
0.000042
0.000047
0.000071
0.000043
0.000029
0.000030
-0.000047
-0.000180
-0.000251
-0.000214
-0.000101
0.000012
0.000059
0.000059
0.000084
0.000140
0.000146
0.000022
-0.000161
-0.000213
-0.000102
-0.000004
0.000027
0.000093
0.000143
0.000057
-0.000057
-0.000077
-0.000058
-0.000015
0.000118
0.000262
0.000246
0.000075
-0.000100
-0.000189
-0.000192
-0.000120
-0.000004
0.000092
0.000090
-0.000045
-0.000241
-0.000337
-0.000218
0.000011
0.000105
0.000001
-0.000111
-0.000066
0.000090
0.000223
0.000283
0.000269
0.000187
0.000124
0.000149
0.000178
0.000122
0.000042
0.000028
0.000052
0.000025
-0.000074
-0.000193
-0.000225
-0.000129
-0.000042
-0.000111
-0.000282
-0.000359
-0.000227
0.000028
0.000194
0.000158
0.000018
-0.000070
-0.000067
-0.000066
-0.000127
-0.000126
0.000034
0.000205
0.000210
0.000090
0.000018
0.000100
0.000273
0.000348
0.000238
0.000098
0.000085
0.000093
-0.000048
-0.000256
-0.000340
-0.000312
-0.000290
-0.000274
-0.000182
-0.000038
0.000034
0.000018
0.000058
0.000160
0.000113
-0.000139
-0.000348
-0.000322
-0.000152
0.000003
0.000140
0.000315
0.000471
0.000538
0.000520
0.000401
0.000185
-0.000020
-0.000108
-0.000102
-0.000124
-0.000231
-0.000321
-0.000271
-0.000148
-0.000119
-0.000164
-0.000133
0.000009
0.000154
0.000166
0.000010
-0.000165
-0.000175
-0.000034
0.000072
0.000015
-0.000076
0.000008
0.000227
0.000360
0.000308
0.000141
-0.000003
-0.000014
0.000056
0.000043
-0.000082
-0.000182
-0.000161
-0.000083
-0.000064
-0.000134
-0.000242
-0.000311
-0.000248
-0.000029
0.000199
0.000261
0.000154
0.000030
0.000007
0.000044
0.000069
0.000128
0.000237
0.000256
0.000117
-0.000065
-0.000153
-0.000117
-0.000026
0.000034
0.000071
0.000116
0.000105
-0.000002
-0.000114
-0.000169
-0.000198
-0.000150
0.000023
0.000165
0.000069
-0.000213
-0.000399
-0.000317
-0.000106
-0.000003
-0.000011
0.000059
0.000229
0.000295
0.000185
0.000057
-0.000019
-0.000109
-0.000177
-0.000107
0.000069
0.000213
0.000272
0.000263
0.000130
-0.000153
-0.000415
-0.000445
-0.000276
-0.000108
-0.000007
0.000098
0.000210
0.000248
0.000168
0.000020
-0.000102
-0.000159
-0.000197
-0.000252
-0.000224
0.000002
0.000290
0.000378
0.000235
0.000073
0.000057
0.000148
0.000237
0.000269
0.000232
0.000145
0.000048
-0.000019
-0.000049
-0.000091
-0.000171
-0.000220
-0.000164
-0.000046
0.000015
-0.000006
-0.000030
-0.000004
0.000041
0.000052
0.000038
0.000078
0.000140
0.000113
0.000023
-0.000025
-0.000056
-0.000151
-0.000271
-0.000288
-0.000172
-0.000024
0.000065
0.000089
0.000059
0.000004
-0.000014
0.000014
0.000001
-0.000101
-0.000215
-0.000248
-0.000202
-0.000130
-0.000062
0.000015
0.000092
0.000113
0.000050
-0.000020
0.000029
0.000187
0.000294
0.000267
0.000195
0.000200
0.000284
0.000307
0.000181
0.000044
0.000050
0.000132
0.000114
-0.000053
-0.000236
-0.000295
-0.000274
-0.000303
-0.000386
-0.000414
-0.000349
-0.000280
-0.000267
-0.000244
-0.000154
-0.000048
0.000010
0.000037
0.000078
0.000075
-0.000024
-0.000089
0.000002
0.000132
0.000152
0.000102
0.000059
0.000009
-0.000045
-0.000043
0.000016
0.000074
0.000128
0.000196
0.000183
0.000068
0.000032
0.000125
0.000204
0.000317
0.000576
0.000768
0.000697
0.000562
0.000547
0.000534
0.000424
0.000250
0.000048
-0.000125
-0.000228
-0.000347
-0.000490
-0.000528
-0.000509
-0.000575
-0.000642
-0.000592
-0.000522
-0.000515
-0.000532
-0.000551
-0.000527
-0.000386
-0.000220
-0.000191
-0.000259
-0.000293
-0.000275
-0.000204
-0.000081
0.000053
0.000222
0.000456
0.000676
0.000806
0.000836
0.000781
0.000713
0.000725
0.000793
0.000790
0.000648
0.000446
0.000260
0.000054
-0.000181
-0.000365
-0.000435
-0.000414
-0.000377
-0.000408
-0.000528
-0.000650
-0.000685
-0.000641
-0.000543
-0.000430
-0.000441
-0.000642
-0.000825
-0.000718
-0.000329
0.000116
0.000440
0.000602
0.000680
0.000729
0.000661
0.000476
0.000374
0.000421
0.000493
0.000552
0.000592
0.000590
0.000627
0.000684
0.000544
0.000156
-0.000223
-0.000368
-0.000357
-0.000441
-0.000669
-0.000788
-0.000664
-0.000505
-0.000513
-0.000587
-0.000533
-0.000349
-0.000192
-0.000160
-0.000188
-0.000190
-0.000166
-0.000075
0.000149
0.000375
0.000423
0.000386
0.000399
0.000386
0.000292
0.000246
0.000321
0.000398
0.000325
0.000121
-0.000026
-0.000052
-0.000123
-0.000282
-0.000370
-0.000402
-0.000488
-0.000523
-0.000486
-0.000534
-0.000522
-0.000261
-0.000048
-0.000013
0.000197
0.000521
0.000587
0.000573
0.000705
0.000752
0.000685
0.000701
0.000672
0.000553
0.000565
0.000614
0.000476
0.000280
0.000131
-0.000074
-0.000280
-0.000389
-0.000486
-0.000601
-0.000674
-0.000761
-0.000885
-0.000974
-0.001030
-0.001004
-0.000800
-0.000586
-0.000541
-0.000428
-0.000079
0.000229
0.000301
0.000274
0.000259
0.000278
0.000383
0.000498
0.000499
0.000466
0.000550
0.000738
0.000892
0.000888
0.000742
0.000570
0.000418
0.000279
0.000208
0.000173
0.000013
-0.000245
-0.000431
-0.000570
-0.000714
-0.000769
-0.000742
-0.000724
-0.000673
-0.000583
-0.000533
-0.000472
-0.000329
-0.000213
-0.000175
-0.000116
-0.000048
-0.000052
-0.000030
0.000163
0.000451
0.000656
0.000729
0.000730
0.000704
0.000664
0.000647
0.000651
0.000522
0.000151
-0.000193
-0.000178
0.000020
0.000043
-0.000046
-0.000064
-0.000083
-0.000128
-0.000081
-0.000040
-0.000213
-0.000483
-0.000597
-0.000565
-0.000522
-0.000427
-0.000219
-0.000075
-0.000122
-0.000158
-0.000093
-0.000111
-0.000201
-0.000180
-0.000041
0.000059
0.000029
0.000023
0.000156
0.000257
0.000246
0.000256
0.000225
-0.000022
-0.000332
-0.000429
-0.000373
-0.000285
-0.000061
0.000202
0.000222
0.000139
0.000259
0.000433
0.000452
0.000469
0.000573
0.000640
0.000624
0.000551
0.000466
0.000436
0.000420
0.000368
0.000365
0.000371
0.000232
0.000036
-0.000079
-0.000216
-0.000412
-0.000542
-0.000622
-0.000727
-0.000789
-0.000811
-0.000910
-0.001025
-0.000999
-0.000897
-0.000831
-0.000717
-0.000497
-0.000285
-0.000121
0.000064
0.000253
0.000383
0.000449
0.000489
0.000541
0.000625
0.000742
0.000861
0.000936
0.000956
0.000922
0.000835
0.000735
0.000615
0.000394
0.000166
0.000112
0.000164
0.000173
0.000099
-0.000148
-0.000578
-0.000945
-0.001063
-0.001049
-0.001013
-0.000915
-0.000823
-0.000873
-0.000930
-0.000743
-0.000426
-0.000307
-0.000354
-0.000241
0.000090
0.000384
0.000527
0.000640
0.000797
0.000934
0.000989
0.000965
0.000916
0.000852
0.000729
0.000631
0.000637
0.000569
0.000384
0.000293
0.000169
-0.000220
-0.000503
-0.000381
-0.000400
-0.000812
-0.000934
-0.000646
-0.000667
-0.000916
-0.000741
-0.000391
-0.000336
-0.000389
-0.000478
-0.000505
-0.000197
-0.000055
-0.000259
0.000132
0.000864
0.000770
0.000437
0.000626
0.000547
0.000226
0.000405
0.000452
0.000138
0.000342
0.000560
-0.000007
-0.000412
-0.000390
-0.000883
-0.001316
-0.000942
-0.000725
-0.000824
-0.000364
0.000098
-0.000020
0.000183
0.000751
0.000726
0.000451
0.000661
0.000918
0.000886
0.000926
0.001029
0.000953
0.000816
0.000704
0.000556
0.000454
0.000377
0.000193
-0.000011
-0.000178
-0.000400
-0.000576
-0.000629
-0.000765
-0.001058
-0.001252
-0.001253
-0.001239
-0.001237
-0.001129
-0.001004
-0.000986
-0.000927
-0.000711
-0.000516
-0.000415
-0.000185
0.000233
0.000615
0.000846
0.000979
0.001042
0.001100
0.001245
0.001386
0.001373
0.001302
0.001306
0.001239
0.000933
0.000538
0.000285
0.000097
-0.000246
-0.000652
-0.000775
-0.000589
-0.000494
-0.000601
-0.000662
-0.000813
-0.001200
-0.001322
-0.001017
-0.000878
-0.000929
-0.000682
-0.000370
-0.000338
-0.000212
0.000156
0.000384
0.000486
0.000715
0.000911
0.000900
0.000868
0.000903
0.000796
0.000536
0.000498
0.000724
0.000641
0.000186
0.000027
0.000047
-0.000364
-0.000641
-0.000242
-0.000035
-0.000387
-0.000463
-0.000276
-0.000457
-0.000645
-0.000499
-0.000411
-0.000323
-0.000205
-0.000327
-0.000228
0.000140
0.000095
-0.000069
0.000136
0.000225
-0.000101
-0.000263
0.000024
0.000141
-0.000041
0.000067
0.000332
0.000488
0.000796
0.000794
0.000234
0.000231
0.000629
0.000018
-0.000692
-0.000254
-0.000224
-0.001211
-0.001309
-0.000593
-0.000730
-0.001018
-0.000305
0.000329
0.000161
0.000141
0.000562
0.000727
0.000630
0.000727
0.000902
0.000944
0.001037
0.001110
0.000894
0.000677
0.000736
0.000738
0.000554
0.000364
0.000055
-0.000281
-0.000359
-0.000471
-0.000799
-0.000883
-0.000747
-0.000885
-0.001100
-0.001075
-0.001142
-0.001346
-0.001265
-0.001079
-0.001130
-0.001068
-0.000711
-0.000392
-0.000108
0.000238
0.000382
0.000360
0.000551
0.000908
0.001159
0.001303
0.001401
0.001426
0.001391
0.001256
0.001010
0.000775
0.000620
0.000592
0.000737
0.000806
0.000502
-0.000017
-0.000465
-0.000818
-0.001075
-0.001252
-0.001458
-0.001509
-0.001126
-0.000645
-0.000627
-0.000891
-0.000920
-0.000791
-0.000741
-0.000557
-0.000188
0.000042
0.000190
0.000522
0.000777
0.000745
0.000764
0.000885
0.000798
0.000715
0.000983
0.001099
0.000616
0.000290
0.000530
0.000428
-0.000136
-0.000235
0.000024
-0.000128
-0.000555
-0.000622
-0.000373
-0.000306
-0.000233
-0.000025
-0.000355
-0.000974
-0.000919
-0.000461
-0.000279
-0.000348
-0.000342
-0.000000
0.000190
-0.000213
-0.000191
0.000613
0.000658
-0.000115
0.000056
0.000850
0.000668
0.000069
0.000190
0.000631
0.000687
0.000293
0.000058
0.000307
0.000089
-0.000612
-0.000404
0.000020
-0.000597
-0.000832
-0.000407
-0.001154
-0.001927
-0.000945
-0.000292
-0.000899
-0.000547
0.000376
0.000125
0.000070
0.001036
0.001296
0.000890
0.001186
0.001485
0.001104
0.001025
0.001314
0.001128
0.000802
0.000862
0.000903
0.000683
0.000347
-0.000093
-0.000427
-0.000466
-0.000543
-0.000773
-0.000812
-0.000844
-0.001269
-0.001635
-0.001501
-0.001383
-0.001529
-0.001383
-0.001020
-0.001083
-0.001240
-0.000873
-0.000449
-0.000367
-0.000066
0.000548
0.000881
0.001034
0.001404
0.001604
0.001366
0.001193
0.001286
0.001327
0.001301
0.001356
0.001369
0.001232
0.000992
0.000655
0.000206
-0.000342
-0.000907
-0.001275
-0.001282
-0.001111
-0.001162
-0.001456
-0.001495
-0.001093
-0.000742
-0.000677
-0.000522
-0.000196
-0.000061
-0.000063
0.000087
0.000137
-0.000093
-0.000081
0.000373
0.000762
0.000901
0.000998
0.000984
0.000688
0.000309
0.000136
0.000147
0.000197
0.000289
0.000481
0.000568
0.000231
-0.000247
-0.000325
-0.000201
-0.000296
-0.000401
-0.000291
-0.000317
-0.000625
-0.000801
-0.000625
-0.000245
0.000027
-0.000008
-0.000081
0.000041
0.000029
-0.000378
-0.000504
0.000056
0.000465
0.000495
0.000423
0.000069
0.000022
0.000493
0.000426
-0.000180
-0.000173
0.000387
0.000183
-0.000524
-0.000086
0.000755
0.000300
-0.000183
0.000477
0.000498
-0.000482
-0.000581
-0.000502
-0.001422
-0.001486
-0.000628
-0.000992
-0.001411
-0.000334
0.000230
-0.000306
0.000187
0.001250
0.001064
0.000683
0.001287
0.001703
0.001362
0.001190
0.001341
0.001320
0.001212
0.001085
0.000738
0.000391
0.000219
-0.000017
-0.000236
-0.000319
-0.000626
-0.001012
-0.000971
-0.000982
-0.001520
-0.001822
-0.001577
-0.001599
-0.001899
-0.001744
-0.001393
-0.001374
-0.001206
-0.000647
-0.000286
-0.000067
0.000503
0.000942
0.000819
0.000835
0.001258
0.001415
0.001375
0.001718
0.002049
0.001867
0.001623
0.001567
0.001314
0.000882
0.000592
0.000375
0.000073
-0.000310
-0.000772
-0.001177
-0.001395
-0.001543
-0.001535
-0.001175
-0.000924
-0.001157
-0.001239
-0.000882
-0.000754
-0.000767
-0.000301
0.000090
-0.000075
0.000010
0.000505
0.000587
0.000451
0.000719
0.000989
0.000910
0.000853
0.000864
0.000701
0.000586
0.000601
0.000445
0.000139
-0.000192
-0.000340
-0.000135
-0.000135
-0.000424
-0.000229
0.000071
-0.000317
-0.000640
-0.000299
-0.000192
-0.000549
-0.000472
-0.000084
-0.000071
-0.000151
-0.000268
-0.000697
-0.000552
0.000293
0.000220
-0.000480
-0.000003
0.000788
0.000422
0.000052
0.000400
0.000322
-0.000058
0.000319
0.000718
0.000173
-0.000337
0.000155
0.000890
0.000831
0.000198
-0.000100
0.000003
-0.000179
-0.000665
-0.000905
-0.001084
-0.001562
-0.001735
-0.001235
-0.000879
-0.001009
-0.000707
0.000233
0.000738
0.000731
0.001063
0.001389
0.001158
0.001091
0.001506
0.001609
0.001351
0.001400
0.001501
0.001141
0.000790
0.000771
0.000512
-0.000081
-0.000317
-0.000209
-0.000413
-0.000832
-0.000955
-0.000981
-0.001295
-0.001635
-0.001732
-0.001828
-0.002006
-0.001960
-0.001649
-0.001399
-0.001318
-0.001138
-0.000673
-0.000105
0.000287
0.000550
0.000882
0.001169
0.001290
0.001502
0.001849
0.001977
0.001865
0.001748
0.001532
0.001193
0.001056
0.001165
0.001148
0.000863
0.000518
0.000200
-0.000202
-0.000748
-0.001343
-0.001754
-0.001736
-0.001382
-0.001171
-0.001277
-0.001266
-0.001045
-0.001096
-0.001280
-0.001030
-0.000627
-0.000476
-0.000196
0.000282
0.000462
0.000506
0.000902
0.001321
0.001276
0.001041
0.000947
0.000842
0.000736
0.000859
0.000937
0.000691
0.000488
0.000281
-0.000270
-0.000517
-0.000197
-0.000193
-0.000462
-0.000419
-0.000527
-0.000853
-0.000762
-0.000654
-0.000994
-0.001100
-0.000577
0.000029
0.000228
0.000207
0.000281
0.000291
0.000146
0.000078
0.000132
0.000221
0.000210
0.000004
-0.000163
-0.000109
0.000095
0.000440
0.000735
0.000703
0.000662
0.000644
0.000114
-0.000209
0.000324
0.000415
-0.000117
0.000242
0.000838
0.000114
-0.000983
-0.001482
-0.002056
-0.002404
-0.001914
-0.001421
-0.001226
-0.000885
-0.000628
-0.000240
0.000631
0.001110
0.000966
0.001344
0.002137
0.002222
0.001981
0.002197
0.002311
0.002000
0.001805
0.001680
0.001277
0.000804
0.000316
-0.000278
-0.000614
-0.000756
-0.001341
-0.002031
-0.002018
-0.001804
-0.002126
-0.002363
-0.002067
-0.001991
-0.002278
-0.002131
-0.001661
-0.001502
-0.001241
-0.000434
0.000255
0.000404
0.000610
0.001136
0.001505
0.001620
0.001841
0.002133
0.002226
0.002207
0.002269
0.002282
0.002071
0.001797
0.001574
0.001087
0.000313
-0.000183
-0.000383
-0.000920
-0.001648
-0.001715
-0.001217
-0.001137
-0.001564
-0.001706
-0.001573
-0.001732
-0.001827
-0.001409
-0.001154
-0.001308
-0.000937
-0.000057
0.000249
0.000135
0.000437
0.000808
0.000839
0.001061
0.001489
0.001483
0.001292
0.001590
0.001933
0.001556
0.000882
0.000573
0.000271
-0.000249
-0.000303
0.000076
-0.000176
-0.000807
-0.000570
-0.000079
-0.000677
-0.001522
-0.001257
-0.000712
-0.000963
-0.001013
-0.000295
-0.000252
-0.000871
-0.000560
0.000023
-0.000141
0.000071
0.000688
0.000694
0.000750
0.000995
0.000472
0.000008
0.000377
0.000346
0.000050
0.000704
0.001102
0.000373
0.000126
0.000481
0.000073
-0.000369
0.000103
0.000347
-0.000067
-0.000126
-0.000098
-0.000834
-0.001717
-0.002001
-0.001959
-0.001925
-0.001896
-0.001692
-0.001210
-0.000870
-0.000690
0.000316
0.001892
0.002280
0.001795
0.002294
0.003137
0.002751
0.002137
0.002376
0.002318
0.001574
0.001375
0.001625
0.001138
0.000136
-0.000382
-0.000561
-0.001070
-0.001713
-0.001948
-0.001969
-0.002264
-0.002636
-0.002653
-0.002588
-0.002743
-0.002637
-0.002029
-0.001542
-0.001403
-0.001061
-0.000471
-0.000148
0.000057
0.000633
0.001297
0.001602
0.001853
0.002335
0.002632
0.002528
0.002452
0.002535
0.002429
0.002095
0.001742
0.001370
0.000967
0.000540
-0.000033
-0.000661
-0.001089
-0.001321
-0.001369
-0.001183
-0.001093
-0.001380
-0.001726
-0.001850
-0.001906
-0.001941
-0.001845
-0.001693
-0.001481
-0.001019
-0.000417
-0.000034
0.000161
0.000464
0.000805
0.001028
0.001326
0.001682
0.001745
0.001659
0.001843
0.002032
0.001808
0.001404
0.001017
0.000547
0.000184
-0.000026
-0.000383
-0.000745
-0.000937
-0.001295
-0.001631
-0.001449
-0.001222
-0.001372
-0.001262
-0.000641
-0.000304
-0.000538
-0.000528
-0.000050
0.000046
-0.000236
0.000001
0.000540
0.000519
0.000341
0.000769
0.001141
0.000804
0.000491
0.000653
0.000841
0.000749
0.000358
0.000005
0.000117
0.000395
0.000326
0.000120
0.000086
0.000037
-0.000130
-0.000234
-0.000244
-0.000341
-0.000831
-0.001915
-0.002944
-0.003069
-0.002913
-0.003114
-0.002518
-0.001087
-0.000625
-0.000461
0.001270
0.002786
0.002385
0.002458
0.003953
0.004354
0.003669
0.003924
0.004154
0.003082
0.002252
0.002281
0.001736
0.000606
-0.000115
-0.000666
-0.001487
-0.002310
-0.002988
-0.003481
-0.003711
-0.003911
-0.004092
-0.003906
-0.003583
-0.003541
-0.003374
-0.002751
-0.002190
-0.001802
-0.000981
0.000168
0.000979
0.001576
0.002362
0.002980
0.003143
0.003328
0.003724
0.003831
0.003570
0.003373
0.003234
0.002922
0.002530
0.002026
0.001119
-0.000009
-0.000764
-0.001085
-0.001473
-0.002002
-0.002297
-0.002347
-0.002293
-0.002043
-0.001933
-0.002338
-0.002631
-0.002350
-0.002136
-0.002179
-0.001927
-0.001479
-0.001031
-0.000216
0.000685
0.000986
0.001056
0.001485
0.001968
0.002256
0.002537
0.002684
0.002598
0.002555
0.002502
0.002111
0.001450
0.000805
0.000318
-0.000035
-0.000477
-0.001124
-0.001718
-0.002013
-0.002073
-0.002112
-0.002207
-0.002119
-0.001690
-0.001214
-0.000922
-0.000665
-0.000311
0.000076
0.000366
0.000519
0.000758
0.001205
0.001385
0.001074
0.000986
0.001295
0.001068
0.000300
0.000068
0.000302
0.000234
0.000278
0.000730
0.000656
0.000003
-0.000131
0.000025
-0.000458
-0.000879
-0.000472
-0.000088
-0.000117
-0.000151
-0.000843
-0.002438
-0.003378
-0.003246
-0.003586
-0.004308
-0.003957
-0.003049
-0.002114
0.000286
0.003479
0.004727
0.004817
0.006008
0.006915
0.006240
0.005596
0.005109
0.003699
0.002737
0.002986
0.002480
0.000822
-0.000483
-0.001586
-0.002939
-0.003763
-0.004433
-0.005666
-0.006266
-0.005729
-0.005420
-0.005336
-0.004502
-0.003639
-0.003339
-0.002632
-0.001525
-0.001049
-0.000706
0.000431
0.001672
0.002433
0.003361
0.004424
0.004829
0.004872
0.005176
0.005121
0.004251
0.003450
0.003219
0.002933
0.002393
0.001886
0.001064
-0.000208
-0.001207
-0.001891
-0.002898
-0.003879
-0.004194
-0.004200
-0.004077
-0.003385
-0.002495
-0.002210
-0.002222
-0.001849
-0.001332
-0.001074
-0.000806
-0.000350
0.000072
0.000544
0.001282
0.002000
0.002331
0.002385
0.002449
0.002594
0.002646
0.002403
0.001957
0.001617
0.001463
0.001257
0.000856
0.000381
-0.000121
-0.000697
-0.001198
-0.001519
-0.001848
-0.002175
-0.002168
-0.001850
-0.001612
-0.001552
-0.001496
-0.001348
-0.001033
-0.000551
-0.000104
0.000214
0.000615
0.001168
0.001582
0.001665
0.001544
0.001341
0.001124
0.000945
0.000669
0.000200
-0.000203
-0.000282
-0.000085
0.000252
0.000601
0.000739
0.000436
-0.000199
-0.000676
-0.000799
-0.000949
-0.001172
-0.000840
0.000052
0.000606
0.000391
-0.000567
-0.002316
-0.003867
-0.004116
-0.004190
-0.005078
-0.005240
-0.003850
-0.001749
0.001182
0.004300
0.005664
0.006275
0.008059
0.009120
0.008012
0.006843
0.006103
0.004460
0.003146
0.003102
0.002214
-0.000106
-0.001879
-0.002876
-0.004210
-0.005743
-0.007126
-0.008224
-0.008402
-0.007703
-0.006820
-0.005737
-0.004507
-0.003640
-0.002786
-0.001480
-0.000434
-0.000034
0.000615
0.002026
0.003568
0.004702
0.005623
0.006438
0.006717
0.006419
0.006093
0.005597
0.004322
0.002832
0.002043
0.001565
0.000811
-0.000018
-0.000908
-0.002028
-0.003087
-0.003949
-0.004811
-0.005531
-0.005741
-0.005320
-0.004462
-0.003442
-0.002277
-0.001024
-0.000110
0.000364
0.000791
0.001120
0.001050
0.000974
0.001411
0.002079
0.002540
0.002862
0.003075
0.002936
0.002467
0.001969
0.001509
0.000892
0.000169
-0.000273
-0.000263
-0.000182
-0.000464
-0.000933
-0.001183
-0.001329
-0.001594
-0.001819
-0.001992
-0.002186
-0.002005
-0.001314
-0.000720
-0.000458
-0.000085
0.000446
0.000769
0.000870
0.000926
0.000949
0.001003
0.001175
0.001308
0.001227
0.001021
0.000805
0.000574
0.000362
0.000123
-0.000292
-0.000775
-0.001010
-0.000953
-0.000760
-0.000481
-0.000159
0.000155
0.000469
0.000579
0.000315
0.000029
0.000001
0.000010
0.000035
0.000275
0.000576
0.000496
-0.000685
-0.003122
-0.005037
-0.005057
-0.005056
-0.006727
-0.008147
-0.006805
-0.002654
0.002346
0.005948
0.008150
0.010436
0.012047
0.011758
0.010936
0.009825
0.006832
0.003759
0.003375
0.003462
0.001188
-0.001668
-0.003280
-0.004864
-0.007012
-0.008902
-0.010460
-0.011675
-0.011815
-0.010479
-0.008136
-0.005963
-0.004638
-0.003241
-0.001158
0.000462
0.001121
0.001914
0.003224
0.004625
0.006301
0.008162
0.009262
0.009199
0.008524
0.007732
0.006686
0.004986
0.002822
0.001018
-0.000125
-0.001016
-0.001807
-0.002562
-0.003510
-0.004363
-0.004833
-0.005335
-0.006062
-0.006614
-0.006573
-0.005673
-0.004169
-0.002662
-0.001047
0.000783
0.001970
0.002408
0.003078
0.003619
0.003133
0.002645
0.003062
0.003284
0.002871
0.002792
0.002810
0.002003
0.000978
0.000489
-0.000093
-0.001086
-0.001714
-0.001720
-0.001590
-0.001514
-0.001458
-0.001418
-0.001321
-0.001265
-0.001369
-0.001401
-0.001245
-0.001043
-0.000631
0.000114
0.000710
0.000885
0.001046
0.001302
0.001245
0.000952
0.000876
0.000907
0.000732
0.000531
0.000476
0.000360
0.000135
-0.000002
-0.000092
-0.000325
-0.000649
-0.000943
-0.001186
-0.001293
-0.001143
-0.000734
-0.000154
0.000467
0.001017
0.001509
0.001918
0.001830
0.000927
0.000045
0.000158
0.000329
-0.000460
-0.000722
0.000258
-0.000265
-0.003519
-0.006221
-0.006278
-0.006060
-0.007428
-0.008929
-0.008438
-0.004623
0.001754
0.006978
0.009457
0.012072
0.015133
0.015461
0.013725
0.012120
0.008920
0.004262
0.002204
0.002393
0.000601
-0.002882
-0.005186
-0.006812
-0.009008
-0.011102
-0.012813
-0.014076
-0.013856
-0.011909
-0.009103
-0.006117
-0.003664
-0.001982
-0.000066
0.002351
0.003882
0.004228
0.005008
0.006816
0.008444
0.009479
0.010414
0.010501
0.008986
0.007186
0.006033
0.004200
0.001247
-0.001092
-0.002188
-0.003039
-0.003774
-0.004237
-0.005056
-0.006007
-0.006220
-0.005997
-0.005862
-0.005621
-0.005421
-0.005049
-0.003372
-0.000802
0.000803
0.001676
0.003291
0.004838
0.004894
0.004202
0.003638
0.002879
0.002311
0.002527
0.002673
0.002109
0.001527
0.001189
0.000608
-0.000241
-0.001207
-0.002192
-0.002671
-0.002483
-0.002238
-0.002082
-0.001648
-0.001204
-0.001099
-0.000862
-0.000336
-0.000200
-0.000407
-0.000120
0.000534
0.000779
0.000769
0.000970
0.001138
0.001133
0.001234
0.001327
0.001112
0.000702
0.000275
-0.000167
-0.000548
-0.000811
-0.001017
-0.001110
-0.000987
-0.000764
-0.000590
-0.000422
-0.000233
-0.000122
-0.000043
0.000188
0.000587
0.001017
0.001378
0.001665
0.001955
0.002145
0.001866
0.001065
0.000105
-0.000896
-0.001797
-0.001871
-0.000954
-0.000204
-0.000853
-0.003392
-0.006875
-0.008714
-0.008286
-0.008758
-0.011064
-0.010439
-0.003805
0.004548
0.009739
0.013166
0.017070
0.018967
0.017468
0.015536
0.013530
0.008785
0.003374
0.001660
0.001873
-0.000560
-0.005120
-0.008585
-0.010756
-0.013096
-0.015411
-0.016440
-0.015882
-0.014437
-0.011871
-0.007387
-0.002762
-0.000757
-0.000098
0.002181
0.004972
0.005914
0.006365
0.008060
0.009636
0.010268
0.011276
0.012021
0.010213
0.006816
0.004660
0.003345
0.000944
-0.001899
-0.003758
-0.004874
-0.005527
-0.005510
-0.005510
-0.006106
-0.006509
-0.005942
-0.004810
-0.004078
-0.004168
-0.004203
-0.003009
-0.000938
0.000970
0.002602
0.003898
0.004530
0.004984
0.005491
0.005099
0.003667
0.002398
0.001795
0.001402
0.000926
0.000306
-0.000425
-0.001031
-0.001375
-0.001646
-0.002091
-0.002596
-0.002690
-0.002091
-0.001123
-0.000361
0.000058
0.000397
0.000717
0.000822
0.000638
0.000270
-0.000061
-0.000106
0.000095
0.000294
0.000437
0.000550
0.000584
0.000582
0.000504
0.000110
-0.000550
-0.001054
-0.001238
-0.001263
-0.001139
-0.000853
-0.000594
-0.000380
-0.000033
0.000364
0.000575
0.000614
0.000688
0.000944
0.001333
0.001625
0.001740
0.001845
0.001955
0.001903
0.001706
0.001381
0.000747
-0.000177
-0.001128
-0.001915
-0.002417
-0.002637
-0.002606
-0.002089
-0.001448
-0.002414
-0.005770
-0.008983
-0.009398
-0.008710
-0.009845
-0.010666
-0.006321
0.002641
0.010393
0.014565
0.018108
0.021468
0.021330
0.018001
0.014772
0.011085
0.005335
0.000532
-0.000709
-0.001455
-0.005128
-0.010079
-0.013217
-0.014888
-0.016948
-0.018665
-0.017992
-0.015357
-0.012332
-0.008377
-0.003153
0.000939
0.002586
0.004025
0.006636
0.008650
0.009085
0.009396
0.010351
0.011027
0.010996
0.010620
0.009482
0.006970
0.003903
0.001466
-0.000685
-0.003354
-0.005864
-0.007065
-0.007111
-0.006805
-0.006460
-0.006132
-0.005758
-0.005025
-0.003849
-0.002633
-0.001674
-0.000876
-0.000126
0.000780
0.002199
0.003807
0.004558
0.004379
0.004412
0.004790
0.004319
0.002755
0.001137
0.000022
-0.000835
-0.001548
-0.001977
-0.002118
-0.002170
-0.002199
-0.001945
-0.001506
-0.001482
-0.001651
-0.001058
0.000190
0.001135
0.001622
0.002009
0.002168
0.001949
0.001547
0.000961
0.000144
-0.000501
-0.000657
-0.000529
-0.000420
-0.000541
-0.000909
-0.001124
-0.000998
-0.000949
-0.001080
-0.001028
-0.000885
-0.000881
-0.000734
-0.000395
-0.000260
-0.000198
0.000244
0.000949
0.001552
0.001956
0.002116
0.002047
0.001906
0.001731
0.001509
0.001373
0.001359
0.001320
0.001154
0.000830
0.000342
-0.000339
-0.001444
-0.002939
-0.003922
-0.003735
-0.003008
-0.002074
-0.000749
-0.000998
-0.004939
-0.009510
-0.010254
-0.009327
-0.010830
-0.011320
-0.004957
0.005704
0.013480
0.017446
0.021215
0.023770
0.021482
0.016291
0.012373
0.008561
0.002818
-0.001674
-0.002469
-0.003263
-0.007518
-0.012694
-0.015203
-0.016152
-0.017993
-0.019195
-0.017092
-0.013112
-0.009671
-0.005480
0.000232
0.004192
0.005035
0.006075
0.008719
0.010321
0.010020
0.009979
0.010728
0.010729
0.009773
0.008665
0.006927
0.003902
0.000521
-0.002032
-0.003907
-0.005814
-0.007609
-0.008263
-0.007281
-0.005659
-0.004650
-0.004132
-0.003383
-0.002438
-0.001484
-0.000368
0.000654
0.001326
0.002190
0.003360
0.003788
0.003087
0.002263
0.001817
0.001198
0.000496
0.000418
0.000648
0.000366
-0.000224
-0.000618
-0.001097
-0.001874
-0.002445
-0.002395
-0.001840
-0.001093
-0.000383
0.000381
0.001266
0.001826
0.001893
0.002043
0.002351
0.002257
0.001889
0.001652
0.001208
0.000311
-0.000579
-0.001258
-0.002013
-0.002671
-0.002718
-0.002334
-0.002073
-0.001846
-0.001341
-0.000803
-0.000539
-0.000438
-0.000314
-0.000146
0.000029
0.000255
0.000710
0.001395
0.001987
0.002338
0.002611
0.002707
0.002385
0.001887
0.001561
0.001259
0.000815
0.000465
0.000318
0.000119
-0.000244
-0.000597
-0.000917
-0.001356
-0.001913
-0.002546
-0.003204
-0.003489
-0.003118
-0.002419
-0.001427
0.000034
0.000262
-0.003111
-0.008115
-0.009833
-0.008559
-0.008901
-0.009612
-0.004533
0.005709
0.014006
0.018191
0.021461
0.023387
0.020721
0.014981
0.010365
0.006559
0.001162
-0.003841
-0.005254
-0.005335
-0.008479
-0.013594
-0.016236
-0.016270
-0.016797
-0.017234
-0.014518
-0.009592
-0.005594
-0.001906
0.003086
0.006972
0.007546
0.007384
0.008863
0.009889
0.008600
0.007000
0.006867
0.006888
0.005922
0.004759
0.003529
0.001327
-0.001395
-0.003316
-0.004448
-0.005561
-0.006447
-0.006159
-0.004367
-0.002069
-0.000613
0.000002
0.000596
0.001044
0.000951
0.000875
0.001153
0.001204
0.000876
0.000719
0.000765
0.000223
-0.001357
-0.002880
-0.002886
-0.002029
-0.001894
-0.001914
-0.000750
0.000739
0.001134
0.000877
0.000799
0.000771
0.000779
0.001136
0.001769
0.002443
0.002895
0.002897
0.002773
0.002722
0.002129
0.000982
0.000218
-0.000140
-0.000816
-0.001643
-0.002216
-0.002801
-0.003341
-0.003405
-0.003233
-0.003160
-0.002866
-0.002137
-0.001207
-0.000344
0.000195
0.000487
0.000936
0.001414
0.001552
0.001660
0.002038
0.002389
0.002582
0.002768
0.002791
0.002482
0.001980
0.001343
0.000533
-0.000252
-0.000769
-0.001000
-0.001138
-0.001453
-0.001826
-0.001730
-0.001182
-0.000832
-0.000821
-0.000748
-0.000643
-0.001026
-0.001999
-0.002544
-0.001514
0.000396
0.001542
0.001475
-0.000491
-0.005246
-0.009841
-0.010393
-0.009364
-0.010309
-0.008745
0.000248
0.011401
0.017366
0.019665
0.022250
0.022754
0.018125
0.011365
0.006349
0.002154
-0.002892
-0.006827
-0.007897
-0.008826
-0.012539
-0.016415
-0.016436
-0.014435
-0.014230
-0.013844
-0.009609
-0.003739
0.000176
0.003517
0.007672
0.009893
0.009223
0.008753
0.009241
0.008099
0.005190
0.003162
0.002851
0.002654
0.001413
-0.000343
-0.001640
-0.002551
-0.003671
-0.004586
-0.004515
-0.003848
-0.003022
-0.001291
0.001355
0.003205
0.003477
0.003396
0.003671
0.003573
0.002678
0.001448
0.000329
-0.000687
-0.001794
-0.002927
-0.003868
-0.004811
-0.005918
-0.006333
-0.005174
-0.003343
-0.002220
-0.001149
0.001037
0.003253
0.003923
0.003597
0.003419
0.003322
0.003073
0.002998
0.003223
0.003362
0.003045
0.002471
0.002003
0.001286
-0.000084
-0.001338
-0.001629
-0.001542
-0.001989
-0.002703
-0.002998
-0.002924
-0.002961
-0.003186
-0.003187
-0.002741
-0.002091
-0.001291
-0.000150
0.000932
0.001343
0.001447
0.001904
0.002345
0.002188
0.001779
0.001661
0.001765
0.001817
0.001741
0.001554
0.001240
0.000788
0.000278
-0.000208
-0.000718
-0.001249
-0.001499
-0.001190
-0.000570
-0.000080
0.000244
0.000513
0.000519
0.000094
-0.000526
-0.001199
-0.002097
-0.002885
-0.002670
-0.001327
0.000190
0.000705
-0.001027
-0.005148
-0.008890
-0.009723
-0.009678
-0.010729
-0.008729
0.000189
0.011294
0.017750
0.020340
0.022820
0.023448
0.018938
0.011507
0.005246
0.000222
-0.004869
-0.008629
-0.009662
-0.010134
-0.012615
-0.015266
-0.014820
-0.012719
-0.012277
-0.011825
-0.007866
-0.002096
0.001846
0.004596
0.007864
0.010035
0.009727
0.008549
0.007490
0.005469
0.002506
0.000370
-0.000079
0.000128
-0.000307
-0.001203
-0.001387
-0.000980
-0.001354
-0.002394
-0.002566
-0.001700
-0.000693
0.000637
0.002588
0.004151
0.004551
0.004372
0.004180
0.003526
0.001806
-0.000648
-0.002689
-0.003698
-0.004326
-0.005229
-0.006079
-0.006666
-0.007177
-0.006748
-0.004491
-0.001767
-0.000145
0.001414
0.003944
0.005824
0.005583
0.004306
0.003609
0.003617
0.003465
0.002765
0.002236
0.002316
0.002122
0.001250
0.000558
0.000078
-0.000872
-0.001589
-0.001208
-0.000695
-0.001174
-0.002112
-0.002535
-0.002561
-0.002918
-0.003540
-0.003588
-0.002849
-0.001909
-0.000960
0.000157
0.001052
0.001289
0.001295
0.001602
0.001861
0.001651
0.001451
0.001787
0.002205
0.002040
0.001535
0.001304
0.001225
0.000742
-0.000066
-0.000580
-0.000649
-0.000600
-0.000514
-0.000256
0.000086
0.000328
0.000504
0.000717
0.000677
-0.000028
-0.001134
-0.002041
-0.002713
-0.003200
-0.003054
-0.002041
-0.000771
-0.000813
-0.003578
-0.007568
-0.009340
-0.008909
-0.009114
-0.008673
-0.003090
0.006884
0.015219
0.019344
0.021883
0.023438
0.020873
0.013949
0.006803
0.001571
-0.003261
-0.007848
-0.010150
-0.010342
-0.011209
-0.013340
-0.014008
-0.012259
-0.010794
-0.010612
-0.008816
-0.004171
0.000569
0.003664
0.006340
0.008922
0.009863
0.008803
0.007026
0.005109
0.002595
-0.000122
-0.001605
-0.001437
-0.000913
-0.001046
-0.001252
-0.000772
-0.000244
-0.000611
-0.001257
-0.000884
0.000393
0.001594
0.002695
0.004045
0.004999
0.004826
0.003937
0.002892
0.001314
-0.001091
-0.003499
-0.004957
-0.005607
-0.006126
-0.006468
-0.006102
-0.005383
-0.005418
-0.006052
-0.005398
-0.002522
0.001044
0.003803
0.006147
0.008378
0.009276
0.007930
0.005323
0.003189
0.001970
0.000929
0.000088
0.000144
0.000573
0.000356
-0.000209
-0.000604
-0.001205
-0.002016
-0.002279
-0.001652
-0.000746
-0.000590
-0.001320
-0.001906
-0.002025
-0.002489
-0.003197
-0.003186
-0.002514
-0.001786
-0.000885
0.000320
0.001329
0.001798
0.002033
0.002390
0.002622
0.002295
0.001714
0.001566
0.001785
0.001711
0.001185
0.000663
0.000337
-0.000093
-0.000718
-0.001095
-0.000883
-0.000305
0.000301
0.000900
0.001391
0.001401
0.000809
-0.000090
-0.001092
-0.002202
-0.003253
-0.003908
-0.003896
-0.003071
-0.001626
-0.000434
-0.001042
-0.004292
-0.008127
-0.009333
-0.008525
-0.008448
-0.007156
-0.000383
0.009848
0.017223
0.020392
0.022544
0.023612
0.020258
0.012660
0.004979
-0.000575
-0.005160
-0.009184
-0.011189
-0.011392
-0.012304
-0.014251
-0.014370
-0.012029
-0.010249
-0.009753
-0.007418
-0.002341
0.002389
0.005129
0.007382
0.009615
0.010214
0.008640
0.006157
0.003633
0.000872
-0.001818
-0.003129
-0.002617
-0.001605
-0.001193
-0.000783
0.000309
0.001223
0.000890
0.000032
0.000172
0.001306
0.002362
0.003189
0.004178
0.004834
0.004408
0.003168
0.001756
0.000061
-0.002221
-0.004521
-0.005911
-0.006346
-0.006500
-0.006561
-0.006084
-0.004968
-0.003782
-0.003093
-0.002893
-0.002653
-0.001678
0.000454
0.003544
0.006796
0.009172
0.010019
0.009572
0.008156
0.005518
0.002168
-0.000359
-0.001565
-0.002152
-0.002398
-0.002227
-0.001858
-0.001538
-0.001508
-0.001848
-0.002192
-0.002278
-0.002178
-0.001820
-0.001280
-0.001030
-0.001159
-0.001228
-0.001062
-0.000893
-0.000939
-0.001140
-0.001146
-0.000714
-0.000036
0.000639
0.001333
0.002072
0.002689
0.002990
0.002910
0.002549
0.002076
0.001564
0.000999
0.000459
0.000008
-0.000447
-0.000848
-0.000903
-0.000619
-0.000338
-0.000128
0.000268
0.000858
0.001232
0.001031
0.000380
-0.000433
-0.001532
-0.002994
-0.004168
-0.004482
-0.004133
-0.003227
-0.001676
-0.000517
-0.001664
-0.005131
-0.007955
-0.008050
-0.007215
-0.006603
-0.002795
0.006067
0.015227
0.020033
0.021678
0.022254
0.020313
0.014313
0.006322
-0.000183
-0.004674
-0.008893
-0.012351
-0.013121
-0.012532
-0.013199
-0.013920
-0.012349
-0.009786
-0.008323
-0.006710
-0.002889
0.002110
0.005810
0.007913
0.009562
0.010514
0.009683
0.007196
0.004099
0.001122
-0.001376
-0.003021
-0.003421
-0.002747
-0.001920
-0.001414
-0.000747
0.000108
0.000385
0.000016
-0.000090
0.000692
0.002085
0.003342
0.004084
0.004548
0.004716
0.004023
0.002386
0.000374
-0.001720
-0.003843
-0.005518
-0.006245
-0.006272
-0.006119
-0.005690
-0.004656
-0.003360
-0.002527
-0.002368
-0.002454
-0.002048
-0.000668
0.001320
0.003535
0.006338
0.009202
0.010293
0.009116
0.006897
0.004323
0.001458
-0.001124
-0.002610
-0.002621
-0.001831
-0.001449
-0.001401
-0.000956
-0.000834
-0.001774
-0.002698
-0.002671
-0.002247
-0.001983
-0.001710
-0.001243
-0.000863
-0.000983
-0.001346
-0.001325
-0.001092
-0.001128
-0.001051
-0.000343
0.000648
0.001387
0.001879
0.002359
0.002802
0.002898
0.002590
0.002255
0.001994
0.001491
0.000762
0.000175
-0.000163
-0.000386
-0.000505
-0.000409
-0.000111
0.000158
0.000246
0.000294
0.000340
0.000090
-0.000603
-0.001430
-0.002151
-0.003003
-0.004016
-0.004480
-0.003858
-0.002528
-0.001069
-0.000065
-0.000840
-0.003839
-0.006600
-0.006871
-0.006103
-0.005615
-0.002599
0.005062
0.013707
0.018449
0.019533
0.019903
0.019099
0.014291
0.006263
-0.000679
-0.004809
-0.008183
-0.011537
-0.013011
-0.012570
-0.012556
-0.013042
-0.011737
-0.008888
-0.006926
-0.005599
-0.002536
0.002149
0.006007
0.008040
0.009219
0.009978
0.009405
0.006950
0.003605
0.000730
-0.001415
-0.003080
-0.003883
-0.003475
-0.002530
-0.001856
-0.001284
-0.000430
0.000260
0.000241
-0.000029
0.000416
0.001789
0.003241
0.003966
0.004310
0.004860
0.004954
0.003660
0.001383
-0.000946
-0.003054
-0.004829
-0.005979
-0.006453
-0.006410
-0.005936
-0.005065
-0.003927
-0.002831
-0.002053
-0.001542
-0.001115
-0.000684
-0.000001
0.001304
0.003369
0.006053
0.008665
0.010011
0.009522
0.007542
0.004532
0.001307
-0.001061
-0.002397
-0.002947
-0.002642
-0.001934
-0.001542
-0.001567
-0.002035
-0.002813
-0.003307
-0.003441
-0.003443
-0.002956
-0.001880
-0.000809
-0.000174
-0.000009
-0.000101
-0.000150
-0.000191
-0.000345
-0.000399
-0.000182
0.000300
0.001110
0.002167
0.003122
0.003620
0.003516
0.002916
0.002000
0.000918
-0.000038
-0.000568
-0.000682
-0.000547
-0.000256
0.000114
0.000391
0.000333
-0.000109
-0.000639
-0.000961
-0.001069
-0.001068
-0.001038
-0.001057
-0.001157
-0.001378
-0.001817
-0.002441
-0.002921
-0.002832
-0.002053
-0.000815
0.000436
0.000647
-0.001371
-0.004582
-0.006075
-0.005506
-0.005011
-0.003627
0.001901
0.010241
0.016186
0.017953
0.018077
0.017714
0.014544
0.007210
-0.001075
-0.006374
-0.009308
-0.012189
-0.013937
-0.013004
-0.011363
-0.010762
-0.009572
-0.006736
-0.004146
-0.002853
-0.001062
0.002514
0.006299
0.008263
0.008681
0.008976
0.009003
0.007293
0.003761
0.000207
-0.002231
-0.003977
-0.005126
-0.005079
-0.004097
-0.003060
-0.002135
-0.001085
-0.000098
0.000475
0.000718
0.001230
0.002409
0.003765
0.004573
0.004920
0.005137
0.004821
0.003464
0.001364
-0.000887
-0.003047
-0.004861
-0.005914
-0.006197
-0.006105
-0.005761
-0.004991
-0.003917
-0.002981
-0.002351
-0.001824
-0.001356
-0.000940
0.000102
0.002515
0.005653
0.008103
0.009402
0.009670
0.008504
0.005653
0.002107
-0.000514
-0.001688
-0.002223
-0.002564
-0.002355
-0.001760
-0.001540
-0.001957
-0.002706
-0.003428
-0.003861
-0.003781
-0.002980
-0.001685
-0.000634
-0.000082
0.000367
0.000668
0.000428
-0.000105
-0.000321
-0.000051
0.000479
0.001046
0.001587
0.002076
0.002337
0.002186
0.001646
0.000882
0.000160
-0.000212
-0.000184
0.000038
0.000340
0.000710
0.001021
0.001055
0.000717
0.000162
-0.000352
-0.000714
-0.000932
-0.000971
-0.000809
-0.000534
-0.000301
-0.000237
-0.000446
-0.001082
-0.002098
-0.002941
-0.003093
-0.002674
-0.001905
-0.000636
0.000860
0.001186
-0.000786
-0.003745
-0.005205
-0.005104
-0.005063
-0.004254
-0.000102
0.006849
0.012659
0.015149
0.015966
0.016231
0.013858
0.007710
0.000634
-0.004278
-0.007195
-0.009502
-0.010960
-0.010705
-0.009473
-0.008624
-0.007831
-0.006146
-0.004236
-0.003016
-0.001579
0.001169
0.004329
0.006293
0.006956
0.007219
0.007143
0.005888
0.003226
0.000115
-0.002349
-0.003877
-0.004715
-0.004879
-0.004167
-0.002840
-0.001499
-0.000321
0.000763
0.001503
0.001793
0.002126
0.002941
0.003987
0.004643
0.004626
0.004233
0.003719
0.002742
0.000982
-0.001109
-0.002890
-0.004267
-0.005347
-0.006050
-0.006294
-0.006086
-0.005457
-0.004502
-0.003304
-0.002000
-0.000871
-0.000064
0.000634
0.001615
0.003046
0.004713
0.006375
0.007808
0.008375
0.007506
0.005485
0.003039
0.000715
-0.001127
-0.002396
-0.003168
-0.003415
-0.003247
-0.002950
-0.002684
-0.002573
-0.002597
-0.002437
-0.002024
-0.001583
-0.001072
-0.000405
0.000180
0.000498
0.000681
0.000858
0.000922
0.000782
0.000476
0.000077
-0.000205
-0.000156
0.000100
0.000294
0.000365
0.000431
0.000589
0.000808
0.000985
0.001098
0.001206
0.001306
0.001304
0.001131
0.000822
0.000463
0.000117
-0.000172
-0.000382
-0.000514
-0.000578
-0.000568
-0.000456
-0.000312
-0.000325
-0.000550
-0.000881
-0.001390
-0.002194
-0.003047
-0.003479
-0.003100
-0.001807
0.000003
0.001649
0.002160
0.000313
-0.003430
-0.006243
-0.006693
-0.006334
-0.005406
-0.001415
0.005941
0.012773
0.015884
0.016353
0.016189
0.014284
0.008877
0.001745
-0.003621
-0.006462
-0.008496
-0.010225
-0.010377
-0.009075
-0.008107
-0.007615
-0.006357
-0.004758
-0.003850
-0.002758
-0.000196
0.003281
0.006032
0.007236
0.007482
0.007412
0.006330
0.003427
-0.000268
-0.002953
-0.004225
-0.004757
-0.004758
-0.003973
-0.002607
-0.001282
-0.000250
0.000594
0.001097
0.001122
0.001196
0.002020
0.003485
0.004755
0.005326
0.005466
0.005315
0.004342
0.002246
-0.000417
-0.002941
-0.005026
-0.006498
-0.007156
-0.006977
-0.006171
-0.004983
-0.003537
-0.002005
-0.000820
-0.000329
-0.000215
0.000251
0.001252
0.002329
0.003404
0.004989
0.006919
0.007914
0.007120
0.005128
0.002911
0.000744
-0.001434
-0.003241
-0.003935
-0.003446
-0.002709
-0.002319
-0.001920
-0.001411
-0.001194
-0.001227
-0.001180
-0.000973
-0.000553
0.000110
0.000871
0.001481
0.001510
0.000751
-0.000276
-0.001041
-0.001676
-0.002285
-0.002448
-0.001828
-0.000696
0.000351
0.001065
0.001682
0.002222
0.002308
0.001934
0.001533
0.001254
0.001028
0.000990
0.001181
0.001320
0.001182
0.000871
0.000632
0.000452
0.000105
-0.000411
-0.000854
-0.001126
-0.001320
-0.001496
-0.001672
-0.001936
-0.002336
-0.002737
-0.002994
-0.003058
-0.002781
-0.001943
-0.000524
0.001196
0.002425
0.001865
-0.000870
-0.004014
-0.005531
-0.005598
-0.005261
-0.003585
0.001333
0.008449
0.013680
0.015157
0.015209
0.015039
0.012169
0.005637
-0.001187
-0.005084
-0.006677
-0.008159
-0.009582
-0.009523
-0.008383
-0.007787
-0.007477
-0.006301
-0.004781
-0.003684
-0.002044
0.001113
0.004662
0.006763
0.007328
0.007470
0.007213
0.005522
0.002305
-0.001078
-0.003347
-0.004480
-0.005040
-0.005007
-0.004139
-0.002849
-0.001637
-0.000458
0.000655
0.001380
0.001793
0.002430
0.003615
0.004959
0.005694
0.005625
0.005164
0.004296
0.002617
0.000308
-0.001959
-0.003757
-0.005013
-0.005798
-0.006115
-0.005903
-0.005252
-0.004280
-0.003067
-0.001921
-0.001075
-0.000330
0.000360
0.000582
0.000466
0.001035
0.002543
0.003846
0.004609
0.005737
0.006754
0.006071
0.003905
0.001869
0.000610
-0.000479
-0.002082
-0.003612
-0.003709
-0.002675
-0.002069
-0.001879
-0.001177
-0.000416
-0.000407
-0.000710
-0.000645
-0.000385
-0.000305
-0.000247
-0.000002
0.000113
-0.000257
-0.000920
-0.001441
-0.001652
-0.001584
-0.001176
-0.000375
0.000543
0.001162
0.001429
0.001591
0.001759
0.001897
0.002011
0.002154
0.002393
0.002690
0.002736
0.002212
0.001197
0.000022
-0.001091
-0.002017
-0.002606
-0.002800
-0.002699
-0.002365
-0.001793
-0.001166
-0.000853
-0.000982
-0.001264
-0.001385
-0.001400
-0.001473
-0.001327
-0.000515
0.000826
0.002109
0.002745
0.001926
-0.000831
-0.004295
-0.006337
-0.006440
-0.005717
-0.004376
-0.000779
0.005642
0.011789
0.014350
0.014452
0.014485
0.012967
0.007765
0.001046
-0.003476
-0.005363
-0.006726
-0.008458
-0.009330
-0.008814
-0.008271
-0.008254
-0.007569
-0.005881
-0.004166
-0.002385
0.000537
0.004268
0.006922
0.007665
0.007475
0.006983
0.005474
0.002460
-0.001103
-0.003663
-0.004618
-0.004659
-0.004403
-0.003559
-0.002116
-0.000856
-0.000025
0.000797
0.001527
0.001823
0.002028
0.002761
0.003943
0.004839
0.004993
0.004648
0.004014
0.002808
0.000840
-0.001473
-0.003421
-0.004617
-0.005231
-0.005518
-0.005406
-0.004848
-0.003998
-0.002975
-0.001933
-0.001101
-0.000478
0.000113
0.000807
0.001561
0.001989
0.001851
0.001749
0.002278
0.002954
0.003190
0.003405
0.004044
0.004489
0.003868
0.002449
0.001264
0.000452
-0.000757
-0.002345
-0.003308
-0.003298
-0.003087
-0.003153
-0.002984
-0.002292
-0.001703
-0.001518
-0.001148
-0.000399
0.000159
0.000352
0.000602
0.001033
0.001220
0.000835
0.000171
-0.000317
-0.000664
-0.000947
-0.000811
-0.000062
0.000953
0.001790
0.002267
0.002476
0.002497
0.002168
0.001470
0.000742
0.000194
-0.000258
-0.000673
-0.001052
-0.001377
-0.001557
-0.001541
-0.001383
-0.001151
-0.000910
-0.000712
-0.000529
-0.000244
0.000238
0.000808
0.001161
0.001099
0.000739
0.000289
-0.000280
-0.001023
-0.001731
-0.002132
-0.001985
-0.001066
0.000147
0.000157
-0.001862
-0.004432
-0.005387
-0.004712
-0.003869
-0.002662
0.000817
0.006594
0.011519
0.013122
0.012757
0.012370
0.010653
0.005934
0.000028
-0.004200
-0.006443
-0.007941
-0.008982
-0.008961
-0.007965
-0.006891
-0.005913
-0.004419
-0.002671
-0.001502
-0.000463
0.001587
0.004269
0.005922
0.006023
0.005597
0.005110
0.003812
0.001411
-0.001246
-0.003180
-0.004065
-0.004247
-0.004107
-0.003470
-0.002273
-0.001057
-0.000075
0.000833
0.001440
0.001524
0.001574
0.002210
0.003337
0.004288
0.004616
0.004432
0.003935
0.002987
0.001382
-0.000682
-0.002561
-0.003787
-0.004511
-0.004894
-0.004688
-0.003959
-0.003236
-0.002701
-0.002221
-0.001833
-0.001488
-0.000951
-0.000235
0.000446
0.001104
0.001818
0.002424
0.002902
0.003616
0.004612
0.005159
0.004583
0.003103
0.001540
0.000382
-0.000666
-0.001867
-0.002546
-0.002125
-0.001387
-0.001314
-0.001627
-0.001591
-0.001255
-0.001107
-0.001158
-0.000968
-0.000387
0.000221
0.000592
0.000824
0.000874
0.000453
-0.000347
-0.000974
-0.001158
-0.001174
-0.001180
-0.000881
-0.000086
0.000856
0.001397
0.001377
0.001139
0.001036
0.000999
0.000807
0.000510
0.000329
0.000313
0.000309
0.000251
0.000232
0.000274
0.000305
0.000355
0.000451
0.000440
0.000221
-0.000030
-0.000167
-0.000290
-0.000473
-0.000674
-0.000974
-0.001506
-0.002177
-0.002668
-0.002744
-0.002486
-0.002042
-0.001261
-0.000005
0.001353
0.001952
0.000931
-0.001423
-0.003345
-0.003584
-0.002712
-0.001569
0.000062
0.002884
0.006746
0.009709
0.010024
0.008915
0.008169
0.006650
0.002989
-0.001326
-0.004191
-0.005333
-0.005794
-0.006416
-0.006813
-0.006309
-0.005333
-0.004394
-0.003133
-0.001564
-0.000391
0.000487
0.002013
0.004003
0.004896
0.004149
0.003002
0.002274
0.001318
-0.000439
-0.002440
-0.003614
-0.003564
-0.003042
-0.002705
-0.002152
-0.001158
-0.000257
0.000450
0.001283
0.002103
0.002737
0.003338
0.003909
0.004253
0.004198
0.003627
0.002644
0.001552
0.000487
-0.000655
-0.001829
-0.002699
-0.003157
-0.003514
-0.003836
-0.003845
-0.003525
-0.003056
-0.002472
-0.001807
-0.001173
-0.000738
-0.000566
-0.000352
0.000122
0.000645
0.001334
0.002582
0.003958
0.004596
0.004372
0.003659
0.002673
0.001471
0.000247
-0.000463
-0.000360
-0.000048
-0.000126
-0.000300
-0.000292
-0.000504
-0.001167
-0.001800
-0.001896
-0.001631
-0.001457
-0.001336
-0.001019
-0.000730
-0.000837
-0.001193
-0.001312
-0.001051
-0.000712
-0.000395
0.000099
0.000639
0.000854
0.000745
0.000607
0.000623
0.000773
0.000952
0.001183
0.001524
0.001794
0.001806
0.001620
0.001286
0.000806
0.000314
-0.000063
-0.000292
-0.000378
-0.000428
-0.000531
-0.000599
-0.000566
-0.000565
-0.000754
-0.001080
-0.001276
-0.001157
-0.000847
-0.000619
-0.000553
-0.000606
-0.000849
-0.001252
-0.001455
-0.001287
-0.001011
-0.000584
0.000377
0.001613
0.002041
0.000737
-0.001731
-0.003376
-0.003217
-0.002315
-0.001198
0.000947
0.003651
0.005259
0.005639
0.005860
0.006155
0.005893
0.004691
0.002989
0.001385
-0.000282
-0.002155
-0.003470
-0.003880
-0.004358
-0.005476
-0.006213
-0.005662
-0.004467
-0.003472
-0.002372
-0.000673
0.001331
0.002960
0.003738
0.003691
0.003238
0.002565
0.001602
0.000595
-0.000212
-0.000965
-0.001568
-0.001643
-0.001335
-0.001166
-0.001241
-0.001193
-0.000762
-0.000166
0.000235
0.000527
0.001129
0.002078
0.002837
0.003063
0.003077
0.003085
0.002695
0.001807
0.000859
-0.000070
-0.001222
-0.002431
-0.003306
-0.003695
-0.003712
-0.003536
-0.003126
-0.002408
-0.001667
-0.001230
-0.000953
-0.000374
0.000673
0.001723
0.002223
0.002364
0.002597
0.002652
0.002113
0.001331
0.000892
0.000836
0.000849
0.000764
0.000713
0.000737
0.000513
-0.000114
-0.000839
-0.001385
-0.001676
-0.001673
-0.001488
-0.001315
-0.001157
-0.000880
-0.000461
-0.000084
0.000097
0.000200
0.000380
0.000500
0.000293
-0.000205
-0.000603
-0.000622
-0.000418
-0.000215
0.000074
0.000531
0.000942
0.001170
0.001330
0.001445
0.001342
0.000949
0.000430
0.000013
-0.000205
-0.000276
-0.000237
-0.000066
0.000142
0.000208
0.000086
-0.000157
-0.000462
-0.000753
-0.000957
-0.001075
-0.001148
-0.001097
-0.000761
-0.000233
0.000117
0.000167
0.000131
0.000117
0.000025
-0.000244
-0.000581
-0.000687
-0.000475
-0.000181
-0.000136
-0.000784
-0.002194
-0.003289
-0.002922
-0.001484
0.000074
0.001771
0.003880
0.005772
0.006292
0.005098
0.003359
0.002367
0.001844
0.000946
-0.000073
-0.000618
-0.000959
-0.001668
-0.002662
-0.003414
-0.003747
-0.003827
-0.003539
-0.002645
-0.001427
-0.000414
0.000394
0.001356
0.002341
0.002720
0.002275
0.001522
0.000979
0.000572
-0.000027
-0.000783
-0.001321
-0.001469
-0.001481
-0.001648
-0.001873
-0.001782
-0.001208
-0.000410
0.000248
0.000762
0.001445
0.002341
0.003017
0.003124
0.002769
0.002179
0.001472
0.000791
0.000202
-0.000369
-0.000922
-0.001355
-0.001668
-0.002011
-0.002418
-0.002557
-0.002097
-0.001268
-0.000542
-0.000018
0.000392
0.000603
0.000558
0.000403
0.000285
0.000181
0.000006
-0.000141
-0.000022
0.000302
0.000512
0.000586
0.000723
0.000854
0.000743
0.000389
0.000081
0.000041
0.000129
0.000100
0.000026
0.000124
0.000285
0.000202
-0.000080
-0.000255
-0.000243
-0.000141
0.000033
0.000210
0.000178
-0.000112
-0.000417
-0.000552
-0.000637
-0.000832
-0.001000
-0.000914
-0.000624
-0.000280
0.000118
0.000559
0.000943
0.001188
0.001294
0.001344
0.001289
0.000927
0.000320
-0.000219
-0.000612
-0.000968
-0.001205
-0.001158
-0.000848
-0.000492
-0.000303
-0.000261
-0.000107
0.000331
0.000839
0.001076
0.000992
0.000753
0.000480
0.000178
-0.000199
-0.000609
-0.000909
-0.001078
-0.001195
-0.001195
-0.000949
-0.000509
-0.000063
0.000246
0.000310
-0.000103
-0.001009
-0.001707
-0.001466
-0.000599
0.000188
0.000926
0.001868
0.002690
0.002852
0.002298
0.001566
0.001081
0.000556
-0.000228
-0.000674
-0.000368
0.000113
0.000215
0.000105
-0.000038
-0.000362
-0.000891
-0.001295
-0.001206
-0.000704
-0.000252
-0.000033
0.000193
0.000429
0.000291
-0.000241
-0.000654
-0.000694
-0.000646
-0.000728
-0.000682
-0.000254
0.000169
0.000128
-0.000073
-0.000013
0.000117
0.000110
0.000142
0.000325
0.000534
0.000608
0.000559
0.000633
0.000907
0.001028
0.000768
0.000416
0.000232
0.000073
-0.000168
-0.000336
-0.000327
-0.000245
-0.000190
-0.000152
-0.000184
-0.000397
-0.000703
-0.000857
-0.000795
-0.000733
-0.000849
-0.000992
-0.000988
-0.000925
-0.000823
-0.000562
-0.000173
0.000222
0.000535
0.000700
0.000783
0.000883
0.000972
0.001064
0.001188
0.001153
0.000849
0.000528
0.000408
0.000415
0.000380
0.000192
-0.000095
-0.000322
-0.000489
-0.000700
-0.000883
-0.000845
-0.000515
-0.000024
0.000426
0.000736
0.000838
0.000633
0.000190
-0.000235
-0.000495
-0.000662
-0.000836
-0.000942
-0.000870
-0.000715
-0.000606
-0.000422
-0.000013
0.000424
0.000639
0.000760
0.000976
0.001076
0.000780
0.000280
-0.000016
-0.000051
-0.000088
-0.000229
-0.000282
-0.000153
-0.000024
-0.000050
-0.000164
-0.000220
-0.000158
-0.000060
-0.000122
-0.000418
-0.000674
-0.000556
-0.000138
0.000215
0.000328
0.000345
0.000308
-0.000146
-0.001065
-0.001619
-0.001325
-0.000808
-0.000454
0.000090
0.000771
0.001106
0.001013
0.000814
0.000892
0.001178
0.001058
0.000562
0.000514
0.000896
0.000881
0.000401
-0.000051
-0.000394
-0.000700
-0.000853
-0.000791
-0.000574
-0.000287
-0.000007
0.000219
0.000314
0.000170
-0.000139
-0.000324
-0.000262
-0.000196
-0.000281
-0.000301
-0.000113
0.000110
0.000217
0.000190
0.000024
-0.000171
-0.000269
-0.000301
-0.000295
-0.000298
-0.000381
-0.000401
-0.000208
0.000080
0.000305
0.000412
0.000430
0.000482
0.000546
0.000443
0.000212
0.000086
0.000085
0.000064
0.000023
0.000044
0.000080
0.000052
-0.000005
-0.000020
-0.000098
-0.000416
-0.000849
-0.001045
-0.000920
-0.000681
-0.000497
-0.000367
-0.000160
0.000166
0.000389
0.000383
0.000399
0.000634
0.000909
0.001039
0.001037
0.000917
0.000661
0.000332
-0.000019
-0.000450
-0.000966
-0.001355
-0.001385
-0.001082
-0.000641
-0.000165
0.000338
0.000820
0.001191
0.001324
0.001163
0.000883
0.000688
0.000474
0.000047
-0.000505
-0.000976
-0.001291
-0.001402
-0.001251
-0.000885
-0.000426
0.000026
0.000399
0.000642
0.000719
0.000645
0.000482
0.000296
0.000106
-0.000072
-0.000160
-0.000059
0.000191
0.000370
0.000281
-0.000043
-0.000411
-0.000616
-0.000506
-0.000156
0.000132
0.000197
0.000116
-0.000032
-0.000206
-0.000321
-0.000282
-0.000035
0.000335
0.000574
0.000530
0.000316
0.000064
-0.000138
-0.000231
-0.000436
-0.000976
-0.001502
-0.001544
-0.001135
-0.000526
0.000163
0.000894
0.001554
0.001791
0.001397
0.000835
0.000609
0.000443
0.000002
-0.000368
-0.000306
0.000004
0.000185
0.000107
0.000011
0.000062
0.000013
-0.000217
-0.000342
-0.000276
-0.000160
-0.000057
0.000034
0.000185
0.000440
0.000618
0.000507
0.000180
-0.000152
-0.000458
-0.000794
-0.000998
-0.000855
-0.000514
-0.000315
-0.000292
-0.000233
-0.000047
0.000130
0.000153
0.000143
0.000298
0.000499
0.000487
0.000265
0.000062
0.000063
0.000157
0.000085
-0.000098
-0.000101
0.000121
0.000363
0.000493
0.000510
0.000423
0.000201
-0.000153
-0.000541
-0.000866
-0.001099
-0.001195
-0.001110
-0.000877
-0.000554
-0.000143
0.000323
0.000705
0.000877
0.000918
0.001002
0.001068
0.000883
0.000479
0.000109
-0.000149
-0.000380
-0.000557
-0.000558
-0.000422
-0.000363
-0.000376
-0.000190
0.000192
0.000411
0.000304
0.000066
-0.000057
0.000074
0.000408
0.000683
0.000669
0.000400
0.000076
-0.000223
-0.000564
-0.000858
-0.000859
-0.000558
-0.000230
-0.000108
-0.000189
-0.000248
-0.000056
0.000333
0.000623
0.000668
0.000597
0.000555
0.000508
0.000343
0.000073
-0.000183
-0.000366
-0.000466
-0.000460
-0.000323
-0.000162
-0.000219
-0.000510
-0.000705
-0.000620
-0.000461
-0.000368
-0.000204
0.000063
0.000273
0.000399
0.000564
0.000768
0.000877
0.000815
0.000652
0.000470
0.000200
-0.000145
-0.000291
-0.000221
-0.000379
-0.000861
-0.001211
-0.001243
-0.001180
-0.001063
-0.000684
-0.000025
0.000636
0.001053
0.001269
0.001430
0.001474
0.001272
0.000917
0.000603
0.000361
0.000064
-0.000302
-0.000531
-0.000545
-0.000563
-0.000657
-0.000584
-0.000308
-0.000087
-0.000028
-0.000031
0.000034
0.000200
0.000294
0.000219
0.000178
0.000246
0.000175
-0.000151
-0.000534
-0.000801
-0.000939
-0.000919
-0.000675
-0.000272
0.000067
0.000210
0.000242
0.000267
0.000253
0.000189
0.000161
0.000184
0.000187
0.000185
0.000272
0.000477
0.000713
0.000816
0.000690
0.000422
0.000142
-0.000157
-0.000459
-0.000591
-0.000533
-0.000499
-0.000553
-0.000525
-0.000372
-0.000270
-0.000318
-0.000372
-0.000300
-0.000180
-0.000060
0.000144
0.000403
0.000578
0.000632
0.000607
0.000546
0.000437
0.000175
-0.000227
-0.000528
-0.000565
-0.000458
-0.000380
-0.000316
-0.000144
0.000131
0.000359
0.000486
0.000605
0.000698
0.000624
0.000419
0.000323
0.000420
0.000446
0.000126
-0.000416
-0.000805
-0.000908
-0.000890
-0.000890
-0.000852
-0.000618
-0.000139
0.000385
0.000697
0.000771
0.000739
0.000651
0.000504
0.000339
0.000107
-0.000328
-0.000798
-0.000896
-0.000612
-0.000366
-0.000377
-0.000466
-0.000383
-0.000120
0.000097
0.000179
0.000373
0.000759
0.000980
0.000807
0.000481
0.000285
0.000223
0.000154
-0.000054
-0.000385
-0.000639
-0.000701
-0.000680
-0.000695
-0.000729
-0.000669
-0.000358
0.000215
0.000753
0.000918
0.000727
0.000470
0.000266
-0.000036
-0.000430
-0.000582
-0.000281
0.000291
0.000802
0.001041
0.000926
0.000543
0.000131
-0.000182
-0.000445
-0.000664
-0.000712
-0.000514
-0.000226
-0.000075
-0.000075
-0.000082
-0.000054
-0.000040
-0.000017
0.000060
0.000167
0.000273
0.000354
0.000382
0.000323
0.000129
-0.000149
-0.000341
-0.000402
-0.000464
-0.000540
-0.000445
-0.000121
0.000266
0.000528
0.000571
0.000451
0.000297
0.000115
-0.000104
-0.000207
-0.000154
-0.000160
-0.000274
-0.000265
-0.000117
-0.000086
-0.000215
-0.000282
-0.000207
-0.000136
-0.000124
-0.000056
0.000084
0.000164
0.000157
0.000183
0.000260
0.000240
0.000069
-0.000056
0.000051
0.000272
0.000358
0.000281
0.000165
0.000027
-0.000146
-0.000283
-0.000380
-0.000489
-0.000545
-0.000452
-0.000236
0.000026
0.000264
0.000403
0.000459
0.000495
0.000462
0.000289
0.000085
0.000036
0.000132
0.000153
-0.000003
-0.000157
-0.000195
-0.000242
-0.000352
-0.000430
-0.000446
-0.000366
-0.000113
0.000278
0.000639
0.000806
0.000756
0.000596
0.000377
0.000042
-0.000386
-0.000749
-0.000889
-0.000812
-0.000706
-0.000679
-0.000567
-0.000205
0.000234
0.000447
0.000394
0.000294
0.000307
0.000321
0.000131
-0.000139
-0.000113
0.000203
0.000381
0.000281
0.000173
0.000151
0.000072
-0.000059
-0.000129
-0.000130
-0.000082
-0.000020
-0.000012
-0.000037
-0.000053
-0.000103
-0.000171
-0.000148
-0.000026
0.000064
0.000087
0.000146
0.000259
0.000337
0.000338
0.000219
-0.000057
-0.000329
-0.000382
-0.000274
-0.000244
-0.000357
-0.000401
-0.000169
0.000189
0.000370
0.000369
0.000363
0.000332
0.000200
0.000071
0.000074
0.000182
0.000261
0.000218
0.000112
0.000032
-0.000035
-0.000105
-0.000173
-0.000271
-0.000429
-0.000622
-0.000703
-0.000550
-0.000302
-0.000113
0.000137
0.000466
0.000603
0.000484
0.000321
0.000177
-0.000005
-0.000186
-0.000284
-0.000261
-0.000139
0.000005
0.000117
0.000183
0.000233
0.000306
0.000333
0.000241
0.000112
0.000024
-0.000081
-0.000236
-0.000388
-0.000494
-0.000558
-0.000580
-0.000583
-0.000576
-0.000452
-0.000127
0.000230
0.000408
0.000457
0.000522
0.000609
0.000642
0.000596
0.000490
0.000369
0.000283
0.000204
0.000111
0.000054
-0.000016
-0.000207
-0.000443
-0.000576
-0.000588
-0.000490
-0.000326
-0.000236
-0.000193
-0.000063
0.000069
0.000088
0.000099
0.000222
0.000384
0.000424
0.000315
0.000170
-0.000009
-0.000319
-0.000633
-0.000679
-0.000434
-0.000103
0.000164
0.000311
0.000348
0.000353
0.000307
0.000098
-0.000186
-0.000256
-0.000026
0.000279
0.000485
0.000614
0.000678
0.000609
0.000346
-0.000091
-0.000573
-0.000928
-0.001033
-0.000917
-0.000733
-0.000538
-0.000270
0.000045
0.000268
0.000330
0.000335
0.000451
0.000650
0.000720
0.000604
0.000478
0.000421
0.000339
0.000203
0.000056
-0.000120
-0.000326
-0.000489
-0.000613
-0.000735
-0.000772
-0.000646
-0.000423
-0.000185
0.000023
0.000171
0.000297
0.000408
0.000415
0.000297
0.000140
0.000031
0.000003
0.000019
0.000070
0.000181
0.000276
0.000226
0.000003
-0.000277
-0.000441
-0.000394
-0.000168
0.000154
0.000435
0.000468
0.000208
-0.000110
-0.000294
-0.000370
-0.000422
-0.000414
-0.000219
0.000113
0.000323
0.000359
0.000423
0.000544
0.000537
0.000318
-0.000015
-0.000269
-0.000324
-0.000242
-0.000132
-0.000020
0.000068
0.000082
0.000011
-0.000149
-0.000389
-0.000608
-0.000643
-0.000451
-0.000199
-0.000043
0.000082
0.000297
0.000479
0.000416
0.000221
0.000191
0.000318
0.000313
0.000097
-0.000088
-0.000033
0.000161
0.000282
0.000310
0.000331
0.000266
-0.000029
-0.000433
-0.000705
-0.000800
-0.000788
-0.000689
-0.000491
-0.000190
0.000156
0.000402
0.000459
0.000411
0.000385
0.000425
0.000499
0.000522
0.000410
0.000193
-0.000025
-0.000216
-0.000391
-0.000472
-0.000416
-0.000308
-0.000209
-0.000106
-0.000002
0.000104
0.000207
0.000226
0.000131
0.000050
0.000059
0.000072
-0.000018
-0.000176
-0.000222
-0.000083
0.000070
0.000142
0.000219
0.000265
0.000139
-0.000163
-0.000508
-0.000720
-0.000707
-0.000530
-0.000209
0.000238
0.000608
0.000732
0.000677
0.000543
0.000385
0.000281
0.000254
0.000259
0.000206
0.000018
-0.000211
-0.000314
-0.000312
-0.000320
-0.000375
-0.000434
-0.000354
-0.000093
0.000151
0.000265
0.000338
0.000374
0.000228
-0.000115
-0.000403
-0.000447
-0.000390
-0.000394
-0.000381
-0.000275
-0.000122
0.000045
0.000165
0.000146
0.000055
0.000052
0.000128
0.000157
0.000110
0.000105
0.000219
0.000335
0.000360
0.000421
0.000587
0.000643
0.000383
-0.000059
-0.000381
-0.000478
-0.000509
-0.000579
-0.000586
-0.000427
-0.000152
0.000127
0.000304
0.000305
0.000160
-0.000018
-0.000111
-0.000048
0.000075
0.000054
-0.000097
-0.000153
-0.000095
-0.000096
-0.000129
-0.000010
0.000211
0.000289
0.000208
0.000198
0.000326
0.000401
0.000288
0.000103
-0.000011
-0.000114
-0.000287
-0.000416
-0.000366
-0.000201
-0.000084
-0.000056
-0.000028
0.000002
-0.000086
-0.000286
-0.000397
-0.000316
-0.000160
-0.000027
0.000066
0.000084
0.000071
0.000136
0.000249
0.000297
0.000266
0.000186
0.000089
0.000061
0.000152
0.000261
0.000265
0.000191
0.000104
-0.000046
-0.000286
-0.000472
-0.000419
-0.000165
0.000047
0.000091
0.000121
0.000313
0.000548
0.000548
0.000250
-0.000134
-0.000337
-0.000297
-0.000233
-0.000328
-0.000416
-0.000319
-0.000232
-0.000353
-0.000502
-0.000391
-0.000016
0.000369
0.000570
0.000670
0.000794
0.000815
0.000572
0.000174
-0.000157
-0.000331
-0.000448
-0.000658
-0.000896
-0.000904
-0.000573
-0.000079
0.000325
0.000525
0.000576
0.000573
0.000543
0.000493
0.000435
0.000352
0.000235
0.000083
-0.000123
-0.000376
-0.000620
-0.000803
-0.000882
-0.000848
-0.000707
-0.000447
-0.000116
0.000169
0.000394
0.000603
0.000733
0.000692
0.000498
0.000280
0.000173
0.000160
0.000094
-0.000017
-0.000001
0.000150
0.000254
0.000204
0.000065
-0.000024
-0.000045
-0.000160
-0.000388
-0.000499
-0.000427
-0.000354
-0.000363
-0.000395
-0.000406
-0.000350
-0.000190
0.000022
0.000225
0.000423
0.000609
0.000694
0.000634
0.000506
0.000371
0.000181
-0.000106
-0.000399
-0.000543
-0.000501
-0.000372
-0.000245
-0.000101
0.000109
0.000299
0.000302
0.000126
-0.000051
-0.000131
-0.000146
-0.000115
-0.000007
0.000165
0.000289
0.000231
0.000016
-0.000158
-0.000182
-0.000131
-0.000042
0.000109
0.000220
0.000156
-0.000077
-0.000370
-0.000567
-0.000570
-0.000432
-0.000211
0.000095
0.000421
0.000618
0.000592
0.000352
0.000008
-0.000235
-0.000221
-0.000037
0.000117
0.000200
0.000276
0.000347
0.000348
0.000184
-0.000164
-0.000496
-0.000543
-0.000288
0.000024
0.000236
0.000416
0.000561
0.000464
0.000039
-0.000453
-0.000677
-0.000601
-0.000417
-0.000282
-0.000202
-0.000101
0.000061
0.000257
0.000391
0.000351
0.000195
0.000096
0.000058
-0.000050
-0.000211
-0.000274
-0.000172
0.000009
0.000153
0.000227
0.000244
0.000204
0.000123
0.000017
-0.000073
-0.000026
0.000179
0.000324
0.000223
-0.000034
-0.000300
-0.000542
-0.000694
-0.000703
-0.000636
-0.000496
-0.000165
0.000313
0.000689
0.000829
0.000806
0.000708
0.000602
0.000499
0.000281
-0.000100
-0.000459
-0.000638
-0.000694
-0.000693
-0.000592
-0.000365
-0.000114
-0.000009
-0.000075
-0.000128
-0.000008
0.000257
0.000578
0.000869
0.000957
0.000710
0.000256
-0.000151
-0.000415
-0.000551
-0.000553
-0.000469
-0.000428
-0.000459
-0.000415
-0.000192
0.000082
0.000231
0.000321
0.000499
0.000676
0.000658
0.000445
0.000228
0.000148
0.000162
0.000150
0.000055
-0.000121
-0.000346
-0.000573
-0.000769
-0.000858
-0.000742
-0.000466
-0.000190
0.000039
0.000268
0.000466
0.000551
0.000484
0.000332
0.000209
0.000129
0.000066
0.000075
0.000200
0.000309
0.000208
-0.000092
-0.000412
-0.000634
-0.000694
-0.000561
-0.000313
-0.000059
0.000119
0.000179
0.000197
0.000217
0.000151
0.000080
0.000217
0.000491
0.000619
0.000477
0.000144
-0.000214
-0.000460
-0.000554
-0.000522
-0.000386
-0.000193
-0.000046
0.000023
0.000095
0.000157
0.000100
-0.000013
0.000030
0.000285
0.000601
0.000792
0.000722
0.000388
-0.000028
-0.000309
-0.000432
-0.000510
-0.000574
-0.000570
-0.000494
-0.000394
-0.000261
-0.000096
-0.000001
0.000039
0.000247
0.000619
0.000794
0.000569
0.000134
-0.000198
-0.000277
-0.000190
-0.000093
0.000014
0.000170
0.000238
0.000089
-0.000162
-0.000323
-0.000375
-0.000415
-0.000439
-0.000333
-0.000107
0.000107
0.000249
0.000331
0.000357
0.000350
0.000351
0.000361
0.000326
0.000205
0.000052
-0.000017
-0.000009
-0.000079
-0.000327
-0.000635
-0.000777
-0.000713
-0.000602
-0.000479
-0.000226
0.000142
0.000511
0.000842
0.001058
0.001016
0.000718
0.000357
0.000081
-0.000111
-0.000232
-0.000298
-0.000360
-0.000421
-0.000452
-0.000494
-0.000563
-0.000535
-0.000326
-0.000058
0.000078
0.000070
0.000100
0.000256
0.000425
0.000554
0.000709
0.000829
0.000746
0.000422
0.000030
-0.000250
-0.000471
-0.000701
-0.000756
-0.000564
-0.000411
-0.000419
-0.000305
0.000051
0.000344
0.000336
0.000171
0.000102
0.000161
0.000190
0.000102
0.000026
0.000068
0.000072
-0.000116
-0.000321
-0.000311
-0.000151
-0.000009
0.000094
0.000221
0.000353
0.000372
0.000243
0.000084
-0.000040
-0.000164
-0.000220
-0.000091
0.000111
0.000185
0.000148
0.000064
-0.000120
-0.000351
-0.000463
-0.000438
-0.000368
-0.000255
-0.000061
0.000162
0.000316
0.000319
0.000192
0.000088
0.000145
0.000288
0.000306
0.000159
0.000068
0.000169
0.000283
0.000223
0.000071
-0.000075
-0.000298
-0.000565
-0.000653
-0.000546
-0.000443
-0.000370
-0.000156
0.000245
0.000619
0.000722
0.000572
0.000346
0.000113
-0.000115
-0.000256
-0.000260
-0.000219
-0.000206
-0.000143
-0.000007
0.000052
-0.000062
-0.000219
-0.000224
-0.000053
0.000150
0.000261
0.000259
0.000178
0.000065
-0.000034
-0.000075
-0.000021
0.000136
0.000344
0.000506
0.000545
0.000448
0.000252
-0.000018
-0.000353
-0.000694
