4640
0.000108
0.000044
0.000097
0.000279
0.000361
0.000218
0.000030
-0.000021
0.000007
-0.000051
-0.000227
-0.000376
-0.000369
-0.000257
-0.000167
-0.000137
-0.000083
0.000082
0.000297
0.000383
0.000258
0.000071
0.000037
0.000146
0.000155
-0.000027
-0.000206
-0.000211
-0.000092
0.000009
0.000072
0.000161
0.000235
0.000162
-0.000062
-0.000265
-0.000269
-0.000100
0.000023
-0.000014
-0.000060
0.000004
0.000053
-0.000005
-0.000046
0.000008
0.000051
0.000027
0.000010
0.000057
0.000151
0.000221
0.000190
0.000070
-0.000063
-0.000162
-0.000205
-0.000202
-0.000177
-0.000156
-0.000175
-0.000187
-0.000077
0.000114
0.000183
0.000065
-0.000047
0.000027
0.000200
0.000276
0.000233
0.000171
0.000122
0.000067
0.000000
-0.000086
-0.000152
-0.000133
-0.000023
0.000087
0.000092
0.000010
-0.000031
0.000013
0.000041
-0.000024
-0.000119
-0.000155
-0.000160
-0.000168
-0.000118
-0.000023
0.000012
-0.000036
-0.000110
-0.000134
-0.000038
0.000095
0.000079
-0.000060
-0.000078
0.000113
0.000332
0.000373
0.000236
0.000100
0.000070
0.000062
-0.000017
-0.000167
-0.000317
-0.000333
-0.000176
-0.000025
-0.000012
-0.000038
0.000005
0.000085
0.000115
0.000073
0.000039
0.000093
0.000165
0.000155
0.000086
0.000007
-0.000071
-0.000109
-0.000076
-0.000017
-0.000007
-0.000048
-0.000063
-0.000014
0.000031
0.000024
-0.000005
-0.000031
-0.000058
-0.000060
-0.000019
0.000016
0.000029
0.000083
0.000162
0.000149
0.000030
-0.000086
-0.000120
-0.000110
-0.000114
-0.000091
-0.000020
-0.000004
-0.000057
-0.000050
0.000029
0.000065
0.000043
0.000023
0.000001
-0.000031
-0.000048
-0.000037
0.000001
0.000057
0.000103
0.000110
0.000052
-0.000043
-0.000077
-0.000006
0.000097
0.000153
0.000158
0.000135
0.000111
0.000096
0.000048
-0.000060
-0.000184
-0.000247
-0.000205
-0.000111
-0.000074
-0.000075
0.000029
0.000207
0.000201
-0.000033
-0.000189
-0.000155
-0.000152
-0.000255
-0.000297
-0.000180
0.000012
0.000159
0.000237
0.000275
0.000234
0.000095
0.000014
0.000084
0.000131
0.000068
0.000046
0.000097
0.000080
-0.000022
-0.000099
-0.000123
-0.000122
-0.000106
-0.000080
-0.000032
0.000057
0.000104
0.000010
-0.000141
-0.000191
-0.000129
-0.000046
0.000033
0.000132
0.000203
0.000174
0.000080
-0.000017
-0.000089
-0.000085
-0.000012
0.000024
-0.000008
-0.000017
0.000032
0.000050
0.000002
-0.000038
-0.000037
-0.000048
-0.000094
-0.000094
-0.000001
0.000116
0.000195
0.000272
0.000313
0.000192
-0.000056
-0.000223
-0.000210
-0.000101
0.000009
0.000056
0.000001
-0.000113
-0.000215
-0.000300
-0.000364
-0.000334
-0.000185
-0.000019
0.000056
0.000076
0.000153
0.000305
0.000427
0.000423
0.000310
0.000133
-0.000055
-0.000124
-0.000030
0.000047
-0.000009
-0.000066
-0.000019
0.000054
0.000078
0.000070
0.000035
-0.000050
-0.000146
-0.000176
-0.000147
-0.000152
-0.000203
-0.000198
-0.000108
-0.000034
-0.000035
-0.000032
0.000030
0.000064
0.000029
0.000021
0.000072
0.000106
0.000087
0.000064
0.000090
0.000121
0.000061
-0.000062
-0.000082
0.000050
0.000160
0.000097
-0.000054
-0.000121
-0.000054
0.000042
0.000053
0.000028
0.000070
0.000110
0.000056
-0.000026
-0.000057
-0.000075
-0.000116
-0.000127
-0.000064
-0.000006
-0.000037
-0.000106
-0.000144
-0.000162
-0.000118
0.000037
0.000186
0.000175
0.000064
0.000022
0.000043
-0.000006
-0.000132
-0.000197
-0.000112
0.000087
0.000268
0.000303
0.000242
0.000248
0.000312
0.000265
0.000075
-0.000105
-0.000162
-0.000143
-0.000160
-0.000240
-0.000295
-0.000249
-0.000148
-0.000096
-0.000141
-0.000234
-0.000259
-0.000170
-0.000067
0.000008
0.000156
0.000361
0.000419
0.000274
0.000127
0.000105
0.000127
0.000095
0.000005
-0.000082
-0.000067
0.000030
0.000012
-0.000156
-0.000241
-0.000130
0.000012
0.000061
0.000091
0.000129
0.000100
0.000021
-0.000054
-0.000170
-0.000306
-0.000320
-0.000183
-0.000025
0.000075
0.000170
0.000275
0.000302
0.000200
0.000044
-0.000026
0.000038
0.000118
0.000066
-0.000084
-0.000153
-0.000110
-0.000065
-0.000021
0.000040
0.000071
0.000090
0.000117
0.000101
0.000041
-0.000000
-0.000003
-0.000017
-0.000088
-0.000189
-0.000253
-0.000241
-0.000165
-0.000069
0.000005
0.000054
0.000119
0.000187
0.000153
0.000007
-0.000094
-0.000028
0.000123
0.000163
0.000043
-0.000058
-0.000054
-0.000098
-0.000254
-0.000318
-0.000141
0.000128
0.000286
0.000339
0.000360
0.000327
0.000211
0.000036
-0.000130
-0.000207
-0.000183
-0.000121
-0.000074
-0.000064
-0.000082
-0.000081
-0.000047
-0.000022
-0.000038
-0.000069
-0.000094
-0.000110
-0.000094
-0.000048
0.000007
0.000089
0.000218
0.000330
0.000303
0.000135
-0.000045
-0.000153
-0.000188
-0.000200
-0.000253
-0.000283
-0.000149
0.000091
0.000202
0.000113
0.000018
0.000027
0.000027
-0.000054
-0.000161
-0.000189
-0.000039
0.000241
0.000438
0.000423
0.000289
0.000163
0.000057
-0.000081
-0.000245
-0.000326
-0.000262
-0.000149
-0.000070
-0.000033
-0.000044
-0.000060
-0.000048
-0.000055
-0.000090
-0.000082
0.000011
0.000139
0.000213
0.000170
0.000019
-0.000133
-0.000112
0.000120
0.000346
0.000370
0.000261
0.000136
-0.000051
-0.000312
-0.000434
-0.000255
0.000039
0.000169
0.000114
0.000025
-0.000047
-0.000134
-0.000219
-0.000254
-0.000226
-0.000123
0.000054
0.000223
0.000270
0.000208
0.000149
0.000119
0.000056
-0.000026
-0.000023
0.000063
0.000094
0.000015
-0.000053
0.000010
0.000162
0.000237
0.000128
-0.000104
-0.000277
-0.000272
-0.000177
-0.000142
-0.000166
-0.000142
-0.000033
0.000092
0.000145
0.000128
0.000090
0.000034
-0.000030
-0.000045
0.000008
0.000078
0.000093
-0.000003
-0.000139
-0.000145
-0.000005
0.000101
0.000074
0.000002
-0.000042
-0.000068
-0.000068
-0.000026
0.000020
0.000029
0.000005
-0.000035
-0.000089
-0.000147
-0.000182
-0.000164
-0.000095
-0.000004
0.000070
0.000113
0.000140
0.000138
0.000089
0.000029
-0.000031
-0.000091
-0.000091
-0.000017
0.000031
0.000003
0.000009
0.000146
0.000286
0.000253
0.000139
0.000123
0.000133
0.000046
-0.000044
-0.000012
0.000071
0.000065
-0.000039
-0.000165
-0.000302
-0.000478
-0.000591
-0.000524
-0.000353
-0.000224
-0.000133
-0.000056
0.000008
0.000140
0.000326
0.000389
0.000291
0.000186
0.000167
0.000240
0.000373
0.000498
0.000600
0.000683
0.000680
0.000567
0.000394
0.000193
-0.000006
-0.000196
-0.000358
-0.000393
-0.000310
-0.000282
-0.000350
-0.000419
-0.000505
-0.000630
-0.000692
-0.000616
-0.000466
-0.000348
-0.000301
-0.000284
-0.000228
-0.000121
-0.000026
-0.000010
-0.000029
0.000066
0.000290
0.000473
0.000553
0.000594
0.000563
0.000410
0.000254
0.000262
0.000382
0.000409
0.000312
0.000231
0.000225
0.000264
0.000284
0.000170
-0.000091
-0.000351
-0.000472
-0.000445
-0.000368
-0.000390
-0.000534
-0.000654
-0.000668
-0.000622
-0.000500
-0.000234
0.000089
0.000279
0.000315
0.000281
0.000172
0.000013
-0.000057
-0.000006
0.000076
0.000175
0.000281
0.000296
0.000230
0.000221
0.000274
0.000264
0.000172
0.000099
0.000119
0.000191
0.000203
0.000115
0.000005
-0.000027
0.000021
0.000064
0.000030
-0.000055
-0.000110
-0.000124
-0.000175
-0.000293
-0.000379
-0.000349
-0.000223
-0.000095
-0.000051
-0.000084
-0.000168
-0.000304
-0.000431
-0.000443
-0.000358
-0.000293
-0.000283
-0.000290
-0.000259
-0.000085
0.000249
0.000579
0.000756
0.000794
0.000728
0.000571
0.000410
0.000355
0.000379
0.000390
0.000419
0.000495
0.000463
0.000264
0.000130
0.000166
0.000174
0.000019
-0.000198
-0.000326
-0.000345
-0.000339
-0.000364
-0.000429
-0.000535
-0.000664
-0.000762
-0.000786
-0.000754
-0.000693
-0.000610
-0.000537
-0.000455
-0.000286
-0.000059
0.000110
0.000196
0.000267
0.000369
0.000460
0.000481
0.000490
0.000573
0.000669
0.000705
0.000723
0.000730
0.000672
0.000559
0.000429
0.000306
0.000217
0.000143
0.000038
-0.000103
-0.000275
-0.000464
-0.000639
-0.000774
-0.000843
-0.000847
-0.000829
-0.000795
-0.000695
-0.000503
-0.000291
-0.000137
-0.000006
0.000130
0.000213
0.000253
0.000293
0.000306
0.000290
0.000300
0.000335
0.000322
0.000260
0.000276
0.000444
0.000612
0.000550
0.000298
0.000140
0.000195
0.000279
0.000236
0.000098
-0.000081
-0.000234
-0.000268
-0.000226
-0.000224
-0.000235
-0.000204
-0.000205
-0.000258
-0.000238
-0.000169
-0.000199
-0.000276
-0.000269
-0.000215
-0.000164
-0.000099
-0.000036
-0.000007
-0.000027
-0.000078
-0.000082
0.000004
0.000099
0.000147
0.000151
0.000103
0.000059
0.000115
0.000207
0.000223
0.000207
0.000186
0.000109
0.000049
0.000106
0.000184
0.000154
0.000059
-0.000004
-0.000034
-0.000083
-0.000147
-0.000167
-0.000160
-0.000238
-0.000432
-0.000642
-0.000763
-0.000751
-0.000616
-0.000395
-0.000151
0.000051
0.000231
0.000458
0.000666
0.000732
0.000694
0.000663
0.000630
0.000558
0.000550
0.000647
0.000683
0.000540
0.000350
0.000296
0.000338
0.000302
0.000135
-0.000103
-0.000327
-0.000471
-0.000547
-0.000631
-0.000732
-0.000781
-0.000763
-0.000745
-0.000786
-0.000863
-0.000879
-0.000751
-0.000529
-0.000364
-0.000323
-0.000282
-0.000109
0.000150
0.000364
0.000514
0.000654
0.000779
0.000847
0.000863
0.000854
0.000831
0.000793
0.000739
0.000696
0.000632
0.000446
0.000180
0.000044
0.000041
-0.000078
-0.000350
-0.000522
-0.000515
-0.000545
-0.000728
-0.000869
-0.000791
-0.000606
-0.000474
-0.000421
-0.000425
-0.000439
-0.000384
-0.000259
-0.000166
-0.000148
-0.000087
0.000128
0.000372
0.000439
0.000391
0.000446
0.000615
0.000713
0.000635
0.000466
0.000360
0.000367
0.000385
0.000319
0.000207
0.000131
0.000096
0.000071
0.000050
-0.000003
-0.000112
-0.000202
-0.000225
-0.000252
-0.000356
-0.000536
-0.000718
-0.000780
-0.000653
-0.000388
-0.000155
-0.000106
-0.000174
-0.000164
-0.000023
0.000142
0.000240
0.000253
0.000223
0.000265
0.000427
0.000547
0.000471
0.000256
0.000032
-0.000061
0.000062
0.000218
0.000186
0.000059
0.000004
0.000001
0.000003
-0.000015
-0.000080
-0.000134
-0.000136
-0.000137
-0.000157
-0.000174
-0.000193
-0.000270
-0.000506
-0.000871
-0.001137
-0.001220
-0.001229
-0.001088
-0.000666
-0.000140
0.000302
0.000778
0.001325
0.001682
0.001707
0.001555
0.001325
0.001027
0.000818
0.000811
0.000827
0.000736
0.000703
0.000804
0.000827
0.000584
0.000122
-0.000388
-0.000840
-0.001239
-0.001529
-0.001646
-0.001675
-0.001639
-0.001425
-0.001145
-0.001076
-0.001170
-0.001137
-0.000953
-0.000785
-0.000585
-0.000230
0.000164
0.000440
0.000669
0.000950
0.001191
0.001291
0.001316
0.001330
0.001293
0.001199
0.001123
0.001101
0.001084
0.000964
0.000682
0.000343
0.000096
-0.000073
-0.000256
-0.000468
-0.000666
-0.000842
-0.000978
-0.001025
-0.001025
-0.001050
-0.001053
-0.001018
-0.001017
-0.000987
-0.000815
-0.000600
-0.000426
-0.000160
0.000196
0.000454
0.000625
0.000799
0.000874
0.000782
0.000667
0.000617
0.000564
0.000530
0.000648
0.000869
0.000920
0.000704
0.000456
0.000309
0.000113
-0.000127
-0.000241
-0.000324
-0.000518
-0.000644
-0.000588
-0.000561
-0.000616
-0.000550
-0.000377
-0.000324
-0.000367
-0.000323
-0.000282
-0.000417
-0.000579
-0.000524
-0.000294
-0.000043
0.000213
0.000445
0.000532
0.000508
0.000514
0.000538
0.000484
0.000379
0.000297
0.000232
0.000198
0.000257
0.000353
0.000336
0.000191
0.000070
0.000038
-0.000031
-0.000162
-0.000208
-0.000157
-0.000166
-0.000281
-0.000395
-0.000443
-0.000403
-0.000245
-0.000118
-0.000207
-0.000429
-0.000737
-0.001274
-0.001893
-0.002240
-0.002233
-0.001796
-0.000826
0.000307
0.001237
0.002154
0.003000
0.003258
0.002971
0.002652
0.002303
0.001738
0.001274
0.001142
0.001068
0.000919
0.000840
0.000707
0.000234
-0.000532
-0.001262
-0.001794
-0.002272
-0.002776
-0.003012
-0.002767
-0.002392
-0.002173
-0.001833
-0.001302
-0.001014
-0.001023
-0.000964
-0.000823
-0.000716
-0.000401
0.000265
0.001027
0.001705
0.002321
0.002736
0.002768
0.002526
0.002216
0.001891
0.001542
0.001182
0.000874
0.000704
0.000642
0.000580
0.000450
0.000179
-0.000300
-0.000898
-0.001415
-0.001738
-0.001868
-0.001844
-0.001722
-0.001594
-0.001530
-0.001488
-0.001394
-0.001326
-0.001332
-0.001135
-0.000542
0.000017
0.000277
0.000742
0.001488
0.001860
0.001865
0.001946
0.001835
0.001356
0.001069
0.001108
0.000985
0.000661
0.000525
0.000595
0.000519
0.000207
-0.000111
-0.000392
-0.000791
-0.001202
-0.001365
-0.001346
-0.001346
-0.001234
-0.000933
-0.000774
-0.000789
-0.000627
-0.000402
-0.000419
-0.000371
0.000018
0.000330
0.000310
0.000356
0.000674
0.000917
0.000852
0.000711
0.000666
0.000567
0.000414
0.000357
0.000315
0.000207
0.000179
0.000221
0.000124
-0.000062
-0.000089
-0.000013
-0.000109
-0.000308
-0.000321
-0.000210
-0.000234
-0.000290
-0.000166
-0.000024
-0.000076
-0.000203
-0.000256
-0.000298
-0.000367
-0.000339
-0.000190
-0.000238
-0.000819
-0.001762
-0.002610
-0.003199
-0.003343
-0.002523
-0.000852
0.000703
0.001940
0.003526
0.005075
0.005488
0.004909
0.004092
0.003074
0.001961
0.001315
0.001129
0.000903
0.000564
0.000328
0.000133
-0.000321
-0.001270
-0.002569
-0.003742
-0.004596
-0.005165
-0.005107
-0.004299
-0.003390
-0.002654
-0.001684
-0.000692
-0.000298
-0.000274
-0.000080
0.000206
0.000535
0.001234
0.002217
0.003005
0.003520
0.003925
0.004088
0.003812
0.003144
0.002293
0.001516
0.000940
0.000519
0.000249
0.000099
-0.000132
-0.000486
-0.000810
-0.001209
-0.001850
-0.002505
-0.002921
-0.003120
-0.003028
-0.002527
-0.001881
-0.001432
-0.001152
-0.000927
-0.000756
-0.000643
-0.000586
-0.000316
0.000542
0.001499
0.001887
0.002238
0.002919
0.003120
0.002722
0.002408
0.001964
0.001194
0.000834
0.000887
0.000526
-0.000115
-0.000365
-0.000444
-0.000859
-0.001407
-0.001725
-0.001962
-0.002228
-0.002193
-0.001787
-0.001497
-0.001476
-0.001182
-0.000432
0.000150
0.000292
0.000469
0.000797
0.000902
0.000845
0.000979
0.001176
0.001159
0.001097
0.001183
0.001152
0.000785
0.000380
0.000208
0.000078
-0.000107
-0.000207
-0.000361
-0.000705
-0.000890
-0.000685
-0.000439
-0.000437
-0.000467
-0.000365
-0.000304
-0.000331
-0.000248
-0.000062
0.000090
0.000308
0.000610
0.000650
0.000317
0.000009
-0.000038
-0.000026
-0.000086
-0.000023
0.000134
-0.000257
-0.001627
-0.003400
-0.004833
-0.005699
-0.005345
-0.003093
-0.000109
0.002086
0.004238
0.007040
0.008739
0.008208
0.006718
0.005111
0.003217
0.001697
0.001156
0.000870
0.000180
-0.000532
-0.000818
-0.001061
-0.002091
-0.004046
-0.005956
-0.007006
-0.007388
-0.007135
-0.005846
-0.004086
-0.002771
-0.001524
0.000039
0.001053
0.001154
0.001196
0.001611
0.002168
0.002910
0.003897
0.004769
0.005211
0.005333
0.005298
0.004833
0.003555
0.001735
0.000185
-0.000702
-0.001279
-0.001825
-0.002143
-0.002189
-0.002241
-0.002361
-0.002534
-0.002981
-0.003565
-0.003715
-0.003321
-0.002718
-0.001939
-0.000914
0.000139
0.001036
0.001717
0.002009
0.001735
0.000962
0.000380
0.000802
0.001550
0.001529
0.001588
0.002387
0.002635
0.002207
0.002132
0.001620
0.000202
-0.000530
-0.000364
-0.000671
-0.001222
-0.001111
-0.000785
-0.000918
-0.001346
-0.001634
-0.001817
-0.002131
-0.002187
-0.001525
-0.000708
-0.000347
-0.000016
0.000561
0.000860
0.000849
0.001047
0.001252
0.001033
0.000814
0.001001
0.001098
0.000734
0.000380
0.000360
0.000274
-0.000118
-0.000436
-0.000468
-0.000546
-0.000711
-0.000605
-0.000370
-0.000348
-0.000313
-0.000057
0.000165
0.000203
0.000187
0.000192
0.000134
-0.000019
-0.000066
0.000104
0.000274
0.000358
0.000465
0.000420
0.000133
0.000016
0.000164
0.000056
-0.000337
-0.000460
-0.000341
-0.000594
-0.001483
-0.002748
-0.004082
-0.005612
-0.007091
-0.006692
-0.003312
0.000779
0.003505
0.006266
0.009727
0.011499
0.010714
0.009004
0.006798
0.003808
0.001302
0.000371
0.000103
-0.000805
-0.002143
-0.002926
-0.003372
-0.004753
-0.007063
-0.008717
-0.009087
-0.008893
-0.007956
-0.005594
-0.002876
-0.001169
0.000260
0.002164
0.003375
0.003332
0.003313
0.003891
0.004373
0.004773
0.005587
0.006285
0.006028
0.005033
0.003982
0.002876
0.001257
-0.000759
-0.002369
-0.003230
-0.003769
-0.004041
-0.003736
-0.003277
-0.003177
-0.003026
-0.002596
-0.002472
-0.002609
-0.002216
-0.001273
-0.000295
0.000760
0.001927
0.002745
0.003037
0.003023
0.002753
0.002197
0.001444
0.000432
-0.000654
-0.000802
0.000110
0.000294
-0.000459
-0.000061
0.001046
0.000652
-0.000290
-0.000228
-0.000510
-0.001518
-0.001366
-0.000185
0.000160
-0.000243
0.000000
0.000791
0.000831
0.000092
-0.000242
-0.000208
-0.000657
-0.001043
-0.000549
0.000026
-0.000065
-0.000036
0.000518
0.000656
0.000117
-0.000204
-0.000147
-0.000336
-0.000576
-0.000293
0.000082
-0.000025
-0.000092
0.000370
0.000651
0.000207
-0.000213
-0.000044
0.000180
0.000192
0.000356
0.000540
0.000371
0.000179
0.000402
0.000663
0.000471
0.000130
0.000070
0.000071
-0.000087
-0.000117
0.000040
-0.000054
-0.000441
-0.000663
-0.000678
-0.000853
-0.001092
-0.000992
-0.000677
-0.000495
-0.000355
-0.000387
-0.001365
-0.003324
-0.005258
-0.006818
-0.007345
-0.004745
0.000340
0.004180
0.006777
0.010683
0.013829
0.013138
0.010452
0.007828
0.004394
0.000699
-0.001262
-0.001824
-0.002623
-0.003816
-0.004523
-0.004743
-0.005742
-0.007950
-0.009706
-0.009800
-0.009124
-0.008018
-0.005366
-0.001736
0.000782
0.002249
0.004076
0.005648
0.005671
0.004947
0.004791
0.004926
0.004897
0.005193
0.005751
0.005494
0.004131
0.002560
0.001085
-0.000916
-0.003334
-0.005058
-0.005562
-0.005379
-0.004905
-0.003994
-0.002880
-0.002108
-0.001546
-0.000850
-0.000377
-0.000344
-0.000156
0.000582
0.001523
0.002297
0.002883
0.003285
0.003325
0.002886
0.002158
0.001353
0.000388
-0.000802
-0.002077
-0.003088
-0.003010
-0.001774
-0.001098
-0.001418
-0.000830
0.000467
0.000545
0.000258
0.000835
0.000940
0.000464
0.000974
0.001797
0.001631
0.001319
0.001493
0.001364
0.000680
-0.000039
-0.000603
-0.001194
-0.001823
-0.002118
-0.001837
-0.001357
-0.001021
-0.000610
-0.000146
-0.000053
-0.000199
-0.000209
-0.000231
-0.000343
-0.000215
0.000142
0.000379
0.000504
0.000771
0.001066
0.001031
0.000762
0.000713
0.000833
0.000737
0.000583
0.000622
0.000532
0.000173
-0.000078
-0.000154
-0.000370
-0.000702
-0.000836
-0.000717
-0.000537
-0.000405
-0.000315
-0.000255
-0.000230
-0.000250
-0.000296
-0.000322
-0.000348
-0.000400
-0.000365
-0.000173
0.000057
0.000271
0.000209
-0.000876
-0.002957
-0.004811
-0.006279
-0.007708
-0.006724
-0.001682
0.003620
0.006311
0.009360
0.013518
0.014507
0.011727
0.008627
0.005493
0.001277
-0.002012
-0.002902
-0.003089
-0.004122
-0.005433
-0.006008
-0.006252
-0.007477
-0.009315
-0.009718
-0.008414
-0.006868
-0.004768
-0.001205
0.002051
0.003344
0.004222
0.005776
0.006312
0.005314
0.004731
0.005031
0.004853
0.004339
0.004411
0.004184
0.002608
0.000584
-0.000808
-0.002020
-0.003676
-0.005139
-0.005432
-0.004774
-0.004099
-0.003429
-0.002290
-0.001107
-0.000380
0.000382
0.001357
0.001785
0.001636
0.001824
0.002411
0.002691
0.002613
0.002490
0.002125
0.001306
0.000361
-0.000412
-0.001247
-0.002382
-0.003597
-0.004412
-0.004149
-0.002757
-0.001724
-0.001665
-0.000687
0.001663
0.003105
0.003205
0.003419
0.003454
0.002742
0.002259
0.002157
0.001497
0.000447
-0.000074
-0.000059
-0.000369
-0.001349
-0.002293
-0.002636
-0.002672
-0.002585
-0.002116
-0.001416
-0.000888
-0.000348
0.000408
0.000829
0.000586
0.000266
0.000305
0.000430
0.000460
0.000561
0.000682
0.000577
0.000388
0.000531
0.000849
0.000760
0.000404
0.000422
0.000731
0.000781
0.000459
-0.000004
-0.000377
-0.000520
-0.000521
-0.000584
-0.000750
-0.000888
-0.000791
-0.000418
-0.000097
-0.000134
-0.000305
-0.000161
0.000242
0.000436
0.000374
0.000408
0.000451
0.000212
-0.000018
0.000128
0.000246
-0.000378
-0.001967
-0.003912
-0.005134
-0.005784
-0.006948
-0.006985
-0.002928
0.003025
0.006310
0.008225
0.011578
0.013394
0.011283
0.008431
0.006456
0.003311
-0.000328
-0.001727
-0.001592
-0.002585
-0.004818
-0.006440
-0.007110
-0.008282
-0.009998
-0.010244
-0.008558
-0.006700
-0.004802
-0.001460
0.002156
0.003591
0.003704
0.004736
0.005860
0.005445
0.004768
0.005297
0.005734
0.005025
0.004342
0.003908
0.002317
-0.000130
-0.001714
-0.002506
-0.003656
-0.004775
-0.004769
-0.003906
-0.003202
-0.002670
-0.001733
-0.000796
-0.000537
-0.000268
0.000769
0.001714
0.001780
0.001747
0.002222
0.002550
0.002343
0.002058
0.001733
0.000912
-0.000212
-0.001086
-0.001920
-0.003239
-0.004640
-0.005012
-0.003781
-0.001672
0.000050
0.001232
0.002529
0.003655
0.003872
0.003403
0.002639
0.001562
0.000734
0.000830
0.001237
0.000862
-0.000149
-0.000826
-0.001047
-0.001482
-0.002191
-0.002629
-0.002607
-0.002096
-0.001035
0.000076
0.000538
0.000468
0.000445
0.000526
0.000363
-0.000076
-0.000388
-0.000284
0.000054
0.000329
0.000439
0.000338
0.000145
0.000251
0.000738
0.001135
0.001159
0.001022
0.000928
0.000885
0.000793
0.000414
-0.000371
-0.001212
-0.001551
-0.001311
-0.001064
-0.001199
-0.001273
-0.000803
-0.000170
0.000190
0.000485
0.000712
0.000641
0.000657
0.001009
0.001075
0.000492
-0.000200
-0.000505
-0.000436
-0.000266
-0.000313
-0.000714
-0.001678
-0.003307
-0.004516
-0.004455
-0.004729
-0.006038
-0.004914
0.000411
0.005592
0.007726
0.009659
0.012164
0.011993
0.009311
0.006993
0.004572
0.000836
-0.002142
-0.002683
-0.002528
-0.003840
-0.006160
-0.007552
-0.007860
-0.008596
-0.009425
-0.008600
-0.006666
-0.005050
-0.002707
0.001026
0.003698
0.004022
0.004236
0.005489
0.006045
0.005349
0.004990
0.005220
0.004750
0.003725
0.003186
0.002476
0.000518
-0.001668
-0.002640
-0.003072
-0.004043
-0.004812
-0.004467
-0.003640
-0.002957
-0.001959
-0.000646
0.000157
0.000517
0.001240
0.002102
0.002327
0.002115
0.002065
0.002085
0.001876
0.001535
0.001164
0.000528
-0.000540
-0.001786
-0.003082
-0.004494
-0.004990
-0.003136
-0.000168
0.001147
0.001234
0.002397
0.003733
0.003122
0.001582
0.000636
-0.000205
-0.000664
0.000228
0.001279
0.000929
-0.000038
-0.000355
-0.000374
-0.000875
-0.001514
-0.001529
-0.001070
-0.000610
-0.000009
0.000604
0.000478
-0.000290
-0.000686
-0.000518
-0.000473
-0.000662
-0.000588
-0.000217
0.000013
0.000037
0.000110
0.000161
0.000109
0.000357
0.001060
0.001593
0.001510
0.001234
0.001209
0.001180
0.000758
0.000054
-0.000523
-0.000739
-0.000692
-0.000710
-0.001035
-0.001483
-0.001625
-0.001327
-0.000855
-0.000394
0.000108
0.000588
0.000943
0.001227
0.001276
0.000847
0.000195
-0.000198
-0.000256
-0.000198
-0.000132
-0.000049
-0.000020
-0.000341
-0.001475
-0.003282
-0.004674
-0.005164
-0.005742
-0.006463
-0.004889
0.000157
0.005499
0.008298
0.010250
0.012538
0.012586
0.009808
0.006990
0.004461
0.000784
-0.002370
-0.003034
-0.003087
-0.004760
-0.006944
-0.007896
-0.008275
-0.009189
-0.009674
-0.008416
-0.006121
-0.003841
-0.000930
0.002680
0.004908
0.005016
0.005101
0.005994
0.006052
0.005002
0.004392
0.004238
0.003417
0.002420
0.002038
0.001131
-0.001043
-0.002782
-0.003014
-0.003200
-0.004127
-0.004501
-0.003806
-0.002942
-0.002048
-0.000705
0.000576
0.001205
0.001624
0.002262
0.002687
0.002495
0.002071
0.001914
0.001800
0.001333
0.000738
0.000192
-0.000787
-0.002401
-0.004073
-0.004866
-0.003842
-0.001564
-0.000181
0.000203
0.001432
0.002740
0.002275
0.001198
0.000782
0.000133
-0.000473
0.000313
0.001615
0.001713
0.000934
0.000469
0.000313
-0.000126
-0.000707
-0.000864
-0.000560
-0.000127
0.000321
0.000583
0.000145
-0.000894
-0.001589
-0.001576
-0.001441
-0.001350
-0.000896
-0.000183
0.000282
0.000360
0.000224
-0.000040
-0.000258
0.000006
0.000849
0.001643
0.001860
0.001717
0.001544
0.001238
0.000773
0.000367
-0.000053
-0.000656
-0.001123
-0.001078
-0.000835
-0.000988
-0.001398
-0.001448
-0.001155
-0.000897
-0.000433
0.000449
0.001108
0.001148
0.001137
0.001310
0.001037
0.000262
-0.000198
-0.000229
-0.000432
-0.000567
-0.000170
0.000093
-0.000230
-0.000439
-0.000706
-0.002319
-0.004636
-0.005389
-0.004895
-0.005361
-0.005605
-0.002182
0.003767
0.007539
0.008971
0.011181
0.012776
0.010831
0.007494
0.005260
0.002408
-0.001429
-0.003376
-0.003272
-0.003995
-0.006129
-0.007722
-0.008100
-0.008461
-0.009114
-0.008554
-0.006220
-0.003737
-0.001725
0.001221
0.004562
0.005768
0.005268
0.005585
0.006220
0.005298
0.003907
0.003618
0.003231
0.001853
0.000875
0.000585
-0.000533
-0.002387
-0.003341
-0.003415
-0.003818
-0.004203
-0.003489
-0.002149
-0.001173
-0.000258
0.001023
0.001908
0.001962
0.002040
0.002469
0.002417
0.001761
0.001392
0.001464
0.001201
0.000402
-0.000388
-0.001080
-0.001993
-0.002784
-0.003068
-0.003783
-0.005416
-0.005300
-0.001375
0.002416
0.002305
0.002040
0.004334
0.004992
0.003028
0.002169
0.001685
-0.000251
-0.000810
0.000938
0.001591
0.000192
-0.000896
-0.000792
-0.000849
-0.001751
-0.002419
-0.002124
-0.001552
-0.000962
0.000082
0.000877
0.000398
-0.000494
-0.000461
-0.000087
-0.000336
-0.000578
-0.000075
0.000599
0.000826
0.000900
0.000986
0.000725
0.000324
0.000488
0.001076
0.001209
0.000712
0.000236
0.000078
-0.000069
-0.000351
-0.000586
-0.000771
-0.000980
-0.000971
-0.000669
-0.000632
-0.001132
-0.001366
-0.000673
0.000268
0.000711
0.001018
0.001409
0.001406
0.001041
0.000688
0.000166
-0.000567
-0.000999
-0.000957
-0.000788
-0.000639
-0.000294
0.000185
-0.000088
-0.001776
-0.003769
-0.004573
-0.004914
-0.006090
-0.006168
-0.002038
0.004424
0.008301
0.009752
0.011905
0.013040
0.010449
0.006632
0.003923
0.000805
-0.002652
-0.004018
-0.003594
-0.004065
-0.006127
-0.007890
-0.008197
-0.008299
-0.008929
-0.008287
-0.005524
-0.002617
-0.000331
0.002791
0.005935
0.006526
0.005444
0.005484
0.005982
0.004818
0.003135
0.002762
0.002465
0.001080
0.000029
-0.000223
-0.001343
-0.003280
-0.004067
-0.003613
-0.003500
-0.003776
-0.003250
-0.001855
-0.000462
0.000709
0.001877
0.002626
0.002571
0.002435
0.002856
0.003044
0.002274
0.001359
0.001036
0.000650
-0.000259
-0.001135
-0.001839
-0.002729
-0.003412
-0.003380
-0.003181
-0.003766
-0.005125
-0.005085
-0.001396
0.003099
0.003911
0.003490
0.005496
0.006544
0.004572
0.003125
0.002289
-0.000073
-0.001325
0.000225
0.001086
-0.000528
-0.002138
-0.002198
-0.002130
-0.003035
-0.003678
-0.002990
-0.001798
-0.000600
0.000926
0.001864
0.001226
0.000207
0.000257
0.000759
0.000612
0.000158
0.000241
0.000691
0.000828
0.000624
0.000321
-0.000192
-0.000648
-0.000305
0.000636
0.001031
0.000638
0.000331
0.000452
0.000445
-0.000025
-0.000663
-0.001100
-0.001229
-0.001090
-0.000759
-0.000519
-0.000621
-0.000642
0.000011
0.000944
0.001337
0.001289
0.001378
0.001446
0.001006
0.000202
-0.000624
-0.001407
-0.001806
-0.001533
-0.001139
-0.000977
-0.000700
-0.000936
-0.002644
-0.004443
-0.004632
-0.004652
-0.005676
-0.004632
0.000825
0.007018
0.009865
0.011076
0.012728
0.012457
0.009189
0.005631
0.002716
-0.000725
-0.003703
-0.004552
-0.004338
-0.005266
-0.007449
-0.008954
-0.008857
-0.008500
-0.008453
-0.007111
-0.004093
-0.001147
0.001382
0.004384
0.006674
0.006688
0.005850
0.005933
0.005809
0.004351
0.002971
0.002505
0.001650
0.000123
-0.000868
-0.001468
-0.002681
-0.003970
-0.004267
-0.003958
-0.003843
-0.003533
-0.002349
-0.000741
0.000501
0.001542
0.002688
0.003350
0.003295
0.003374
0.003691
0.003196
0.001902
0.000939
0.000388
-0.000507
-0.001608
-0.002348
-0.002935
-0.003637
-0.003951
-0.003607
-0.003194
-0.003063
-0.003073
-0.003119
-0.002247
0.000523
0.003484
0.004516
0.004995
0.006386
0.006886
0.005364
0.003239
0.001292
-0.000440
-0.001138
-0.000851
-0.001022
-0.002124
-0.003028
-0.003012
-0.002850
-0.003278
-0.003538
-0.002661
-0.001034
0.000433
0.001399
0.001730
0.001415
0.000968
0.000851
0.000810
0.000482
0.000102
0.000154
0.000592
0.000853
0.000628
0.000144
-0.000279
-0.000477
-0.000334
0.000034
0.000240
0.000220
0.000305
0.000529
0.000566
0.000230
-0.000425
-0.001074
-0.001287
-0.001032
-0.000640
-0.000297
0.000061
0.000576
0.001197
0.001533
0.001325
0.000872
0.000495
0.000082
-0.000414
-0.000801
-0.001148
-0.001597
-0.001858
-0.001708
-0.001340
-0.000840
-0.000489
-0.001109
-0.002546
-0.003333
-0.003389
-0.004274
-0.005129
-0.002468
0.003565
0.008172
0.009779
0.011394
0.012864
0.011129
0.007075
0.003515
0.000200
-0.003300
-0.005199
-0.005029
-0.004937
-0.006359
-0.008036
-0.008270
-0.007709
-0.007696
-0.007162
-0.004645
-0.001328
0.001348
0.003931
0.006311
0.006915
0.005985
0.005469
0.005327
0.004030
0.002122
0.001197
0.000708
-0.000443
-0.001452
-0.001750
-0.002424
-0.003683
-0.004233
-0.003798
-0.003355
-0.002967
-0.001800
0.000007
0.001482
0.002477
0.003443
0.004070
0.003883
0.003459
0.003355
0.002880
0.001559
0.000306
-0.000264
-0.000893
-0.001991
-0.002894
-0.003372
-0.003875
-0.004198
-0.003794
-0.003016
-0.002438
-0.001761
-0.000647
0.000247
0.000020
-0.000811
-0.000207
0.002538
0.005040
0.005573
0.005763
0.006440
0.005737
0.003390
0.001086
-0.000966
-0.002852
-0.003411
-0.002742
-0.002481
-0.003003
-0.003297
-0.003082
-0.003024
-0.003141
-0.002556
-0.001017
0.000720
0.002111
0.003031
0.003211
0.002587
0.001663
0.000954
0.000463
-0.000058
-0.000504
-0.000516
-0.000221
-0.000185
-0.000538
-0.000870
-0.000898
-0.000667
-0.000308
0.000103
0.000526
0.000879
0.001068
0.001068
0.000838
0.000370
-0.000115
-0.000348
-0.000372
-0.000348
-0.000245
-0.000021
0.000235
0.000488
0.000623
0.000312
-0.000441
-0.000999
-0.000935
-0.000719
-0.000895
-0.001153
-0.001047
-0.000873
-0.000940
-0.000912
-0.000562
-0.000324
-0.000795
-0.001892
-0.002649
-0.002670
-0.003012
-0.003614
-0.001918
0.002763
0.006976
0.008747
0.010025
0.010945
0.009171
0.005536
0.002656
0.000161
-0.002718
-0.004402
-0.004375
-0.004488
-0.005693
-0.006891
-0.007066
-0.006718
-0.006622
-0.006038
-0.003868
-0.000870
0.001663
0.003908
0.005936
0.006567
0.005684
0.004827
0.004317
0.002992
0.001135
0.000071
-0.000545
-0.001491
-0.002012
-0.001845
-0.002152
-0.003015
-0.003280
-0.002877
-0.002553
-0.002238
-0.001427
-0.000092
0.001456
0.002822
0.003763
0.004307
0.004377
0.003879
0.003160
0.002404
0.001232
-0.000223
-0.001276
-0.001996
-0.002784
-0.003282
-0.003254
-0.003204
-0.003248
-0.003004
-0.002587
-0.002201
-0.001570
-0.000698
-0.000125
-0.000277
-0.000728
0.000166
0.002825
0.004598
0.004476
0.005070
0.006227
0.005155
0.002855
0.001390
-0.000198
-0.001823
-0.001966
-0.001598
-0.002267
-0.003289
-0.003567
-0.003191
-0.002974
-0.003166
-0.002802
-0.001312
0.000533
0.002055
0.002995
0.002926
0.002092
0.001372
0.000872
0.000150
-0.000633
-0.000938
-0.000642
-0.000193
-0.000066
-0.000174
-0.000229
-0.000303
-0.000387
-0.000141
0.000313
0.000464
0.000554
0.001109
0.001609
0.001303
0.000504
-0.000147
-0.000594
-0.000911
-0.000952
-0.000689
-0.000378
-0.000190
0.000027
0.000328
0.000376
0.000014
-0.000329
-0.000298
-0.000170
-0.000322
-0.000719
-0.001189
-0.001622
-0.001772
-0.001348
-0.000442
0.000399
0.000550
-0.000235
-0.001349
-0.001761
-0.001695
-0.002287
-0.002823
-0.001184
0.002571
0.006007
0.007565
0.007918
0.007972
0.007062
0.004586
0.001760
-0.000511
-0.002778
-0.004478
-0.004358
-0.003664
-0.004359
-0.005572
-0.005549
-0.004747
-0.004352
-0.003935
-0.002457
-0.000289
0.001507
0.003031
0.004584
0.005178
0.004305
0.003220
0.002680
0.001827
0.000374
-0.000594
-0.000722
-0.000947
-0.001508
-0.001755
-0.001939
-0.002662
-0.003164
-0.002569
-0.001513
-0.000700
0.000301
0.001711
0.002915
0.003637
0.004036
0.003891
0.003096
0.002153
0.001358
0.000489
-0.000542
-0.001488
-0.002110
-0.002411
-0.002579
-0.002712
-0.002771
-0.002737
-0.002512
-0.002029
-0.001563
-0.001340
-0.001124
-0.001042
-0.001573
-0.001549
0.000924
0.004368
0.005564
0.005336
0.006197
0.006510
0.004044
0.000760
-0.001163
-0.002200
-0.002605
-0.002154
-0.001828
-0.002279
-0.002628
-0.002238
-0.001851
-0.002184
-0.002455
-0.001389
0.000730
0.002416
0.002972
0.002670
0.001760
0.000597
-0.000237
-0.000680
-0.001119
-0.001450
-0.001162
-0.000403
0.000007
-0.000232
-0.000560
-0.000489
-0.000092
0.000454
0.001044
0.001400
0.001377
0.001278
0.001203
0.000760
-0.000097
-0.000808
-0.000989
-0.000809
-0.000632
-0.000550
-0.000355
-0.000033
0.000185
0.000262
0.000296
0.000258
0.000187
0.000182
0.000142
-0.000115
-0.000615
-0.001195
-0.001526
-0.001465
-0.001252
-0.000830
0.000153
0.001229
0.001436
0.000699
-0.000405
-0.001474
-0.002273
-0.002687
-0.002605
-0.001887
-0.000514
0.001737
0.004526
0.006186
0.006153
0.005854
0.005388
0.003650
0.001433
-0.000111
-0.001481
-0.002702
-0.003016
-0.002956
-0.003482
-0.004214
-0.004373
-0.004013
-0.003534
-0.002925
-0.001873
-0.000333
0.001286
0.002526
0.003249
0.003448
0.003019
0.002178
0.001574
0.001279
0.000651
-0.000228
-0.000645
-0.000723
-0.001058
-0.001601
-0.002074
-0.002463
-0.002523
-0.001885
-0.000789
0.000257
0.001230
0.002221
0.002991
0.003376
0.003365
0.002801
0.001767
0.000774
0.000101
-0.000425
-0.000961
-0.001448
-0.001709
-0.001697
-0.001669
-0.001833
-0.002029
-0.002107
-0.002217
-0.002534
-0.002798
-0.002300
-0.000807
0.000835
0.002097
0.003496
0.004733
0.004706
0.003751
0.002749
0.001484
0.000143
-0.000411
-0.000483
-0.000962
-0.001710
-0.002123
-0.002117
-0.002002
-0.001870
-0.001435
-0.000587
0.000400
0.001288
0.001866
0.001861
0.001294
0.000537
-0.000097
-0.000572
-0.000947
-0.001135
-0.001036
-0.000807
-0.000675
-0.000647
-0.000612
-0.000473
-0.000158
0.000311
0.000826
0.001241
0.001419
0.001348
0.001131
0.000841
0.000431
-0.000102
-0.000499
-0.000570
-0.000540
-0.000602
-0.000645
-0.000659
-0.000697
-0.000552
-0.000146
0.000260
0.000554
0.000826
0.000995
0.000900
0.000541
0.000051
-0.000451
-0.000928
-0.001306
-0.001337
-0.000856
-0.000217
0.000157
0.000411
0.000607
0.000374
-0.000119
-0.000487
-0.001146
-0.002118
-0.002442
-0.002077
-0.001828
-0.001427
-0.000383
0.000879
0.002381
0.004200
0.005171
0.004923
0.004632
0.004387
0.003376
0.001900
0.000524
-0.000739
-0.001658
-0.002238
-0.002985
-0.003875
-0.004530
-0.004826
-0.004484
-0.003439
-0.002362
-0.001498
-0.000248
0.001355
0.002521
0.003111
0.003470
0.003394
0.002737
0.002038
0.001427
0.000399
-0.000831
-0.001541
-0.001828
-0.002134
-0.002383
-0.002434
-0.002228
-0.001559
-0.000505
0.000541
0.001394
0.001990
0.002267
0.002366
0.002324
0.001889
0.001154
0.000647
0.000477
0.000313
0.000040
-0.000337
-0.000880
-0.001391
-0.001656
-0.001993
-0.002595
-0.002780
-0.002006
-0.000867
-0.000027
0.000718
0.001506
0.001851
0.001613
0.001276
0.001011
0.000622
0.000271
0.000255
0.000414
0.000345
-0.000029
-0.000394
-0.000554
-0.000720
-0.000900
-0.000653
0.000039
0.000655
0.001053
0.001335
0.001215
0.000579
-0.000130
-0.000638
-0.001013
-0.001132
-0.000903
-0.000558
-0.000322
-0.000324
-0.000549
-0.000678
-0.000542
-0.000358
-0.000134
0.000378
0.001077
0.001562
0.001638
0.001376
0.000886
0.000197
-0.000582
-0.001099
-0.001115
-0.000855
-0.000595
-0.000253
0.000164
0.000251
-0.000093
-0.000348
-0.000239
-0.000060
0.000012
0.000150
0.000413
0.000556
0.000387
0.000121
0.000017
-0.000064
-0.000184
-0.000047
0.000284
0.000337
0.000105
0.000003
0.000086
0.000047
-0.000211
-0.000532
-0.000803
-0.001030
-0.001375
-0.002100
-0.002943
-0.003112
-0.002414
-0.001265
0.000275
0.001998
0.003222
0.003894
0.004477
0.004773
0.004303
0.003363
0.002723
0.002502
0.001947
0.000572
-0.001031
-0.002216
-0.003288
-0.004491
-0.005169
-0.005012
-0.004602
-0.003917
-0.002288
-0.000246
0.000953
0.001534
0.002444
0.003281
0.003249
0.002663
0.002090
0.001468
0.000669
-0.000126
-0.000785
-0.001439
-0.002049
-0.002225
-0.001905
-0.001550
-0.001282
-0.000747
0.000001
0.000529
0.000874
0.001333
0.001699
0.001677
0.001567
0.001674
0.001721
0.001437
0.000984
0.000515
0.000007
-0.000555
-0.001151
-0.001582
-0.001604
-0.001439
-0.001377
-0.001216
-0.000912
-0.000769
-0.000675
-0.000446
-0.000315
-0.000293
-0.000146
0.000103
0.000421
0.000782
0.000989
0.001031
0.000995
0.000775
0.000456
0.000301
0.000280
0.000250
0.000256
0.000306
0.000310
0.000282
0.000294
0.000291
0.000139
-0.000116
-0.000242
-0.000216
-0.000289
-0.000496
-0.000612
-0.000629
-0.000699
-0.000745
-0.000646
-0.000470
-0.000225
0.000131
0.000436
0.000533
0.000518
0.000515
0.000481
0.000358
0.000194
0.000002
-0.000232
-0.000344
-0.000204
-0.000066
-0.000156
-0.000262
-0.000195
-0.000128
-0.000217
-0.000372
-0.000401
-0.000178
0.000177
0.000472
0.000726
0.000923
0.000898
0.000741
0.000631
0.000395
-0.000026
-0.000292
-0.000353
-0.000523
-0.000808
-0.000943
-0.000850
-0.000639
-0.000410
-0.000278
-0.000385
-0.000653
-0.000921
-0.001400
-0.002116
-0.002290
-0.001488
-0.000394
0.000499
0.001535
0.002791
0.003653
0.003662
0.003134
0.002679
0.002344
0.001922
0.001643
0.001482
0.000782
-0.000445
-0.001468
-0.002317
-0.003418
-0.004317
-0.004314
-0.003513
-0.002393
-0.001111
0.000245
0.001337
0.001976
0.002284
0.002247
0.001765
0.001078
0.000524
0.000129
-0.000200
-0.000465
-0.000615
-0.000684
-0.000817
-0.001035
-0.001153
-0.001075
-0.000896
-0.000677
-0.000371
0.000036
0.000463
0.000837
0.001196
0.001574
0.001838
0.001779
0.001335
0.000755
0.000397
0.000190
-0.000221
-0.000623
-0.000571
-0.000456
-0.000845
-0.001273
-0.001178
-0.000977
-0.000990
-0.000854
-0.000574
-0.000441
-0.000243
0.000108
0.000254
0.000236
0.000432
0.000753
0.000846
0.000667
0.000435
0.000310
0.000285
0.000258
0.000099
-0.000182
-0.000263
0.000088
0.000521
0.000626
0.000518
0.000479
0.000524
0.000431
0.000038
-0.000441
-0.000626
-0.000508
-0.000425
-0.000590
-0.000896
-0.001056
-0.000852
-0.000419
-0.000128
-0.000051
0.000164
0.000654
0.001007
0.000922
0.000693
0.000581
0.000403
0.000087
-0.000194
-0.000476
-0.000801
-0.000906
-0.000698
-0.000481
-0.000382
-0.000198
0.000110
0.000327
0.000359
0.000332
0.000333
0.000328
0.000332
0.000392
0.000482
0.000575
0.000684
0.000746
0.000631
0.000318
-0.000055
-0.000403
-0.000785
-0.001174
-0.001417
-0.001429
-0.001200
-0.000870
-0.000660
-0.000565
-0.000447
-0.000291
-0.000163
-0.000154
-0.000241
-0.000062
0.000543
0.001093
0.001259
0.001398
0.001787
0.002082
0.001903
0.001439
0.001007
0.000560
0.000094
-0.000258
-0.000657
-0.001136
-0.001261
-0.000993
-0.000824
-0.000879
-0.000876
-0.000620
-0.000098
0.000408
0.000501
0.000232
0.000002
-0.000039
-0.000070
-0.000250
-0.000540
-0.000718
-0.000536
-0.000061
0.000304
0.000322
0.000117
-0.000133
-0.000336
-0.000474
-0.000592
-0.000672
-0.000560
-0.000120
0.000534
0.001073
0.001228
0.001009
0.000711
0.000579
0.000531
0.000401
0.000190
0.000000
-0.000083
-0.000093
-0.000078
-0.000011
-0.000003
-0.000200
-0.000438
-0.000565
-0.000674
-0.000703
-0.000563
-0.000409
-0.000269
-0.000035
0.000178
0.000244
0.000205
0.000076
-0.000144
-0.000355
-0.000426
-0.000322
-0.000187
-0.000113
0.000057
0.000373
0.000615
0.000685
0.000710
0.000752
0.000709
0.000516
0.000337
0.000336
0.000342
0.000177
-0.000037
-0.000211
-0.000387
-0.000512
-0.000577
-0.000661
-0.000686
-0.000522
-0.000272
-0.000107
0.000025
0.000201
0.000298
0.000209
0.000044
-0.000081
-0.000188
-0.000296
-0.000328
-0.000237
-0.000101
-0.000030
0.000008
0.000093
0.000151
0.000111
0.000063
0.000058
0.000074
0.000125
0.000240
0.000407
0.000552
0.000633
0.000688
0.000644
0.000406
0.000119
-0.000077
-0.000244
-0.000393
-0.000548
-0.000840
-0.001163
-0.001199
-0.000948
-0.000674
-0.000454
-0.000199
0.000069
0.000221
0.000202
0.000148
0.000168
0.000106
-0.000011
0.000206
0.000610
0.000581
0.000360
0.000648
0.001108
0.001048
0.000686
0.000419
0.000168
-0.000048
-0.000060
0.000050
0.000048
-0.000076
-0.000076
-0.000001
-0.000265
-0.000739
-0.000838
-0.000626
-0.000528
-0.000438
-0.000210
-0.000106
-0.000229
-0.000281
-0.000098
0.000060
0.000071
0.000269
0.000705
0.000855
0.000556
0.000256
0.000140
-0.000006
-0.000177
-0.000208
-0.000193
-0.000296
-0.000438
-0.000482
-0.000418
-0.000296
-0.000256
-0.000384
-0.000491
-0.000350
-0.000018
0.000315
0.000511
0.000542
0.000558
0.000661
0.000673
0.000482
0.000286
0.000218
0.000175
0.000104
0.000063
-0.000020
-0.000267
-0.000545
-0.000624
-0.000556
-0.000522
-0.000468
-0.000300
-0.000180
-0.000208
-0.000176
0.000014
0.000158
0.000149
0.000096
0.000074
0.000081
0.000116
0.000182
0.000278
0.000395
0.000504
0.000578
0.000555
0.000409
0.000294
0.000333
0.000342
0.000167
-0.000050
-0.000176
-0.000226
-0.000254
-0.000315
-0.000364
-0.000280
-0.000132
-0.000142
-0.000333
-0.000507
-0.000529
-0.000426
-0.000347
-0.000402
-0.000458
-0.000347
-0.000161
-0.000054
0.000011
0.000070
0.000055
0.000028
0.000113
0.000238
0.000308
0.000440
0.000696
0.000892
0.000869
0.000705
0.000509
0.000288
0.000115
0.000054
-0.000051
-0.000319
-0.000567
-0.000590
-0.000492
-0.000494
-0.000503
-0.000314
-0.000102
-0.000117
-0.000258
-0.000355
-0.000342
-0.000193
-0.000057
-0.000116
-0.000277
-0.000327
-0.000179
0.000085
0.000285
0.000345
0.000438
0.000710
0.000901
0.000725
0.000438
0.000439
0.000649
0.000727
0.000588
0.000399
0.000246
0.000063
-0.000168
-0.000401
-0.000689
-0.001021
-0.001080
-0.000750
-0.000537
-0.000782
-0.001016
-0.000717
-0.000088
0.000355
0.000524
0.000678
0.000878
0.001006
0.001064
0.000954
0.000443
-0.000252
-0.000573
-0.000492
-0.000491
-0.000716
-0.000856
-0.000729
-0.000500
-0.000356
-0.000277
-0.000152
0.000048
0.000269
0.000472
0.000618
0.000655
0.000609
0.000555
0.000483
0.000311
0.000087
0.000007
0.000129
0.000262
0.000239
0.000067
-0.000192
-0.000449
-0.000581
-0.000588
-0.000605
-0.000679
-0.000706
-0.000599
-0.000380
-0.000124
0.000101
0.000261
0.000312
0.000213
0.000107
0.000154
0.000253
0.000272
0.000299
0.000439
0.000650
0.000802
0.000790
0.000658
0.000527
0.000384
0.000089
-0.000357
-0.000720
-0.000772
-0.000570
-0.000367
-0.000272
-0.000182
-0.000043
-0.000021
-0.000213
-0.000368
-0.000302
-0.000223
-0.000251
-0.000216
-0.000125
-0.000167
-0.000263
-0.000192
-0.000031
0.000047
0.000116
0.000252
0.000347
0.000358
0.000344
0.000335
0.000375
0.000437
0.000382
0.000261
0.000250
0.000241
0.000079
-0.000116
-0.000284
-0.000495
-0.000619
-0.000535
-0.000338
-0.000117
0.000062
0.000170
0.000350
0.000580
0.000511
0.000077
-0.000346
-0.000583
-0.000748
-0.000765
-0.000532
-0.000311
-0.000282
-0.000160
0.000198
0.000467
0.000465
0.000445
0.000580
0.000607
0.000323
0.000027
-0.000049
-0.000103
-0.000150
0.000094
0.000568
0.000817
0.000646
0.000332
0.000098
-0.000174
-0.000491
-0.000652
-0.000680
-0.000658
-0.000484
-0.000205
-0.000029
0.000061
0.000195
0.000350
0.000422
0.000358
0.000253
0.000238
0.000258
0.000175
0.000017
-0.000086
-0.000130
-0.000294
-0.000664
-0.001025
-0.001148
-0.000992
-0.000628
-0.000197
0.000183
0.000546
0.000912
0.001155
0.001122
0.000822
0.000461
0.000227
0.000096
-0.000042
-0.000176
-0.000246
-0.000289
-0.000362
-0.000389
-0.000330
-0.000293
-0.000263
-0.000131
-0.000052
-0.000188
-0.000318
-0.000220
-0.000026
0.000062
0.000080
0.000166
0.000229
0.000049
-0.000265
-0.000390
-0.000288
-0.000133
0.000053
0.000298
0.000486
0.000576
0.000696
0.000805
0.000674
0.000373
0.000194
0.000122
0.000009
-0.000017
0.000110
0.000148
-0.000020
-0.000239
-0.000445
-0.000690
-0.000887
-0.000876
-0.000694
-0.000534
-0.000393
-0.000084
0.000288
0.000405
0.000295
0.000234
0.000252
0.000219
0.000195
0.000268
0.000276
0.000087
-0.000106
-0.000124
-0.000107
-0.000174
-0.000186
-0.000083
-0.000045
-0.000150
-0.000226
-0.000168
-0.000021
0.000184
0.000349
0.000397
0.000490
0.000687
0.000726
0.000545
0.000367
0.000192
-0.000148
-0.000632
-0.001031
-0.001148
-0.001078
-0.001010
-0.000854
-0.000507
-0.000139
0.000132
0.000348
0.000452
0.000419
0.000462
0.000671
0.000789
0.000663
0.000507
0.000461
0.000331
-0.000031
-0.000419
-0.000495
-0.000227
0.000035
0.000073
0.000060
0.000103
0.000132
0.000193
0.000264
0.000205
0.000112
0.000182
0.000306
0.000198
-0.000181
-0.000502
-0.000530
-0.000452
-0.000485
-0.000535
-0.000484
-0.000361
-0.000163
0.000078
0.000178
0.000105
0.000067
0.000108
0.000044
-0.000113
-0.000127
0.000028
0.000177
0.000297
0.000442
0.000514
0.000373
0.000069
-0.000134
-0.000105
-0.000031
-0.000023
0.000030
0.000102
0.000037
-0.000109
-0.000138
-0.000079
-0.000129
-0.000276
-0.000338
-0.000334
-0.000387
-0.000397
-0.000234
-0.000040
0.000042
0.000127
0.000324
0.000508
0.000538
0.000482
0.000442
0.000353
0.000164
0.000044
0.000105
0.000161
0.000055
-0.000107
-0.000252
-0.000390
-0.000394
-0.000201
-0.000035
-0.000039
-0.000041
0.000069
0.000114
-0.000018
-0.000179
-0.000203
-0.000124
-0.000093
-0.000141
-0.000130
-0.000009
0.000083
0.000107
0.000127
0.000032
-0.000216
-0.000345
-0.000217
-0.000066
-0.000067
-0.000103
-0.000052
0.000054
0.000168
0.000279
0.000361
0.000401
0.000419
0.000412
0.000340
0.000189
-0.000010
-0.000139
-0.000100
0.000004
0.000060
0.000107
0.000141
0.000096
-0.000044
-0.000322
-0.000717
-0.000954
-0.000773
-0.000357
-0.000047
0.000169
0.000419
0.000556
0.000456
0.000241
0.000042
-0.000101
-0.000165
-0.000117
0.000022
0.000078
-0.000061
-0.000189
-0.000161
-0.000217
-0.000394
-0.000311
0.000055
0.000270
0.000248
0.000235
0.000261
0.000279
0.000366
0.000486
0.000471
0.000335
0.000255
0.000205
0.000004
-0.000251
-0.000337
-0.000398
-0.000602
-0.000740
-0.000663
-0.000435
-0.000079
0.000303
0.000508
0.000524
0.000489
0.000408
0.000184
-0.000144
-0.000349
-0.000277
-0.000074
-0.000036
-0.000192
-0.000254
-0.000110
0.000008
0.000011
0.000104
0.000314
0.000463
0.000523
0.000503
0.000278
-0.000093
-0.000398
-0.000564
-0.000562
-0.000361
-0.000087
0.000062
0.000036
-0.000047
-0.000125
-0.000302
-0.000559
-0.000605
-0.000305
0.000112
0.000458
0.000735
0.000850
0.000678
0.000391
0.000224
0.000074
-0.000260
-0.000646
-0.000774
