4960
0.000118
-0.000092
-0.000207
-0.000215
-0.000229
-0.000198
-0.000060
0.000058
0.000031
-0.000021
0.000088
0.000275
0.000278
0.000093
0.000003
0.000089
0.000120
0.000015
-0.000068
-0.000075
-0.000087
-0.000147
-0.000248
-0.000295
-0.000207
-0.000093
-0.000069
-0.000043
0.000053
0.000119
0.000135
0.000179
0.000179
0.000057
-0.000038
0.000036
0.000143
0.000122
0.000093
0.000230
0.000417
0.000372
0.000095
-0.000114
-0.000110
-0.000053
-0.000094
-0.000189
-0.000235
-0.000188
-0.000064
0.000035
-0.000028
-0.000241
-0.000385
-0.000314
-0.000159
-0.000073
0.000008
0.000155
0.000231
0.000090
-0.000118
-0.000115
0.000073
0.000166
0.000067
-0.000020
0.000024
0.000071
0.000045
0.000052
0.000136
0.000176
0.000102
0.000018
0.000037
0.000086
0.000043
-0.000046
-0.000061
-0.000030
-0.000046
-0.000087
-0.000078
-0.000035
-0.000014
-0.000013
0.000020
0.000078
0.000069
-0.000023
-0.000071
-0.000007
0.000032
-0.000064
-0.000170
-0.000141
-0.000041
0.000038
0.000109
0.000154
0.000103
0.000006
0.000005
0.000084
0.000088
-0.000020
-0.000119
-0.000125
-0.000094
-0.000093
-0.000020
0.000155
0.000161
-0.000136
-0.000336
-0.000103
0.000214
0.000143
-0.000148
-0.000237
-0.000140
-0.000080
-0.000023
0.000140
0.000294
0.000290
0.000204
0.000183
0.000178
0.000065
-0.000062
-0.000012
0.000121
0.000081
-0.000079
-0.000103
-0.000023
-0.000082
-0.000240
-0.000235
-0.000067
0.000001
-0.000100
-0.000179
-0.000122
-0.000063
-0.000132
-0.000212
-0.000163
-0.000076
-0.000043
0.000027
0.000203
0.000352
0.000298
0.000119
0.000067
0.000161
0.000206
0.000155
0.000118
0.000088
-0.000045
-0.000231
-0.000245
-0.000037
0.000118
0.000057
0.000002
0.000100
0.000148
0.000031
-0.000048
0.000000
-0.000009
-0.000114
-0.000088
0.000096
0.000120
-0.000168
-0.000415
-0.000269
0.000018
0.000007
-0.000155
-0.000074
0.000123
0.000064
-0.000113
-0.000025
0.000222
0.000235
0.000026
-0.000078
0.000011
0.000093
0.000045
-0.000040
-0.000036
0.000033
0.000066
0.000052
0.000052
0.000045
-0.000004
0.000000
0.000072
0.000017
-0.000169
-0.000176
0.000034
0.000102
-0.000072
-0.000165
-0.000022
0.000095
-0.000016
-0.000175
-0.000148
-0.000055
-0.000099
-0.000140
0.000042
0.000278
0.000296
0.000178
0.000165
0.000236
0.000198
0.000053
-0.000017
-0.000009
-0.000095
-0.000221
-0.000175
-0.000041
-0.000060
-0.000123
0.000009
0.000172
0.000052
-0.000229
-0.000291
-0.000122
-0.000054
-0.000166
-0.000175
0.000037
0.000205
0.000103
-0.000085
-0.000045
0.000158
0.000170
-0.000037
-0.000106
0.000048
0.000140
0.000110
0.000179
0.000321
0.000249
-0.000016
-0.000123
0.000006
0.000100
0.000050
-0.000006
-0.000025
-0.000126
-0.000262
-0.000238
-0.000091
-0.000071
-0.000193
-0.000180
0.000027
0.000111
-0.000043
-0.000108
0.000114
0.000303
0.000130
-0.000149
-0.000087
0.000179
0.000190
-0.000025
-0.000039
0.000185
0.000229
-0.000030
-0.000191
-0.000028
0.000138
0.000041
-0.000132
-0.000139
-0.000048
-0.000032
-0.000071
-0.000062
-0.000031
-0.000040
-0.000029
0.000038
0.000061
0.000016
0.000029
0.000097
0.000044
-0.000154
-0.000272
-0.000136
0.000086
0.000072
-0.000143
-0.000175
0.000068
0.000245
0.000208
0.000226
0.000377
0.000322
-0.000049
-0.000320
-0.000202
0.000017
-0.000024
-0.000188
-0.000136
0.000052
0.000039
-0.000172
-0.000303
-0.000277
-0.000173
0.000025
0.000263
0.000311
0.000132
0.000037
0.000186
0.000290
0.000118
-0.000066
0.000042
0.000179
-0.000045
-0.000382
-0.000333
-0.000004
0.000104
-0.000066
-0.000121
0.000068
0.000187
0.000069
-0.000039
0.000037
0.000115
0.000002
-0.000148
-0.000100
0.000035
0.000049
0.000017
0.000056
0.000076
0.000014
-0.000022
0.000019
0.000017
-0.000095
-0.000182
-0.000124
-0.000040
-0.000085
-0.000166
-0.000105
0.000072
0.000169
0.000087
-0.000030
-0.000009
0.000079
0.000103
0.000106
0.000132
0.000078
-0.000079
-0.000165
-0.000092
-0.000018
-0.000041
-0.000034
0.000094
0.000182
0.000063
-0.000105
-0.000069
0.000064
0.000060
0.000004
0.000097
0.000225
0.000156
-0.000034
-0.000109
-0.000056
-0.000040
-0.000108
-0.000153
-0.000116
-0.000064
-0.000042
-0.000016
0.000015
-0.000013
-0.000068
-0.000025
0.000080
0.000095
0.000010
-0.000034
-0.000003
-0.000023
-0.000139
-0.000201
-0.000107
0.000015
0.000030
0.000010
0.000071
0.000194
0.000312
0.000366
0.000326
0.000220
0.000084
-0.000060
-0.000156
-0.000178
-0.000177
-0.000160
-0.000090
-0.000061
-0.000172
-0.000275
-0.000166
0.000060
0.000145
0.000060
-0.000019
-0.000043
-0.000105
-0.000170
-0.000084
0.000124
0.000211
0.000107
0.000037
0.000148
0.000249
0.000114
-0.000120
-0.000159
-0.000002
0.000114
0.000092
0.000022
-0.000029
-0.000064
-0.000094
-0.000119
-0.000116
-0.000073
-0.000040
-0.000057
-0.000069
0.000009
0.000159
0.000251
0.000179
0.000001
-0.000113
-0.000087
-0.000033
-0.000067
-0.000130
-0.000098
0.000033
0.000156
0.000147
0.000034
-0.000002
0.000054
-0.000005
-0.000212
-0.000327
-0.000174
0.000114
0.000241
0.000139
0.000040
0.000068
0.000069
-0.000008
0.000022
0.000190
0.000213
-0.000030
-0.000261
-0.000247
-0.000090
0.000011
0.000031
0.000049
0.000085
0.000104
0.000100
0.000060
-0.000017
-0.000067
-0.000043
-0.000017
-0.000072
-0.000164
-0.000136
0.000057
0.000194
0.000090
-0.000083
-0.000071
0.000032
-0.000059
-0.000302
-0.000341
-0.000115
0.000038
-0.000045
-0.000132
-0.000020
0.000181
0.000262
0.000171
0.000023
-0.000042
0.000033
0.000201
0.000338
0.000327
0.000170
-0.000021
-0.000147
-0.000178
-0.000118
-0.000003
0.000087
0.000102
0.000042
-0.000037
-0.000042
-0.000011
-0.000054
-0.000082
0.000027
0.000093
-0.000105
-0.000380
-0.000372
-0.000074
0.000202
0.000213
0.000033
-0.000052
0.000046
0.000108
0.000005
-0.000115
-0.000128
-0.000081
-0.000002
0.000100
0.000138
0.000107
0.000125
0.000147
-0.000007
-0.000242
-0.000262
-0.000106
-0.000070
-0.000123
-0.000030
0.000111
0.000039
-0.000145
-0.000096
0.000201
0.000381
0.000289
0.000194
0.000278
0.000331
0.000163
-0.000068
-0.000150
-0.000154
-0.000246
-0.000381
-0.000393
-0.000266
-0.000118
0.000021
0.000172
0.000205
0.000026
-0.000168
-0.000137
0.000002
-0.000005
-0.000083
0.000016
0.000223
0.000248
0.000111
0.000156
0.000407
0.000438
0.000101
-0.000188
-0.000129
-0.000018
-0.000214
-0.000460
-0.000322
-0.000045
-0.000137
-0.000417
-0.000354
0.000043
0.000327
0.000292
0.000133
0.000037
-0.000034
-0.000082
-0.000017
0.000050
-0.000029
-0.000066
0.000115
0.000271
0.000145
-0.000024
0.000086
0.000249
0.000080
-0.000181
-0.000006
0.000451
0.000517
0.000070
-0.000269
-0.000117
0.000071
-0.000218
-0.000653
-0.000603
-0.000175
0.000032
-0.000128
-0.000255
-0.000078
0.000177
0.000176
-0.000008
-0.000078
0.000022
0.000173
0.000292
0.000274
0.000088
-0.000032
0.000085
0.000197
0.000081
-0.000028
0.000108
0.000250
0.000080
-0.000222
-0.000250
-0.000022
0.000089
-0.000015
-0.000032
0.000161
0.000247
0.000013
-0.000232
-0.000144
0.000074
0.000012
-0.000245
-0.000267
-0.000011
0.000113
-0.000079
-0.000322
-0.000375
-0.000294
-0.000172
-0.000008
0.000101
0.000056
0.000046
0.000253
0.000422
0.000277
0.000067
0.000113
0.000194
-0.000005
-0.000212
-0.000014
0.000358
0.000367
0.000069
-0.000049
0.000055
-0.000027
-0.000344
-0.000465
-0.000188
0.000108
0.000025
-0.000255
-0.000292
-0.000100
0.000013
0.000028
0.000088
0.000138
0.000090
0.000058
0.000143
0.000201
0.000059
-0.000094
0.000006
0.000175
0.000094
-0.000086
-0.000025
0.000166
0.000138
-0.000036
-0.000009
0.000141
-0.000000
-0.000354
-0.000370
0.000009
0.000198
-0.000055
-0.000300
-0.000166
0.000086
0.000076
-0.000058
0.000015
0.000180
0.000110
-0.000083
-0.000074
0.000057
0.000054
0.000016
0.000120
0.000198
0.000043
-0.000168
-0.000158
-0.000050
-0.000159
-0.000360
-0.000254
0.000088
0.000230
0.000148
0.000186
0.000322
0.000191
-0.000190
-0.000357
-0.000158
0.000027
-0.000018
-0.000033
0.000146
0.000261
0.000109
-0.000074
-0.000015
0.000124
0.000087
-0.000007
0.000016
0.000011
-0.000134
-0.000189
0.000015
0.000222
0.000125
-0.000091
-0.000055
0.000092
-0.000039
-0.000297
-0.000204
0.000142
0.000211
0.000027
0.000059
0.000259
0.000182
-0.000113
-0.000200
-0.000097
-0.000148
-0.000294
-0.000157
0.000215
0.000312
0.000020
-0.000150
0.000028
0.000122
-0.000102
-0.000247
-0.000075
0.000048
-0.000115
-0.000248
-0.000122
0.000003
-0.000099
-0.000181
0.000004
0.000219
0.000170
0.000052
0.000153
0.000303
0.000216
0.000052
0.000096
0.000201
0.000101
-0.000038
0.000079
0.000286
0.000191
-0.000114
-0.000197
-0.000032
0.000043
-0.000039
-0.000052
0.000013
-0.000097
-0.000397
-0.000548
-0.000391
-0.000161
-0.000069
-0.000037
0.000043
0.000094
0.000063
0.000075
0.000181
0.000219
0.000136
0.000108
0.000166
0.000111
-0.000041
-0.000027
0.000158
0.000187
-0.000040
-0.000198
-0.000099
-0.000005
-0.000119
-0.000230
-0.000138
0.000010
0.000038
0.000022
0.000067
0.000106
0.000056
-0.000014
-0.000018
-0.000032
-0.000145
-0.000210
-0.000059
0.000142
0.000121
-0.000025
-0.000001
0.000186
0.000291
0.000231
0.000155
0.000171
0.000232
0.000260
0.000232
0.000101
-0.000157
-0.000385
-0.000377
-0.000219
-0.000174
-0.000224
-0.000121
0.000063
0.000002
-0.000206
-0.000137
0.000154
0.000185
-0.000101
-0.000261
-0.000128
-0.000015
-0.000082
-0.000107
0.000017
0.000116
0.000111
0.000119
0.000128
-0.000028
-0.000284
-0.000324
-0.000073
0.000155
0.000151
0.000091
0.000143
0.000172
0.000068
0.000001
0.000112
0.000259
0.000240
0.000106
0.000104
0.000253
0.000227
-0.000106
-0.000369
-0.000264
-0.000043
-0.000035
-0.000151
-0.000165
-0.000084
-0.000019
-0.000009
-0.000074
-0.000204
-0.000243
-0.000056
0.000163
0.000119
-0.000081
-0.000111
0.000028
0.000054
-0.000066
-0.000056
0.000149
0.000251
0.000096
-0.000079
-0.000035
0.000129
0.000195
0.000171
0.000190
0.000206
0.000072
-0.000137
-0.000198
-0.000116
-0.000072
-0.000061
0.000039
0.000136
0.000047
-0.000136
-0.000152
0.000008
0.000088
-0.000003
-0.000042
0.000100
0.000216
0.000123
-0.000019
-0.000004
0.000046
-0.000075
-0.000246
-0.000203
-0.000012
0.000050
-0.000036
-0.000066
-0.000022
-0.000043
-0.000109
-0.000075
0.000040
0.000037
-0.000135
-0.000248
-0.000146
0.000032
0.000115
0.000123
0.000108
0.000026
-0.000085
-0.000062
0.000062
0.000062
-0.000068
-0.000097
0.000031
0.000126
0.000088
0.000066
0.000196
0.000368
0.000411
0.000333
0.000239
0.000180
0.000139
0.000068
-0.000061
-0.000240
-0.000433
-0.000537
-0.000489
-0.000428
-0.000470
-0.000455
-0.000236
0.000001
0.000023
-0.000062
-0.000055
-0.000024
-0.000061
-0.000001
0.000271
0.000501
0.000468
0.000390
0.000493
0.000495
0.000116
-0.000272
-0.000212
0.000032
-0.000008
-0.000187
-0.000148
-0.000019
-0.000080
-0.000222
-0.000209
-0.000107
-0.000083
-0.000079
-0.000011
-0.000013
-0.000162
-0.000228
0.000022
0.000401
0.000535
0.000466
0.000521
0.000659
0.000523
0.000151
0.000016
0.000250
0.000403
0.000202
-0.000031
-0.000009
0.000010
-0.000269
-0.000604
-0.000656
-0.000584
-0.000654
-0.000694
-0.000501
-0.000317
-0.000398
-0.000516
-0.000375
-0.000188
-0.000295
-0.000494
-0.000365
0.000005
0.000206
0.000190
0.000233
0.000390
0.000448
0.000377
0.000413
0.000609
0.000670
0.000509
0.000494
0.000750
0.000801
0.000415
0.000110
0.000255
0.000386
0.000078
-0.000264
-0.000202
-0.000057
-0.000219
-0.000463
-0.000485
-0.000400
-0.000414
-0.000443
-0.000324
-0.000189
-0.000272
-0.000433
-0.000401
-0.000316
-0.000414
-0.000490
-0.000280
-0.000010
0.000013
-0.000018
0.000236
0.000581
0.000558
0.000278
0.000259
0.000498
0.000511
0.000207
0.000019
0.000157
0.000270
0.000092
-0.000105
-0.000025
0.000165
0.000179
0.000053
-0.000019
-0.000085
-0.000279
-0.000449
-0.000419
-0.000432
-0.000762
-0.001099
-0.001004
-0.000715
-0.000657
-0.000558
-0.000044
0.000553
0.000802
0.000863
0.000972
0.000984
0.000785
0.000559
0.000550
0.000764
0.000922
0.000818
0.000659
0.000693
0.000733
0.000515
0.000218
0.000072
-0.000119
-0.000470
-0.000682
-0.000658
-0.000698
-0.000872
-0.000928
-0.000843
-0.000846
-0.000928
-0.000846
-0.000647
-0.000680
-0.000933
-0.000884
-0.000355
0.000090
0.000027
-0.000168
-0.000030
0.000239
0.000281
0.000218
0.000332
0.000571
0.000703
0.000722
0.000830
0.001033
0.001055
0.000825
0.000645
0.000613
0.000441
0.000094
-0.000067
0.000014
0.000010
-0.000114
-0.000085
0.000067
0.000030
-0.000185
-0.000250
-0.000182
-0.000357
-0.000763
-0.000909
-0.000628
-0.000365
-0.000442
-0.000569
-0.000429
-0.000257
-0.000342
-0.000419
-0.000227
-0.000074
-0.000153
-0.000132
0.000093
0.000211
0.000215
0.000333
0.000472
0.000554
0.000663
0.000631
0.000439
0.000494
0.000744
0.000674
0.000389
0.000387
0.000525
0.000436
0.000273
0.000206
0.000001
-0.000377
-0.000553
-0.000431
-0.000393
-0.000606
-0.000724
-0.000548
-0.000488
-0.000827
-0.001050
-0.000750
-0.000418
-0.000442
-0.000380
0.000029
0.000324
0.000226
0.000067
0.000153
0.000353
0.000403
0.000327
0.000368
0.000541
0.000607
0.000538
0.000516
0.000496
0.000308
0.000118
0.000208
0.000379
0.000196
-0.000225
-0.000371
-0.000235
-0.000311
-0.000714
-0.001081
-0.001298
-0.001484
-0.001437
-0.000979
-0.000413
-0.000031
0.000306
0.000782
0.001249
0.001431
0.001279
0.000948
0.000636
0.000504
0.000566
0.000746
0.001001
0.001212
0.001250
0.001194
0.001107
0.000795
0.000131
-0.000611
-0.001035
-0.001089
-0.001042
-0.001085
-0.001161
-0.001191
-0.001233
-0.001316
-0.001315
-0.001219
-0.001265
-0.001442
-0.001323
-0.000792
-0.000278
-0.000036
0.000175
0.000516
0.000767
0.000779
0.000732
0.000800
0.000943
0.001049
0.001124
0.001237
0.001310
0.001188
0.000974
0.000891
0.000847
0.000621
0.000327
0.000149
-0.000048
-0.000371
-0.000548
-0.000388
-0.000188
-0.000311
-0.000641
-0.000851
-0.000972
-0.001205
-0.001391
-0.001174
-0.000663
-0.000421
-0.000563
-0.000522
-0.000108
0.000135
0.000010
-0.000008
0.000224
0.000362
0.000425
0.000738
0.001165
0.001236
0.000885
0.000544
0.000502
0.000535
0.000374
0.000183
0.000180
0.000177
-0.000003
-0.000151
-0.000142
-0.000190
-0.000385
-0.000520
-0.000468
-0.000390
-0.000490
-0.000682
-0.000669
-0.000416
-0.000239
-0.000293
-0.000378
-0.000349
-0.000266
-0.000142
0.000078
0.000281
0.000304
0.000252
0.000345
0.000553
0.000670
0.000659
0.000662
0.000692
0.000612
0.000388
0.000149
-0.000024
-0.000225
-0.000582
-0.001133
-0.001884
-0.002604
-0.002752
-0.002257
-0.001663
-0.001032
-0.000028
0.001049
0.001782
0.002351
0.002725
0.002486
0.001823
0.001357
0.001226
0.001303
0.001576
0.001846
0.001920
0.001972
0.002009
0.001641
0.000807
-0.000199
-0.001298
-0.002289
-0.002712
-0.002646
-0.002609
-0.002657
-0.002530
-0.002259
-0.002057
-0.002035
-0.002167
-0.002250
-0.002097
-0.001802
-0.001418
-0.000725
0.000241
0.001062
0.001593
0.002049
0.002396
0.002407
0.002185
0.002002
0.001973
0.002162
0.002476
0.002593
0.002436
0.002244
0.002016
0.001487
0.000708
0.000029
-0.000474
-0.000944
-0.001263
-0.001289
-0.001288
-0.001539
-0.001883
-0.002056
-0.002133
-0.002320
-0.002567
-0.002646
-0.002459
-0.002131
-0.001758
-0.001263
-0.000627
-0.000071
0.000264
0.000620
0.001156
0.001538
0.001653
0.002002
0.002646
0.002909
0.002646
0.002433
0.002349
0.001984
0.001445
0.001126
0.000908
0.000459
-0.000155
-0.000635
-0.000888
-0.001079
-0.001330
-0.001539
-0.001607
-0.001682
-0.001894
-0.002066
-0.001987
-0.001720
-0.001463
-0.001276
-0.001048
-0.000702
-0.000299
0.000081
0.000436
0.000757
0.000995
0.001172
0.001349
0.001454
0.001386
0.001246
0.001201
0.001224
0.001195
0.001107
0.000981
0.000771
0.000499
0.000266
0.000103
-0.000070
-0.000359
-0.000783
-0.001195
-0.001461
-0.001858
-0.002866
-0.004112
-0.004410
-0.003648
-0.002960
-0.002381
-0.000848
0.001291
0.002674
0.003332
0.003975
0.004167
0.003499
0.002812
0.002774
0.003009
0.003092
0.003042
0.002983
0.002989
0.002834
0.002026
0.000642
-0.000750
-0.002090
-0.003462
-0.004328
-0.004426
-0.004381
-0.004496
-0.004253
-0.003620
-0.003330
-0.003497
-0.003445
-0.002945
-0.002436
-0.002051
-0.001336
-0.000064
0.001275
0.002183
0.002877
0.003710
0.004290
0.004107
0.003587
0.003415
0.003484
0.003434
0.003327
0.003256
0.003076
0.002708
0.002172
0.001419
0.000431
-0.000706
-0.001828
-0.002636
-0.002948
-0.003058
-0.003306
-0.003491
-0.003361
-0.003224
-0.003359
-0.003469
-0.003307
-0.003084
-0.002839
-0.002265
-0.001342
-0.000398
0.000497
0.001535
0.002614
0.003371
0.003704
0.003833
0.003866
0.003697
0.003372
0.003148
0.003038
0.002739
0.002126
0.001415
0.000732
-0.000039
-0.000903
-0.001664
-0.002206
-0.002575
-0.002836
-0.003010
-0.003093
-0.003053
-0.002873
-0.002624
-0.002349
-0.001968
-0.001460
-0.000901
-0.000320
0.000233
0.000668
0.001051
0.001539
0.002103
0.002488
0.002533
0.002386
0.002267
0.002156
0.001916
0.001600
0.001371
0.001200
0.000935
0.000527
0.000045
-0.000406
-0.000804
-0.001264
-0.001787
-0.002133
-0.002141
-0.002023
-0.002122
-0.002571
-0.003454
-0.004622
-0.005159
-0.004543
-0.003741
-0.003084
-0.001182
0.001952
0.004296
0.005536
0.006962
0.007962
0.007193
0.005644
0.004879
0.004580
0.004019
0.003440
0.003079
0.002732
0.002241
0.001302
-0.000351
-0.002368
-0.004350
-0.006275
-0.007739
-0.008192
-0.007914
-0.007449
-0.006678
-0.005479
-0.004343
-0.003628
-0.003121
-0.002588
-0.001995
-0.001213
0.000017
0.001764
0.003697
0.005371
0.006707
0.007806
0.008320
0.007821
0.006714
0.005749
0.004930
0.003929
0.002958
0.002345
0.001878
0.001168
0.000178
-0.000970
-0.002328
-0.003927
-0.005445
-0.006479
-0.007035
-0.007258
-0.006887
-0.005836
-0.004769
-0.004108
-0.003410
-0.002438
-0.001629
-0.001173
-0.000582
0.000526
0.001716
0.002504
0.003525
0.005432
0.007094
0.007296
0.006976
0.007000
0.006390
0.004918
0.003734
0.002712
0.001088
-0.000298
-0.000794
-0.001501
-0.002957
-0.004207
-0.004883
-0.005529
-0.006109
-0.006142
-0.005753
-0.005280
-0.004518
-0.003331
-0.002191
-0.001337
-0.000383
0.000706
0.001482
0.002041
0.002824
0.003566
0.003838
0.004017
0.004516
0.004877
0.004576
0.003910
0.003339
0.002709
0.001799
0.000880
0.000107
-0.000745
-0.001564
-0.001969
-0.002165
-0.002633
-0.003217
-0.003541
-0.003716
-0.003896
-0.003890
-0.003552
-0.002986
-0.002524
-0.002288
-0.001304
0.001060
0.002437
0.000472
-0.002383
-0.003053
-0.002744
-0.001891
0.001232
0.004277
0.004746
0.006421
0.010650
0.011892
0.009010
0.006545
0.004636
0.001517
-0.000199
0.000384
-0.000175
-0.002113
-0.002540
-0.001929
-0.002448
-0.003929
-0.005825
-0.008155
-0.009691
-0.009445
-0.008326
-0.007099
-0.005589
-0.003884
-0.001962
0.000317
0.002034
0.002258
0.001806
0.002028
0.003046
0.004424
0.005892
0.006935
0.007399
0.007870
0.008230
0.007530
0.005767
0.003713
0.001547
-0.000394
-0.001215
-0.001268
-0.001927
-0.003085
-0.003582
-0.003569
-0.004054
-0.005118
-0.006188
-0.006998
-0.007355
-0.006865
-0.005382
-0.003455
-0.001973
-0.001038
0.000189
0.001808
0.002726
0.002785
0.003192
0.004113
0.004563
0.004752
0.005591
0.006457
0.006217
0.005416
0.005006
0.004317
0.002524
0.000416
-0.001116
-0.002353
-0.003424
-0.003880
-0.003965
-0.004374
-0.004933
-0.005027
-0.004803
-0.004718
-0.004564
-0.003919
-0.002901
-0.001788
-0.000577
0.000655
0.001662
0.002417
0.003030
0.003421
0.003543
0.003594
0.003623
0.003365
0.002909
0.002772
0.002853
0.002461
0.001596
0.000863
0.000242
-0.000666
-0.001618
-0.002183
-0.002552
-0.002957
-0.003104
-0.002842
-0.002517
-0.002267
-0.001852
-0.001351
-0.001116
-0.001023
-0.000667
-0.000201
0.000039
0.000423
0.001340
0.002258
0.002591
0.002523
0.002165
0.000984
-0.001318
-0.003913
-0.005704
-0.006525
-0.005842
-0.002462
0.002137
0.004849
0.006433
0.009104
0.010680
0.008765
0.005778
0.003857
0.001804
-0.000159
-0.000316
0.000203
-0.000438
-0.001226
-0.001277
-0.001997
-0.003967
-0.006027
-0.007660
-0.008899
-0.009112
-0.007992
-0.006145
-0.004157
-0.002341
-0.000949
0.000095
0.001003
0.001570
0.001622
0.001769
0.002774
0.004484
0.006166
0.007366
0.007963
0.007993
0.007523
0.006394
0.004525
0.002418
0.000672
-0.000608
-0.001441
-0.001831
-0.002160
-0.002806
-0.003598
-0.004359
-0.005262
-0.006207
-0.006705
-0.006574
-0.006187
-0.005778
-0.004573
-0.001888
0.000723
0.001456
0.001742
0.003254
0.004249
0.003617
0.003411
0.004132
0.004019
0.003513
0.004054
0.004599
0.003988
0.003060
0.002372
0.001458
0.000190
-0.001119
-0.002006
-0.002319
-0.002651
-0.003091
-0.002906
-0.002507
-0.002910
-0.003466
-0.003316
-0.003224
-0.003468
-0.002892
-0.001429
-0.000341
0.000222
0.001035
0.001883
0.002188
0.002339
0.002702
0.002788
0.002510
0.002500
0.002680
0.002435
0.002022
0.001898
0.001580
0.000717
-0.000097
-0.000587
-0.001239
-0.002015
-0.002328
-0.002249
-0.002313
-0.002475
-0.002234
-0.001531
-0.000955
-0.000806
-0.000583
-0.000132
-0.000108
-0.000414
-0.000110
0.000670
0.000972
0.000959
0.001450
0.002082
0.001556
-0.000596
-0.003277
-0.005071
-0.006130
-0.007224
-0.006564
-0.002054
0.003420
0.006121
0.008171
0.011740
0.013219
0.010678
0.007671
0.005531
0.002376
-0.000497
-0.000828
-0.000397
-0.001251
-0.002377
-0.003173
-0.004632
-0.006672
-0.008515
-0.010193
-0.011273
-0.010669
-0.008598
-0.006197
-0.003786
-0.001439
0.000255
0.001308
0.002482
0.003741
0.004359
0.004570
0.005368
0.006987
0.008765
0.009904
0.009923
0.008961
0.007430
0.005326
0.002719
0.000265
-0.001772
-0.003664
-0.004960
-0.005134
-0.005001
-0.005427
-0.005957
-0.006172
-0.006494
-0.006949
-0.006903
-0.006093
-0.004812
-0.003333
-0.001826
-0.000448
0.001002
0.002975
0.005188
0.006653
0.007034
0.006947
0.006922
0.006790
0.006123
0.004926
0.003571
0.002266
0.001101
0.000112
-0.001097
-0.002747
-0.003942
-0.004036
-0.004119
-0.004967
-0.005457
-0.004885
-0.004097
-0.003363
-0.002235
-0.001277
-0.001083
-0.000801
0.000173
0.000990
0.001179
0.001544
0.002433
0.003135
0.003336
0.003386
0.003208
0.002597
0.001987
0.001739
0.001521
0.001005
0.000364
-0.000129
-0.000421
-0.000571
-0.000754
-0.001202
-0.001885
-0.002443
-0.002542
-0.002297
-0.002142
-0.002125
-0.001801
-0.001073
-0.000405
0.000068
0.000691
0.001339
0.001487
0.001350
0.001491
0.001549
0.001057
0.000640
0.000719
0.000682
0.000518
0.000838
0.001002
-0.000073
-0.002311
-0.005047
-0.006966
-0.006978
-0.006863
-0.007576
-0.004988
0.001780
0.006147
0.006965
0.010129
0.013771
0.011811
0.007868
0.007076
0.005995
0.002733
0.001153
0.001204
-0.000084
-0.001588
-0.002275
-0.004404
-0.007902
-0.010093
-0.010936
-0.011634
-0.011212
-0.009162
-0.007087
-0.005299
-0.002570
0.000312
0.001525
0.001888
0.003152
0.004631
0.005394
0.006475
0.008130
0.009107
0.009338
0.009325
0.008535
0.006890
0.004892
0.002375
-0.000356
-0.002324
-0.003712
-0.004971
-0.005460
-0.005283
-0.005542
-0.006088
-0.006107
-0.005979
-0.006209
-0.006096
-0.004989
-0.003405
-0.001935
-0.000300
0.001732
0.003495
0.004284
0.004266
0.003991
0.003892
0.004090
0.004101
0.003734
0.003812
0.004532
0.004841
0.004324
0.003349
0.001778
-0.000190
-0.001656
-0.002821
-0.004419
-0.005525
-0.005178
-0.004573
-0.004685
-0.004428
-0.003373
-0.002769
-0.002674
-0.001916
-0.000781
-0.000037
0.001037
0.002757
0.003850
0.003812
0.003633
0.003624
0.003107
0.002197
0.001663
0.001411
0.000869
0.000218
-0.000004
0.000061
-0.000153
-0.000707
-0.001186
-0.001485
-0.001860
-0.002215
-0.002099
-0.001517
-0.000999
-0.000730
-0.000429
-0.000095
0.000002
-0.000062
-0.000056
0.000013
0.000185
0.000552
0.000965
0.001277
0.001540
0.001680
0.001457
0.000878
0.000217
-0.000364
-0.000827
-0.001051
-0.000921
-0.000561
-0.000356
-0.000915
-0.002707
-0.005052
-0.006403
-0.006950
-0.008174
-0.008114
-0.003139
0.004197
0.008264
0.010330
0.014177
0.016666
0.014250
0.010394
0.007667
0.003713
-0.000753
-0.002053
-0.001340
-0.002291
-0.004567
-0.006221
-0.007648
-0.009474
-0.011081
-0.012347
-0.013189
-0.012267
-0.009045
-0.005163
-0.001850
0.001342
0.004230
0.005796
0.006477
0.007376
0.008071
0.007994
0.007976
0.008532
0.008927
0.008486
0.007057
0.004846
0.002500
0.000255
-0.002352
-0.005053
-0.006877
-0.007743
-0.008023
-0.007489
-0.006356
-0.005555
-0.005087
-0.004128
-0.002764
-0.001742
-0.000980
0.000102
0.001442
0.002687
0.003947
0.005205
0.005852
0.005635
0.005081
0.004483
0.003524
0.001809
-0.000791
-0.003202
-0.003160
-0.000867
0.000129
-0.000902
-0.000693
0.000818
0.000683
-0.000498
-0.001034
-0.002434
-0.004500
-0.003781
-0.000645
0.000573
-0.000579
-0.000643
0.000755
0.001059
0.000317
0.000311
0.000498
0.000073
0.000563
0.002340
0.003022
0.001901
0.001093
0.001288
0.000972
-0.000202
-0.001096
-0.001475
-0.001879
-0.002052
-0.001566
-0.001126
-0.001486
-0.001871
-0.001218
-0.000103
0.000329
0.000328
0.000762
0.001529
0.002116
0.002415
0.002129
0.000976
-0.000267
-0.000489
0.000051
0.000161
-0.000280
-0.000289
0.000220
0.000318
-0.000070
-0.000241
-0.000300
-0.000661
-0.000933
-0.000972
-0.001335
-0.001705
-0.001185
-0.000167
0.000396
0.000477
-0.000129
-0.002153
-0.004724
-0.006020
-0.006529
-0.007304
-0.005804
0.000177
0.006837
0.010215
0.012597
0.015665
0.015695
0.011553
0.007209
0.003780
-0.000548
-0.004217
-0.005019
-0.004944
-0.006191
-0.007628
-0.008265
-0.008950
-0.009839
-0.010196
-0.009796
-0.008266
-0.005031
-0.000854
0.002769
0.005539
0.007682
0.008651
0.008360
0.007731
0.006915
0.005409
0.003868
0.003200
0.002794
0.001760
0.000333
-0.001130
-0.002774
-0.004452
-0.005715
-0.006457
-0.006705
-0.006275
-0.005017
-0.003012
-0.000686
0.001266
0.002526
0.003426
0.004173
0.004403
0.003887
0.003060
0.002512
0.002368
0.002320
0.002055
0.001463
0.000489
-0.000824
-0.002191
-0.003411
-0.004556
-0.005491
-0.005784
-0.005803
-0.006321
-0.005603
-0.001055
0.004237
0.005021
0.004252
0.007067
0.009208
0.006268
0.003121
0.002452
0.000389
-0.001929
-0.000389
0.001520
-0.000592
-0.003055
-0.002313
-0.001542
-0.003139
-0.004543
-0.004015
-0.002735
-0.001245
0.000573
0.001598
0.001090
0.000222
0.000187
0.000406
-0.000257
-0.001428
-0.001586
-0.000410
0.000742
0.001156
0.001548
0.001925
0.001549
0.001160
0.001675
0.001854
0.000916
0.000579
0.001521
0.001888
0.001004
0.000087
-0.000730
-0.001946
-0.002770
-0.002619
-0.002308
-0.002286
-0.001818
-0.000553
0.000662
0.001014
0.000870
0.001043
0.001436
0.001265
0.000473
-0.000214
-0.000524
-0.000585
-0.000163
0.000520
0.000398
-0.001023
-0.003215
-0.005245
-0.006296
-0.006979
-0.008384
-0.008090
-0.002378
0.006023
0.010740
0.012130
0.014521
0.016338
0.013778
0.008779
0.004719
0.000969
-0.003016
-0.005199
-0.005247
-0.005593
-0.007219
-0.008479
-0.008384
-0.008078
-0.008520
-0.008820
-0.007618
-0.004740
-0.001161
0.002047
0.004577
0.006404
0.007054
0.006588
0.006015
0.005448
0.004012
0.002170
0.001318
0.001231
0.000643
-0.000530
-0.001614
-0.002478
-0.003184
-0.003581
-0.003703
-0.003731
-0.003501
-0.002592
-0.000913
0.001025
0.002507
0.003294
0.003780
0.004294
0.004425
0.003687
0.002551
0.001704
0.000934
-0.000076
-0.001038
-0.001896
-0.002867
-0.003585
-0.003733
-0.003845
-0.004367
-0.005036
-0.005461
-0.005080
-0.003309
-0.000519
0.002395
0.004871
0.006406
0.007135
0.007686
0.007204
0.004661
0.001770
0.000426
-0.000285
-0.001246
-0.001548
-0.001182
-0.001413
-0.002212
-0.002549
-0.002656
-0.003313
-0.003770
-0.002916
-0.001398
-0.000360
0.000332
0.000981
0.001192
0.000897
0.000465
-0.000061
-0.000699
-0.001089
-0.000861
-0.000051
0.000876
0.001462
0.001772
0.002068
0.002228
0.002083
0.001757
0.001293
0.000736
0.000415
0.000283
-0.000252
-0.001162
-0.001689
-0.001675
-0.001680
-0.001870
-0.001886
-0.001520
-0.000828
0.000046
0.000781
0.001126
0.001355
0.001825
0.002148
0.001620
0.000368
-0.000703
-0.001169
-0.001492
-0.001783
-0.001482
-0.000735
-0.000357
-0.000663
-0.001910
-0.004180
-0.005935
-0.005878
-0.005733
-0.006585
-0.004819
0.002108
0.009491
0.012262
0.012992
0.015148
0.015552
0.011468
0.006449
0.003024
-0.000806
-0.004929
-0.006564
-0.006391
-0.007299
-0.008984
-0.009350
-0.008549
-0.008089
-0.008193
-0.007774
-0.005851
-0.002609
0.000757
0.003470
0.005711
0.007284
0.007433
0.006629
0.006032
0.005087
0.002970
0.001138
0.000743
0.000297
-0.001116
-0.002209
-0.002465
-0.002727
-0.002966
-0.002741
-0.002552
-0.002612
-0.002130
-0.000746
0.000964
0.002426
0.003392
0.003811
0.003950
0.004002
0.003503
0.002074
0.000422
-0.000570
-0.001110
-0.001748
-0.002395
-0.002866
-0.003196
-0.003261
-0.003153
-0.003443
-0.004304
-0.005009
-0.004514
-0.002474
0.000234
0.002659
0.004899
0.006910
0.007851
0.007439
0.005946
0.003493
0.000923
-0.000626
-0.001384
-0.002048
-0.002360
-0.002097
-0.001747
-0.001646
-0.001821
-0.002318
-0.002714
-0.002227
-0.000949
0.000140
0.000633
0.000874
0.000947
0.000732
0.000310
-0.000302
-0.000936
-0.001043
-0.000565
-0.000151
-0.000008
0.000212
0.000526
0.000773
0.001070
0.001383
0.001466
0.001430
0.001537
0.001584
0.001199
0.000441
-0.000337
-0.000886
-0.001189
-0.001427
-0.001652
-0.001591
-0.001150
-0.000586
-0.000039
0.000415
0.000589
0.000573
0.000617
0.000752
0.000987
0.001134
0.000563
-0.000792
-0.001855
-0.001921
-0.001663
-0.001730
-0.001701
-0.001025
0.000060
0.000615
-0.000417
-0.002797
-0.004465
-0.004287
-0.003954
-0.004630
-0.003802
0.001166
0.007891
0.011660
0.012466
0.013578
0.014080
0.010749
0.005412
0.001745
-0.001360
-0.005443
-0.007908
-0.007651
-0.007743
-0.009335
-0.009944
-0.008728
-0.007681
-0.007502
-0.006484
-0.003692
-0.000302
0.002540
0.005019
0.007272
0.008475
0.008055
0.006741
0.005590
0.004378
0.002262
0.000022
-0.000762
-0.000729
-0.001629
-0.002966
-0.003291
-0.003112
-0.003390
-0.003536
-0.003003
-0.002372
-0.001813
-0.000612
0.001368
0.003178
0.004035
0.004295
0.004579
0.004519
0.003441
0.001755
0.000381
-0.000621
-0.001639
-0.002478
-0.002856
-0.003097
-0.003425
-0.003503
-0.003230
-0.003106
-0.003513
-0.003970
-0.003290
-0.001203
0.000772
0.001867
0.003582
0.006135
0.007094
0.005893
0.004649
0.003697
0.001901
0.000148
-0.000430
-0.000904
-0.001979
-0.002516
-0.002121
-0.001890
-0.002334
-0.002800
-0.002653
-0.001896
-0.000930
-0.000026
0.000832
0.001529
0.001782
0.001533
0.000902
-0.000070
-0.001137
-0.001626
-0.001232
-0.000635
-0.000400
-0.000144
0.000414
0.000889
0.001097
0.001247
0.001354
0.001338
0.001248
0.001021
0.000524
-0.000154
-0.000759
-0.001098
-0.001177
-0.001189
-0.001207
-0.001011
-0.000533
-0.000067
0.000254
0.000581
0.000825
0.000783
0.000649
0.000713
0.000808
0.000650
0.000374
0.000175
-0.000124
-0.000717
-0.001465
-0.002055
-0.002109
-0.001448
-0.000485
0.000192
0.000428
-0.000103
-0.001914
-0.004078
-0.004857
-0.004492
-0.004309
-0.003525
-0.000196
0.005304
0.009947
0.011519
0.011294
0.011338
0.010491
0.006801
0.001868
-0.001612
-0.003810
-0.005757
-0.006879
-0.006958
-0.007224
-0.007980
-0.007797
-0.006232
-0.004907
-0.004547
-0.003474
-0.000609
0.002562
0.004457
0.005398
0.006175
0.006538
0.005838
0.004231
0.002478
0.000881
-0.000615
-0.001641
-0.001951
-0.002149
-0.002717
-0.003130
-0.002898
-0.002483
-0.002322
-0.002010
-0.001158
-0.000022
0.001170
0.002553
0.003998
0.004928
0.004998
0.004458
0.003636
0.002462
0.000766
-0.001052
-0.002214
-0.002661
-0.003062
-0.003506
-0.003541
-0.003306
-0.003195
-0.003300
-0.003862
-0.004349
-0.003155
-0.000668
0.000916
0.002230
0.005002
0.006942
0.005814
0.004096
0.003472
0.002075
0.000011
-0.000604
-0.000375
-0.000923
-0.001553
-0.001312
-0.000856
-0.000945
-0.001396
-0.001540
-0.001006
-0.000249
0.000073
0.000145
0.000500
0.000882
0.000715
0.000206
-0.000240
-0.000883
-0.001688
-0.001861
-0.001312
-0.000800
-0.000405
0.000187
0.000619
0.000694
0.000819
0.000968
0.000893
0.000871
0.000976
0.000839
0.000523
0.000311
0.000078
-0.000219
-0.000357
-0.000420
-0.000518
-0.000336
0.000159
0.000459
0.000407
0.000358
0.000436
0.000503
0.000579
0.000617
0.000408
0.000058
-0.000186
-0.000556
-0.001351
-0.002240
-0.002674
-0.002516
-0.001921
-0.001041
0.000030
0.001142
0.001752
0.000916
-0.001540
-0.003948
-0.004532
-0.003991
-0.003799
-0.002993
0.000060
0.004562
0.008428
0.010401
0.010460
0.009675
0.008575
0.006136
0.002355
-0.000842
-0.002747
-0.004266
-0.005451
-0.006017
-0.006650
-0.007504
-0.007505
-0.006315
-0.005034
-0.004240
-0.002969
-0.000485
0.002298
0.004184
0.005191
0.005699
0.005586
0.004801
0.003580
0.002177
0.000812
-0.000512
-0.001633
-0.001989
-0.001816
-0.002161
-0.002900
-0.002927
-0.002243
-0.001674
-0.001285
-0.000607
0.000448
0.001601
0.002578
0.003323
0.003825
0.003850
0.003312
0.002516
0.001575
0.000323
-0.001013
-0.001875
-0.002132
-0.002223
-0.002507
-0.002822
-0.002824
-0.002677
-0.003084
-0.004011
-0.003957
-0.002139
-0.000191
0.000905
0.002735
0.005232
0.005696
0.004219
0.003419
0.003002
0.001401
-0.000211
-0.000566
-0.000622
-0.001101
-0.001486
-0.001448
-0.001167
-0.000957
-0.000918
-0.000647
0.000005
0.000433
0.000409
0.000420
0.000459
0.000112
-0.000248
-0.000025
0.000255
-0.000220
-0.000986
-0.001192
-0.001086
-0.001199
-0.001265
-0.000934
-0.000345
0.000340
0.000968
0.001328
0.001523
0.001728
0.001661
0.001098
0.000373
-0.000111
-0.000281
-0.000261
-0.000265
-0.000400
-0.000439
-0.000221
-0.000030
-0.000084
-0.000125
0.000017
0.000120
0.000090
0.000137
0.000320
0.000448
0.000343
-0.000050
-0.000571
-0.001020
-0.001543
-0.002125
-0.002125
-0.001454
-0.000868
-0.000283
0.000915
0.001963
0.001719
0.000428
-0.001256
-0.002886
-0.003658
-0.003436
-0.002938
-0.001928
0.000225
0.002982
0.005632
0.007630
0.008105
0.007442
0.006880
0.005754
0.002971
-0.000139
-0.002024
-0.003208
-0.004358
-0.005092
-0.005365
-0.005716
-0.006019
-0.005502
-0.004247
-0.003203
-0.002386
-0.000910
0.001218
0.003158
0.004397
0.004789
0.004527
0.004040
0.003238
0.001829
0.000311
-0.000750
-0.001563
-0.002170
-0.002207
-0.002001
-0.002185
-0.002412
-0.001947
-0.001060
-0.000503
-0.000172
0.000512
0.001460
0.002241
0.002809
0.003168
0.003146
0.002750
0.002128
0.001343
0.000416
-0.000602
-0.001440
-0.001714
-0.001598
-0.001709
-0.002118
-0.002441
-0.002828
-0.003444
-0.003355
-0.002022
-0.000760
-0.000085
0.001394
0.003218
0.003274
0.002254
0.002090
0.002065
0.001193
0.000390
0.000086
-0.000292
-0.000735
-0.000966
-0.000867
-0.000331
0.000150
0.000109
0.000228
0.000963
0.001348
0.000845
0.000355
0.000349
0.000198
-0.000170
-0.000174
-0.000081
-0.000509
-0.001083
-0.001286
-0.001452
-0.001796
-0.001842
-0.001298
-0.000415
0.000343
0.000636
0.000661
0.000884
0.001132
0.000934
0.000570
0.000537
0.000539
0.000199
-0.000131
-0.000197
-0.000305
-0.000480
-0.000343
0.000072
0.000318
0.000234
0.000109
0.000226
0.000481
0.000595
0.000621
0.000738
0.000680
0.000168
-0.000457
-0.000817
-0.000994
-0.001035
-0.000889
-0.000704
-0.000479
-0.000121
0.000023
-0.000242
-0.000374
-0.000134
-0.000273
-0.001410
-0.002891
-0.003478
-0.003081
-0.002660
-0.002111
-0.000346
0.002204
0.003964
0.004977
0.006144
0.006746
0.006006
0.005050
0.004596
0.003560
0.001549
-0.000361
-0.001824
-0.003407
-0.005017
-0.006091
-0.006437
-0.006078
-0.005136
-0.003840
-0.002295
-0.000637
0.000763
0.001800
0.002798
0.003600
0.003520
0.002735
0.002124
0.001582
0.000587
-0.000272
-0.000490
-0.000789
-0.001498
-0.001910
-0.001858
-0.001808
-0.001758
-0.001461
-0.000930
-0.000220
0.000558
0.001233
0.001863
0.002505
0.002921
0.002974
0.002796
0.002389
0.001675
0.000853
0.000139
-0.000615
-0.001502
-0.002112
-0.002158
-0.002153
-0.002613
-0.003034
-0.002668
-0.001835
-0.001235
-0.000723
-0.000002
0.000542
0.000664
0.000805
0.001226
0.001512
0.001412
0.001335
0.001496
0.001395
0.000733
-0.000037
-0.000433
-0.000356
0.000131
0.000759
0.001218
0.001499
0.001581
0.001275
0.000626
-0.000168
-0.000954
-0.001376
-0.001246
-0.001067
-0.001254
-0.001468
-0.001421
-0.001362
-0.001472
-0.001585
-0.001432
-0.000849
0.000044
0.000851
0.001314
0.001532
0.001643
0.001554
0.001173
0.000632
0.000124
-0.000181
-0.000168
-0.000009
-0.000047
-0.000260
-0.000274
0.000024
0.000340
0.000392
0.000147
-0.000134
-0.000062
0.000346
0.000570
0.000366
0.000063
-0.000039
0.000034
0.000115
-0.000040
-0.000497
-0.000827
-0.000696
-0.000496
-0.000596
-0.000697
-0.000653
-0.000803
-0.001105
-0.001084
-0.000672
-0.000312
-0.000476
-0.001191
-0.001751
-0.001515
-0.000976
-0.000712
-0.000034
0.001605
0.003234
0.003845
0.003763
0.003835
0.004250
0.004311
0.003435
0.002252
0.001580
0.000866
-0.000711
-0.002574
-0.003828
-0.004673
-0.005277
-0.004934
-0.003622
-0.002511
-0.001970
-0.001080
0.000327
0.001294
0.001516
0.001566
0.001703
0.001803
0.001795
0.001593
0.001266
0.001042
0.000778
0.000236
-0.000368
-0.000928
-0.001646
-0.002208
-0.002066
-0.001505
-0.001092
-0.000639
0.000137
0.000815
0.001081
0.001213
0.001310
0.001186
0.001036
0.001133
0.001197
0.000903
0.000515
0.000358
0.000262
-0.000052
-0.000580
-0.001153
-0.001521
-0.001460
-0.001096
-0.000760
-0.000405
0.000114
0.000457
0.000370
0.000199
0.000177
0.000133
0.000012
-0.000160
-0.000374
-0.000408
-0.000186
-0.000039
-0.000046
0.000111
0.000452
0.000707
0.000852
0.000952
0.000830
0.000429
0.000009
-0.000266
-0.000420
-0.000400
-0.000123
0.000233
0.000322
0.000067
-0.000293
-0.000559
-0.000744
-0.000947
-0.001067
-0.000752
0.000017
0.000675
0.000841
0.000735
0.000611
0.000430
0.000184
-0.000038
-0.000235
-0.000383
-0.000364
-0.000239
-0.000226
-0.000341
-0.000385
-0.000280
-0.000157
-0.000157
-0.000212
-0.000088
0.000319
0.000778
0.001002
0.001019
0.000990
0.000905
0.000737
0.000552
0.000312
-0.000027
-0.000308
-0.000410
-0.000511
-0.000765
-0.001051
-0.001272
-0.001499
-0.001710
-0.001785
-0.001696
-0.001376
-0.000707
0.000131
0.000582
0.000269
-0.000360
-0.000385
0.000282
0.000789
0.000955
0.001605
0.002816
0.003524
0.003246
0.002503
0.001653
0.000791
0.000216
-0.000041
-0.000294
-0.000521
-0.000584
-0.000710
-0.000996
-0.001303
-0.001701
-0.002076
-0.002027
-0.001652
-0.001363
-0.001042
-0.000455
0.000077
0.000337
0.000631
0.000932
0.000823
0.000538
0.000615
0.000787
0.000555
0.000159
-0.000034
-0.000167
-0.000412
-0.000684
-0.000919
-0.001070
-0.001017
-0.000687
-0.000139
0.000439
0.000783
0.000818
0.000839
0.001079
0.001249
0.001039
0.000663
0.000434
0.000306
0.000177
0.000168
0.000290
0.000240
-0.000136
-0.000530
-0.000669
-0.000717
-0.000833
-0.000782
-0.000424
-0.000108
-0.000138
-0.000335
-0.000492
-0.000685
-0.000900
-0.000939
-0.000811
-0.000714
-0.000654
-0.000400
0.000142
0.000691
0.001050
0.001447
0.001916
0.001983
0.001465
0.000884
0.000710
0.000734
0.000531
0.000137
-0.000181
-0.000437
-0.000696
-0.000799
-0.000810
-0.001031
-0.001243
-0.000969
-0.000445
-0.000254
-0.000315
-0.000170
0.000190
0.000385
0.000260
0.000071
0.000018
-0.000041
-0.000206
-0.000330
-0.000326
-0.000228
-0.000023
0.000245
0.000389
0.000307
0.000101
-0.000056
-0.000048
0.000147
0.000475
0.000821
0.001039
0.001044
0.000901
0.000720
0.000496
0.000195
-0.000091
-0.000253
-0.000340
-0.000496
-0.000782
-0.001094
-0.001357
-0.001622
-0.001783
-0.001602
-0.001160
-0.000785
-0.000502
-0.000044
0.000568
0.001001
0.001166
0.001126
0.000636
-0.000226
-0.000627
-0.000280
-0.000019
-0.000081
0.000412
0.001481
0.002010
0.001809
0.001732
0.001871
0.001623
0.001018
0.000524
0.000214
-0.000091
-0.000448
-0.000781
-0.001010
-0.001286
-0.001818
-0.002285
-0.002187
-0.001756
-0.001466
-0.001077
-0.000251
0.000617
0.001036
0.001144
0.001198
0.001066
0.000688
0.000361
0.000185
-0.000061
-0.000378
-0.000569
-0.000586
-0.000484
-0.000379
-0.000353
-0.000232
0.000096
0.000384
0.000497
0.000607
0.000728
0.000740
0.000704
0.000629
0.000372
0.000057
-0.000039
0.000014
-0.000036
-0.000167
-0.000225
-0.000291
-0.000453
-0.000520
-0.000404
-0.000310
-0.000320
-0.000332
-0.000262
-0.000081
0.000018
-0.000235
-0.000623
-0.000636
-0.000279
-0.000032
-0.000046
-0.000007
0.000209
0.000358
0.000349
0.000377
0.000506
0.000628
0.000792
0.001069
0.001248
0.001039
0.000528
0.000137
0.000026
-0.000112
-0.000429
-0.000624
-0.000534
-0.000418
-0.000511
-0.000717
-0.000817
-0.000779
-0.000746
-0.000763
-0.000705
-0.000471
-0.000118
0.000194
0.000286
0.000106
-0.000117
-0.000054
0.000296
0.000593
0.000646
0.000642
0.000728
0.000708
0.000434
0.000156
0.000115
0.000138
0.000002
-0.000132
-0.000023
0.000181
0.000203
0.000056
-0.000048
-0.000007
0.000029
-0.000102
-0.000261
-0.000287
-0.000284
-0.000301
-0.000304
-0.000463
-0.000767
-0.000808
-0.000516
-0.000327
-0.000327
-0.000113
0.000352
0.000651
0.000683
0.000722
0.000744
0.000362
-0.000502
-0.001305
-0.001531
-0.001328
-0.001027
-0.000437
0.000614
0.001576
0.001883
0.001766
0.001663
0.001533
0.001225
0.000912
0.000809
0.000695
0.000148
-0.000702
-0.001308
-0.001628
-0.002033
-0.002324
-0.001914
-0.000975
-0.000238
0.000212
0.000763
0.001252
0.001292
0.001103
0.001029
0.000883
0.000443
-0.000089
-0.000431
-0.000587
-0.000730
-0.000869
-0.000878
-0.000849
-0.000900
-0.000782
-0.000317
0.000177
0.000387
0.000443
0.000546
0.000634
0.000592
0.000468
0.000388
0.000399
0.000435
0.000418
0.000346
0.000254
0.000144
0.000009
-0.000105
-0.000137
-0.000090
-0.000013
-0.000009
-0.000206
-0.000546
-0.000766
-0.000788
-0.000847
-0.001014
-0.000967
-0.000554
-0.000127
0.000019
0.000031
0.000131
0.000342
0.000594
0.000795
0.000893
0.000964
0.001100
0.001222
0.001162
0.000887
0.000555
0.000292
0.000009
-0.000378
-0.000735
-0.000909
-0.000959
-0.001034
-0.001122
-0.001075
-0.000914
-0.000768
-0.000533
-0.000111
0.000284
0.000537
0.000775
0.000963
0.000948
0.000771
0.000536
0.000275
0.000002
-0.000291
-0.000555
-0.000616
-0.000434
-0.000226
-0.000137
-0.000071
0.000042
0.000099
0.000029
-0.000065
-0.000041
0.000091
0.000189
0.000199
0.000216
0.000289
0.000322
0.000221
0.000059
0.000000
0.000063
0.000066
-0.000098
-0.000233
-0.000137
-0.000061
-0.000286
-0.000478
-0.000330
-0.000188
-0.000302
-0.000369
-0.000192
0.000021
0.000048
-0.000163
-0.000539
-0.000881
-0.000892
-0.000474
0.000069
0.000477
0.000908
0.001455
0.001755
0.001560
0.001177
0.000904
0.000653
0.000400
0.000257
0.000083
-0.000286
-0.000658
-0.000890
-0.001151
-0.001450
-0.001516
-0.001228
-0.000686
-0.000114
0.000299
0.000698
0.001176
0.001330
0.000988
0.000608
0.000369
-0.000045
-0.000584
-0.000823
-0.000719
-0.000631
-0.000700
-0.000686
-0.000492
-0.000341
-0.000279
-0.000113
0.000129
0.000261
0.000332
0.000498
0.000655
0.000592
0.000329
0.000122
0.000143
0.000266
0.000316
0.000332
0.000319
0.000132
-0.000167
-0.000289
-0.000156
0.000009
0.000027
-0.000047
-0.000101
-0.000170
-0.000375
-0.000682
-0.000868
-0.000804
-0.000615
-0.000436
-0.000191
0.000196
0.000576
0.000794
0.000833
0.000673
0.000398
0.000317
0.000547
0.000760
0.000685
0.000444
0.000223
0.000014
-0.000236
-0.000519
-0.000746
-0.000805
-0.000741
-0.000686
-0.000576
-0.000322
-0.000080
0.000000
0.000018
0.000087
0.000135
0.000106
0.000092
0.000172
0.000299
0.000376
0.000335
0.000197
0.000066
-0.000015
-0.000106
-0.000219
-0.000299
-0.000307
-0.000223
-0.000088
0.000008
0.000082
0.000219
0.000386
0.000456
0.000378
0.000242
0.000154
0.000051
-0.000123
-0.000217
-0.000109
0.000069
0.000176
0.000156
-0.000043
-0.000331
-0.000502
-0.000557
-0.000651
-0.000742
-0.000619
-0.000281
0.000025
0.000186
0.000285
0.000295
0.000107
-0.000109
-0.000041
0.000256
0.000459
0.000519
0.000582
0.000610
0.000464
0.000187
-0.000057
-0.000206
-0.000248
-0.000115
0.000168
0.000414
0.000399
0.000102
-0.000167
-0.000178
-0.000184
-0.000439
-0.000614
-0.000370
-0.000006
0.000126
0.000182
0.000299
0.000298
0.000150
0.000089
0.000173
0.000164
-0.000042
-0.000222
-0.000233
-0.000234
-0.000322
-0.000367
-0.000295
-0.000195
-0.000168
-0.000188
-0.000112
0.000082
0.000202
0.000152
0.000048
-0.000011
-0.000001
0.000042
0.000010
-0.000075
0.000001
0.000305
0.000572
0.000504
0.000163
-0.000123
-0.000209
-0.000181
-0.000089
0.000036
0.000126
0.000155
0.000117
0.000027
-0.000054
-0.000162
-0.000326
-0.000370
-0.000234
-0.000144
-0.000122
0.000044
0.000230
0.000160
-0.000019
-0.000014
0.000063
-0.000033
-0.000171
-0.000056
0.000225
0.000327
0.000224
0.000152
0.000122
-0.000002
-0.000112
-0.000014
0.000163
0.000132
-0.000025
0.000005
0.000158
0.000134
-0.000059
-0.000240
-0.000377
-0.000432
-0.000287
-0.000028
0.000105
0.000116
0.000162
0.000155
-0.000013
-0.000123
-0.000020
0.000100
0.000099
0.000081
0.000072
0.000015
-0.000028
-0.000029
-0.000088
-0.000214
-0.000307
-0.000373
-0.000465
-0.000486
-0.000320
-0.000016
0.000314
0.000627
0.000893
0.000953
0.000648
0.000125
-0.000256
-0.000393
-0.000497
-0.000606
-0.000488
-0.000167
0.000012
-0.000037
-0.000108
-0.000133
-0.000159
-0.000137
-0.000015
0.000194
0.000477
0.000793
0.000953
0.000747
0.000251
-0.000214
-0.000406
-0.000300
-0.000061
0.000101
0.000125
0.000067
-0.000066
-0.000316
-0.000630
-0.000851
-0.000887
-0.000758
-0.000502
-0.000119
0.000353
0.000724
0.000805
0.000694
0.000628
0.000625
0.000547
0.000400
0.000294
0.000232
0.000169
0.000090
-0.000074
-0.000339
-0.000541
-0.000605
-0.000635
-0.000640
-0.000555
-0.000435
-0.000346
-0.000254
-0.000130
0.000019
0.000149
0.000203
0.000257
0.000391
0.000489
0.000450
0.000347
0.000288
0.000246
0.000063
-0.000232
-0.000353
-0.000258
-0.000225
-0.000301
-0.000258
-0.000061
0.000121
0.000222
0.000237
0.000116
-0.000096
-0.000258
-0.000277
-0.000177
-0.000081
-0.000042
0.000060
0.000270
0.000396
0.000339
0.000252
0.000171
0.000010
-0.000107
0.000015
0.000282
0.000395
0.000240
0.000037
-0.000018
-0.000035
-0.000145
-0.000281
-0.000349
-0.000336
-0.000330
-0.000436
-0.000519
-0.000355
-0.000080
-0.000004
-0.000063
0.000008
0.000168
0.000219
0.000213
0.000287
0.000378
0.000368
0.000245
0.000042
-0.000144
-0.000104
0.000202
0.000459
0.000392
0.000135
-0.000076
-0.000253
-0.000454
-0.000601
-0.000647
-0.000633
-0.000503
-0.000212
0.000092
0.000300
0.000490
0.000683
0.000781
0.000707
0.000438
0.000060
-0.000189
-0.000158
-0.000036
-0.000082
-0.000219
-0.000228
-0.000188
-0.000325
-0.000580
-0.000671
-0.000484
-0.000163
0.000091
0.000204
0.000264
0.000338
0.000379
0.000407
0.000434
0.000343
0.000146
0.000042
0.000074
0.000081
-0.000051
-0.000261
-0.000415
-0.000518
-0.000619
-0.000608
-0.000406
-0.000129
0.000144
0.000421
0.000593
0.000511
0.000230
-0.000032
-0.000121
-0.000072
0.000059
0.000329
0.000710
0.000992
0.000966
0.000594
0.000036
-0.000476
-0.000793
-0.000827
-0.000600
-0.000337
-0.000192
-0.000089
-0.000041
-0.000184
-0.000444
-0.000613
-0.000625
-0.000498
-0.000259
0.000043
0.000374
0.000659
0.000741
0.000574
0.000324
0.000141
0.000040
0.000022
0.000082
0.000101
0.000013
-0.000068
-0.000055
-0.000003
0.000058
0.000137
0.000187
0.000160
0.000037
-0.000179
-0.000393
-0.000486
-0.000426
-0.000251
-0.000071
-0.000030
-0.000124
-0.000213
-0.000209
-0.000101
0.000095
0.000282
0.000342
0.000313
0.000324
0.000388
0.000446
0.000479
0.000485
0.000425
0.000249
0.000008
-0.000174
-0.000293
-0.000410
-0.000455
-0.000391
-0.000354
-0.000404
-0.000439
-0.000431
-0.000402
-0.000288
-0.000078
0.000117
0.000230
0.000288
0.000291
0.000254
0.000269
0.000337
0.000310
0.000142
-0.000024
-0.000111
-0.000160
-0.000143
-0.000081
-0.000095
-0.000132
-0.000041
0.000099
0.000085
-0.000021
0.000039
0.000246
0.000327
0.000273
0.000320
0.000429
0.000341
0.000078
-0.000139
-0.000272
-0.000391
-0.000495
-0.000577
-0.000682
-0.000765
-0.000650
-0.000296
0.000036
0.000094
-0.000041
-0.000081
0.000090
0.000262
0.000257
0.000286
0.000585
0.000923
0.000945
0.000718
0.000545
0.000470
0.000299
-0.000053
-0.000493
-0.000859
-0.000995
-0.000841
-0.000527
-0.000291
-0.000195
-0.000081
0.000056
0.000049
-0.000039
0.000026
0.000288
0.000598
0.000784
0.000771
0.000621
0.000401
0.000099
-0.000216
-0.000422
-0.000522
-0.000575
-0.000599
-0.000605
-0.000514
-0.000247
0.000042
0.000163
0.000143
0.000076
-0.000020
-0.000075
0.000017
0.000221
0.000374
0.000384
0.000312
0.000249
0.000180
0.000051
-0.000082
-0.000184
-0.000302
-0.000357
-0.000225
0.000024
0.000241
0.000364
0.000379
0.000289
0.000075
-0.000280
-0.000607
-0.000661
-0.000486
-0.000324
-0.000218
-0.000026
0.000272
0.000513
0.000599
0.000590
0.000505
0.000297
0.000049
-0.000080
-0.000080
-0.000050
-0.000029
0.000071
0.000289
0.000404
0.000169
-0.000251
-0.000484
-0.000522
-0.000620
-0.000741
-0.000628
-0.000297
-0.000004
0.000131
0.000147
0.000058
-0.000118
-0.000251
-0.000197
0.000008
0.000228
0.000422
0.000609
0.000759
0.000774
0.000568
0.000275
0.000158
0.000188
0.000129
-0.000007
-0.000087
