7840
-0.000104
-0.000132
-0.000117
-0.000096
-0.000045
0.000047
0.000096
0.000032
-0.000032
0.000063
0.000223
0.000224
0.000099
0.000065
0.000137
0.000121
-0.000047
-0.000187
-0.000136
-0.000004
-0.000054
-0.000285
-0.000387
-0.000219
-0.000020
0.000004
-0.000041
-0.000016
0.000040
0.000092
0.000181
0.000251
0.000184
0.000056
0.000078
0.000234
0.000268
0.000116
-0.000027
-0.000045
-0.000011
-0.000016
-0.000054
-0.000068
-0.000038
-0.000032
-0.000122
-0.000247
-0.000287
-0.000255
-0.000194
-0.000071
0.000050
0.000050
0.000005
0.000068
0.000169
0.000150
0.000079
0.000117
0.000208
0.000177
0.000030
-0.000048
0.000012
0.000068
0.000042
-0.000007
-0.000067
-0.000128
-0.000096
0.000037
0.000165
0.000204
0.000124
-0.000030
-0.000140
-0.000170
-0.000174
-0.000164
-0.000153
-0.000197
-0.000284
-0.000306
-0.000181
0.000042
0.000201
0.000209
0.000196
0.000293
0.000372
0.000253
0.000045
-0.000008
0.000071
0.000069
-0.000047
-0.000106
-0.000049
-0.000017
-0.000117
-0.000275
-0.000344
-0.000258
-0.000076
0.000090
0.000150
0.000079
-0.000033
-0.000021
0.000132
0.000222
0.000146
0.000090
0.000180
0.000239
0.000088
-0.000139
-0.000207
-0.000117
-0.000014
0.000027
-0.000002
-0.000066
-0.000097
-0.000079
-0.000023
0.000072
0.000143
0.000067
-0.000170
-0.000381
-0.000352
-0.000128
0.000035
0.000051
0.000086
0.000217
0.000315
0.000286
0.000192
0.000102
0.000003
-0.000072
-0.000044
0.000033
0.000025
-0.000043
-0.000037
0.000033
0.000013
-0.000115
-0.000170
-0.000090
-0.000019
-0.000032
-0.000073
-0.000098
-0.000087
-0.000027
0.000049
0.000111
0.000127
0.000052
-0.000041
-0.000016
0.000074
0.000091
0.000053
0.000018
-0.000050
-0.000132
-0.000144
-0.000111
-0.000126
-0.000174
-0.000121
0.000113
0.000344
0.000273
-0.000036
-0.000186
-0.000044
0.000122
0.000123
0.000007
-0.000139
-0.000208
-0.000093
0.000129
0.000250
0.000230
0.000177
0.000131
0.000082
0.000032
-0.000043
-0.000102
-0.000032
0.000110
0.000070
-0.000195
-0.000399
-0.000380
-0.000270
-0.000185
-0.000097
0.000046
0.000227
0.000352
0.000346
0.000217
0.000030
-0.000104
-0.000120
-0.000081
-0.000054
-0.000039
-0.000058
-0.000100
-0.000096
-0.000074
-0.000076
-0.000035
0.000068
0.000141
0.000159
0.000179
0.000184
0.000115
0.000009
-0.000068
-0.000117
-0.000143
-0.000161
-0.000210
-0.000231
-0.000096
0.000173
0.000359
0.000311
0.000118
0.000002
0.000054
0.000107
0.000045
0.000006
0.000049
0.000037
-0.000068
-0.000189
-0.000272
-0.000229
-0.000032
0.000115
0.000069
-0.000026
-0.000027
0.000023
0.000042
-0.000000
-0.000064
-0.000068
-0.000012
0.000054
0.000099
0.000066
-0.000060
-0.000137
-0.000068
0.000027
0.000020
-0.000019
0.000024
0.000084
0.000028
-0.000100
-0.000128
0.000000
0.000156
0.000205
0.000138
-0.000000
-0.000108
-0.000097
-0.000036
-0.000006
0.000034
0.000108
0.000156
0.000067
-0.000193
-0.000429
-0.000412
-0.000180
0.000097
0.000312
0.000386
0.000272
0.000050
-0.000105
-0.000071
0.000081
0.000132
0.000007
-0.000097
-0.000043
0.000020
-0.000085
-0.000275
-0.000331
-0.000156
0.000105
0.000227
0.000198
0.000173
0.000168
0.000101
0.000001
-0.000069
-0.000091
-0.000068
-0.000028
0.000024
0.000078
0.000077
0.000027
0.000017
0.000060
0.000059
-0.000056
-0.000200
-0.000225
-0.000132
-0.000055
-0.000042
-0.000010
0.000052
0.000048
-0.000026
-0.000086
-0.000125
-0.000133
-0.000009
0.000199
0.000281
0.000189
0.000075
0.000056
0.000118
0.000173
0.000131
-0.000015
-0.000144
-0.000142
-0.000065
-0.000058
-0.000088
-0.000013
0.000118
0.000142
0.000064
-0.000023
-0.000108
-0.000184
-0.000220
-0.000223
-0.000217
-0.000179
-0.000056
0.000123
0.000211
0.000120
-0.000015
-0.000049
-0.000045
-0.000083
-0.000077
0.000018
0.000120
0.000209
0.000319
0.000377
0.000290
0.000113
-0.000015
-0.000051
-0.000036
-0.000015
-0.000042
-0.000129
-0.000233
-0.000291
-0.000266
-0.000218
-0.000222
-0.000220
-0.000111
0.000083
0.000259
0.000321
0.000243
0.000112
0.000021
-0.000020
-0.000029
-0.000027
-0.000024
0.000047
0.000206
0.000290
0.000165
-0.000040
-0.000108
-0.000040
-0.000029
-0.000182
-0.000326
-0.000254
-0.000057
0.000041
0.000031
0.000059
0.000158
0.000223
0.000166
0.000014
-0.000129
-0.000199
-0.000209
-0.000169
-0.000068
0.000044
0.000069
0.000030
0.000058
0.000140
0.000132
0.000017
-0.000069
-0.000037
0.000036
0.000022
-0.000055
-0.000086
-0.000031
0.000080
0.000147
0.000086
0.000006
0.000030
0.000052
-0.000020
-0.000060
0.000027
0.000147
0.000189
0.000126
-0.000003
-0.000085
-0.000007
0.000164
0.000221
0.000098
-0.000078
-0.000179
-0.000184
-0.000162
-0.000178
-0.000229
-0.000263
-0.000229
-0.000103
0.000080
0.000212
0.000201
0.000084
0.000005
0.000018
0.000025
-0.000046
-0.000102
-0.000060
-0.000010
-0.000049
-0.000121
-0.000137
-0.000055
0.000105
0.000231
0.000240
0.000166
0.000062
-0.000032
-0.000070
-0.000056
-0.000010
0.000061
0.000081
-0.000020
-0.000153
-0.000192
-0.000180
-0.000228
-0.000279
-0.000202
-0.000048
0.000029
0.000032
0.000062
0.000088
0.000012
-0.000079
-0.000048
0.000028
0.000030
0.000046
0.000179
0.000354
0.000432
0.000376
0.000246
0.000134
0.000078
0.000003
-0.000116
-0.000177
-0.000132
-0.000081
-0.000118
-0.000171
-0.000119
-0.000030
-0.000028
-0.000078
-0.000053
0.000078
0.000215
0.000287
0.000332
0.000321
0.000180
0.000047
0.000089
0.000129
-0.000026
-0.000190
-0.000190
-0.000165
-0.000187
-0.000185
-0.000206
-0.000254
-0.000195
-0.000081
-0.000099
-0.000213
-0.000220
-0.000068
0.000113
0.000195
0.000151
0.000047
-0.000040
-0.000099
-0.000141
-0.000130
-0.000015
0.000149
0.000247
0.000247
0.000185
0.000078
0.000005
0.000078
0.000228
0.000261
0.000136
-0.000010
-0.000072
-0.000077
-0.000085
-0.000098
-0.000078
0.000023
0.000168
0.000196
0.000031
-0.000193
-0.000337
-0.000395
-0.000372
-0.000273
-0.000211
-0.000263
-0.000277
-0.000131
0.000056
0.000164
0.000188
0.000119
0.000030
0.000075
0.000206
0.000198
0.000051
-0.000012
0.000060
0.000106
0.000046
-0.000051
-0.000109
-0.000071
0.000080
0.000187
-0.000027
-0.000557
-0.001025
-0.001134
-0.000920
-0.000504
0.000008
0.000433
0.000712
0.000983
0.001206
0.001178
0.000982
0.000856
0.000771
0.000686
0.000738
0.000851
0.000779
0.000541
0.000270
-0.000071
-0.000452
-0.000709
-0.000810
-0.000832
-0.000774
-0.000616
-0.000446
-0.000404
-0.000556
-0.000799
-0.000953
-0.001019
-0.001131
-0.001232
-0.001087
-0.000660
-0.000179
0.000140
0.000306
0.000440
0.000573
0.000625
0.000555
0.000414
0.000328
0.000420
0.000646
0.000846
0.000991
0.001142
0.001211
0.001029
0.000639
0.000331
0.000256
0.000247
0.000112
-0.000164
-0.000478
-0.000731
-0.000918
-0.001000
-0.000877
-0.000640
-0.000482
-0.000404
-0.000360
-0.000385
-0.000428
-0.000420
-0.000367
-0.000209
0.000062
0.000280
0.000336
0.000267
0.000144
0.000037
-0.000020
-0.000028
0.000035
0.000163
0.000306
0.000462
0.000630
0.000703
0.000621
0.000506
0.000435
0.000309
0.000092
-0.000078
-0.000110
-0.000079
-0.000103
-0.000220
-0.000347
-0.000382
-0.000344
-0.000320
-0.000325
-0.000323
-0.000287
-0.000241
-0.000251
-0.000264
-0.000138
0.000078
0.000169
0.000082
0.000008
0.000069
0.000131
0.000039
-0.000140
-0.000227
-0.000202
-0.000150
-0.000076
0.000041
0.000135
0.000138
0.000066
-0.000098
-0.000419
-0.000789
-0.000975
-0.000921
-0.000685
-0.000227
0.000454
0.001125
0.001507
0.001544
0.001377
0.001131
0.000837
0.000556
0.000387
0.000304
0.000255
0.000352
0.000607
0.000699
0.000417
-0.000020
-0.000365
-0.000614
-0.000852
-0.001109
-0.001255
-0.001079
-0.000665
-0.000409
-0.000504
-0.000717
-0.000798
-0.000768
-0.000713
-0.000649
-0.000528
-0.000281
0.000018
0.000204
0.000283
0.000384
0.000508
0.000566
0.000499
0.000333
0.000235
0.000366
0.000630
0.000837
0.000952
0.000976
0.000815
0.000478
0.000160
-0.000057
-0.000230
-0.000208
0.000059
0.000128
-0.000117
-0.000136
0.000079
-0.000039
-0.000344
-0.000385
-0.000452
-0.000699
-0.000652
-0.000425
-0.000523
-0.000626
-0.000341
-0.000109
-0.000215
-0.000307
-0.000251
-0.000226
-0.000197
-0.000082
0.000042
0.000169
0.000399
0.000686
0.000804
0.000660
0.000489
0.000474
0.000417
0.000182
0.000023
0.000090
0.000183
0.000176
0.000125
0.000029
-0.000064
-0.000018
0.000096
0.000060
-0.000088
-0.000156
-0.000143
-0.000155
-0.000205
-0.000292
-0.000415
-0.000499
-0.000446
-0.000266
-0.000147
-0.000239
-0.000356
-0.000282
-0.000153
-0.000143
-0.000174
-0.000138
-0.000030
0.000157
0.000365
0.000410
0.000213
-0.000132
-0.000557
-0.000949
-0.001110
-0.001063
-0.000901
-0.000441
0.000328
0.000981
0.001348
0.001625
0.001732
0.001485
0.001159
0.001111
0.001159
0.000972
0.000650
0.000480
0.000503
0.000537
0.000402
0.000039
-0.000464
-0.000879
-0.000994
-0.000918
-0.000954
-0.001058
-0.000905
-0.000568
-0.000516
-0.000863
-0.001213
-0.001298
-0.001225
-0.001100
-0.000875
-0.000577
-0.000306
-0.000093
0.000068
0.000196
0.000318
0.000392
0.000416
0.000516
0.000699
0.000815
0.000879
0.001031
0.001213
0.001251
0.001110
0.000892
0.000732
0.000667
0.000553
0.000324
0.000179
0.000205
0.000071
-0.000402
-0.000742
-0.000608
-0.000487
-0.000754
-0.000942
-0.000772
-0.000630
-0.000605
-0.000442
-0.000338
-0.000538
-0.000684
-0.000496
-0.000289
-0.000306
-0.000378
-0.000363
-0.000268
-0.000116
0.000029
0.000121
0.000235
0.000451
0.000663
0.000690
0.000570
0.000545
0.000690
0.000838
0.000913
0.000983
0.000979
0.000766
0.000446
0.000181
-0.000057
-0.000293
-0.000452
-0.000584
-0.000726
-0.000683
-0.000493
-0.000477
-0.000611
-0.000671
-0.000606
-0.000382
-0.000141
-0.000227
-0.000486
-0.000292
0.000279
0.000440
0.000098
-0.000111
-0.000008
0.000138
0.000237
0.000202
-0.000018
-0.000133
0.000031
0.000277
0.000443
0.000374
-0.000113
-0.000734
-0.000908
-0.000655
-0.000545
-0.000750
-0.000824
-0.000407
0.000305
0.000875
0.001129
0.001210
0.001225
0.001172
0.001104
0.001032
0.000835
0.000511
0.000357
0.000528
0.000630
0.000350
0.000026
-0.000035
-0.000116
-0.000445
-0.000734
-0.000718
-0.000581
-0.000534
-0.000494
-0.000405
-0.000452
-0.000728
-0.001028
-0.001182
-0.001230
-0.001159
-0.000893
-0.000568
-0.000415
-0.000377
-0.000188
0.000127
0.000281
0.000253
0.000279
0.000390
0.000441
0.000428
0.000477
0.000650
0.000886
0.001067
0.001156
0.001188
0.001076
0.000668
0.000152
-0.000025
0.000154
0.000291
0.000439
0.000839
0.001019
0.000610
0.000156
-0.000131
-0.000718
-0.001301
-0.001261
-0.001032
-0.001086
-0.001059
-0.000903
-0.000978
-0.001050
-0.000841
-0.000719
-0.000872
-0.000896
-0.000524
0.000052
0.000488
0.000605
0.000597
0.000742
0.000906
0.000910
0.000896
0.000881
0.000754
0.000577
0.000401
0.000305
0.000367
0.000324
0.000117
0.000086
0.000135
0.000028
-0.000141
-0.000331
-0.000241
0.000150
0.000060
-0.000251
-0.000069
-0.000046
-0.000378
-0.000390
-0.000184
-0.000216
-0.000455
-0.000631
-0.000673
-0.000642
-0.000500
-0.000273
-0.000090
-0.000022
-0.000052
-0.000043
0.000158
0.000460
0.000580
0.000503
0.000480
0.000368
-0.000120
-0.000650
-0.000861
-0.000971
-0.001119
-0.000943
-0.000265
0.000395
0.000679
0.001006
0.001478
0.001445
0.000904
0.000597
0.000608
0.000542
0.000504
0.000688
0.000889
0.000896
0.000710
0.000435
0.000158
-0.000207
-0.000625
-0.000731
-0.000520
-0.000471
-0.000614
-0.000574
-0.000423
-0.000491
-0.000753
-0.000989
-0.001139
-0.001224
-0.001188
-0.000994
-0.000740
-0.000565
-0.000490
-0.000407
-0.000235
-0.000072
0.000004
0.000113
0.000299
0.000438
0.000617
0.000997
0.001355
0.001404
0.001316
0.001311
0.001198
0.000825
0.000409
0.000097
-0.000083
0.000023
0.000264
0.000271
0.000260
0.000436
0.000292
-0.000225
-0.000495
-0.000579
-0.000821
-0.000881
-0.000668
-0.000654
-0.000711
-0.000486
-0.000381
-0.000676
-0.000903
-0.000797
-0.000549
-0.000285
-0.000104
0.000001
0.000269
0.000596
0.000629
0.000494
0.000381
0.000208
0.000169
0.000297
0.000160
0.000066
0.000486
0.000679
0.000359
0.000345
0.000493
0.000177
-0.000226
-0.000224
0.000119
0.000197
-0.000205
-0.000011
0.000484
-0.000186
-0.000803
-0.000321
-0.000336
-0.000703
0.000080
0.000778
0.000088
-0.000311
0.000038
-0.000459
-0.000819
-0.000025
0.000206
-0.000230
-0.000083
0.000089
-0.000144
-0.000176
0.000002
0.000225
0.000410
0.000296
0.000161
0.000103
-0.000303
-0.000840
-0.001056
-0.001088
-0.001138
-0.001016
-0.000395
0.000566
0.001139
0.001208
0.001393
0.001495
0.001059
0.000679
0.000637
0.000356
0.000043
0.000345
0.000838
0.000885
0.000720
0.000635
0.000491
0.000128
-0.000373
-0.000658
-0.000539
-0.000321
-0.000241
-0.000196
-0.000200
-0.000384
-0.000701
-0.001059
-0.001427
-0.001714
-0.001737
-0.001427
-0.001001
-0.000678
-0.000456
-0.000337
-0.000303
-0.000187
-0.000003
0.000061
0.000098
0.000329
0.000721
0.001159
0.001531
0.001639
0.001499
0.001403
0.001288
0.000800
0.000214
0.000112
0.000244
0.000141
0.000137
0.000383
0.000284
-0.000066
0.000007
0.000105
-0.000393
-0.000823
-0.000577
-0.000241
-0.000302
-0.000482
-0.000543
-0.000567
-0.000610
-0.000559
-0.000529
-0.000789
-0.000912
-0.000516
-0.000204
-0.000251
-0.000185
-0.000015
0.000040
0.000200
0.000399
0.000312
0.000206
0.000346
0.000549
0.000708
0.000629
0.000549
0.000690
0.000284
-0.000240
0.000061
0.000321
0.000114
-0.000109
-0.000036
0.000611
0.000716
-0.000236
-0.000597
-0.000201
-0.000140
-0.000363
-0.000405
-0.000063
0.000138
-0.000042
-0.000206
-0.000515
-0.000725
-0.000354
0.000137
0.000242
0.000036
-0.000148
-0.000152
-0.000293
-0.000335
0.000183
0.000457
0.000346
0.000486
0.000458
0.000318
0.000258
-0.000400
-0.001160
-0.001088
-0.000826
-0.001129
-0.001555
-0.001339
-0.000314
0.000774
0.001183
0.001286
0.001584
0.001657
0.001239
0.000827
0.000621
0.000391
0.000269
0.000503
0.000853
0.000913
0.000673
0.000466
0.000433
0.000272
-0.000164
-0.000512
-0.000624
-0.000811
-0.001044
-0.001016
-0.000780
-0.000620
-0.000674
-0.000855
-0.000980
-0.001025
-0.001093
-0.001150
-0.001041
-0.000739
-0.000410
-0.000168
0.000014
0.000084
0.000050
0.000236
0.000726
0.001088
0.001080
0.000899
0.000872
0.001109
0.001182
0.000863
0.000666
0.000637
0.000275
-0.000051
0.000149
0.000282
0.000040
0.000056
0.000402
0.000451
0.000043
-0.000505
-0.000836
-0.000759
-0.000496
-0.000310
-0.000160
-0.000021
-0.000023
-0.000277
-0.000602
-0.000675
-0.000632
-0.000825
-0.000912
-0.000448
0.000016
-0.000050
-0.000164
0.000011
-0.000027
-0.000220
0.000245
0.000840
0.000516
0.000161
0.000705
0.000904
0.000213
0.000365
0.000901
-0.000208
-0.000764
0.000542
0.000308
-0.000874
-0.000170
0.000566
0.000340
0.000312
-0.000126
-0.000399
0.000502
0.000444
-0.000730
-0.000082
0.000940
-0.000402
-0.001225
0.000008
0.000010
-0.001076
-0.000701
0.000179
0.000207
-0.000138
-0.000416
-0.000338
0.000109
0.000343
0.000220
0.000257
0.000575
0.000591
0.000142
-0.000114
0.000053
0.000035
-0.000553
-0.001077
-0.000923
-0.000816
-0.001273
-0.001459
-0.000875
0.000179
0.001189
0.001518
0.001422
0.001589
0.001555
0.001076
0.000890
0.000836
0.000332
-0.000033
0.000321
0.000805
0.000759
0.000399
0.000144
-0.000102
-0.000421
-0.000560
-0.000557
-0.000646
-0.000626
-0.000327
-0.000136
-0.000350
-0.000760
-0.001065
-0.001174
-0.001211
-0.001343
-0.001444
-0.001252
-0.000842
-0.000476
-0.000239
-0.000081
0.000145
0.000494
0.000705
0.000697
0.000776
0.001004
0.001055
0.000913
0.001006
0.001164
0.000856
0.000554
0.000626
0.000381
-0.000198
-0.000362
-0.000037
0.000377
0.000456
0.000032
-0.000349
-0.000321
-0.000154
0.000307
0.000809
0.000298
-0.000513
-0.000158
0.000177
-0.000727
-0.001312
-0.000856
-0.000651
-0.000698
-0.000401
-0.000337
-0.000637
-0.000786
-0.000502
0.000046
0.000087
-0.000207
-0.000128
-0.000073
0.000078
0.000707
0.000948
0.000505
0.000419
0.001003
0.000714
-0.000330
0.000240
0.000864
-0.000266
-0.000133
0.001005
0.000227
-0.000935
-0.000617
0.000315
0.000394
-0.000905
-0.001348
0.000398
0.001341
0.000462
0.000162
0.000360
-0.000228
-0.000770
-0.000474
-0.000197
-0.000572
-0.000875
-0.000332
0.000673
0.000866
-0.000226
-0.000915
-0.000083
0.000379
-0.000360
-0.000316
0.000751
0.001215
0.000844
0.000053
-0.001031
-0.001808
-0.001699
-0.001045
-0.000748
-0.000777
-0.000120
0.000875
0.000769
0.000261
0.000829
0.001316
0.000708
0.000520
0.001205
0.001278
0.000692
0.000690
0.001159
0.001192
0.000803
0.000473
0.000317
0.000172
-0.000059
-0.000258
-0.000344
-0.000413
-0.000517
-0.000633
-0.000776
-0.001000
-0.001305
-0.001552
-0.001659
-0.001691
-0.001639
-0.001442
-0.001210
-0.000987
-0.000552
0.000005
0.000247
0.000287
0.000508
0.000747
0.000894
0.001114
0.001106
0.000828
0.001085
0.001792
0.001798
0.001274
0.001278
0.001308
0.000658
0.000107
-0.000238
-0.000944
-0.001233
-0.000654
-0.000094
-0.000020
-0.000477
-0.001208
-0.001112
-0.000095
0.000416
0.000239
0.000254
0.000226
0.000022
0.000162
-0.000070
-0.001044
-0.001370
-0.000855
-0.000548
-0.000471
-0.000414
-0.000325
0.000075
0.000394
0.000109
-0.000305
-0.000042
0.000793
0.001176
0.000921
0.000791
0.000573
0.000197
0.000229
-0.000137
-0.000790
-0.000225
0.000628
0.000444
0.000234
-0.000262
-0.001812
-0.001693
0.000668
0.001262
0.000226
0.000541
0.000828
0.000167
0.000257
0.000289
-0.000487
-0.000381
0.000480
0.000358
-0.000348
-0.000434
-0.000415
-0.000996
-0.001325
-0.000427
0.000353
-0.000344
-0.000531
0.001006
0.001921
0.001107
-0.000027
-0.000607
-0.000745
-0.001004
-0.001468
-0.001302
-0.000792
-0.001355
-0.002366
-0.001672
0.000229
0.001014
0.000927
0.001608
0.002507
0.002387
0.001785
0.001531
0.001326
0.001057
0.001209
0.001560
0.001438
0.000968
0.000715
0.000613
0.000174
-0.000557
-0.001038
-0.001138
-0.001223
-0.001341
-0.001187
-0.000943
-0.001083
-0.001456
-0.001663
-0.001847
-0.002138
-0.002194
-0.001896
-0.001538
-0.001145
-0.000488
0.000184
0.000415
0.000517
0.000918
0.001103
0.000841
0.000902
0.001448
0.001779
0.001786
0.001873
0.001940
0.001716
0.001410
0.001315
0.001255
0.000841
0.000195
-0.000223
-0.000462
-0.000886
-0.001508
-0.002023
-0.001952
-0.001265
-0.000727
-0.000396
0.000403
0.001085
0.000760
0.000115
-0.000039
-0.000118
-0.000449
-0.000658
-0.000721
-0.000899
-0.001022
-0.000956
-0.000759
-0.000325
0.000081
0.000036
-0.000068
0.000110
0.000228
0.000450
0.001071
0.001346
0.001120
0.001108
0.000702
-0.000169
-0.000094
0.000139
-0.000571
-0.000627
0.000074
-0.000140
-0.000539
-0.000193
-0.000192
-0.000592
-0.000288
0.000347
0.000475
0.000373
0.000352
0.000263
0.000161
0.000250
0.000529
0.000642
0.000199
-0.000297
-0.000279
-0.000431
-0.000721
-0.000223
0.000099
-0.000529
-0.000594
0.000074
0.000155
0.000067
0.000435
0.000531
-0.000153
-0.001438
-0.002502
-0.002561
-0.002550
-0.003222
-0.002751
-0.000315
0.001688
0.002142
0.002710
0.003567
0.003145
0.001944
0.001614
0.001749
0.001427
0.001406
0.002280
0.003030
0.002781
0.001931
0.000979
-0.000110
-0.001131
-0.001742
-0.002081
-0.002234
-0.001997
-0.001490
-0.001184
-0.001350
-0.001799
-0.002282
-0.002911
-0.003599
-0.003682
-0.002997
-0.002283
-0.001707
-0.000698
0.000370
0.000570
0.000290
0.000493
0.000999
0.001313
0.001751
0.002558
0.003320
0.003734
0.003904
0.003854
0.003422
0.002625
0.001782
0.001158
0.000665
0.000198
-0.000117
-0.000428
-0.001089
-0.001840
-0.002324
-0.002811
-0.003074
-0.002551
-0.001994
-0.001966
-0.001327
-0.000011
0.000277
-0.000430
-0.000543
-0.000215
-0.000473
-0.000809
-0.000586
-0.000390
-0.000322
0.000330
0.001246
0.001444
0.001123
0.001164
0.001463
0.001396
0.001205
0.001393
0.001554
0.001141
0.000566
0.000312
0.000018
-0.000498
-0.000856
-0.001047
-0.001283
-0.001524
-0.001530
-0.001133
-0.000853
-0.001035
-0.000866
-0.000255
-0.000037
0.000206
0.000817
0.000915
0.000525
0.000345
0.000313
0.000439
0.000852
0.001114
0.001001
0.000772
0.000464
0.000034
-0.000294
-0.000307
-0.000100
0.000031
-0.000014
0.000097
0.000589
0.000636
-0.001113
-0.004256
-0.006265
-0.005981
-0.005437
-0.005459
-0.003447
0.000830
0.003741
0.004699
0.006028
0.006685
0.005025
0.003471
0.003738
0.004002
0.003682
0.004054
0.004618
0.004228
0.003193
0.001743
-0.000313
-0.002360
-0.003802
-0.004736
-0.005149
-0.005013
-0.004507
-0.003682
-0.003035
-0.003337
-0.004080
-0.004303
-0.004507
-0.004931
-0.004272
-0.002436
-0.000953
0.000106
0.001645
0.002970
0.003115
0.002871
0.003100
0.003328
0.003349
0.003847
0.004827
0.005408
0.005322
0.005085
0.004664
0.003451
0.001674
0.000303
-0.000597
-0.001687
-0.002624
-0.002652
-0.002499
-0.003085
-0.003661
-0.003734
-0.004102
-0.004347
-0.003506
-0.002852
-0.003226
-0.002515
-0.000126
0.001126
0.000511
0.000497
0.001435
0.001582
0.001262
0.001512
0.001520
0.001133
0.001797
0.003117
0.002970
0.001653
0.001368
0.001963
0.001631
0.000644
0.000334
0.000284
-0.000218
-0.000460
-0.000431
-0.001432
-0.003002
-0.003173
-0.002302
-0.002336
-0.002937
-0.002462
-0.001250
-0.000502
-0.000003
0.000605
0.000783
0.000685
0.001078
0.001592
0.001578
0.001661
0.002296
0.002651
0.002204
0.001580
0.001304
0.001087
0.000635
0.000250
0.000001
-0.000609
-0.001354
-0.001340
-0.000770
-0.000729
-0.002196
-0.005790
-0.009659
-0.010364
-0.008665
-0.007572
-0.005402
-0.000233
0.004582
0.007273
0.010113
0.012114
0.010589
0.007873
0.007121
0.007154
0.006769
0.006691
0.006372
0.005190
0.003810
0.001666
-0.002009
-0.005827
-0.008567
-0.010252
-0.010376
-0.009118
-0.008051
-0.007386
-0.006379
-0.005820
-0.006170
-0.006180
-0.005510
-0.004717
-0.003079
-0.000228
0.002349
0.003899
0.005363
0.006826
0.007355
0.007138
0.007017
0.006960
0.006788
0.006796
0.006872
0.006387
0.005088
0.003362
0.001690
0.000076
-0.001523
-0.002673
-0.003348
-0.004184
-0.005040
-0.005215
-0.005180
-0.005846
-0.006774
-0.007235
-0.007331
-0.006550
-0.004322
-0.002296
-0.001755
-0.000691
0.002065
0.004114
0.004343
0.004688
0.005627
0.005875
0.005838
0.006260
0.005941
0.004406
0.003262
0.002863
0.001619
-0.000533
-0.001828
-0.001972
-0.002340
-0.003075
-0.003197
-0.003070
-0.003547
-0.003819
-0.003272
-0.003087
-0.003522
-0.003092
-0.001740
-0.001010
-0.001009
-0.000671
-0.000033
0.000445
0.001185
0.002307
0.003052
0.003307
0.003759
0.004323
0.004250
0.003583
0.002899
0.002164
0.001253
0.000588
0.000153
-0.000596
-0.001375
-0.001445
-0.001207
-0.001692
-0.002866
-0.003751
-0.003786
-0.003157
-0.002183
-0.001256
-0.001888
-0.005927
-0.011204
-0.012259
-0.008833
-0.005752
-0.003228
0.002014
0.008737
0.013851
0.016950
0.017222
0.013815
0.009995
0.009108
0.009019
0.007072
0.005100
0.004659
0.003851
0.001221
-0.002775
-0.007697
-0.012622
-0.015538
-0.015559
-0.014180
-0.013024
-0.011635
-0.008924
-0.005824
-0.004305
-0.004218
-0.003738
-0.002200
0.000022
0.002817
0.005598
0.007413
0.008589
0.010049
0.011219
0.010868
0.009373
0.008014
0.007027
0.006082
0.005229
0.004193
0.002365
0.000105
-0.001723
-0.003428
-0.005511
-0.007022
-0.007392
-0.007584
-0.007722
-0.006971
-0.006034
-0.006039
-0.006048
-0.004840
-0.003189
-0.001912
-0.000347
0.001485
0.002644
0.003594
0.005027
0.005851
0.005540
0.005491
0.006089
0.006027
0.005091
0.004318
0.003720
0.002525
0.000948
-0.000398
-0.001756
-0.003263
-0.004153
-0.004166
-0.004161
-0.004564
-0.004754
-0.004368
-0.003824
-0.003351
-0.002676
-0.001769
-0.000908
-0.000052
0.000911
0.001628
0.001874
0.002066
0.002516
0.002937
0.003129
0.003306
0.003489
0.003397
0.003013
0.002533
0.001958
0.001237
0.000507
-0.000118
-0.000807
-0.001638
-0.002092
-0.001824
-0.001759
-0.002677
-0.003410
-0.002905
-0.002295
-0.002367
-0.002030
-0.000815
0.000137
-0.001345
-0.007052
-0.013519
-0.013910
-0.009140
-0.005684
-0.002583
0.004283
0.012053
0.017565
0.021782
0.022247
0.016315
0.010099
0.009453
0.009779
0.006382
0.002772
0.001563
0.000132
-0.002943
-0.007113
-0.012627
-0.018318
-0.020866
-0.018990
-0.015442
-0.013247
-0.011550
-0.007781
-0.002959
-0.000421
-0.000123
0.000498
0.001960
0.003882
0.006902
0.010143
0.011421
0.011223
0.011898
0.013092
0.012191
0.008900
0.005681
0.003872
0.002501
0.000788
-0.000969
-0.002814
-0.004862
-0.006340
-0.007073
-0.008037
-0.009135
-0.009235
-0.008379
-0.007372
-0.006220
-0.004437
-0.001965
0.000491
0.002029
0.002718
0.003455
0.004402
0.004800
0.004504
0.004244
0.004348
0.004501
0.004481
0.004126
0.003212
0.001991
0.000983
0.000145
-0.000857
-0.001824
-0.002249
-0.002178
-0.002212
-0.002596
-0.003005
-0.003361
-0.003792
-0.003851
-0.003204
-0.002479
-0.002031
-0.001191
0.000172
0.001209
0.001647
0.001962
0.002261
0.002358
0.002410
0.002617
0.002777
0.002714
0.002643
0.002600
0.002197
0.001300
0.000278
-0.000542
-0.001128
-0.001373
-0.001235
-0.001356
-0.002174
-0.002634
-0.001856
-0.000980
-0.000997
-0.001157
-0.001221
-0.001707
-0.001746
-0.000543
0.000825
0.001130
-0.001350
-0.008085
-0.014300
-0.013346
-0.008903
-0.007217
-0.003644
0.005717
0.014339
0.019285
0.023967
0.024849
0.017835
0.010763
0.009962
0.008831
0.003222
-0.000993
-0.001829
-0.003817
-0.007754
-0.011668
-0.016081
-0.020583
-0.021900
-0.018811
-0.014331
-0.011338
-0.008655
-0.003876
0.001392
0.003542
0.003282
0.004038
0.006018
0.007828
0.009920
0.012036
0.012439
0.011595
0.011491
0.011423
0.009080
0.004794
0.000900
-0.001674
-0.003301
-0.004188
-0.004865
-0.005866
-0.006417
-0.005778
-0.005282
-0.006553
-0.008586
-0.008872
-0.006672
-0.003669
-0.001674
-0.000437
0.001489
0.003952
0.005239
0.004794
0.003662
0.002885
0.003100
0.004273
0.005008
0.004114
0.002689
0.002235
0.001963
0.000635
-0.000975
-0.001803
-0.002088
-0.001958
-0.001336
-0.001263
-0.002392
-0.003290
-0.002872
-0.002421
-0.002891
-0.002970
-0.001762
-0.000455
0.000094
0.000434
0.000719
0.000762
0.001167
0.002035
0.002315
0.001870
0.001826
0.002308
0.002289
0.001588
0.000975
0.000691
0.000392
0.000028
-0.000218
-0.000403
-0.000635
-0.000675
-0.000332
-0.000220
-0.000921
-0.001404
-0.000618
-0.000009
-0.000942
-0.001747
-0.001145
-0.000703
-0.001073
-0.000563
0.001150
0.001330
-0.003224
-0.011282
-0.015884
-0.013495
-0.009881
-0.008161
-0.002583
0.007634
0.015829
0.021451
0.026477
0.025448
0.017137
0.011294
0.011097
0.008497
0.002032
-0.001926
-0.003475
-0.006754
-0.010881
-0.014527
-0.019193
-0.023312
-0.022818
-0.018032
-0.013202
-0.010098
-0.006453
-0.000852
0.004165
0.006123
0.006563
0.007685
0.009127
0.010583
0.012412
0.013194
0.011786
0.010050
0.009552
0.008692
0.005751
0.001638
-0.001859
-0.004160
-0.005724
-0.007397
-0.009463
-0.010490
-0.008995
-0.006417
-0.005271
-0.005156
-0.004100
-0.001926
0.000417
0.002151
0.002606
0.002572
0.003782
0.005447
0.005258
0.003508
0.002096
0.001495
0.001387
0.001340
0.000389
-0.001225
-0.001650
-0.000767
-0.000541
-0.001254
-0.001312
-0.000329
0.000768
0.001353
0.001030
-0.000258
-0.001453
-0.001475
-0.000934
-0.001130
-0.001872
-0.001829
-0.000758
0.000086
-0.000143
-0.000800
-0.000844
-0.000071
0.001057
0.002066
0.002588
0.002435
0.001933
0.001602
0.001229
0.000205
-0.001087
-0.001507
-0.000905
-0.000399
-0.000659
-0.001070
-0.000980
-0.000447
0.000323
0.000946
0.001041
0.001138
0.001760
0.002026
0.001059
-0.000614
-0.002012
-0.002255
-0.000923
0.000757
0.000238
-0.004562
-0.012375
-0.017133
-0.015305
-0.011957
-0.009913
-0.003298
0.008580
0.018126
0.023682
0.027740
0.026581
0.018814
0.012346
0.010700
0.007653
0.001407
-0.002718
-0.004325
-0.007613
-0.012598
-0.017032
-0.020985
-0.023821
-0.022943
-0.018281
-0.013083
-0.009190
-0.005060
0.000647
0.006024
0.008571
0.009236
0.010370
0.011642
0.011973
0.012157
0.012327
0.011170
0.009132
0.007893
0.006721
0.003571
-0.001004
-0.004845
-0.007523
-0.009357
-0.009761
-0.009185
-0.008975
-0.008175
-0.005036
-0.001173
0.000518
0.000451
0.000817
0.001832
0.002433
0.002207
0.001303
0.000534
0.001011
0.002288
0.002775
0.002313
0.001862
0.001516
0.000970
0.000377
-0.000374
-0.001348
-0.001685
-0.000811
0.000400
0.000932
0.000824
0.000487
0.000011
-0.000601
-0.001223
-0.001762
-0.002044
-0.001623
-0.000360
0.000904
0.001096
0.000400
-0.000093
-0.000188
-0.000413
-0.000560
-0.000236
0.000300
0.001015
0.001944
0.002235
0.001322
0.000005
-0.000853
-0.001237
-0.001320
-0.001169
-0.000888
-0.000473
0.000134
0.000583
0.000322
-0.000255
0.000080
0.001499
0.002647
0.002467
0.001516
0.000978
0.000667
-0.000517
-0.002075
-0.002498
-0.001736
-0.001054
-0.003039
-0.009801
-0.016501
-0.015622
-0.010871
-0.009784
-0.006718
0.004562
0.015760
0.021078
0.025895
0.028716
0.022921
0.014874
0.013122
0.011300
0.003185
-0.004195
-0.006305
-0.008857
-0.014157
-0.018282
-0.020680
-0.022954
-0.023039
-0.018997
-0.013334
-0.009082
-0.005415
0.000050
0.006409
0.010109
0.010591
0.010937
0.012257
0.012916
0.012652
0.012128
0.010773
0.008663
0.007090
0.005706
0.002637
-0.002157
-0.006541
-0.009120
-0.010152
-0.010070
-0.009252
-0.008328
-0.007169
-0.004960
-0.001902
0.000566
0.001661
0.002298
0.003514
0.004848
0.005265
0.004482
0.002724
0.000712
-0.000207
0.000146
0.000022
-0.001036
-0.001041
0.000391
0.001018
0.000089
-0.000902
-0.001247
-0.001290
-0.000971
-0.000418
-0.000331
-0.000538
-0.000074
0.000809
0.000814
-0.000163
-0.000809
-0.000423
0.000304
0.000713
0.001010
0.001377
0.001464
0.001062
0.000486
-0.000021
-0.000632
-0.001234
-0.001219
-0.000587
-0.000169
-0.000337
-0.000585
-0.000631
-0.000842
-0.001191
-0.001075
-0.000591
-0.000260
0.000426
0.001806
0.002493
0.001746
0.001314
0.002128
0.002294
0.001041
0.000292
0.000337
-0.000550
-0.001760
-0.001418
-0.000304
-0.000811
-0.004991
-0.012624
-0.017955
-0.015922
-0.011538
-0.009817
-0.004593
0.007368
0.017967
0.023619
0.027789
0.027866
0.021213
0.014864
0.012693
0.008390
0.000292
-0.005152
-0.007135
-0.010583
-0.015555
-0.019190
-0.021713
-0.023211
-0.021633
-0.016857
-0.011395
-0.006863
-0.002487
0.003020
0.008516
0.011161
0.011132
0.011385
0.012269
0.012080
0.011213
0.010443
0.008630
0.005462
0.002700
0.001252
-0.000236
-0.002933
-0.005594
-0.006508
-0.006346
-0.006611
-0.007155
-0.007322
-0.006845
-0.004813
-0.001125
0.001874
0.002721
0.003205
0.004328
0.004173
0.002181
0.000654
0.000683
0.001098
0.001335
0.001639
0.001526
0.000563
-0.000681
-0.001606
-0.002175
-0.002394
-0.002121
-0.001256
0.000021
0.001023
0.001046
0.000272
-0.000522
-0.000958
-0.001069
-0.000807
-0.000153
0.000673
0.001412
0.001864
0.001812
0.001318
0.000882
0.000749
0.000633
0.000522
0.000710
0.000836
0.000290
-0.000639
-0.001285
-0.001626
-0.001917
-0.002150
-0.002237
-0.002114
-0.001736
-0.001115
-0.000151
0.001056
0.001964
0.002520
0.003287
0.003820
0.003109
0.001850
0.001091
-0.000140
-0.002173
-0.002852
-0.001609
-0.000610
-0.001057
-0.003859
-0.009965
-0.015153
-0.014071
-0.010559
-0.009935
-0.006770
0.003885
0.015133
0.020987
0.024430
0.025940
0.022030
0.016010
0.013115
0.009822
0.002085
-0.005342
-0.008189
-0.009952
-0.013837
-0.017892
-0.020200
-0.020875
-0.019488
-0.015688
-0.010893
-0.006640
-0.002426
0.003111
0.008849
0.011545
0.010779
0.009831
0.010285
0.010349
0.009044
0.007447
0.006001
0.004299
0.002475
0.000583
-0.001713
-0.004080
-0.005653
-0.005949
-0.005131
-0.004095
-0.003768
-0.003901
-0.003695
-0.003012
-0.001622
0.000854
0.003155
0.003822
0.004092
0.005003
0.004410
0.001443
-0.001026
-0.001478
-0.001302
-0.000855
0.000274
0.000879
0.000233
-0.000600
-0.001346
-0.002684
-0.003925
-0.003790
-0.002436
-0.000854
0.000349
0.000954
0.001073
0.000998
0.000712
0.000266
0.000228
0.000892
0.001853
0.002766
0.003397
0.003211
0.002069
0.000724
-0.000136
-0.000626
-0.001025
-0.001160
-0.000857
-0.000458
-0.000419
-0.000766
-0.001345
-0.002151
-0.002871
-0.002762
-0.001729
-0.000652
-0.000015
0.000682
0.001713
0.002438
0.002352
0.002069
0.002360
0.002777
0.002510
0.001623
0.000301
-0.001391
-0.002512
-0.002140
-0.000991
-0.001202
-0.005327
-0.012850
-0.017196
-0.014072
-0.009912
-0.009421
-0.004911
0.007552
0.018800
0.023692
0.026438
0.026604
0.020925
0.014271
0.011292
0.007068
-0.001369
-0.007985
-0.009972
-0.012114
-0.016192
-0.019210
-0.020345
-0.020155
-0.017566
-0.012840
-0.008248
-0.004255
0.000461
0.005973
0.010740
0.012972
0.012425
0.011099
0.010489
0.009697
0.007709
0.005177
0.003124
0.001610
0.000229
-0.001378
-0.003957
-0.007283
-0.008713
-0.006855
-0.004476
-0.003637
-0.002565
-0.000366
0.001177
0.001312
0.000755
0.000410
0.001533
0.003774
0.004994
0.005030
0.004872
0.003528
0.000607
-0.002058
-0.003740
-0.004956
-0.004868
-0.002888
-0.000878
-0.000444
-0.000636
-0.000532
-0.000843
-0.001638
-0.001741
-0.000820
0.000370
0.001382
0.002200
0.002623
0.002311
0.001354
0.000507
0.000307
0.000323
0.000189
0.000373
0.001017
0.001502
0.001465
0.001009
0.000253
-0.000612
-0.001243
-0.001454
-0.001440
-0.001517
-0.001591
-0.001229
-0.000528
-0.000290
-0.000778
-0.001135
-0.000652
0.000210
0.000779
0.001253
0.001944
0.002500
0.002714
0.002773
0.002379
0.001263
0.000073
-0.000704
-0.001506
-0.002461
-0.002826
-0.002003
-0.000470
-0.000666
-0.005867
-0.014087
-0.016786
-0.011512
-0.007283
-0.007481
-0.002660
0.010034
0.020216
0.023147
0.024165
0.023847
0.018904
0.013071
0.010086
0.005261
-0.003711
-0.010392
-0.011690
-0.012833
-0.016695
-0.019821
-0.019669
-0.017283
-0.013903
-0.009846
-0.005464
-0.001149
0.003307
0.008372
0.012776
0.013760
0.011447
0.009548
0.009540
0.008668
0.005359
0.001710
-0.000511
-0.001815
-0.002718
-0.003474
-0.004952
-0.006716
-0.006755
-0.004930
-0.003340
-0.002970
-0.002936
-0.002001
0.000626
0.004027
0.005764
0.005368
0.004949
0.005169
0.004647
0.003043
0.000998
-0.001055
-0.002021
-0.001256
-0.000648
-0.002110
-0.004316
-0.004896
-0.003879
-0.003002
-0.003096
-0.003105
-0.001604
0.000998
0.002729
0.002461
0.001028
0.000067
0.000448
0.001643
0.002291
0.001775
0.001187
0.001735
0.002655
0.002357
0.000979
-0.000100
-0.000429
-0.000493
-0.000523
-0.000620
-0.001037
-0.001424
-0.001112
-0.000653
-0.001222
-0.002311
-0.002289
-0.001150
-0.000329
-0.000249
-0.000120
0.000468
0.001129
0.001518
0.001825
0.002178
0.002277
0.002331
0.002887
0.003042
0.001511
-0.000586
-0.001574
-0.002317
-0.003393
-0.002733
-0.000787
-0.003111
-0.011295
-0.016578
-0.012378
-0.006734
-0.007929
-0.007846
0.002651
0.015808
0.021324
0.022161
0.023332
0.021985
0.017036
0.012677
0.008463
0.000376
-0.008664
-0.012469
-0.012787
-0.015507
-0.019868
-0.020719
-0.017316
-0.013015
-0.009570
-0.006061
-0.001791
0.002652
0.007006
0.011164
0.013286
0.011977
0.009763
0.009603
0.009670
0.006736
0.002017
-0.001389
-0.003391
-0.004915
-0.005361
-0.005225
-0.006099
-0.006698
-0.004746
-0.001948
-0.001286
-0.001897
-0.001218
0.000918
0.002987
0.004065
0.004442
0.004971
0.005789
0.006085
0.005278
0.003308
0.000399
-0.002244
-0.003277
-0.003596
-0.004983
-0.006199
-0.004809
-0.002291
-0.001879
-0.002941
-0.002995
-0.002265
-0.001754
-0.000777
0.000797
0.001869
0.002555
0.003930
0.005534
0.005633
0.003888
0.002056
0.001472
0.001366
0.000689
-0.000134
-0.000341
-0.000158
-0.000177
-0.000591
-0.001451
-0.002682
-0.003611
-0.003493
-0.002642
-0.001963
-0.001561
-0.000894
0.000021
0.000547
0.000405
0.000023
-0.000078
0.000285
0.001091
0.001945
0.002253
0.002256
0.002596
0.002860
0.002433
0.001795
0.001362
0.000800
-0.000013
-0.000931
-0.002004
-0.003029
-0.003278
-0.002283
-0.001302
-0.003515
-0.009748
-0.014219
-0.011297
-0.005537
-0.004362
-0.004419
0.001951
0.012497
0.019078
0.020003
0.019172
0.017827
0.014928
0.011390
0.007477
0.000994
-0.007257
-0.012469
-0.013391
-0.014239
-0.016919
-0.018005
-0.015226
-0.010881
-0.007318
-0.003986
-0.000205
0.003425
0.007040
0.010837
0.012831
0.011388
0.008578
0.007344
0.006940
0.004481
-0.000060
-0.003707
-0.004775
-0.004471
-0.004630
-0.005539
-0.006103
-0.005583
-0.004086
-0.001949
-0.000250
0.000127
0.000767
0.003409
0.006222
0.006596
0.005144
0.003709
0.002733
0.001976
0.001039
-0.000456
-0.001794
-0.001879
-0.001281
-0.001687
-0.003259
-0.004240
-0.003562
-0.002288
-0.001691
-0.001495
-0.000951
-0.000186
0.000329
0.000498
0.000359
0.000059
0.000081
0.000671
0.001297
0.001418
0.001390
0.001822
0.002538
0.002918
0.002720
0.002073
0.001224
0.000489
-0.000042
-0.000721
-0.001730
-0.002455
-0.002286
-0.001815
-0.001922
-0.002211
-0.001906
-0.001245
-0.000737
-0.000388
-0.000125
0.000153
0.000644
0.001137
0.001208
0.001040
0.001184
0.001761
0.002466
0.002805
0.002344
0.001415
0.000874
0.000731
0.000275
-0.000624
-0.001649
-0.002560
-0.002747
-0.001714
-0.000527
-0.001768
-0.006976
-0.012814
-0.012984
-0.007751
-0.004549
-0.004931
-0.001853
0.007296
0.016353
0.020071
0.019559
0.017875
0.015983
0.013578
0.009819
0.003346
-0.005031
-0.011269
-0.013080
-0.013356
-0.015416
-0.017747
-0.016675
-0.012086
-0.007330
-0.004268
-0.001530
0.002219
0.006497
0.010354
0.012638
0.012108
0.009387
0.006941
0.005780
0.004063
0.000294
-0.003879
-0.005912
-0.005748
-0.005042
-0.004729
-0.004758
-0.004533
-0.003277
-0.001338
-0.000036
0.000588
0.001794
0.003808
0.005615
0.006485
0.006106
0.004499
0.002581
0.001156
-0.000291
-0.002146
-0.003486
-0.003553
-0.002887
-0.002533
-0.002914
-0.003451
-0.003421
-0.002890
-0.001959
-0.000299
0.001469
0.002173
0.002217
0.002490
0.002221
0.000793
-0.000528
-0.000739
-0.000422
-0.000036
0.000673
0.001439
0.001611
0.001280
0.001023
0.000945
0.000787
0.000661
0.000900
0.001241
0.001019
0.000194
-0.000706
-0.001486
-0.002258
-0.002847
-0.002991
-0.002791
-0.002384
-0.001628
-0.000591
0.000285
0.000855
0.001388
0.001915
0.002165
0.002136
0.002076
0.001924
0.001371
0.000573
0.000183
0.000338
0.000407
0.000076
-0.000385
-0.000963
-0.001684
-0.001937
-0.001463
-0.001093
-0.001163
-0.000770
-0.000160
-0.001955
-0.006923
-0.010346
-0.008204
-0.004030
-0.002048
0.000300
0.005227
0.009348
0.010947
0.012223
0.012755
0.010476
0.007711
0.007520
0.007194
0.002978
-0.002990
-0.006829
-0.009035
-0.011432
-0.013147
-0.012997
-0.011508
-0.009124
-0.005687
-0.001820
0.001259
0.003421
0.005772
0.008253
0.008917
0.007221
0.005324
0.004491
0.003511
0.001561
-0.000482
-0.001908
-0.002935
-0.003621
-0.003714
-0.003604
-0.004018
-0.004419
-0.003345
-0.000807
0.001495
0.002488
0.002673
0.002912
0.003284
0.003221
0.002324
0.000898
-0.000155
-0.000272
-0.000057
-0.000260
-0.000534
-0.000426
-0.000372
-0.000677
-0.000898
-0.000755
-0.000539
-0.000412
-0.000165
0.000046
-0.000331
-0.001137
-0.001582
-0.001599
-0.001726
-0.001877
-0.001470
-0.000454
0.000667
0.001597
0.002322
0.002623
0.002409
0.002178
0.002222
0.002048
0.001332
0.000450
-0.000313
-0.001005
-0.001533
-0.001889
-0.002227
-0.002282
-0.001730
-0.000996
-0.000619
-0.000357
0.000234
0.000935
0.001184
0.000951
0.000765
0.000939
0.001243
0.001404
0.001434
0.001280
0.000700
-0.000142
-0.000608
-0.000580
-0.000557
-0.000456
0.000029
-0.000029
-0.001485
-0.002995
-0.002860
-0.001760
-0.001263
-0.001882
-0.003906
-0.006362
-0.006071
-0.002772
-0.000818
-0.001097
0.000747
0.005366
0.008658
0.009692
0.010685
0.011262
0.010039
0.008415
0.007272
0.004201
-0.001624
-0.006677
-0.008712
-0.009882
-0.011565
-0.011789
-0.009629
-0.006828
-0.004444
-0.002104
0.000020
0.001594
0.003346
0.005682
0.007313
0.006988
0.005440
0.004202
0.003374
0.001866
-0.000423
-0.002179
-0.002848
-0.003363
-0.003956
-0.003774
-0.003102
-0.002862
-0.002417
-0.000904
0.000903
0.002073
0.002621
0.002680
0.002545
0.002622
0.002520
0.001726
0.000756
0.000311
0.000295
0.000164
-0.000466
-0.001184
-0.001081
-0.000373
-0.000193
-0.000426
-0.000151
0.000233
-0.000150
-0.000904
-0.001410
-0.001980
-0.002686
-0.002785
-0.002165
-0.001642
-0.001349
-0.000551
0.000763
0.001748
0.002138
0.002447
0.002792
0.002822
0.002677
0.002658
0.002329
0.001322
0.000233
-0.000416
-0.001046
-0.001987
-0.002664
-0.002573
-0.002053
-0.001559
-0.001010
-0.000225
0.000582
0.001035
0.001079
0.000970
0.000856
0.000717
0.000550
0.000348
0.000087
-0.000162
-0.000298
-0.000349
-0.000369
-0.000283
-0.000073
0.000147
0.000357
0.000511
0.000455
0.000199
-0.000302
-0.001162
-0.001875
-0.001807
-0.001272
-0.001218
-0.002700
-0.005567
-0.006892
-0.004521
-0.001160
0.000487
0.002412
0.005996
0.008597
0.008715
0.007937
0.007060
0.005599
0.004094
0.003314
0.002558
0.000708
-0.002094
-0.004794
-0.006777
-0.008077
-0.008585
-0.007917
-0.006166
-0.004077
-0.002115
-0.000139
0.001601
0.002599
0.003291
0.004229
0.004693
0.003999
0.002947
0.002447
0.002033
0.000969
-0.000350
-0.001306
-0.002165
-0.003042
-0.003328
-0.003089
-0.002996
-0.002642
-0.001268
0.000461
0.001519
0.002006
0.002174
0.001849
0.001374
0.001270
0.001279
0.001032
0.000832
0.001069
0.001605
0.001929
0.001567
0.000619
-0.000238
-0.000705
-0.001206
-0.001896
-0.002377
-0.002500
-0.002409
-0.002169
-0.001977
-0.001923
-0.001545
-0.000594
0.000274
0.000476
0.000415
0.000756
0.001431
0.001831
0.001638
0.001191
0.001112
0.001525
0.001814
0.001509
0.000841
0.000136
-0.000493
-0.000806
-0.000748
-0.000750
-0.000899
-0.000694
-0.000125
0.000125
-0.000142
-0.000288
0.000029
0.000309
0.000231
0.000198
0.000285
-0.000014
-0.000619
-0.000838
-0.000571
-0.000319
-0.000242
-0.000188
-0.000122
0.000071
0.000437
0.000618
0.000455
0.000355
0.000454
0.000264
-0.000324
-0.000674
-0.000638
-0.000791
-0.000961
-0.000384
0.000501
0.000212
-0.001985
-0.004823
-0.005622
-0.003725
-0.001902
-0.001335
0.000602
0.004459
0.006979
0.007042
0.006689
0.006558
0.005852
0.004986
0.004254
0.002591
-0.000028
-0.002261
-0.004043
-0.006134
-0.007900
-0.008291
-0.007425
-0.005852
-0.003996
-0.002260
-0.000501
0.001688
0.003907
0.005313
0.005661
0.005196
0.004192
0.002993
0.001851
0.000620
-0.000866
-0.002228
-0.002962
-0.003169
-0.003282
-0.003454
-0.003541
-0.003182
-0.002063
-0.000485
0.000928
0.001954
0.002579
0.002677
0.002464
0.002468
0.002644
0.002478
0.002005
0.001673
0.001467
0.001009
0.000146
-0.000866
-0.001539
-0.001711
-0.001765
-0.001934
-0.001917
-0.001552
-0.001196
-0.001132
-0.001158
-0.000981
-0.000643
-0.000407
-0.000376
-0.000335
-0.000084
0.000268
0.000606
0.000975
0.001202
0.001060
0.000803
0.000785
0.000921
0.001018
0.001007
0.000814
0.000464
0.000071
-0.000311
-0.000597
-0.000694
-0.000603
-0.000305
0.000174
0.000569
0.000598
0.000322
0.000031
-0.000123
-0.000151
-0.000066
0.000007
-0.000089
-0.000174
-0.000031
0.000014
-0.000392
-0.000860
-0.000851
-0.000631
-0.000768
-0.001061
-0.000851
-0.000173
0.000375
0.000599
0.000662
0.000657
0.000636
0.000344
-0.000501
-0.001185
-0.000855
-0.000068
0.000357
0.000425
-0.000449
-0.002730
-0.004205
-0.002704
-0.000270
0.000683
0.001810
0.004415
0.006028
0.005042
0.003162
0.001814
0.000771
0.000181
0.000430
0.000725
0.000154
-0.000889
-0.001733
-0.002577
-0.003640
-0.004341
-0.004007
-0.002785
-0.001413
-0.000284
0.000735
0.001691
0.002477
0.003067
0.003186
0.002545
0.001564
0.000902
0.000531
0.000007
-0.000858
-0.001831
-0.002490
-0.002757
-0.002997
-0.003303
-0.003222
-0.002372
-0.000838
0.000858
0.002023
0.002499
0.002794
0.003064
0.002814
0.002032
0.001380
0.001047
0.000730
0.000451
0.000240
-0.000291
-0.001154
-0.001614
-0.001276
-0.000740
-0.000604
-0.000530
0.000038
0.000737
0.000751
0.000160
-0.000302
-0.000555
-0.001029
-0.001612
-0.001847
-0.001735
-0.001484
-0.000975
-0.000223
0.000305
0.000466
0.000724
0.001254
0.001596
0.001426
0.001069
0.000976
0.001028
0.000853
0.000506
0.000236
0.000053
-0.000028
0.000040
0.000029
-0.000204
-0.000296
-0.000006
0.000300
0.000272
0.000037
-0.000170
-0.000298
-0.000502
-0.000982
-0.001493
-0.001437
-0.000831
-0.000342
-0.000182
-0.000064
0.000025
0.000058
0.000121
-0.000111
-0.000622
-0.000384
0.000743
0.001290
0.000900
0.000902
0.001479
0.001427
0.000625
0.000099
0.000234
0.000467
0.000122
-0.001156
-0.003116
-0.004505
-0.004004
-0.002261
-0.001094
-0.000500
0.000829
0.002584
0.003214
0.002607
0.002212
0.002548
0.002662
0.002381
0.002458
0.002408
0.001266
-0.000331
-0.001400
-0.002242
-0.003216
-0.003684
-0.003095
-0.001887
-0.000807
-0.000016
0.000687
0.001188
0.001220
0.000925
0.000715
0.000649
0.000421
0.000080
0.000005
0.000030
-0.000365
-0.000964
-0.001184
-0.001183
-0.001348
-0.001389
-0.000989
-0.000520
-0.000332
-0.000137
0.000312
0.000660
0.000712
0.000971
0.001607
0.001889
0.001483
0.001116
0.001171
0.000918
-0.000028
-0.000726
-0.000499
-0.000113
-0.000205
-0.000211
0.000245
0.000584
0.000414
0.000083
-0.000150
-0.000504
-0.000974
-0.001165
-0.001110
-0.001311
-0.001670
-0.001510
-0.000935
-0.000727
-0.000807
-0.000488
0.000076
0.000347
0.000517
0.000951
0.001437
0.001719
0.001948
0.002181
0.002087
0.001451
0.000549
-0.000175
-0.000570
-0.000778
-0.000878
-0.000759
-0.000504
-0.000482
-0.000697
-0.000730
-0.000540
-0.000476
-0.000518
-0.000349
-0.000028
0.000053
-0.000154
-0.000266
-0.000124
0.000026
0.000072
0.000132
0.000162
0.000081
0.000115
0.000496
0.000938
0.000984
0.000840
0.000981
0.001030
0.000422
-0.000274
-0.000324
-0.000254
-0.000766
-0.001429
-0.001553
-0.001237
-0.001025
-0.001303
-0.002096
-0.002834
-0.002498
-0.001005
0.000315
0.000906
0.001832
0.003284
0.003868
0.003027
0.001795
0.001160
0.001174
0.001268
0.001032
0.000843
0.000972
0.000619
-0.000652
-0.001898
-0.002526
-0.002894
-0.002820
-0.001856
-0.000600
0.000162
0.000761
0.001667
0.002227
0.001785
0.000988
0.000623
0.000374
-0.000196
-0.000827
-0.001297
-0.001686
-0.001865
-0.001729
-0.001546
-0.001436
-0.001174
-0.000795
-0.000532
-0.000234
0.000307
0.000852
0.001237
0.001685
0.002211
0.002476
0.002234
0.001496
0.000589
0.000005
-0.000208
-0.000386
-0.000472
-0.000130
0.000466
0.000763
0.000493
-0.000186
-0.000944
-0.001507
-0.001780
-0.001799
-0.001684
-0.001571
-0.001356
-0.000843
-0.000238
0.000114
0.000345
0.000761
0.001274
0.001588
0.001625
0.001477
0.001207
0.000887
0.000599
0.000265
-0.000264
-0.000830
-0.001073
-0.000976
-0.000864
-0.000842
-0.000684
-0.000292
0.000119
0.000317
0.000373
0.000473
0.000504
0.000293
0.000076
0.000148
0.000343
0.000366
0.000234
0.000029
-0.000244
-0.000422
-0.000393
-0.000314
-0.000193
0.000132
0.000499
0.000644
0.000609
0.000424
0.000055
-0.000257
-0.000391
-0.000605
-0.000770
-0.000381
0.000334
0.000626
0.000444
0.000274
0.000165
-0.000123
-0.000461
-0.000596
-0.000663
-0.000774
-0.000619
-0.000147
-0.000080
-0.000939
-0.001938
-0.001940
-0.001303
-0.001124
-0.000937
0.000374
0.002112
0.002925
0.003053
0.003166
0.002877
0.001970
0.001155
0.000752
0.000304
-0.000276
-0.000570
-0.000689
-0.001248
-0.002184
-0.002596
-0.002053
-0.001137
-0.000392
0.000239
0.000835
0.001250
0.001462
0.001512
0.001283
0.000695
-0.000045
-0.000612
-0.000944
-0.001307
-0.001720
-0.001697
-0.001135
-0.000692
-0.000707
-0.000741
-0.000500
-0.000198
-0.000005
0.000155
0.000492
0.001196
0.001958
0.002095
0.001553
0.000934
0.000444
-0.000063
-0.000393
-0.000438
-0.000511
-0.000609
-0.000376
0.000079
0.000323
0.000373
0.000542
0.000747
0.000597
0.000164
-0.000046
-0.000041
-0.000273
-0.000654
-0.000830
-0.001011
-0.001399
-0.001578
-0.001263
-0.000805
-0.000509
-0.000219
0.000206
0.000551
0.000593
0.000446
0.000328
0.000236
0.000096
0.000042
0.000230
0.000438
0.000389
0.000361
0.000704
0.001095
0.001087
0.000827
0.000630
0.000478
0.000249
0.000035
0.000011
0.000150
0.000234
0.000095
-0.000256
-0.000685
-0.001031
-0.001204
-0.001192
-0.001032
-0.000795
-0.000546
-0.000300
-0.000128
-0.000112
-0.000198
-0.000197
0.000116
0.000688
0.001017
0.000854
0.000652
0.000660
0.000471
-0.000032
-0.000389
-0.000411
-0.000328
-0.000312
-0.000419
-0.000542
-0.000399
-0.000065
-0.000020
-0.000325
-0.000487
-0.000318
-0.000198
-0.000262
0.000007
0.000877
0.001690
0.001814
0.001476
0.000963
0.000080
-0.000974
-0.001445
-0.001133
-0.000591
-0.000213
0.000111
0.000493
0.000610
0.000231
-0.000095
0.000143
0.000459
0.000352
0.000263
0.000614
0.000962
0.000813
0.000369
-0.000003
-0.000311
-0.000663
-0.001005
-0.001297
-0.001492
-0.001392
-0.000991
-0.000687
-0.000628
-0.000453
-0.000101
-0.000030
-0.000303
-0.000343
0.000072
0.000462
0.000584
0.000823
0.001324
0.001613
0.001483
0.001348
0.001356
0.001120
0.000585
0.000200
0.000107
-0.000058
-0.000461
-0.000779
-0.000785
-0.000746
-0.000928
-0.001171
-0.001288
-0.001355
-0.001343
-0.001025
-0.000477
-0.000170
-0.000272
-0.000340
-0.000063
0.000265
0.000379
0.000476
0.000718
0.000957
0.001054
0.001025
0.000859
0.000570
0.000360
0.000368
0.000410
0.000356
0.000310
0.000238
-0.000002
-0.000289
-0.000407
-0.000413
-0.000468
-0.000517
-0.000412
-0.000207
-0.000100
-0.000105
-0.000044
0.000099
0.000142
0.000084
0.000118
0.000193
-0.000022
-0.000521
-0.000810
-0.000675
-0.000488
-0.000478
-0.000372
0.000057
0.000598
0.000870
0.000785
0.000536
0.000207
-0.000145
-0.000288
-0.000153
0.000092
0.000334
0.000366
-0.000016
-0.000469
-0.000514
-0.000350
-0.000365
-0.000322
0.000204
0.000970
0.001278
0.000836
-0.000041
-0.000897
-0.001359
-0.001297
-0.000989
-0.000711
-0.000347
0.000254
0.000867
0.001019
0.000571
0.000063
0.000061
0.000409
0.000731
0.001024
0.001218
0.001073
0.000709
0.000353
-0.000028
-0.000434
-0.000729
-0.000779
-0.000583
-0.000467
-0.000697
-0.000987
-0.001021
-0.000900
-0.000664
-0.000247
0.000075
0.000059
0.000054
0.000419
0.000888
0.001044
0.000910
0.000792
0.000769
0.000568
0.000085
-0.000353
-0.000495
-0.000440
-0.000332
-0.000228
-0.000192
-0.000226
-0.000254
-0.000250
-0.000297
-0.000399
-0.000383
-0.000190
0.000036
0.000158
0.000139
0.000037
-0.000047
-0.000083
-0.000030
0.000235
0.000658
0.000894
0.000735
0.000380
0.000057
-0.000257
-0.000607
-0.000892
-0.000965
-0.000771
-0.000433
-0.000211
-0.000251
-0.000341
-0.000196
0.000068
0.000178
0.000271
0.000642
0.001131
0.001325
0.001176
0.000933
0.000697
0.000427
0.000149
-0.000139
-0.000484
-0.000733
-0.000656
-0.000375
-0.000255
-0.000377
-0.000503
-0.000544
-0.000621
-0.000669
-0.000526
-0.000304
-0.000159
0.000043
0.000367
0.000518
0.000334
0.000108
0.000081
0.000100
0.000033
0.000058
0.000348
0.000739
0.000876
0.000664
0.000356
0.000060
-0.000362
-0.000829
-0.001091
-0.001118
-0.000971
-0.000632
-0.000127
0.000434
0.000880
0.001073
0.001039
0.000878
0.000549
0.000031
-0.000425
-0.000536
-0.000353
-0.000140
-0.000077
-0.000121
-0.000137
-0.000141
-0.000165
-0.000112
-0.000074
-0.000264
-0.000539
-0.000633
-0.000608
-0.000572
-0.000373
0.000054
0.000461
0.000644
0.000722
0.000866
0.000963
0.000843
0.000642
0.000560
0.000540
0.000490
0.000397
0.000219
-0.000013
-0.000248
-0.000614
-0.001163
-0.001599
-0.001607
-0.001206
-0.000615
-0.000038
0.000358
0.000463
0.000354
0.000293
0.000381
0.000447
0.000461
0.000580
0.000726
0.000691
0.000481
0.000119
-0.000415
-0.000900
-0.001056
-0.000941
-0.000738
-0.000409
0.000068
0.000490
0.000667
0.000591
0.000383
0.000196
0.000058
-0.000069
-0.000090
0.000078
0.000278
0.000283
0.000075
-0.000172
-0.000334
-0.000458
-0.000559
-0.000502
-0.000289
-0.000092
0.000059
0.000246
0.000444
0.000595
0.000665
0.000592
0.000330
-0.000040
-0.000343
-0.000464
-0.000421
-0.000282
-0.000087
0.000089
0.000085
-0.000142
-0.000373
-0.000403
-0.000268
-0.000096
0.000044
0.000148
0.000229
0.000295
0.000316
0.000191
-0.000048
-0.000132
0.000085
0.000398
0.000555
0.000472
0.000173
-0.000223
-0.000561
-0.000755
-0.000750
-0.000528
-0.000200
0.000056
0.000232
0.000467
0.000679
0.000572
0.000201
0.000084
0.000411
0.000633
0.000321
-0.000149
-0.000321
-0.000382
-0.000693
-0.001108
-0.001189
-0.000840
-0.000378
-0.000096
0.000015
0.000127
0.000317
0.000515
0.000681
0.000847
0.000951
0.000943
0.000930
0.000860
0.000486
-0.000090
-0.000478
-0.000634
-0.000713
-0.000647
-0.000444
-0.000353
-0.000422
-0.000455
-0.000405
-0.000356
-0.000314
-0.000234
-0.000086
0.000125
0.000331
0.000482
0.000625
0.000741
0.000685
0.000488
0.000364
0.000290
0.000053
-0.000288
-0.000517
-0.000612
-0.000636
-0.000613
-0.000582
-0.000521
-0.000347
-0.000055
0.000300
0.000593
0.000610
0.000395
0.000272
0.000265
0.000125
-0.000105
-0.000147
0.000066
0.000277
0.000187
-0.000196
-0.000567
-0.000687
-0.000576
-0.000386
-0.000173
0.000144
0.000562
0.000869
0.000883
0.000640
0.000314
0.000060
-0.000063
-0.000081
-0.000078
-0.000171
-0.000337
-0.000390
-0.000284
-0.000197
-0.000261
-0.000346
-0.000258
-0.000046
0.000085
0.000100
0.000061
-0.000029
-0.000111
-0.000094
-0.000037
-0.000044
-0.000048
0.000066
0.000198
0.000161
0.000041
0.000029
0.000057
-0.000016
-0.000108
-0.000067
0.000079
0.000194
0.000226
0.000198
0.000127
0.000013
-0.000085
-0.000037
0.000150
0.000310
0.000435
0.000629
0.000735
0.000473
-0.000116
-0.000696
-0.001023
-0.001130
-0.001169
-0.001177
-0.001009
-0.000602
-0.000102
0.000350
0.000745
0.001089
0.001299
0.001252
0.000992
0.000716
0.000485
0.000219
-0.000078
-0.000317
-0.000474
-0.000599
-0.000730
-0.000800
-0.000718
-0.000550
-0.000488
-0.000553
-0.000483
-0.000149
0.000203
0.000403
0.000550
0.000621
0.000512
0.000385
0.000449
0.000571
0.000511
0.000388
0.000468
0.000556
0.000209
-0.000418
-0.000722
-0.000608
-0.000459
-0.000353
-0.000177
-0.000117
-0.000293
-0.000387
-0.000204
-0.000034
-0.000055
-0.000046
0.000093
0.000133
0.000021
-0.000010
0.000026
-0.000114
-0.000293
-0.000176
0.000133
0.000309
0.000383
0.000537
0.000632
0.000454
0.000161
0.000028
0.000001
-0.000106
-0.000211
-0.000103
0.000153
0.000251
0.000057
-0.000268
-0.000524
-0.000620
-0.000547
-0.000367
-0.000167
0.000006
0.000109
0.000141
0.000157
0.000120
-0.000041
-0.000171
-0.000059
0.000191
0.000337
0.000350
0.000310
0.000220
0.000084
-0.000036
-0.000095
-0.000139
-0.000210
-0.000269
-0.000282
-0.000268
-0.000266
-0.000293
-0.000302
-0.000224
-0.000056
0.000170
0.000411
0.000596
0.000693
0.000753
0.000799
0.000785
0.000647
0.000306
-0.000269
-0.000894
-0.001260
-0.001295
-0.001160
-0.000904
-0.000432
0.000130
0.000459
0.000467
0.000376
0.000377
0.000500
0.000685
0.000804
0.000742
0.000522
0.000294
0.000107
-0.000171
-0.000572
-0.000877
-0.000906
-0.000703
-0.000424
-0.000220
-0.000097
0.000048
0.000169
0.000127
0.000008
0.000069
0.000260
0.000212
-0.000122
-0.000287
-0.000049
0.000241
0.000266
0.000186
0.000247
0.000356
0.000314
0.000157
0.000056
0.000039
0.000014
-0.000040
-0.000090
-0.000188
-0.000332
-0.000368
-0.000236
-0.000093
-0.000060
-0.000074
-0.000033
0.000028
-0.000014
-0.000182
-0.000334
-0.000348
-0.000255
-0.000072
0.000240
0.000541
0.000587
0.000437
0.000361
0.000402
0.000449
0.000479
0.000432
0.000251
0.000068
-0.000029
-0.000228
-0.000670
-0.001105
-0.001159
-0.000836
-0.000445
-0.000148
0.000115
0.000355
0.000470
0.000408
0.000254
0.000143
0.000159
0.000298
0.000433
0.000392
0.000180
-0.000024
-0.000133
-0.000187
-0.000191
-0.000161
-0.000174
-0.000219
-0.000207
-0.000176
-0.000248
-0.000363
-0.000312
-0.000018
0.000378
0.000653
0.000723
0.000674
0.000536
0.000258
-0.000118
-0.000472
-0.000721
-0.000786
-0.000625
-0.000367
-0.000232
-0.000243
-0.000241
-0.000185
-0.000154
-0.000125
0.000009
0.000288
0.000629
0.000843
0.000823
0.000727
0.000727
0.000706
0.000481
0.000114
-0.000201
-0.000379
-0.000476
-0.000543
-0.000526
-0.000417
-0.000332
-0.000359
-0.000470
-0.000552
-0.000444
-0.000152
0.000066
0.000079
0.000100
0.000293
0.000501
0.000516
0.000368
0.000205
0.000076
-0.000071
-0.000181
-0.000106
0.000102
0.000213
0.000157
0.000053
-0.000044
-0.000143
-0.000225
-0.000241
-0.000146
0.000010
0.000110
0.000125
0.000076
-0.000047
-0.000170
-0.000132
0.000081
0.000255
0.000231
0.000114
0.000025
-0.000110
-0.000344
-0.000580
-0.000670
-0.000510
-0.000116
0.000345
0.000692
0.000852
0.000836
0.000717
0.000581
0.000417
0.000148
-0.000209
-0.000486
-0.000534
-0.000457
-0.000473
-0.000576
-0.000621
-0.000586
-0.000502
-0.000334
-0.000074
0.000204
0.000443
0.000618
0.000640
0.000423
0.000114
0.000005
0.000145
0.000231
0.000039
-0.000234
-0.000277
-0.000168
-0.000210
-0.000411
-0.000488
-0.000310
-0.000039
0.000171
0.000349
0.000542
0.000673
0.000644
0.000464
0.000255
0.000161
0.000176
0.000153
0.000032
-0.000142
-0.000349
-0.000568
-0.000764
-0.000956
-0.001118
-0.001073
-0.000703
-0.000179
0.000221
0.000453
0.000606
0.000658
0.000643
0.000741
0.000949
0.000980
0.000711
0.000448
0.000466
0.000591
0.000478
0.000056
-0.000483
-0.000952
-0.001268
-0.001376
-0.001289
-0.001077
-0.000757
-0.000358
-0.000038
0.000034
-0.000047
0.000004
0.000262
0.000541
0.000731
0.000891
0.001089
0.001239
0.001113
0.000645
0.000042
-0.000459
-0.000744
-0.000788
-0.000659
-0.000492
-0.000330
-0.000149
-0.000005
0.000010
-0.000092
-0.000226
-0.000302
-0.000249
-0.000076
0.000136
0.000317
0.000437
0.000476
0.000382
0.000117
-0.000195
-0.000322
-0.000238
-0.000137
-0.000043
0.000187
0.000468
0.000525
0.000304
-0.000013
-0.000260
-0.000339
-0.000230
-0.000052
0.000054
0.000097
0.000119
0.000042
-0.000166
-0.000365
-0.000418
-0.000358
-0.000279
-0.000158
0.000066
0.000297
0.000359
0.000262
0.000198
0.000222
0.000200
0.000075
-0.000043
-0.000048
0.000022
0.000056
-0.000011
-0.000154
-0.000290
-0.000391
-0.000498
-0.000599
-0.000603
-0.000433
-0.000074
0.000391
0.000770
0.000951
0.001016
0.001048
0.001002
0.000817
0.000495
0.000105
-0.000250
-0.000516
-0.000723
-0.000929
-0.001134
-0.001243
-0.001183
-0.000970
-0.000627
-0.000244
0.000013
0.000186
0.000483
0.000819
0.000925
0.000826
0.000754
0.000734
0.000625
0.000439
0.000290
0.000156
-0.000030
-0.000254
-0.000460
-0.000537
-0.000444
-0.000364
-0.000427
-0.000451
-0.000272
-0.000042
0.000019
-0.000103
-0.000286
-0.000367
-0.000225
0.000061
0.000313
0.000526
0.000741
0.000842
0.000732
0.000480
0.000158
-0.000201
-0.000503
-0.000634
-0.000559
-0.000348
-0.000161
-0.000090
-0.000047
0.000051
0.000070
-0.000090
-0.000246
-0.000193
-0.000021
0.000090
0.000115
0.000139
0.000230
0.000359
0.000406
0.000320
0.000195
0.000106
0.000008
-0.000108
-0.000144
-0.000070
-0.000026
-0.000138
-0.000320
-0.000381
-0.000265
-0.000108
-0.000033
0.000031
0.000170
0.000258
0.000148
-0.000074
-0.000194
-0.000149
-0.000064
-0.000012
0.000049
0.000133
0.000185
0.000172
0.000125
0.000108
0.000130
0.000154
0.000181
0.000181
0.000047
-0.000217
-0.000455
-0.000577
-0.000629
-0.000614
-0.000475
-0.000251
-0.000022
0.000195
0.000339
0.000364
0.000425
0.000641
0.000845
0.000851
0.000705
0.000515
0.000317
0.000088
-0.000211
-0.000544
-0.000777
-0.000842
-0.000831
-0.000809
-0.000711
-0.000501
-0.000270
-0.000119
-0.000031
0.000046
0.000104
0.000178
0.000353
0.000618
0.000861
0.001011
0.001055
0.000959
0.000705
0.000330
-0.000100
-0.000461
-0.000640
-0.000688
-0.000713
-0.000716
-0.000679
-0.000649
-0.000632
-0.000570
-0.000431
-0.000253
-0.000092
0.000072
0.000309
0.000568
0.000715
0.000761
0.000810
0.000840
0.000751
0.000561
0.000349
0.000115
-0.000154
-0.000399
-0.000559
-0.000635
-0.000654
-0.000635
-0.000574
-0.000464
-0.000295
-0.000081
0.000094
0.000132
0.000064
0.000055
0.000200
0.000389
0.000458
0.000402
0.000338
0.000303
0.000221
0.000070
-0.000109
-0.000308
-0.000453
-0.000415
-0.000242
-0.000125
-0.000126
-0.000140
-0.000062
0.000085
0.000164
0.000120
0.000073
0.000116
0.000205
0.000262
0.000250
0.000171
0.000082
0.000013
-0.000074
-0.000191
-0.000262
-0.000226
-0.000085
0.000106
0.000264
0.000351
0.000353
0.000234
0.000035
-0.000131
-0.000261
-0.000448
-0.000663
-0.000734
-0.000596
-0.000415
-0.000303
-0.000135
0.000189
0.000504
0.000617
0.000601
0.000642
0.000777
0.000890
0.000817
0.000488
0.000043
-0.000303
-0.000501
-0.000652
-0.000778
-0.000802
-0.000716
-0.000598
-0.000493
-0.000373
-0.000221
-0.000070
0.000082
0.000307
0.000577
0.000710
0.000637
0.000518
0.000455
0.000384
0.000260
0.000098
-0.000071
-0.000185
-0.000192
-0.000162
-0.000200
-0.000289
-0.000405
-0.000551
-0.000587
-0.000404
-0.000158
-0.000010
0.000101
0.000257
0.000380
0.000372
0.000287
0.000253
0.000306
0.000349
0.000290
0.000175
0.000086
0.000035
0.000015
-0.000025
-0.000170
-0.000355
-0.000360
-0.000148
-0.000019
-0.000168
-0.000368
-0.000359
-0.000204
-0.000096
-0.000071
-0.000069
-0.000058
-0.000049
-0.000069
-0.000071
0.000052
0.000271
0.000420
0.000400
0.000289
0.000257
0.000332
0.000348
0.000215
0.000062
0.000006
-0.000001
-0.000040
-0.000123
-0.000217
-0.000283
-0.000295
-0.000258
-0.000195
-0.000125
-0.000084
-0.000135
-0.000244
-0.000215
0.000032
0.000277
0.000363
0.000371
0.000333
0.000179
-0.000063
-0.000268
-0.000319
-0.000194
-0.000043
-0.000037
-0.000109
-0.000092
-0.000038
-0.000065
-0.000088
-0.000015
0.000053
0.000004
-0.000114
-0.000147
-0.000020
0.000175
0.000341
0.000469
0.000527
0.000490
0.000403
0.000284
0.000085
-0.000154
-0.000290
-0.000262
-0.000188
-0.000215
-0.000346
-0.000499
-0.000581
-0.000507
-0.000326
-0.000206
-0.000162
-0.000067
0.000131
0.000371
0.000567
0.000662
0.000675
0.000647
0.000538
0.000306
0.000016
-0.000220
-0.000322
-0.000273
-0.000203
-0.000279
-0.000426
-0.000429
-0.000295
-0.000221
-0.000254
-0.000276
-0.000234
-0.000168
-0.000086
0.000069
0.000296
0.000473
0.000507
0.000429
0.000308
0.000206
0.000164
0.000124
0.000017
-0.000099
-0.000139
-0.000132
-0.000128
-0.000077
0.000057
0.000159
0.000115
0.000011
-0.000027
-0.000039
-0.000058
-0.000016
0.000050
0.000037
-0.000037
-0.000152
-0.000334
-0.000476
-0.000469
-0.000439
-0.000455
-0.000307
0.000067
0.000364
0.000379
0.000272
0.000254
0.000343
0.000425
0.000408
0.000334
0.000306
0.000298
0.000208
0.000022
-0.000163
-0.000272
-0.000338
-0.000385
-0.000366
-0.000283
-0.000211
-0.000161
-0.000053
0.000138
0.000285
0.000236
0.000053
-0.000042
-0.000011
-0.000032
-0.000145
-0.000181
-0.000096
-0.000051
-0.000074
-0.000013
0.000122
0.000151
0.000050
-0.000042
-0.000091
-0.000161
-0.000197
-0.000040
0.000293
0.000558
0.000592
0.000460
0.000276
0.000077
-0.000110
-0.000243
-0.000339
-0.000397
-0.000376
-0.000324
-0.000274
-0.000152
0.000006
0.000068
0.000029
-0.000041
-0.000101
-0.000050
0.000187
0.000420
0.000419
0.000288
0.000247
0.000247
0.000121
-0.000107
-0.000276
-0.000309
-0.000271
-0.000218
-0.000128
-0.000005
0.000093
0.000113
0.000051
-0.000028
-0.000083
-0.000149
-0.000189
-0.000128
-0.000032
0.000008
0.000028
0.000057
0.000025
-0.000095
-0.000167
-0.000070
0.000087
0.000130
0.000109
0.000149
0.000219
0.000259
0.000279
0.000235
0.000073
-0.000108
-0.000169
-0.000108
0.000016
0.000147
0.000207
0.000157
0.000030
-0.000133
-0.000278
-0.000305
-0.000188
-0.000060
-0.000053
-0.000113
-0.000110
-0.000052
-0.000040
-0.000070
-0.000046
0.000039
0.000086
0.000064
0.000050
0.000052
0.000009
-0.000033
0.000010
0.000066
0.000025
-0.000051
-0.000012
0.000145
0.000277
0.000294
0.000210
0.000078
-0.000034
-0.000118
-0.000185
-0.000172
-0.000101
-0.000104
-0.000149
-0.000078
0.000052
0.000055
-0.000059
-0.000140
-0.000104
0.000013
0.000100
0.000064
-0.000069
-0.000185
-0.000232
-0.000278
-0.000316
-0.000228
-0.000015
0.000200
0.000380
0.000570
0.000727
0.000704
0.000463
0.000174
-0.000016
-0.000147
-0.000273
-0.000314
-0.000222
-0.000117
-0.000151
-0.000307
-0.000427
-0.000414
-0.000306
-0.000169
-0.000038
0.000079
0.000145
0.000109
0.000058
0.000181
0.000420
0.000467
0.000244
0.000033
0.000047
0.000127
0.000044
-0.000130
-0.000203
-0.000176
-0.000173
-0.000219
-0.000202
-0.000080
0.000031
0.000067
0.000122
0.000233
0.000273
0.000176
0.000040
-0.000050
-0.000111
-0.000168
-0.000175
-0.000106
-0.000044
-0.000088
-0.000183
-0.000184
-0.000081
-0.000004
0.000022
0.000084
0.000186
0.000264
0.000299
0.000264
0.000114
-0.000077
-0.000150
-0.000089
-0.000050
-0.000123
-0.000200
-0.000172
-0.000115
-0.000125
-0.000133
-0.000086
-0.000025
0.000056
0.000125
0.000085
-0.000019
-0.000039
0.000046
0.000136
0.000193
0.000252
0.000322
0.000371
0.000366
0.000278
0.000132
0.000018
0.000005
0.000052
0.000037
-0.000086
-0.000265
-0.000420
-0.000471
-0.000405
-0.000300
-0.000284
-0.000379
-0.000422
-0.000258
0.000045
0.000262
0.000267
0.000169
0.000142
0.000178
0.000118
-0.000066
-0.000186
-0.000146
-0.000036
0.000088
0.000209
0.000226
0.000119
0.000062
0.000178
0.000336
0.000351
0.000247
0.000185
0.000221
0.000259
0.000178
-0.000027
-0.000218
-0.000317
-0.000372
-0.000388
-0.000308
-0.000171
-0.000101
-0.000149
-0.000246
-0.000302
-0.000289
-0.000206
-0.000092
0.000011
0.000141
0.000284
0.000286
0.000139
0.000063
0.000182
0.000361
0.000383
0.000242
0.000146
0.000171
0.000147
-0.000013
-0.000192
-0.000266
-0.000268
-0.000312
-0.000373
-0.000325
-0.000170
-0.000032
0.000015
0.000010
0.000050
0.000158
0.000238
0.000222
0.000154
0.000105
0.000078
0.000051
0.000011
-0.000029
-0.000026
0.000035
0.000091
0.000084
0.000077
0.000130
0.000134
0.000006
-0.000135
-0.000181
-0.000198
-0.000230
-0.000166
-0.000013
-0.000012
-0.000203
-0.000292
-0.000166
-0.000055
-0.000076
-0.000089
-0.000008
0.000093
0.000141
0.000111
0.000007
-0.000055
0.000061
0.000296
0.000450
0.000451
0.000378
0.000290
0.000200
0.000084
-0.000082
-0.000258
-0.000342
-0.000247
-0.000007
0.000179
0.000150
-0.000021
-0.000155
-0.000203
-0.000232
-0.000275
-0.000260
-0.000167
-0.000090
-0.000067
-0.000061
-0.000084
-0.000134
-0.000163
-0.000142
-0.000083
-0.000026
0.000024
0.000114
0.000246
0.000348
0.000374
0.000369
0.000380
0.000355
0.000232
0.000062
-0.000040
-0.000022
0.000070
0.000109
-0.000019
-0.000271
-0.000485
-0.000544
-0.000434
-0.000225
-0.000025
0.000082
0.000062
-0.000070
-0.000214
-0.000201
-0.000017
0.000087
-0.000027
-0.000099
0.000092
0.000350
0.000430
0.000404
0.000421
0.000441
0.000354
0.000153
-0.000041
-0.000101
-0.000088
-0.000150
-0.000250
-0.000229
-0.000113
-0.000113
-0.000321
-0.000586
-0.000693
-0.000534
-0.000184
0.000129
0.000256
0.000297
0.000367
0.000356
0.000179
-0.000002
-0.000025
0.000072
0.000161
0.000185
0.000185
0.000192
0.000154
0.000056
0.000012
0.000108
0.000241
0.000212
0.000017
-0.000153
-0.000242
-0.000369
-0.000528
-0.000557
-0.000402
-0.000163
0.000058
0.000188
0.000165
0.000049
-0.000017
-0.000023
-0.000036
-0.000056
-0.000094
-0.000135
-0.000091
0.000073
0.000293
0.000445
0.000411
0.000183
-0.000071
-0.000153
-0.000046
0.000067
0.000120
0.000259
0.000470
0.000513
0.000339
0.000167
0.000100
0.000037
-0.000060
-0.000129
-0.000244
-0.000525
-0.000795
-0.000771
-0.000502
-0.000312
-0.000381
-0.000545
-0.000499
-0.000173
0.000195
0.000389
0.000463
0.000568
0.000668
0.000615
0.000437
0.000285
0.000205
0.000166
0.000131
0.000049
-0.000074
-0.000137
-0.000106
-0.000052
-0.000021
-0.000018
-0.000042
-0.000059
-0.000040
-0.000038
-0.000118
-0.000254
-0.000373
-0.000424
-0.000382
-0.000274
-0.000188
-0.000152
-0.000090
0.000005
0.000044
-0.000005
-0.000080
-0.000068
0.000090
0.000335
0.000558
0.000675
0.000642
0.000506
0.000378
0.000261
0.000081
-0.000137
-0.000265
-0.000267
-0.000240
-0.000258
-0.000308
-0.000347
-0.000333
-0.000248
-0.000133
-0.000070
-0.000080
-0.000115
-0.000122
-0.000090
-0.000045
0.000006
0.000115
0.000255
0.000284
0.000162
0.000063
0.000110
0.000179
0.000141
0.000077
0.000092
0.000161
0.000226
0.000235
0.000148
0.000027
-0.000019
0.000015
0.000017
-0.000068
-0.000148
-0.000184
-0.000286
-0.000478
-0.000606
-0.000531
-0.000318
-0.000179
-0.000159
-0.000082
0.000118
0.000311
0.000443
0.000525
0.000491
0.000339
0.000182
0.000071
-0.000009
-0.000060
-0.000055
0.000041
0.000197
0.000303
0.000293
0.000165
-0.000045
-0.000212
-0.000238
-0.000212
-0.000269
-0.000395
-0.000483
-0.000501
-0.000473
-0.000363
-0.000165
0.000024
0.000128
0.000158
0.000157
0.000200
0.000342
0.000505
0.000555
0.000504
0.000449
0.000375
0.000230
0.000074
-0.000027
-0.000134
-0.000309
-0.000485
-0.000540
-0.000461
-0.000346
-0.000276
-0.000241
-0.000156
0.000015
0.000186
0.000268
0.000292
0.000321
0.000317
0.000222
0.000089
-0.000023
-0.000148
-0.000294
-0.000351
-0.000239
-0.000074
-0.000030
-0.000066
-0.000021
0.000120
0.000240
0.000287
0.000306
0.000304
0.000215
0.000048
-0.000092
-0.000122
-0.000040
0.000053
0.000015
-0.000150
-0.000280
-0.000250
-0.000078
0.000072
0.000043
-0.000068
-0.000049
0.000046
-0.000004
-0.000201
-0.000320
-0.000238
-0.000069
0.000048
0.000122
0.000192
0.000227
0.000213
0.000195
0.000179
0.000109
-0.000029
-0.000136
-0.000098
0.000059
0.000162
0.000092
-0.000042
-0.000101
-0.000148
-0.000241
-0.000265
-0.000161
-0.000048
0.000001
0.000060
0.000161
0.000189
0.000104
0.000069
0.000156
0.000213
0.000159
0.000050
-0.000071
-0.000164
-0.000196
-0.000207
-0.000213
-0.000130
0.000083
0.000314
0.000400
0.000258
-0.000012
-0.000172
-0.000138
-0.000112
-0.000236
-0.000327
-0.000231
-0.000120
-0.000163
-0.000224
-0.000126
0.000039
0.000109
0.000154
0.000311
0.000509
0.000549
0.000359
0.000092
-0.000012
0.000092
0.000222
0.000241
0.000148
-0.000040
-0.000235
-0.000322
-0.000357
-0.000474
-0.000615
-0.000603
-0.000408
-0.000153
0.000058
0.000198
0.000258
0.000252
0.000234
0.000221
0.000187
0.000144
0.000139
0.000171
0.000152
-0.000015
-0.000262
-0.000368
-0.000264
-0.000126
-0.000041
0.000087
0.000244
0.000311
0.000308
0.000320
0.000330
0.000259
0.000100
-0.000061
-0.000174
-0.000289
-0.000397
-0.000360
-0.000158
-0.000005
-0.000072
-0.000227
-0.000175
0.000086
0.000213
0.000057
-0.000113
-0.000100
-0.000038
-0.000037
-0.000009
0.000068
0.000093
0.000076
0.000117
0.000188
0.000187
0.000108
0.000051
0.000080
0.000115
0.000064
0.000015
0.000064
0.000118
0.000061
-0.000064
-0.000167
-0.000214
-0.000213
-0.000222
-0.000293
-0.000351
-0.000293
-0.000178
-0.000128
-0.000109
-0.000017
0.000127
0.000210
0.000214
0.000235
0.000294
0.000305
0.000239
0.000180
0.000199
0.000226
0.000134
-0.000036
-0.000088
0.000036
0.000172
0.000144
-0.000029
-0.000184
-0.000221
-0.000185
-0.000144
-0.000114
-0.000125
-0.000185
-0.000239
-0.000273
-0.000322
-0.000336
-0.000245
-0.000089
0.000065
0.000191
0.000259
0.000288
0.000377
0.000507
0.000492
0.000288
0.000074
-0.000047
-0.000136
-0.000200
-0.000204
-0.000213
-0.000274
-0.000305
-0.000232
-0.000077
0.000096
0.000205
0.000218
0.000198
0.000175
0.000097
-0.000034
-0.000121
-0.000092
0.000024
0.000143
0.000175
0.000053
-0.000192
-0.000419
-0.000507
-0.000428
-0.000223
-0.000003
0.000165
0.000321
0.000450
0.000485
0.000431
0.000322
0.000151
-0.000043
-0.000163
-0.000183
-0.000158
-0.000094
0.000006
0.000038
-0.000088
-0.000312
-0.000478
-0.000472
-0.000308
-0.000063
0.000178
0.000311
0.000281
0.000204
0.000221
0.000259
0.000183
0.000061
0.000007
0.000007
0.000003
-0.000018
-0.000045
-0.000070
-0.000083
-0.000058
0.000012
0.000061
0.000022
-0.000057
-0.000079
-0.000058
-0.000065
-0.000101
-0.000129
-0.000116
-0.000013
0.000162
0.000235
0.000087
-0.000123
-0.000181
-0.000121
-0.000113
-0.000182
-0.000196
-0.000062
0.000124
0.000172
0.000077
0.000013
0.000060
0.000181
0.000329
0.000421
0.000392
0.000283
0.000150
0.000018
-0.000084
-0.000170
-0.000263
-0.000300
-0.000221
-0.000123
-0.000164
-0.000314
-0.000362
-0.000212
-0.000025
0.000014
-0.000033
0.000008
0.000098
0.000124
0.000151
0.000257
0.000350
0.000329
0.000201
0.000016
-0.000132
-0.000161
-0.000126
-0.000134
-0.000171
-0.000146
-0.000063
-0.000015
-0.000005
0.000060
0.000150
0.000151
0.000079
0.000024
0.000033
0.000131
0.000263
0.000300
0.000196
0.000032
-0.000118
-0.000275
-0.000440
-0.000510
-0.000421
-0.000260
-0.000142
-0.000078
-0.000009
0.000071
0.000107
0.000116
0.000151
0.000170
0.000141
0.000135
0.000158
0.000110
0.000005
-0.000031
0.000030
0.000106
0.000141
0.000120
0.000035
-0.000047
-0.000031
0.000043
0.000072
0.000070
0.000104
0.000148
0.000119
-0.000007
-0.000159
-0.000269
-0.000345
-0.000395
-0.000381
-0.000281
-0.000147
-0.000058
-0.000022
0.000005
0.000078
0.000194
0.000255
0.000247
0.000266
0.000317
0.000319
0.000286
0.000270
0.000211
0.000049
-0.000105
-0.000125
-0.000125
-0.000254
-0.000368
-0.000283
-0.000109
-0.000058
-0.000144
-0.000204
-0.000133
-0.000035
-0.000060
-0.000144
-0.000124
0.000002
0.000140
0.000280
0.000391
0.000353
0.000181
0.000048
-0.000010
-0.000103
-0.000225
-0.000252
-0.000167
-0.000085
-0.000068
-0.000063
-0.000026
0.000021
0.000059
0.000081
0.000039
-0.000050
-0.000052
0.000088
0.000244
0.000284
0.000241
0.000250
0.000331
0.000356
0.000221
-0.000043
-0.000320
-0.000488
-0.000516
-0.000426
-0.000244
-0.000084
-0.000068
-0.000106
-0.000021
0.000160
0.000288
0.000333
0.000330
0.000217
-0.000018
-0.000185
-0.000152
-0.000047
-0.000038
-0.000116
-0.000153
-0.000041
0.000144
0.000165
-0.000030
-0.000195
-0.000177
-0.000088
-0.000026
0.000011
-0.000022
-0.000155
-0.000249
-0.000165
0.000031
0.000165
0.000172
0.000153
0.000171
0.000133
-0.000009
-0.000119
-0.000055
0.000139
0.000281
0.000253
0.000140
0.000137
0.000252
0.000258
0.000089
-0.000071
-0.000111
-0.000093
-0.000086
-0.000098
-0.000129
-0.000207
-0.000296
-0.000282
-0.000160
-0.000055
-0.000047
-0.000087
-0.000105
-0.000074
0.000007
0.000101
0.000131
0.000078
-0.000008
-0.000088
-0.000162
-0.000192
-0.000082
0.000161
0.000340
0.000282
0.000102
0.000032
0.000078
0.000079
-0.000009
-0.000078
-0.000036
0.000066
0.000092
0.000029
0.000008
0.000075
0.000115
0.000061
-0.000000
-0.000014
-0.000060
-0.000162
-0.000231
-0.000224
-0.000186
-0.000160
-0.000151
-0.000134
-0.000082
-0.000006
0.000093
0.000232
0.000332
0.000288
0.000160
0.000101
0.000170
0.000263
0.000183
-0.000085
-0.000276
-0.000229
-0.000130
-0.000144
-0.000196
-0.000171
-0.000059
0.000066
0.000111
0.000084
0.000071
0.000095
0.000102
0.000062
-0.000013
-0.000087
-0.000113
-0.000070
-0.000005
0.000045
0.000103
0.000175
0.000173
0.000014
-0.000213
-0.000352
-0.000351
-0.000236
-0.000046
0.000153
0.000297
0.000391
0.000421
0.000286
-0.000032
-0.000316
-0.000327
-0.000145
-0.000055
-0.000149
-0.000243
-0.000183
-0.000051
0.000008
0.000014
0.000074
0.000154
0.000098
-0.000086
-0.000156
0.000027
0.000253
0.000264
0.000124
0.000088
0.000217
0.000319
0.000258
0.000113
-0.000000
-0.000090
-0.000213
-0.000319
-0.000297
-0.000170
-0.000097
-0.000127
-0.000106
0.000046
0.000200
0.000227
0.000149
0.000087
0.000101
0.000108
0.000024
-0.000087
-0.000125
-0.000146
-0.000252
-0.000351
-0.000286
-0.000145
-0.000122
-0.000170
-0.000109
0.000080
0.000254
0.000274
0.000129
-0.000053
-0.000087
0.000117
0.000434
0.000591
0.000440
0.000151
-0.000039
-0.000124
-0.000212
-0.000287
-0.000262
-0.000168
-0.000128
-0.000168
-0.000195
-0.000143
-0.000027
0.000125
0.000270
0.000302
0.000141
-0.000087
-0.000167
-0.000087
0.000017
0.000057
-0.000008
-0.000125
-0.000105
0.000095
0.000246
0.000168
-0.000028
-0.000131
-0.000109
-0.000110
-0.000173
-0.000143
0.000052
0.000243
0.000276
0.000208
0.000143
0.000078
0.000012
-0.000033
-0.000060
-0.000032
0.000081
0.000130
-0.000029
-0.000268
-0.000353
-0.000287
-0.000219
-0.000161
-0.000049
0.000045
0.000060
0.000097
0.000187
0.000196
0.000089
0.000022
0.000085
0.000142
0.000085
0.000038
0.000115
0.000208
0.000156
-0.000032
-0.000243
-0.000399
-0.000428
-0.000273
-0.000020
0.000184
0.000304
0.000351
0.000290
0.000144
0.000018
-0.000019
-0.000017
-0.000066
-0.000151
-0.000189
-0.000204
-0.000267
-0.000356
-0.000377
-0.000289
-0.000123
0.000066
0.000205
0.000250
0.000228
0.000191
0.000187
0.000245
0.000332
0.000377
0.000342
0.000217
0.000015
-0.000175
-0.000247
-0.000244
-0.000313
-0.000439
-0.000464
-0.000373
-0.000262
-0.000119
0.000066
0.000179
0.000178
0.000172
0.000213
0.000250
0.000285
0.000345
0.000406
0.000415
0.000314
0.000113
-0.000083
-0.000231
-0.000353
-0.000386
-0.000323
-0.000273
-0.000261
-0.000207
-0.000053
0.000209
0.000459
0.000463
0.000175
-0.000160
-0.000321
-0.000335
-0.000324
-0.000286
-0.000128
0.000093
0.000174
0.000100
0.000041
0.000035
-0.000015
-0.000088
-0.000083
-0.000017
0.000013
0.000010
0.000055
0.000167
0.000249
0.000207
0.000127
0.000157
0.000232
0.000182
0.000012
-0.000139
-0.000197
-0.000151
-0.000052
-0.000028
-0.000084
-0.000066
0.000034
0.000055
-0.000017
-0.000052
-0.000009
0.000065
0.000142
0.000167
0.000069
-0.000120
-0.000242
-0.000187
-0.000045
-0.000009
-0.000125
-0.000223
-0.000143
0.000026
0.000047
-0.000095
-0.000176
-0.000069
0.000127
0.000245
0.000255
0.000260
0.000285
0.000229
0.000060
-0.000113
-0.000157
-0.000068
0.000004
-0.000049
-0.000182
-0.000266
-0.000236
-0.000179
-0.000189
-0.000154
0.000050
0.000272
0.000311
0.000192
0.000046
0.000009
0.000149
0.000330
0.000356
0.000237
0.000124
0.000094
0.000081
-0.000020
-0.000195
-0.000321
-0.000374
-0.000443
-0.000495
-0.000409
-0.000226
-0.000102
-0.000055
0.000052
0.000252
0.000390
0.000353
0.000223
0.000157
0.000193
0.000218
0.000143
0.000013
