4640
0.000416
0.000314
0.000208
0.000157
0.000111
0.000028
-0.000046
-0.000088
-0.000155
-0.000269
-0.000371
-0.000412
-0.000406
-0.000392
-0.000388
-0.000374
-0.000334
-0.000310
-0.000323
-0.000300
-0.000178
-0.000051
-0.000047
-0.000109
-0.000116
-0.000088
-0.000055
0.000046
0.000181
0.000212
0.000165
0.000190
0.000294
0.000377
0.000424
0.000444
0.000377
0.000197
0.000010
-0.000056
-0.000009
0.000037
0.000010
-0.000058
-0.000111
-0.000116
-0.000076
-0.000028
-0.000002
-0.000005
-0.000016
-0.000000
0.000002
-0.000078
-0.000210
-0.000297
-0.000307
-0.000258
-0.000150
-0.000015
0.000079
0.000104
0.000096
0.000105
0.000142
0.000176
0.000179
0.000156
0.000099
-0.000003
-0.000085
-0.000080
-0.000007
0.000075
0.000122
0.000150
0.000175
0.000106
-0.000068
-0.000182
-0.000195
-0.000207
-0.000195
-0.000099
0.000019
0.000073
0.000058
0.000008
-0.000030
-0.000022
-0.000007
-0.000016
-0.000011
0.000035
0.000071
0.000063
0.000050
0.000031
-0.000010
-0.000013
0.000077
0.000202
0.000231
0.000121
-0.000002
-0.000053
-0.000106
-0.000195
-0.000236
-0.000182
-0.000142
-0.000237
-0.000368
-0.000358
-0.000249
-0.000193
-0.000202
-0.000165
-0.000020
0.000169
0.000286
0.000268
0.000168
0.000120
0.000197
0.000338
0.000418
0.000357
0.000228
0.000159
0.000108
-0.000022
-0.000120
-0.000021
0.000197
0.000340
0.000361
0.000328
0.000248
0.000113
-0.000010
-0.000079
-0.000121
-0.000155
-0.000168
-0.000165
-0.000190
-0.000288
-0.000436
-0.000529
-0.000489
-0.000377
-0.000293
-0.000235
-0.000160
-0.000098
-0.000085
-0.000102
-0.000123
-0.000110
-0.000016
0.000117
0.000210
0.000300
0.000439
0.000516
0.000413
0.000246
0.000193
0.000197
0.000168
0.000197
0.000285
0.000241
0.000053
-0.000082
-0.000118
-0.000175
-0.000248
-0.000254
-0.000220
-0.000201
-0.000185
-0.000180
-0.000194
-0.000139
0.000012
0.000119
0.000079
-0.000043
-0.000132
-0.000140
-0.000081
-0.000024
-0.000047
-0.000111
-0.000085
0.000045
0.000113
0.000022
-0.000066
-0.000018
0.000064
0.000076
0.000080
0.000109
0.000079
0.000028
0.000111
0.000266
0.000326
0.000348
0.000384
0.000298
0.000093
-0.000058
-0.000134
-0.000186
-0.000187
-0.000141
-0.000058
0.000018
-0.000042
-0.000194
-0.000242
-0.000187
-0.000136
-0.000081
-0.000040
-0.000064
-0.000107
-0.000107
-0.000040
0.000052
0.000029
-0.000090
-0.000042
0.000161
0.000169
-0.000014
-0.000068
0.000000
0.000022
-0.000006
-0.000075
-0.000167
-0.000201
-0.000192
-0.000196
-0.000153
-0.000061
-0.000038
-0.000020
0.000118
0.000281
0.000343
0.000282
0.000161
0.000132
0.000184
0.000180
0.000175
0.000268
0.000339
0.000291
0.000220
0.000179
0.000112
-0.000005
-0.000137
-0.000223
-0.000221
-0.000173
-0.000143
-0.000129
-0.000143
-0.000173
-0.000092
0.000019
-0.000076
-0.000235
-0.000266
-0.000289
-0.000316
-0.000340
-0.000399
-0.000318
-0.000127
-0.000056
-0.000023
0.000079
0.000147
0.000211
0.000339
0.000429
0.000432
0.000483
0.000628
0.000614
0.000393
0.000209
0.000080
0.000009
-0.000003
-0.000104
-0.000227
-0.000328
-0.000489
-0.000529
-0.000368
-0.000261
-0.000224
-0.000113
-0.000062
-0.000062
0.000001
0.000092
0.000262
0.000323
0.000069
-0.000055
0.000003
-0.000202
-0.000275
-0.000078
-0.000175
-0.000183
0.000133
0.000089
-0.000048
0.000072
-0.000116
-0.000284
0.000020
0.000147
0.000060
0.000138
0.000053
0.000040
0.000536
0.000670
0.000100
-0.000112
0.000165
0.000328
0.000395
0.000389
0.000271
0.000051
-0.000288
-0.000324
0.000014
-0.000075
-0.000532
-0.000486
-0.000274
-0.000399
-0.000331
-0.000210
-0.000388
-0.000265
0.000036
-0.000014
0.000001
0.000127
0.000013
-0.000004
0.000187
0.000144
-0.000084
-0.000272
-0.000521
-0.000639
-0.000441
-0.000252
-0.000090
0.000324
0.000741
0.000887
0.000946
0.000912
0.000632
0.000332
0.000293
0.000442
0.000498
0.000313
0.000144
0.000253
0.000341
0.000093
-0.000244
-0.000445
-0.000572
-0.000578
-0.000497
-0.000496
-0.000523
-0.000491
-0.000399
-0.000266
-0.000282
-0.000442
-0.000467
-0.000411
-0.000383
-0.000269
-0.000169
-0.000084
0.000253
0.000595
0.000525
0.000316
0.000274
0.000299
0.000359
0.000373
0.000267
0.000211
0.000176
0.000040
0.000021
0.000097
-0.000007
-0.000043
0.000147
0.000168
0.000052
0.000066
0.000064
0.000050
0.000117
0.000090
-0.000061
-0.000253
-0.000392
-0.000312
-0.000204
-0.000285
-0.000311
-0.000284
-0.000335
-0.000149
0.000166
0.000136
-0.000042
-0.000014
0.000051
-0.000018
-0.000077
0.000042
0.000220
0.000211
0.000127
0.000285
0.000440
0.000104
-0.000259
0.000016
0.000309
0.000023
-0.000209
-0.000127
-0.000182
-0.000130
0.000132
0.000031
-0.000176
0.000042
0.000408
0.000547
0.000326
-0.000039
-0.000063
0.000065
-0.000107
-0.000243
-0.000258
-0.000508
-0.000533
-0.000002
0.000245
-0.000192
-0.000310
0.000169
0.000180
-0.000215
-0.000005
0.000397
0.000023
-0.000561
-0.000391
0.000143
0.000337
0.000314
0.000386
0.000456
0.000337
0.000124
-0.000105
-0.000402
-0.000577
-0.000586
-0.000895
-0.001507
-0.001615
-0.000998
-0.000351
0.000009
0.000415
0.000977
0.001384
0.001491
0.001447
0.001250
0.000839
0.000568
0.000767
0.001024
0.000878
0.000673
0.000768
0.000794
0.000435
-0.000037
-0.000447
-0.000892
-0.001192
-0.001137
-0.000947
-0.000860
-0.000794
-0.000704
-0.000703
-0.000845
-0.001084
-0.001298
-0.001352
-0.001215
-0.000908
-0.000496
-0.000175
-0.000002
0.000256
0.000604
0.000742
0.000691
0.000755
0.000934
0.001051
0.001184
0.001387
0.001457
0.001321
0.001158
0.001031
0.000801
0.000416
0.000017
-0.000238
-0.000304
-0.000285
-0.000386
-0.000624
-0.000735
-0.000651
-0.000686
-0.000978
-0.001265
-0.001366
-0.001325
-0.001090
-0.000677
-0.000432
-0.000451
-0.000270
0.000274
0.000644
0.000545
0.000411
0.000621
0.000984
0.001192
0.001176
0.000931
0.000495
0.000152
0.000114
0.000072
-0.000208
-0.000324
-0.000076
0.000094
-0.000001
-0.000075
-0.000106
-0.000237
-0.000236
0.000010
0.000118
-0.000068
-0.000205
-0.000146
-0.000168
-0.000365
-0.000444
-0.000367
-0.000358
-0.000279
-0.000008
0.000042
-0.000285
-0.000458
-0.000163
0.000227
0.000292
0.000206
0.000471
0.000945
0.000948
0.000538
0.000348
0.000355
0.000221
0.000078
0.000076
0.000121
-0.000078
-0.001318
-0.003832
-0.005636
-0.004636
-0.002211
-0.001011
-0.000379
0.001586
0.003778
0.004399
0.004159
0.003839
0.002726
0.001234
0.001147
0.002402
0.002867
0.001898
0.001271
0.001658
0.001390
-0.000102
-0.001341
-0.002036
-0.003001
-0.003391
-0.002445
-0.001818
-0.002494
-0.002862
-0.002142
-0.001694
-0.002095
-0.002436
-0.002286
-0.001970
-0.001505
-0.000635
0.000356
0.000786
0.000786
0.001173
0.001861
0.002057
0.001916
0.002153
0.002614
0.002847
0.003023
0.003161
0.002764
0.001887
0.001297
0.001191
0.000845
-0.000029
-0.000692
-0.000732
-0.000850
-0.001472
-0.001979
-0.002139
-0.002494
-0.002861
-0.002612
-0.002223
-0.002370
-0.002388
-0.001700
-0.001134
-0.001073
-0.000614
0.000378
0.000987
0.001198
0.001724
0.002260
0.002050
0.001648
0.001991
0.002442
0.002026
0.001449
0.001577
0.001655
0.001028
0.000421
0.000219
-0.000195
-0.000868
-0.001206
-0.001378
-0.001822
-0.002077
-0.001754
-0.001457
-0.001567
-0.001527
-0.001097
-0.000811
-0.000753
-0.000389
0.000198
0.000409
0.000399
0.000724
0.001119
0.001110
0.001062
0.001329
0.001479
0.001244
0.001028
0.001013
0.000860
0.000531
0.000377
0.000368
0.000152
-0.000216
-0.000487
-0.000803
-0.001282
-0.001597
-0.001516
-0.001205
-0.000925
-0.001410
-0.004244
-0.009224
-0.011574
-0.007526
-0.001589
0.000471
0.001645
0.006248
0.010717
0.011313
0.010323
0.009128
0.006200
0.003351
0.004178
0.006842
0.006161
0.002373
0.000593
0.001278
-0.000443
-0.005105
-0.008258
-0.009210
-0.010152
-0.009718
-0.007007
-0.005669
-0.006922
-0.006885
-0.004436
-0.002965
-0.003538
-0.003639
-0.002027
0.000202
0.002355
0.004611
0.006307
0.006531
0.006308
0.007281
0.008551
0.008115
0.006545
0.005826
0.005891
0.005392
0.004237
0.002889
0.001035
-0.001218
-0.002793
-0.003574
-0.004795
-0.006696
-0.007884
-0.007620
-0.006869
-0.006590
-0.006493
-0.005962
-0.005012
-0.003964
-0.002965
-0.002103
-0.001222
0.000223
0.002162
0.003814
0.005186
0.006539
0.007195
0.007182
0.007491
0.007677
0.006756
0.005467
0.004636
0.003685
0.002173
0.000477
-0.001104
-0.002677
-0.004320
-0.005618
-0.006293
-0.006848
-0.007403
-0.007166
-0.006103
-0.005139
-0.004370
-0.003174
-0.001634
-0.000199
0.001140
0.002340
0.003050
0.003406
0.003984
0.004740
0.005053
0.004831
0.004580
0.004401
0.003901
0.003047
0.002140
0.001152
0.000041
-0.000812
-0.001232
-0.001696
-0.002504
-0.003219
-0.003483
-0.003584
-0.003742
-0.003745
-0.003537
-0.003217
-0.002611
-0.001722
-0.000985
-0.000466
0.000327
0.001392
0.001067
-0.003148
-0.009785
-0.011542
-0.004976
0.002546
0.004725
0.006393
0.012049
0.016723
0.016196
0.013257
0.009832
0.004997
0.001247
0.002266
0.005058
0.003238
-0.002212
-0.004600
-0.003909
-0.006420
-0.012085
-0.014980
-0.014556
-0.013890
-0.011775
-0.007382
-0.004776
-0.005126
-0.004008
-0.000288
0.001976
0.001501
0.001449
0.003468
0.006070
0.008196
0.010074
0.011136
0.010521
0.009262
0.008941
0.008651
0.006477
0.003204
0.001206
0.000653
-0.000072
-0.001480
-0.003072
-0.004865
-0.006764
-0.007953
-0.008356
-0.008991
-0.009880
-0.009498
-0.007267
-0.004713
-0.003168
-0.002113
-0.000732
0.000709
0.001912
0.003160
0.004201
0.004537
0.004987
0.006517
0.007911
0.007358
0.005522
0.004389
0.004125
0.003468
0.002180
0.000986
0.000176
-0.000279
-0.000364
-0.000618
-0.001869
-0.003804
-0.005030
-0.005086
-0.005099
-0.005793
-0.006319
-0.005806
-0.004530
-0.003117
-0.001956
-0.001193
-0.000484
0.000751
0.002461
0.003823
0.004384
0.004747
0.005492
0.006145
0.005947
0.004955
0.003746
0.002630
0.001632
0.000661
-0.000517
-0.001905
-0.003006
-0.003501
-0.003747
-0.004137
-0.004535
-0.004589
-0.004119
-0.003241
-0.002256
-0.001363
-0.000493
0.000578
0.001849
0.002808
0.002993
0.002680
0.002397
0.002207
0.001947
0.001619
0.001420
0.001551
0.001440
-0.000974
-0.007186
-0.013801
-0.014113
-0.007497
-0.001161
0.001430
0.004923
0.011299
0.015492
0.014524
0.011128
0.007455
0.003545
0.001469
0.003264
0.005412
0.002969
-0.001809
-0.003353
-0.003102
-0.006303
-0.011658
-0.014014
-0.013150
-0.011559
-0.009038
-0.005597
-0.003648
-0.003400
-0.001934
0.001158
0.002757
0.001945
0.001644
0.003632
0.006331
0.008172
0.009302
0.009758
0.009199
0.008161
0.007193
0.005607
0.002794
-0.000110
-0.001402
-0.001248
-0.001413
-0.002667
-0.004187
-0.005396
-0.006462
-0.007249
-0.007535
-0.007649
-0.007552
-0.006365
-0.003861
-0.001305
0.000115
0.000850
0.001972
0.003345
0.004144
0.004355
0.004349
0.004187
0.004300
0.005135
0.005819
0.005193
0.003777
0.002667
0.001504
-0.000465
-0.002867
-0.004941
-0.005790
-0.004537
-0.002302
-0.001423
-0.001806
-0.001656
-0.000801
-0.000263
-0.000597
-0.001534
-0.001719
-0.000260
0.001617
0.002351
0.001808
0.000685
-0.000005
0.000254
0.000600
0.000200
-0.000209
0.000364
0.001561
0.002353
0.002234
0.001394
0.000498
0.000127
0.000027
-0.000519
-0.001502
-0.002175
-0.002115
-0.001704
-0.001647
-0.002061
-0.002229
-0.001632
-0.000699
-0.000069
0.000234
0.000589
0.001278
0.002218
0.002947
0.003094
0.002860
0.002686
0.002618
0.002245
0.001220
-0.000257
-0.001468
-0.001984
-0.002308
-0.002895
-0.003358
-0.004409
-0.008377
-0.014336
-0.015987
-0.009781
-0.001340
0.003016
0.006005
0.012286
0.018267
0.018587
0.015311
0.012165
0.008385
0.004569
0.004471
0.006714
0.005000
-0.001025
-0.005096
-0.005662
-0.007887
-0.013224
-0.016801
-0.016392
-0.014789
-0.012854
-0.009169
-0.005516
-0.004333
-0.003371
-0.000011
0.003326
0.003780
0.003366
0.005205
0.008578
0.011060
0.012272
0.012851
0.012355
0.010471
0.008226
0.006236
0.003649
0.000238
-0.002355
-0.003035
-0.003226
-0.004640
-0.006712
-0.008128
-0.009037
-0.009818
-0.009851
-0.009020
-0.008089
-0.006811
-0.004178
-0.000774
0.001621
0.002752
0.003947
0.005561
0.006565
0.006595
0.006381
0.006225
0.005920
0.005792
0.005961
0.005406
0.003472
0.001087
-0.000806
-0.002433
-0.004189
-0.005967
-0.007275
-0.007347
-0.005951
-0.004048
-0.002709
-0.001721
-0.000342
0.001123
0.001830
0.001819
0.001684
0.001697
0.001977
0.002491
0.002727
0.002244
0.001318
0.000590
0.000188
-0.000394
-0.001210
-0.001464
-0.000788
0.000169
0.000750
0.000875
0.000605
0.000061
-0.000388
-0.000585
-0.000811
-0.001145
-0.001251
-0.000977
-0.000611
-0.000471
-0.000609
-0.000866
-0.001016
-0.000885
-0.000477
0.000031
0.000545
0.001214
0.002101
0.002813
0.002870
0.002397
0.001917
0.001601
0.001243
0.000561
-0.000622
-0.001906
-0.002562
-0.002771
-0.003509
-0.005346
-0.008718
-0.013342
-0.015497
-0.010578
-0.001010
0.005550
0.008180
0.012742
0.018978
0.020225
0.015802
0.011127
0.007826
0.004502
0.002867
0.004036
0.003717
-0.001369
-0.007030
-0.008574
-0.009190
-0.013508
-0.018246
-0.018071
-0.014691
-0.011879
-0.008723
-0.004416
-0.001601
-0.000595
0.001699
0.005262
0.006800
0.006248
0.006989
0.010027
0.012972
0.014078
0.013662
0.012196
0.009623
0.006348
0.003223
0.000349
-0.002825
-0.005786
-0.007087
-0.006958
-0.007460
-0.009185
-0.010509
-0.010570
-0.010095
-0.009362
-0.007929
-0.005891
-0.003575
-0.000696
0.002892
0.006145
0.007816
0.008255
0.008730
0.009178
0.008561
0.007042
0.005675
0.004661
0.003689
0.002850
0.001920
0.000111
-0.002567
-0.005114
-0.006957
-0.008245
-0.008934
-0.008681
-0.007394
-0.005187
-0.002214
0.000651
0.002099
0.002415
0.003114
0.004056
0.004017
0.003419
0.003364
0.003654
0.003656
0.003190
0.002202
0.000793
-0.000686
-0.001739
-0.002098
-0.002210
-0.002414
-0.002097
-0.001024
-0.000241
-0.000400
-0.000845
-0.001009
-0.001088
-0.001207
-0.001221
-0.001158
-0.001065
-0.000701
0.000058
0.000793
0.001025
0.000918
0.001084
0.001671
0.002111
0.002037
0.001856
0.001986
0.002171
0.001967
0.001347
0.000526
-0.000235
-0.000685
-0.000938
-0.001383
-0.002086
-0.002884
-0.003604
-0.003977
-0.004358
-0.006164
-0.010341
-0.014814
-0.014320
-0.006251
0.003826
0.009144
0.012003
0.017422
0.022065
0.020526
0.015034
0.010052
0.005811
0.002439
0.001941
0.002934
0.000657
-0.005388
-0.009940
-0.010760
-0.012282
-0.016899
-0.020111
-0.018474
-0.014503
-0.010602
-0.006037
-0.001424
0.001186
0.002800
0.005815
0.009051
0.009779
0.008936
0.009632
0.012160
0.014165
0.014184
0.012429
0.009523
0.006002
0.002363
-0.001005
-0.004105
-0.007201
-0.009656
-0.010153
-0.009178
-0.008930
-0.009886
-0.010346
-0.009521
-0.008179
-0.006642
-0.004546
-0.001952
0.000881
0.004129
0.007700
0.010401
0.011019
0.010099
0.009184
0.008448
0.006926
0.004718
0.002858
0.001615
0.000634
-0.000324
-0.001765
-0.004106
-0.006608
-0.008233
-0.009246
-0.010137
-0.009744
-0.006997
-0.003471
-0.001026
0.001008
0.003251
0.004462
0.004445
0.004648
0.005371
0.005730
0.005571
0.005387
0.005065
0.003741
0.001305
-0.000886
-0.002109
-0.003237
-0.004386
-0.004444
-0.003510
-0.002778
-0.002323
-0.001578
-0.000918
-0.000840
-0.000895
-0.000560
-0.000057
0.000225
0.000418
0.000808
0.001178
0.001171
0.001016
0.001080
0.001140
0.000928
0.000823
0.001147
0.001468
0.001405
0.001282
0.001328
0.001209
0.000694
-0.000040
-0.000820
-0.001594
-0.002209
-0.002459
-0.002384
-0.002205
-0.001901
-0.001398
-0.000992
-0.001044
-0.001779
-0.004306
-0.009852
-0.015056
-0.012519
-0.001993
0.006839
0.009827
0.013855
0.020718
0.022446
0.016844
0.010584
0.006381
0.001779
-0.001783
-0.000964
0.000896
-0.002385
-0.008751
-0.010977
-0.009932
-0.012580
-0.017934
-0.018771
-0.014872
-0.011153
-0.007394
-0.001444
0.003723
0.005365
0.006551
0.009680
0.011512
0.009766
0.007872
0.009023
0.011347
0.011882
0.010527
0.008330
0.005325
0.001380
-0.002546
-0.005490
-0.008080
-0.010898
-0.012255
-0.010719
-0.008277
-0.007388
-0.007236
-0.006071
-0.004354
-0.003150
-0.001996
-0.000067
0.002374
0.004897
0.007818
0.010828
0.012183
0.011032
0.008931
0.007219
0.005060
0.001840
-0.001144
-0.002836
-0.003728
-0.004326
-0.004616
-0.005079
-0.006218
-0.007478
-0.008046
-0.008167
-0.008422
-0.007794
-0.004326
0.001152
0.005035
0.006326
0.007443
0.008889
0.008807
0.007228
0.005735
0.004702
0.003824
0.003154
0.002455
0.000902
-0.001863
-0.004628
-0.005873
-0.006064
-0.006537
-0.006751
-0.005366
-0.002968
-0.001158
-0.000172
0.000537
0.000860
0.000765
0.000986
0.001718
0.002059
0.001704
0.001608
0.002182
0.002501
0.001944
0.001117
0.000620
0.000325
0.000218
0.000510
0.000790
0.000543
0.000187
0.000269
0.000345
-0.000277
-0.001344
-0.002052
-0.002243
-0.002382
-0.002515
-0.002369
-0.002101
-0.001758
-0.000944
0.000000
0.000158
-0.000249
-0.000712
-0.003116
-0.008962
-0.012586
-0.006246
0.005152
0.009620
0.009230
0.014172
0.020347
0.017555
0.009717
0.005367
0.002389
-0.002682
-0.005142
-0.002220
-0.000872
-0.006376
-0.011867
-0.010324
-0.008158
-0.012656
-0.017214
-0.014319
-0.009003
-0.006432
-0.002517
0.004228
0.008028
0.007844
0.009157
0.012247
0.011793
0.007992
0.006534
0.008431
0.009446
0.007905
0.005635
0.003391
0.000309
-0.003577
-0.006839
-0.008790
-0.010601
-0.012385
-0.011761
-0.008356
-0.005519
-0.004801
-0.003926
-0.001755
0.000093
0.000973
0.002167
0.004203
0.006196
0.007835
0.009769
0.011350
0.010553
0.007474
0.004638
0.002690
-0.000129
-0.003692
-0.005841
-0.006341
-0.006618
-0.006669
-0.006017
-0.005687
-0.006256
-0.006453
-0.005540
-0.004595
-0.004200
-0.002797
0.001039
0.005680
0.008479
0.009728
0.010710
0.010369
0.008181
0.005986
0.004278
0.001970
-0.000263
-0.001215
-0.001754
-0.003282
-0.005605
-0.007341
-0.007772
-0.007619
-0.007290
-0.005979
-0.003595
-0.001196
0.000924
0.003041
0.004435
0.004380
0.003665
0.003328
0.003010
0.002065
0.001079
0.000854
0.000996
0.000775
0.000291
-0.000143
-0.000676
-0.001249
-0.001317
-0.000756
-0.000150
0.000168
0.000560
0.001125
0.001188
0.000414
-0.000639
-0.001527
-0.002244
-0.002564
-0.002350
-0.001976
-0.001567
-0.000753
0.000335
0.000949
0.000766
0.000292
0.000235
-0.000133
-0.003691
-0.010123
-0.011208
-0.002195
0.006953
0.007752
0.008324
0.014739
0.017532
0.011421
0.004808
0.002263
-0.000827
-0.004979
-0.004792
-0.000897
-0.001415
-0.007646
-0.010213
-0.006531
-0.006418
-0.012400
-0.014278
-0.009060
-0.004723
-0.002716
0.002454
0.008737
0.009903
0.008380
0.009736
0.011120
0.007840
0.003596
0.003553
0.005357
0.004731
0.002335
0.000416
-0.001358
-0.004181
-0.007381
-0.009176
-0.009666
-0.010391
-0.010403
-0.007404
-0.002859
-0.000187
0.000926
0.002793
0.004930
0.005587
0.005258
0.005505
0.006346
0.006788
0.006858
0.007189
0.006859
0.004328
0.000612
-0.001947
-0.003703
-0.006339
-0.008836
-0.009211
-0.008148
-0.007122
-0.005801
-0.004021
-0.002955
-0.002676
-0.001785
-0.000114
0.001053
0.001830
0.004120
0.008114
0.011074
0.011112
0.009455
0.007677
0.005569
0.002675
-0.000413
-0.002856
-0.004381
-0.005036
-0.005015
-0.005080
-0.005985
-0.007012
-0.006737
-0.005311
-0.003991
-0.002910
-0.001204
0.001205
0.003356
0.004497
0.004733
0.004441
0.003793
0.003017
0.002367
0.001704
0.000873
0.000335
0.000499
0.000719
0.000082
-0.001111
-0.001827
-0.001812
-0.001510
-0.001129
-0.000680
-0.000265
0.000122
0.000475
0.000504
-0.000044
-0.001013
-0.001922
-0.002282
-0.002024
-0.001538
-0.000994
-0.000129
0.001025
0.001914
0.002068
0.001496
0.000685
0.000230
-0.000639
-0.004438
-0.010223
-0.010344
-0.001687
0.006069
0.006614
0.007918
0.013715
0.014859
0.008493
0.003052
0.001454
-0.001102
-0.004577
-0.003929
-0.000315
-0.001165
-0.006701
-0.008262
-0.004829
-0.005560
-0.011262
-0.012218
-0.006821
-0.002852
-0.001241
0.003208
0.008531
0.009141
0.007470
0.008397
0.008893
0.005075
0.001156
0.001597
0.003298
0.002328
0.000078
-0.001090
-0.001983
-0.004163
-0.006816
-0.008087
-0.008244
-0.008485
-0.007556
-0.003863
0.000539
0.002783
0.003652
0.005120
0.006459
0.006128
0.004853
0.004351
0.004698
0.004785
0.004456
0.004249
0.003458
0.000977
-0.002214
-0.004274
-0.005614
-0.007633
-0.009360
-0.008908
-0.006915
-0.005172
-0.003599
-0.001515
0.000336
0.001327
0.002117
0.002800
0.002566
0.002451
0.004842
0.008691
0.010052
0.008540
0.007057
0.005572
0.002140
-0.002063
-0.004615
-0.005616
-0.006045
-0.005594
-0.004246
-0.003596
-0.004532
-0.005248
-0.004092
-0.002504
-0.002080
-0.001337
0.001305
0.004259
0.005461
0.005407
0.005137
0.004198
0.002473
0.001101
0.000327
-0.000733
-0.001761
-0.001487
-0.000367
-0.000310
-0.001564
-0.002401
-0.002085
-0.001640
-0.001514
-0.001068
-0.000251
0.000454
0.001138
0.001801
0.001642
0.000378
-0.000783
-0.000736
-0.000135
-0.000149
-0.000484
-0.000115
0.000915
0.001709
0.001816
0.001452
0.000853
0.000044
-0.000700
-0.001450
-0.004247
-0.009906
-0.012383
-0.005954
0.002862
0.005296
0.005910
0.010935
0.014142
0.009978
0.004290
0.002241
0.000851
-0.002077
-0.002971
-0.000209
0.000739
-0.003408
-0.006425
-0.004152
-0.003343
-0.008182
-0.011200
-0.007436
-0.002926
-0.001721
0.000609
0.005500
0.007762
0.006452
0.006158
0.006785
0.004370
0.000415
-0.000423
0.001163
0.001228
-0.000555
-0.001697
-0.001717
-0.002495
-0.004636
-0.006265
-0.006310
-0.005861
-0.004964
-0.002218
0.001632
0.004170
0.005203
0.006246
0.007157
0.006554
0.004582
0.002907
0.002380
0.002231
0.001672
0.000989
0.000303
-0.001153
-0.003350
-0.005029
-0.006018
-0.007420
-0.008772
-0.008185
-0.005701
-0.003242
-0.001446
0.000484
0.002483
0.003685
0.004025
0.003878
0.003332
0.003541
0.005855
0.008335
0.008056
0.006138
0.004710
0.002650
-0.000866
-0.004015
-0.005572
-0.006044
-0.005983
-0.005320
-0.004034
-0.003114
-0.003289
-0.003169
-0.001744
-0.000575
-0.000379
0.000620
0.002817
0.004202
0.004049
0.003741
0.003814
0.003234
0.001658
0.000067
-0.000926
-0.001614
-0.002071
-0.001981
-0.001592
-0.001534
-0.001602
-0.001048
-0.000197
-0.000111
-0.000545
-0.000270
0.000671
0.001231
0.001279
0.001286
0.001130
0.000602
0.000086
-0.000058
-0.000112
-0.000432
-0.000640
-0.000198
0.000456
0.000493
0.000167
0.000222
0.000272
-0.000419
-0.001276
-0.002151
-0.005364
-0.010752
-0.011424
-0.003908
0.003608
0.005244
0.007431
0.013302
0.015019
0.009727
0.004480
0.002722
0.000791
-0.002510
-0.003214
-0.000657
-0.000605
-0.004641
-0.006014
-0.003136
-0.003706
-0.009121
-0.010941
-0.006763
-0.003306
-0.002425
0.000692
0.005815
0.007873
0.007128
0.007241
0.006808
0.003163
-0.000622
-0.000836
0.000504
-0.000056
-0.001795
-0.002092
-0.001169
-0.001550
-0.003563
-0.004865
-0.004675
-0.004213
-0.003187
-0.000526
0.002562
0.004228
0.004930
0.005872
0.006338
0.004973
0.002455
0.000799
0.000544
0.000403
-0.000323
-0.000877
-0.001067
-0.001873
-0.003302
-0.004225
-0.004781
-0.005857
-0.006468
-0.005140
-0.002820
-0.001181
0.000155
0.002156
0.004110
0.004767
0.004221
0.003585
0.003718
0.004436
0.004821
0.004575
0.004050
0.002895
0.000696
-0.001628
-0.003146
-0.004196
-0.005056
-0.005248
-0.004615
-0.003696
-0.003022
-0.002470
-0.001482
-0.000121
0.000863
0.001437
0.002288
0.003197
0.003396
0.003148
0.003036
0.002727
0.001818
0.000645
-0.000387
-0.001291
-0.002093
-0.002519
-0.002425
-0.002168
-0.001996
-0.001573
-0.000711
0.000163
0.000631
0.000700
0.000627
0.000699
0.000945
0.001090
0.001014
0.000892
0.000847
0.000838
0.000701
0.000240
-0.000401
-0.000808
-0.000862
-0.000697
-0.000387
-0.000049
0.000152
0.000218
0.000081
-0.000481
-0.001571
-0.004000
-0.008547
-0.011532
-0.007401
0.000726
0.004776
0.006279
0.011147
0.015291
0.012337
0.006094
0.002883
0.001760
-0.000633
-0.002891
-0.002018
-0.000562
-0.002761
-0.005495
-0.004137
-0.002923
-0.006707
-0.010284
-0.007909
-0.003633
-0.002420
-0.001245
0.002984
0.006551
0.006584
0.005942
0.005930
0.003962
0.000535
-0.000724
0.000192
0.000161
-0.001329
-0.001923
-0.000835
-0.000342
-0.001955
-0.003788
-0.003986
-0.003403
-0.002720
-0.001118
0.001156
0.002782
0.003712
0.004747
0.005463
0.004669
0.002597
0.000973
0.000667
0.000693
0.000047
-0.000799
-0.001085
-0.001302
-0.002123
-0.003014
-0.003565
-0.004356
-0.005075
-0.004453
-0.002778
-0.001476
-0.000500
0.001066
0.002755
0.003434
0.003273
0.003097
0.002711
0.001579
0.000556
0.001112
0.002608
0.002789
0.001631
0.001140
0.001125
-0.000223
-0.002332
-0.003240
-0.002767
-0.001983
-0.001426
-0.000979
-0.000605
-0.000510
-0.000438
-0.000005
0.000250
-0.000142
-0.000302
0.000580
0.001661
0.001704
0.000972
0.000545
0.000488
0.000098
-0.000697
-0.001410
-0.001719
-0.001521
-0.000936
-0.000340
-0.000080
-0.000104
0.000048
0.000541
0.000817
0.000525
0.000233
0.000514
0.001087
0.001367
0.001209
0.000847
0.000506
0.000214
-0.000112
-0.000476
-0.000799
-0.000926
-0.000682
-0.000190
0.000059
-0.000161
-0.000448
-0.000424
-0.000357
-0.000712
-0.001412
-0.002390
-0.004773
-0.008569
-0.009396
-0.004119
0.002279
0.004958
0.007635
0.012617
0.014169
0.009765
0.004856
0.002979
0.001740
-0.000682
-0.002014
-0.001017
-0.001197
-0.004264
-0.006007
-0.004952
-0.005797
-0.009226
-0.009586
-0.005538
-0.002120
-0.001110
0.000972
0.004719
0.006512
0.005648
0.004804
0.004240
0.002495
0.000653
0.000535
0.001196
0.000684
-0.000674
-0.001101
-0.000730
-0.001553
-0.003582
-0.004527
-0.003852
-0.003065
-0.002301
-0.000620
0.001462
0.002824
0.003655
0.004449
0.004575
0.003445
0.001966
0.001346
0.001288
0.000781
-0.000023
-0.000300
-0.000308
-0.000932
-0.001996
-0.002786
-0.003470
-0.004263
-0.004392
-0.003461
-0.002305
-0.001468
-0.000457
0.000910
0.001904
0.002118
0.002049
0.001990
0.001586
0.000826
0.000439
0.000959
0.001809
0.002112
0.002245
0.002776
0.002709
0.001372
-0.000076
-0.000939
-0.001683
-0.002209
-0.002127
-0.001630
-0.001141
-0.001034
-0.001182
-0.001105
-0.001014
-0.001216
-0.001112
-0.000376
0.000378
0.000832
0.001251
0.001533
0.001261
0.000549
-0.000063
-0.000376
-0.000543
-0.000561
-0.000347
-0.000071
0.000074
0.000144
0.000162
-0.000020
-0.000325
-0.000343
0.000107
0.000644
0.000862
0.000801
0.000661
0.000516
0.000329
0.000085
-0.000101
-0.000169
-0.000165
-0.000029
0.000154
-0.000004
-0.000453
-0.000604
-0.000369
-0.000227
-0.000278
-0.000223
-0.000053
-0.000347
-0.002319
-0.006467
-0.009666
-0.007445
-0.001526
0.002315
0.004497
0.008808
0.012407
0.010812
0.006555
0.003939
0.002647
0.000796
-0.001026
-0.001173
-0.000835
-0.002551
-0.004717
-0.004434
-0.004138
-0.006686
-0.008540
-0.006128
-0.002452
-0.000996
0.000058
0.002835
0.005314
0.005508
0.004625
0.003789
0.002393
0.000666
0.000062
0.000603
0.000471
-0.001062
-0.002292
-0.002078
-0.002000
-0.003230
-0.004156
-0.003519
-0.002352
-0.001325
0.000174
0.002004
0.003232
0.003780
0.004227
0.004362
0.003472
0.002002
0.001256
0.001373
0.001285
0.000615
0.000036
-0.000220
-0.000793
-0.001897
-0.002900
-0.003519
-0.003961
-0.003931
-0.003158
-0.002241
-0.001564
-0.000773
0.000077
0.000651
0.001102
0.001351
0.001096
0.000654
0.000327
0.000175
0.000612
0.001536
0.002327
0.003178
0.003992
0.003622
0.002025
0.000366
-0.000828
-0.001486
-0.001667
-0.001693
-0.001458
-0.000909
-0.000634
-0.000810
-0.001146
-0.001583
-0.001752
-0.001127
-0.000074
0.000609
0.000840
0.001071
0.001332
0.001174
0.000514
-0.000189
-0.000642
-0.000911
-0.001004
-0.000883
-0.000771
-0.000842
-0.000778
-0.000369
-0.000083
-0.000181
-0.000137
0.000336
0.000796
0.000996
0.001262
0.001712
0.001915
0.001608
0.001184
0.000970
0.000663
0.000102
-0.000287
-0.000332
-0.000411
-0.000639
-0.000697
-0.000534
-0.000500
-0.000760
-0.001059
-0.001159
-0.001207
-0.001435
-0.001677
-0.002138
-0.004229
-0.007826
-0.008877
-0.004885
0.000322
0.003464
0.006994
0.011695
0.013290
0.010370
0.006741
0.004851
0.003344
0.000969
-0.000984
-0.001526
-0.002471
-0.004693
-0.005790
-0.005292
-0.006087
-0.008048
-0.007553
-0.004272
-0.001603
-0.000572
0.001001
0.003638
0.005356
0.005334
0.004547
0.003419
0.001797
0.000366
-0.000092
-0.000231
-0.001232
-0.002596
-0.002755
-0.001964
-0.001989
-0.002837
-0.002913
-0.001927
-0.000761
0.000373
0.001626
0.002702
0.003385
0.003900
0.004203
0.003732
0.002490
0.001461
0.001165
0.000867
-0.000023
-0.000971
-0.001383
-0.001519
-0.001841
-0.002314
-0.002706
-0.002911
-0.002748
-0.002182
-0.001675
-0.001526
-0.001419
-0.001066
-0.000473
0.000137
0.000465
0.000865
0.001893
0.002952
0.003233
0.003030
0.002814
0.002558
0.002058
0.001124
0.000104
-0.000506
-0.000965
-0.001473
-0.001725
-0.001795
-0.001864
-0.001694
-0.001224
-0.000760
-0.000462
-0.000074
0.000651
0.001294
0.001266
0.000796
0.000517
0.000467
0.000202
-0.000362
-0.000804
-0.000922
-0.000888
-0.000806
-0.000772
-0.000902
-0.001006
-0.000809
-0.000363
0.000097
0.000418
0.000664
0.001045
0.001491
0.001633
0.001390
0.001043
0.000738
0.000399
0.000029
-0.000243
-0.000300
-0.000075
0.000389
0.000790
0.000746
0.000258
-0.000289
-0.000582
-0.000631
-0.000719
-0.001031
-0.001297
-0.001251
-0.001209
-0.001867
-0.003705
-0.005931
-0.006506
-0.004894
-0.002691
0.000002
0.004353
0.008746
0.010514
0.010031
0.008841
0.006904
0.003947
0.000907
-0.001025
-0.002061
-0.003342
-0.004587
-0.004689
-0.004492
-0.005348
-0.006111
-0.005124
-0.003251
-0.002021
-0.000844
0.001373
0.003785
0.005076
0.005389
0.005141
0.004098
0.002406
0.000763
-0.000502
-0.001609
-0.002667
-0.003239
-0.003158
-0.003186
-0.003640
-0.003698
-0.003059
-0.002295
-0.001460
-0.000212
0.001266
0.002492
0.003363
0.004128
0.004672
0.004525
0.003868
0.003251
0.002490
0.001301
0.000150
-0.000567
-0.001058
-0.001537
-0.001929
-0.002206
-0.002664
-0.003349
-0.003319
-0.002022
-0.000731
-0.000476
-0.000331
0.000332
0.000551
-0.000155
-0.000991
-0.001224
-0.000833
-0.000222
0.000354
0.000932
0.001297
0.001268
0.001298
0.001607
0.001634
0.001222
0.001076
0.001481
0.001748
0.001366
0.000730
0.000281
-0.000227
-0.001071
-0.001864
-0.002081
-0.001771
-0.001276
-0.000737
-0.000298
-0.000191
-0.000272
-0.000182
-0.000017
-0.000063
-0.000146
0.000050
0.000382
0.000444
0.000163
-0.000146
-0.000284
-0.000365
-0.000483
-0.000608
-0.000658
-0.000412
0.000252
0.000951
0.001178
0.001051
0.001127
0.001456
0.001455
0.000892
0.000301
0.000166
0.000249
0.000048
-0.000430
-0.000794
-0.000896
-0.000922
-0.001050
-0.001231
-0.001270
-0.001186
-0.001131
-0.000934
-0.000533
-0.000271
-0.000197
-0.000368
-0.001273
-0.002331
-0.002108
-0.000867
0.000213
0.001374
0.002916
0.003936
0.004009
0.003619
0.003108
0.002616
0.002102
0.001445
0.000852
0.000305
-0.000511
-0.001297
-0.001726
-0.002299
-0.003200
-0.003604
-0.003037
-0.002029
-0.001131
-0.000324
0.000518
0.001272
0.001670
0.001517
0.000991
0.000533
0.000310
0.000196
0.000042
-0.000346
-0.000996
-0.001549
-0.001762
-0.001827
-0.001903
-0.001824
-0.001391
-0.000672
0.000109
0.000897
0.001710
0.002387
0.002746
0.002689
0.002223
0.001787
0.001800
0.001806
0.001250
0.000599
0.000392
0.000183
-0.000549
-0.001426
-0.001738
-0.001453
-0.001257
-0.001502
-0.001751
-0.001809
-0.002026
-0.002202
-0.001767
-0.000963
-0.000281
0.000466
0.001351
0.001798
0.001517
0.000992
0.000791
0.000844
0.000675
0.000297
0.000152
0.000226
0.000221
0.000204
0.000233
0.000110
-0.000108
-0.000123
0.000023
0.000011
-0.000160
-0.000131
0.000135
0.000226
0.000017
-0.000129
-0.000072
-0.000061
-0.000120
0.000006
0.000250
0.000274
0.000081
-0.000079
-0.000210
-0.000416
-0.000478
-0.000204
0.000080
0.000006
-0.000240
-0.000317
-0.000333
-0.000560
-0.000860
-0.000828
-0.000419
0.000036
0.000376
0.000697
0.000956
0.001036
0.001031
0.001009
0.000803
0.000455
0.000373
0.000568
0.000460
-0.000161
-0.000782
-0.001056
-0.001196
-0.001389
-0.001498
-0.001396
-0.001078
-0.000542
0.000081
0.000348
-0.000080
-0.000783
-0.000992
-0.000723
-0.000547
-0.000340
0.000462
0.001617
0.002325
0.002382
0.002240
0.002185
0.001997
0.001515
0.001028
0.000695
0.000272
-0.000248
-0.000600
-0.000886
-0.001376
-0.001822
-0.001694
-0.001147
-0.000878
-0.000859
-0.000511
0.000025
0.000213
0.000073
-0.000098
-0.000115
0.000047
0.000186
0.000075
-0.000299
-0.000753
-0.001017
-0.001052
-0.001111
-0.001183
-0.000843
0.000009
0.000836
0.001275
0.001549
0.001728
0.001535
0.001117
0.000950
0.001034
0.001051
0.000959
0.000834
0.000584
0.000116
-0.000473
-0.000924
-0.001145
-0.001385
-0.001724
-0.001769
-0.001280
-0.000578
-0.000041
0.000318
0.000572
0.000620
0.000413
0.000123
-0.000119
-0.000357
-0.000500
-0.000294
0.000165
0.000362
0.000100
-0.000250
-0.000433
-0.000534
-0.000548
-0.000312
0.000195
0.000724
0.000995
0.001062
0.001072
0.000898
0.000509
0.000167
-0.000046
-0.000269
-0.000476
-0.000533
-0.000398
-0.000151
0.000062
0.000168
0.000233
0.000343
0.000456
0.000417
0.000200
0.000008
-0.000029
-0.000081
-0.000305
-0.000600
-0.000823
-0.000985
-0.001145
-0.001243
-0.001150
-0.000819
-0.000288
0.000363
0.000947
0.001284
0.001402
0.001389
0.001203
0.000859
0.000568
0.000421
0.000219
-0.000175
-0.000576
-0.000763
-0.000729
-0.000574
-0.000445
-0.000471
-0.000539
-0.000435
-0.000270
-0.000249
-0.000197
0.000075
0.000336
0.000340
0.000221
0.000061
-0.000356
-0.000944
-0.001148
-0.000864
-0.000517
-0.000075
0.000747
0.001594
0.001869
0.001506
0.000977
0.000779
0.000733
0.000398
0.000025
-0.000100
-0.000256
-0.000475
-0.000534
-0.000569
-0.000746
-0.000916
-0.000792
-0.000301
0.000160
0.000260
0.000265
0.000399
0.000413
0.000185
0.000011
0.000127
0.000318
0.000226
-0.000109
-0.000393
-0.000554
-0.000640
-0.000636
-0.000563
-0.000440
-0.000308
-0.000252
-0.000200
-0.000085
-0.000036
-0.000007
0.000249
0.000667
0.000936
0.001028
0.001137
0.001191
0.000900
0.000316
-0.000197
-0.000520
-0.000746
-0.000823
-0.000674
-0.000412
-0.000132
0.000179
0.000420
0.000399
0.000148
-0.000106
-0.000280
-0.000487
-0.000684
-0.000633
-0.000375
-0.000303
-0.000546
-0.000758
-0.000709
-0.000546
-0.000401
-0.000190
0.000161
0.000610
0.001070
0.001410
0.001493
0.001309
0.000999
0.000736
0.000546
0.000245
-0.000272
-0.000756
-0.000937
-0.000921
-0.000900
-0.000786
-0.000471
-0.000096
0.000224
0.000529
0.000763
0.000767
0.000518
0.000193
-0.000063
-0.000366
-0.000783
-0.000993
-0.000747
-0.000387
-0.000322
-0.000386
-0.000198
0.000187
0.000403
0.000403
0.000482
0.000688
0.000794
0.000755
0.000651
0.000476
0.000220
-0.000096
-0.000408
-0.000633
-0.000828
-0.000992
-0.000941
-0.000717
-0.000557
-0.000398
-0.000053
0.000392
0.000737
0.000905
0.000922
0.000845
0.000693
0.000447
0.000136
-0.000182
-0.000453
-0.000672
-0.000861
-0.000965
-0.000882
-0.000591
-0.000134
0.000357
0.000681
0.000757
0.000676
0.000577
0.000521
0.000463
0.000355
0.000191
-0.000043
-0.000325
-0.000549
-0.000601
-0.000463
-0.000237
-0.000037
0.000138
0.000329
0.000455
0.000395
0.000181
-0.000027
-0.000147
-0.000185
-0.000146
-0.000108
-0.000132
-0.000172
-0.000240
-0.000372
-0.000476
-0.000472
-0.000383
-0.000269
-0.000166
0.000000
0.000332
0.000721
0.000950
0.000994
0.000922
0.000714
0.000429
0.000162
-0.000142
-0.000475
-0.000634
-0.000517
-0.000281
-0.000144
-0.000154
-0.000196
-0.000231
-0.000333
-0.000433
-0.000430
-0.000405
-0.000368
-0.000178
0.000086
0.000132
-0.000116
-0.000408
-0.000482
-0.000307
-0.000001
0.000326
0.000533
0.000533
0.000510
0.000669
0.000837
0.000751
0.000510
0.000378
0.000403
0.000379
0.000132
-0.000208
-0.000415
-0.000541
-0.000735
-0.000895
-0.000843
-0.000611
-0.000326
-0.000009
0.000271
0.000314
0.000126
0.000024
0.000152
0.000277
0.000235
0.000185
0.000237
0.000222
-0.000021
-0.000319
-0.000339
-0.000092
0.000038
-0.000064
-0.000106
-0.000009
-0.000004
-0.000097
-0.000055
0.000156
0.000365
0.000458
0.000420
0.000229
-0.000114
-0.000427
-0.000512
-0.000431
-0.000309
-0.000101
0.000190
0.000408
0.000439
0.000310
0.000105
-0.000111
-0.000222
-0.000109
0.000095
0.000106
-0.000026
-0.000067
-0.000098
-0.000220
-0.000200
0.000034
0.000137
-0.000076
-0.000301
-0.000256
-0.000133
-0.000154
-0.000141
0.000042
0.000270
0.000441
0.000493
0.000391
0.000215
0.000047
-0.000035
0.000061
0.000195
0.000127
-0.000032
-0.000049
-0.000078
-0.000315
-0.000575
-0.000689
-0.000735
-0.000681
-0.000412
-0.000035
0.000301
0.000599
0.000842
0.000926
0.000769
0.000425
0.000152
0.000096
0.000047
-0.000089
-0.000029
0.000279
0.000416
0.000173
-0.000130
-0.000268
-0.000396
-0.000558
-0.000555
-0.000430
-0.000377
-0.000285
-0.000080
-0.000052
-0.000246
-0.000321
-0.000218
-0.000176
-0.000231
-0.000194
0.000028
0.000274
0.000347
0.000296
0.000227
0.000093
-0.000041
0.000054
0.000326
0.000429
0.000307
0.000281
0.000476
0.000591
0.000419
0.000160
-0.000000
-0.000203
-0.000513
-0.000669
-0.000499
-0.000236
-0.000139
-0.000124
-0.000089
-0.000216
-0.000528
-0.000606
-0.000208
0.000260
0.000373
0.000298
0.000372
0.000519
0.000484
0.000299
0.000144
0.000016
-0.000151
-0.000274
-0.000323
-0.000449
-0.000614
-0.000511
-0.000084
0.000338
0.000472
0.000403
0.000389
0.000408
0.000225
-0.000097
-0.000302
-0.000378
-0.000350
-0.000096
0.000347
0.000714
0.000772
0.000529
0.000217
-0.000076
-0.000446
-0.000731
-0.000621
-0.000191
0.000203
0.000328
0.000156
-0.000224
-0.000617
-0.000754
-0.000535
-0.000231
-0.000141
-0.000195
-0.000158
0.000000
0.000146
0.000211
0.000266
0.000373
0.000443
0.000419
0.000386
0.000388
0.000423
0.000496
0.000516
0.000364
0.000051
-0.000313
-0.000597
-0.000654
-0.000444
-0.000112
0.000183
0.000400
0.000465
0.000232
-0.000244
-0.000674
-0.000878
-0.000891
-0.000739
-0.000407
-0.000009
0.000238
0.000232
0.000111
0.000119
0.000281
0.000371
0.000303
0.000270
0.000366
0.000456
0.000470
0.000491
0.000498
0.000344
0.000015
-0.000305
-0.000443
-0.000389
-0.000222
-0.000005
0.000180
0.000217
0.000076
-0.000162
-0.000372
-0.000492
-0.000573
-0.000584
-0.000374
-0.000031
0.000132
0.000071
-0.000011
-0.000082
-0.000165
-0.000147
-0.000040
0.000032
0.000153
0.000436
0.000649
0.000507
0.000211
0.000170
0.000317
0.000271
0.000042
-0.000037
0.000042
-0.000014
-0.000253
-0.000451
-0.000514
-0.000519
-0.000450
-0.000229
0.000054
0.000217
0.000251
0.000225
0.000120
-0.000029
-0.000083
-0.000037
0.000001
0.000044
0.000120
0.000123
0.000019
-0.000082
-0.000099
-0.000054
-0.000047
-0.000121
-0.000133
0.000034
0.000205
0.000238
0.000304
0.000490
0.000591
0.000462
0.000173
-0.000121
-0.000276
-0.000293
-0.000272
-0.000246
-0.000207
-0.000147
-0.000025
0.000101
0.000093
-0.000026
-0.000114
-0.000179
-0.000277
-0.000322
-0.000265
-0.000179
-0.000078
0.000034
0.000030
-0.000121
-0.000254
-0.000213
-0.000048
0.000048
0.000055
0.000196
0.000477
0.000590
0.000488
0.000499
0.000675
0.000647
0.000322
0.000010
-0.000227
-0.000576
-0.000941
-0.001043
-0.000875
-0.000597
-0.000215
0.000238
0.000460
0.000277
0.000038
0.000081
0.000209
0.000191
0.000205
0.000400
0.000564
0.000483
0.000281
0.000175
0.000041
-0.000314
-0.000612
-0.000551
-0.000354
-0.000246
-0.000090
0.000128
0.000174
0.000032
-0.000025
0.000091
0.000117
-0.000045
-0.000113
0.000044
0.000186
0.000159
0.000086
0.000096
0.000102
-0.000066
-0.000334
-0.000446
-0.000380
-0.000298
-0.000165
0.000137
0.000440
0.000456
0.000266
0.000232
0.000384
0.000425
0.000293
0.000183
0.000128
0.000003
-0.000216
-0.000472
-0.000679
-0.000689
-0.000467
-0.000193
-0.000049
-0.000040
-0.000029
0.000062
0.000157
0.000161
0.000073
-0.000017
0.000003
0.000089
0.000063
-0.000074
-0.000110
0.000029
0.000169
0.000192
0.000219
0.000351
0.000428
0.000316
0.000129
-0.000009
-0.000072
-0.000057
-0.000021
-0.000062
-0.000189
-0.000315
-0.000395
-0.000430
-0.000411
-0.000345
-0.000272
-0.000230
-0.000129
0.000154
0.000455
0.000496
0.000385
0.000407
0.000494
0.000442
0.000363
0.000400
0.000351
0.000059
-0.000235
-0.000353
-0.000495
-0.000732
-0.000793
-0.000578
-0.000291
-0.000021
0.000242
0.000362
0.000276
0.000184
0.000218
0.000230
0.000083
-0.000137
-0.000229
-0.000149
-0.000081
-0.000108
-0.000060
0.000087
0.000148
0.000096
0.000011
-0.000117
-0.000229
-0.000204
-0.000093
-0.000037
-0.000002
0.000145
0.000346
0.000430
0.000365
0.000237
0.000131
0.000099
0.000086
-0.000031
-0.000198
-0.000213
-0.000066
0.000038
-0.000004
-0.000075
-0.000073
-0.000087
-0.000220
-0.000371
-0.000419
-0.000440
-0.000485
-0.000428
-0.000203
0.000045
0.000180
0.000232
0.000288
0.000381
0.000485
0.000548
0.000542
0.000498
0.000510
0.000528
0.000348
-0.000041
-0.000368
-0.000466
-0.000446
-0.000432
-0.000399
-0.000318
-0.000213
-0.000075
0.000016
-0.000082
-0.000218
-0.000108
0.000141
0.000234
0.000214
0.000297
0.000447
0.000427
0.000187
-0.000089
-0.000283
-0.000411
-0.000427
-0.000259
-0.000017
0.000048
-0.000122
-0.000282
-0.000253
-0.000141
-0.000106
-0.000129
-0.000116
-0.000058
0.000044
0.000238
0.000439
0.000454
0.000340
0.000353
0.000456
0.000365
0.000093
-0.000043
0.000068
0.000200
0.000164
0.000038
-0.000046
-0.000132
-0.000303
-0.000491
-0.000587
-0.000579
-0.000537
-0.000549
-0.000584
-0.000470
-0.000150
0.000198
0.000415
0.000551
0.000745
0.000981
0.001053
0.000856
0.000544
0.000271
0.000019
-0.000273
-0.000582
-0.000789
-0.000846
-0.000883
-0.000958
-0.000902
-0.000588
-0.000104
0.000353
0.000616
0.000679
0.000670
0.000691
0.000727
0.000638
0.000372
0.000092
-0.000049
-0.000061
-0.000058
-0.000191
-0.000439
-0.000595
-0.000600
-0.000575
-0.000569
-0.000512
-0.000329
-0.000059
0.000173
0.000342
0.000481
0.000587
0.000650
0.000611
0.000460
0.000338
0.000259
0.000049
-0.000224
-0.000282
-0.000151
-0.000129
-0.000245
-0.000253
-0.000160
-0.000223
-0.000416
-0.000433
-0.000237
-0.000111
-0.000142
-0.000135
-0.000032
0.000016
-0.000026
-0.000015
0.000106
0.000255
0.000367
0.000427
0.000426
0.000407
0.000413
0.000375
0.000234
0.000074
-0.000049
-0.000192
-0.000346
-0.000408
-0.000375
-0.000356
-0.000360
-0.000305
-0.000198
-0.000096
0.000021
0.000175
0.000296
0.000333
0.000340
0.000390
0.000428
0.000337
0.000119
-0.000127
-0.000334
-0.000448
-0.000452
-0.000396
-0.000298
-0.000175
-0.000065
0.000051
0.000136
0.000077
-0.000077
-0.000145
-0.000058
0.000109
0.000239
0.000288
0.000330
0.000361
0.000239
-0.000001
-0.000123
-0.000072
0.000009
0.000042
0.000035
0.000003
0.000008
0.000099
0.000151
-0.000013
-0.000266
-0.000332
-0.000256
-0.000256
-0.000323
-0.000353
-0.000391
-0.000450
-0.000346
0.000002
0.000382
0.000600
0.000726
0.000847
0.000846
0.000622
0.000315
0.000115
0.000012
-0.000107
-0.000301
-0.000541
-0.000743
-0.000832
-0.000807
-0.000720
-0.000569
-0.000290
0.000091
0.000452
0.000717
0.000881
0.000918
0.000839
0.000723
0.000557
0.000262
-0.000095
-0.000363
-0.000519
-0.000636
-0.000759
-0.000832
-0.000790
-0.000643
-0.000441
-0.000233
-0.000040
0.000173
0.000409
0.000562
0.000577
0.000553
0.000543
0.000445
0.000260
0.000177
0.000234
0.000227
0.000051
-0.000125
-0.000153
-0.000178
-0.000359
-0.000501
-0.000384
-0.000199
-0.000196
-0.000263
-0.000219
-0.000140
-0.000138
-0.000141
-0.000078
-0.000032
-0.000014
0.000125
0.000381
0.000534
0.000473
0.000325
0.000246
0.000253
0.000256
0.000188
0.000083
0.000002
-0.000072
-0.000191
-0.000349
-0.000490
-0.000560
-0.000534
-0.000398
-0.000180
-0.000005
0.000035
0.000035
0.000148
0.000353
0.000472
0.000453
0.000418
0.000422
0.000381
0.000229
0.000003
-0.000196
-0.000292
-0.000289
-0.000267
-0.000290
-0.000309
-0.000275
-0.000229
-0.000186
-0.000119
-0.000090
-0.000142
-0.000133
0.000044
0.000191
0.000116
-0.000030
-0.000084
-0.000078
0.000011
0.000247
0.000511
0.000629
0.000618
0.000577
0.000459
0.000190
-0.000106
-0.000194
-0.000058
0.000053
-0.000060
-0.000322
-0.000538
-0.000650
-0.000745
-0.000815
-0.000763
-0.000592
-0.000358
-0.000036
0.000347
0.000646
0.000757
0.000754
0.000757
0.000710
0.000477
0.000133
-0.000105
-0.000197
-0.000272
-0.000408
-0.000491
-0.000395
-0.000230
-0.000163
-0.000134
-0.000067
-0.000007
0.000095
0.000335
0.000626
0.000777
0.000691
0.000452
0.000227
0.000047
-0.000168
-0.000425
-0.000647
-0.000736
-0.000659
-0.000544
-0.000491
-0.000383
-0.000172
-0.000016
0.000018
-0.000023
-0.000116
-0.000112
0.000147
0.000497
0.000686
0.000733
0.000765
0.000762
0.000592
0.000219
-0.000143
-0.000242
-0.000168
-0.000195
-0.000292
-0.000262
-0.000182
-0.000264
-0.000450
-0.000534
-0.000502
-0.000457
-0.000374
-0.000197
0.000005
0.000175
0.000347
0.000529
0.000636
0.000569
0.000391
0.000272
0.000244
0.000218
0.000137
-0.000038
-0.000283
-0.000478
-0.000550
-0.000544
-0.000520
-0.000440
-0.000247
-0.000036
0.000041
0.000008
0.000042
0.000239
0.000486
0.000600
0.000568
0.000530
0.000515
0.000378
0.000085
-0.000168
-0.000238
-0.000203
-0.000163
-0.000127
-0.000105
-0.000146
-0.000283
-0.000465
-0.000612
-0.000674
-0.000554
-0.000189
0.000227
0.000446
0.000487
0.000452
0.000324
0.000099
-0.000128
-0.000251
-0.000219
-0.000048
0.000179
0.000356
0.000461
0.000524
0.000536
0.000449
0.000228
-0.000061
-0.000263
-0.000330
-0.000398
-0.000545
-0.000655
-0.000616
-0.000487
-0.000371
-0.000247
-0.000064
0.000120
0.000265
0.000430
0.000573
0.000588
0.000513
0.000412
0.000252
0.000031
-0.000170
-0.000316
-0.000459
-0.000561
-0.000478
-0.000251
-0.000110
-0.000084
0.000025
0.000228
0.000352
0.000377
0.000419
0.000477
0.000475
0.000416
0.000343
0.000217
-0.000039
-0.000349
-0.000511
-0.000481
-0.000424
-0.000432
-0.000449
-0.000435
-0.000393
-0.000310
-0.000182
-0.000045
0.000049
0.000135
0.000298
0.000477
0.000519
0.000449
0.000412
0.000392
0.000274
0.000082
-0.000060
-0.000135
-0.000165
-0.000079
0.000099
0.000171
0.000099
0.000032
-0.000032
-0.000199
-0.000397
-0.000463
-0.000418
-0.000384
-0.000359
-0.000244
