7520
0.000046
0.000087
0.000136
0.000226
0.000270
0.000244
0.000219
0.000215
0.000188
0.000149
0.000164
0.000215
0.000176
0.000031
-0.000085
-0.000110
-0.000121
-0.000175
-0.000225
-0.000250
-0.000291
-0.000300
-0.000181
-0.000013
0.000051
0.000010
-0.000045
-0.000041
0.000037
0.000156
0.000250
0.000234
0.000104
-0.000017
-0.000045
-0.000007
0.000046
0.000081
0.000067
-0.000005
-0.000091
-0.000104
-0.000049
-0.000047
-0.000126
-0.000157
-0.000106
-0.000057
-0.000019
0.000039
0.000096
0.000151
0.000198
0.000184
0.000125
0.000097
0.000110
0.000083
-0.000029
-0.000134
-0.000105
0.000016
0.000071
0.000031
-0.000016
-0.000074
-0.000178
-0.000245
-0.000192
-0.000062
0.000050
0.000122
0.000173
0.000184
0.000107
-0.000064
-0.000246
-0.000311
-0.000215
-0.000059
0.000043
0.000075
0.000071
0.000052
0.000016
-0.000031
-0.000031
0.000050
0.000118
0.000095
0.000089
0.000196
0.000285
0.000220
0.000048
-0.000128
-0.000233
-0.000206
-0.000083
-0.000006
-0.000035
-0.000070
-0.000035
-0.000010
-0.000044
-0.000044
0.000042
0.000150
0.000202
0.000146
0.000003
-0.000099
-0.000078
0.000001
0.000009
-0.000096
-0.000188
-0.000143
-0.000038
0.000013
0.000047
0.000101
0.000098
0.000001
-0.000105
-0.000133
-0.000116
-0.000104
-0.000046
0.000082
0.000141
0.000069
0.000014
0.000047
0.000080
0.000093
0.000124
0.000135
0.000097
0.000074
0.000072
-0.000005
-0.000136
-0.000153
-0.000045
0.000026
0.000016
-0.000009
-0.000046
-0.000091
-0.000092
-0.000043
0.000006
0.000037
0.000048
0.000004
-0.000065
-0.000065
-0.000008
-0.000001
-0.000040
-0.000014
0.000079
0.000111
0.000045
-0.000012
0.000009
0.000031
-0.000011
-0.000020
0.000052
0.000074
-0.000031
-0.000149
-0.000164
-0.000124
-0.000119
-0.000099
-0.000002
0.000093
0.000120
0.000116
0.000116
0.000118
0.000123
0.000128
0.000101
0.000013
-0.000094
-0.000149
-0.000150
-0.000143
-0.000103
-0.000006
0.000079
0.000080
0.000011
-0.000062
-0.000080
-0.000043
-0.000008
0.000003
0.000026
0.000051
0.000024
-0.000020
-0.000003
0.000067
0.000132
0.000142
0.000111
0.000093
0.000096
0.000063
-0.000024
-0.000106
-0.000127
-0.000126
-0.000169
-0.000214
-0.000164
-0.000047
0.000028
0.000061
0.000119
0.000169
0.000127
0.000029
-0.000013
0.000016
0.000036
-0.000001
-0.000070
-0.000102
-0.000037
0.000089
0.000142
0.000049
-0.000084
-0.000113
-0.000067
-0.000048
-0.000054
-0.000066
-0.000094
-0.000069
0.000046
0.000121
0.000079
0.000051
0.000124
0.000149
0.000025
-0.000085
-0.000053
0.000017
0.000025
0.000011
0.000015
0.000017
0.000012
0.000013
-0.000044
-0.000176
-0.000190
-0.000006
0.000120
0.000040
-0.000051
-0.000004
0.000057
-0.000003
-0.000103
-0.000088
0.000015
0.000103
0.000170
0.000195
0.000102
-0.000051
-0.000110
-0.000057
0.000011
0.000046
0.000040
-0.000022
-0.000089
-0.000070
-0.000031
-0.000095
-0.000180
-0.000120
0.000055
0.000180
0.000155
0.000055
0.000011
-0.000003
-0.000081
-0.000161
-0.000140
-0.000060
0.000008
0.000092
0.000192
0.000241
0.000215
0.000125
0.000003
-0.000061
-0.000053
-0.000067
-0.000116
-0.000109
-0.000011
0.000104
0.000128
0.000032
-0.000094
-0.000126
-0.000046
0.000035
0.000019
-0.000044
-0.000085
-0.000111
-0.000121
-0.000087
-0.000025
0.000026
0.000036
0.000000
-0.000040
-0.000021
0.000056
0.000105
0.000076
0.000024
0.000036
0.000130
0.000205
0.000147
0.000005
-0.000088
-0.000102
-0.000090
-0.000079
-0.000063
-0.000039
-0.000029
-0.000040
-0.000053
-0.000065
-0.000094
-0.000114
-0.000081
-0.000023
0.000033
0.000116
0.000211
0.000227
0.000124
-0.000007
-0.000055
-0.000038
-0.000022
0.000008
0.000071
0.000084
0.000029
0.000038
0.000130
0.000127
-0.000014
-0.000119
-0.000107
-0.000077
-0.000066
-0.000020
0.000040
0.000020
-0.000102
-0.000196
-0.000143
-0.000019
0.000049
0.000060
0.000024
-0.000060
-0.000101
-0.000066
-0.000061
-0.000096
-0.000050
0.000086
0.000194
0.000221
0.000177
0.000073
-0.000019
-0.000030
-0.000001
0.000022
0.000041
0.000045
0.000020
-0.000025
-0.000074
-0.000107
-0.000091
-0.000015
0.000043
0.000006
-0.000051
-0.000020
0.000022
-0.000044
-0.000122
-0.000073
0.000047
0.000117
0.000113
0.000075
0.000034
-0.000004
-0.000050
-0.000101
-0.000109
-0.000049
0.000009
0.000042
0.000089
0.000107
0.000067
0.000068
0.000141
0.000158
0.000072
-0.000014
-0.000061
-0.000121
-0.000181
-0.000176
-0.000111
-0.000029
0.000026
0.000014
-0.000042
-0.000065
-0.000071
-0.000132
-0.000166
-0.000046
0.000121
0.000123
0.000003
-0.000017
0.000111
0.000235
0.000254
0.000185
0.000081
0.000007
-0.000007
-0.000011
-0.000031
-0.000037
-0.000038
-0.000067
-0.000120
-0.000183
-0.000223
-0.000179
-0.000067
0.000025
0.000071
0.000112
0.000134
0.000096
0.000043
0.000058
0.000106
0.000083
0.000024
0.000053
0.000102
0.000002
-0.000138
-0.000110
0.000001
0.000028
0.000025
0.000055
0.000033
-0.000040
-0.000042
-0.000005
-0.000069
-0.000178
-0.000150
-0.000033
-0.000041
-0.000175
-0.000235
-0.000149
-0.000034
-0.000000
-0.000011
0.000039
0.000136
0.000196
0.000191
0.000131
0.000075
0.000137
0.000267
0.000247
0.000058
-0.000051
0.000015
0.000048
-0.000081
-0.000205
-0.000176
-0.000110
-0.000094
-0.000020
0.000091
0.000082
0.000011
0.000032
0.000074
0.000005
-0.000080
-0.000062
-0.000045
-0.000121
-0.000143
-0.000010
0.000079
-0.000031
-0.000162
-0.000129
-0.000012
0.000098
0.000212
0.000261
0.000160
0.000011
-0.000049
-0.000058
-0.000094
-0.000075
0.000060
0.000147
0.000044
-0.000082
-0.000064
-0.000056
-0.000132
-0.000075
0.000106
0.000129
-0.000018
-0.000109
-0.000122
-0.000170
-0.000188
-0.000101
-0.000011
0.000062
0.000193
0.000273
0.000164
-0.000005
-0.000050
-0.000014
-0.000022
-0.000055
0.000012
0.000180
0.000269
0.000186
0.000056
-0.000040
-0.000144
-0.000190
-0.000074
0.000071
0.000044
-0.000085
-0.000126
-0.000083
-0.000035
0.000047
0.000138
0.000127
0.000048
0.000017
-0.000007
-0.000118
-0.000236
-0.000246
-0.000189
-0.000133
-0.000082
-0.000042
-0.000031
-0.000047
-0.000035
0.000055
0.000139
0.000150
0.000179
0.000216
0.000153
0.000076
0.000096
0.000125
0.000100
0.000093
0.000116
0.000107
0.000071
0.000052
0.000037
-0.000011
-0.000030
0.000017
0.000021
-0.000095
-0.000254
-0.000373
-0.000387
-0.000255
-0.000095
-0.000049
-0.000064
-0.000066
-0.000099
-0.000133
-0.000099
-0.000033
0.000054
0.000197
0.000343
0.000368
0.000232
0.000062
-0.000007
0.000012
0.000046
0.000067
0.000048
-0.000000
0.000007
0.000060
0.000024
-0.000087
-0.000130
-0.000158
-0.000260
-0.000253
-0.000033
0.000155
0.000171
0.000150
0.000129
0.000039
-0.000072
-0.000141
-0.000159
-0.000066
0.000125
0.000239
0.000211
0.000154
0.000044
-0.000186
-0.000313
-0.000198
-0.000071
-0.000013
0.000154
0.000320
0.000193
-0.000093
-0.000153
0.000005
0.000096
0.000113
0.000188
0.000198
0.000030
-0.000145
-0.000180
-0.000213
-0.000380
-0.000479
-0.000278
-0.000017
-0.000009
-0.000028
0.000175
0.000315
0.000180
0.000049
0.000103
0.000118
-0.000002
-0.000026
0.000088
0.000095
-0.000014
-0.000009
0.000086
0.000079
0.000027
0.000067
0.000124
0.000099
0.000015
-0.000092
-0.000205
-0.000243
-0.000128
0.000032
0.000044
-0.000063
-0.000089
-0.000002
0.000053
0.000017
-0.000003
0.000068
0.000125
0.000036
-0.000076
-0.000049
-0.000047
-0.000191
-0.000210
-0.000010
0.000098
0.000041
0.000085
0.000201
0.000126
-0.000030
-0.000014
-0.000018
-0.000178
-0.000118
0.000185
0.000193
-0.000054
-0.000029
0.000124
-0.000015
-0.000183
-0.000055
0.000064
-0.000035
-0.000039
0.000150
0.000202
0.000052
-0.000037
-0.000027
-0.000085
-0.000175
-0.000159
-0.000087
-0.000057
-0.000010
0.000079
0.000075
-0.000030
-0.000058
0.000024
0.000102
0.000120
0.000068
0.000011
0.000063
0.000124
0.000037
-0.000031
0.000072
0.000118
0.000006
-0.000009
0.000078
0.000022
-0.000122
-0.000172
-0.000159
-0.000128
-0.000094
-0.000139
-0.000191
-0.000103
0.000048
0.000142
0.000170
0.000080
-0.000119
-0.000180
-0.000031
0.000005
-0.000110
-0.000003
0.000245
0.000192
-0.000007
0.000050
0.000130
-0.000027
-0.000099
0.000035
0.000024
-0.000106
-0.000007
0.000188
0.000167
0.000105
0.000162
0.000085
-0.000127
-0.000124
0.000024
-0.000012
-0.000111
-0.000050
-0.000017
-0.000127
-0.000161
-0.000051
0.000083
0.000155
0.000075
-0.000078
-0.000070
0.000007
-0.000047
-0.000035
0.000143
0.000157
-0.000015
0.000011
0.000154
0.000047
-0.000132
-0.000095
-0.000072
-0.000230
-0.000326
-0.000307
-0.000331
-0.000278
-0.000017
0.000223
0.000233
0.000163
0.000206
0.000286
0.000268
0.000194
0.000096
0.000001
0.000071
0.000277
0.000270
0.000035
-0.000078
-0.000120
-0.000262
-0.000149
0.000279
0.000357
0.000012
-0.000082
0.000048
-0.000124
-0.000403
-0.000362
-0.000246
-0.000318
-0.000267
-0.000024
-0.000019
-0.000204
-0.000113
0.000115
0.000094
0.000071
0.000240
0.000266
0.000166
0.000237
0.000220
-0.000053
-0.000136
0.000030
0.000014
-0.000095
-0.000002
0.000087
-0.000034
-0.000165
-0.000124
-0.000032
-0.000043
-0.000016
0.000198
0.000337
0.000260
0.000216
0.000095
-0.000271
-0.000438
-0.000251
-0.000100
0.000043
0.000269
0.000181
-0.000148
-0.000152
0.000022
-0.000058
-0.000107
-0.000018
-0.000172
-0.000237
0.000222
0.000479
0.000136
0.000046
0.000293
0.000027
-0.000413
-0.000186
0.000164
-0.000065
-0.000260
0.000019
0.000134
-0.000041
0.000082
0.000284
0.000088
-0.000110
-0.000049
-0.000065
-0.000102
0.000010
-0.000022
-0.000114
0.000065
0.000106
-0.000214
-0.000250
-0.000007
-0.000139
-0.000275
0.000075
0.000229
-0.000031
0.000075
0.000374
0.000184
-0.000018
0.000176
0.000182
-0.000030
0.000033
0.000080
-0.000159
-0.000188
0.000017
-0.000085
-0.000308
-0.000129
0.000139
0.000020
-0.000171
-0.000078
0.000009
-0.000079
-0.000021
0.000202
0.000212
0.000042
0.000018
0.000055
-0.000007
0.000024
0.000129
0.000037
-0.000062
0.000099
0.000146
-0.000135
-0.000257
0.000004
0.000265
0.000249
0.000001
-0.000251
-0.000179
0.000136
0.000162
-0.000046
-0.000016
-0.000011
-0.000290
-0.000287
0.000028
-0.000125
-0.000547
-0.000313
0.000229
0.000117
-0.000229
-0.000035
0.000218
0.000120
0.000166
0.000325
0.000229
0.000220
0.000374
0.000273
0.000116
0.000192
0.000174
-0.000083
-0.000297
-0.000341
-0.000325
-0.000279
-0.000100
0.000146
0.000105
-0.000148
-0.000059
0.000145
-0.000088
-0.000163
0.000327
0.000419
-0.000104
-0.000169
0.000168
-0.000015
-0.000415
-0.000420
-0.000324
-0.000216
0.000087
0.000187
-0.000003
0.000035
0.000193
0.000103
0.000021
0.000013
-0.000172
-0.000215
0.000086
0.000175
0.000051
0.000255
0.000365
0.000007
-0.000042
0.000215
-0.000038
-0.000207
0.000286
0.000312
-0.000287
-0.000149
0.000369
0.000078
-0.000252
0.000061
0.000030
-0.000446
-0.000387
0.000012
0.000074
0.000020
0.000001
-0.000224
-0.000375
-0.000120
0.000114
0.000059
0.000127
0.000358
0.000436
0.000403
0.000246
-0.000126
-0.000355
-0.000256
-0.000152
-0.000052
0.000129
0.000085
-0.000066
-0.000016
-0.000135
-0.000378
-0.000131
0.000187
0.000054
0.000170
0.000541
0.000169
-0.000424
-0.000137
0.000144
-0.000385
-0.000507
0.000165
0.000380
0.000116
0.000164
0.000093
-0.000372
-0.000371
0.000191
0.000323
-0.000015
0.000024
0.000278
0.000096
-0.000153
-0.000112
-0.000263
-0.000428
0.000096
0.000657
0.000305
-0.000241
-0.000204
-0.000188
-0.000447
-0.000273
0.000279
0.000334
-0.000020
0.000170
0.000689
0.000429
-0.000333
-0.000381
0.000130
0.000156
-0.000123
0.000015
0.000200
0.000025
-0.000131
-0.000186
-0.000344
-0.000380
-0.000165
0.000011
0.000168
0.000366
0.000081
-0.000449
-0.000193
0.000269
-0.000159
-0.000379
0.000426
0.000631
-0.000178
-0.000201
0.000488
0.000284
-0.000324
-0.000150
0.000086
-0.000346
-0.000462
0.000261
0.000562
-0.000114
-0.000453
0.000076
0.000232
-0.000411
-0.000577
0.000170
0.000658
0.000393
0.000082
0.000086
0.000105
-0.000070
-0.000204
-0.000054
0.000115
-0.000024
-0.000137
0.000152
0.000311
-0.000140
-0.000442
-0.000088
0.000049
-0.000301
-0.000195
0.000376
0.000440
-0.000035
-0.000250
-0.000089
-0.000101
-0.000237
0.000013
0.000310
0.000083
-0.000104
0.000132
0.000098
-0.000190
-0.000061
0.000135
-0.000100
-0.000212
0.000072
0.000064
-0.000247
-0.000031
0.000445
0.000231
-0.000191
-0.000021
0.000100
-0.000086
0.000200
0.000501
0.000032
-0.000248
0.000094
-0.000125
-0.000718
-0.000417
0.000135
-0.000010
0.000130
0.000675
0.000197
-0.000632
-0.000138
0.000587
0.000077
-0.000438
0.000056
0.000413
0.000001
-0.000332
-0.000172
0.000017
-0.000057
-0.000104
0.000138
0.000251
-0.000148
-0.000414
-0.000023
0.000273
-0.000060
-0.000317
-0.000024
0.000249
0.000062
-0.000082
0.000212
0.000309
-0.000013
-0.000010
0.000182
-0.000080
-0.000243
0.000199
0.000503
0.000264
-0.000006
-0.000244
-0.000474
-0.000218
0.000076
-0.000288
-0.000384
0.000305
0.000419
-0.000256
-0.000219
0.000191
-0.000344
-0.000659
0.000222
0.000623
0.000074
0.000150
0.000502
-0.000147
-0.000652
-0.000147
0.000053
-0.000139
0.000253
0.000491
0.000060
-0.000010
0.000225
-0.000089
-0.000207
0.000419
0.000505
-0.000177
-0.000209
0.000226
-0.000055
-0.000395
-0.000017
0.000043
-0.000493
-0.000298
0.000349
-0.000097
-0.000745
-0.000028
0.000608
-0.000087
-0.000361
0.000363
0.000266
-0.000536
-0.000416
0.000151
0.000105
0.000091
0.000526
0.000576
0.000068
-0.000212
-0.000102
0.000005
0.000159
0.000312
0.000112
-0.000056
0.000151
-0.000014
-0.000537
-0.000294
0.000274
-0.000053
-0.000486
-0.000148
-0.000055
-0.000480
-0.000266
0.000369
0.000210
-0.000234
0.000070
0.000352
0.000055
0.000153
0.000568
0.000205
-0.000469
-0.000383
0.000081
0.000206
0.000153
0.000044
-0.000209
-0.000190
0.000236
0.000345
0.000021
-0.000040
0.000000
-0.000242
-0.000146
0.000277
0.000108
-0.000233
0.000110
0.000294
-0.000283
-0.000464
0.000084
0.000165
-0.000188
0.000039
0.000397
0.000219
0.000122
0.000080
-0.000524
-0.000844
-0.000245
0.000008
-0.000370
-0.000091
0.000478
0.000330
0.000280
0.000656
0.000404
-0.000221
-0.000176
0.000100
0.000066
0.000186
0.000296
0.000007
-0.000109
-0.000078
-0.000563
-0.000867
-0.000231
0.000305
-0.000014
-0.000256
0.000123
0.000277
-0.000260
-0.000586
-0.000011
0.000599
0.000437
0.000259
0.000497
0.000270
-0.000399
-0.000388
0.000212
0.000278
-0.000154
-0.000166
0.000256
0.000383
-0.000018
-0.000409
-0.000328
-0.000115
-0.000245
-0.000393
-0.000071
0.000251
0.000026
-0.000140
0.000181
0.000252
-0.000120
-0.000036
0.000474
0.000386
-0.000075
0.000021
0.000264
-0.000028
-0.000412
-0.000498
-0.000490
-0.000375
-0.000095
0.000183
0.000474
0.000588
0.000175
-0.000220
-0.000060
-0.000044
-0.000413
-0.000168
0.000652
0.000772
0.000159
-0.000150
-0.000089
-0.000247
-0.000430
-0.000192
0.000100
0.000076
-0.000012
-0.000119
-0.000328
-0.000296
0.000033
0.000115
-0.000024
0.000168
0.000401
0.000227
0.000100
0.000203
0.000069
-0.000100
0.000140
0.000245
-0.000157
-0.000322
0.000061
0.000222
-0.000159
-0.000433
-0.000323
-0.000185
-0.000024
0.000192
0.000032
-0.000346
-0.000200
0.000217
0.000162
-0.000045
0.000143
0.000257
-0.000108
-0.000279
0.000078
0.000143
-0.000165
0.000105
0.000656
0.000391
-0.000255
-0.000296
-0.000050
-0.000034
-0.000070
-0.000051
0.000008
0.000079
-0.000013
-0.000168
-0.000109
-0.000024
-0.000214
-0.000238
0.000229
0.000332
-0.000243
-0.000314
0.000301
0.000371
-0.000086
-0.000062
0.000240
0.000213
0.000272
0.000591
0.000470
-0.000055
-0.000259
-0.000250
-0.000437
-0.000541
-0.000390
-0.000317
-0.000273
0.000018
0.000218
0.000086
0.000143
0.000422
0.000240
-0.000175
-0.000073
0.000109
-0.000307
-0.000675
-0.000268
0.000291
0.000259
0.000064
0.000271
0.000508
0.000251
-0.000206
-0.000220
0.000113
0.000159
-0.000087
-0.000119
0.000017
-0.000081
-0.000242
-0.000121
0.000065
0.000038
0.000035
0.000392
0.000709
0.000238
-0.000471
-0.000265
0.000223
-0.000191
-0.000723
-0.000236
0.000395
0.000029
-0.000454
-0.000092
0.000053
-0.000477
-0.000065
0.001083
0.000672
-0.000579
-0.000190
0.000738
0.000051
-0.000800
-0.000173
0.000281
-0.000406
-0.000487
0.000363
0.000451
-0.000188
-0.000203
0.000231
0.000145
-0.000310
-0.000262
0.000460
0.000937
0.000492
-0.000081
0.000033
0.000032
-0.000593
-0.000719
-0.000156
-0.000118
-0.000423
-0.000007
0.000555
0.000225
-0.000346
-0.000224
0.000052
-0.000110
-0.000070
0.000550
0.000799
0.000258
-0.000055
0.000051
-0.000300
-0.000772
-0.000439
0.000297
0.000552
0.000352
0.000175
0.000069
-0.000192
-0.000505
-0.000464
-0.000134
-0.000029
-0.000072
0.000091
0.000136
-0.000157
-0.000316
-0.000110
0.000147
0.000203
0.000184
0.000309
0.000352
0.000065
-0.000128
0.000123
0.000279
-0.000066
-0.000203
0.000258
0.000321
-0.000333
-0.000415
0.000178
-0.000085
-0.000878
-0.000507
0.000334
0.000168
-0.000034
0.000583
0.000574
-0.000446
-0.000608
0.000304
0.000526
0.000049
0.000120
0.000492
0.000314
-0.000291
-0.000690
-0.000511
-0.000015
0.000230
0.000131
-0.000037
-0.000148
-0.000107
0.000111
0.000117
-0.000231
-0.000260
0.000160
0.000160
-0.000251
-0.000250
0.000046
0.000250
0.000410
0.000213
-0.000350
-0.000440
0.000150
0.000484
0.000069
-0.000354
-0.000094
0.000416
0.000407
-0.000074
-0.000307
-0.000115
-0.000073
-0.000164
0.000122
0.000309
-0.000041
-0.000026
0.000505
0.000310
-0.000420
-0.000321
0.000126
-0.000273
-0.000703
-0.000196
0.000313
0.000097
-0.000135
-0.000015
0.000013
-0.000124
-0.000058
0.000263
0.000456
0.000354
0.000313
0.000390
0.000099
-0.000494
-0.000683
-0.000294
0.000095
0.000039
-0.000153
-0.000005
0.000168
-0.000115
-0.000393
-0.000137
0.000158
0.000075
0.000051
0.000204
0.000109
-0.000083
0.000089
0.000320
0.000046
-0.000313
-0.000038
0.000441
0.000355
0.000070
0.000095
0.000057
-0.000140
-0.000130
-0.000141
-0.000398
-0.000427
-0.000009
0.000302
0.000075
-0.000293
-0.000206
0.000121
0.000144
0.000066
0.000244
0.000247
-0.000096
0.000009
0.000484
0.000134
-0.000722
-0.000595
0.000207
0.000274
-0.000165
-0.000034
0.000353
0.000147
-0.000344
-0.000452
-0.000256
-0.000096
0.000063
0.000404
0.000629
0.000231
-0.000396
-0.000339
0.000189
0.000227
-0.000136
-0.000105
0.000228
0.000233
-0.000059
-0.000158
-0.000039
-0.000067
-0.000178
0.000002
0.000277
0.000106
-0.000329
-0.000332
0.000045
0.000177
0.000056
0.000116
0.000281
0.000163
-0.000128
-0.000244
-0.000338
-0.000575
-0.000532
0.000057
0.000654
0.000693
0.000459
0.000357
0.000152
-0.000195
-0.000233
-0.000104
-0.000256
-0.000306
0.000108
0.000352
0.000035
-0.000191
-0.000016
-0.000060
-0.000447
-0.000444
0.000080
0.000339
0.000064
-0.000100
0.000077
0.000075
-0.000174
-0.000196
0.000014
0.000116
0.000105
0.000108
0.000176
0.000266
0.000165
-0.000070
-0.000070
0.000059
-0.000027
-0.000156
-0.000119
-0.000037
0.000079
0.000160
0.000007
-0.000162
-0.000064
-0.000004
-0.000157
-0.000101
0.000204
0.000230
0.000017
0.000044
0.000168
0.000028
-0.000089
0.000102
0.000256
0.000140
0.000041
0.000096
0.000052
-0.000155
-0.000294
-0.000333
-0.000413
-0.000453
-0.000292
-0.000046
0.000013
-0.000146
-0.000230
-0.000046
0.000174
0.000198
0.000189
0.000257
0.000241
0.000252
0.000484
0.000556
0.000174
-0.000156
-0.000097
-0.000032
-0.000106
-0.000046
0.000032
-0.000202
-0.000505
-0.000432
-0.000178
-0.000086
0.000072
0.000375
0.000334
-0.000076
-0.000159
0.000158
0.000183
-0.000057
0.000033
0.000248
0.000117
-0.000016
0.000174
0.000272
-0.000002
-0.000298
-0.000248
0.000044
0.000117
-0.000181
-0.000417
-0.000412
-0.000425
-0.000304
0.000087
0.000169
-0.000225
-0.000317
0.000104
0.000270
0.000020
0.000057
0.000361
0.000232
-0.000114
-0.000029
0.000167
0.000021
-0.000008
0.000345
0.000390
-0.000138
-0.000473
-0.000305
-0.000167
-0.000072
0.000321
0.000603
0.000394
0.000085
-0.000103
-0.000303
-0.000330
-0.000146
-0.000103
-0.000150
-0.000022
0.000030
-0.000174
-0.000214
0.000067
0.000241
0.000229
0.000351
0.000504
0.000422
0.000331
0.000457
0.000525
0.000301
0.000036
-0.000016
0.000026
0.000014
-0.000010
-0.000014
-0.000033
-0.000143
-0.000386
-0.000620
-0.000700
-0.000679
-0.000606
-0.000431
-0.000256
-0.000258
-0.000331
-0.000294
-0.000294
-0.000420
-0.000428
-0.000270
-0.000152
0.000009
0.000345
0.000586
0.000563
0.000592
0.000777
0.000745
0.000458
0.000405
0.000698
0.000883
0.000769
0.000527
0.000170
-0.000222
-0.000337
-0.000224
-0.000265
-0.000444
-0.000415
-0.000211
-0.000200
-0.000490
-0.000809
-0.000797
-0.000399
-0.000012
0.000042
-0.000066
-0.000114
-0.000274
-0.000561
-0.000487
-0.000082
0.000004
0.000002
0.000522
0.000846
0.000228
-0.000440
-0.000287
0.000128
0.000218
0.000288
0.000554
0.000715
0.000653
0.000601
0.000546
0.000196
-0.000472
-0.001235
-0.001963
-0.002382
-0.002155
-0.001627
-0.001344
-0.000758
0.000716
0.001938
0.001825
0.001512
0.002019
0.002209
0.001500
0.001307
0.002055
0.002406
0.002114
0.002180
0.002371
0.001593
0.000136
-0.000740
-0.000916
-0.001314
-0.002016
-0.002120
-0.001584
-0.001522
-0.002244
-0.002832
-0.002927
-0.003058
-0.003205
-0.002832
-0.002106
-0.001628
-0.001320
-0.000720
-0.000014
0.000214
0.000126
0.000432
0.001126
0.001621
0.001898
0.002323
0.002853
0.003316
0.003592
0.003312
0.002541
0.002175
0.002478
0.002531
0.002027
0.001691
0.001547
0.000924
0.000021
-0.000618
-0.001349
-0.002348
-0.002819
-0.002624
-0.002766
-0.003443
-0.003700
-0.003364
-0.003235
-0.003381
-0.003138
-0.002478
-0.001811
-0.001069
-0.000177
0.000463
0.000750
0.001184
0.001909
0.002445
0.002600
0.002752
0.003096
0.003353
0.003295
0.003043
0.002784
0.002505
0.002113
0.001621
0.001037
0.000295
-0.000475
-0.000998
-0.001357
-0.001884
-0.002496
-0.002842
-0.002963
-0.003073
-0.003070
-0.002834
-0.002495
-0.002130
-0.001687
-0.001193
-0.000640
0.000093
0.000863
0.001320
0.001577
0.001961
0.001764
-0.000253
-0.003335
-0.004674
-0.003048
-0.000337
0.001577
0.002942
0.004532
0.006007
0.006377
0.005161
0.002914
0.000877
0.000241
0.001515
0.003799
0.005007
0.004139
0.002545
0.001483
0.000069
-0.002668
-0.005559
-0.006780
-0.006074
-0.004489
-0.003137
-0.002750
-0.003489
-0.004724
-0.005463
-0.005372
-0.005068
-0.004891
-0.004033
-0.001820
0.000902
0.002690
0.003136
0.002915
0.002747
0.002895
0.003351
0.003971
0.004508
0.004993
0.005882
0.007074
0.007352
0.005913
0.003661
0.001956
0.000971
0.000136
-0.000711
-0.001345
-0.001689
-0.001896
-0.002271
-0.003177
-0.004696
-0.006286
-0.007051
-0.006663
-0.005799
-0.005188
-0.004557
-0.003329
-0.001865
-0.000941
-0.000530
-0.000097
0.000581
0.001623
0.003116
0.004525
0.005111
0.005130
0.005478
0.006045
0.005761
0.004441
0.003164
0.002600
0.002321
0.001839
0.001068
-0.000040
-0.001300
-0.002230
-0.002856
-0.003757
-0.004847
-0.005217
-0.004612
-0.003900
-0.003748
-0.003808
-0.003505
-0.002832
-0.002032
-0.001172
-0.000282
0.000641
0.001712
0.002804
0.003442
0.003436
0.003220
0.003262
0.003466
0.003455
0.003163
0.002777
0.002321
0.001718
0.001067
0.000425
-0.000356
-0.001382
-0.002715
-0.003844
-0.003090
-0.000344
0.000687
-0.002235
-0.005633
-0.006753
-0.007785
-0.009094
-0.007300
-0.002596
0.001349
0.004261
0.007928
0.010515
0.008853
0.004484
0.002313
0.003680
0.005376
0.005801
0.006617
0.007781
0.006902
0.003744
0.000394
-0.002391
-0.005227
-0.007508
-0.007791
-0.006526
-0.006015
-0.006837
-0.006915
-0.005692
-0.005477
-0.006801
-0.007219
-0.005891
-0.004241
-0.002333
0.000654
0.003594
0.004880
0.005142
0.005781
0.006410
0.006090
0.005629
0.006317
0.007603
0.008127
0.007753
0.006884
0.005318
0.003051
0.000706
-0.001343
-0.003153
-0.004626
-0.005524
-0.005909
-0.006170
-0.006534
-0.006883
-0.007259
-0.007690
-0.007370
-0.005657
-0.003576
-0.002072
-0.000270
0.002086
0.003440
0.003535
0.003921
0.004791
0.005196
0.005455
0.006071
0.006196
0.005324
0.004321
0.003672
0.002747
0.001317
0.000084
-0.000602
-0.001204
-0.002060
-0.002995
-0.003828
-0.004487
-0.004852
-0.004918
-0.004822
-0.004576
-0.004028
-0.003106
-0.002054
-0.001215
-0.000496
0.000484
0.001632
0.002488
0.003028
0.003564
0.004143
0.004589
0.004701
0.004271
0.003358
0.002398
0.001755
0.001236
0.000336
-0.000870
-0.001651
-0.001889
-0.002394
-0.003365
-0.003983
-0.003881
-0.003432
-0.002751
-0.002082
-0.002800
-0.005798
-0.008908
-0.009137
-0.006937
-0.003882
0.000980
0.007197
0.011218
0.012544
0.013497
0.012922
0.009277
0.006086
0.006344
0.007518
0.006929
0.005441
0.003819
0.001160
-0.002644
-0.006474
-0.009664
-0.012243
-0.013800
-0.013493
-0.011546
-0.009547
-0.008526
-0.007870
-0.006694
-0.005286
-0.004414
-0.003587
-0.001417
0.002078
0.005554
0.008587
0.011235
0.012470
0.011915
0.011107
0.010795
0.009842
0.008031
0.006663
0.005978
0.004800
0.002651
0.000142
-0.002428
-0.005223
-0.007866
-0.009758
-0.011012
-0.011772
-0.011480
-0.009974
-0.008111
-0.006603
-0.005414
-0.004298
-0.003019
-0.001422
0.000373
0.002364
0.004842
0.007607
0.009797
0.010863
0.010906
0.010203
0.009015
0.007480
0.005615
0.003650
0.001923
0.000358
-0.001426
-0.003539
-0.005671
-0.007392
-0.008439
-0.008753
-0.008393
-0.007510
-0.006222
-0.004559
-0.002790
-0.001423
-0.000577
0.000174
0.001194
0.002420
0.003574
0.004453
0.005042
0.005427
0.005554
0.005195
0.004319
0.003329
0.002687
0.002356
0.001867
0.000969
-0.000097
-0.001063
-0.001974
-0.002893
-0.003730
-0.004446
-0.005045
-0.005390
-0.005260
-0.004727
-0.004538
-0.005147
-0.004768
-0.001265
0.003107
0.004360
0.004037
0.005653
0.006550
0.002821
-0.002409
-0.003927
-0.002292
-0.000910
0.000501
0.004304
0.008546
0.008779
0.006218
0.005524
0.005512
0.002371
-0.001298
-0.001078
0.000839
0.000240
-0.001880
-0.002679
-0.003098
-0.005446
-0.008464
-0.009272
-0.008389
-0.007960
-0.007086
-0.004162
-0.001064
-0.000130
-0.000106
0.001147
0.002847
0.003237
0.003136
0.004415
0.006312
0.006895
0.006735
0.007063
0.006649
0.004473
0.002221
0.001167
0.000177
-0.001460
-0.002551
-0.002430
-0.002321
-0.003202
-0.004248
-0.004626
-0.004935
-0.005556
-0.005647
-0.004745
-0.003417
-0.002032
-0.000513
0.000899
0.001741
0.002081
0.002548
0.003323
0.003808
0.003930
0.004411
0.005128
0.005058
0.003992
0.002569
0.001187
-0.000045
-0.001059
-0.001855
-0.002344
-0.002459
-0.002390
-0.002453
-0.002861
-0.003471
-0.003688
-0.003153
-0.002248
-0.001471
-0.000826
-0.000076
0.000781
0.001375
0.001359
0.000948
0.000760
0.001086
0.001611
0.001860
0.001827
0.001901
0.002069
0.001864
0.001265
0.000769
0.000578
0.000531
0.000502
0.000283
-0.000341
-0.001142
-0.001655
-0.001796
-0.001851
-0.001996
-0.002001
-0.001450
-0.000547
-0.000316
-0.001098
-0.001649
-0.001088
-0.000334
-0.000273
-0.000366
0.000127
0.001183
0.002080
0.001472
-0.001459
-0.005016
-0.006142
-0.005080
-0.005130
-0.005284
-0.000396
0.007950
0.011949
0.011095
0.011381
0.012380
0.009730
0.005648
0.004462
0.004343
0.002244
-0.000155
-0.001094
-0.002931
-0.007477
-0.011961
-0.013329
-0.012872
-0.013117
-0.013176
-0.010667
-0.006245
-0.002926
-0.001515
0.000129
0.002667
0.004145
0.004568
0.006277
0.008814
0.009679
0.009572
0.010448
0.010820
0.008666
0.005599
0.003771
0.002238
-0.000361
-0.002854
-0.003939
-0.004602
-0.005834
-0.006780
-0.006911
-0.007166
-0.007750
-0.007563
-0.006282
-0.004710
-0.003174
-0.001241
0.001002
0.002649
0.003483
0.004391
0.005413
0.005554
0.005144
0.005266
0.005315
0.004489
0.003754
0.003596
0.002823
0.001039
-0.000786
-0.002380
-0.004065
-0.005230
-0.005196
-0.004627
-0.004300
-0.003818
-0.002854
-0.002042
-0.001708
-0.001233
-0.000233
0.000840
0.001607
0.002286
0.002992
0.003293
0.002928
0.002321
0.001845
0.001327
0.000778
0.000587
0.000669
0.000570
0.000296
0.000066
-0.000249
-0.000730
-0.001097
-0.001125
-0.000938
-0.000775
-0.000806
-0.001158
-0.001766
-0.002210
-0.002148
-0.001773
-0.001334
-0.000550
0.000671
0.001554
0.001547
0.001272
0.001346
0.001043
-0.000809
-0.003261
-0.002769
0.001889
0.005880
0.005174
0.003355
0.003681
0.001698
-0.005090
-0.010399
-0.010166
-0.008700
-0.008033
-0.003677
0.004493
0.009449
0.009015
0.008897
0.010787
0.009685
0.005088
0.002782
0.004320
0.005005
0.002567
-0.000287
-0.002095
-0.004978
-0.009441
-0.012158
-0.011565
-0.010554
-0.010511
-0.008612
-0.004096
-0.000692
-0.000063
0.000764
0.003306
0.005017
0.004765
0.005164
0.007276
0.008584
0.007988
0.007279
0.006842
0.005127
0.002272
-0.000057
-0.001625
-0.003435
-0.005319
-0.005949
-0.005244
-0.004759
-0.005042
-0.004930
-0.004107
-0.003562
-0.003326
-0.002405
-0.000758
0.000782
0.002103
0.003686
0.005138
0.005428
0.004680
0.004175
0.004206
0.003640
0.002118
0.000919
0.000889
0.001033
0.000200
-0.001134
-0.002060
-0.002871
-0.004007
-0.004912
-0.005199
-0.005099
-0.004323
-0.002616
-0.000929
-0.000142
0.000327
0.001274
0.002269
0.002556
0.002492
0.002990
0.003953
0.004395
0.003928
0.002980
0.001889
0.000751
-0.000262
-0.001076
-0.001780
-0.002222
-0.002102
-0.001674
-0.001625
-0.001975
-0.002031
-0.001586
-0.001193
-0.001153
-0.001081
-0.000596
0.000110
0.000545
0.000427
-0.000033
-0.000257
0.000043
0.000542
0.000906
0.001233
0.001667
0.002100
0.002309
0.002025
0.001103
0.000040
-0.000335
-0.000219
-0.000621
-0.001291
-0.000902
0.000263
0.000501
-0.000727
-0.003148
-0.006390
-0.008404
-0.007508
-0.005935
-0.005663
-0.003642
0.002609
0.009188
0.011484
0.011143
0.011893
0.012684
0.010725
0.007399
0.005407
0.003936
0.001223
-0.002106
-0.005178
-0.008515
-0.011845
-0.013360
-0.012490
-0.011141
-0.010494
-0.008737
-0.004496
-0.000117
0.001764
0.002357
0.004077
0.006392
0.007383
0.007229
0.007293
0.007387
0.006523
0.005013
0.003506
0.001558
-0.000889
-0.002615
-0.003246
-0.003995
-0.005227
-0.005630
-0.004552
-0.003134
-0.002407
-0.001842
-0.000699
0.000618
0.001541
0.002276
0.002994
0.003448
0.003656
0.003808
0.003458
0.001909
-0.000247
-0.001242
-0.000704
-0.000345
-0.000985
-0.001469
-0.001403
-0.001903
-0.003145
-0.003847
-0.003358
-0.002423
-0.001651
-0.000658
0.000574
0.001245
0.001415
0.001900
0.002419
0.002264
0.001997
0.002350
0.002808
0.002596
0.001871
0.001213
0.000647
-0.000199
-0.001265
-0.002050
-0.002351
-0.002412
-0.002434
-0.002410
-0.002312
-0.002069
-0.001558
-0.000836
-0.000197
0.000207
0.000643
0.001370
0.002106
0.002427
0.002476
0.002614
0.002673
0.002240
0.001363
0.000355
-0.000648
-0.001468
-0.001893
-0.002060
-0.002116
-0.001796
-0.000888
0.000181
0.000456
-0.000463
-0.001497
-0.001459
-0.001098
-0.001581
-0.001753
-0.000161
0.001812
0.002356
0.002254
0.002291
0.000786
-0.003276
-0.007093
-0.007258
-0.004965
-0.003840
-0.003082
0.001244
0.008026
0.011513
0.010626
0.010175
0.011476
0.010219
0.005695
0.002775
0.002638
0.001130
-0.002820
-0.006139
-0.008273
-0.011280
-0.014406
-0.014655
-0.012146
-0.009907
-0.008297
-0.004604
0.001017
0.004733
0.005449
0.006295
0.008491
0.009532
0.008507
0.007665
0.007733
0.006763
0.004357
0.002315
0.000798
-0.001653
-0.004537
-0.006029
-0.006374
-0.007021
-0.007498
-0.006274
-0.003842
-0.002127
-0.001244
0.000296
0.002388
0.003453
0.003423
0.003566
0.003915
0.003663
0.003271
0.003385
0.002983
0.001674
0.001310
0.002065
0.001234
-0.001470
-0.003293
-0.003789
-0.004701
-0.005734
-0.005317
-0.003708
-0.002433
-0.001855
-0.001052
0.000085
0.000648
0.000876
0.001761
0.002850
0.003226
0.003329
0.003696
0.003628
0.002482
0.001035
0.000355
0.000137
-0.000440
-0.001046
-0.001004
-0.000716
-0.000798
-0.000998
-0.000965
-0.000946
-0.001089
-0.001009
-0.000535
-0.000119
0.000011
0.000214
0.000540
0.000543
0.000221
0.000095
0.000295
0.000325
-0.000153
-0.000724
-0.000850
-0.000848
-0.001192
-0.001387
-0.000914
-0.000252
0.000315
0.001200
0.002030
0.001757
0.000586
-0.000300
-0.000665
-0.001070
-0.001549
-0.001542
-0.000477
0.001308
0.002326
0.002146
0.002109
0.001984
-0.000487
-0.004931
-0.007494
-0.006442
-0.004576
-0.004069
-0.002984
0.000694
0.005392
0.008309
0.008970
0.009258
0.010059
0.009578
0.007107
0.004816
0.003175
0.000112
-0.004005
-0.006748
-0.008271
-0.010132
-0.011423
-0.010449
-0.008292
-0.006935
-0.005504
-0.002225
0.001632
0.003675
0.004262
0.005177
0.006567
0.007269
0.006722
0.005581
0.004531
0.003188
0.001268
-0.000580
-0.002286
-0.004328
-0.005860
-0.005767
-0.004847
-0.004373
-0.003804
-0.002053
0.000301
0.001897
0.002709
0.003516
0.004260
0.004495
0.004247
0.003508
0.002351
0.001616
0.001938
0.002473
0.001943
0.000504
-0.000830
-0.002189
-0.004356
-0.006611
-0.007375
-0.006573
-0.005329
-0.004048
-0.002455
-0.000762
0.000516
0.001380
0.002115
0.002771
0.003490
0.004541
0.005505
0.005401
0.004140
0.002818
0.002067
0.001221
-0.000253
-0.001627
-0.002074
-0.001918
-0.001909
-0.002128
-0.002231
-0.002118
-0.001903
-0.001589
-0.001168
-0.000835
-0.000614
-0.000168
0.000514
0.000891
0.000813
0.000812
0.001111
0.001215
0.000828
0.000424
0.000467
0.000660
0.000521
0.000163
-0.000097
-0.000319
-0.000625
-0.000770
-0.000552
-0.000212
0.000060
0.000312
0.000244
-0.000391
-0.001043
-0.001232
-0.001302
-0.001540
-0.001509
-0.000638
0.000898
0.002119
0.002519
0.002816
0.003168
0.001816
-0.002221
-0.006255
-0.007154
-0.006169
-0.005990
-0.005339
-0.001852
0.003121
0.006953
0.009214
0.010620
0.011299
0.010747
0.008757
0.006061
0.003314
0.000311
-0.002898
-0.005657
-0.007833
-0.009705
-0.010829
-0.010401
-0.008846
-0.007441
-0.006003
-0.003275
0.000187
0.002613
0.003961
0.005334
0.006703
0.007355
0.007119
0.006141
0.004590
0.002806
0.001110
-0.000522
-0.002333
-0.004166
-0.005269
-0.005180
-0.004468
-0.003932
-0.003367
-0.002045
-0.000195
0.001269
0.002323
0.003564
0.004727
0.004829
0.003552
0.002122
0.002237
0.003316
0.002971
0.001196
0.000112
-0.000429
-0.002099
-0.004447
-0.005929
-0.006268
-0.005781
-0.004614
-0.003161
-0.001886
-0.000784
0.000350
0.001308
0.001837
0.002306
0.003163
0.004152
0.004560
0.004008
0.002968
0.002140
0.001396
0.000246
-0.001066
-0.001805
-0.001672
-0.001149
-0.000952
-0.001133
-0.001217
-0.001036
-0.000726
-0.000394
-0.000204
-0.000171
0.000054
0.000559
0.000752
0.000253
-0.000382
-0.000456
-0.000156
-0.000072
-0.000098
0.000246
0.000692
0.000559
-0.000053
-0.000521
-0.000753
-0.000983
-0.001058
-0.000769
-0.000320
0.000094
0.000569
0.000887
0.000536
-0.000244
-0.000590
-0.000390
-0.000122
0.000217
0.000839
0.001477
0.001566
0.000653
-0.001202
-0.002901
-0.002406
0.001010
0.004118
0.002870
-0.001087
-0.002806
-0.002552
-0.004075
-0.006244
-0.004914
-0.000581
0.002918
0.004581
0.005996
0.007340
0.007382
0.006075
0.004651
0.003478
0.001810
-0.000145
-0.001244
-0.002072
-0.004383
-0.007111
-0.007206
-0.005139
-0.004518
-0.005642
-0.004998
-0.001755
0.000877
0.001350
0.001632
0.002934
0.004037
0.004149
0.003914
0.003503
0.002349
0.000890
0.000270
0.000104
-0.001106
-0.002944
-0.003272
-0.001974
-0.001277
-0.001766
-0.001529
0.000076
0.001271
0.001172
0.001040
0.001638
0.002099
0.001770
0.000875
-0.000357
-0.001000
0.000324
0.002344
0.002100
0.000241
-0.000227
0.000239
-0.000837
-0.002997
-0.003855
-0.002824
-0.001385
-0.000646
-0.000172
0.000482
0.000844
0.000740
0.000542
0.000281
0.000033
0.000411
0.001436
0.001959
0.001243
0.000153
-0.000268
-0.000330
-0.000861
-0.001703
-0.001818
-0.000792
0.000425
0.000864
0.000805
0.000901
0.001087
0.001039
0.000784
0.000526
0.000425
0.000575
0.000864
0.000800
0.000053
-0.000791
-0.000993
-0.000876
-0.001178
-0.001685
-0.001649
-0.001134
-0.000897
-0.001093
-0.001123
-0.000776
-0.000388
-0.000028
0.000411
0.000830
0.001247
0.001669
0.001696
0.001192
0.000769
0.000723
0.000480
-0.000144
-0.000422
0.000033
0.000757
0.001223
0.001323
0.001299
0.001162
0.000046
-0.002758
-0.005936
-0.007146
-0.006370
-0.005607
-0.004767
-0.002079
0.001498
0.003696
0.005250
0.007567
0.009406
0.009540
0.008724
0.007610
0.005856
0.003223
0.000199
-0.002438
-0.004592
-0.006705
-0.008538
-0.009241
-0.008625
-0.007470
-0.006243
-0.004302
-0.001401
0.001271
0.002958
0.004248
0.005320
0.005692
0.005497
0.005080
0.004226
0.002740
0.000946
-0.000694
-0.002121
-0.003598
-0.004908
-0.005326
-0.004797
-0.003976
-0.002985
-0.001550
0.000011
0.001293
0.002488
0.003638
0.004247
0.004167
0.003899
0.003571
0.002579
0.001150
0.000938
0.002141
0.002286
0.000408
-0.001239
-0.001661
-0.002600
-0.004526
-0.005604
-0.004884
-0.003491
-0.002567
-0.001832
-0.000788
0.000048
0.000280
0.000518
0.001039
0.001317
0.001493
0.002268
0.003168
0.002975
0.001863
0.001132
0.001038
0.000675
-0.000210
-0.000772
-0.000498
0.000006
0.000084
-0.000010
0.000103
0.000140
-0.000077
-0.000153
-0.000056
-0.000281
-0.000755
-0.000875
-0.000701
-0.000916
-0.001497
-0.001553
-0.000867
-0.000346
-0.000425
-0.000375
0.000226
0.000721
0.000577
0.000227
0.000269
0.000662
0.001021
0.001200
0.001352
0.001483
0.001193
0.000218
-0.000947
-0.001637
-0.001923
-0.001947
-0.001250
0.000099
0.001140
0.001550
0.001790
0.001742
0.000816
-0.001203
-0.003982
-0.006136
-0.006101
-0.004634
-0.003473
-0.001996
0.000654
0.002863
0.003946
0.005657
0.008151
0.009498
0.009341
0.008759
0.007584
0.004892
0.001238
-0.001825
-0.004093
-0.006612
-0.009280
-0.010563
-0.009822
-0.008287
-0.007031
-0.005386
-0.002705
-0.000063
0.001662
0.003275
0.005193
0.006363
0.006333
0.006010
0.005765
0.004765
0.002724
0.000631
-0.000895
-0.002407
-0.004183
-0.005417
-0.005469
-0.004828
-0.004158
-0.003117
-0.001195
0.000905
0.002167
0.002848
0.003669
0.004264
0.003900
0.002999
0.002413
0.001760
0.000349
-0.000631
0.000320
0.001644
0.000919
-0.000719
-0.001086
-0.001307
-0.003053
-0.004876
-0.004750
-0.003265
-0.002140
-0.001435
-0.000231
0.000931
0.000975
0.000634
0.001012
0.001541
0.001545
0.001709
0.002531
0.003017
0.002184
0.000772
0.000030
-0.000258
-0.000971
-0.001806
-0.001780
-0.000951
-0.000294
-0.000139
0.000021
0.000292
0.000254
-0.000065
-0.000155
0.000119
0.000344
0.000307
0.000334
0.000515
0.000369
-0.000139
-0.000357
-0.000163
-0.000192
-0.000537
-0.000499
-0.000041
-0.000055
-0.000692
-0.001011
-0.000674
-0.000328
-0.000162
0.000382
0.001354
0.001869
0.001234
-0.000187
-0.001557
-0.002385
-0.002382
-0.001336
0.000327
0.001768
0.002665
0.002992
0.002459
0.001156
-0.000478
-0.002545
-0.004689
-0.005514
-0.004923
-0.004189
-0.003068
-0.000751
0.001637
0.003154
0.004791
0.006925
0.008338
0.008480
0.007897
0.006606
0.004262
0.001367
-0.001282
-0.003630
-0.005852
-0.007691
-0.008648
-0.008372
-0.007192
-0.005886
-0.004464
-0.002387
0.000011
0.001960
0.003500
0.004868
0.005700
0.005822
0.005589
0.004961
0.003562
0.001670
-0.000030
-0.001447
-0.002959
-0.004512
-0.005452
-0.005374
-0.004710
-0.003976
-0.002912
-0.001181
0.000763
0.002308
0.003420
0.004204
0.004553
0.004462
0.004026
0.003142
0.001773
0.000421
-0.000326
-0.000565
-0.000621
-0.000451
-0.000234
-0.000434
-0.001090
-0.002013
-0.002966
-0.003444
-0.003240
-0.002642
-0.001904
-0.001221
-0.000610
0.000103
0.000720
0.000957
0.001084
0.001434
0.001867
0.002068
0.001997
0.001859
0.001621
0.001032
0.000245
-0.000354
-0.000702
-0.000870
-0.000881
-0.000795
-0.000655
-0.000516
-0.000416
-0.000255
-0.000007
0.000156
0.000201
0.000384
0.000782
0.001000
0.000809
0.000590
0.000554
0.000363
-0.000067
-0.000390
-0.000524
-0.000700
-0.000934
-0.001049
-0.001119
-0.001357
-0.001588
-0.001384
-0.000752
-0.000143
0.000281
0.000894
0.001728
0.001864
0.000766
-0.000468
-0.000722
-0.000488
-0.000367
0.000087
0.001044
0.001800
0.001832
0.001420
0.001113
0.000462
-0.001882
-0.005531
-0.007491
-0.005987
-0.003000
-0.000724
0.001479
0.004123
0.005640
0.005501
0.005190
0.005332
0.005201
0.004560
0.003704
0.002361
0.000096
-0.002380
-0.003789
-0.004346
-0.005369
-0.006715
-0.006792
-0.005159
-0.003232
-0.002050
-0.000816
0.001345
0.003515
0.004420
0.004380
0.004304
0.004072
0.003216
0.002041
0.001019
-0.000083
-0.001525
-0.002793
-0.003439
-0.003961
-0.004710
-0.004846
-0.003674
-0.002099
-0.001259
-0.000533
0.001266
0.003481
0.004531
0.004521
0.004602
0.004669
0.003965
0.002716
0.001493
0.000298
-0.000894
-0.001868
-0.002467
-0.002397
-0.001478
-0.000389
-0.000006
-0.000346
-0.001099
-0.002130
-0.003025
-0.003280
-0.002879
-0.002172
-0.001430
-0.000542
0.000535
0.001134
0.000914
0.000870
0.001691
0.002492
0.002565
0.002566
0.002956
0.003018
0.002143
0.000816
-0.000226
-0.000873
-0.001321
-0.001605
-0.001704
-0.001708
-0.001722
-0.001627
-0.001268
-0.000829
-0.000490
-0.000035
0.000625
0.001125
0.001199
0.001068
0.001080
0.001145
0.000850
0.000168
-0.000425
-0.000671
-0.000840
-0.001120
-0.001223
-0.000998
-0.000797
-0.000752
-0.000445
0.000224
0.000774
0.001068
0.001496
0.001869
0.001343
0.000035
-0.000794
-0.000828
-0.001041
-0.001518
-0.001269
-0.000276
0.000526
0.000857
0.001069
0.001190
0.000585
-0.001481
-0.004196
-0.005186
-0.003818
-0.002203
-0.001274
0.000526
0.003155
0.004066
0.003002
0.002990
0.004910
0.005997
0.005179
0.004622
0.004871
0.003684
0.000534
-0.002257
-0.003522
-0.004806
-0.006897
-0.007847
-0.006348
-0.004329
-0.003639
-0.002941
-0.000798
0.001234
0.001633
0.001845
0.003273
0.004505
0.004160
0.003399
0.003355
0.002945
0.001152
-0.000891
-0.001905
-0.002578
-0.003791
-0.004526
-0.003721
-0.002461
-0.002023
-0.001558
0.000044
0.001840
0.002535
0.002666
0.003219
0.003702
0.003277
0.002371
0.001699
0.001000
-0.000149
-0.001383
-0.002077
-0.001995
-0.001291
-0.000437
0.000110
0.000251
-0.000053
-0.000880
-0.001834
-0.002189
-0.001790
-0.001103
-0.000489
-0.000099
-0.000019
-0.000094
-0.000131
-0.000189
-0.000116
0.000526
0.001591
0.002392
0.002661
0.002464
0.001730
0.000587
-0.000507
-0.001165
-0.001352
-0.001266
-0.000973
-0.000525
-0.000273
-0.000431
-0.000640
-0.000497
-0.000100
0.000294
0.000773
0.001476
0.002057
0.002021
0.001349
0.000402
-0.000457
-0.001059
-0.001474
-0.001782
-0.001890
-0.001700
-0.001314
-0.001010
-0.000971
-0.001065
-0.000897
-0.000200
0.000734
0.001360
0.001764
0.002424
0.002915
0.002165
0.000362
-0.000958
-0.001123
-0.001028
-0.001125
-0.000559
0.000732
0.001320
0.000853
0.000564
0.000553
-0.000546
-0.002953
-0.004783
-0.004441
-0.003189
-0.002954
-0.002481
-0.000002
0.002495
0.002798
0.002700
0.004338
0.006221
0.006307
0.005605
0.005603
0.005016
0.002436
-0.000556
-0.002096
-0.003130
-0.005135
-0.006977
-0.006649
-0.004910
-0.004085
-0.003856
-0.002188
0.000283
0.001310
0.001304
0.002228
0.003740
0.004088
0.003391
0.002937
0.002484
0.000988
-0.000993
-0.002096
-0.002524
-0.003365
-0.004276
-0.003978
-0.002633
-0.001636
-0.001154
-0.000066
0.001619
0.002633
0.002839
0.003377
0.004267
0.004312
0.003423
0.002638
0.002076
0.000939
-0.000784
-0.002142
-0.002667
-0.002816
-0.002696
-0.001809
-0.000570
-0.000170
-0.000646
-0.001045
-0.001186
-0.001487
-0.001722
-0.001334
-0.000524
-0.000076
-0.000105
0.000051
0.000493
0.000584
0.000364
0.000613
0.001411
0.001987
0.002036
0.002030
0.002065
0.001577
0.000541
-0.000225
-0.000364
-0.000418
-0.000744
-0.001006
-0.000948
-0.000836
-0.000889
-0.000882
-0.000668
-0.000451
-0.000269
0.000096
0.000583
0.000791
0.000561
0.000242
0.000114
-0.000076
-0.000498
-0.000795
-0.000761
-0.000655
-0.000556
-0.000273
0.000050
0.000085
0.000008
0.000232
0.000646
0.000811
0.000733
0.000918
0.001427
0.001346
0.000153
-0.001007
-0.001084
-0.000905
-0.001268
-0.001321
-0.000437
0.000549
0.000862
0.000712
0.000443
-0.000260
-0.001936
-0.003973
-0.004618
-0.003447
-0.001972
-0.000723
0.001351
0.003796
0.004540
0.003529
0.003072
0.003988
0.004691
0.004457
0.004221
0.004005
0.002732
0.000347
-0.002062
-0.003795
-0.005108
-0.006299
-0.006687
-0.005584
-0.003827
-0.002585
-0.001563
-0.000132
0.001170
0.001739
0.002125
0.002904
0.003495
0.003237
0.002522
0.001933
0.001222
-0.000028
-0.001434
-0.002316
-0.002725
-0.003064
-0.003084
-0.002382
-0.001341
-0.000471
0.000378
0.001365
0.002152
0.002551
0.002808
0.003044
0.003034
0.002603
0.001862
0.000846
-0.000599
-0.002040
-0.002568
-0.002264
-0.001931
-0.001425
-0.000324
0.000602
0.000500
-0.000206
-0.000677
-0.000754
-0.000804
-0.001017
-0.001103
-0.000729
-0.000031
0.000525
0.000605
0.000310
0.000034
0.000042
0.000331
0.000694
0.000928
0.001135
0.001468
0.001575
0.000975
-0.000024
-0.000564
-0.000452
-0.000410
-0.000842
-0.001177
-0.000907
-0.000376
-0.000112
-0.000110
-0.000044
0.000217
0.000529
0.000730
0.000734
0.000539
0.000313
0.000215
0.000099
-0.000275
-0.000789
-0.001021
-0.000799
-0.000408
-0.000179
-0.000170
-0.000220
-0.000102
0.000202
0.000384
0.000284
0.000233
0.000526
0.000829
0.000544
-0.000192
-0.000562
-0.000508
-0.000820
-0.001312
-0.000956
-0.000008
0.000463
0.000623
0.001162
0.001640
0.001168
-0.000348
-0.002140
-0.003167
-0.003164
-0.002792
-0.002088
-0.000256
0.002161
0.003206
0.002520
0.001880
0.002191
0.002579
0.002661
0.003020
0.003395
0.002833
0.001441
0.000062
-0.001168
-0.002538
-0.003775
-0.004197
-0.003674
-0.002982
-0.002616
-0.001948
-0.000614
0.000533
0.000886
0.000989
0.001375
0.001808
0.001884
0.001635
0.001323
0.000896
0.000152
-0.000727
-0.001441
-0.002039
-0.002546
-0.002639
-0.002149
-0.001396
-0.000691
0.000115
0.001168
0.002105
0.002485
0.002413
0.002316
0.002338
0.002205
0.001643
0.000684
-0.000357
-0.001104
-0.001497
-0.001574
-0.001035
-0.000002
0.000676
0.000764
0.000678
0.000225
-0.000873
-0.001927
-0.002083
-0.001481
-0.000993
-0.001015
-0.001038
-0.000693
-0.000414
-0.000505
-0.000417
0.000328
0.001229
0.001604
0.001609
0.001618
0.001410
0.000785
0.000152
-0.000105
-0.000131
-0.000102
0.000167
0.000648
0.000767
0.000272
-0.000246
-0.000284
-0.000151
-0.000267
-0.000385
-0.000097
0.000316
0.000236
-0.000297
-0.000764
-0.001016
-0.001186
-0.001179
-0.000898
-0.000540
-0.000245
0.000129
0.000565
0.000651
0.000219
-0.000189
-0.000027
0.000465
0.000676
0.000568
0.000626
0.000931
0.000896
0.000199
-0.000595
-0.000887
-0.000891
-0.000872
-0.000466
0.000307
0.000688
0.000592
0.000763
0.001247
0.001279
0.000509
-0.000876
-0.002545
-0.003787
-0.003971
-0.003367
-0.002362
-0.000668
0.001508
0.002960
0.002993
0.002294
0.002097
0.002805
0.003546
0.003588
0.003323
0.002972
0.001973
0.000334
-0.001220
-0.002476
-0.003589
-0.004128
-0.003628
-0.002649
-0.001990
-0.001425
-0.000463
0.000466
0.000677
0.000370
0.000321
0.000784
0.001183
0.001039
0.000638
0.000297
-0.000182
-0.000840
-0.001353
-0.001711
-0.002083
-0.002122
-0.001415
-0.000322
0.000546
0.001243
0.002083
0.002785
0.002835
0.002425
0.002167
0.002019
0.001456
0.000545
-0.000254
-0.001042
-0.001993
-0.002564
-0.002199
-0.001108
0.000049
0.000800
0.001147
0.001093
0.000307
-0.000981
-0.001755
-0.001630
-0.001153
-0.000728
-0.000466
-0.000415
-0.000402
-0.000397
-0.000578
-0.000674
-0.000206
0.000703
0.001540
0.002028
0.002179
0.002081
0.001708
0.000899
-0.000174
-0.000858
-0.000826
-0.000501
-0.000349
-0.000346
-0.000330
-0.000336
-0.000467
-0.000706
-0.000887
-0.000799
-0.000368
0.000234
0.000697
0.000833
0.000744
0.000640
0.000500
0.000144
-0.000321
-0.000489
-0.000256
0.000009
0.000033
-0.000067
-0.000198
-0.000465
-0.000739
-0.000669
-0.000310
-0.000047
0.000073
0.000310
0.000627
0.000571
-0.000013
-0.000486
-0.000334
-0.000119
-0.000408
-0.000625
-0.000172
0.000424
0.000574
0.000727
0.001337
0.001707
0.000966
-0.000654
-0.002181
-0.002893
-0.002944
-0.002856
-0.002193
-0.000319
0.001741
0.002621
0.002574
0.002260
0.001768
0.001434
0.001632
0.002060
0.002204
0.002061
0.001889
0.001398
0.000045
-0.001759
-0.002892
-0.002938
-0.002526
-0.002336
-0.002137
-0.001386
-0.000513
-0.000267
-0.000371
-0.000272
-0.000107
0.000020
0.000445
0.001107
0.001400
0.001126
0.000761
0.000522
0.000028
-0.000804
-0.001322
-0.001074
-0.000479
-0.000097
0.000138
0.000481
0.000796
0.000846
0.000669
0.000387
0.000064
-0.000174
-0.000279
-0.000488
-0.000857
-0.000802
0.000154
0.001493
0.002253
0.002197
0.001797
0.001240
0.000198
-0.001224
-0.002126
-0.001912
-0.001093
-0.000483
-0.000315
-0.000546
-0.001156
-0.001748
-0.001705
-0.001057
-0.000342
0.000327
0.001174
0.001947
0.001982
0.001130
0.000120
-0.000368
-0.000446
-0.000390
-0.000125
0.000389
0.000903
0.001077
0.000789
0.000260
-0.000193
-0.000396
-0.000285
0.000032
0.000303
0.000460
0.000602
0.000609
0.000199
-0.000523
-0.001022
-0.000994
-0.000695
-0.000510
-0.000467
-0.000360
-0.000146
-0.000013
-0.000109
-0.000379
-0.000599
-0.000534
-0.000170
0.000216
0.000329
0.000192
0.000136
0.000294
0.000288
-0.000117
-0.000455
-0.000254
0.000274
0.000691
0.000918
0.001185
0.001498
0.001393
0.000700
0.000022
-0.000215
-0.000364
-0.000785
-0.001503
-0.002448
-0.003234
-0.003288
-0.002610
-0.001662
-0.000610
0.000662
0.001998
0.002871
0.002959
0.002697
0.002747
0.003037
0.002965
0.002382
0.001754
0.001365
0.000830
-0.000212
-0.001428
-0.002386
-0.003080
-0.003417
-0.003170
-0.002547
-0.001934
-0.001364
-0.000732
-0.000137
0.000223
0.000400
0.000692
0.001131
0.001378
0.001260
0.000979
0.000752
0.000511
0.000096
-0.000375
-0.000660
-0.000721
-0.000591
-0.000261
0.000091
0.000225
0.000179
0.000141
0.000132
0.000061
-0.000050
-0.000097
-0.000138
-0.000466
-0.001075
-0.001109
0.000153
0.001909
0.002917
0.003251
0.003332
0.002598
0.000662
-0.001475
-0.002458
-0.002208
-0.001763
-0.001636
-0.001502
-0.001447
-0.001844
-0.002274
-0.002092
-0.001425
-0.000649
0.000350
0.001688
0.002750
0.002759
0.001928
0.001150
0.000661
0.000031
-0.000558
-0.000343
0.000531
0.001008
0.000712
0.000177
-0.000301
-0.000816
-0.001175
-0.001020
-0.000447
0.000109
0.000513
0.000866
0.000945
0.000467
-0.000219
-0.000505
-0.000416
-0.000414
-0.000497
-0.000269
0.000170
0.000261
-0.000061
-0.000339
-0.000426
-0.000506
-0.000449
0.000022
0.000612
0.000734
0.000358
-0.000127
-0.000576
-0.000981
-0.001131
-0.000886
-0.000480
-0.000151
0.000257
0.000865
0.001347
0.001442
0.001303
0.001033
0.000503
-0.000216
-0.000720
-0.000744
-0.000528
-0.000638
-0.001409
-0.002325
-0.002487
-0.001959
-0.001303
-0.000179
0.001600
0.002997
0.003383
0.003196
0.002659
0.001819
0.001105
0.000789
0.000663
0.000396
-0.000003
-0.000203
-0.000343
-0.001036
-0.002185
-0.002869
-0.002650
-0.002103
-0.001707
-0.001062
0.000038
0.000847
0.000906
0.000683
0.000555
0.000444
0.000375
0.000534
0.000849
0.000929
0.000651
0.000429
0.000366
-0.000094
-0.000984
-0.001462
-0.001199
-0.000841
-0.000726
-0.000415
0.000189
0.000510
0.000352
0.000089
-0.000158
-0.000466
-0.000554
-0.000082
0.000853
0.001895
0.002748
0.003119
0.002741
0.001669
0.000277
-0.001058
-0.001962
-0.002110
-0.001650
-0.001170
-0.001083
-0.001395
-0.001877
-0.002256
-0.002269
-0.001682
-0.000526
0.000791
0.001837
0.002423
0.002440
0.001824
0.000820
-0.000009
-0.000282
-0.000187
-0.000041
0.000237
0.000673
0.000825
0.000397
-0.000319
-0.000862
-0.001006
-0.000767
-0.000234
0.000449
0.000986
0.001161
0.001048
0.000690
0.000009
-0.000760
-0.001108
-0.000863
-0.000381
-0.000081
-0.000038
-0.000123
-0.000322
-0.000691
-0.001040
-0.001019
-0.000577
-0.000016
0.000458
0.000860
0.001089
0.000919
0.000388
-0.000141
-0.000420
-0.000528
-0.000518
-0.000202
0.000420
0.000860
0.000697
0.000158
-0.000218
-0.000307
-0.000360
-0.000289
0.000169
0.000618
0.000516
0.000091
-0.000255
-0.000559
-0.000788
-0.000837
-0.000996
-0.001403
-0.001450
-0.000663
0.000306
0.000705
0.000981
0.001670
0.002093
0.001584
0.000850
0.000903
0.001447
0.001367
0.000551
0.000017
-0.000005
-0.000374
-0.001123
-0.001419
-0.001421
-0.001848
-0.002188
-0.001525
-0.000421
0.000004
0.000006
0.000412
0.000884
0.000727
0.000411
0.000763
0.001411
0.001390
0.000782
0.000420
0.000291
-0.000276
-0.001060
-0.001248
-0.000990
-0.000939
-0.000851
-0.000277
0.000275
0.000188
-0.000128
0.000041
0.000478
0.000507
0.000296
0.000503
0.000945
0.000913
0.000454
0.000145
-0.000011
-0.000408
-0.000884
-0.000965
-0.000802
-0.000817
-0.000769
-0.000261
0.000288
0.000266
-0.000046
0.000038
0.000445
0.000557
0.000321
0.000240
0.000403
0.000388
0.000073
-0.000228
-0.000389
-0.000534
-0.000582
-0.000399
-0.000128
0.000045
0.000178
0.000357
0.000392
0.000138
-0.000035
0.000237
0.000617
0.000598
0.000355
0.000365
0.000533
0.000385
-0.000062
-0.000381
-0.000468
-0.000481
-0.000437
-0.000317
-0.000232
-0.000258
-0.000295
-0.000246
-0.000237
-0.000357
-0.000303
0.000149
0.000612
0.000720
0.000715
0.000773
0.000618
0.000122
-0.000478
-0.000928
-0.001119
-0.001074
-0.000822
-0.000450
-0.000252
-0.000295
-0.000203
0.000144
0.000442
0.000537
0.000547
0.000668
0.000926
0.001005
0.000787
0.000576
0.000134
-0.001170
-0.002627
-0.002548
-0.000950
0.000453
0.001281
0.002560
0.003734
0.003057
0.000807
-0.000916
-0.001185
-0.000937
-0.001027
-0.001093
-0.000754
-0.000597
-0.000990
-0.001363
-0.001436
-0.001566
-0.001539
-0.000582
0.001060
0.002013
0.001928
0.001922
0.002226
0.001774
0.000460
-0.000436
-0.000218
0.000312
0.000245
-0.000141
-0.000330
-0.000690
-0.001466
-0.002004
-0.001881
-0.001463
-0.000973
-0.000120
0.001061
0.001790
0.001580
0.001041
0.000807
0.000601
0.000111
-0.000298
-0.000256
-0.000041
-0.000104
-0.000354
-0.000506
-0.000658
-0.000813
-0.000572
0.000078
0.000582
0.000697
0.000697
0.000650
0.000269
-0.000393
-0.000790
-0.000680
-0.000441
-0.000373
-0.000333
-0.000233
-0.000253
-0.000434
-0.000497
-0.000265
0.000068
0.000343
0.000671
0.001001
0.000997
0.000602
0.000238
0.000194
0.000250
0.000181
0.000145
0.000270
0.000355
0.000238
0.000044
-0.000112
-0.000295
-0.000525
-0.000665
-0.000599
-0.000403
-0.000268
-0.000249
-0.000200
-0.000063
-0.000019
-0.000173
-0.000319
-0.000219
0.000072
0.000358
0.000524
0.000524
0.000376
0.000201
0.000076
-0.000016
-0.000048
0.000011
0.000123
0.000196
0.000099
-0.000186
-0.000458
-0.000564
-0.000639
-0.000789
-0.000772
-0.000362
0.000287
0.000866
0.001159
0.001055
0.000654
0.000231
-0.000043
-0.000153
-0.000106
0.000057
0.000169
0.000017
-0.000383
-0.000709
-0.000809
-0.000965
-0.001266
-0.001210
-0.000476
0.000432
0.000940
0.001270
0.001665
0.001638
0.000956
0.000259
0.000072
0.000168
0.000094
-0.000148
-0.000222
-0.000209
-0.000449
-0.000752
-0.000805
-0.000860
-0.001055
-0.000885
-0.000132
0.000547
0.000609
0.000439
0.000522
0.000582
0.000223
-0.000232
-0.000207
0.000236
0.000514
0.000406
0.000241
0.000179
0.000034
-0.000145
-0.000099
0.000091
0.000096
-0.000068
-0.000083
-0.000007
-0.000225
-0.000627
-0.000682
-0.000420
-0.000356
-0.000480
-0.000300
0.000205
0.000509
0.000424
0.000310
0.000323
0.000206
-0.000078
-0.000184
-0.000001
0.000120
-0.000051
-0.000272
-0.000319
-0.000340
-0.000416
-0.000311
0.000049
0.000330
0.000339
0.000334
0.000446
0.000328
-0.000142
-0.000433
-0.000181
0.000206
0.000280
0.000227
0.000322
0.000378
0.000182
-0.000054
-0.000113
-0.000115
-0.000182
-0.000204
-0.000140
-0.000171
-0.000372
-0.000447
-0.000181
0.000164
0.000338
0.000525
0.000811
0.000818
0.000361
-0.000142
-0.000312
-0.000308
-0.000363
-0.000344
-0.000127
-0.000004
-0.000287
-0.000765
-0.000961
-0.000717
-0.000298
0.000012
0.000168
0.000259
0.000375
0.000500
0.000438
0.000143
-0.000079
-0.000063
-0.000041
-0.000137
-0.000079
0.000348
0.000855
0.000933
0.000547
0.000170
0.000058
-0.000076
-0.000466
-0.000755
-0.000513
0.000032
0.000312
0.000153
-0.000143
-0.000276
-0.000249
-0.000172
-0.000083
-0.000066
-0.000157
-0.000194
-0.000101
-0.000058
-0.000137
-0.000102
0.000299
0.000875
0.000993
0.000396
-0.000279
-0.000343
-0.000053
-0.000111
-0.000472
-0.000484
-0.000057
0.000183
-0.000010
-0.000139
0.000080
0.000312
0.000352
0.000362
0.000392
0.000378
0.000366
0.000347
0.000169
-0.000264
-0.000765
-0.000926
-0.000566
-0.000040
0.000265
0.000434
0.000588
0.000454
-0.000099
-0.000707
-0.000971
-0.000813
-0.000416
-0.000066
0.000077
0.000078
0.000060
0.000049
-0.000033
-0.000141
-0.000049
0.000303
0.000647
0.000712
0.000468
0.000100
-0.000123
-0.000130
-0.000142
-0.000295
-0.000409
-0.000312
-0.000123
-0.000061
-0.000174
-0.000304
-0.000243
0.000063
0.000430
0.000639
0.000697
0.000728
0.000685
0.000414
-0.000042
-0.000430
-0.000568
-0.000477
-0.000287
-0.000140
-0.000119
-0.000157
-0.000127
-0.000061
-0.000071
-0.000102
0.000018
0.000286
0.000463
0.000381
0.000155
-0.000015
-0.000092
-0.000181
-0.000365
-0.000518
-0.000407
-0.000077
0.000163
0.000139
-0.000064
-0.000223
-0.000220
-0.000190
-0.000216
-0.000088
0.000289
0.000647
0.000715
0.000517
0.000294
0.000215
0.000169
0.000005
-0.000210
-0.000349
-0.000373
-0.000302
-0.000225
-0.000218
-0.000196
-0.000026
0.000190
0.000175
-0.000107
-0.000337
-0.000287
-0.000132
-0.000056
0.000050
0.000201
0.000240
0.000214
0.000231
0.000262
0.000373
0.000586
0.000701
0.000623
0.000418
0.000111
-0.000243
-0.000580
-0.000897
-0.001099
-0.001068
-0.000843
-0.000522
-0.000180
0.000118
0.000348
0.000496
0.000608
0.000745
0.000759
0.000531
0.000308
0.000230
0.000102
-0.000086
-0.000146
-0.000138
-0.000237
-0.000403
-0.000436
-0.000298
-0.000216
-0.000261
-0.000148
0.000194
0.000432
0.000397
0.000312
0.000338
0.000317
0.000116
-0.000088
-0.000110
-0.000089
-0.000193
-0.000338
-0.000441
-0.000542
-0.000616
-0.000554
-0.000356
-0.000123
0.000073
0.000210
0.000245
0.000137
0.000001
0.000049
0.000264
0.000383
0.000292
0.000168
0.000143
0.000144
0.000078
-0.000011
-0.000008
0.000089
0.000169
0.000241
0.000382
0.000460
0.000292
-0.000015
-0.000194
-0.000198
-0.000173
-0.000176
-0.000170
-0.000199
-0.000325
-0.000453
-0.000443
-0.000333
-0.000247
-0.000166
0.000012
0.000256
0.000392
0.000323
0.000137
-0.000042
-0.000153
-0.000159
-0.000053
0.000102
0.000186
0.000170
0.000153
0.000160
0.000132
0.000116
0.000182
0.000220
0.000080
-0.000191
-0.000419
-0.000492
-0.000423
-0.000338
-0.000328
-0.000344
-0.000297
-0.000170
0.000041
0.000316
0.000568
0.000748
0.000852
0.000816
0.000593
0.000238
-0.000083
-0.000143
0.000062
0.000151
-0.000134
-0.000513
-0.000624
-0.000557
-0.000635
-0.000819
-0.000669
-0.000032
0.000679
0.001084
0.001115
0.000804
0.000313
-0.000136
-0.000510
-0.000823
-0.000957
-0.000788
-0.000354
0.000012
-0.000019
-0.000249
-0.000266
-0.000075
0.000083
0.000201
0.000502
0.001088
0.001628
0.001627
0.001048
0.000296
-0.000287
-0.000656
-0.000968
-0.001288
-0.001408
-0.001126
-0.000607
-0.000272
-0.000275
-0.000282
0.000020
0.000451
0.000687
0.000760
0.000858
0.000938
0.000844
0.000517
0.000022
-0.000433
-0.000637
-0.000608
-0.000509
-0.000419
-0.000283
-0.000082
0.000040
-0.000001
-0.000040
0.000056
0.000188
0.000238
0.000198
0.000084
-0.000076
-0.000195
-0.000180
-0.000079
-0.000025
-0.000015
0.000047
0.000160
0.000251
0.000272
0.000249
0.000240
0.000239
0.000176
0.000075
0.000059
0.000114
0.000049
-0.000210
-0.000504
-0.000671
-0.000706
-0.000645
-0.000455
-0.000172
0.000068
0.000258
0.000480
0.000635
0.000562
0.000383
0.000344
0.000401
0.000298
-0.000011
-0.000274
-0.000333
-0.000370
-0.000514
-0.000573
-0.000425
-0.000259
-0.000219
-0.000199
-0.000077
0.000106
0.000247
0.000324
0.000418
0.000550
0.000547
0.000307
0.000092
0.000139
0.000224
0.000086
-0.000106
-0.000106
0.000003
-0.000006
-0.000138
-0.000226
-0.000262
-0.000357
-0.000446
-0.000370
-0.000127
0.000138
0.000279
0.000266
0.000132
-0.000119
-0.000371
-0.000404
-0.000209
0.000050
0.000288
0.000435
0.000355
0.000067
-0.000179
-0.000216
-0.000106
0.000014
0.000074
0.000111
0.000139
0.000091
0.000010
-0.000019
-0.000066
-0.000140
-0.000105
0.000037
0.000202
0.000352
0.000435
0.000440
0.000357
0.000111
-0.000244
-0.000479
-0.000430
-0.000150
0.000172
0.000367
0.000373
0.000257
0.000096
-0.000120
-0.000355
-0.000461
-0.000381
-0.000249
-0.000177
-0.000129
-0.000081
-0.000114
-0.000276
-0.000454
-0.000497
-0.000368
-0.000102
0.000242
0.000496
0.000434
0.000086
-0.000174
-0.000104
0.000084
0.000194
0.000396
0.000774
0.001023
0.000883
0.000479
0.000092
-0.000192
-0.000427
-0.000563
-0.000514
-0.000386
-0.000334
-0.000325
-0.000307
-0.000363
-0.000477
-0.000444
-0.000170
0.000138
0.000288
0.000383
0.000522
0.000528
0.000305
0.000048
-0.000086
-0.000160
-0.000224
-0.000204
-0.000054
0.000119
0.000180
0.000170
0.000225
0.000296
0.000231
0.000102
0.000111
0.000202
0.000141
-0.000090
-0.000316
-0.000437
-0.000468
-0.000452
-0.000425
-0.000418
-0.000399
-0.000226
0.000123
0.000397
0.000396
0.000261
0.000236
0.000309
0.000302
0.000194
0.000136
0.000116
0.000006
-0.000105
-0.000077
-0.000035
-0.000088
-0.000089
0.000034
0.000097
-0.000045
-0.000296
-0.000446
-0.000375
-0.000169
-0.000016
0.000014
0.000002
0.000029
0.000101
0.000204
0.000302
0.000313
0.000221
0.000148
0.000145
0.000078
-0.000096
-0.000221
-0.000236
-0.000231
-0.000214
-0.000115
0.000063
0.000247
0.000366
0.000385
0.000281
0.000067
-0.000146
-0.000227
-0.000171
-0.000058
0.000062
0.000168
0.000165
-0.000054
-0.000352
-0.000460
-0.000351
-0.000159
0.000039
0.000189
0.000247
0.000216
0.000113
-0.000060
-0.000299
-0.000483
-0.000413
-0.000126
0.000064
-0.000000
-0.000100
0.000005
0.000254
0.000429
0.000483
0.000523
0.000558
0.000503
0.000316
0.000038
-0.000210
-0.000309
-0.000304
-0.000307
-0.000295
-0.000211
-0.000151
-0.000213
-0.000311
-0.000318
-0.000207
-0.000054
0.000010
-0.000002
0.000070
0.000240
0.000329
0.000241
0.000103
0.000073
0.000139
0.000189
0.000166
0.000114
0.000099
0.000100
0.000033
-0.000080
-0.000110
-0.000046
-0.000043
-0.000182
-0.000335
-0.000351
-0.000258
-0.000199
-0.000217
-0.000216
-0.000120
0.000050
0.000225
0.000320
0.000306
0.000259
0.000224
0.000137
0.000014
0.000006
0.000155
0.000275
0.000223
0.000049
-0.000128
-0.000231
-0.000240
-0.000182
-0.000095
-0.000032
0.000009
0.000093
0.000171
0.000113
-0.000003
0.000029
0.000149
0.000077
-0.000179
-0.000316
-0.000267
-0.000256
-0.000367
-0.000453
-0.000400
-0.000248
-0.000067
0.000154
0.000398
0.000488
0.000346
0.000241
0.000401
0.000600
0.000525
0.000254
0.000033
-0.000130
-0.000327
-0.000463
-0.000426
-0.000300
-0.000213
-0.000169
-0.000121
-0.000099
-0.000143
-0.000137
0.000062
0.000339
0.000468
0.000451
0.000409
0.000335
0.000169
-0.000011
-0.000095
-0.000129
-0.000219
-0.000303
-0.000251
-0.000119
-0.000063
-0.000080
-0.000059
-0.000031
-0.000080
-0.000135
-0.000111
-0.000073
-0.000115
-0.000195
-0.000155
0.000024
0.000132
0.000074
0.000016
0.000072
0.000148
0.000143
0.000079
0.000020
0.000001
0.000057
0.000169
0.000209
0.000147
0.000088
0.000049
-0.000007
-0.000060
-0.000073
-0.000005
0.000060
-0.000033
-0.000182
-0.000139
0.000052
0.000148
0.000090
-0.000020
-0.000087
-0.000059
0.000046
0.000132
0.000114
-0.000015
-0.000159
-0.000192
-0.000113
-0.000068
-0.000149
-0.000261
-0.000291
-0.000236
-0.000133
-0.000053
-0.000040
0.000005
0.000155
0.000324
0.000430
0.000467
0.000455
0.000430
0.000425
0.000394
0.000224
-0.000074
-0.000307
-0.000337
-0.000244
-0.000210
-0.000301
-0.000405
-0.000395
-0.000301
-0.000218
-0.000131
-0.000016
0.000038
-0.000017
-0.000043
0.000080
0.000223
0.000219
0.000115
0.000034
-0.000032
-0.000152
-0.000252
-0.000169
0.000050
0.000208
0.000301
0.000431
0.000486
0.000286
-0.000022
-0.000132
-0.000087
-0.000126
-0.000234
-0.000245
-0.000168
-0.000131
-0.000187
-0.000281
-0.000287
-0.000119
0.000147
0.000337
0.000383
0.000321
0.000187
0.000061
-0.000017
-0.000155
-0.000315
-0.000242
0.000073
0.000332
0.000416
0.000438
0.000417
0.000272
0.000051
-0.000121
-0.000201
-0.000200
-0.000095
0.000088
0.000147
-0.000071
-0.000411
-0.000629
-0.000670
-0.000608
-0.000517
-0.000382
-0.000123
0.000171
0.000313
0.000319
0.000307
0.000268
0.000183
0.000162
0.000270
0.000392
0.000409
0.000334
0.000214
0.000063
-0.000071
-0.000147
-0.000201
-0.000251
-0.000240
-0.000146
-0.000011
0.000065
-0.000033
-0.000251
-0.000387
-0.000354
-0.000222
-0.000060
0.000128
0.000294
0.000306
0.000158
0.000062
0.000130
0.000218
0.000186
0.000077
0.000015
0.000062
0.000151
0.000159
0.000048
-0.000130
-0.000303
-0.000406
-0.000408
-0.000320
-0.000198
-0.000116
-0.000088
-0.000066
-0.000003
0.000082
0.000140
0.000183
0.000257
0.000345
0.000408
0.000439
0.000385
0.000242
0.000105
-0.000024
-0.000208
-0.000359
-0.000353
-0.000291
-0.000334
-0.000400
-0.000298
-0.000056
0.000111
0.000109
0.000076
0.000164
0.000322
0.000382
0.000305
0.000211
0.000187
0.000193
0.000156
0.000067
-0.000025
-0.000116
-0.000248
-0.000404
-0.000527
-0.000575
-0.000501
-0.000302
-0.000120
-0.000095
-0.000165
-0.000199
-0.000168
-0.000050
0.000175
0.000399
0.000474
0.000396
0.000315
0.000325
0.000346
0.000304
0.000254
0.000238
0.000218
0.000173
0.000094
-0.000029
-0.000147
-0.000206
-0.000232
-0.000245
-0.000220
-0.000177
-0.000174
-0.000199
-0.000204
-0.000204
-0.000199
-0.000125
0.000027
0.000154
0.000171
0.000094
-0.000005
-0.000069
-0.000072
-0.000011
0.000066
0.000095
0.000111
0.000180
0.000255
0.000220
0.000058
-0.000089
-0.000102
-0.000049
-0.000050
-0.000087
-0.000087
-0.000104
-0.000185
-0.000213
-0.000133
-0.000073
-0.000062
0.000020
0.000165
0.000254
0.000250
0.000198
0.000154
0.000129
0.000081
-0.000005
-0.000058
-0.000030
0.000014
0.000007
-0.000033
-0.000073
-0.000120
-0.000177
-0.000204
-0.000156
-0.000021
0.000158
0.000273
0.000226
0.000053
-0.000103
-0.000200
-0.000286
-0.000300
-0.000194
-0.000074
-0.000029
-0.000033
-0.000062
-0.000094
-0.000085
-0.000031
0.000033
0.000118
0.000272
0.000483
0.000591
0.000430
0.000078
-0.000183
-0.000204
-0.000102
-0.000014
0.000054
0.000108
0.000096
0.000036
0.000011
0.000024
-0.000005
-0.000105
-0.000182
-0.000134
0.000000
0.000060
-0.000023
-0.000149
-0.000239
-0.000294
-0.000264
-0.000116
0.000030
0.000031
-0.000048
-0.000027
0.000104
0.000210
0.000216
0.000136
0.000059
0.000055
0.000040
-0.000045
-0.000092
-0.000029
0.000075
0.000156
0.000215
0.000219
0.000102
-0.000094
-0.000244
-0.000302
-0.000311
-0.000292
-0.000222
-0.000133
-0.000093
-0.000066
0.000023
0.000127
0.000184
0.000211
0.000220
0.000200
0.000186
0.000215
0.000252
0.000248
0.000219
0.000188
0.000131
0.000038
-0.000064
-0.000145
-0.000175
-0.000173
-0.000217
-0.000313
-0.000359
-0.000306
-0.000219
-0.000157
-0.000105
-0.000019
0.000093
0.000148
0.000083
-0.000048
-0.000143
-0.000159
-0.000095
0.000020
0.000139
0.000238
0.000288
0.000224
0.000100
0.000072
0.000146
0.000162
0.000068
0.000030
0.000141
0.000224
0.000139
0.000005
-0.000051
-0.000094
-0.000199
-0.000269
-0.000191
-0.000051
0.000022
0.000029
-0.000009
-0.000091
-0.000149
-0.000096
0.000021
0.000055
-0.000007
-0.000055
-0.000075
-0.000140
-0.000229
-0.000237
-0.000137
-0.000052
-0.000096
-0.000175
-0.000093
0.000146
0.000329
0.000337
0.000257
0.000210
0.000240
0.000276
0.000214
0.000111
0.000082
0.000050
-0.000104
-0.000280
-0.000314
-0.000177
0.000029
0.000135
0.000069
-0.000018
0.000015
0.000086
0.000072
0.000013
0.000008
0.000040
0.000032
-0.000013
-0.000046
-0.000048
-0.000053
-0.000093
-0.000141
-0.000130
-0.000030
0.000083
0.000097
0.000005
-0.000092
-0.000149
-0.000211
-0.000254
-0.000203
-0.000087
0.000017
0.000096
0.000124
0.000065
-0.000028
-0.000085
-0.000105
-0.000096
-0.000024
0.000081
0.000117
0.000089
0.000141
0.000303
0.000414
0.000358
0.000181
0.000005
-0.000070
-0.000055
-0.000035
-0.000031
-0.000012
0.000013
0.000013
-0.000007
-0.000026
-0.000040
-0.000035
-0.000011
0.000010
0.000016
-0.000013
-0.000105
-0.000220
-0.000284
-0.000274
-0.000190
-0.000046
0.000061
0.000046
-0.000014
-0.000003
0.000045
0.000014
-0.000064
-0.000043
0.000108
0.000248
0.000280
0.000258
0.000196
0.000012
-0.000220
-0.000272
-0.000129
-0.000001
0.000042
0.000101
0.000174
0.000144
-0.000021
-0.000205
-0.000249
-0.000140
-0.000043
-0.000037
-0.000059
-0.000065
-0.000055
-0.000021
0.000023
0.000049
0.000051
0.000098
0.000254
0.000426
0.000429
0.000245
0.000071
0.000006
-0.000077
-0.000216
-0.000275
-0.000229
-0.000185
-0.000179
-0.000175
-0.000156
-0.000134
-0.000094
-0.000020
0.000020
-0.000014
-0.000049
-0.000030
0.000031
0.000119
0.000148
0.000051
-0.000056
-0.000039
0.000054
0.000093
0.000046
0.000017
0.000086
0.000179
0.000229
0.000251
0.000232
0.000181
0.000150
0.000087
-0.000069
-0.000228
-0.000278
-0.000222
-0.000133
-0.000074
-0.000033
0.000039
0.000125
0.000137
0.000010
-0.000183
-0.000279
-0.000244
-0.000226
-0.000264
-0.000223
-0.000102
-0.000051
-0.000047
0.000029
0.000104
0.000091
0.000097
0.000205
0.000299
0.000261
0.000159
0.000112
0.000134
0.000169
0.000180
0.000149
0.000074
0.000010
0.000007
-0.000004
-0.000111
-0.000230
-0.000229
-0.000148
-0.000101
-0.000126
-0.000214
-0.000297
-0.000273
-0.000136
0.000020
0.000099
0.000065
-0.000013
-0.000028
0.000048
0.000166
0.000262
0.000326
0.000377
0.000368
0.000248
0.000057
-0.000121
-0.000231
-0.000286
-0.000308
-0.000227
-0.000007
0.000177
0.000155
0.000019
-0.000053
-0.000063
-0.000113
-0.000160
-0.000086
0.000073
0.000173
0.000182
0.000166
0.000130
0.000018
-0.000138
-0.000209
-0.000156
-0.000065
0.000015
0.000075
0.000094
0.000075
0.000046
0.000018
0.000015
0.000037
0.000058
0.000081
0.000092
0.000020
-0.000115
-0.000192
-0.000206
-0.000257
-0.000354
-0.000401
-0.000318
-0.000099
0.000164
0.000303
0.000255
0.000154
0.000099
0.000042
-0.000015
0.000001
0.000045
0.000059
0.000112
0.000215
0.000220
0.000095
-0.000001
0.000011
0.000049
0.000081
0.000155
0.000213
0.000135
-0.000035
-0.000174
-0.000236
-0.000201
-0.000092
-0.000027
-0.000031
-0.000004
-0.000001
-0.000163
-0.000382
-0.000418
-0.000269
-0.000073
0.000152
0.000392
0.000512
0.000456
0.000316
0.000138
-0.000067
-0.000187
-0.000158
-0.000080
-0.000022
0.000035
0.000057
-0.000023
-0.000153
-0.000219
-0.000219
-0.000248
-0.000331
-0.000367
-0.000270
-0.000080
0.000092
0.000203
0.000286
0.000343
0.000340
0.000271
0.000183
0.000128
0.000095
0.000072
0.000122
0.000226
0.000206
-0.000012
-0.000249
-0.000338
-0.000311
-0.000278
-0.000238
-0.000115
0.000075
0.000208
0.000231
0.000211
0.000187
0.000127
0.000017
-0.000109
-0.000198
-0.000226
-0.000182
-0.000069
0.000037
0.000021
-0.000118
-0.000229
-0.000207
-0.000111
-0.000021
0.000056
0.000118
0.000147
0.000154
0.000167
0.000172
0.000135
0.000085
0.000095
0.000175
0.000239
0.000209
0.000086
-0.000096
-0.000269
-0.000317
-0.000196
-0.000030
0.000027
-0.000027
-0.000092
-0.000125
-0.000149
-0.000158
-0.000121
-0.000059
-0.000021
-0.000010
-0.000003
0.000009
0.000026
0.000049
0.000081
0.000128
0.000192
0.000253
0.000284
0.000303
0.000299
0.000198
0.000001
-0.000190
-0.000311
-0.000335
-0.000251
-0.000148
-0.000114
-0.000107
-0.000073
-0.000036
-0.000014
0.000001
-0.000013
-0.000049
-0.000029
0.000045
0.000110
0.000174
0.000237
0.000232
0.000143
0.000011
-0.000122
-0.000197
-0.000153
-0.000041
-0.000013
-0.000094
-0.000075
0.000122
0.000258
0.000171
-0.000006
-0.000130
-0.000196
-0.000197
-0.000088
0.000100
0.000221
0.000165
0.000004
-0.000113
-0.000174
-0.000238
-0.000263
-0.000190
-0.000052
0.000060
0.000092
0.000080
0.000092
0.000128
0.000131
0.000121
0.000156
0.000185
0.000132
0.000063
0.000060
0.000084
0.000086
0.000085
0.000092
0.000066
-0.000034
-0.000169
-0.000250
-0.000254
-0.000223
-0.000185
-0.000166
-0.000201
-0.000250
-0.000174
0.000048
0.000225
0.000234
0.000201
0.000219
0.000179
0.000042
-0.000016
0.000096
0.000231
0.000243
0.000159
0.000065
-0.000023
-0.000150
-0.000281
-0.000307
-0.000237
-0.000213
-0.000270
-0.000276
-0.000167
-0.000029
0.000061
0.000113
0.000154
0.000187
0.000215
0.000233
0.000201
0.000133
0.000125
0.000169
0.000137
0.000003
-0.000135
-0.000219
-0.000232
-0.000162
-0.000068
-0.000041
-0.000047
0.000038
0.000184
0.000232
0.000174
0.000150
0.000169
0.000117
-0.000022
-0.000159
-0.000235
-0.000232
-0.000170
-0.000136
-0.000166
-0.000173
-0.000125
-0.000118
-0.000176
-0.000189
-0.000103
0.000014
0.000083
0.000135
0.000233
0.000327
0.000316
0.000181
0.000015
-0.000045
0.000051
0.000188
0.000233
0.000213
0.000224
0.000239
0.000142
-0.000062
-0.000223
-0.000265
-0.000261
-0.000264
-0.000258
-0.000250
-0.000221
-0.000128
-0.000036
-0.000016
-0.000021
-0.000011
0.000027
0.000089
0.000123
0.000123
0.000157
0.000203
0.000161
0.000034
-0.000040
-0.000011
-0.000003
-0.000082
-0.000176
-0.000233
-0.000235
-0.000167
-0.000053
0.000055
0.000105
0.000083
0.000048
0.000043
0.000051
0.000050
0.000057
0.000099
0.000136
0.000106
0.000037
0.000000
-0.000020
-0.000089
-0.000177
-0.000149
0.000029
0.000217
0.000278
0.000223
0.000173
0.000187
0.000170
0.000065
-0.000023
-0.000054
-0.000143
-0.000280
-0.000320
-0.000269
-0.000261
-0.000292
-0.000262
-0.000162
-0.000058
0.000028
0.000114
0.000197
0.000245
0.000237
0.000184
0.000094
-0.000010
-0.000079
-0.000079
0.000024
0.000204
0.000309
0.000248
0.000136
0.000077
0.000000
-0.000151
-0.000278
-0.000286
-0.000216
-0.000157
-0.000126
-0.000092
-0.000066
-0.000084
-0.000111
-0.000084
-0.000027
0.000032
0.000132
0.000275
0.000386
0.000416
0.000353
0.000214
0.000047
-0.000108
-0.000228
-0.000289
-0.000286
-0.000219
-0.000124
-0.000072
-0.000067
-0.000055
-0.000020
0.000059
0.000151
0.000129
-0.000005
-0.000090
-0.000085
-0.000099
-0.000128
-0.000066
0.000057
0.000115
0.000098
0.000062
0.000027
0.000048
0.000153
0.000224
0.000141
-0.000017
-0.000083
-0.000034
0.000016
0.000008
0.000009
0.000067
0.000116
0.000088
0.000004
-0.000082
-0.000126
-0.000113
-0.000053
0.000017
0.000063
0.000083
0.000066
-0.000032
-0.000199
-0.000332
-0.000320
-0.000167
-0.000000
0.000080
0.000116
0.000147
0.000125
0.000008
-0.000166
-0.000280
-0.000225
-0.000030
0.000182
0.000345
0.000440
0.000392
0.000190
-0.000018
-0.000130
-0.000195
-0.000211
-0.000121
0.000011
0.000049
-0.000009
-0.000027
0.000043
0.000073
