7360
-0.000081
-0.000057
-0.000017
0.000102
0.000184
0.000097
-0.000086
-0.000189
-0.000150
-0.000032
0.000085
0.000168
0.000206
0.000169
0.000030
-0.000166
-0.000309
-0.000316
-0.000211
-0.000062
0.000091
0.000221
0.000283
0.000227
0.000045
-0.000167
-0.000268
-0.000200
-0.000039
0.000079
0.000100
0.000077
0.000043
-0.000026
-0.000104
-0.000077
0.000078
0.000194
0.000155
0.000072
0.000059
0.000036
-0.000087
-0.000217
-0.000227
-0.000122
0.000001
0.000093
0.000188
0.000254
0.000224
0.000115
-0.000016
-0.000116
-0.000117
-0.000018
0.000049
-0.000023
-0.000131
-0.000154
-0.000132
-0.000096
-0.000047
-0.000053
-0.000128
-0.000183
-0.000129
0.000021
0.000141
0.000126
0.000043
0.000029
0.000105
0.000186
0.000179
0.000074
-0.000021
-0.000012
0.000057
0.000114
0.000128
0.000080
0.000012
-0.000009
-0.000010
-0.000039
-0.000074
-0.000088
-0.000119
-0.000190
-0.000215
-0.000122
-0.000002
0.000040
0.000024
-0.000035
-0.000103
-0.000084
0.000024
0.000110
0.000126
0.000120
0.000123
0.000131
0.000159
0.000187
0.000153
0.000067
-0.000003
-0.000052
-0.000105
-0.000112
-0.000064
-0.000082
-0.000192
-0.000251
-0.000184
-0.000072
-0.000028
-0.000072
-0.000115
-0.000113
-0.000091
-0.000008
0.000144
0.000252
0.000251
0.000193
0.000121
0.000038
-0.000026
-0.000048
-0.000018
0.000059
0.000127
0.000146
0.000143
0.000133
0.000082
-0.000010
-0.000085
-0.000105
-0.000095
-0.000078
-0.000079
-0.000123
-0.000148
-0.000083
-0.000035
-0.000134
-0.000266
-0.000225
-0.000030
0.000097
0.000047
-0.000043
-0.000034
0.000022
0.000047
0.000086
0.000207
0.000327
0.000303
0.000186
0.000121
0.000066
-0.000071
-0.000186
-0.000149
-0.000043
-0.000008
-0.000007
0.000063
0.000148
0.000102
-0.000062
-0.000162
-0.000121
-0.000073
-0.000106
-0.000120
-0.000051
-0.000001
-0.000061
-0.000173
-0.000219
-0.000151
-0.000012
0.000123
0.000190
0.000187
0.000214
0.000324
0.000362
0.000184
-0.000060
-0.000148
-0.000107
-0.000061
-0.000037
-0.000053
-0.000127
-0.000208
-0.000231
-0.000165
-0.000059
0.000006
0.000036
0.000078
0.000103
0.000099
0.000096
0.000044
-0.000063
-0.000118
-0.000116
-0.000121
-0.000086
0.000025
0.000111
0.000100
0.000051
0.000024
0.000001
-0.000002
0.000051
0.000131
0.000204
0.000254
0.000229
0.000110
-0.000033
-0.000143
-0.000196
-0.000188
-0.000185
-0.000231
-0.000215
-0.000074
0.000049
0.000067
0.000105
0.000244
0.000322
0.000182
-0.000050
-0.000155
-0.000105
-0.000023
0.000008
-0.000019
-0.000085
-0.000161
-0.000185
-0.000135
-0.000074
-0.000051
-0.000008
0.000087
0.000149
0.000128
0.000072
0.000040
0.000084
0.000213
0.000272
0.000108
-0.000139
-0.000192
-0.000042
0.000054
-0.000034
-0.000129
-0.000069
0.000048
0.000081
0.000013
-0.000098
-0.000162
-0.000121
-0.000017
0.000052
0.000025
-0.000064
-0.000117
-0.000069
0.000032
0.000074
0.000032
-0.000003
0.000014
0.000028
0.000038
0.000094
0.000157
0.000140
0.000052
-0.000047
-0.000094
-0.000067
-0.000012
0.000045
0.000099
0.000089
0.000008
-0.000032
-0.000011
-0.000034
-0.000130
-0.000185
-0.000141
-0.000081
-0.000038
0.000036
0.000086
0.000035
-0.000041
-0.000041
0.000013
0.000061
0.000087
0.000085
0.000039
-0.000028
-0.000024
0.000095
0.000201
0.000154
0.000033
0.000012
0.000079
0.000056
-0.000095
-0.000205
-0.000177
-0.000103
-0.000066
-0.000044
-0.000022
-0.000009
-0.000005
-0.000043
-0.000109
-0.000089
0.000035
0.000107
0.000053
-0.000005
0.000002
0.000016
0.000026
0.000043
0.000026
-0.000008
0.000025
0.000084
0.000008
-0.000174
-0.000210
-0.000025
0.000142
0.000094
-0.000055
-0.000077
0.000037
0.000118
0.000143
0.000214
0.000280
0.000220
0.000101
0.000047
0.000003
-0.000126
-0.000275
-0.000319
-0.000245
-0.000143
-0.000061
0.000027
0.000088
0.000048
-0.000057
-0.000114
-0.000097
-0.000079
-0.000051
0.000061
0.000196
0.000210
0.000099
-0.000022
-0.000076
-0.000040
0.000082
0.000193
0.000149
-0.000055
-0.000237
-0.000216
-0.000038
0.000110
0.000143
0.000084
-0.000023
-0.000124
-0.000187
-0.000193
-0.000108
0.000022
0.000063
-0.000003
-0.000005
0.000163
0.000338
0.000322
0.000149
-0.000007
-0.000050
-0.000011
0.000037
0.000024
-0.000085
-0.000212
-0.000227
-0.000132
-0.000028
0.000053
0.000120
0.000127
0.000047
-0.000043
-0.000052
-0.000043
-0.000119
-0.000197
-0.000140
0.000007
0.000101
0.000076
-0.000023
-0.000088
-0.000049
0.000031
0.000042
0.000026
0.000094
0.000180
0.000115
-0.000056
-0.000136
-0.000098
-0.000046
-0.000003
0.000047
0.000090
0.000105
0.000086
0.000046
0.000013
0.000015
0.000055
0.000091
0.000094
0.000077
0.000036
-0.000020
-0.000039
-0.000037
-0.000083
-0.000148
-0.000131
-0.000039
0.000002
-0.000070
-0.000185
-0.000251
-0.000203
-0.000042
0.000105
0.000144
0.000122
0.000102
0.000058
-0.000004
0.000004
0.000083
0.000100
0.000034
0.000021
0.000090
0.000087
-0.000041
-0.000104
0.000004
0.000099
0.000025
-0.000088
-0.000086
-0.000027
-0.000046
-0.000143
-0.000209
-0.000184
-0.000093
0.000056
0.000245
0.000346
0.000233
0.000016
-0.000070
0.000023
0.000141
0.000142
0.000042
0.000001
0.000081
0.000128
0.000016
-0.000132
-0.000150
-0.000087
-0.000085
-0.000121
-0.000118
-0.000139
-0.000202
-0.000165
-0.000028
0.000029
0.000002
0.000040
0.000088
0.000005
-0.000106
-0.000054
0.000085
0.000117
0.000038
-0.000011
0.000027
0.000048
-0.000040
-0.000153
-0.000136
0.000014
0.000155
0.000213
0.000225
0.000211
0.000147
0.000054
0.000009
0.000028
0.000024
-0.000067
-0.000180
-0.000214
-0.000147
-0.000046
-0.000001
0.000001
0.000044
0.000098
0.000067
-0.000026
-0.000109
-0.000165
-0.000154
-0.000032
0.000152
0.000276
0.000260
0.000132
0.000007
-0.000035
-0.000020
-0.000003
-0.000008
-0.000035
-0.000062
-0.000069
-0.000065
-0.000092
-0.000164
-0.000214
-0.000179
-0.000093
-0.000036
-0.000041
-0.000063
-0.000029
0.000053
0.000116
0.000110
0.000046
0.000007
0.000054
0.000114
0.000122
0.000100
0.000042
-0.000049
-0.000058
0.000061
0.000161
0.000172
0.000207
0.000287
0.000256
0.000034
-0.000264
-0.000437
-0.000389
-0.000215
-0.000068
-0.000005
0.000053
0.000189
0.000314
0.000299
0.000165
-0.000017
-0.000203
-0.000312
-0.000292
-0.000222
-0.000219
-0.000246
-0.000191
-0.000097
-0.000070
-0.000049
0.000069
0.000193
0.000202
0.000177
0.000237
0.000323
0.000331
0.000259
0.000157
0.000060
-0.000028
-0.000093
-0.000123
-0.000132
-0.000112
-0.000041
0.000036
0.000041
-0.000006
-0.000025
-0.000027
-0.000066
-0.000090
-0.000050
0.000006
0.000037
0.000047
0.000017
-0.000055
-0.000132
-0.000179
-0.000147
-0.000053
-0.000021
-0.000097
-0.000124
0.000002
0.000136
0.000143
0.000109
0.000113
0.000092
0.000012
-0.000070
-0.000102
-0.000055
0.000063
0.000155
0.000127
0.000011
-0.000078
-0.000083
-0.000031
0.000035
0.000048
0.000001
0.000002
0.000106
0.000183
0.000092
-0.000080
-0.000121
-0.000034
-0.000010
-0.000089
-0.000123
-0.000043
0.000037
0.000044
0.000063
0.000124
0.000096
-0.000079
-0.000228
-0.000201
-0.000089
-0.000006
0.000073
0.000141
0.000143
0.000115
0.000109
0.000102
0.000076
0.000027
-0.000053
-0.000148
-0.000234
-0.000308
-0.000346
-0.000302
-0.000178
-0.000033
0.000083
0.000158
0.000189
0.000190
0.000200
0.000243
0.000305
0.000323
0.000218
-0.000001
-0.000188
-0.000206
-0.000108
-0.000051
-0.000055
-0.000029
0.000020
0.000023
-0.000026
-0.000080
-0.000088
-0.000059
-0.000067
-0.000133
-0.000186
-0.000158
-0.000057
0.000071
0.000192
0.000261
0.000222
0.000119
0.000066
0.000085
0.000113
0.000104
0.000065
0.000040
0.000015
-0.000046
-0.000110
-0.000182
-0.000312
-0.000426
-0.000429
-0.000346
-0.000191
0.000060
0.000301
0.000381
0.000300
0.000196
0.000170
0.000186
0.000181
0.000168
0.000188
0.000213
0.000190
0.000147
0.000117
0.000020
-0.000192
-0.000393
-0.000436
-0.000337
-0.000221
-0.000147
-0.000105
-0.000080
-0.000051
-0.000019
-0.000018
-0.000004
0.000103
0.000249
0.000290
0.000198
0.000040
-0.000137
-0.000304
-0.000424
-0.000419
-0.000236
0.000030
0.000209
0.000261
0.000257
0.000204
0.000043
-0.000163
-0.000234
-0.000139
-0.000001
0.000129
0.000243
0.000294
0.000286
0.000249
0.000163
0.000035
-0.000035
0.000019
0.000115
0.000102
-0.000063
-0.000257
-0.000326
-0.000268
-0.000183
-0.000137
-0.000134
-0.000127
-0.000051
0.000086
0.000181
0.000184
0.000151
0.000121
0.000071
0.000014
0.000000
0.000011
0.000046
0.000164
0.000283
0.000224
0.000035
-0.000094
-0.000139
-0.000163
-0.000142
-0.000067
-0.000011
-0.000030
-0.000086
-0.000108
-0.000060
0.000047
0.000102
0.000004
-0.000138
-0.000194
-0.000210
-0.000211
-0.000149
-0.000035
0.000075
0.000147
0.000166
0.000163
0.000163
0.000143
0.000123
0.000149
0.000153
0.000058
-0.000041
-0.000036
0.000019
-0.000009
-0.000136
-0.000218
-0.000145
-0.000036
-0.000035
-0.000068
-0.000027
0.000016
-0.000017
-0.000052
-0.000020
0.000016
0.000011
0.000022
0.000039
-0.000001
-0.000041
-0.000003
0.000043
0.000016
-0.000028
-0.000018
0.000025
0.000034
-0.000017
-0.000085
-0.000114
-0.000120
-0.000135
-0.000145
-0.000126
-0.000065
0.000023
0.000078
0.000076
0.000066
0.000079
0.000077
0.000023
-0.000019
0.000048
0.000171
0.000170
0.000004
-0.000183
-0.000215
-0.000042
0.000189
0.000272
0.000219
0.000225
0.000336
0.000406
0.000360
0.000264
0.000170
0.000089
0.000047
0.000046
0.000031
-0.000003
-0.000018
-0.000084
-0.000258
-0.000408
-0.000428
-0.000389
-0.000349
-0.000290
-0.000236
-0.000222
-0.000221
-0.000198
-0.000150
-0.000053
0.000098
0.000202
0.000149
-0.000046
-0.000269
-0.000380
-0.000296
-0.000099
0.000062
0.000164
0.000295
0.000464
0.000541
0.000500
0.000452
0.000396
0.000269
0.000120
0.000002
-0.000082
-0.000130
-0.000126
-0.000061
0.000015
0.000002
-0.000085
-0.000128
-0.000121
-0.000166
-0.000274
-0.000349
-0.000343
-0.000275
-0.000180
-0.000110
-0.000065
0.000018
0.000147
0.000231
0.000189
0.000069
0.000007
0.000038
0.000066
0.000077
0.000146
0.000223
0.000221
0.000215
0.000230
0.000131
-0.000088
-0.000258
-0.000325
-0.000372
-0.000435
-0.000449
-0.000341
-0.000163
-0.000005
0.000146
0.000278
0.000250
0.000060
-0.000055
0.000046
0.000207
0.000234
0.000164
0.000122
0.000117
0.000112
0.000114
0.000109
0.000037
-0.000115
-0.000246
-0.000232
-0.000086
0.000044
0.000087
0.000111
0.000189
0.000307
0.000404
0.000429
0.000361
0.000191
-0.000012
-0.000103
-0.000053
0.000028
0.000039
-0.000025
-0.000125
-0.000242
-0.000355
-0.000397
-0.000326
-0.000228
-0.000217
-0.000231
-0.000150
-0.000054
-0.000083
-0.000182
-0.000206
-0.000135
-0.000079
-0.000091
-0.000098
-0.000070
-0.000068
-0.000047
0.000081
0.000247
0.000337
0.000326
0.000253
0.000184
0.000152
0.000161
0.000192
0.000170
0.000068
-0.000009
0.000002
0.000011
-0.000064
-0.000155
-0.000090
0.000161
0.000355
0.000290
0.000094
-0.000015
-0.000055
-0.000155
-0.000288
-0.000342
-0.000317
-0.000247
-0.000117
-0.000009
-0.000025
-0.000083
-0.000055
0.000012
0.000003
-0.000069
-0.000109
-0.000090
-0.000065
-0.000043
0.000003
0.000049
0.000053
0.000055
0.000120
0.000202
0.000206
0.000190
0.000251
0.000326
0.000330
0.000264
0.000135
-0.000037
-0.000177
-0.000192
-0.000082
0.000043
0.000071
-0.000011
-0.000118
-0.000165
-0.000158
-0.000119
-0.000054
-0.000038
-0.000111
-0.000146
-0.000065
-0.000005
-0.000105
-0.000282
-0.000344
-0.000268
-0.000171
-0.000074
0.000078
0.000224
0.000246
0.000160
0.000090
0.000076
0.000033
-0.000067
-0.000127
-0.000093
-0.000016
0.000049
0.000115
0.000226
0.000369
0.000437
0.000347
0.000186
0.000138
0.000205
0.000200
0.000059
-0.000090
-0.000166
-0.000203
-0.000241
-0.000272
-0.000249
-0.000153
-0.000050
0.000004
0.000027
0.000013
-0.000079
-0.000160
-0.000089
0.000018
0.000007
0.000008
0.000084
0.000068
-0.000047
-0.000119
-0.000130
-0.000119
-0.000082
-0.000010
0.000071
0.000106
0.000081
0.000051
0.000036
0.000031
0.000054
0.000038
-0.000055
-0.000053
0.000088
0.000150
0.000063
0.000005
0.000028
-0.000011
-0.000125
-0.000136
-0.000023
0.000066
0.000085
0.000039
-0.000078
-0.000176
-0.000212
-0.000220
-0.000127
0.000074
0.000216
0.000236
0.000170
0.000032
-0.000069
-0.000034
0.000057
0.000106
0.000107
0.000059
-0.000055
-0.000173
-0.000204
-0.000180
-0.000156
-0.000104
-0.000007
0.000100
0.000172
0.000208
0.000191
0.000020
-0.000281
-0.000485
-0.000479
-0.000380
-0.000240
0.000019
0.000321
0.000403
0.000228
0.000095
0.000132
0.000108
-0.000026
-0.000007
0.000225
0.000419
0.000426
0.000353
0.000340
0.000378
0.000356
0.000241
0.000116
0.000039
-0.000005
-0.000009
0.000038
0.000078
0.000037
-0.000070
-0.000194
-0.000317
-0.000428
-0.000517
-0.000580
-0.000630
-0.000656
-0.000610
-0.000478
-0.000304
-0.000154
-0.000067
-0.000039
-0.000041
-0.000021
0.000054
0.000121
0.000119
0.000168
0.000424
0.000698
0.000684
0.000555
0.000614
0.000619
0.000308
-0.000037
-0.000126
-0.000066
-0.000002
0.000059
0.000065
-0.000051
-0.000177
-0.000185
-0.000231
-0.000409
-0.000452
-0.000330
-0.000297
-0.000222
-0.000007
0.000001
-0.000201
-0.000236
-0.000153
-0.000183
-0.000159
0.000124
0.000415
0.000382
0.000190
0.000172
0.000235
0.000164
0.000036
-0.000014
0.000042
0.000185
0.000273
0.000205
0.000055
-0.000082
-0.000110
-0.000057
-0.000079
-0.000065
0.000070
0.000045
-0.000131
-0.000171
-0.000181
-0.000280
-0.000253
-0.000099
-0.000002
0.000055
0.000119
0.000209
0.000308
0.000237
-0.000010
-0.000137
-0.000111
-0.000179
-0.000269
-0.000121
0.000103
0.000066
-0.000069
0.000016
0.000071
-0.000149
-0.000220
0.000057
0.000191
0.000006
-0.000125
-0.000121
-0.000214
-0.000317
-0.000185
0.000042
0.000097
0.000096
0.000238
0.000342
0.000235
0.000196
0.000451
0.000707
0.000656
0.000422
0.000235
0.000109
-0.000022
-0.000126
-0.000129
-0.000086
-0.000136
-0.000234
-0.000261
-0.000292
-0.000395
-0.000439
-0.000385
-0.000382
-0.000523
-0.000683
-0.000614
-0.000348
-0.000253
-0.000310
-0.000065
0.000380
0.000514
0.000444
0.000515
0.000534
0.000348
0.000321
0.000548
0.000536
0.000205
0.000130
0.000352
0.000309
0.000036
-0.000026
0.000029
-0.000079
-0.000301
-0.000424
-0.000318
-0.000182
-0.000231
-0.000260
-0.000204
-0.000258
-0.000256
-0.000091
0.000012
0.000109
0.000192
-0.000014
-0.000227
-0.000087
0.000051
-0.000010
-0.000039
-0.000111
-0.000213
-0.000004
0.000353
0.000308
-0.000019
0.000002
0.000338
0.000391
0.000133
0.000029
0.000093
-0.000018
-0.000206
-0.000122
0.000041
-0.000064
-0.000138
0.000071
0.000159
-0.000007
-0.000097
-0.000086
-0.000080
0.000010
0.000135
-0.000011
-0.000555
-0.001060
-0.001007
-0.000517
-0.000142
-0.000030
0.000160
0.000464
0.000571
0.000515
0.000518
0.000442
0.000127
-0.000099
0.000145
0.000568
0.000590
0.000255
0.000077
0.000206
0.000340
0.000277
0.000131
0.000080
0.000118
0.000114
0.000081
0.000119
0.000105
-0.000138
-0.000418
-0.000388
-0.000092
0.000054
-0.000168
-0.000542
-0.000773
-0.000832
-0.000806
-0.000700
-0.000565
-0.000497
-0.000425
-0.000215
0.000075
0.000268
0.000320
0.000320
0.000261
0.000144
0.000203
0.000543
0.000797
0.000696
0.000518
0.000501
0.000501
0.000381
0.000223
0.000117
0.000090
0.000162
0.000155
-0.000105
-0.000331
-0.000266
-0.000223
-0.000452
-0.000714
-0.000749
-0.000566
-0.000331
-0.000181
-0.000073
0.000069
0.000148
0.000092
0.000043
0.000060
0.000016
-0.000014
0.000154
0.000331
0.000190
-0.000088
-0.000030
0.000327
0.000465
0.000238
0.000032
-0.000027
-0.000189
-0.000345
-0.000122
0.000229
0.000130
-0.000240
-0.000299
-0.000150
-0.000205
-0.000266
0.000018
0.000340
0.000300
0.000156
0.000267
0.000406
0.000223
-0.000041
0.000048
0.000265
0.000103
-0.000351
-0.000582
-0.000354
0.000063
0.000225
-0.000013
-0.000340
-0.000329
-0.000092
-0.000094
-0.000180
-0.000002
0.000100
0.000012
0.000191
0.000468
0.000309
-0.000044
-0.000101
-0.000045
-0.000244
-0.000458
-0.000291
0.000083
0.000253
0.000149
-0.000029
-0.000085
0.000012
0.000117
0.000145
0.000121
-0.000005
-0.000226
-0.000328
-0.000185
0.000052
0.000216
0.000304
0.000323
0.000237
0.000128
0.000113
0.000136
0.000111
0.000083
0.000110
0.000161
0.000148
0.000058
0.000001
0.000034
0.000081
0.000097
0.000083
0.000021
-0.000076
-0.000158
-0.000165
-0.000087
-0.000018
-0.000088
-0.000317
-0.000519
-0.000474
-0.000352
-0.000530
-0.000819
-0.000647
-0.000146
-0.000083
-0.000560
-0.000662
0.000032
0.000702
0.000822
0.000803
0.000806
0.000625
0.000441
0.000462
0.000337
-0.000010
0.000184
0.001049
0.001442
0.000695
-0.000328
-0.000514
-0.000090
0.000032
-0.000245
-0.000491
-0.000558
-0.000568
-0.000747
-0.001069
-0.001038
-0.000478
-0.000161
-0.000572
-0.000881
-0.000451
0.000073
0.000283
0.000587
0.000836
0.000625
0.000403
0.000569
0.000682
0.000470
0.000276
0.000063
-0.000697
-0.001625
-0.001518
-0.000566
-0.000339
-0.000792
-0.000326
0.000905
0.001352
0.001070
0.001033
0.000989
0.000452
0.000035
0.000311
0.000796
0.000809
0.000454
0.000365
0.000739
0.001007
0.000715
0.000238
0.000059
-0.000043
-0.000343
-0.000467
-0.000234
-0.000298
-0.000928
-0.001353
-0.001163
-0.000966
-0.001218
-0.001578
-0.001543
-0.001070
-0.000577
-0.000368
-0.000298
-0.000206
-0.000192
-0.000194
0.000030
0.000301
0.000177
-0.000152
0.000007
0.000696
0.001216
0.001278
0.001236
0.001239
0.001133
0.000990
0.000964
0.000889
0.000564
0.000128
-0.000032
0.000311
0.000751
0.000595
-0.000020
-0.000251
0.000014
0.000059
-0.000334
-0.000722
-0.000893
-0.000941
-0.000851
-0.000662
-0.000619
-0.000825
-0.001024
-0.000874
-0.000418
-0.000159
-0.000363
-0.000604
-0.000456
-0.000102
0.000117
0.000183
0.000193
0.000151
0.000140
0.000276
0.000450
0.000489
0.000451
0.000531
0.000769
0.000986
0.000956
0.000667
0.000381
0.000276
0.000300
0.000445
0.000613
0.000447
-0.000048
-0.000305
-0.000124
-0.000030
-0.000359
-0.000727
-0.000730
-0.000567
-0.000558
-0.000651
-0.000652
-0.000508
-0.000313
-0.000316
-0.000959
-0.002456
-0.003830
-0.003345
-0.001201
0.000086
-0.000240
0.000076
0.001859
0.003124
0.003034
0.002769
0.002550
0.001699
0.000811
0.000996
0.001815
0.001857
0.000961
0.000527
0.001305
0.002091
0.001580
0.000347
-0.000377
-0.000706
-0.001236
-0.001506
-0.001193
-0.001303
-0.002265
-0.002762
-0.002018
-0.001197
-0.001422
-0.002202
-0.002426
-0.001836
-0.001133
-0.000892
-0.000842
-0.000636
-0.000491
-0.000340
0.000317
0.001149
0.001167
0.000546
0.000595
0.001597
0.002365
0.002227
0.001842
0.001820
0.001931
0.001834
0.001630
0.001453
0.001086
0.000425
0.000020
0.000309
0.000569
-0.000089
-0.001091
-0.001344
-0.001082
-0.001118
-0.001310
-0.001260
-0.001269
-0.001402
-0.001066
-0.000324
-0.000090
-0.000606
-0.001074
-0.000970
-0.000691
-0.000700
-0.000807
-0.000610
-0.000140
0.000368
0.000892
0.001277
0.001122
0.000567
0.000339
0.000554
0.000590
0.000341
0.000328
0.000637
0.000867
0.000881
0.000794
0.000597
0.000314
0.000182
0.000335
0.000518
0.000420
0.000140
0.000021
0.000088
0.000012
-0.000298
-0.000572
-0.000671
-0.000685
-0.000638
-0.000528
-0.000481
-0.000590
-0.001070
-0.002594
-0.005164
-0.006530
-0.004612
-0.001586
-0.000970
-0.001373
0.000708
0.004016
0.005153
0.004613
0.004373
0.003823
0.002382
0.001758
0.002861
0.003843
0.003028
0.001706
0.002155
0.003825
0.003932
0.001780
-0.000404
-0.001289
-0.001968
-0.003042
-0.003579
-0.003631
-0.004336
-0.005265
-0.004831
-0.003221
-0.002450
-0.003439
-0.004624
-0.004152
-0.002576
-0.001844
-0.002031
-0.001532
-0.000161
0.000928
0.001830
0.003232
0.004222
0.003750
0.003012
0.003661
0.004970
0.005080
0.003952
0.003141
0.003331
0.003645
0.003225
0.002328
0.001451
0.000451
-0.000579
-0.000913
-0.000765
-0.001497
-0.003199
-0.004178
-0.003754
-0.003304
-0.003823
-0.004573
-0.004585
-0.003934
-0.003223
-0.002709
-0.002316
-0.002082
-0.001886
-0.001047
0.000667
0.002118
0.002338
0.002187
0.002912
0.004080
0.004458
0.003904
0.003179
0.002729
0.002517
0.002465
0.002416
0.002019
0.001203
0.000499
0.000376
0.000413
-0.000182
-0.001306
-0.002065
-0.002164
-0.002146
-0.002296
-0.002396
-0.002430
-0.002485
-0.002291
-0.001789
-0.001523
-0.001767
-0.001967
-0.001520
-0.000617
0.000050
0.000242
0.000390
0.000811
0.001306
0.001678
0.001980
0.002168
0.002146
0.002081
0.002097
0.001640
-0.000362
-0.003624
-0.005351
-0.003721
-0.001412
-0.001376
-0.001622
0.000616
0.003501
0.004433
0.004376
0.004493
0.003627
0.001694
0.000858
0.001752
0.002262
0.001183
0.000236
0.001101
0.002547
0.002333
0.000509
-0.001198
-0.002246
-0.003380
-0.004516
-0.004885
-0.004840
-0.005237
-0.005481
-0.004369
-0.002470
-0.001703
-0.002521
-0.003144
-0.002211
-0.000723
-0.000149
-0.000028
0.000808
0.002144
0.003333
0.004626
0.005947
0.006224
0.005260
0.004463
0.004704
0.004948
0.003986
0.002351
0.001465
0.001585
0.001631
0.000904
-0.000219
-0.001391
-0.002724
-0.003899
-0.004427
-0.004837
-0.005846
-0.006665
-0.006085
-0.004645
-0.003793
-0.003642
-0.003184
-0.002055
-0.000853
0.000009
0.000765
0.001540
0.002128
0.002762
0.003884
0.004951
0.005045
0.004601
0.004730
0.005169
0.004829
0.003738
0.002730
0.001978
0.001173
0.000373
-0.000314
-0.001159
-0.002207
-0.002980
-0.003211
-0.003296
-0.003682
-0.004148
-0.004142
-0.003664
-0.003169
-0.002768
-0.002277
-0.001739
-0.001289
-0.000763
-0.000018
0.000662
0.001057
0.001528
0.002371
0.003142
0.003329
0.003163
0.002984
0.001645
-0.002867
-0.008380
-0.008045
-0.001430
0.001940
-0.001040
-0.000762
0.006291
0.010684
0.008362
0.005992
0.005619
0.002902
-0.000734
-0.000149
0.002799
0.002285
-0.001179
-0.001735
0.001881
0.003989
0.000706
-0.004514
-0.006787
-0.006662
-0.007344
-0.008623
-0.008260
-0.006818
-0.006195
-0.005257
-0.001925
0.001560
0.000926
-0.002564
-0.003005
0.000743
0.003324
0.002294
0.001773
0.004436
0.007510
0.008839
0.009588
0.009797
0.007816
0.004571
0.003138
0.003905
0.003800
0.001028
-0.001867
-0.001702
0.000081
-0.000472
-0.003367
-0.005402
-0.006174
-0.007454
-0.008491
-0.007825
-0.007105
-0.007850
-0.007739
-0.004724
-0.001259
-0.000489
-0.001374
-0.000888
0.001214
0.002739
0.002990
0.003410
0.004629
0.005871
0.007090
0.008673
0.009482
0.008201
0.006043
0.005215
0.005259
0.003914
0.001106
-0.000998
-0.001600
-0.002038
-0.003172
-0.004509
-0.005761
-0.007114
-0.008043
-0.007833
-0.007162
-0.007125
-0.007038
-0.005519
-0.003090
-0.001376
-0.000562
0.000367
0.001772
0.003247
0.004520
0.005489
0.005997
0.006137
0.006338
0.006735
0.006721
0.005673
0.004003
0.002733
0.002059
0.001197
-0.000330
-0.002051
-0.003261
-0.003745
-0.003748
-0.003713
-0.004101
-0.005352
-0.007830
-0.010603
-0.010875
-0.007779
-0.004927
-0.004460
-0.002734
0.002543
0.007331
0.008550
0.008646
0.009294
0.008735
0.007121
0.006939
0.007902
0.007359
0.005267
0.004325
0.005227
0.005224
0.002269
-0.002063
-0.005157
-0.006816
-0.008468
-0.010305
-0.011226
-0.010963
-0.010223
-0.009020
-0.006882
-0.004695
-0.004044
-0.004388
-0.003367
-0.000535
0.001879
0.002776
0.003868
0.006371
0.009027
0.010527
0.011064
0.010876
0.009800
0.008303
0.007110
0.006067
0.004428
0.002013
-0.000285
-0.001451
-0.001976
-0.003442
-0.005984
-0.008004
-0.008849
-0.009477
-0.010182
-0.010174
-0.009460
-0.008709
-0.007497
-0.005093
-0.002345
-0.000536
0.000766
0.002749
0.005205
0.007003
0.007972
0.008855
0.009755
0.010076
0.009795
0.009283
0.008175
0.006086
0.003830
0.002211
0.000613
-0.001688
-0.004069
-0.005614
-0.006451
-0.007208
-0.007960
-0.008390
-0.008453
-0.008217
-0.007428
-0.006012
-0.004500
-0.003179
-0.001573
0.000553
0.002547
0.003768
0.004379
0.004886
0.005420
0.005785
0.005890
0.005837
0.005701
0.005445
0.005043
0.004498
0.003678
0.002249
-0.000893
-0.007584
-0.015706
-0.016906
-0.008740
-0.002602
-0.005185
-0.005537
0.003531
0.011232
0.009756
0.006268
0.005469
0.003239
0.000305
0.002053
0.006279
0.006226
0.002584
0.002011
0.005727
0.007302
0.002294
-0.005618
-0.010100
-0.010051
-0.009305
-0.010003
-0.010111
-0.008173
-0.005891
-0.004058
-0.001169
0.001564
0.000266
-0.003710
-0.003642
0.001763
0.005869
0.005275
0.004684
0.007747
0.011494
0.012456
0.011041
0.008468
0.005078
0.002018
0.000854
0.001255
0.000750
-0.002229
-0.005377
-0.005145
-0.002942
-0.003903
-0.008362
-0.011181
-0.010405
-0.009074
-0.008506
-0.007049
-0.004711
-0.002867
-0.000767
0.002710
0.005632
0.005486
0.003555
0.003437
0.005864
0.007958
0.007811
0.006973
0.007369
0.008333
0.008136
0.006449
0.003806
0.000411
-0.002956
-0.004748
-0.004922
-0.005478
-0.007260
-0.008325
-0.007141
-0.005321
-0.005152
-0.006184
-0.006300
-0.004890
-0.003038
-0.001409
0.000171
0.001600
0.002719
0.004055
0.005797
0.006860
0.006345
0.005212
0.005078
0.005775
0.005670
0.004283
0.002804
0.001922
0.001085
-0.000057
-0.001398
-0.003101
-0.004923
-0.005811
-0.005499
-0.005102
-0.005292
-0.005361
-0.004587
-0.003271
-0.002102
-0.001305
-0.000648
0.000105
0.000974
0.001894
0.002738
0.003290
0.003471
0.003483
0.003586
0.003814
0.003811
0.003139
0.001810
-0.000140
-0.002806
-0.004830
-0.004113
-0.001800
-0.001131
-0.001484
0.000305
0.003297
0.004005
0.002665
0.001699
0.001058
-0.000058
-0.000539
0.000259
0.000901
0.000521
0.000269
0.000963
0.001492
0.000528
-0.001580
-0.003363
-0.003941
-0.003766
-0.003757
-0.003963
-0.003636
-0.002595
-0.001483
-0.000593
0.000205
0.000482
0.000006
-0.000056
0.001215
0.002675
0.003002
0.002944
0.003705
0.004747
0.004959
0.004366
0.003439
0.002220
0.000872
-0.000116
-0.000650
-0.001189
-0.001989
-0.002665
-0.002768
-0.002685
-0.003281
-0.004415
-0.005004
-0.004783
-0.004194
-0.002989
-0.001130
0.000304
0.001128
0.002485
0.004056
0.004145
0.003016
0.002566
0.002956
0.002943
0.002554
0.002518
0.002420
0.001712
0.001074
0.000925
0.000324
-0.001129
-0.002264
-0.002377
-0.002202
-0.002293
-0.002324
-0.002106
-0.001877
-0.001696
-0.001495
-0.001454
-0.001728
-0.002090
-0.002060
-0.001419
-0.000582
-0.000006
0.000662
0.001920
0.003198
0.003615
0.003370
0.003085
0.002525
0.000268
-0.005660
-0.013181
-0.013688
-0.004210
0.003484
0.001516
0.000964
0.010242
0.018051
0.014979
0.008880
0.006440
0.003365
-0.000827
-0.000328
0.003301
0.002612
-0.002081
-0.003618
-0.000839
-0.000464
-0.006375
-0.014170
-0.017339
-0.014913
-0.011372
-0.009900
-0.008498
-0.004789
-0.000709
0.001769
0.004385
0.007174
0.006425
0.002985
0.003606
0.009420
0.013046
0.011054
0.008979
0.010665
0.012511
0.010801
0.006504
0.001730
-0.002656
-0.005928
-0.007404
-0.007515
-0.007948
-0.009813
-0.011282
-0.009561
-0.006366
-0.006622
-0.010182
-0.011328
-0.007900
-0.003755
-0.001284
0.001377
0.005008
0.007731
0.009264
0.011003
0.011983
0.010059
0.006672
0.005706
0.007599
0.008521
0.006163
0.002980
0.001925
0.001763
-0.000469
-0.004486
-0.007735
-0.009591
-0.010824
-0.010841
-0.009250
-0.007958
-0.008172
-0.007744
-0.004849
-0.001655
-0.000904
-0.001335
-0.000029
0.002950
0.005566
0.007247
0.008483
0.009129
0.009264
0.009667
0.010010
0.008602
0.005168
0.002029
0.000970
0.000530
-0.001475
-0.004345
-0.005983
-0.006325
-0.006680
-0.007300
-0.007752
-0.008107
-0.008126
-0.006883
-0.004446
-0.002374
-0.001441
-0.000436
0.001681
0.003964
0.005034
0.005090
0.005129
0.005454
0.005827
0.006024
0.005787
0.004995
0.003950
0.003088
0.002310
0.000986
-0.001039
-0.002928
-0.003893
-0.004246
-0.004761
-0.005483
-0.005831
-0.005463
-0.004620
-0.003814
-0.003241
-0.002588
-0.001583
-0.000537
-0.000076
-0.000213
0.000016
0.001364
0.003216
0.004622
0.005693
0.006822
0.007599
0.007549
0.006871
0.005706
0.003904
0.001882
0.000380
-0.000679
-0.001871
-0.003145
-0.004056
-0.004655
-0.005346
-0.006228
-0.007044
-0.007447
-0.007218
-0.006420
-0.005250
-0.003743
-0.001932
-0.000110
0.001472
0.002918
0.004293
0.005327
0.005883
0.006259
0.006644
0.006760
0.006375
0.005652
0.004743
0.003562
0.002120
0.000597
-0.000944
-0.002523
-0.004070
-0.005487
-0.006550
-0.006841
-0.006434
-0.005987
-0.005477
-0.004292
-0.002885
-0.002074
-0.001082
0.000967
0.002901
0.003623
0.004204
0.005431
0.006100
0.005492
0.004640
0.004093
0.003158
0.001794
0.000865
0.000364
-0.000563
-0.001861
-0.002566
-0.002534
-0.002629
-0.003128
-0.003311
-0.002791
-0.002118
-0.001826
-0.001767
-0.001664
-0.001571
-0.001447
-0.001026
-0.000372
0.000173
0.000729
0.001697
0.002828
0.003409
0.003403
0.003407
0.003400
0.002194
-0.002092
-0.009686
-0.015232
-0.011536
-0.001920
0.002032
0.000294
0.004525
0.014806
0.018508
0.013185
0.007957
0.005253
0.001432
-0.001146
0.000891
0.002965
0.000314
-0.003287
-0.002731
-0.000788
-0.003474
-0.010622
-0.016253
-0.016249
-0.012577
-0.009897
-0.009106
-0.006869
-0.002142
0.002045
0.004597
0.007153
0.008534
0.006681
0.004944
0.007612
0.011718
0.011755
0.009102
0.008825
0.010715
0.010388
0.006276
0.000559
-0.004408
-0.007703
-0.009352
-0.009771
-0.009636
-0.009773
-0.010158
-0.009303
-0.006724
-0.005180
-0.006867
-0.008796
-0.006744
-0.001841
0.001862
0.003933
0.006628
0.009864
0.011871
0.012612
0.012555
0.010675
0.007031
0.004264
0.003790
0.003541
0.001495
-0.001303
-0.002743
-0.002794
-0.003376
-0.005666
-0.008558
-0.010283
-0.010530
-0.009842
-0.008312
-0.006267
-0.004551
-0.002973
-0.000429
0.002608
0.004116
0.003725
0.003462
0.004712
0.006512
0.007343
0.007147
0.006976
0.007225
0.007070
0.005844
0.003879
0.001540
-0.001039
-0.003058
-0.003823
-0.004281
-0.005663
-0.007034
-0.006553
-0.004812
-0.004243
-0.005150
-0.005334
-0.003996
-0.002619
-0.001732
-0.000440
0.001069
0.002057
0.003185
0.004890
0.005745
0.004909
0.003870
0.003879
0.004067
0.003413
0.002331
0.001517
0.000939
0.000330
-0.000443
-0.001421
-0.002409
-0.003102
-0.003382
-0.003259
-0.002953
-0.002918
-0.003032
-0.002539
-0.001489
-0.000807
-0.000629
-0.000246
0.000504
0.001226
0.001808
0.002297
0.002506
0.002370
0.002186
0.002090
0.001808
0.001206
0.000550
0.000055
-0.000300
-0.000518
-0.000617
-0.000803
-0.001165
-0.001464
-0.001532
-0.001496
-0.001488
-0.001437
-0.001173
-0.000629
0.000058
0.000584
0.000720
0.000500
0.000167
0.000017
0.000161
0.000426
0.000651
0.000937
0.001395
0.001883
0.002113
0.001890
0.001294
0.000650
0.000207
-0.000013
-0.000101
-0.000204
-0.000464
-0.000844
-0.001188
-0.001472
-0.001814
-0.002247
-0.002588
-0.002562
-0.002070
-0.001300
-0.000555
0.000013
0.000523
0.001113
0.001645
0.001900
0.001920
0.001866
0.001783
0.001718
0.001746
0.001686
0.001222
0.000439
-0.000244
-0.000702
-0.001132
-0.001564
-0.001781
-0.001696
-0.001448
-0.001127
-0.000767
-0.000516
-0.000516
-0.000673
-0.000656
-0.000200
0.000442
0.000716
0.000684
0.001009
0.001738
0.002067
0.001714
0.001296
0.001096
0.000755
0.000327
0.000235
0.000221
-0.000761
-0.004537
-0.011778
-0.016855
-0.012059
-0.001991
0.000974
-0.000901
0.005144
0.016477
0.019329
0.013762
0.009666
0.007594
0.003842
0.001789
0.003699
0.004159
0.000231
-0.003045
-0.002136
-0.001190
-0.005046
-0.012089
-0.016740
-0.015942
-0.012243
-0.010427
-0.010584
-0.008266
-0.002731
0.001892
0.004396
0.006728
0.007667
0.005730
0.004910
0.008375
0.011793
0.010824
0.008706
0.009800
0.012045
0.011005
0.006219
0.000368
-0.004212
-0.006874
-0.008359
-0.009403
-0.009944
-0.010081
-0.009982
-0.008790
-0.006512
-0.005776
-0.007666
-0.008423
-0.004968
-0.000138
0.002217
0.003340
0.006132
0.009607
0.011251
0.011250
0.010614
0.008790
0.005983
0.004143
0.003813
0.003146
0.000984
-0.001366
-0.002161
-0.001967
-0.003172
-0.006423
-0.009281
-0.009771
-0.008935
-0.008143
-0.006856
-0.004708
-0.002714
-0.001239
0.000540
0.002513
0.003312
0.002780
0.002857
0.004773
0.006962
0.007432
0.006725
0.006539
0.006673
0.005621
0.003292
0.000787
-0.001571
-0.003694
-0.004547
-0.003899
-0.003623
-0.004692
-0.005115
-0.003625
-0.002397
-0.003186
-0.004341
-0.004125
-0.003098
-0.001750
0.000227
0.002036
0.002755
0.003267
0.004345
0.004783
0.003567
0.001732
0.000807
0.001037
0.001612
0.001702
0.001195
0.000646
0.000452
0.000315
-0.000256
-0.001313
-0.002442
-0.003017
-0.002625
-0.001615
-0.000882
-0.000709
-0.000458
0.000169
0.000559
0.000266
-0.000334
-0.000736
-0.000779
-0.000455
0.000053
0.000320
0.000247
0.000219
0.000413
0.000531
0.000358
0.000072
-0.000089
-0.000160
-0.000367
-0.000797
-0.001128
-0.000833
0.000103
0.001087
0.001798
0.002449
0.002943
0.002879
0.002437
0.002052
0.001572
0.000870
0.000426
0.000389
0.000141
-0.000668
-0.001682
-0.002553
-0.003193
-0.003513
-0.003586
-0.003615
-0.003442
-0.002768
-0.001833
-0.001161
-0.000785
-0.000381
0.000174
0.000884
0.001765
0.002598
0.003099
0.003348
0.003580
0.003657
0.003317
0.002763
0.002311
0.001770
0.000913
0.000013
-0.000628
-0.001113
-0.001618
-0.002105
-0.002425
-0.002504
-0.002502
-0.002647
-0.002796
-0.002668
-0.002310
-0.001797
-0.001050
-0.000302
0.000089
0.000382
0.001110
0.002081
0.002575
0.002519
0.002577
0.002945
0.003057
0.002680
0.002195
0.001728
0.001093
0.000467
0.000031
-0.000602
-0.001688
-0.002687
-0.003018
-0.002931
-0.003018
-0.003166
-0.002738
-0.001741
-0.001002
-0.000883
-0.000725
-0.000115
0.000279
-0.000264
-0.001884
-0.005185
-0.009790
-0.010763
-0.003805
0.005069
0.007260
0.007018
0.012935
0.020149
0.018886
0.011690
0.006507
0.003591
0.000644
-0.000562
0.000117
-0.001154
-0.005197
-0.008038
-0.007920
-0.008302
-0.012060
-0.016922
-0.018364
-0.014896
-0.009724
-0.006875
-0.005665
-0.002163
0.003701
0.008144
0.010180
0.011532
0.011790
0.010481
0.010471
0.013055
0.014349
0.011683
0.008236
0.007232
0.006649
0.002991
-0.003443
-0.009267
-0.012062
-0.012455
-0.012473
-0.012696
-0.012281
-0.011176
-0.009978
-0.008229
-0.005734
-0.004137
-0.003896
-0.002188
0.002676
0.007793
0.010021
0.010612
0.012190
0.014111
0.014135
0.012091
0.009172
0.005931
0.002805
0.000581
-0.000839
-0.002593
-0.005131
-0.007333
-0.008035
-0.007946
-0.008921
-0.010980
-0.011793
-0.010050
-0.007177
-0.004719
-0.002461
0.000056
0.002471
0.004557
0.006390
0.007490
0.007408
0.006929
0.007208
0.007974
0.007932
0.006619
0.004778
0.003183
0.001785
0.000056
-0.002205
-0.004582
-0.006354
-0.007019
-0.006706
-0.006014
-0.005450
-0.005071
-0.004466
-0.003318
-0.002103
-0.001529
-0.001230
-0.000137
0.001777
0.003393
0.004126
0.004412
0.004533
0.004311
0.003884
0.003567
0.003127
0.002266
0.001405
0.000956
0.000475
-0.000477
-0.001514
-0.002137
-0.002383
-0.002480
-0.002504
-0.002489
-0.002444
-0.002303
-0.002077
-0.001861
-0.001640
-0.001308
-0.000851
-0.000272
0.000420
0.001032
0.001395
0.001686
0.002075
0.002336
0.002225
0.001872
0.001496
0.001155
0.000903
0.000748
0.000450
-0.000121
-0.000535
-0.000385
-0.000050
-0.000126
-0.000549
-0.000954
-0.001228
-0.001302
-0.001179
-0.001112
-0.001111
-0.000814
-0.000198
0.000260
0.000295
0.000120
-0.000071
-0.000276
-0.000347
-0.000068
0.000384
0.000631
0.000702
0.000904
0.001182
0.001148
0.000648
-0.000024
-0.000435
-0.000447
-0.000276
-0.000127
-0.000009
0.000099
0.000139
0.000044
-0.000182
-0.000457
-0.000712
-0.000896
-0.000888
-0.000629
-0.000248
0.000118
0.000445
0.000727
0.000904
0.000844
0.000495
0.000092
-0.000067
-0.000007
0.000049
0.000090
0.000284
0.000534
0.000517
0.000253
0.000072
-0.000042
-0.000422
-0.000979
-0.001173
-0.000789
-0.000271
-0.000081
-0.000002
0.000357
0.000637
0.000302
-0.000317
-0.000590
-0.000599
-0.000644
-0.000530
-0.000123
0.000193
0.000160
0.000087
0.000260
0.000422
0.000248
-0.000060
-0.000131
0.000031
0.000261
0.000525
0.000754
0.000752
0.000446
-0.000018
-0.000483
-0.000878
-0.001080
-0.000953
-0.000512
0.000185
0.001081
0.001861
0.002085
0.001730
0.001145
0.000546
-0.000011
-0.000438
-0.000716
-0.000855
-0.000756
-0.000458
-0.000294
-0.000530
-0.001059
-0.001551
-0.001764
-0.001736
-0.001776
-0.002065
-0.002124
-0.001112
0.000793
0.002107
0.002226
0.002498
0.003643
0.004228
0.003344
0.002131
0.001435
0.000761
-0.000004
-0.000419
-0.000860
-0.001881
-0.002844
-0.002951
-0.002694
-0.002874
-0.003155
-0.002720
-0.001605
-0.000531
0.000097
0.000469
0.000922
0.001518
0.002060
0.002390
0.002502
0.002401
0.002128
0.001806
0.001395
0.000755
0.000123
-0.000172
-0.000353
-0.000693
-0.000982
-0.001127
-0.001355
-0.001565
-0.001521
-0.001406
-0.001357
-0.001128
-0.000731
-0.000528
-0.000763
-0.002426
-0.007305
-0.013039
-0.011665
-0.001816
0.005351
0.004462
0.005972
0.015153
0.020866
0.016299
0.009435
0.006219
0.003511
0.000658
0.000742
0.001620
-0.001274
-0.006038
-0.007483
-0.006281
-0.007663
-0.012873
-0.017388
-0.016818
-0.011970
-0.007855
-0.006938
-0.005419
0.000001
0.006049
0.008946
0.010155
0.011078
0.010040
0.008104
0.009053
0.011836
0.011600
0.008274
0.006277
0.006489
0.005188
0.000310
-0.005927
-0.010229
-0.011529
-0.011198
-0.010808
-0.010358
-0.009401
-0.008323
-0.006955
-0.004428
-0.001860
-0.001402
-0.001643
0.001001
0.005915
0.008827
0.008779
0.008910
0.010351
0.010814
0.009101
0.006346
0.003335
0.000233
-0.002062
-0.002877
-0.003139
-0.004207
-0.005878
-0.006639
-0.005970
-0.005450
-0.006465
-0.007579
-0.006441
-0.003509
-0.001029
0.000567
0.002338
0.004212
0.005331
0.005879
0.006343
0.006118
0.004809
0.003579
0.003412
0.003381
0.002220
0.000409
-0.000718
-0.001038
-0.001576
-0.002895
-0.004463
-0.005456
-0.005603
-0.005159
-0.004471
-0.003712
-0.002753
-0.001430
-0.000034
0.000914
0.001445
0.002162
0.003249
0.004141
0.004521
0.004688
0.004595
0.003846
0.002745
0.001849
0.000864
-0.000525
-0.001693
-0.002189
-0.002522
-0.003088
-0.003557
-0.003566
-0.003134
-0.002470
-0.001813
-0.001325
-0.000988
-0.000615
-0.000038
0.000665
0.001275
0.001725
0.002097
0.002499
0.002900
0.002990
0.002550
0.001831
0.001142
0.000443
-0.000242
-0.000632
-0.000736
-0.000892
-0.001114
-0.001149
-0.001141
-0.001444
-0.001914
-0.002106
-0.001935
-0.001583
-0.001118
-0.000617
-0.000226
0.000085
0.000450
0.000804
0.000968
0.001009
0.001213
0.001607
0.001873
0.001852
0.001720
0.001658
0.001594
0.001285
0.000626
-0.000101
-0.000563
-0.000924
-0.001462
-0.001933
-0.002026
-0.001890
-0.001668
-0.001325
-0.001019
-0.000905
-0.000827
-0.000631
-0.000358
-0.000078
0.000167
0.000442
0.000894
0.001472
0.001927
0.002136
0.002113
0.001857
0.001437
0.001055
0.000773
0.000340
-0.000351
-0.000906
-0.001008
-0.000921
-0.001000
-0.001261
-0.001629
-0.001976
-0.001983
-0.001633
-0.001405
-0.001360
-0.000988
-0.000263
0.000351
0.000823
0.001325
0.001623
0.001586
0.001603
0.001849
0.001825
0.001154
0.000324
0.000096
0.000452
0.000718
0.000543
0.000198
-0.000037
-0.000225
-0.000458
-0.000651
-0.000761
-0.000842
-0.000794
-0.000446
-0.000041
-0.000130
-0.000736
-0.001251
-0.001363
-0.001392
-0.001574
-0.001617
-0.001126
-0.000180
0.000721
0.001275
0.001654
0.002004
0.002179
0.002169
0.002146
0.001941
0.001296
0.000578
0.000374
0.000484
0.000186
-0.000634
-0.001420
-0.001838
-0.002053
-0.002274
-0.002503
-0.002603
-0.002378
-0.001766
-0.000941
-0.000136
0.000518
0.001028
0.001485
0.001877
0.002050
0.001969
0.001797
0.001686
0.001613
0.001379
0.000840
0.000223
-0.000143
-0.000367
-0.000735
-0.001124
-0.001246
-0.001100
-0.000848
-0.000626
-0.000529
-0.000577
-0.000868
-0.002248
-0.006173
-0.011252
-0.011317
-0.003840
0.003182
0.003604
0.004485
0.011850
0.017732
0.014664
0.008282
0.005166
0.003216
0.000475
-0.000307
0.000776
-0.000310
-0.003815
-0.005652
-0.005015
-0.005762
-0.009679
-0.013588
-0.013667
-0.010066
-0.006690
-0.005882
-0.004706
-0.000104
0.005246
0.007668
0.008392
0.009230
0.008680
0.006787
0.006765
0.008732
0.008875
0.006368
0.004561
0.004580
0.003468
-0.000592
-0.005563
-0.008641
-0.009289
-0.008795
-0.008249
-0.007532
-0.006345
-0.005208
-0.004305
-0.002939
-0.001491
-0.001310
-0.001495
0.000508
0.004266
0.006575
0.006761
0.007292
0.008837
0.009178
0.007248
0.004424
0.001853
-0.000384
-0.001962
-0.002573
-0.002810
-0.003370
-0.004098
-0.004398
-0.004245
-0.004475
-0.005575
-0.006380
-0.005379
-0.003061
-0.001062
0.000444
0.002281
0.004123
0.005073
0.005324
0.005356
0.004747
0.003362
0.002296
0.002271
0.002421
0.001775
0.000636
-0.000333
-0.001214
-0.002388
-0.003813
-0.005048
-0.005567
-0.005131
-0.003958
-0.002454
-0.001064
-0.000177
0.000352
0.001029
0.001733
0.001837
0.001472
0.001507
0.002218
0.003023
0.003398
0.003274
0.002963
0.002867
0.002653
0.001490
-0.000384
-0.001753
-0.002249
-0.002520
-0.002839
-0.002951
-0.002901
-0.002844
-0.002536
-0.001908
-0.001537
-0.001663
-0.001494
-0.000462
0.000744
0.001360
0.001722
0.002404
0.003142
0.003322
0.002889
0.002258
0.001619
0.000948
0.000468
0.000324
0.000085
-0.000561
-0.001146
-0.001296
-0.001498
-0.002175
-0.002918
-0.003089
-0.002433
-0.001263
-0.000352
0.000070
0.000717
0.001749
0.002247
0.001859
0.001268
0.000848
0.000506
0.000465
0.000766
0.000786
0.000304
0.000022
0.000259
0.000316
-0.000247
-0.000820
-0.000838
-0.000613
-0.000617
-0.000835
-0.001043
-0.001080
-0.000911
-0.000661
-0.000430
-0.000254
-0.000198
-0.000131
0.000255
0.000830
0.001047
0.000805
0.000603
0.000701
0.000791
0.000606
0.000337
0.000303
0.000561
0.000885
0.000936
0.000584
0.000056
-0.000354
-0.000605
-0.000816
-0.001022
-0.001161
-0.001227
-0.001232
-0.001110
-0.000859
-0.000658
-0.000640
-0.000625
-0.000316
0.000243
0.000650
0.000727
0.000797
0.001069
0.001231
0.001037
0.000729
0.000552
0.000382
0.000051
-0.000297
-0.000291
0.000177
0.000646
0.000689
0.000633
0.000882
0.000990
0.000471
-0.000227
-0.000560
-0.000689
-0.000787
-0.000709
-0.000568
-0.000692
-0.001016
-0.001184
-0.001155
-0.001192
-0.001320
-0.001254
-0.000836
-0.000237
0.000287
0.000623
0.000829
0.001046
0.001253
0.001275
0.001153
0.001111
0.001118
0.001014
0.000896
0.000826
0.000556
0.000042
-0.000319
-0.000393
-0.000592
-0.001078
-0.001440
-0.001418
-0.001179
-0.000844
-0.000439
-0.000120
0.000080
0.000317
0.000528
0.000493
0.000286
0.000200
0.000345
0.000592
0.000768
0.000826
0.000846
0.000854
0.000690
0.000234
-0.000320
-0.000676
-0.000783
-0.000778
-0.000785
-0.000885
-0.001037
-0.001060
-0.000931
-0.000901
-0.001046
-0.001037
-0.000552
0.000268
0.000957
0.001233
0.001272
0.001356
0.001446
0.001354
0.001108
0.000555
-0.001666
-0.006943
-0.011846
-0.009332
-0.000622
0.003786
0.002109
0.004634
0.013002
0.016081
0.010415
0.004545
0.002515
0.000935
-0.000431
0.000576
0.001479
-0.001036
-0.004552
-0.005072
-0.004156
-0.006172
-0.010969
-0.013886
-0.011803
-0.006973
-0.004223
-0.004129
-0.002288
0.002637
0.006404
0.007082
0.007308
0.007523
0.005975
0.004686
0.006625
0.009163
0.008084
0.004977
0.003921
0.004200
0.002111
-0.002667
-0.006965
-0.008575
-0.008086
-0.007276
-0.006914
-0.006365
-0.005356
-0.004525
-0.003637
-0.001998
-0.000785
-0.001209
-0.001131
0.001854
0.005647
0.006811
0.006220
0.006770
0.007986
0.007431
0.005090
0.002668
0.000692
-0.001020
-0.002017
-0.002142
-0.002259
-0.003098
-0.004206
-0.004568
-0.004195
-0.004306
-0.005222
-0.005324
-0.003493
-0.001005
0.000567
0.001561
0.002787
0.003754
0.003884
0.003710
0.003578
0.002967
0.001977
0.001621
0.002019
0.002012
0.001015
-0.000218
-0.000961
-0.001454
-0.002264
-0.003323
-0.003903
-0.003561
-0.002668
-0.001704
-0.000767
-0.000031
0.000332
0.000660
0.001253
0.001614
0.001292
0.000935
0.001316
0.001972
0.002046
0.001637
0.001259
0.000881
0.000368
-0.000113
-0.000558
-0.001123
-0.001639
-0.001764
-0.001498
-0.001196
-0.001135
-0.001180
-0.000978
-0.000515
-0.000196
-0.000148
0.000053
0.000648
0.001306
0.001681
0.001774
0.001659
0.001376
0.001040
0.000683
0.000181
-0.000393
-0.000711
-0.000691
-0.000603
-0.000644
-0.000824
-0.001106
-0.001347
-0.001359
-0.001215
-0.001137
-0.001061
-0.000711
-0.000024
0.000778
0.001405
0.001692
0.001712
0.001639
0.001475
0.001097
0.000546
0.000108
0.000073
0.000371
0.000567
0.000394
-0.000001
-0.000386
-0.000670
-0.000929
-0.001303
-0.001736
-0.001998
-0.001891
-0.001386
-0.000714
-0.000237
-0.000026
0.000213
0.000627
0.000924
0.000876
0.000765
0.000914
0.001168
0.001282
0.001332
0.001311
0.000957
0.000335
-0.000106
-0.000272
-0.000501
-0.000844
-0.000951
-0.000722
-0.000511
-0.000597
-0.000787
-0.000719
-0.000440
-0.000328
-0.000415
-0.000331
-0.000044
0.000118
0.000232
0.000622
0.001010
0.000863
0.000421
0.000317
0.000434
0.000228
-0.000140
-0.000094
0.000337
0.000675
0.000716
0.000547
0.000243
-0.000176
-0.000628
-0.000935
-0.001023
-0.001056
-0.001150
-0.001145
-0.000868
-0.000464
-0.000242
-0.000207
0.000012
0.000460
0.000641
0.000497
0.000632
0.001094
0.001233
0.000967
0.000847
0.000850
0.000468
-0.000167
-0.000492
-0.000545
-0.000710
-0.000841
-0.000550
-0.000058
0.000083
-0.000131
-0.000278
-0.000231
-0.000199
-0.000255
-0.000219
0.000016
0.000268
0.000332
0.000301
0.000360
0.000410
0.000263
0.000024
-0.000088
-0.000093
-0.000120
-0.000188
-0.000227
-0.000174
-0.000100
-0.000152
-0.000279
-0.000284
-0.000180
-0.000124
-0.000054
0.000170
0.000359
0.000239
-0.000040
-0.000108
0.000042
0.000131
0.000090
0.000092
0.000239
0.000470
0.000660
0.000674
0.000452
0.000095
-0.000198
-0.000300
-0.000263
-0.000278
-0.000464
-0.000678
-0.000670
-0.000444
-0.000282
-0.000288
-0.000256
-0.000060
0.000215
0.000423
0.000421
0.000197
-0.000017
-0.000004
0.000149
0.000259
0.000297
0.000273
0.000195
0.000163
0.000198
0.000152
-0.000051
-0.000281
-0.000392
-0.000394
-0.000404
-0.000462
-0.000472
-0.000344
-0.000077
0.000277
0.000575
0.000619
0.000442
0.000260
0.000120
-0.000048
-0.000187
-0.000193
-0.000025
0.000274
0.000551
0.000638
0.000486
0.000176
-0.000145
-0.000359
-0.000453
-0.000495
-0.000480
-0.000337
-0.000142
-0.000072
-0.000117
-0.000136
-0.000103
-0.000082
-0.000093
-0.000113
-0.000103
-0.000051
0.000014
0.000078
0.000132
0.000106
-0.000014
-0.000099
-0.000068
-0.000023
-0.000071
-0.000133
-0.000035
0.000265
0.000605
0.000795
0.000794
0.000671
0.000467
0.000183
-0.000092
-0.000233
-0.000287
-0.000378
-0.000414
-0.000242
0.000017
0.000071
-0.000134
-0.000392
-0.000550
-0.000652
-0.000730
-0.000683
-0.000479
-0.000212
0.000124
0.000560
0.000877
0.000850
0.000607
0.000413
0.000292
0.000122
-0.000107
-0.000266
-0.000218
-0.000003
0.000173
0.000166
-0.000002
-0.000232
-0.000398
-0.000433
-0.000408
-0.000371
-0.000212
0.000105
0.000366
0.000363
0.000173
0.000022
-0.000012
-0.000017
-0.000047
-0.000079
-0.000047
0.000106
0.000342
0.000515
0.000494
0.000296
0.000082
-0.000041
-0.000160
-0.000368
-0.000561
-0.000570
-0.000396
-0.000123
0.000209
0.000490
0.000563
0.000432
0.000296
0.000348
0.000497
0.000433
0.000048
-0.000354
-0.000421
-0.000250
-0.000300
-0.000704
-0.001030
-0.000943
-0.000651
-0.000459
-0.000395
-0.000357
-0.000239
0.000002
0.000262
0.000424
0.000527
0.000663
0.000824
0.000954
0.001010
0.000931
0.000706
0.000425
0.000186
-0.000005
-0.000197
-0.000437
-0.000729
-0.000965
-0.000972
-0.000789
-0.000667
-0.000709
-0.000831
-0.001002
-0.001127
-0.000902
-0.000241
0.000508
0.001089
0.001617
0.002088
0.002199
0.001919
0.001644
0.001544
0.001347
0.000900
0.000381
-0.000058
-0.000483
-0.001009
-0.001589
-0.002022
-0.002171
-0.002156
-0.002170
-0.002129
-0.001822
-0.001334
-0.000924
-0.000524
0.000128
0.000902
0.001387
0.001553
0.001735
0.002057
0.002287
0.002197
0.001842
0.001437
0.001094
0.000802
0.000477
-0.000038
-0.000743
-0.001323
-0.001564
-0.001676
-0.001843
-0.001824
-0.001373
-0.000725
-0.000326
-0.000306
-0.000415
-0.000373
-0.000166
0.000083
0.000337
0.000551
0.000653
0.000754
0.000956
0.000991
0.000592
0.000055
-0.000142
-0.000032
0.000057
0.000107
0.000275
0.000413
0.000312
0.000147
0.000088
-0.000119
-0.000607
-0.000957
-0.000823
-0.000452
-0.000298
-0.000495
-0.000872
-0.001533
-0.002873
-0.004155
-0.003487
-0.000877
0.001191
0.002091
0.004027
0.006991
0.007905
0.006053
0.003992
0.002810
0.001418
-0.000115
-0.000704
-0.000804
-0.001655
-0.002924
-0.003501
-0.003666
-0.004482
-0.005826
-0.006469
-0.005734
-0.004291
-0.003119
-0.002000
-0.000049
0.002344
0.003877
0.004536
0.005177
0.005450
0.004623
0.003566
0.003444
0.003573
0.002749
0.001504
0.000989
0.000757
-0.000407
-0.002367
-0.003946
-0.004644
-0.004870
-0.004922
-0.004505
-0.003407
-0.002125
-0.001171
-0.000250
0.000948
0.001833
0.001948
0.002011
0.002684
0.003352
0.003321
0.003030
0.002996
0.002749
0.001835
0.000674
-0.000341
-0.001379
-0.002441
-0.003156
-0.003350
-0.003195
-0.002896
-0.002487
-0.001908
-0.001218
-0.000652
-0.000280
0.000174
0.000848
0.001472
0.001921
0.002427
0.002968
0.003156
0.002924
0.002540
0.001961
0.000974
-0.000141
-0.000886
-0.001305
-0.001758
-0.002215
-0.002377
-0.002265
-0.002178
-0.002148
-0.001930
-0.001506
-0.001077
-0.000619
-0.000001
0.000658
0.001196
0.001701
0.002272
0.002672
0.002582
0.002094
0.001625
0.001365
0.001088
0.000600
0.000091
-0.000230
-0.000514
-0.000984
-0.001578
-0.002080
-0.002392
-0.002469
-0.002183
-0.001561
-0.000920
-0.000490
-0.000191
0.000121
0.000462
0.000763
0.000999
0.001230
0.001488
0.001687
0.001714
0.001551
0.001300
0.001053
0.000764
0.000368
-0.000082
-0.000514
-0.000916
-0.001239
-0.001398
-0.001415
-0.001370
-0.001261
-0.001091
-0.000937
-0.000811
-0.000641
-0.000412
-0.000137
0.000232
0.000686
0.001073
0.001313
0.001453
0.001510
0.001481
0.001344
0.001001
0.000490
0.000055
-0.000199
-0.000433
-0.000707
-0.000864
-0.000827
-0.000686
-0.000545
-0.000470
-0.000480
-0.000480
-0.000407
-0.000361
-0.000378
-0.000313
-0.000134
0.000011
0.000108
0.000271
0.000489
0.000636
0.000656
0.000603
0.000512
0.000354
0.000162
0.000043
-0.000026
-0.000171
-0.000386
-0.000543
-0.000534
-0.000380
-0.000210
-0.000106
-0.000018
0.000095
0.000224
0.000351
0.000409
0.000335
0.000200
0.000135
0.000167
0.000181
0.000095
-0.000020
-0.000076
-0.000059
-0.000021
-0.000062
-0.000207
-0.000366
-0.000493
-0.000618
-0.000702
-0.000669
-0.000525
-0.000283
0.000089
0.000525
0.000803
0.000784
0.000637
0.000598
0.000628
0.000548
0.000314
0.000028
-0.000169
-0.000155
0.000038
0.000155
-0.000009
-0.000331
-0.000557
-0.000624
-0.000662
-0.000804
-0.001012
-0.001060
-0.000756
-0.000170
0.000408
0.000747
0.000851
0.000868
0.000901
0.000904
0.000734
0.000392
0.000147
0.000214
0.000433
0.000508
0.000356
0.000100
-0.000111
-0.000268
-0.000524
-0.000927
-0.001250
-0.001270
-0.001035
-0.000738
-0.000498
-0.000349
-0.000235
-0.000025
0.000316
0.000578
0.000598
0.000566
0.000742
0.001027
0.001073
0.000827
0.000583
0.000429
0.000124
-0.000359
-0.000722
-0.000793
-0.000731
-0.000676
-0.000518
-0.000156
0.000210
0.000297
0.000113
-0.000092
-0.000164
-0.000157
-0.000132
-0.000034
0.000178
0.000409
0.000548
0.000596
0.000540
0.000289
-0.000112
-0.000436
-0.000591
-0.000685
-0.000758
-0.000678
-0.000339
0.000097
0.000307
0.000241
0.000190
0.000312
0.000385
0.000218
0.000025
0.000091
0.000270
0.000228
0.000026
-0.000044
0.000042
0.000122
0.000150
0.000148
0.000094
-0.000026
-0.000167
-0.000262
-0.000308
-0.000380
-0.000454
-0.000381
-0.000181
-0.000078
-0.000146
-0.000210
-0.000170
-0.000155
-0.000220
-0.000148
0.000229
0.000666
0.000799
0.000695
0.000660
0.000688
0.000547
0.000234
-0.000006
-0.000025
0.000055
0.000039
-0.000068
-0.000173
-0.000289
-0.000432
-0.000547
-0.000622
-0.000663
-0.000636
-0.000513
-0.000308
-0.000119
-0.000061
-0.000070
0.000030
0.000245
0.000401
0.000402
0.000325
0.000246
0.000185
0.000182
0.000228
0.000264
0.000299
0.000404
0.000547
0.000540
0.000280
-0.000059
-0.000267
-0.000371
-0.000459
-0.000484
-0.000384
-0.000248
-0.000250
-0.000401
-0.000463
-0.000324
-0.000240
-0.000364
-0.000434
-0.000253
-0.000039
0.000024
0.000126
0.000373
0.000503
0.000383
0.000243
0.000264
0.000388
0.000527
0.000665
0.000769
0.000742
0.000544
0.000281
0.000083
-0.000097
-0.000377
-0.000658
-0.000726
-0.000621
-0.000590
-0.000658
-0.000563
-0.000236
0.000008
-0.000065
-0.000274
-0.000358
-0.000285
-0.000142
0.000015
0.000134
0.000221
0.000406
0.000721
0.000936
0.000853
0.000604
0.000444
0.000418
0.000348
0.000101
-0.000200
-0.000354
-0.000360
-0.000369
-0.000436
-0.000525
-0.000634
-0.000741
-0.000747
-0.000631
-0.000534
-0.000551
-0.000515
-0.000201
0.000303
0.000685
0.000812
0.000835
0.000896
0.000928
0.000827
0.000657
0.000519
0.000378
0.000178
0.000029
0.000027
-0.000004
-0.000281
-0.000663
-0.000851
-0.000852
-0.000906
-0.001029
-0.000967
-0.000596
-0.000131
0.000179
0.000326
0.000396
0.000415
0.000423
0.000480
0.000569
0.000613
0.000575
0.000528
0.000542
0.000479
0.000151
-0.000292
-0.000505
-0.000479
-0.000478
-0.000554
-0.000546
-0.000412
-0.000295
-0.000290
-0.000339
-0.000327
-0.000209
-0.000018
0.000177
0.000314
0.000372
0.000382
0.000449
0.000636
0.000773
0.000621
0.000271
0.000039
-0.000028
-0.000101
-0.000172
-0.000141
-0.000068
-0.000053
-0.000116
-0.000276
-0.000524
-0.000735
-0.000767
-0.000625
-0.000430
-0.000243
-0.000013
0.000305
0.000631
0.000804
0.000757
0.000571
0.000393
0.000301
0.000271
0.000259
0.000241
0.000213
0.000206
0.000182
-0.000003
-0.000384
-0.000736
-0.000835
-0.000750
-0.000680
-0.000701
-0.000776
-0.000790
-0.000601
-0.000265
-0.000061
-0.000050
0.000046
0.000374
0.000768
0.001035
0.001053
0.000840
0.000656
0.000715
0.000847
0.000754
0.000439
0.000142
0.000004
-0.000019
-0.000043
-0.000167
-0.000432
-0.000750
-0.000964
-0.001048
-0.001148
-0.001332
-0.001404
-0.001130
-0.000575
-0.000018
0.000397
0.000741
0.001044
0.001189
0.001125
0.000959
0.000764
0.000548
0.000418
0.000469
0.000573
0.000548
0.000394
0.000191
-0.000052
-0.000330
-0.000616
-0.000901
-0.001117
-0.001125
-0.000936
-0.000747
-0.000642
-0.000485
-0.000229
0.000006
0.000203
0.000400
0.000499
0.000470
0.000495
0.000660
0.000753
0.000597
0.000340
0.000216
0.000221
0.000194
0.000052
-0.000177
-0.000383
-0.000426
-0.000289
-0.000174
-0.000228
-0.000329
-0.000324
-0.000275
-0.000316
-0.000464
-0.000586
-0.000484
-0.000142
0.000199
0.000363
0.000406
0.000394
0.000364
0.000403
0.000490
0.000487
0.000362
0.000257
0.000293
0.000387
0.000357
0.000206
0.000085
0.000016
-0.000079
-0.000214
-0.000379
-0.000559
-0.000645
-0.000558
-0.000399
-0.000326
-0.000375
-0.000432
-0.000400
-0.000303
-0.000200
-0.000096
0.000038
0.000223
0.000430
0.000594
0.000663
0.000598
0.000416
0.000194
-0.000007
-0.000132
-0.000120
0.000032
0.000228
0.000355
0.000371
0.000304
0.000185
-0.000015
-0.000314
-0.000551
-0.000514
-0.000281
-0.000112
-0.000081
-0.000076
-0.000023
0.000029
-0.000008
-0.000154
-0.000339
-0.000479
-0.000497
-0.000327
-0.000019
0.000247
0.000381
0.000447
0.000446
0.000322
0.000184
0.000175
0.000208
0.000178
0.000212
0.000358
0.000391
0.000212
0.000011
-0.000098
-0.000234
-0.000502
-0.000814
-0.000943
-0.000743
-0.000388
-0.000199
-0.000146
0.000053
0.000353
0.000455
0.000338
0.000217
0.000167
0.000167
0.000270
0.000426
0.000479
0.000436
0.000400
0.000323
0.000126
-0.000106
-0.000212
-0.000158
-0.000089
-0.000140
-0.000280
-0.000383
-0.000359
-0.000266
-0.000286
-0.000446
-0.000515
-0.000375
-0.000214
-0.000152
-0.000049
0.000137
0.000250
0.000278
0.000363
0.000484
0.000492
0.000427
0.000419
0.000412
0.000284
0.000085
-0.000076
-0.000199
-0.000311
-0.000352
-0.000257
-0.000110
-0.000046
-0.000080
-0.000137
-0.000166
-0.000167
-0.000208
-0.000322
-0.000355
-0.000166
0.000079
0.000157
0.000121
0.000128
0.000169
0.000140
0.000038
-0.000071
-0.000097
0.000053
0.000314
0.000450
0.000389
0.000339
0.000400
0.000383
0.000150
-0.000120
-0.000206
-0.000184
-0.000213
-0.000208
-0.000070
0.000032
-0.000034
-0.000134
-0.000196
-0.000306
-0.000458
-0.000547
-0.000547
-0.000472
-0.000301
-0.000073
0.000102
0.000163
0.000096
-0.000051
-0.000130
-0.000074
0.000052
0.000265
0.000605
0.000918
0.001041
0.000985
0.000805
0.000556
0.000339
0.000166
-0.000070
-0.000391
-0.000631
-0.000626
-0.000449
-0.000364
-0.000490
-0.000633
-0.000580
-0.000394
-0.000256
-0.000234
-0.000295
-0.000322
-0.000175
0.000133
0.000406
0.000456
0.000310
0.000197
0.000262
0.000361
0.000304
0.000185
0.000185
0.000257
0.000260
0.000192
0.000092
-0.000020
-0.000086
-0.000134
-0.000246
-0.000377
-0.000429
-0.000387
-0.000282
-0.000115
0.000094
0.000207
0.000093
-0.000079
-0.000050
0.000065
-0.000007
-0.000169
-0.000148
-0.000009
0.000059
0.000122
0.000243
0.000294
0.000246
0.000208
0.000172
0.000070
-0.000048
-0.000085
-0.000060
-0.000065
-0.000091
-0.000067
0.000007
0.000095
0.000157
0.000133
0.000011
-0.000135
-0.000227
-0.000247
-0.000186
-0.000054
0.000066
0.000112
0.000100
0.000027
-0.000097
-0.000196
-0.000240
-0.000265
-0.000232
-0.000065
0.000172
0.000337
0.000410
0.000440
0.000382
0.000194
-0.000053
-0.000238
-0.000285
-0.000244
-0.000223
-0.000213
-0.000122
0.000013
0.000025
-0.000121
-0.000257
-0.000251
-0.000143
-0.000028
0.000064
0.000149
0.000275
0.000480
0.000685
0.000699
0.000450
0.000138
0.000001
0.000029
0.000091
0.000122
0.000052
-0.000167
-0.000404
-0.000507
-0.000532
-0.000581
-0.000577
-0.000422
-0.000223
-0.000140
-0.000139
-0.000100
-0.000037
-0.000022
-0.000036
0.000010
0.000135
0.000276
0.000414
0.000544
0.000569
0.000433
0.000275
0.000252
0.000339
0.000407
0.000359
0.000157
-0.000129
-0.000318
-0.000355
-0.000403
-0.000530
-0.000575
-0.000444
-0.000286
-0.000232
-0.000209
-0.000140
-0.000071
-0.000041
-0.000032
-0.000022
0.000013
0.000089
0.000223
0.000403
0.000510
0.000436
0.000276
0.000196
0.000220
0.000251
0.000222
0.000195
0.000231
0.000237
0.000117
-0.000089
-0.000289
-0.000436
-0.000526
-0.000570
-0.000590
-0.000615
-0.000655
-0.000649
-0.000486
-0.000172
0.000132
0.000317
0.000444
0.000578
0.000660
0.000678
0.000732
0.000801
0.000701
0.000433
0.000207
0.000105
0.000002
-0.000225
-0.000539
-0.000765
-0.000815
-0.000832
-0.000879
-0.000765
-0.000435
-0.000097
0.000109
0.000185
0.000167
0.000173
0.000330
0.000561
0.000631
0.000452
0.000264
0.000337
0.000532
0.000489
0.000198
-0.000029
-0.000076
-0.000126
-0.000290
-0.000462
-0.000530
-0.000506
-0.000447
-0.000359
-0.000218
-0.000057
0.000042
0.000032
-0.000034
-0.000058
0.000011
0.000154
0.000318
0.000461
0.000589
0.000692
0.000649
0.000344
-0.000104
-0.000423
-0.000491
-0.000408
-0.000279
-0.000128
-0.000033
-0.000066
-0.000126
-0.000097
-0.000071
-0.000179
-0.000341
-0.000372
-0.000235
-0.000040
0.000135
0.000287
0.000378
0.000323
0.000145
-0.000003
-0.000042
-0.000038
-0.000011
0.000133
0.000378
0.000492
0.000303
-0.000042
-0.000262
-0.000292
-0.000268
-0.000235
-0.000116
0.000104
0.000325
0.000409
0.000275
0.000006
-0.000223
-0.000337
-0.000364
-0.000339
-0.000322
-0.000364
-0.000414
-0.000354
-0.000167
0.000042
0.000207
0.000375
0.000548
0.000611
0.000529
0.000409
0.000285
0.000094
-0.000112
-0.000186
-0.000082
0.000085
0.000176
0.000164
0.000120
0.000058
-0.000118
-0.000410
-0.000630
-0.000647
-0.000528
-0.000395
-0.000303
-0.000234
-0.000149
-0.000041
0.000063
0.000130
0.000190
0.000298
0.000435
0.000539
0.000561
0.000473
0.000342
0.000287
0.000296
0.000272
0.000230
0.000206
0.000093
-0.000159
-0.000414
-0.000578
-0.000700
-0.000784
-0.000739
-0.000569
-0.000395
-0.000254
-0.000068
0.000171
0.000351
0.000381
0.000343
0.000410
0.000560
0.000566
0.000368
0.000168
0.000090
0.000048
-0.000042
-0.000136
-0.000149
-0.000092
-0.000094
-0.000214
-0.000330
-0.000328
-0.000247
-0.000169
-0.000095
-0.000017
0.000013
0.000001
0.000033
0.000107
0.000125
0.000100
0.000138
0.000207
0.000187
0.000098
0.000025
-0.000057
-0.000179
-0.000291
-0.000320
-0.000201
0.000028
0.000189
0.000171
0.000067
0.000018
0.000045
0.000109
0.000194
0.000251
0.000227
0.000178
0.000194
0.000253
0.000246
0.000098
-0.000119
-0.000228
-0.000210
-0.000232
-0.000339
-0.000399
-0.000330
-0.000179
-0.000073
-0.000106
-0.000218
-0.000283
-0.000285
-0.000265
-0.000195
-0.000033
0.000174
0.000359
0.000499
0.000572
0.000549
0.000409
0.000189
0.000054
0.000129
0.000269
0.000248
0.000082
-0.000026
0.000027
0.000107
0.000038
-0.000139
-0.000287
-0.000410
-0.000550
-0.000646
-0.000626
-0.000534
-0.000427
-0.000265
-0.000037
0.000140
0.000185
0.000177
0.000211
0.000272
0.000336
0.000421
0.000492
0.000464
0.000337
0.000208
0.000112
0.000013
-0.000070
-0.000065
0.000035
0.000120
0.000064
-0.000114
-0.000229
-0.000197
-0.000190
-0.000323
-0.000439
-0.000404
-0.000347
-0.000382
-0.000404
-0.000292
-0.000093
0.000086
0.000239
0.000422
0.000617
0.000711
0.000669
0.000594
0.000548
0.000429
0.000165
-0.000110
-0.000231
-0.000227
-0.000230
-0.000308
-0.000423
-0.000469
-0.000414
-0.000379
-0.000432
-0.000450
-0.000324
-0.000129
0.000023
0.000096
0.000111
0.000134
0.000232
0.000383
0.000472
0.000404
0.000246
0.000183
0.000225
0.000181
0.000030
-0.000039
0.000017
0.000101
0.000185
0.000212
0.000074
-0.000147
-0.000265
-0.000273
-0.000285
-0.000331
-0.000322
-0.000195
-0.000048
-0.000042
-0.000172
-0.000264
-0.000232
-0.000201
-0.000254
-0.000236
-0.000080
0.000024
0.000020
0.000129
0.000410
0.000645
0.000680
0.000564
0.000401
0.000286
0.000256
0.000212
0.000044
-0.000126
-0.000088
0.000066
0.000050
-0.000167
-0.000404
-0.000577
-0.000671
-0.000639
-0.000506
-0.000354
-0.000194
-0.000004
0.000169
0.000240
0.000217
0.000198
0.000213
0.000210
0.000201
0.000203
0.000207
0.000267
0.000379
0.000381
0.000214
0.000065
0.000080
0.000156
0.000146
0.000039
-0.000115
-0.000264
-0.000344
-0.000370
-0.000412
-0.000446
-0.000399
-0.000312
-0.000274
-0.000248
-0.000167
-0.000078
-0.000016
0.000106
0.000290
0.000374
0.000328
0.000297
0.000273
0.000141
-0.000012
-0.000023
0.000062
0.000090
0.000031
-0.000056
-0.000146
-0.000194
-0.000144
-0.000043
0.000039
0.000135
0.000259
0.000309
0.000247
0.000189
0.000189
0.000138
-0.000004
-0.000144
-0.000255
-0.000380
-0.000458
-0.000396
-0.000231
-0.000040
0.000140
0.000264
0.000285
0.000173
-0.000034
-0.000198
-0.000216
-0.000122
0.000003
0.000144
0.000300
0.000377
0.000262
0.000006
-0.000202
-0.000222
-0.000082
0.000037
-0.000016
-0.000135
-0.000098
0.000060
0.000079
-0.000120
-0.000335
-0.000416
-0.000418
-0.000411
-0.000340
-0.000149
0.000093
0.000258
0.000320
0.000389
0.000535
0.000676
0.000680
0.000516
0.000292
0.000122
0.000038
0.000017
0.000024
0.000011
-0.000046
-0.000146
-0.000251
-0.000294
-0.000255
-0.000205
-0.000199
-0.000217
-0.000248
-0.000341
-0.000491
-0.000605
-0.000635
-0.000606
-0.000468
-0.000117
0.000354
0.000663
0.000720
0.000703
0.000683
0.000521
0.000226
0.000056
0.000131
0.000256
0.000237
0.000148
0.000152
0.000203
0.000119
-0.000106
-0.000304
-0.000409
-0.000458
-0.000441
-0.000353
-0.000260
-0.000207
-0.000158
-0.000088
-0.000023
0.000023
0.000063
0.000119
0.000200
0.000296
0.000335
0.000254
0.000103
-0.000019
-0.000084
-0.000140
-0.000215
-0.000265
-0.000235
-0.000117
0.000010
0.000029
-0.000068
-0.000139
-0.000072
0.000062
0.000149
0.000183
0.000207
0.000240
0.000319
0.000415
0.000366
0.000125
-0.000125
-0.000240
-0.000236
-0.000174
-0.000121
-0.000140
-0.000251
-0.000412
-0.000515
-0.000457
-0.000243
0.000030
0.000272
0.000436
0.000517
0.000508
0.000404
0.000275
0.000221
0.000230
0.000216
0.000168
0.000115
0.000028
-0.000125
-0.000301
-0.000436
-0.000500
-0.000485
-0.000402
-0.000290
-0.000221
-0.000217
-0.000195
-0.000097
0.000011
0.000042
-0.000004
-0.000072
-0.000105
-0.000027
0.000236
0.000597
0.000789
0.000688
0.000466
0.000288
0.000127
-0.000027
-0.000111
-0.000135
-0.000152
-0.000151
-0.000133
-0.000168
-0.000243
-0.000235
-0.000136
-0.000103
-0.000201
-0.000295
-0.000238
-0.000054
0.000088
0.000050
-0.000051
0.000019
0.000206
0.000276
0.000231
0.000229
0.000284
0.000310
0.000295
0.000254
0.000114
-0.000127
-0.000301
-0.000365
-0.000485
-0.000664
-0.000658
-0.000398
-0.000130
-0.000048
-0.000018
0.000143
0.000325
0.000348
0.000279
0.000286
0.000356
0.000350
0.000239
0.000167
0.000212
0.000238
0.000144
0.000039
0.000009
-0.000043
-0.000216
-0.000422
-0.000500
-0.000451
-0.000408
-0.000365
-0.000178
0.000107
0.000246
0.000191
0.000182
0.000340
0.000477
0.000394
0.000167
-0.000006
-0.000089
-0.000161
-0.000224
-0.000229
-0.000224
-0.000301
-0.000403
-0.000335
-0.000102
0.000056
0.000025
-0.000038
0.000014
0.000100
0.000084
0.000039
0.000111
0.000271
0.000378
0.000379
0.000362
0.000391
0.000381
0.000254
0.000071
-0.000088
-0.000179
-0.000149
-0.000023
0.000065
0.000019
-0.000132
-0.000302
-0.000419
-0.000464
-0.000477
-0.000478
-0.000428
-0.000320
-0.000213
-0.000134
-0.000061
-0.000006
0.000021
0.000070
0.000193
0.000397
0.000631
0.000778
0.000748
0.000592
0.000420
0.000278
0.000145
-0.000005
-0.000162
-0.000282
-0.000322
-0.000300
-0.000296
-0.000347
-0.000395
-0.000386
-0.000338
-0.000286
-0.000261
-0.000263
-0.000210
-0.000080
0.000004
-0.000027
-0.000043
0.000092
0.000358
0.000644
0.000826
0.000798
0.000553
0.000227
-0.000016
-0.000128
-0.000170
-0.000181
-0.000116
0.000057
0.000193
0.000088
-0.000235
-0.000511
-0.000579
-0.000569
-0.000609
-0.000583
-0.000386
-0.000151
-0.000004
0.000092
0.000165
0.000209
0.000322
0.000560
0.000734
0.000654
0.000427
0.000262
0.000181
0.000080
-0.000097
-0.000261
-0.000268
-0.000148
-0.000064
-0.000067
-0.000099
-0.000126
-0.000159
-0.000198
-0.000228
-0.000206
-0.000102
0.000029
0.000090
0.000032
-0.000082
-0.000117
-0.000033
0.000056
0.000084
0.000129
0.000206
0.000178
0.000014
-0.000074
0.000049
0.000189
0.000148
0.000041
0.000058
0.000166
0.000200
0.000100
-0.000038
-0.000107
-0.000109
-0.000114
-0.000182
-0.000303
-0.000355
-0.000222
-0.000020
0.000018
-0.000096
-0.000144
-0.000073
-0.000002
0.000021
0.000028
0.000050
0.000095
0.000111
0.000056
0.000012
0.000056
0.000125
0.000115
0.000015
-0.000042
0.000065
0.000231
0.000282
0.000237
0.000186
0.000144
0.000123
0.000128
0.000062
-0.000148
-0.000395
-0.000518
-0.000496
-0.000385
-0.000196
0.000053
0.000230
0.000188
-0.000020
-0.000145
-0.000053
0.000093
0.000102
0.000030
0.000047
0.000192
0.000356
0.000414
0.000349
0.000210
0.000005
-0.000224
-0.000312
-0.000215
-0.000125
-0.000173
-0.000225
-0.000168
-0.000133
-0.000255
-0.000401
-0.000362
-0.000155
0.000038
0.000132
0.000192
0.000285
0.000379
0.000394
0.000312
0.000211
0.000166
0.000167
0.000169
0.000142
0.000057
-0.000041
-0.000051
0.000010
0.000025
-0.000061
-0.000200
-0.000299
-0.000312
-0.000300
-0.000323
-0.000295
-0.000147
0.000010
0.000098
0.000192
0.000304
0.000325
0.000222
0.000078
-0.000054
-0.000176
-0.000220
-0.000131
-0.000040
-0.000049
-0.000046
0.000034
0.000092
0.000070
0.000010
-0.000059
-0.000131
-0.000162
-0.000106
0.000010
0.000098
0.000137
0.000193
0.000270
0.000283
0.000205
0.000103
0.000051
0.000038
-0.000042
-0.000171
-0.000162
0.000003
0.000098
0.000050
-0.000004
-0.000053
-0.000188
-0.000352
-0.000401
-0.000298
-0.000147
-0.000061
-0.000008
0.000077
0.000162
0.000219
0.000257
0.000264
0.000209
0.000150
0.000207
0.000334
0.000311
0.000066
-0.000190
-0.000247
-0.000189
-0.000214
-0.000304
-0.000306
-0.000234
-0.000224
-0.000231
-0.000110
0.000076
0.000160
0.000162
0.000213
0.000291
0.000262
0.000123
0.000001
-0.000053
-0.000088
-0.000095
-0.000049
0.000000
0.000030
0.000084
0.000137
0.000073
-0.000116
-0.000267
-0.000234
-0.000082
-0.000023
-0.000122
-0.000170
-0.000014
0.000164
0.000131
-0.000022
-0.000051
0.000064
0.000149
0.000128
0.000079
0.000052
0.000043
0.000075
0.000151
0.000186
0.000130
0.000072
0.000121
0.000215
0.000175
-0.000000
-0.000131
-0.000153
-0.000155
-0.000203
-0.000283
-0.000324
-0.000278
-0.000196
-0.000162
-0.000204
-0.000271
-0.000255
-0.000096
0.000147
0.000352
0.000424
0.000373
0.000306
0.000243
0.000097
-0.000090
-0.000148
-0.000042
0.000063
0.000083
0.000125
0.000210
0.000184
0.000018
-0.000128
-0.000175
-0.000191
-0.000236
-0.000268
-0.000215
-0.000061
0.000104
0.000129
-0.000004
-0.000127
-0.000112
-0.000030
0.000019
0.000046
0.000099
0.000168
0.000186
0.000125
0.000039
-0.000036
-0.000130
-0.000212
-0.000185
-0.000050
0.000076
0.000129
0.000158
0.000226
0.000331
0.000399
0.000332
0.000106
-0.000143
-0.000220
-0.000137
-0.000070
-0.000103
-0.000176
-0.000201
-0.000149
-0.000112
-0.000189
-0.000306
-0.000333
-0.000305
-0.000328
-0.000370
-0.000310
-0.000093
0.000212
0.000443
0.000489
0.000413
0.000352
0.000337
0.000320
0.000289
0.000254
0.000215
0.000218
0.000281
0.000289
0.000116
-0.000163
-0.000343
-0.000354
-0.000337
-0.000391
-0.000398
-0.000238
-0.000028
0.000021
-0.000125
-0.000325
-0.000457
-0.000475
-0.000364
-0.000175
0.000023
0.000202
0.000386
0.000590
0.000737
0.000746
0.000614
0.000359
0.000075
-0.000083
-0.000135
-0.000202
-0.000235
-0.000130
0.000004
0.000000
-0.000099
-0.000159
-0.000185
-0.000231
-0.000265
-0.000259
-0.000261
-0.000259
-0.000181
-0.000038
0.000083
0.000100
0.000012
-0.000054
0.000021
0.000153
0.000163
0.000083
0.000135
0.000336
0.000433
0.000309
0.000147
0.000122
0.000145
0.000055
-0.000119
-0.000207
-0.000141
-0.000025
0.000041
0.000055
0.000001
-0.000155
-0.000339
-0.000414
-0.000338
-0.000163
0.000025
0.000141
0.000152
0.000089
0.000008
-0.000041
-0.000038
-0.000038
-0.000099
-0.000156
-0.000098
0.000031
0.000051
-0.000063
-0.000088
0.000095
0.000277
0.000255
0.000159
0.000218
0.000386
0.000418
0.000248
0.000066
0.000016
-0.000020
-0.000178
-0.000353
-0.000396
-0.000358
-0.000307
-0.000186
-0.000021
0.000047
0.000002
-0.000050
-0.000068
-0.000057
-0.000028
-0.000015
0.000011
0.000098
0.000194
0.000230
0.000229
0.000234
0.000206
0.000099
0.000002
0.000018
0.000071
0.000021
-0.000078
-0.000077
-0.000003
0.000005
-0.000062
-0.000115
-0.000147
-0.000190
-0.000238
-0.000279
-0.000308
-0.000308
-0.000246
-0.000152
-0.000121
-0.000149
-0.000091
0.000115
0.000342
0.000457
0.000489
0.000533
0.000570
0.000508
0.000335
0.000112
-0.000077
-0.000150
-0.000132
-0.000165
-0.000281
-0.000323
-0.000193
-0.000025
-0.000002
-0.000120
-0.000232
-0.000254
-0.000261
-0.000304
-0.000284
-0.000162
-0.000041
0.000069
0.000229
0.000360
0.000372
0.000331
0.000334
0.000337
0.000248
0.000096
-0.000018
-0.000044
-0.000001
0.000039
-0.000007
-0.000133
-0.000236
-0.000252
-0.000224
-0.000222
-0.000260
-0.000299
-0.000273
-0.000149
-0.000023
-0.000059
-0.000177
-0.000097
0.000156
0.000243
0.000099
0.000043
0.000243
0.000496
0.000573
0.000491
0.000368
0.000213
0.000000
-0.000168
-0.000216
-0.000268
-0.000390
-0.000383
-0.000118
0.000147
0.000154
0.000051
0.000051
0.000043
-0.000137
-0.000367
-0.000416
-0.000249
-0.000042
0.000058
0.000071
0.000059
0.000015
-0.000053
-0.000055
0.000050
0.000179
0.000255
0.000289
0.000300
0.000248
0.000104
-0.000081
-0.000205
-0.000234
-0.000227
-0.000203
-0.000119
0.000010
0.000073
0.000031
-0.000024
-0.000037
-0.000019
0.000052
0.000150
0.000184
0.000150
0.000133
0.000156
0.000174
0.000145
0.000077
0.000040
0.000030
-0.000105
-0.000368
-0.000513
-0.000451
-0.000364
-0.000322
-0.000185
0.000080
0.000294
0.000328
0.000235
0.000130
0.000070
0.000045
0.000067
0.000183
0.000319
0.000337
0.000236
0.000101
-0.000052
-0.000210
-0.000299
-0.000302
-0.000289
-0.000265
-0.000166
-0.000033
0.000009
-0.000023
-0.000003
0.000072
0.000086
0.000028
0.000001
0.000044
0.000094
0.000092
0.000079
0.000137
0.000220
0.000179
0.000024
-0.000040
0.000014
-0.000017
-0.000150
-0.000180
-0.000062
0.000054
0.000063
-0.000034
-0.000187
-0.000320
-0.000376
-0.000322
-0.000176
0.000011
0.000204
0.000365
0.000420
0.000329
0.000141
-0.000015
-0.000035
0.000052
0.000117
0.000100
0.000070
0.000093
0.000093
-0.000033
-0.000190
-0.000209
-0.000120
-0.000087
-0.000133
-0.000136
-0.000058
0.000016
0.000050
0.000085
0.000068
-0.000085
-0.000240
-0.000181
0.000008
0.000060
0.000002
0.000052
0.000170
0.000170
0.000087
0.000105
0.000230
0.000285
0.000194
0.000067
-0.000034
-0.000161
-0.000299
-0.000352
-0.000309
-0.000238
-0.000177
-0.000106
0.000023
0.000195
0.000278
0.000201
0.000077
0.000010
-0.000006
-0.000003
-0.000028
-0.000093
-0.000133
-0.000100
-0.000031
-0.000004
-0.000033
-0.000050
-0.000011
0.000026
0.000005
-0.000009
0.000078
0.000225
0.000285
0.000205
0.000077
0.000046
0.000192
0.000396
0.000429
0.000241
-0.000006
-0.000196
-0.000339
-0.000409
