8320
0.000197
0.000168
0.000131
-0.000038
-0.000261
-0.000296
-0.000080
0.000220
0.000400
0.000363
0.000180
-0.000008
-0.000107
-0.000097
-0.000016
0.000115
0.000293
0.000407
0.000305
-0.000008
-0.000362
-0.000628
-0.000796
-0.000834
-0.000631
-0.000219
0.000197
0.000447
0.000470
0.000322
0.000150
0.000051
0.000071
0.000260
0.000478
0.000461
0.000187
-0.000091
-0.000191
-0.000165
-0.000119
-0.000057
-0.000040
-0.000185
-0.000344
-0.000234
0.000059
0.000196
0.000106
-0.000042
-0.000092
0.000011
0.000123
0.000059
-0.000101
-0.000150
-0.000052
0.000085
0.000137
0.000074
0.000005
0.000005
-0.000004
-0.000051
-0.000026
0.000064
0.000043
-0.000074
-0.000058
0.000129
0.000245
0.000145
-0.000028
-0.000131
-0.000223
-0.000328
-0.000265
0.000002
0.000150
-0.000039
-0.000289
-0.000233
0.000073
0.000301
0.000276
0.000104
-0.000009
0.000017
0.000113
0.000159
0.000098
0.000055
0.000187
0.000344
0.000234
-0.000099
-0.000322
-0.000266
-0.000075
0.000033
-0.000067
-0.000330
-0.000499
-0.000328
0.000075
0.000317
0.000205
-0.000003
-0.000014
0.000137
0.000272
0.000279
0.000139
-0.000046
-0.000145
-0.000143
-0.000073
0.000095
0.000280
0.000214
-0.000155
-0.000508
-0.000579
-0.000437
-0.000281
-0.000166
-0.000039
0.000100
0.000222
0.000361
0.000501
0.000551
0.000484
0.000347
0.000188
0.000071
0.000040
0.000027
-0.000074
-0.000270
-0.000468
-0.000571
-0.000538
-0.000370
-0.000100
0.000143
0.000226
0.000177
0.000098
0.000021
-0.000014
0.000065
0.000183
0.000171
0.000050
0.000026
0.000172
0.000275
0.000101
-0.000176
-0.000175
0.000059
0.000172
0.000136
0.000141
0.000113
-0.000101
-0.000382
-0.000555
-0.000598
-0.000465
-0.000123
0.000198
0.000245
0.000128
0.000071
0.000028
-0.000139
-0.000311
-0.000221
0.000162
0.000551
0.000614
0.000277
-0.000172
-0.000326
-0.000045
0.000385
0.000527
0.000334
0.000113
-0.000019
-0.000189
-0.000363
-0.000376
-0.000248
-0.000117
-0.000052
-0.000107
-0.000245
-0.000286
-0.000148
0.000085
0.000307
0.000411
0.000317
0.000114
-0.000012
-0.000037
-0.000054
0.000016
0.000215
0.000244
-0.000080
-0.000408
-0.000358
-0.000072
0.000060
0.000000
-0.000002
0.000105
0.000224
0.000340
0.000357
0.000148
-0.000113
-0.000135
0.000041
0.000111
-0.000072
-0.000344
-0.000449
-0.000330
-0.000146
-0.000020
0.000015
-0.000074
-0.000208
-0.000201
-0.000040
0.000088
0.000123
0.000222
0.000383
0.000328
-0.000012
-0.000282
-0.000184
0.000162
0.000398
0.000370
0.000237
0.000125
-0.000041
-0.000278
-0.000410
-0.000317
-0.000122
0.000010
0.000047
0.000009
-0.000060
-0.000084
-0.000111
-0.000221
-0.000267
-0.000094
0.000116
0.000112
-0.000042
-0.000073
0.000161
0.000588
0.000941
0.000893
0.000452
0.000007
-0.000230
-0.000384
-0.000506
-0.000532
-0.000512
-0.000463
-0.000309
-0.000142
-0.000160
-0.000267
-0.000141
0.000173
0.000251
-0.000005
-0.000252
-0.000174
0.000262
0.000760
0.000869
0.000525
0.000166
0.000097
0.000143
0.000090
-0.000003
-0.000049
-0.000085
-0.000144
-0.000179
-0.000160
-0.000168
-0.000272
-0.000423
-0.000535
-0.000501
-0.000259
0.000075
0.000296
0.000282
0.000074
-0.000091
-0.000032
0.000131
0.000213
0.000167
0.000042
0.000019
0.000142
0.000145
-0.000063
-0.000150
0.000090
0.000342
0.000234
-0.000058
-0.000073
0.000172
0.000274
0.000139
-0.000009
-0.000085
-0.000165
-0.000199
-0.000087
0.000095
0.000222
0.000265
0.000155
-0.000142
-0.000366
-0.000276
-0.000079
-0.000096
-0.000249
-0.000304
-0.000272
-0.000242
-0.000180
-0.000105
-0.000118
-0.000135
0.000047
0.000318
0.000355
0.000164
0.000022
0.000025
0.000109
0.000253
0.000372
0.000318
0.000106
-0.000082
-0.000119
-0.000110
-0.000254
-0.000483
-0.000559
-0.000466
-0.000303
-0.000094
0.000039
0.000014
0.000039
0.000243
0.000388
0.000341
0.000294
0.000301
0.000182
-0.000003
-0.000023
0.000025
-0.000067
-0.000180
-0.000104
0.000129
0.000312
0.000285
0.000094
-0.000075
-0.000110
-0.000002
0.000225
0.000446
0.000466
0.000292
0.000166
0.000169
0.000109
-0.000091
-0.000265
-0.000330
-0.000357
-0.000344
-0.000260
-0.000185
-0.000139
-0.000049
0.000011
-0.000079
-0.000205
-0.000216
-0.000142
-0.000070
-0.000074
-0.000140
-0.000147
-0.000113
-0.000198
-0.000336
-0.000253
0.000094
0.000409
0.000396
0.000134
0.000043
0.000295
0.000532
0.000438
0.000168
-0.000008
-0.000052
-0.000059
-0.000101
-0.000144
-0.000078
0.000062
0.000106
0.000026
-0.000054
-0.000090
-0.000110
-0.000077
0.000033
0.000149
0.000203
0.000174
0.000029
-0.000215
-0.000377
-0.000301
-0.000134
-0.000129
-0.000292
-0.000432
-0.000384
-0.000152
0.000058
0.000064
-0.000068
-0.000142
-0.000072
0.000080
0.000241
0.000357
0.000318
0.000120
0.000011
0.000134
0.000319
0.000390
0.000363
0.000336
0.000288
-0.000037
-0.000660
-0.000959
-0.000510
0.000097
0.000155
-0.000223
-0.000537
-0.000485
-0.000031
0.000545
0.000818
0.000670
0.000426
0.000472
0.000740
0.000788
0.000455
0.000091
0.000044
0.000213
0.000237
-0.000007
-0.000318
-0.000543
-0.000624
-0.000455
-0.000142
-0.000010
-0.000102
-0.000175
-0.000206
-0.000332
-0.000514
-0.000695
-0.000889
-0.000937
-0.000703
-0.000393
-0.000253
-0.000269
-0.000291
-0.000146
0.000243
0.000664
0.000802
0.000640
0.000494
0.000661
0.001040
0.001199
0.000934
0.000504
0.000251
0.000285
0.000438
0.000411
0.000144
-0.000089
-0.000141
-0.000214
-0.000473
-0.000780
-0.000920
-0.000807
-0.000492
-0.000166
-0.000104
-0.000367
-0.000640
-0.000589
-0.000301
-0.000094
-0.000082
-0.000170
-0.000196
-0.000043
0.000207
0.000341
0.000260
0.000126
0.000192
0.000373
0.000311
-0.000029
-0.000302
-0.000309
-0.000125
0.000155
0.000440
0.000591
0.000548
0.000461
0.000537
0.000695
0.000616
0.000239
-0.000166
-0.000396
-0.000444
-0.000332
-0.000150
-0.000126
-0.000340
-0.000534
-0.000480
-0.000293
-0.000200
-0.000227
-0.000243
-0.000157
0.000014
0.000149
0.000068
-0.000369
-0.001120
-0.001677
-0.001248
0.000139
0.001247
0.001080
0.000131
-0.000403
-0.000058
0.000676
0.001099
0.000976
0.000635
0.000525
0.000750
0.001023
0.000931
0.000355
-0.000249
-0.000203
0.000535
0.001197
0.001140
0.000560
0.000062
-0.000083
-0.000143
-0.000485
-0.001050
-0.001478
-0.001571
-0.001415
-0.001191
-0.001042
-0.001035
-0.001071
-0.000936
-0.000592
-0.000288
-0.000219
-0.000223
0.000017
0.000514
0.000976
0.001223
0.001292
0.001190
0.000923
0.000687
0.000665
0.000679
0.000422
-0.000054
-0.000359
-0.000218
0.000185
0.000403
0.000246
-0.000092
-0.000360
-0.000531
-0.000682
-0.000727
-0.000478
0.000002
0.000327
0.000213
-0.000143
-0.000366
-0.000346
-0.000141
0.000168
0.000355
0.000236
-0.000050
-0.000267
-0.000281
-0.000048
0.000209
0.000157
-0.000160
-0.000436
-0.000528
-0.000476
-0.000335
-0.000126
0.000147
0.000440
0.000632
0.000627
0.000427
0.000135
0.000026
0.000308
0.000673
0.000629
0.000268
0.000052
0.000037
-0.000071
-0.000313
-0.000411
-0.000270
-0.000084
0.000028
0.000077
-0.000032
-0.000320
-0.000515
-0.000420
-0.000211
-0.000117
-0.000142
-0.000203
-0.000273
-0.000301
-0.000200
-0.000079
-0.000104
-0.000160
-0.000116
-0.000069
-0.000141
-0.000460
-0.000959
-0.001085
-0.000386
0.000729
0.001283
0.000747
-0.000329
-0.000751
0.000047
0.001259
0.001663
0.001074
0.000285
0.000022
0.000420
0.001053
0.001299
0.000958
0.000475
0.000388
0.000709
0.000960
0.000690
-0.000067
-0.000764
-0.000891
-0.000604
-0.000517
-0.000860
-0.001220
-0.001168
-0.000823
-0.000674
-0.000981
-0.001478
-0.001673
-0.001314
-0.000567
0.000077
0.000182
-0.000158
-0.000367
-0.000063
0.000529
0.000892
0.000855
0.000681
0.000564
0.000501
0.000507
0.000505
0.000440
0.000509
0.000761
0.000915
0.000880
0.000781
0.000564
0.000234
0.000040
0.000093
0.000177
-0.000043
-0.000581
-0.000982
-0.000902
-0.000483
-0.000058
0.000079
-0.000174
-0.000599
-0.000861
-0.000826
-0.000629
-0.000436
-0.000171
0.000228
0.000424
0.000148
-0.000250
-0.000278
0.000010
0.000219
0.000260
0.000315
0.000385
0.000354
0.000271
0.000240
0.000257
0.000272
0.000218
0.000057
-0.000085
-0.000041
0.000086
0.000061
-0.000051
-0.000016
0.000089
0.000021
-0.000150
-0.000193
-0.000140
-0.000110
-0.000023
0.000141
0.000148
-0.000074
-0.000219
-0.000119
-0.000003
-0.000035
-0.000074
0.000033
0.000234
0.000335
0.000220
-0.000021
-0.000263
-0.000466
-0.000576
-0.000571
-0.000541
-0.000593
-0.000766
-0.000924
-0.000840
-0.000421
0.000233
0.000779
0.000734
0.000121
-0.000376
-0.000258
0.000295
0.000787
0.000857
0.000570
0.000402
0.000748
0.001379
0.001659
0.001322
0.000700
0.000263
0.000288
0.000678
0.000949
0.000736
0.000269
0.000013
0.000061
0.000083
-0.000311
-0.001058
-0.001628
-0.001678
-0.001378
-0.001141
-0.001302
-0.001765
-0.002031
-0.001775
-0.001139
-0.000505
-0.000199
-0.000229
-0.000230
0.000112
0.000665
0.001043
0.001059
0.000900
0.000886
0.001094
0.001351
0.001450
0.001218
0.000726
0.000417
0.000565
0.000793
0.000588
-0.000008
-0.000467
-0.000443
-0.000225
-0.000213
-0.000347
-0.000517
-0.000741
-0.000804
-0.000550
-0.000261
-0.000237
-0.000375
-0.000372
-0.000224
-0.000168
-0.000133
0.000074
0.000284
0.000298
0.000209
0.000166
0.000223
0.000326
0.000386
0.000383
0.000283
-0.000016
-0.000448
-0.000702
-0.000618
-0.000399
-0.000237
-0.000111
0.000025
0.000167
0.000297
0.000364
0.000342
0.000259
0.000133
0.000004
-0.000060
-0.000095
-0.000187
-0.000250
-0.000141
0.000098
0.000307
0.000418
0.000482
0.000513
0.000423
0.000195
-0.000049
-0.000202
-0.000273
-0.000319
-0.000335
-0.000266
-0.000186
-0.000247
-0.000396
-0.000408
-0.000210
0.000039
0.000110
-0.000107
-0.000497
-0.000836
-0.001018
-0.001104
-0.001032
-0.000524
0.000375
0.001026
0.000906
0.000259
-0.000201
0.000019
0.000730
0.001222
0.001047
0.000506
0.000235
0.000480
0.000874
0.000964
0.000733
0.000483
0.000459
0.000722
0.001047
0.001047
0.000636
0.000124
-0.000214
-0.000297
-0.000211
-0.000260
-0.000690
-0.001296
-0.001597
-0.001387
-0.000994
-0.000930
-0.001229
-0.001437
-0.001230
-0.000738
-0.000342
-0.000316
-0.000622
-0.000944
-0.000826
-0.000085
0.000757
0.000958
0.000534
0.000266
0.000633
0.001255
0.001596
0.001618
0.001470
0.001172
0.000853
0.000705
0.000580
0.000234
-0.000177
-0.000350
-0.000269
-0.000154
-0.000182
-0.000326
-0.000436
-0.000487
-0.000533
-0.000569
-0.000674
-0.000918
-0.001073
-0.000897
-0.000470
-0.000036
0.000246
0.000381
0.000398
0.000302
0.000190
0.000143
0.000119
0.000144
0.000346
0.000673
0.000864
0.000783
0.000524
0.000217
-0.000044
-0.000220
-0.000362
-0.000524
-0.000686
-0.000791
-0.000753
-0.000547
-0.000315
-0.000217
-0.000207
-0.000164
-0.000030
0.000199
0.000368
0.000321
0.000231
0.000328
0.000457
0.000338
0.000094
0.000050
0.000194
0.000280
0.000291
0.000363
0.000418
0.000353
0.000281
0.000298
0.000309
0.000170
-0.000153
-0.000525
-0.000738
-0.000714
-0.000543
-0.000351
-0.000250
-0.000339
-0.000552
-0.000611
-0.000421
-0.000311
-0.000496
-0.000700
-0.000633
-0.000336
0.000013
0.000190
0.000027
-0.000288
-0.000297
0.000168
0.000741
0.000962
0.000762
0.000480
0.000542
0.001035
0.001554
0.001664
0.001306
0.000728
0.000366
0.000493
0.000756
0.000659
0.000302
0.000034
-0.000089
-0.000153
-0.000242
-0.000489
-0.000899
-0.001228
-0.001255
-0.001101
-0.001089
-0.001325
-0.001571
-0.001540
-0.001219
-0.000795
-0.000432
-0.000254
-0.000304
-0.000367
-0.000123
0.000474
0.001078
0.001269
0.001034
0.000788
0.000791
0.000857
0.000723
0.000454
0.000309
0.000358
0.000465
0.000511
0.000444
0.000242
-0.000015
-0.000174
-0.000216
-0.000246
-0.000312
-0.000412
-0.000544
-0.000624
-0.000549
-0.000364
-0.000236
-0.000270
-0.000336
-0.000177
0.000251
0.000642
0.000649
0.000333
0.000111
0.000174
0.000300
0.000302
0.000220
0.000124
0.000027
-0.000093
-0.000242
-0.000335
-0.000271
-0.000079
0.000108
0.000157
0.000010
-0.000310
-0.000653
-0.000767
-0.000566
-0.000289
-0.000207
-0.000294
-0.000305
-0.000111
0.000165
0.000350
0.000442
0.000510
0.000492
0.000370
0.000326
0.000478
0.000660
0.000601
0.000279
-0.000025
-0.000093
-0.000009
0.000004
-0.000126
-0.000238
-0.000233
-0.000203
-0.000188
-0.000152
-0.000143
-0.000222
-0.000354
-0.000407
-0.000298
-0.000162
-0.000193
-0.000326
-0.000310
-0.000105
0.000097
0.000277
0.000492
0.000533
0.000247
-0.000146
-0.000407
-0.000565
-0.000663
-0.000529
-0.000090
0.000335
0.000401
0.000212
0.000140
0.000270
0.000335
0.000190
-0.000019
-0.000122
-0.000028
0.000297
0.000693
0.000824
0.000565
0.000263
0.000333
0.000679
0.000842
0.000608
0.000222
0.000066
0.000194
0.000284
0.000083
-0.000305
-0.000621
-0.000703
-0.000623
-0.000617
-0.000804
-0.001037
-0.001048
-0.000800
-0.000572
-0.000585
-0.000720
-0.000688
-0.000431
-0.000148
0.000043
0.000181
0.000319
0.000473
0.000623
0.000697
0.000632
0.000504
0.000455
0.000490
0.000514
0.000497
0.000486
0.000471
0.000356
0.000101
-0.000190
-0.000365
-0.000418
-0.000453
-0.000498
-0.000447
-0.000237
-0.000003
0.000041
-0.000119
-0.000294
-0.000288
-0.000022
0.000335
0.000452
0.000229
-0.000048
-0.000045
0.000236
0.000469
0.000474
0.000389
0.000315
0.000157
-0.000082
-0.000220
-0.000208
-0.000224
-0.000355
-0.000426
-0.000237
0.000073
0.000130
-0.000129
-0.000366
-0.000305
-0.000040
0.000085
-0.000094
-0.000313
-0.000235
0.000059
0.000246
0.000293
0.000333
0.000296
0.000092
-0.000207
-0.000454
-0.000449
-0.000142
0.000143
0.000076
-0.000188
-0.000243
-0.000039
0.000098
0.000015
-0.000107
-0.000104
0.000069
0.000405
0.000727
0.000775
0.000548
0.000305
0.000199
0.000162
0.000107
0.000059
0.000014
-0.000119
-0.000305
-0.000398
-0.000393
-0.000371
-0.000332
-0.000253
-0.000163
-0.000100
-0.000085
-0.000120
-0.000194
-0.000274
-0.000290
-0.000211
-0.000098
-0.000024
0.000042
0.000115
0.000039
-0.000222
-0.000331
-0.000106
0.000146
0.000202
0.000162
0.000106
0.000105
0.000290
0.000560
0.000643
0.000493
0.000344
0.000331
0.000347
0.000320
0.000327
0.000370
0.000325
0.000163
0.000032
0.000031
0.000119
0.000202
0.000201
0.000102
-0.000107
-0.000478
-0.000881
-0.000984
-0.000749
-0.000536
-0.000501
-0.000454
-0.000362
-0.000347
-0.000302
-0.000029
0.000304
0.000257
-0.000217
-0.000586
-0.000495
-0.000198
-0.000005
0.000094
0.000149
0.000143
0.000137
0.000209
0.000339
0.000442
0.000414
0.000278
0.000218
0.000247
0.000205
0.000197
0.000431
0.000718
0.000708
0.000396
0.000053
-0.000164
-0.000277
-0.000287
-0.000154
0.000050
0.000082
-0.000248
-0.000713
-0.000853
-0.000664
-0.000514
-0.000374
0.000029
0.000493
0.000609
0.000446
0.000302
0.000205
0.000102
0.000038
-0.000035
-0.000150
-0.000124
0.000105
0.000241
0.000088
-0.000151
-0.000260
-0.000262
-0.000226
-0.000138
-0.000015
0.000042
-0.000010
-0.000026
0.000082
0.000086
-0.000152
-0.000331
-0.000208
-0.000033
-0.000058
-0.000108
0.000018
0.000193
0.000269
0.000340
0.000473
0.000474
0.000267
0.000075
-0.000007
-0.000089
-0.000177
-0.000191
-0.000122
0.000014
0.000130
0.000045
-0.000227
-0.000395
-0.000340
-0.000223
-0.000107
0.000066
0.000232
0.000227
0.000034
-0.000155
-0.000200
-0.000144
-0.000087
-0.000130
-0.000349
-0.000583
-0.000354
0.000344
0.000597
0.000127
-0.000031
0.000433
0.000683
0.000568
0.000490
0.000346
0.000077
-0.000121
-0.000349
-0.000628
-0.000637
-0.000371
-0.000161
-0.000050
0.000090
0.000216
0.000289
0.000340
0.000326
0.000244
0.000209
0.000210
0.000121
-0.000024
-0.000095
-0.000043
0.000112
0.000007
-0.001411
-0.003330
-0.001523
0.003290
0.003616
0.000265
0.000641
0.002351
0.000851
-0.000251
-0.000024
-0.001345
-0.002234
-0.001379
-0.001366
-0.001824
-0.001277
-0.000957
-0.000727
0.000280
0.000667
0.000299
0.000516
0.000681
0.000319
0.000503
0.000922
0.000615
0.000279
0.000497
0.000544
0.000115
-0.000172
0.000037
0.000395
0.000477
0.000236
-0.000104
-0.000179
0.000097
0.000210
-0.000185
-0.000697
-0.000697
-0.000065
0.000419
0.000082
-0.000391
-0.000229
-0.000045
-0.000386
-0.000551
-0.000061
0.000349
0.000113
-0.000177
-0.000135
-0.000030
0.000323
0.000770
0.000498
-0.000207
-0.000428
-0.000179
0.000030
-0.000046
-0.000097
0.000208
0.000344
-0.000046
-0.000249
-0.000043
0.000030
0.000103
0.000124
-0.000299
-0.000291
0.000321
0.000179
-0.000399
-0.000358
-0.000291
-0.000424
-0.000433
-0.000817
-0.001017
-0.000021
0.001048
0.001523
0.002130
0.002151
0.001463
0.001455
0.001592
0.000766
-0.000568
-0.001804
-0.002297
-0.001970
-0.001830
-0.001990
-0.001819
-0.001265
-0.000762
-0.000734
-0.000491
0.000406
0.000860
0.000655
0.000804
0.001473
0.001600
0.000881
0.000464
0.000277
-0.000205
-0.000022
0.000599
0.000479
0.000153
0.000266
0.000167
-0.000280
-0.000276
0.000001
-0.000125
-0.000154
0.000098
0.000057
0.000001
0.000127
-0.000011
-0.000300
-0.000401
-0.000232
0.000112
0.000117
-0.000280
-0.000347
0.000119
0.000450
0.000226
-0.000170
-0.000186
0.000133
0.000151
-0.000261
-0.000497
-0.000497
-0.000503
-0.000275
0.000016
0.000081
0.000405
0.000866
0.000467
-0.000310
-0.000086
0.000431
-0.000087
-0.000687
-0.000329
0.000019
-0.000345
-0.000412
0.000357
0.000558
-0.000224
-0.000239
0.000269
-0.000208
-0.000518
-0.000143
-0.000520
-0.000585
0.000778
0.001274
0.000074
-0.000634
0.000117
0.001516
0.002394
0.002126
0.001332
0.000775
0.000325
-0.000489
-0.001439
-0.001981
-0.002441
-0.002707
-0.001822
-0.000625
-0.000716
-0.001106
-0.000311
0.000915
0.001230
0.000567
0.000160
0.000497
0.001063
0.001490
0.000624
-0.000824
-0.000353
0.000654
0.000217
0.000202
0.001076
0.000750
-0.000224
0.000083
0.000115
-0.001472
-0.001647
0.000285
0.001012
0.000581
0.000859
0.001264
0.001329
0.001237
0.000588
-0.000616
-0.001712
-0.002018
-0.001694
-0.001406
-0.001158
-0.000908
-0.000729
-0.000442
-0.000220
-0.000106
0.000263
0.000745
0.000905
0.000976
0.001150
0.000757
-0.000010
0.000134
0.000991
0.001193
0.000448
-0.000334
-0.000454
-0.000435
-0.001041
-0.001909
-0.001935
-0.000869
0.000008
-0.000086
-0.000137
0.000484
0.000993
0.001110
0.001295
0.001254
0.000690
0.000398
0.000752
0.001024
0.000838
0.000482
0.000237
0.000202
0.000137
-0.000141
-0.000316
-0.000342
-0.000608
-0.000926
-0.000791
-0.000340
-0.000211
-0.000633
-0.000945
-0.000734
-0.000645
-0.000949
-0.001086
-0.000976
-0.000809
-0.000569
-0.000718
-0.000889
0.000316
0.001781
0.001378
0.000368
0.000456
0.000900
0.001081
0.001065
0.000792
0.000612
0.000706
0.000794
0.000649
0.000197
-0.000179
-0.000138
-0.000105
-0.000481
-0.000859
-0.000741
-0.000395
-0.000179
-0.000047
-0.000117
-0.000329
-0.000276
0.000053
0.000345
0.000175
-0.000694
-0.001485
-0.001330
-0.000804
-0.000551
-0.000065
0.000544
0.000605
0.000722
0.001206
0.001200
0.000994
0.001230
0.001273
0.000974
0.000999
0.001090
0.000469
-0.000547
-0.001148
-0.001251
-0.001087
-0.000996
-0.001339
-0.001766
-0.001730
-0.001559
-0.001462
-0.000805
0.000106
0.000154
-0.000049
0.000668
0.001381
0.001028
0.000545
0.000992
0.001948
0.002173
0.001218
0.000129
-0.000245
-0.000141
0.000315
0.000880
0.000629
-0.000383
-0.000692
0.000100
0.000518
-0.000219
-0.000959
-0.000816
-0.000498
-0.000590
-0.000632
-0.000678
-0.001217
-0.001459
-0.000885
-0.000699
-0.001162
-0.001122
-0.000650
-0.001215
-0.003806
-0.006416
-0.004603
0.000977
0.003370
0.001613
0.002290
0.005606
0.006317
0.005511
0.005982
0.005152
0.002094
0.000656
0.002520
0.004651
0.003898
0.001010
-0.000904
-0.000890
-0.000860
-0.002293
-0.004214
-0.005202
-0.005824
-0.006348
-0.004995
-0.002505
-0.002605
-0.004885
-0.005262
-0.003555
-0.002604
-0.002573
-0.002037
-0.001137
-0.000279
0.001216
0.003470
0.005121
0.005048
0.003962
0.003585
0.004441
0.005213
0.004856
0.004218
0.004193
0.004084
0.003458
0.003008
0.002437
0.000727
-0.001392
-0.002440
-0.002793
-0.003528
-0.004248
-0.004573
-0.005012
-0.004691
-0.002854
-0.001798
-0.002766
-0.003432
-0.002934
-0.002419
-0.001661
-0.000732
-0.000431
-0.000036
0.001057
0.002260
0.003185
0.003234
0.002237
0.001771
0.002713
0.003664
0.003647
0.003286
0.002895
0.002223
0.001699
0.001579
0.000935
-0.000629
-0.001973
-0.002294
-0.002176
-0.002378
-0.002906
-0.003223
-0.002911
-0.002207
-0.001655
-0.001475
-0.001686
-0.002048
-0.001868
-0.000874
0.000246
0.000864
0.001072
0.001302
0.001845
0.002489
0.002818
0.002753
0.002418
0.002048
0.001931
0.001954
0.001625
0.000758
-0.000086
-0.000289
-0.000264
-0.000648
-0.001013
-0.001030
-0.001531
-0.002931
-0.004088
-0.003975
-0.003823
-0.006435
-0.011835
-0.013950
-0.007160
0.003080
0.006698
0.005459
0.007680
0.011844
0.012562
0.011981
0.011709
0.008210
0.003010
0.002394
0.006076
0.007724
0.004463
-0.000833
-0.004180
-0.004862
-0.005705
-0.008531
-0.011453
-0.012743
-0.012969
-0.011546
-0.007650
-0.004698
-0.006054
-0.008370
-0.006954
-0.003389
-0.001208
-0.000013
0.001534
0.003259
0.005810
0.009817
0.013274
0.013760
0.011709
0.009539
0.009067
0.009841
0.009511
0.007013
0.004240
0.002843
0.001998
0.000655
-0.001446
-0.004915
-0.009264
-0.011851
-0.011435
-0.010335
-0.010704
-0.011500
-0.010941
-0.009207
-0.007360
-0.005793
-0.004762
-0.004732
-0.004968
-0.002961
0.002742
0.009410
0.012637
0.012504
0.013226
0.015645
0.016145
0.013772
0.010777
0.007692
0.004896
0.004107
0.004031
0.001069
-0.004638
-0.009321
-0.010972
-0.011236
-0.012208
-0.013367
-0.013051
-0.011310
-0.008963
-0.005969
-0.003155
-0.002309
-0.002517
-0.000702
0.003039
0.005459
0.005661
0.005828
0.007022
0.008267
0.008738
0.008206
0.006586
0.004469
0.003230
0.003524
0.003896
0.002549
0.000258
-0.000962
-0.001160
-0.001838
-0.003417
-0.005044
-0.006109
-0.006733
-0.006648
-0.005675
-0.005210
-0.005827
-0.005416
-0.003212
-0.001319
-0.000475
0.000580
0.002026
0.002891
0.002609
0.001596
0.000133
-0.003271
-0.008085
-0.008196
-0.000236
0.009438
0.013625
0.013297
0.013624
0.016172
0.017294
0.013796
0.007502
0.001873
-0.001697
-0.002633
-0.001488
-0.001802
-0.006546
-0.013027
-0.015917
-0.014786
-0.014034
-0.015847
-0.017641
-0.016516
-0.012400
-0.006684
-0.001227
0.001846
0.002359
0.002895
0.005629
0.009690
0.012459
0.012770
0.012261
0.013204
0.015473
0.016690
0.015145
0.011194
0.006269
0.002096
-0.000166
-0.001517
-0.004100
-0.007831
-0.010395
-0.010731
-0.010209
-0.010469
-0.011796
-0.013524
-0.014573
-0.013588
-0.010203
-0.005907
-0.002496
-0.000037
0.002953
0.006929
0.009983
0.010510
0.009525
0.008748
0.008350
0.007829
0.007034
0.005812
0.005352
0.007956
0.011167
0.008916
0.002938
0.000241
-0.000568
-0.004159
-0.007889
-0.009296
-0.010581
-0.011509
-0.010422
-0.008854
-0.008731
-0.009816
-0.010093
-0.007435
-0.003091
-0.000173
0.001917
0.005330
0.008505
0.009663
0.010246
0.010575
0.009087
0.006902
0.006361
0.006483
0.004988
0.002325
0.000392
-0.000481
-0.001387
-0.003088
-0.005203
-0.006763
-0.007272
-0.006931
-0.006253
-0.005809
-0.005598
-0.004741
-0.002729
-0.000541
0.000481
0.000553
0.001038
0.002276
0.003363
0.003804
0.003924
0.004066
0.004204
0.004181
0.004359
0.005050
0.004974
0.002452
-0.002012
-0.006657
-0.010953
-0.014867
-0.016438
-0.012786
-0.004208
0.004601
0.009266
0.011336
0.014990
0.018353
0.016609
0.011582
0.007689
0.004482
0.001427
0.000721
0.001195
-0.001085
-0.005752
-0.009247
-0.010923
-0.012642
-0.015069
-0.017208
-0.017418
-0.014706
-0.010003
-0.005173
-0.001238
0.001522
0.003176
0.004607
0.006833
0.009268
0.010399
0.010516
0.011513
0.013749
0.015314
0.014638
0.012009
0.008309
0.004088
0.000161
-0.002757
-0.005071
-0.007528
-0.009751
-0.010630
-0.010116
-0.009656
-0.010227
-0.011103
-0.011215
-0.010256
-0.008278
-0.005519
-0.002460
0.000658
0.003941
0.007216
0.009799
0.010901
0.010405
0.009352
0.008819
0.008383
0.006744
0.003769
0.001052
-0.000154
-0.000160
0.000858
0.002045
0.000496
-0.003264
-0.004338
-0.002923
-0.003855
-0.006800
-0.008261
-0.007916
-0.006356
-0.003800
-0.001969
-0.002185
-0.003308
-0.003093
-0.000671
0.002057
0.002781
0.002641
0.004403
0.007486
0.008985
0.008171
0.006204
0.003794
0.001812
0.001121
0.000736
-0.000747
-0.002424
-0.002693
-0.002161
-0.002581
-0.004410
-0.006492
-0.007243
-0.006244
-0.004403
-0.002476
-0.000812
0.000373
0.001654
0.003528
0.005042
0.005021
0.003693
0.002544
0.002783
0.003623
0.003325
0.001927
0.000926
0.000927
0.001096
0.000317
-0.002013
-0.005839
-0.010312
-0.014857
-0.019299
-0.020305
-0.013025
-0.000223
0.009012
0.012697
0.017254
0.023895
0.026097
0.021816
0.015888
0.010709
0.005641
0.002480
0.002244
0.000959
-0.004715
-0.011836
-0.015685
-0.016447
-0.017761
-0.020807
-0.022765
-0.020891
-0.016015
-0.010578
-0.005447
-0.000817
0.002715
0.005826
0.009985
0.014328
0.016229
0.015492
0.014887
0.015979
0.017227
0.016621
0.013828
0.009498
0.004477
-0.000054
-0.003355
-0.006214
-0.009755
-0.013327
-0.015077
-0.014435
-0.012929
-0.012297
-0.012368
-0.011632
-0.009397
-0.006137
-0.002454
0.000993
0.003598
0.005833
0.008672
0.011646
0.013203
0.012809
0.011377
0.009899
0.008373
0.006273
0.003646
0.000975
-0.001591
-0.004337
-0.007719
-0.011300
-0.012825
-0.010415
-0.005613
-0.002103
-0.001150
-0.000082
0.003105
0.006064
0.005969
0.003593
0.001158
0.000068
0.000855
0.002214
0.001712
-0.001006
-0.003516
-0.003672
-0.002243
-0.001640
-0.002501
-0.002961
-0.001423
0.001334
0.003309
0.003429
0.002205
0.001169
0.001514
0.002655
0.002784
0.001306
-0.000314
-0.000760
-0.000725
-0.001652
-0.003519
-0.004764
-0.004193
-0.002312
-0.000375
0.001121
0.002199
0.002820
0.003271
0.003755
0.003533
0.002086
0.000555
0.000142
0.000102
-0.000748
-0.001792
-0.001896
-0.001679
-0.002338
-0.003322
-0.003698
-0.004487
-0.007340
-0.012345
-0.017323
-0.017564
-0.009139
0.004692
0.014849
0.018096
0.021106
0.027444
0.030241
0.024839
0.016213
0.008769
0.002071
-0.002763
-0.004515
-0.006899
-0.013111
-0.019649
-0.021661
-0.020134
-0.019651
-0.021826
-0.023421
-0.020628
-0.013715
-0.005896
0.000843
0.006354
0.010681
0.014256
0.017994
0.021323
0.021907
0.019131
0.015963
0.015093
0.014993
0.012474
0.007432
0.002037
-0.002821
-0.007220
-0.010758
-0.013670
-0.016735
-0.019141
-0.018952
-0.015950
-0.012231
-0.009598
-0.007560
-0.004797
-0.001264
0.002270
0.005300
0.007634
0.009444
0.011198
0.013050
0.014501
0.014457
0.012158
0.008562
0.005411
0.002750
-0.000477
-0.004025
-0.006819
-0.008596
-0.009484
-0.009517
-0.009219
-0.009282
-0.009894
-0.011027
-0.011825
-0.009239
-0.000871
0.009254
0.013854
0.013463
0.014679
0.017227
0.015567
0.009909
0.004006
-0.001011
-0.004375
-0.005216
-0.005393
-0.007535
-0.011301
-0.013379
-0.011447
-0.007680
-0.005679
-0.004793
-0.001859
0.003029
0.007077
0.009064
0.009259
0.007720
0.005535
0.004577
0.004335
0.002518
-0.000790
-0.003140
-0.003477
-0.003165
-0.003559
-0.004205
-0.004025
-0.003125
-0.001848
0.000215
0.002341
0.002928
0.002666
0.003116
0.003425
0.002576
0.001442
0.000404
-0.000985
-0.002252
-0.002717
-0.002582
-0.002478
-0.002677
-0.002828
-0.002957
-0.003727
-0.005512
-0.009267
-0.015033
-0.017213
-0.009221
0.005251
0.015512
0.018955
0.022414
0.028093
0.029588
0.023745
0.014972
0.006573
-0.001367
-0.006905
-0.008612
-0.009986
-0.014454
-0.019529
-0.020887
-0.019051
-0.018300
-0.020415
-0.022064
-0.019060
-0.011611
-0.003162
0.004221
0.010250
0.014582
0.017660
0.020734
0.022946
0.021654
0.017111
0.013008
0.011350
0.010402
0.008029
0.003980
-0.001025
-0.006220
-0.010766
-0.014059
-0.016226
-0.017709
-0.018259
-0.016806
-0.012866
-0.007930
-0.004287
-0.002316
-0.000450
0.002255
0.005146
0.007369
0.008761
0.009577
0.010390
0.011695
0.012810
0.012158
0.009193
0.005079
0.001274
-0.001785
-0.004508
-0.007081
-0.009062
-0.009908
-0.009406
-0.007878
-0.006199
-0.005173
-0.005069
-0.005882
-0.006921
-0.005725
0.000166
0.008593
0.013860
0.014857
0.015647
0.016570
0.013926
0.007671
0.000791
-0.005281
-0.009507
-0.010666
-0.009776
-0.009456
-0.010670
-0.011543
-0.009942
-0.006641
-0.004054
-0.002262
0.000794
0.005303
0.009116
0.011117
0.011571
0.010189
0.007309
0.004862
0.003595
0.001961
-0.000877
-0.003541
-0.004757
-0.005063
-0.005393
-0.005508
-0.004852
-0.003776
-0.002646
-0.000952
0.001318
0.002794
0.002573
0.001733
0.001746
0.002197
0.001533
-0.000277
-0.001625
-0.001663
-0.001204
-0.001215
-0.001334
-0.000650
0.000016
-0.001107
-0.003039
-0.003629
-0.005428
-0.012114
-0.018250
-0.013478
0.001525
0.014402
0.018507
0.020422
0.025897
0.029191
0.024284
0.015313
0.007271
-0.001049
-0.008872
-0.011727
-0.011047
-0.013317
-0.018840
-0.021492
-0.019340
-0.017187
-0.018376
-0.020018
-0.017664
-0.011019
-0.002902
0.004783
0.011447
0.016428
0.019579
0.021843
0.023457
0.022609
0.018014
0.012086
0.008551
0.007330
0.005162
0.000765
-0.004247
-0.008738
-0.012687
-0.015599
-0.017137
-0.017895
-0.018047
-0.016620
-0.012788
-0.007345
-0.002384
0.000961
0.003572
0.006448
0.009208
0.011134
0.012172
0.012494
0.012256
0.011861
0.011422
0.010038
0.006707
0.002069
-0.002027
-0.004922
-0.007561
-0.010364
-0.012426
-0.012883
-0.011742
-0.009550
-0.006988
-0.004697
-0.003039
-0.001924
-0.001187
-0.000781
0.000204
0.003453
0.008891
0.013944
0.016351
0.016071
0.014449
0.012065
0.007762
0.001304
-0.004905
-0.008908
-0.010863
-0.011305
-0.010989
-0.010949
-0.010991
-0.009941
-0.007499
-0.004611
-0.002065
0.000610
0.004189
0.008021
0.010379
0.010440
0.008881
0.006670
0.004370
0.002410
0.000928
-0.000521
-0.002184
-0.003361
-0.003464
-0.003194
-0.003386
-0.003624
-0.003209
-0.002216
-0.000798
0.000969
0.002195
0.002065
0.001405
0.001225
0.000917
-0.000154
-0.001316
-0.001866
-0.001804
-0.001417
-0.000988
-0.000479
0.000268
0.000988
0.001012
-0.000051
-0.001443
-0.002887
-0.007099
-0.014761
-0.018169
-0.009900
0.004708
0.014376
0.017512
0.021112
0.026646
0.027399
0.020631
0.011612
0.003717
-0.004202
-0.010476
-0.012102
-0.011968
-0.014863
-0.019131
-0.020011
-0.017899
-0.016956
-0.017944
-0.017236
-0.012248
-0.004638
0.002690
0.009104
0.014931
0.019312
0.021503
0.022095
0.021222
0.017661
0.011666
0.006528
0.004451
0.003159
-0.000204
-0.004764
-0.008590
-0.011907
-0.015001
-0.016751
-0.016779
-0.015884
-0.014065
-0.010444
-0.005050
0.000588
0.004831
0.007554
0.009643
0.011161
0.011450
0.010738
0.009909
0.009124
0.008041
0.006657
0.005035
0.002724
-0.000683
-0.004553
-0.007705
-0.009892
-0.011598
-0.012526
-0.011778
-0.009323
-0.006042
-0.002768
-0.000024
0.001806
0.002104
0.000235
-0.001591
0.001764
0.010038
0.015521
0.015604
0.015445
0.015536
0.011862
0.005108
-0.001863
-0.008150
-0.012731
-0.014675
-0.014013
-0.011632
-0.009868
-0.009554
-0.008129
-0.004783
-0.002236
-0.000883
0.002057
0.006802
0.010614
0.012224
0.012064
0.010228
0.007050
0.003692
0.001017
-0.001109
-0.003182
-0.004894
-0.005242
-0.004414
-0.004107
-0.004774
-0.004815
-0.003502
-0.001921
-0.000724
0.000519
0.002014
0.003278
0.003861
0.003857
0.003214
0.001517
-0.000569
-0.001558
-0.001491
-0.001517
-0.001480
-0.000609
0.000416
0.000581
0.000534
0.000915
0.000206
-0.002599
-0.005983
-0.009843
-0.015353
-0.017997
-0.010619
0.004041
0.014972
0.018619
0.021746
0.026936
0.027437
0.020058
0.010648
0.003189
-0.004212
-0.011117
-0.014080
-0.013957
-0.014964
-0.017503
-0.018394
-0.016897
-0.015616
-0.015748
-0.014624
-0.009494
-0.001843
0.005080
0.010957
0.016794
0.021310
0.022633
0.021243
0.018400
0.013829
0.007587
0.002127
-0.000583
-0.002204
-0.005209
-0.008943
-0.011502
-0.013077
-0.014483
-0.014948
-0.013667
-0.011233
-0.008287
-0.004396
0.000732
0.005779
0.008995
0.010545
0.011671
0.012173
0.011178
0.009279
0.007487
0.005544
0.003123
0.000924
-0.000738
-0.002646
-0.005302
-0.008035
-0.009848
-0.010557
-0.010571
-0.009827
-0.007911
-0.005010
-0.001877
0.000983
0.003238
0.004014
0.003087
0.002567
0.004449
0.007805
0.010864
0.012800
0.012838
0.010821
0.007525
0.003300
-0.001770
-0.006901
-0.010807
-0.012407
-0.011751
-0.010124
-0.008570
-0.007017
-0.005306
-0.003673
-0.001843
0.000725
0.003739
0.006504
0.008634
0.009692
0.009172
0.007101
0.004119
0.000999
-0.001723
-0.003739
-0.004768
-0.004635
-0.003714
-0.002723
-0.001958
-0.001437
-0.001237
-0.000954
0.000019
0.001353
0.002184
0.002474
0.002886
0.003451
0.003285
0.001835
-0.000175
-0.001586
-0.002316
-0.002978
-0.003206
-0.002319
-0.001118
-0.000780
-0.000783
0.000111
0.001433
0.001637
0.000579
-0.001195
-0.004418
-0.009515
-0.014363
-0.015232
-0.009545
0.001532
0.012727
0.019233
0.022076
0.024600
0.025085
0.019955
0.010909
0.002013
-0.005405
-0.011015
-0.013924
-0.014739
-0.015468
-0.016697
-0.017189
-0.016247
-0.014634
-0.012956
-0.010312
-0.005462
0.001147
0.007781
0.013306
0.017529
0.020215
0.020648
0.018423
0.014159
0.008773
0.003065
-0.001756
-0.004862
-0.006906
-0.008891
-0.010673
-0.011598
-0.011775
-0.011798
-0.011620
-0.010326
-0.007152
-0.002596
0.002114
0.006394
0.010073
0.012534
0.013254
0.012479
0.010721
0.008201
0.005181
0.002229
-0.000294
-0.002491
-0.004355
-0.005688
-0.006694
-0.007836
-0.008981
-0.009442
-0.008933
-0.007715
-0.005884
-0.003300
-0.000100
0.003176
0.005719
0.006705
0.006244
0.005832
0.006010
0.005335
0.004506
0.006266
0.008910
0.008196
0.004852
0.001807
-0.001241
-0.005038
-0.008435
-0.010364
-0.010613
-0.009573
-0.007778
-0.005279
-0.002804
-0.001792
-0.001566
0.000075
0.002838
0.004675
0.005538
0.006550
0.007349
0.007003
0.005568
0.003484
0.001037
-0.001324
-0.002912
-0.003221
-0.002585
-0.001934
-0.001562
-0.001232
-0.001359
-0.002337
-0.003270
-0.002948
-0.001534
-0.000213
0.000544
0.001191
0.001645
0.001474
0.001134
0.001036
0.000638
-0.000185
-0.000630
-0.000137
0.000970
0.001665
0.001378
0.001111
0.001792
0.002418
0.001948
0.001182
0.000442
-0.002339
-0.008521
-0.015494
-0.018838
-0.016333
-0.008441
0.002637
0.012780
0.018802
0.022121
0.024485
0.023078
0.016060
0.007072
-0.000276
-0.005762
-0.009468
-0.011230
-0.012112
-0.013030
-0.013721
-0.013866
-0.013355
-0.012022
-0.009984
-0.007086
-0.002623
0.003194
0.008782
0.012944
0.015819
0.017388
0.016443
0.012589
0.007561
0.002915
-0.001256
-0.004721
-0.006989
-0.008324
-0.009052
-0.009170
-0.009068
-0.008970
-0.008327
-0.006795
-0.004503
-0.001388
0.002380
0.006079
0.009199
0.011502
0.012420
0.011537
0.009380
0.006801
0.003883
0.000461
-0.002761
-0.004835
-0.005804
-0.006330
-0.006804
-0.007288
-0.007642
-0.007675
-0.007351
-0.006505
-0.004832
-0.002438
0.000334
0.003313
0.005989
0.007316
0.006937
0.006268
0.006316
0.005134
0.002167
0.001851
0.005392
0.006799
0.003925
0.001305
0.000179
-0.001822
-0.004698
-0.007085
-0.008168
-0.007910
-0.007193
-0.005807
-0.003245
-0.001484
-0.001622
-0.001077
0.001397
0.003461
0.004057
0.004666
0.005636
0.005833
0.004939
0.003471
0.001743
-0.000165
-0.001893
-0.002742
-0.002656
-0.002573
-0.002792
-0.002422
-0.001512
-0.001388
-0.002183
-0.002443
-0.001325
0.000345
0.001106
0.000842
0.000995
0.002087
0.002927
0.002865
0.002372
0.001591
0.000638
0.000340
0.000926
0.001324
0.000824
0.000040
-0.000361
-0.000643
-0.001234
-0.001773
-0.001758
-0.001863
-0.003844
-0.008598
-0.014233
-0.017268
-0.015773
-0.009288
0.001774
0.013423
0.020579
0.024030
0.026780
0.026318
0.019747
0.010290
0.002110
-0.004238
-0.008997
-0.011723
-0.012809
-0.013644
-0.015039
-0.016120
-0.015673
-0.014084
-0.012249
-0.009590
-0.004994
0.001204
0.007324
0.012101
0.015615
0.017789
0.017312
0.013842
0.009227
0.004863
0.000589
-0.003223
-0.005643
-0.006875
-0.007721
-0.008344
-0.008574
-0.008403
-0.007882
-0.006901
-0.005090
-0.002291
0.001052
0.004399
0.007371
0.009531
0.010597
0.010366
0.008665
0.006006
0.003067
0.000033
-0.002488
-0.003835
-0.004544
-0.005129
-0.005254
-0.005160
-0.005444
-0.005721
-0.005484
-0.004935
-0.003959
-0.002064
0.000501
0.003013
0.004945
0.005625
0.004996
0.004529
0.004781
0.003654
0.000784
-0.000092
0.002297
0.003838
0.002536
0.001083
0.000601
-0.000512
-0.002564
-0.004280
-0.004806
-0.004567
-0.004414
-0.003735
-0.001758
-0.000161
-0.000356
-0.000544
0.000709
0.001907
0.002020
0.002169
0.002947
0.003369
0.002670
0.001258
-0.000071
-0.001052
-0.001750
-0.001912
-0.001508
-0.001306
-0.001579
-0.001407
-0.000482
0.000174
-0.000045
-0.000619
-0.000820
-0.000363
0.000316
0.000654
0.000957
0.001569
0.002091
0.002473
0.002859
0.002434
0.000869
-0.000397
-0.000394
-0.000069
-0.000345
-0.000850
-0.001082
-0.001103
-0.001017
-0.000984
-0.001302
-0.001704
-0.001750
-0.002656
-0.006512
-0.012238
-0.015475
-0.013970
-0.008435
0.001068
0.012522
0.020264
0.022797
0.024053
0.024058
0.019216
0.010564
0.002427
-0.003615
-0.008156
-0.011299
-0.013034
-0.014048
-0.015098
-0.015993
-0.015700
-0.013781
-0.010881
-0.007525
-0.003399
0.001840
0.007428
0.011861
0.014615
0.016014
0.015473
0.012371
0.008017
0.004150
0.000858
-0.002215
-0.004634
-0.006180
-0.007256
-0.008058
-0.008446
-0.008314
-0.007775
-0.007061
-0.005824
-0.003153
0.000821
0.004559
0.007152
0.008943
0.009902
0.009448
0.007716
0.005496
0.003305
0.001307
-0.000303
-0.001357
-0.002043
-0.002740
-0.003584
-0.004526
-0.005460
-0.006104
-0.006206
-0.005737
-0.004647
-0.002960
-0.000998
0.001017
0.002968
0.004322
0.004295
0.002648
0.000566
-0.000145
0.000255
0.000541
0.001898
0.004850
0.006560
0.005950
0.004822
0.003235
0.000483
-0.002371
-0.004178
-0.004607
-0.004139
-0.003935
-0.003911
-0.003127
-0.002273
-0.002318
-0.002312
-0.001327
-0.000008
0.001177
0.002516
0.003685
0.003867
0.002916
0.001422
0.000118
-0.000589
-0.000776
-0.000625
-0.000275
-0.000096
-0.000279
-0.000486
-0.000612
-0.000980
-0.001557
-0.001845
-0.001291
0.000016
0.000972
0.000977
0.000843
0.001031
0.001201
0.001462
0.001844
0.001788
0.001118
0.000208
-0.000248
0.000178
0.000506
-0.000176
-0.000791
-0.000609
-0.000601
-0.000881
-0.000759
-0.000716
-0.001376
-0.003023
-0.006490
-0.011136
-0.013864
-0.013128
-0.009598
-0.002039
0.009453
0.018656
0.021570
0.022366
0.023231
0.019958
0.011770
0.003509
-0.002342
-0.007049
-0.010902
-0.012787
-0.013104
-0.013627
-0.014748
-0.015012
-0.013436
-0.010723
-0.007874
-0.004536
0.000271
0.005890
0.010409
0.013400
0.015447
0.015664
0.013171
0.009283
0.005461
0.001698
-0.001815
-0.004360
-0.006001
-0.007228
-0.008220
-0.009117
-0.009704
-0.009356
-0.008135
-0.006383
-0.003505
0.000705
0.004809
0.007648
0.009591
0.010879
0.010861
0.009420
0.007443
0.005523
0.003428
0.001091
-0.001021
-0.002673
-0.004138
-0.005570
-0.006762
-0.007531
-0.007917
-0.007934
-0.007336
-0.005928
-0.004008
-0.001955
0.000171
0.001904
0.002644
0.003253
0.004489
0.004484
0.002719
0.003134
0.006900
0.009067
0.007670
0.006106
0.005134
0.002726
-0.000820
-0.003874
-0.005687
-0.006520
-0.007082
-0.006773
-0.004956
-0.003626
-0.004022
-0.003866
-0.001963
-0.000216
0.000637
0.001963
0.003890
0.004962
0.004634
0.003851
0.003332
0.002586
0.001186
0.000025
-0.000131
-0.000187
-0.000886
-0.001372
-0.001321
-0.001832
-0.003115
-0.003924
-0.003561
-0.002624
-0.001734
-0.000580
0.001065
0.002180
0.002010
0.001667
0.002320
0.003360
0.003606
0.002967
0.002350
0.002172
0.001639
0.000447
-0.000561
-0.001211
-0.001944
-0.002517
-0.002838
-0.003289
-0.003605
-0.003277
-0.002341
-0.001391
-0.002128
-0.005954
-0.010606
-0.011864
-0.008824
-0.002933
0.005176
0.013408
0.018562
0.020760
0.021364
0.019099
0.013159
0.005608
-0.001219
-0.006165
-0.009054
-0.010636
-0.011705
-0.012532
-0.013126
-0.013074
-0.011897
-0.009866
-0.007519
-0.004732
-0.000949
0.003810
0.008514
0.011981
0.013706
0.013442
0.011183
0.007830
0.004491
0.001392
-0.001560
-0.004056
-0.005778
-0.006747
-0.007159
-0.007295
-0.007361
-0.007260
-0.006695
-0.005306
-0.002769
0.000659
0.004172
0.007287
0.009746
0.011026
0.010909
0.009617
0.007271
0.004194
0.001089
-0.001428
-0.003036
-0.004001
-0.004979
-0.005905
-0.006222
-0.006062
-0.005918
-0.005780
-0.005355
-0.004524
-0.003356
-0.001928
-0.000457
0.000575
0.001408
0.002753
0.003614
0.003364
0.004620
0.007757
0.008586
0.006468
0.004941
0.004216
0.002402
-0.000263
-0.002818
-0.004465
-0.005045
-0.005533
-0.005647
-0.004505
-0.003493
-0.003443
-0.002489
-0.000108
0.001724
0.002304
0.002846
0.003817
0.004346
0.003747
0.002434
0.001260
0.000291
-0.000980
-0.002208
-0.002614
-0.002577
-0.002812
-0.002941
-0.002588
-0.002182
-0.001876
-0.001397
-0.000660
0.000258
0.001092
0.001767
0.002641
0.003429
0.003346
0.002757
0.002564
0.002589
0.002346
0.002057
0.001866
0.001396
0.000605
-0.000011
-0.000473
-0.001591
-0.003545
-0.005205
-0.005584
-0.005003
-0.004331
-0.003716
-0.002606
-0.001038
0.000379
0.001572
0.001726
-0.001134
-0.005897
-0.008049
-0.006110
-0.002038
0.003833
0.010819
0.015572
0.017065
0.017097
0.015296
0.010421
0.003832
-0.002280
-0.006636
-0.008738
-0.009354
-0.009655
-0.009836
-0.009875
-0.010058
-0.009949
-0.008627
-0.006256
-0.003801
-0.001055
0.002884
0.007106
0.009720
0.010523
0.010139
0.008495
0.006034
0.003719
0.001570
-0.000638
-0.002571
-0.004101
-0.005106
-0.005335
-0.005384
-0.005833
-0.005915
-0.004915
-0.003294
-0.001377
0.001107
0.003880
0.006084
0.007348
0.007860
0.007604
0.006360
0.004317
0.002094
0.000185
-0.001281
-0.002325
-0.002979
-0.003337
-0.003659
-0.004204
-0.004729
-0.004809
-0.004677
-0.004647
-0.004283
-0.003284
-0.002081
-0.001075
-0.000176
0.001115
0.002847
0.004061
0.004667
0.005859
0.007163
0.007025
0.006034
0.005291
0.004195
0.002253
-0.000193
-0.002646
-0.004440
-0.005589
-0.006415
-0.006245
-0.005079
-0.004224
-0.003675
-0.002362
-0.000615
0.000682
0.001734
0.002958
0.004052
0.004422
0.003823
0.002650
0.001443
0.000236
-0.000912
-0.001496
-0.001467
-0.001376
-0.001380
-0.001279
-0.001133
-0.001015
-0.000861
-0.000739
-0.000637
-0.000435
-0.000200
0.000130
0.000815
0.001605
0.001908
0.001767
0.001770
0.002105
0.002268
0.001807
0.000972
0.000218
-0.000349
-0.000691
-0.000900
-0.001404
-0.002234
-0.002826
-0.002931
-0.002832
-0.002663
-0.002222
-0.001311
0.000015
0.001359
0.002291
0.002463
0.001072
-0.002353
-0.006170
-0.007879
-0.006748
-0.003106
0.002449
0.007881
0.011382
0.013353
0.013897
0.011873
0.007651
0.002892
-0.001311
-0.004112
-0.005292
-0.005761
-0.006203
-0.006721
-0.007379
-0.007787
-0.007448
-0.006570
-0.005477
-0.003933
-0.001469
0.001891
0.005202
0.007303
0.007830
0.007103
0.005638
0.003919
0.002041
-0.000158
-0.002299
-0.003587
-0.003888
-0.003781
-0.003631
-0.003444
-0.003298
-0.003092
-0.002307
-0.000677
0.001344
0.003080
0.004327
0.005424
0.006468
0.006830
0.006019
0.004365
0.002429
0.000547
-0.001010
-0.002171
-0.003165
-0.004054
-0.004621
-0.004854
-0.004952
-0.004951
-0.004835
-0.004528
-0.003635
-0.002070
-0.000682
-0.000226
0.000007
0.001481
0.004012
0.005511
0.005221
0.005065
0.006160
0.006733
0.005309
0.003035
0.001299
-0.000080
-0.001554
-0.002989
-0.004169
-0.005150
-0.005920
-0.005795
-0.004275
-0.002432
-0.001509
-0.000950
0.000268
0.001888
0.003150
0.003829
0.004037
0.003810
0.003086
0.002045
0.000977
-0.000234
-0.001613
-0.002497
-0.002453
-0.001991
-0.001760
-0.001895
-0.002150
-0.002171
-0.001810
-0.001177
-0.000346
0.000614
0.001394
0.001824
0.002199
0.002664
0.002811
0.002348
0.001586
0.001040
0.000915
0.001077
0.001211
0.000856
-0.000126
-0.001062
-0.001349
-0.001453
-0.001974
-0.002712
-0.003247
-0.003412
-0.003193
-0.002649
-0.001628
-0.000076
0.001317
0.001859
0.001902
0.002084
0.002082
0.001079
-0.000833
-0.002919
-0.005182
-0.007031
-0.005583
0.000342
0.006746
0.009824
0.010815
0.011757
0.011454
0.008239
0.003089
-0.001461
-0.004019
-0.005154
-0.005763
-0.005902
-0.005898
-0.006656
-0.007884
-0.008115
-0.007008
-0.005501
-0.003672
-0.000738
0.002811
0.005399
0.006561
0.007013
0.006939
0.005822
0.003796
0.001883
0.000599
-0.000520
-0.001661
-0.002319
-0.002375
-0.002395
-0.002801
-0.003375
-0.003559
-0.003058
-0.001856
0.000159
0.002680
0.004559
0.005106
0.004905
0.004464
0.003397
0.001529
-0.000357
-0.001425
-0.001863
-0.002325
-0.002767
-0.002748
-0.002444
-0.002370
-0.002456
-0.002248
-0.001689
-0.001055
-0.000540
-0.000275
-0.000295
-0.000112
0.000795
0.001727
0.001733
0.001497
0.001888
0.002332
0.002436
0.002512
0.002324
0.001708
0.001011
0.000266
-0.000463
-0.001000
-0.001627
-0.002262
-0.002419
-0.002359
-0.002414
-0.002148
-0.001294
-0.000165
0.000907
0.001740
0.002286
0.002514
0.002341
0.001860
0.001268
0.000589
-0.000192
-0.000912
-0.001504
-0.002147
-0.002751
-0.002852
-0.002354
-0.001665
-0.001054
-0.000471
0.000238
0.001140
0.001937
0.002175
0.001880
0.001526
0.001482
0.001704
0.001737
0.001204
0.000341
-0.000276
-0.000382
-0.000258
-0.000376
-0.000781
-0.001092
-0.001158
-0.001187
-0.001290
-0.001463
-0.001734
-0.001926
-0.001665
-0.000840
0.000163
0.000899
0.001394
0.001857
0.002077
0.001781
0.001227
0.000774
0.000228
-0.000872
-0.002432
-0.003558
-0.003578
-0.003001
-0.002568
-0.001857
0.000164
0.003338
0.005948
0.006867
0.006832
0.006390
0.005024
0.003140
0.001710
0.000303
-0.001758
-0.003741
-0.004779
-0.005180
-0.005691
-0.006310
-0.006183
-0.004828
-0.002948
-0.001306
0.000276
0.001906
0.003039
0.003579
0.004081
0.004546
0.004315
0.003258
0.002002
0.000930
-0.000117
-0.001164
-0.001849
-0.002062
-0.002195
-0.002441
-0.002483
-0.002123
-0.001540
-0.000872
-0.000004
0.001046
0.001794
0.001908
0.001836
0.001892
0.001615
0.000977
0.000713
0.000796
0.000434
-0.000350
-0.000890
-0.001080
-0.001211
-0.001269
-0.001076
-0.000866
-0.001252
-0.002069
-0.001891
-0.000249
0.001009
0.000753
0.000439
0.000931
0.001096
0.000533
0.000173
0.000459
0.001018
0.001388
0.001558
0.001595
0.000832
-0.000863
-0.001969
-0.001690
-0.001204
-0.001140
-0.000681
0.000458
0.001457
0.001702
0.001515
0.001415
0.001202
0.000456
-0.000504
-0.001074
-0.001276
-0.001455
-0.001593
-0.001522
-0.001384
-0.001351
-0.001206
-0.000656
0.000094
0.000554
0.000773
0.001164
0.001625
0.001756
0.001608
0.001394
0.000963
0.000200
-0.000525
-0.000877
-0.001013
-0.001090
-0.000886
-0.000312
0.000139
-0.000011
-0.000400
-0.000289
0.000306
0.000702
0.000602
0.000273
-0.000092
-0.000476
-0.000650
-0.000347
0.000216
0.000522
0.000455
0.000210
-0.000217
-0.000773
-0.001025
-0.000694
-0.000124
0.000123
-0.000041
-0.000250
-0.000489
-0.001114
-0.001732
-0.001493
-0.000659
-0.000040
0.000528
0.001342
0.001911
0.002146
0.002702
0.003525
0.003758
0.003060
0.001872
0.000777
0.000022
-0.000675
-0.001533
-0.002202
-0.002566
-0.002923
-0.003033
-0.002710
-0.002567
-0.002701
-0.002297
-0.001060
0.000479
0.001735
0.002485
0.002980
0.003336
0.003097
0.002039
0.000613
-0.000588
-0.001210
-0.001390
-0.001541
-0.001653
-0.001484
-0.001137
-0.000785
-0.000472
-0.000292
-0.000196
0.000068
0.000583
0.001156
0.001561
0.001754
0.001730
0.001302
0.000460
-0.000341
-0.000709
-0.000714
-0.000635
-0.000575
-0.000393
-0.000065
0.000037
-0.000527
-0.001603
-0.002159
-0.001358
-0.000001
0.000543
0.000478
0.000782
0.001366
0.001600
0.001275
0.000523
-0.000161
-0.000310
-0.000058
0.000294
0.000539
0.000359
-0.000098
-0.000231
-0.000106
-0.000272
-0.000558
-0.000343
0.000309
0.000697
0.000489
-0.000028
-0.000492
-0.000642
-0.000345
0.000112
0.000302
0.000209
0.000006
-0.000337
-0.000824
-0.001193
-0.001194
-0.000861
-0.000366
0.000189
0.000741
0.001176
0.001338
0.001155
0.000772
0.000431
0.000165
-0.000168
-0.000633
-0.001115
-0.001378
-0.001318
-0.001017
-0.000501
0.000102
0.000454
0.000567
0.000827
0.001216
0.001344
0.001118
0.000739
0.000395
0.000193
0.000019
-0.000375
-0.000900
-0.001170
-0.001053
-0.000777
-0.000610
-0.000598
-0.000553
-0.000313
0.000054
0.000429
0.000750
0.000809
0.000493
0.000150
0.000052
-0.000143
-0.000825
-0.001634
-0.001731
-0.000895
0.000176
0.000825
0.001062
0.001132
0.001078
0.001005
0.001277
0.001826
0.001943
0.001542
0.001340
0.001279
0.000582
-0.000686
-0.001790
-0.002351
-0.002317
-0.001898
-0.001459
-0.001033
-0.000606
-0.000377
-0.000175
0.000291
0.000750
0.000966
0.001145
0.001219
0.000969
0.000604
0.000281
-0.000113
-0.000459
-0.000640
-0.000935
-0.001434
-0.001706
-0.001518
-0.001172
-0.000938
-0.000714
-0.000301
0.000209
0.000606
0.000959
0.001381
0.001757
0.001950
0.001847
0.001418
0.000860
0.000375
0.000026
-0.000203
-0.000392
-0.000554
-0.000708
-0.001008
-0.001340
-0.001293
-0.000892
-0.000448
0.000112
0.000805
0.001265
0.001238
0.000739
0.000042
-0.000361
-0.000270
0.000028
0.000052
-0.000389
-0.000914
-0.001095
-0.000962
-0.000668
-0.000266
0.000191
0.000632
0.000938
0.001017
0.000889
0.000646
0.000435
0.000333
0.000223
-0.000030
-0.000440
-0.000818
-0.000865
-0.000598
-0.000323
-0.000127
0.000077
0.000283
0.000494
0.000732
0.000913
0.000875
0.000568
0.000205
-0.000062
-0.000383
-0.000813
-0.001130
-0.001240
-0.001368
-0.001680
-0.001918
-0.001727
-0.001073
-0.000123
0.000905
0.001738
0.002200
0.002321
0.002240
0.002120
0.001966
0.001568
0.000931
0.000332
-0.000214
-0.000876
-0.001583
-0.002170
-0.002530
-0.002517
-0.002048
-0.001228
-0.000368
0.000151
0.000253
0.000274
0.000498
0.000762
0.000723
0.000343
-0.000035
-0.000023
0.000394
0.000712
0.000413
-0.000239
-0.000453
-0.000085
0.000285
0.000466
0.000764
0.001227
0.001616
0.001684
0.001267
0.000526
-0.000166
-0.000579
-0.000656
-0.000547
-0.000537
-0.000626
-0.000565
-0.000289
-0.000016
-0.000052
-0.000470
-0.000905
-0.001055
-0.001069
-0.001024
-0.000791
-0.000507
-0.000289
0.000048
0.000500
0.000837
0.000934
0.000703
0.000180
-0.000318
-0.000429
-0.000093
0.000309
0.000365
0.000276
0.000493
0.000850
0.000861
0.000497
0.000099
-0.000106
-0.000119
-0.000075
-0.000124
-0.000298
-0.000460
-0.000509
-0.000540
-0.000591
-0.000515
-0.000257
0.000052
0.000268
0.000357
0.000409
0.000501
0.000614
0.000722
0.000700
0.000379
-0.000036
-0.000187
-0.000171
-0.000344
-0.000746
-0.001119
-0.001276
-0.001251
-0.001148
-0.000941
-0.000476
0.000226
0.000838
0.001098
0.001116
0.001129
0.001166
0.001124
0.000965
0.000718
0.000473
0.000370
0.000431
0.000411
0.000004
-0.000656
-0.001062
-0.001091
-0.001069
-0.000978
-0.000497
0.000137
0.000286
-0.000050
-0.000314
-0.000333
-0.000376
-0.000603
-0.000871
-0.000843
-0.000443
-0.000069
0.000064
0.000216
0.000490
0.000741
0.000975
0.001178
0.001195
0.000995
0.000706
0.000459
0.000224
-0.000134
-0.000489
-0.000589
-0.000511
-0.000399
-0.000275
-0.000280
-0.000424
-0.000442
-0.000234
0.000033
0.000099
-0.000175
-0.000515
-0.000531
-0.000317
-0.000235
-0.000355
-0.000468
-0.000414
-0.000285
-0.000245
-0.000208
0.000071
0.000634
0.001278
0.001732
0.001766
0.001478
0.001225
0.001004
0.000533
-0.000048
-0.000278
-0.000078
0.000103
-0.000165
-0.000788
-0.001338
-0.001534
-0.001388
-0.001110
-0.000862
-0.000592
-0.000300
-0.000165
-0.000197
-0.000207
-0.000101
0.000103
0.000352
0.000633
0.000956
0.001168
0.001119
0.000895
0.000552
0.000065
-0.000311
-0.000194
0.000257
0.000409
0.000101
-0.000209
-0.000316
-0.000478
-0.000877
-0.001395
-0.001711
-0.001484
-0.000797
-0.000151
0.000218
0.000473
0.000656
0.000694
0.000711
0.000888
0.001225
0.001586
0.001759
0.001523
0.000852
-0.000001
-0.000731
-0.001150
-0.001236
-0.001132
-0.001004
-0.000906
-0.000857
-0.000901
-0.000985
-0.000939
-0.000728
-0.000508
-0.000276
0.000157
0.000791
0.001377
0.001697
0.001770
0.001765
0.001676
0.001308
0.000627
-0.000106
-0.000568
-0.000637
-0.000538
-0.000587
-0.000808
-0.001082
-0.001333
-0.001350
-0.000942
-0.000331
0.000096
0.000308
0.000462
0.000481
0.000272
-0.000002
-0.000151
-0.000128
0.000086
0.000419
0.000614
0.000510
0.000316
0.000302
0.000341
0.000079
-0.000512
-0.000961
-0.000881
-0.000553
-0.000412
-0.000288
0.000085
0.000470
0.000652
0.000776
0.000908
0.000915
0.000686
0.000210
-0.000333
-0.000602
-0.000473
-0.000118
0.000207
0.000215
-0.000162
-0.000563
-0.000647
-0.000462
-0.000244
-0.000165
-0.000247
-0.000373
-0.000345
-0.000095
0.000140
0.000164
0.000106
0.000069
-0.000049
-0.000178
-0.000099
0.000180
0.000518
0.000869
0.001172
0.001272
0.001049
0.000557
0.000053
-0.000246
-0.000420
-0.000610
-0.000747
-0.000721
-0.000549
-0.000346
-0.000247
-0.000312
-0.000518
-0.000722
-0.000665
-0.000253
0.000273
0.000643
0.000809
0.000844
0.000746
0.000489
0.000173
-0.000036
-0.000088
-0.000054
-0.000013
0.000006
-0.000079
-0.000421
-0.000926
-0.001154
-0.000859
-0.000380
-0.000215
-0.000332
-0.000261
0.000189
0.000729
0.001098
0.001295
0.001277
0.000936
0.000412
0.000058
-0.000012
-0.000029
-0.000086
0.000008
0.000187
0.000020
-0.000626
-0.001355
-0.001742
-0.001695
-0.001401
-0.001033
-0.000494
0.000313
0.001064
0.001362
0.001299
0.001181
0.001080
0.001006
0.001033
0.001056
0.000776
0.000123
-0.000535
-0.000901
-0.001164
-0.001517
-0.001706
-0.001473
-0.001008
-0.000591
-0.000189
0.000285
0.000752
0.001174
0.001567
0.001834
0.001835
0.001546
0.001120
0.000676
0.000129
-0.000553
-0.001287
-0.001924
-0.002132
-0.001796
-0.001353
-0.001159
-0.001089
-0.000927
-0.000559
0.000034
0.000663
0.001084
0.001244
0.001198
0.001051
0.001012
0.001189
0.001286
0.000911
0.000262
-0.000065
0.000009
0.000027
-0.000215
-0.000516
-0.000682
-0.000621
-0.000417
-0.000457
-0.000935
-0.001380
-0.001249
-0.000709
-0.000336
-0.000308
-0.000323
-0.000121
0.000254
0.000660
0.001048
0.001305
0.001276
0.001109
0.001079
0.001092
0.000877
0.000456
0.000048
-0.000264
-0.000495
-0.000552
-0.000432
-0.000423
-0.000694
-0.001018
-0.001141
-0.001050
-0.000800
-0.000408
-0.000016
0.000198
0.000326
0.000559
0.000848
0.000965
0.000792
0.000435
0.000075
-0.000202
-0.000417
-0.000554
-0.000502
-0.000282
-0.000118
-0.000088
0.000010
0.000244
0.000359
0.000212
-0.000002
-0.000092
-0.000136
-0.000316
-0.000630
-0.000814
-0.000667
-0.000327
0.000036
0.000496
0.001065
0.001427
0.001326
0.000968
0.000688
0.000531
0.000432
0.000323
0.000029
-0.000486
-0.000997
-0.001328
-0.001444
-0.001407
-0.001386
-0.001398
-0.001173
-0.000623
-0.000094
0.000187
0.000412
0.000781
0.001299
0.001827
0.002109
0.002013
0.001602
0.000951
0.000218
-0.000369
-0.000792
-0.001193
-0.001513
-0.001609
-0.001517
-0.001249
-0.000765
-0.000224
0.000210
0.000585
0.000871
0.000960
0.000996
0.001121
0.001159
0.000986
0.000757
0.000589
0.000341
-0.000251
-0.001109
-0.001702
-0.001733
-0.001502
-0.001309
-0.001072
-0.000655
-0.000129
0.000328
0.000546
0.000504
0.000409
0.000462
0.000588
0.000641
0.000740
0.000945
0.000996
0.000840
0.000760
0.000760
0.000559
0.000138
-0.000320
-0.000802
-0.001256
-0.001393
-0.001178
-0.000971
-0.000968
-0.000949
-0.000698
-0.000321
0.000008
0.000277
0.000566
0.000964
0.001361
0.001450
0.001161
0.000764
0.000485
0.000281
0.000074
-0.000106
-0.000311
-0.000654
-0.000970
-0.001019
-0.000878
-0.000688
-0.000431
-0.000151
0.000041
0.000108
0.000055
-0.000027
0.000036
0.000309
0.000665
0.000915
0.000975
0.000870
0.000659
0.000401
0.000153
-0.000026
-0.000102
-0.000189
-0.000424
-0.000675
-0.000757
-0.000790
-0.000884
-0.000863
-0.000636
-0.000347
-0.000147
-0.000086
-0.000067
0.000061
0.000266
0.000377
0.000342
0.000298
0.000385
0.000551
0.000607
0.000492
0.000414
0.000573
0.000850
0.000952
0.000740
0.000286
-0.000244
-0.000683
-0.000939
-0.001091
-0.001314
-0.001494
-0.001300
-0.000781
-0.000298
0.000059
0.000355
0.000487
0.000429
0.000377
0.000439
0.000551
0.000711
0.000995
0.001300
0.001309
0.000846
0.000109
-0.000601
-0.001169
-0.001559
-0.001651
-0.001384
-0.000915
-0.000474
-0.000107
0.000242
0.000533
0.000715
0.000792
0.000776
0.000782
0.000859
0.000789
0.000541
0.000411
0.000422
0.000314
0.000084
-0.000100
-0.000257
-0.000493
-0.000806
-0.001036
-0.001000
-0.000767
-0.000564
-0.000424
-0.000293
-0.000253
-0.000313
-0.000308
-0.000132
0.000212
0.000669
0.001061
0.001181
0.000998
0.000652
0.000285
-0.000069
-0.000310
-0.000219
0.000117
0.000240
-0.000060
-0.000490
-0.000669
-0.000567
-0.000416
-0.000319
-0.000184
-0.000047
-0.000050
-0.000138
-0.000136
-0.000013
0.000189
0.000463
0.000736
0.000862
0.000783
0.000569
0.000269
-0.000109
-0.000454
-0.000634
-0.000678
-0.000665
-0.000571
-0.000413
-0.000304
-0.000264
-0.000217
-0.000100
0.000082
0.000251
0.000327
0.000313
0.000297
0.000359
0.000440
0.000442
0.000410
0.000455
0.000575
0.000600
0.000330
-0.000174
-0.000561
-0.000600
-0.000437
-0.000339
-0.000360
-0.000378
-0.000391
-0.000515
-0.000695
-0.000691
-0.000378
0.000037
0.000222
0.000161
0.000118
0.000156
0.000187
0.000314
0.000618
0.000889
0.000918
0.000780
0.000650
0.000562
0.000547
0.000609
0.000498
0.000018
-0.000604
-0.001093
-0.001420
-0.001558
-0.001424
-0.001080
-0.000714
-0.000450
-0.000224
0.000081
0.000403
0.000586
0.000583
0.000458
0.000376
0.000456
0.000525
0.000329
-0.000043
-0.000269
-0.000202
0.000023
0.000221
0.000328
0.000335
0.000227
0.000111
0.000142
0.000319
0.000528
0.000646
0.000532
0.000170
-0.000233
-0.000472
-0.000565
-0.000636
-0.000679
-0.000550
-0.000232
0.000011
-0.000073
-0.000355
-0.000483
-0.000316
-0.000008
0.000270
0.000471
0.000566
0.000568
0.000545
0.000420
0.000122
-0.000203
-0.000410
-0.000496
-0.000481
-0.000396
-0.000268
-0.000061
0.000204
0.000342
0.000268
0.000120
-0.000035
-0.000227
-0.000329
-0.000264
-0.000193
-0.000138
0.000068
0.000316
0.000363
0.000356
0.000524
0.000684
0.000594
0.000340
0.000095
-0.000106
-0.000273
-0.000391
-0.000476
-0.000532
-0.000519
-0.000407
-0.000199
0.000016
0.000113
0.000104
0.000055
-0.000033
-0.000093
-0.000021
0.000129
0.000250
0.000339
0.000360
0.000185
-0.000130
-0.000319
-0.000265
-0.000108
0.000002
0.000066
0.000178
0.000343
0.000374
0.000166
-0.000079
-0.000141
-0.000054
0.000017
-0.000078
-0.000327
-0.000517
-0.000513
-0.000422
-0.000333
-0.000183
-0.000004
-0.000012
-0.000254
-0.000413
-0.000221
0.000160
0.000470
0.000726
0.000959
0.001024
0.000881
0.000685
0.000587
0.000575
0.000518
0.000353
0.000104
-0.000246
-0.000625
-0.000808
-0.000814
-0.001011
-0.001429
-0.001544
-0.001123
-0.000621
-0.000420
-0.000310
0.000019
0.000501
0.000870
0.000976
0.000876
0.000720
0.000574
0.000445
0.000376
0.000369
0.000333
0.000212
0.000055
-0.000048
-0.000087
-0.000159
-0.000288
-0.000300
-0.000107
0.000065
-0.000011
-0.000230
-0.000337
-0.000280
-0.000237
-0.000312
-0.000375
-0.000320
-0.000207
-0.000064
0.000118
0.000244
0.000220
0.000106
0.000022
0.000047
0.000240
0.000546
0.000740
0.000705
0.000594
0.000552
0.000490
0.000227
-0.000272
-0.000861
-0.001309
-0.001448
-0.001259
-0.000859
-0.000437
-0.000117
0.000161
0.000509
0.000821
0.000892
0.000746
0.000574
0.000441
0.000351
0.000333
0.000323
0.000244
0.000110
-0.000006
-0.000081
-0.000264
-0.000657
-0.001081
-0.001247
-0.000991
-0.000449
-0.000048
-0.000027
-0.000107
0.000005
0.000223
0.000435
0.000696
0.000901
0.000866
0.000730
0.000706
0.000669
0.000450
0.000170
0.000006
-0.000108
-0.000333
-0.000608
-0.000765
-0.000852
-0.000955
-0.000922
-0.000671
-0.000429
-0.000337
-0.000229
0.000017
0.000260
0.000351
0.000417
0.000664
0.000954
0.001002
0.000849
0.000701
0.000550
0.000294
-0.000062
-0.000474
-0.000894
-0.001209
-0.001253
-0.000998
-0.000631
-0.000328
-0.000057
0.000247
0.000512
0.000682
0.000800
0.000861
0.000814
0.000695
0.000565
0.000455
0.000347
0.000121
-0.000215
-0.000438
-0.000551
-0.000846
-0.001269
-0.001383
-0.001106
-0.000737
-0.000357
0.000135
0.000619
0.000817
0.000661
0.000427
0.000342
0.000317
0.000264
0.000292
0.000434
0.000541
0.000531
0.000486
0.000422
0.000203
-0.000161
-0.000397
-0.000402
-0.000428
-0.000640
-0.000857
-0.000843
-0.000571
-0.000189
0.000057
-0.000022
-0.000350
-0.000634
-0.000615
-0.000255
0.000218
0.000545
0.000801
0.001139
0.001310
0.001027
0.000522
0.000229
0.000228
0.000236
-0.000012
-0.000350
-0.000360
-0.000020
0.000284
0.000329
0.000183
-0.000104
-0.000554
-0.001034
-0.001242
-0.001029
-0.000608
-0.000277
-0.000078
0.000096
0.000193
0.000126
0.000008
-0.000063
-0.000114
-0.000087
0.000082
0.000228
0.000220
0.000218
0.000328
0.000409
0.000388
0.000334
0.000255
0.000110
-0.000024
0.000019
0.000233
0.000392
0.000367
0.000223
0.000068
-0.000023
-0.000047
-0.000065
-0.000089
-0.000091
-0.000092
-0.000147
-0.000269
-0.000404
-0.000510
-0.000641
-0.000826
-0.000931
-0.000825
-0.000584
-0.000327
0.000009
0.000472
0.000854
0.000929
0.000735
0.000481
0.000400
0.000627
0.000980
0.001071
0.000807
0.000497
0.000334
0.000155
-0.000258
-0.000887
-0.001466
-0.001691
-0.001491
-0.001075
-0.000672
-0.000359
-0.000100
0.000192
0.000533
0.000788
0.000850
0.000793
0.000739
0.000736
0.000736
0.000627
0.000386
0.000150
-0.000028
-0.000261
-0.000607
-0.000979
-0.001221
-0.001241
-0.001046
-0.000663
-0.000197
0.000103
0.000125
0.000099
0.000268
0.000604
0.000980
0.001321
0.001474
0.001255
0.000699
0.000056
-0.000459
-0.000768
-0.000819
-0.000559
-0.000116
0.000172
0.000049
-0.000372
-0.000679
-0.000616
-0.000382
-0.000277
-0.000295
-0.000277
-0.000180
-0.000031
0.000158
0.000334
0.000423
0.000469
0.000510
0.000441
0.000246
0.000038
-0.000181
-0.000375
-0.000346
-0.000052
0.000281
0.000440
0.000377
0.000170
-0.000049
-0.000202
-0.000245
-0.000168
-0.000090
-0.000131
-0.000218
-0.000212
-0.000100
0.000062
0.000233
0.000331
0.000258
0.000091
0.000025
0.000040
0.000004
0.000002
0.000139
0.000274
0.000231
-0.000009
-0.000350
-0.000622
-0.000704
-0.000629
-0.000493
-0.000372
-0.000255
-0.000061
0.000158
0.000214
0.000137
0.000234
0.000580
0.000839
0.000763
0.000506
0.000358
0.000345
0.000298
0.000224
0.000197
0.000079
-0.000232
-0.000585
-0.000825
-0.000970
-0.001052
-0.000981
-0.000684
-0.000316
-0.000101
0.000023
0.000242
0.000479
0.000569
0.000592
0.000652
0.000716
0.000741
0.000692
0.000581
0.000501
0.000416
0.000206
-0.000096
-0.000381
-0.000633
-0.000881
-0.001064
-0.001071
-0.000911
-0.000690
-0.000468
-0.000266
-0.000052
0.000229
0.000492
0.000623
0.000684
0.000750
0.000791
0.000783
0.000732
0.000628
0.000441
0.000120
-0.000349
-0.000858
-0.001151
-0.001030
-0.000668
-0.000398
-0.000223
-0.000017
0.000099
0.000063
0.000111
0.000306
0.000376
0.000206
0.000018
0.000051
0.000324
0.000578
0.000548
0.000309
0.000097
-0.000018
-0.000091
-0.000163
-0.000237
-0.000289
-0.000264
-0.000158
-0.000123
-0.000292
-0.000538
-0.000633
-0.000505
-0.000219
0.000074
0.000222
0.000268
0.000366
0.000472
0.000428
0.000292
0.000207
0.000143
0.000114
0.000236
0.000380
0.000289
0.000008
-0.000214
-0.000274
-0.000278
-0.000327
-0.000373
-0.000383
-0.000438
-0.000472
-0.000238
0.000252
0.000635
0.000717
0.000611
0.000423
0.000212
0.000087
0.000018
-0.000177
-0.000451
-0.000520
-0.000334
-0.000152
-0.000154
-0.000263
-0.000309
-0.000255
-0.000219
-0.000282
-0.000328
-0.000170
0.000141
0.000380
0.000540
0.000736
0.000821
0.000618
0.000298
0.000171
0.000295
0.000485
0.000549
0.000417
0.000127
-0.000210
-0.000469
-0.000633
-0.000770
-0.000902
-0.000989
-0.000985
-0.000879
-0.000714
-0.000489
-0.000172
0.000112
0.000241
0.000387
0.000732
0.001096
0.001168
0.000933
0.000616
0.000398
0.000287
0.000198
0.000115
0.000033
-0.000208
-0.000696
-0.001096
-0.001055
-0.000791
-0.000644
-0.000464
-0.000062
0.000326
0.000456
0.000454
0.000484
0.000501
0.000478
0.000506
0.000598
0.000658
0.000601
0.000401
0.000138
-0.000078
-0.000267
-0.000483
-0.000667
-0.000755
-0.000777
-0.000732
-0.000647
-0.000658
-0.000735
-0.000625
-0.000295
0.000004
0.000201
0.000456
0.000763
0.000923
0.000872
0.000723
0.000530
0.000305
0.000171
0.000207
0.000278
0.000253
0.000198
0.000162
0.000078
-0.000074
-0.000284
-0.000510
-0.000632
-0.000651
-0.000687
-0.000644
-0.000419
-0.000225
-0.000207
-0.000219
-0.000152
-0.000002
0.000281
0.000650
0.000848
0.000695
0.000399
0.000297
0.000340
0.000228
-0.000026
-0.000154
-0.000154
-0.000271
-0.000518
-0.000624
-0.000497
-0.000358
-0.000372
-0.000405
-0.000199
0.000259
0.000656
0.000730
0.000593
0.000525
0.000587
0.000572
0.000325
-0.000047
-0.000328
-0.000417
-0.000395
-0.000383
-0.000368
-0.000361
-0.000489
-0.000702
-0.000775
-0.000626
-0.000325
0.000070
0.000464
0.000713
0.000781
0.000724
0.000602
0.000507
0.000506
0.000545
0.000503
0.000265
-0.000090
-0.000277
-0.000226
-0.000169
-0.000199
-0.000239
-0.000368
-0.000667
-0.000906
-0.000873
-0.000683
-0.000458
-0.000152
0.000172
0.000365
0.000457
0.000558
0.000610
0.000519
0.000371
0.000310
0.000357
0.000435
0.000425
0.000266
0.000052
-0.000170
-0.000517
-0.000932
-0.001111
-0.000940
-0.000604
-0.000275
-0.000055
0.000007
0.000017
0.000146
0.000380
0.000550
0.000588
0.000615
0.000744
0.000860
0.000775
0.000541
0.000305
0.000077
-0.000174
-0.000469
-0.000823
-0.001110
-0.001144
-0.000966
-0.000748
-0.000533
-0.000331
-0.000213
-0.000121
0.000101
0.000420
0.000672
0.000852
0.001042
0.001160
0.001068
0.000806
0.000528
0.000304
0.000127
-0.000032
-0.000262
-0.000593
-0.000848
-0.000882
-0.000803
-0.000720
-0.000595
-0.000482
-0.000526
-0.000666
-0.000648
-0.000344
0.000074
0.000381
0.000607
0.000885
0.001108
0.001107
0.000963
0.000781
0.000466
0.000036
-0.000248
-0.000295
-0.000274
-0.000280
-0.000309
-0.000384
-0.000515
-0.000635
-0.000633
-0.000493
-0.000371
-0.000371
-0.000325
-0.000083
0.000217
0.000434
0.000580
0.000595
0.000443
0.000338
0.000466
0.000609
0.000430
0.000078
-0.000016
0.000102
0.000053
-0.000198
-0.000423
-0.000531
-0.000532
-0.000434
-0.000282
-0.000119
-0.000009
-0.000075
-0.000254
-0.000245
-0.000021
0.000128
0.000209
0.000452
0.000766
0.000845
0.000578
0.000140
-0.000151
-0.000154
-0.000066
-0.000116
-0.000239
-0.000277
-0.000278
-0.000389
-0.000574
-0.000634
-0.000515
-0.000347
-0.000165
0.000019
0.000046
-0.000034
0.000096
0.000491
0.000871
0.001026
0.000920
0.000584
0.000167
-0.000075
-0.000049
0.000030
-0.000056
-0.000268
-0.000468
-0.000643
-0.000820
-0.000909
-0.000811
-0.000561
-0.000219
0.000149
0.000381
0.000407
0.000403
0.000513
0.000651
0.000721
0.000758
0.000737
0.000519
0.000119
-0.000208
-0.000265
-0.000153
-0.000129
-0.000298
-0.000542
-0.000704
-0.000743
-0.000704
-0.000571
-0.000307
0.000009
0.000232
0.000271
0.000142
0.000001
0.000005
0.000129
0.000247
0.000316
0.000350
0.000330
0.000288
0.000318
0.000451
0.000572
0.000492
0.000197
-0.000071
-0.000177
-0.000290
-0.000518
-0.000701
-0.000750
-0.000756
-0.000704
-0.000515
-0.000270
-0.000060
0.000129
0.000322
0.000533
0.000724
0.000815
0.000788
0.000656
0.000418
0.000155
-0.000048
-0.000222
-0.000386
-0.000472
-0.000435
-0.000319
-0.000227
-0.000243
-0.000352
-0.000443
-0.000413
-0.000259
-0.000038
0.000192
0.000376
0.000492
0.000522
0.000459
0.000369
0.000299
0.000205
0.000055
-0.000099
-0.000197
-0.000248
-0.000267
-0.000235
-0.000190
-0.000206
-0.000260
-0.000270
-0.000197
-0.000056
0.000074
0.000118
0.000110
0.000120
0.000147
0.000162
0.000193
0.000309
0.000520
0.000667
0.000555
0.000303
0.000189
0.000137
-0.000102
-0.000422
-0.000566
-0.000599
-0.000717
-0.000817
-0.000678
-0.000378
-0.000158
-0.000064
-0.000008
0.000041
0.000091
0.000185
0.000282
0.000291
0.000247
0.000287
0.000423
0.000499
0.000400
0.000204
0.000096
0.000146
0.000236
0.000250
0.000168
-0.000027
-0.000338
-0.000652
-0.000808
-0.000751
-0.000567
-0.000369
-0.000179
0.000065
0.000339
0.000488
0.000446
0.000309
0.000148
-0.000017
-0.000105
-0.000048
0.000074
0.000135
0.000127
0.000120
0.000146
0.000171
0.000097
-0.000120
-0.000328
-0.000359
-0.000261
-0.000120
0.000082
0.000316
0.000441
0.000378
0.000218
0.000127
0.000141
0.000120
-0.000057
-0.000334
-0.000528
-0.000487
-0.000260
-0.000041
0.000069
0.000113
0.000099
-0.000023
-0.000190
-0.000269
-0.000223
-0.000086
0.000070
0.000093
-0.000067
-0.000243
-0.000265
-0.000121
0.000104
0.000316
0.000468
0.000556
0.000545
0.000405
0.000248
0.000239
0.000322
0.000259
-0.000021
-0.000357
-0.000594
-0.000682
-0.000676
-0.000639
-0.000478
-0.000142
0.000188
0.000305
0.000184
-0.000002
-0.000063
0.000002
0.000120
0.000280
0.000400
0.000350
0.000169
-0.000002
-0.000088
-0.000028
0.000189
0.000384
0.000374
0.000195
0.000005
-0.000115
-0.000202
-0.000294
-0.000360
-0.000382
-0.000407
-0.000400
-0.000286
-0.000159
-0.000131
-0.000076
0.000185
0.000563
0.000736
0.000548
0.000215
-0.000002
-0.000112
-0.000196
-0.000241
-0.000244
-0.000211
-0.000139
-0.000079
-0.000061
-0.000006
0.000070
0.000018
-0.000110
-0.000096
0.000059
0.000172
0.000195
0.000242
0.000373
0.000418
0.000203
-0.000126
-0.000272
-0.000138
0.000110
0.000221
0.000085
-0.000183
-0.000355
-0.000336
-0.000225
-0.000117
-0.000018
0.000024
-0.000057
-0.000180
-0.000198
-0.000103
0.000037
0.000181
0.000265
0.000211
0.000032
-0.000167
-0.000342
-0.000511
-0.000572
-0.000382
0.000029
0.000438
0.000605
0.000521
0.000415
0.000400
0.000356
0.000239
0.000157
0.000140
0.000140
0.000139
0.000105
0.000003
-0.000121
-0.000233
-0.000361
-0.000467
-0.000454
-0.000309
-0.000114
0.000045
0.000103
0.000042
-0.000030
0.000060
0.000272
0.000323
0.000082
-0.000259
-0.000447
-0.000377
-0.000136
0.000038
0.000013
-0.000061
0.000007
0.000139
0.000153
0.000076
0.000034
0.000037
0.000043
0.000044
0.000032
-0.000020
-0.000089
-0.000081
0.000034
0.000170
0.000230
0.000186
0.000064
-0.000060
-0.000102
-0.000056
-0.000043
-0.000125
-0.000163
-0.000054
0.000052
0.000031
0.000006
0.000112
0.000262
0.000267
0.000098
-0.000046
0.000012
0.000157
0.000179
0.000103
0.000047
-0.000034
-0.000188
-0.000349
-0.000469
-0.000487
-0.000347
-0.000166
-0.000085
-0.000063
-0.000028
-0.000016
-0.000007
0.000145
0.000364
0.000367
0.000171
0.000085
0.000201
0.000368
0.000452
0.000379
0.000159
0.000003
0.000044
0.000035
-0.000231
-0.000511
-0.000536
-0.000424
-0.000366
-0.000304
-0.000179
-0.000096
-0.000099
-0.000104
-0.000089
-0.000061
0.000081
0.000358
0.000575
0.000584
0.000426
0.000196
-0.000006
-0.000076
-0.000014
0.000072
0.000093
0.000051
-0.000031
-0.000127
-0.000156
-0.000049
0.000094
0.000094
-0.000026
-0.000089
-0.000093
-0.000159
-0.000243
-0.000217
-0.000092
-0.000016
-0.000142
-0.000431
-0.000625
-0.000531
-0.000204
0.000150
0.000340
0.000308
0.000164
0.000087
0.000160
0.000343
0.000545
0.000655
0.000578
0.000315
-0.000028
-0.000262
-0.000254
-0.000096
0.000055
0.000155
0.000157
0.000025
-0.000161
-0.000279
-0.000284
-0.000249
-0.000252
-0.000209
-0.000090
-0.000058
-0.000092
0.000013
0.000168
0.000109
-0.000092
-0.000120
0.000035
0.000088
-0.000052
-0.000193
-0.000174
-0.000037
0.000083
0.000129
0.000091
-0.000040
-0.000153
-0.000058
0.000267
0.000554
0.000538
0.000287
0.000002
-0.000246
-0.000424
-0.000448
-0.000321
-0.000161
-0.000033
0.000082
0.000154
0.000157
0.000172
0.000273
0.000400
0.000417
0.000227
-0.000070
-0.000249
-0.000245
-0.000166
-0.000109
-0.000143
-0.000291
-0.000464
-0.000492
-0.000334
-0.000172
-0.000134
-0.000073
0.000119
0.000252
0.000194
0.000148
0.000308
0.000530
0.000568
0.000406
0.000226
0.000147
0.000092
0.000013
0.000026
0.000114
0.000062
-0.000169
-0.000382
-0.000492
-0.000570
-0.000573
-0.000380
-0.000070
0.000122
0.000125
0.000090
0.000133
0.000195
0.000213
0.000203
0.000143
0.000016
-0.000088
-0.000101
-0.000063
0.000041
0.000188
0.000216
0.000113
0.000038
-0.000003
-0.000099
-0.000179
-0.000130
-0.000028
0.000032
0.000137
0.000275
0.000217
-0.000059
-0.000278
-0.000310
-0.000281
-0.000250
-0.000106
0.000114
0.000138
-0.000097
-0.000281
-0.000172
0.000095
0.000292
0.000399
0.000420
0.000225
-0.000133
-0.000340
-0.000247
-0.000057
-0.000015
-0.000123
-0.000208
-0.000165
-0.000068
0.000005
0.000110
0.000310
0.000513
0.000547
0.000328
-0.000011
-0.000149
-0.000001
0.000093
-0.000055
-0.000164
-0.000027
0.000099
-0.000062
-0.000375
-0.000569
-0.000562
-0.000401
-0.000207
-0.000072
0.000059
0.000264
0.000472
0.000568
0.000553
0.000456
0.000232
-0.000049
-0.000209
-0.000227
-0.000217
-0.000215
-0.000220
-0.000255
-0.000258
-0.000122
0.000102
0.000234
0.000203
0.000095
0.000017
0.000022
0.000093
0.000130
-0.000001
-0.000266
-0.000427
-0.000325
-0.000039
0.000227
0.000311
0.000245
0.000222
0.000280
0.000207
-0.000088
-0.000367
-0.000402
-0.000281
-0.000200
-0.000161
-0.000067
0.000106
0.000302
0.000411
0.000377
0.000278
0.000177
0.000089
0.000045
0.000033
-0.000000
-0.000039
-0.000028
-0.000003
-0.000031
-0.000073
-0.000117
-0.000249
-0.000431
-0.000462
-0.000273
-0.000070
-0.000082
-0.000252
-0.000355
-0.000234
0.000117
0.000469
0.000503
0.000253
0.000070
0.000124
0.000273
0.000359
0.000327
0.000211
0.000120
0.000070
-0.000047
-0.000224
-0.000300
-0.000269
-0.000300
-0.000375
-0.000301
-0.000066
0.000148
0.000222
0.000163
0.000050
-0.000034
-0.000062
-0.000010
0.000104
0.000147
0.000053
-0.000040
-0.000021
0.000041
0.000063
0.000077
0.000128
0.000180
0.000133
-0.000013
-0.000126
-0.000142
-0.000122
-0.000117
-0.000147
-0.000222
-0.000263
-0.000189
-0.000071
0.000005
0.000101
0.000265
0.000402
0.000439
0.000379
0.000209
-0.000098
-0.000444
-0.000591
-0.000424
-0.000090
0.000198
0.000335
0.000316
0.000215
0.000132
0.000054
-0.000135
-0.000405
-0.000572
-0.000534
-0.000333
-0.000046
0.000260
0.000528
0.000681
0.000608
0.000304
-0.000047
-0.000203
-0.000110
0.000044
0.000089
0.000071
0.000094
0.000109
-0.000018
-0.000290
-0.000540
-0.000659
-0.000679
-0.000626
-0.000415
0.000003
0.000466
0.000718
0.000644
0.000328
0.000046
0.000048
0.000216
0.000254
0.000190
0.000249
0.000373
0.000331
0.000087
-0.000217
-0.000413
-0.000403
-0.000317
-0.000363
-0.000448
-0.000378
-0.000252
-0.000246
-0.000272
-0.000162
0.000070
0.000304
0.000459
0.000459
0.000293
0.000151
0.000205
0.000368
0.000492
0.000486
0.000283
-0.000032
-0.000273
-0.000402
-0.000452
-0.000396
-0.000242
-0.000061
0.000064
0.000055
-0.000077
-0.000189
-0.000145
-0.000001
0.000069
0.000034
0.000005
0.000020
0.000027
-0.000013
-0.000054
-0.000015
0.000056
-0.000029
-0.000282
-0.000416
-0.000286
-0.000073
0.000114
0.000301
0.000372
0.000193
-0.000074
-0.000125
0.000076
0.000308
0.000412
0.000347
0.000107
-0.000175
-0.000214
0.000089
0.000447
0.000518
0.000284
-0.000048
-0.000322
-0.000448
-0.000357
-0.000158
-0.000121
-0.000300
-0.000448
-0.000389
-0.000213
-0.000120
-0.000161
-0.000155
0.000041
0.000292
0.000395
0.000379
0.000416
0.000511
0.000474
0.000234
0.000011
-0.000003
0.000045
-0.000001
-0.000034
-0.000023
-0.000097
-0.000234
-0.000342
-0.000479
-0.000682
-0.000768
-0.000537
-0.000135
0.000123
0.000245
0.000433
0.000606
0.000510
0.000200
0.000016
0.000048
0.000041
-0.000075
-0.000075
0.000071
0.000156
0.000152
0.000175
0.000175
0.000067
-0.000061
-0.000120
-0.000137
-0.000139
-0.000134
-0.000123
-0.000095
-0.000072
-0.000083
-0.000099
-0.000037
0.000084
0.000114
0.000068
0.000120
0.000234
0.000223
0.000068
-0.000094
-0.000160
-0.000146
-0.000104
-0.000073
-0.000169
-0.000427
-0.000592
-0.000446
-0.000147
0.000044
0.000147
0.000312
0.000476
0.000462
0.000316
0.000243
0.000298
0.000357
0.000285
0.000110
-0.000002
-0.000027
-0.000097
-0.000180
-0.000157
-0.000137
-0.000309
-0.000549
-0.000520
-0.000181
0.000167
0.000334
0.000358
0.000230
-0.000023
-0.000152
0.000007
0.000237
0.000240
0.000047
-0.000085
-0.000103
-0.000154
-0.000276
-0.000369
-0.000345
-0.000180
0.000034
0.000145
0.000088
-0.000083
-0.000209
-0.000118
0.000159
0.000392
0.000423
0.000328
0.000280
0.000306
0.000302
0.000237
0.000174
0.000137
0.000080
-0.000063
-0.000265
-0.000397
-0.000406
-0.000401
-0.000452
-0.000464
-0.000398
-0.000352
-0.000286
-0.000082
0.000150
0.000204
0.000117
0.000069
0.000122
0.000235
0.000314
0.000288
0.000263
0.000361
0.000439
0.000326
0.000154
0.000088
0.000033
-0.000106
-0.000244
-0.000308
-0.000305
-0.000242
-0.000114
0.000050
0.000153
0.000114
-0.000033
-0.000190
-0.000272
-0.000227
-0.000103
-0.000004
0.000051
0.000096
0.000122
0.000081
-0.000042
-0.000182
-0.000209
-0.000027
0.000258
0.000383
0.000227
-0.000075
-0.000284
-0.000222
0.000058
0.000266
0.000223
0.000078
0.000013
0.000022
0.000037
-0.000006
-0.000112
-0.000169
-0.000112
-0.000014
0.000035
0.000010
-0.000098
-0.000232
-0.000222
-0.000009
0.000220
0.000292
0.000240
0.000152
0.000057
-0.000021
-0.000093
-0.000204
-0.000258
-0.000073
0.000211
0.000227
-0.000024
-0.000213
-0.000199
-0.000115
-0.000096
-0.000145
-0.000165
-0.000070
0.000110
0.000245
0.000282
0.000272
0.000207
0.000057
-0.000051
-0.000015
0.000060
0.000078
0.000102
0.000150
0.000132
0.000058
0.000022
-0.000022
-0.000169
-0.000331
-0.000358
-0.000240
-0.000077
0.000017
-0.000003
-0.000077
-0.000116
-0.000102
-0.000110
-0.000190
-0.000233
-0.000105
0.000101
0.000223
0.000320
0.000422
0.000368
0.000166
0.000031
-0.000020
-0.000084
-0.000067
0.000091
0.000189
0.000121
0.000074
0.000135
0.000115
-0.000061
-0.000247
-0.000363
-0.000432
-0.000398
-0.000217
0.000004
0.000171
0.000279
0.000308
0.000284
0.000285
0.000276
0.000148
-0.000042
-0.000107
-0.000048
-0.000051
-0.000149
-0.000224
-0.000274
-0.000357
-0.000445
-0.000461
-0.000371
-0.000211
-0.000040
0.000101
0.000185
0.000289
0.000484
0.000627
0.000558
0.000379
0.000252
0.000163
0.000012
-0.000171
-0.000227
-0.000094
0.000065
0.000052
-0.000115
-0.000247
-0.000294
-0.000364
-0.000449
-0.000432
-0.000298
-0.000120
0.000069
0.000218
0.000247
0.000183
0.000117
0.000053
-0.000005
0.000048
0.000254
0.000471
0.000520
0.000363
0.000126
-0.000009
-0.000024
-0.000081
-0.000210
-0.000245
-0.000169
-0.000114
-0.000078
-0.000011
0.000015
-0.000033
-0.000077
-0.000081
-0.000115
-0.000197
-0.000241
-0.000201
-0.000126
-0.000046
0.000013
0.000003
-0.000052
-0.000055
0.000040
0.000144
0.000148
0.000102
0.000140
0.000213
0.000124
-0.000111
-0.000191
0.000046
0.000375
0.000501
0.000379
0.000140
-0.000077
-0.000180
-0.000157
-0.000055
0.000017
-0.000061
-0.000231
-0.000238
-0.000028
0.000078
-0.000115
-0.000340
-0.000290
-0.000084
-0.000012
-0.000081
-0.000077
0.000078
0.000243
0.000292
0.000236
0.000124
0.000016
-0.000038
-0.000100
-0.000232
-0.000282
-0.000081
0.000216
0.000290
0.000085
-0.000133
-0.000081
0.000161
0.000246
0.000102
-0.000005
0.000018
0.000015
-0.000014
0.000008
-0.000038
-0.000204
-0.000284
-0.000226
-0.000215
-0.000230
-0.000067
0.000218
0.000381
0.000346
0.000222
0.000154
0.000174
0.000138
-0.000015
-0.000100
-0.000026
0.000048
0.000005
-0.000080
-0.000121
-0.000174
-0.000309
-0.000438
-0.000424
-0.000253
0.000021
0.000291
0.000370
0.000208
0.000050
0.000124
0.000336
0.000437
0.000336
0.000153
-0.000005
-0.000166
-0.000326
-0.000366
-0.000281
-0.000266
-0.000391
-0.000449
-0.000305
-0.000101
0.000001
0.000071
0.000268
0.000489
0.000456
0.000188
0.000040
0.000170
0.000298
0.000162
-0.000074
-0.000095
0.000075
0.000171
0.000131
0.000085
0.000041
-0.000073
-0.000179
-0.000183
-0.000169
-0.000222
-0.000267
-0.000214
-0.000090
0.000008
0.000034
0.000014
-0.000004
0.000026
0.000069
0.000048
0.000003
0.000001
-0.000077
-0.000297
-0.000419
-0.000259
-0.000039
-0.000001
-0.000009
0.000149
0.000388
0.000533
0.000520
0.000351
0.000166
0.000138
0.000192
0.000145
0.000006
-0.000084
-0.000119
-0.000205
-0.000301
-0.000260
-0.000138
-0.000134
-0.000209
-0.000174
-0.000094
-0.000140
-0.000195
-0.000095
0.000062
0.000161
0.000218
0.000251
0.000244
0.000211
0.000156
0.000062
-0.000054
-0.000137
-0.000170
-0.000189
-0.000227
-0.000264
-0.000233
-0.000100
0.000088
0.000256
0.000345
0.000318
0.000192
0.000036
-0.000078
-0.000107
-0.000072
-0.000036
0.000030
0.000183
0.000294
0.000148
-0.000156
-0.000267
-0.000124
0.000022
0.000075
0.000100
0.000076
-0.000002
-0.000062
-0.000129
-0.000258
-0.000333
-0.000266
-0.000209
-0.000232
-0.000149
0.000050
0.000120
0.000022
-0.000035
0.000036
0.000110
0.000126
0.000172
0.000264
0.000280
0.000214
0.000241
0.000390
0.000481
0.000419
0.000211
-0.000084
-0.000292
-0.000323
-0.000312
-0.000397
-0.000479
-0.000350
-0.000049
0.000172
0.000154
-0.000061
-0.000288
-0.000372
-0.000313
-0.000142
0.000118
0.000364
0.000476
0.000426
0.000266
0.000062
-0.000104
-0.000130
0.000009
0.000161
0.000197
0.000166
0.000088
-0.000101
-0.000287
-0.000290
-0.000186
-0.000197
-0.000335
-0.000391
-0.000246
-0.000022
0.000125
0.000170
0.000158
0.000162
0.000213
0.000214
0.000101
-0.000032
-0.000110
-0.000125
-0.000076
-0.000060
-0.000108
-0.000024
0.000241
0.000408
0.000308
0.000084
-0.000070
-0.000055
0.000107
0.000241
0.000201
0.000074
0.000017
0.000021
-0.000030
-0.000188
-0.000327
-0.000309
-0.000190
-0.000141
-0.000208
-0.000273
-0.000237
-0.000132
-0.000040
0.000024
0.000081
0.000133
0.000237
0.000439
0.000580
0.000495
0.000284
0.000152
0.000085
-0.000095
-0.000378
-0.000570
-0.000571
-0.000401
-0.000160
-0.000045
-0.000100
-0.000140
-0.000107
-0.000096
-0.000064
0.000072
0.000212
0.000252
0.000249
0.000247
0.000178
0.000058
0.000035
0.000160
0.000343
0.000471
0.000455
0.000251
-0.000078
-0.000381
-0.000511
-0.000420
-0.000225
-0.000104
-0.000080
-0.000040
0.000029
0.000032
-0.000065
-0.000153
-0.000110
0.000018
0.000121
0.000206
0.000243
0.000089
-0.000201
-0.000311
-0.000183
-0.000097
-0.000119
-0.000036
0.000178
0.000304
0.000253
0.000166
0.000135
0.000110
0.000082
0.000035
-0.000094
-0.000230
-0.000222
-0.000133
-0.000112
-0.000135
-0.000125
-0.000125
-0.000161
-0.000160
-0.000091
0.000006
0.000166
0.000405
0.000531
0.000377
0.000105
0.000008
0.000111
0.000191
0.000116
-0.000040
-0.000159
-0.000157
-0.000061
-0.000046
-0.000184
-0.000320
-0.000264
-0.000043
0.000101
0.000021
-0.000136
-0.000162
-0.000057
0.000052
0.000085
0.000021
-0.000080
-0.000090
0.000021
0.000101
0.000039
-0.000025
0.000094
0.000292
