2560
0.000124
0.000289
0.000262
0.000167
0.000070
-0.000020
-0.000081
-0.000136
-0.000192
-0.000225
-0.000230
-0.000225
-0.000268
-0.000372
-0.000409
-0.000291
-0.000054
0.000225
0.000407
0.000395
0.000309
0.000279
0.000226
0.000059
-0.000149
-0.000275
-0.000224
-0.000029
0.000110
0.000079
0.000001
0.000000
0.000054
0.000096
0.000076
-0.000016
-0.000073
-0.000001
0.000086
0.000014
-0.000155
-0.000228
-0.000201
-0.000180
-0.000121
0.000038
0.000168
0.000163
0.000146
0.000243
0.000354
0.000306
0.000110
-0.000048
-0.000054
-0.000016
-0.000068
-0.000179
-0.000296
-0.000401
-0.000411
-0.000276
-0.000085
0.000071
0.000161
0.000167
0.000100
0.000016
-0.000042
-0.000080
-0.000118
-0.000130
-0.000042
0.000150
0.000305
0.000286
0.000135
-0.000016
-0.000113
-0.000152
-0.000114
-0.000015
0.000107
0.000223
0.000296
0.000300
0.000258
0.000185
0.000054
-0.000103
-0.000208
-0.000247
-0.000213
-0.000139
-0.000159
-0.000259
-0.000244
-0.000088
0.000085
0.000235
0.000310
0.000244
0.000097
-0.000027
-0.000062
-0.000047
-0.000107
-0.000218
-0.000207
-0.000088
0.000004
0.000102
0.000250
0.000304
0.000181
0.000004
-0.000108
-0.000140
-0.000160
-0.000229
-0.000257
-0.000121
0.000085
0.000111
-0.000073
-0.000170
-0.000025
0.000151
0.000168
0.000127
0.000149
0.000125
-0.000079
-0.000303
-0.000238
0.000106
0.000381
0.000427
0.000411
0.000398
0.000253
-0.000000
-0.000135
-0.000086
-0.000043
-0.000116
-0.000224
-0.000299
-0.000328
-0.000302
-0.000259
-0.000269
-0.000340
-0.000369
-0.000256
-0.000062
0.000065
0.000114
0.000167
0.000234
0.000249
0.000162
0.000032
0.000021
0.000170
0.000286
0.000207
0.000051
-0.000001
0.000024
0.000039
0.000066
0.000105
0.000104
0.000090
0.000100
0.000079
-0.000008
-0.000123
-0.000238
-0.000288
-0.000173
0.000058
0.000192
0.000146
0.000012
-0.000140
-0.000284
-0.000363
-0.000328
-0.000169
0.000079
0.000278
0.000290
0.000207
0.000176
0.000137
0.000015
-0.000076
-0.000047
0.000025
0.000060
0.000048
-0.000009
-0.000075
-0.000099
-0.000090
-0.000098
-0.000100
-0.000026
0.000098
0.000160
0.000157
0.000171
0.000211
0.000221
0.000137
-0.000082
-0.000352
-0.000479
-0.000383
-0.000188
-0.000007
0.000120
0.000139
0.000067
0.000039
0.000107
0.000203
0.000268
0.000274
0.000220
0.000117
-0.000012
-0.000156
-0.000311
-0.000415
-0.000368
-0.000179
0.000008
0.000078
0.000048
-0.000011
-0.000041
-0.000019
-0.000018
-0.000095
-0.000104
0.000087
0.000259
0.000120
-0.000175
-0.000201
0.000069
0.000229
0.000160
0.000160
0.000340
0.000459
0.000354
0.000150
0.000003
-0.000113
-0.000255
-0.000358
-0.000355
-0.000275
-0.000184
-0.000137
-0.000121
-0.000070
0.000029
0.000113
0.000142
0.000150
0.000161
0.000159
0.000131
0.000062
-0.000063
-0.000187
-0.000221
-0.000132
0.000016
0.000111
0.000092
0.000013
-0.000040
-0.000054
-0.000032
0.000012
0.000015
-0.000041
-0.000098
-0.000128
-0.000174
-0.000237
-0.000266
-0.000245
-0.000170
-0.000027
0.000138
0.000239
0.000289
0.000348
0.000369
0.000313
0.000258
0.000199
0.000024
-0.000218
-0.000296
-0.000116
0.000129
0.000218
0.000141
0.000028
-0.000030
-0.000029
-0.000004
-0.000002
-0.000025
-0.000024
-0.000009
-0.000017
-0.000026
-0.000000
0.000015
-0.000030
-0.000077
-0.000020
0.000109
0.000119
-0.000041
-0.000186
-0.000206
-0.000162
-0.000089
-0.000010
0.000018
0.000027
0.000091
0.000135
0.000027
-0.000191
-0.000333
-0.000296
-0.000152
-0.000044
-0.000022
-0.000038
-0.000073
-0.000106
-0.000063
0.000056
0.000157
0.000193
0.000219
0.000289
0.000337
0.000271
0.000157
0.000112
0.000098
0.000013
-0.000099
-0.000136
-0.000114
-0.000069
0.000007
0.000031
-0.000054
-0.000113
-0.000065
-0.000027
-0.000072
-0.000121
-0.000100
-0.000001
0.000106
0.000087
-0.000031
-0.000022
0.000141
0.000211
0.000111
-0.000003
-0.000080
-0.000166
-0.000210
-0.000134
-0.000013
-0.000004
-0.000073
-0.000033
0.000081
0.000032
-0.000168
-0.000217
-0.000040
0.000082
0.000002
-0.000113
-0.000105
-0.000006
0.000055
0.000032
-0.000003
-0.000012
-0.000007
0.000035
0.000100
0.000139
0.000164
0.000188
0.000172
0.000120
0.000102
0.000142
0.000167
0.000139
0.000078
-0.000023
-0.000150
-0.000195
-0.000107
0.000008
0.000041
-0.000010
-0.000087
-0.000122
-0.000097
-0.000060
-0.000057
-0.000065
-0.000063
-0.000094
-0.000165
-0.000186
-0.000113
-0.000011
0.000026
-0.000032
-0.000095
-0.000044
0.000081
0.000130
0.000094
0.000117
0.000228
0.000246
0.000108
0.000071
0.000240
0.000298
0.000123
0.000027
0.000122
0.000143
0.000012
-0.000037
0.000024
-0.000075
-0.000367
-0.000542
-0.000443
-0.000243
-0.000130
-0.000074
0.000031
0.000131
0.000079
-0.000096
-0.000189
-0.000143
-0.000112
-0.000150
-0.000137
-0.000078
-0.000129
-0.000226
-0.000124
0.000119
0.000246
0.000243
0.000263
0.000323
0.000324
0.000240
0.000170
0.000191
0.000218
0.000115
-0.000080
-0.000219
-0.000247
-0.000193
-0.000108
-0.000072
-0.000128
-0.000216
-0.000251
-0.000251
-0.000275
-0.000278
-0.000192
-0.000100
-0.000115
-0.000185
-0.000229
-0.000293
-0.000418
-0.000516
-0.000548
-0.000584
-0.000691
-0.000881
-0.001092
-0.001234
-0.001322
-0.001386
-0.001221
-0.000226
0.002568
0.011813
0.041399
0.080422
0.062820
-0.027426
-0.089575
-0.067815
-0.032061
-0.032189
-0.033338
0.013088
0.165164
0.353668
0.262762
-0.153024
-0.438023
-0.360103
-0.185008
-0.130522
-0.114887
-0.038268
0.063820
0.137419
0.163854
0.150041
0.127267
0.122330
0.123705
0.103810
0.064051
0.035126
0.034150
0.031286
-0.002049
-0.042118
-0.059481
-0.060912
-0.060332
-0.059722
-0.060670
-0.067864
-0.075788
-0.066429
-0.039365
-0.023054
-0.027912
-0.026281
-0.006475
0.008929
0.011227
0.015196
0.025651
0.036795
0.046217
0.049049
0.043989
0.040483
0.041524
0.039752
0.030324
0.013779
-0.001574
-0.005900
-0.005635
-0.015734
-0.031326
-0.035113
-0.029453
-0.027787
-0.028540
-0.023347
-0.013281
-0.006339
-0.004286
0.001210
0.009899
0.010413
0.005486
0.007522
0.013114
0.012345
0.007356
0.002988
-0.000378
-0.002669
-0.005656
-0.006550
0.000947
0.010187
0.008892
-0.002337
-0.010853
-0.004581
0.010978
0.014683
0.001849
-0.005927
0.001873
0.009042
0.004214
-0.004921
-0.006788
-0.000845
0.001113
-0.003387
-0.003824
-0.000962
-0.002533
-0.005328
-0.004096
-0.003765
-0.007367
-0.004742
0.004816
0.004684
-0.004016
-0.001421
0.011515
0.013691
0.001675
-0.006348
-0.004179
-0.000000
0.005417
0.007779
-0.000018
-0.005018
0.002549
0.006561
-0.003368
-0.013304
-0.009662
-0.000385
-0.000362
-0.003234
0.005896
0.015623
0.005356
-0.012265
-0.009027
0.009353
0.013736
0.000302
-0.010049
-0.008018
-0.002267
0.000387
0.002367
0.002192
-0.006535
-0.013764
-0.002112
0.015764
0.011638
-0.006322
-0.007699
0.005139
0.010370
0.005367
-0.001974
-0.003649
0.003592
0.005673
-0.005598
-0.009388
0.005683
0.015046
0.001461
-0.012705
-0.004997
0.003764
-0.008981
-0.017946
-0.004463
0.003434
-0.005308
-0.006124
0.006204
0.014671
0.010970
0.002185
0.002518
0.009977
0.007917
-0.002153
-0.007022
-0.006875
-0.004474
0.002404
0.006978
0.000174
-0.009586
-0.007105
0.003322
0.005277
-0.000721
-0.003440
-0.003978
-0.004837
-0.001169
0.004316
0.003562
-0.002288
-0.005545
-0.002896
0.004076
0.009969
0.006758
-0.001949
-0.003454
0.000687
0.001736
0.002014
0.003333
-0.000554
-0.007878
-0.006011
0.003617
0.004145
-0.004696
-0.008438
-0.003715
0.002399
0.003635
0.000950
0.000199
0.002212
0.003544
0.002701
0.001078
0.001182
0.002053
0.001583
0.001251
0.000718
-0.001789
-0.003779
-0.002872
-0.001088
-0.001156
-0.001864
-0.000932
-0.000111
-0.000718
-0.000825
-0.000613
-0.000805
0.000897
0.004145
0.004209
0.000608
-0.000376
0.003064
0.003827
-0.000638
-0.003603
-0.002769
-0.002475
-0.003514
-0.003797
-0.001954
0.001669
0.002943
0.000840
0.000900
0.003930
0.003659
-0.000943
-0.002654
0.001196
0.003269
-0.000593
-0.004535
-0.003564
-0.000274
0.000737
-0.000702
-0.000797
0.001100
0.001093
-0.000854
-0.000522
0.001820
0.001792
-0.000565
-0.000623
0.001997
0.002447
-0.000459
-0.002702
-0.002324
-0.000803
0.000313
0.000195
-0.000131
0.000952
0.001971
0.001223
0.000401
0.000383
-0.000351
-0.001008
-0.000255
-0.000337
-0.001812
-0.001280
0.001049
0.001203
-0.000508
-0.000693
0.000118
-0.000149
-0.000330
0.000483
0.000829
0.000440
0.000438
0.000536
-0.000177
-0.000570
0.000642
0.001391
-0.000235
-0.001632
-0.000774
-0.000131
-0.001018
-0.001152
0.000476
0.001801
0.001334
0.000318
-0.000257
-0.000919
-0.001187
-0.000635
-0.000516
-0.000915
-0.000241
0.001122
0.001888
0.002435
0.001920
-0.000404
-0.001642
-0.000649
-0.000301
-0.001145
-0.001554
-0.001527
-0.000721
0.001078
0.001845
0.000925
0.000279
0.000716
0.001230
0.001172
0.000658
-0.000216
-0.001175
-0.001439
-0.001017
-0.000950
-0.001300
-0.001334
-0.000899
0.000052
0.001344
0.001925
0.000792
-0.000757
-0.000171
0.001473
0.000942
-0.000654
-0.000331
0.000865
0.000699
-0.000279
-0.000665
-0.000485
-0.000494
-0.000751
-0.000480
0.000457
0.000691
-0.000317
-0.000929
-0.000118
0.000969
0.000943
-0.000081
-0.000818
-0.000512
0.000331
0.000739
0.000306
-0.000100
0.000252
0.000600
0.000168
-0.000920
-0.001645
-0.000756
0.000706
0.000656
-0.000265
-0.000427
0.000077
0.000596
0.000781
0.000520
0.000007
-0.000413
-0.000478
-0.000276
-0.000049
0.000107
0.000220
0.000200
-0.000069
-0.000137
0.000306
0.000649
0.000399
-0.000255
-0.000584
0.000012
0.000719
0.000351
-0.000500
-0.000461
0.000292
0.000379
-0.000502
-0.001073
-0.000626
-0.000195
-0.000276
0.000235
0.001211
0.001090
-0.000045
-0.000775
-0.000704
-0.000292
0.000113
0.000218
-0.000166
-0.000584
-0.000168
0.000721
0.000644
-0.000270
-0.000514
0.000018
0.000250
0.000262
0.000565
0.000579
0.000194
0.000296
0.000787
0.000526
-0.000665
-0.001507
-0.001148
-0.000406
-0.000315
-0.000493
-0.000014
0.000816
0.000883
0.000118
-0.000457
-0.000357
-0.000104
-0.000033
0.000208
0.000671
0.000809
0.000370
-0.000228
-0.000501
-0.000493
-0.000473
-0.000332
0.000130
0.000592
0.000613
0.000324
0.000140
0.000088
-0.000004
-0.000024
0.000019
-0.000188
-0.000421
-0.000148
0.000258
0.000094
-0.000359
-0.000396
-0.000059
0.000058
-0.000186
-0.000308
-0.000075
0.000145
-0.000000
-0.000289
-0.000140
0.000434
0.000707
0.000468
0.000177
-0.000033
-0.000294
-0.000440
-0.000371
-0.000326
-0.000325
-0.000105
0.000196
0.000192
-0.000061
-0.000186
0.000016
0.000415
0.000713
0.000693
0.000336
-0.000112
-0.000306
-0.000262
-0.000238
-0.000237
-0.000144
-0.000020
0.000071
0.000191
0.000359
0.000432
0.000273
-0.000013
-0.000161
-0.000122
-0.000118
-0.000261
-0.000420
-0.000440
-0.000291
-0.000089
0.000031
0.000068
0.000067
0.000017
-0.000069
-0.000148
-0.000163
-0.000027
0.000199
0.000314
0.000340
0.000400
0.000340
0.000090
-0.000039
0.000133
0.000297
0.000157
-0.000113
-0.000214
-0.000201
-0.000251
-0.000288
-0.000186
-0.000068
-0.000079
-0.000141
-0.000141
-0.000120
-0.000122
-0.000060
0.000130
0.000299
0.000291
0.000172
0.000087
0.000066
-0.000005
-0.000176
-0.000295
-0.000249
-0.000165
-0.000183
-0.000235
-0.000130
0.000134
0.000336
0.000404
0.000420
0.000335
0.000123
-0.000066
-0.000133
-0.000179
-0.000305
-0.000369
-0.000201
0.000051
0.000142
0.000100
0.000104
0.000203
0.000287
0.000277
0.000198
0.000092
-0.000034
-0.000230
-0.000536
-0.000838
-0.000910
-0.000703
-0.000422
-0.000173
0.000237
0.000846
0.001291
0.001359
0.001253
0.001072
0.000658
0.000061
-0.000434
-0.000700
-0.000849
-0.001020
-0.001152
-0.001048
-0.000724
-0.000375
-0.000067
0.000243
0.000517
0.000688
0.000786
0.000862
0.000822
0.000539
0.000126
-0.000157
-0.000249
-0.000287
-0.000379
-0.000509
-0.000570
-0.000482
-0.000290
-0.000101
0.000013
0.000080
0.000154
0.000227
0.000287
0.000341
0.000325
0.000220
0.000124
0.000080
0.000021
-0.000104
-0.000214
-0.000174
-0.000034
0.000014
-0.000078
-0.000165
-0.000142
-0.000057
0.000011
0.000028
0.000019
0.000055
0.000113
0.000083
-0.000022
-0.000097
-0.000144
-0.000183
-0.000155
-0.000073
-0.000032
-0.000027
0.000047
0.000152
0.000136
0.000067
0.000147
0.000307
0.000272
0.000004
-0.000222
-0.000209
-0.000106
-0.000115
-0.000156
-0.000119
-0.000112
-0.000166
-0.000107
0.000082
0.000202
0.000218
0.000278
0.000372
0.000313
0.000070
-0.000133
-0.000131
-0.000012
0.000070
0.000051
-0.000044
-0.000172
-0.000296
-0.000345
-0.000319
-0.000317
-0.000324
-0.000223
-0.000029
0.000133
0.000212
0.000225
0.000211
0.000225
0.000241
0.000217
0.000211
0.000248
0.000284
0.000310
0.000302
0.000199
0.000028
-0.000122
-0.000188
-0.000177
-0.000174
-0.000236
-0.000337
-0.000403
-0.000341
-0.000145
0.000056
0.000132
0.000097
0.000031
-0.000013
0.000044
0.000173
0.000155
-0.000050
-0.000158
-0.000046
0.000071
0.000020
-0.000147
-0.000260
-0.000181
0.000019
0.000144
0.000146
0.000104
0.000040
-0.000056
-0.000129
-0.000119
-0.000082
-0.000080
-0.000053
-0.000007
-0.000056
-0.000107
0.000087
0.000414
0.000475
0.000243
0.000107
0.000208
0.000242
0.000032
-0.000204
-0.000261
-0.000207
-0.000134
-0.000030
0.000051
0.000022
-0.000015
0.000057
0.000117
0.000060
0.000029
0.000122
0.000176
0.000047
-0.000165
-0.000335
-0.000447
-0.000460
-0.000321
-0.000095
0.000093
0.000192
0.000187
0.000060
-0.000089
-0.000085
0.000048
0.000096
0.000026
0.000043
0.000177
0.000242
0.000168
0.000034
-0.000104
-0.000192
-0.000199
-0.000184
-0.000183
-0.000108
0.000077
0.000245
0.000273
0.000217
0.000199
0.000196
0.000187
0.000222
0.000206
0.000035
-0.000139
-0.000175
-0.000165
-0.000230
-0.000324
-0.000321
-0.000243
-0.000176
-0.000084
0.000033
0.000061
0.000014
0.000074
0.000310
0.000511
0.000481
0.000346
0.000241
0.000050
-0.000162
-0.000181
-0.000158
-0.000370
-0.000700
-0.000747
-0.000333
0.000185
0.000356
0.000239
0.000180
0.000195
0.000042
-0.000174
-0.000125
0.000036
-0.000056
-0.000200
0.000026
0.000448
0.000520
0.000211
0.000038
0.000189
0.000273
0.000056
-0.000215
-0.000279
-0.000182
-0.000027
0.000078
-0.000066
-0.000319
-0.000298
-0.000123
-0.000133
-0.000243
-0.000344
-0.000449
-0.000313
0.000154
0.000552
0.000615
0.000479
0.000315
0.000168
-0.000020
-0.000173
-0.000103
0.000025
-0.000003
0.000004
-0.000008
-0.000292
-0.000505
-0.000334
-0.000124
0.000025
0.000317
0.000531
0.000531
0.000456
0.000188
-0.000242
-0.000449
-0.000342
-0.000129
0.000025
-0.000013
-0.000173
-0.000140
0.000124
0.000235
-0.000060
-0.000561
-0.000766
-0.000267
0.000534
0.000837
0.000752
0.000620
0.000281
-0.000033
-0.000212
-0.000650
-0.000828
-0.000063
0.000767
0.000757
0.000361
0.000009
-0.000269
-0.000147
0.000308
0.000405
-0.000074
-0.000664
-0.000984
-0.001086
-0.000993
-0.000353
0.000720
0.001225
0.000636
-0.000224
-0.000292
0.000185
0.000125
-0.000466
-0.000702
-0.000468
-0.000094
0.000518
0.001152
0.001100
0.000423
0.000021
0.000192
0.000349
0.000226
-0.000059
-0.000586
-0.000921
-0.000677
-0.000672
-0.001053
-0.000657
0.000479
0.000994
0.000526
0.000201
0.000679
0.001049
0.000660
0.000150
-0.000187
-0.000591
-0.000700
-0.000392
-0.000362
-0.000601
-0.000353
-0.000098
-0.000640
-0.000918
-0.000200
0.000409
0.000621
0.001114
0.001531
0.000870
-0.000864
-0.001864
-0.000806
0.000545
0.000293
-0.000419
-0.000221
0.000255
0.000444
0.000669
0.000948
0.000982
0.000589
0.000139
0.000546
0.001409
0.000942
-0.000730
-0.001503
-0.001200
-0.001373
-0.001743
-0.000971
0.000492
0.001172
0.000615
-0.000460
-0.000944
-0.000634
-0.000459
-0.000480
0.000025
0.000465
0.000101
-0.000266
-0.000038
0.000262
0.000476
0.000680
0.000406
-0.000173
0.000052
0.001045
0.001437
0.001035
0.000724
0.000300
-0.000697
-0.001492
-0.001226
-0.000324
0.000270
0.000440
0.000449
0.000225
-0.000127
-0.000295
-0.000213
-0.000031
0.000109
0.000181
0.000134
-0.000027
0.000024
0.000332
0.000171
-0.000675
-0.001155
-0.000791
-0.000460
-0.000531
-0.000438
-0.000110
0.000087
0.000216
0.000429
0.000546
0.000475
0.000391
0.000399
0.000341
0.000095
-0.000133
-0.000089
0.000179
0.000437
0.000463
0.000229
-0.000025
-0.000122
-0.000187
-0.000342
-0.000468
-0.000461
-0.000425
-0.000439
-0.000395
-0.000226
-0.000063
-0.000004
0.000010
0.000078
0.000262
0.000469
0.000505
0.000389
0.000349
0.000444
0.000471
0.000290
0.000029
-0.000116
-0.000129
-0.000141
-0.000209
-0.000251
-0.000246
-0.000274
-0.000328
-0.000288
-0.000139
-0.000042
-0.000066
-0.000028
0.000162
0.000295
0.000195
-0.000007
-0.000115
-0.000131
-0.000135
-0.000147
-0.000168
-0.000184
-0.000120
0.000035
0.000149
0.000167
0.000208
0.000331
0.000389
0.000239
0.000011
-0.000079
-0.000060
-0.000046
-0.000003
0.000095
0.000162
0.000099
-0.000109
-0.000313
-0.000310
-0.000135
-0.000007
0.000039
0.000121
0.000209
0.000150
-0.000061
-0.000235
-0.000229
-0.000141
-0.000140
-0.000175
-0.000087
0.000102
0.000228
0.000207
0.000102
0.000026
0.000012
0.000050
0.000129
0.000152
0.000027
-0.000134
-0.000183
-0.000155
-0.000141
-0.000093
0.000051
0.000180
0.000193
0.000183
0.000212
0.000188
0.000082
0.000007
0.000057
0.000172
0.000189
0.000053
-0.000096
-0.000139
-0.000128
-0.000148
-0.000204
-0.000251
-0.000243
-0.000162
-0.000062
-0.000025
-0.000047
-0.000103
-0.000226
-0.000350
-0.000311
-0.000105
0.000076
0.000155
0.000226
0.000241
0.000090
-0.000089
-0.000140
-0.000118
-0.000069
0.000039
0.000157
0.000246
0.000352
0.000411
0.000308
0.000143
0.000093
0.000090
-0.000026
-0.000198
-0.000231
-0.000071
0.000094
0.000071
-0.000043
-0.000049
-0.000027
-0.000147
-0.000283
-0.000220
-0.000033
0.000069
0.000061
0.000071
0.000170
0.000288
0.000303
0.000207
0.000115
0.000075
-0.000025
-0.000247
-0.000418
-0.000366
-0.000190
-0.000077
-0.000061
-0.000062
-0.000033
-0.000026
-0.000120
-0.000212
-0.000143
-0.000006
0.000021
0.000008
0.000109
0.000266
0.000324
0.000289
0.000261
0.000218
0.000083
-0.000052
-0.000021
0.000105
0.000095
-0.000038
-0.000073
0.000009
0.000020
-0.000081
-0.000128
-0.000091
-0.000113
-0.000196
-0.000224
-0.000200
-0.000143
0.000002
0.000172
0.000227
0.000182
0.000105
-0.000004
-0.000080
-0.000030
0.000086
0.000134
0.000079
-0.000014
-0.000104
-0.000196
-0.000262
-0.000219
-0.000053
0.000083
0.000073
0.000025
0.000089
0.000228
0.000250
0.000080
-0.000102
-0.000118
-0.000029
0.000019
0.000003
0.000033
0.000150
0.000186
0.000033
-0.000126
-0.000099
0.000005
-0.000016
-0.000156
-0.000251
-0.000200
-0.000074
0.000022
0.000088
0.000144
0.000146
0.000112
0.000109
0.000109
0.000076
0.000074
0.000124
0.000158
0.000137
0.000026
-0.000218
-0.000522
-0.000682
-0.000586
-0.000389
-0.000286
-0.000202
0.000016
0.000314
0.000508
0.000517
0.000428
0.000341
0.000239
0.000161
0.000171
0.000161
0.000040
-0.000068
-0.000081
-0.000092
-0.000160
-0.000230
-0.000244
-0.000175
-0.000027
0.000135
0.000216
0.000175
0.000073
0.000010
0.000003
0.000006
-0.000017
-0.000052
-0.000041
0.000030
0.000070
0.000002
-0.000111
-0.000187
-0.000232
-0.000213
-0.000069
0.000093
0.000084
-0.000070
-0.000137
0.000002
0.000190
0.000215
0.000090
0.000003
0.000056
0.000165
0.000197
0.000119
-0.000022
-0.000168
-0.000259
-0.000278
-0.000200
0.000011
0.000233
0.000245
0.000061
-0.000096
-0.000122
-0.000108
-0.000140
-0.000189
-0.000214
-0.000200
-0.000098
0.000095
0.000218
0.000186
0.000140
0.000150
0.000107
0.000034
0.000072
0.000131
0.000030
-0.000127
-0.000155
-0.000091
-0.000042
-0.000032
-0.000045
-0.000029
0.000056
0.000134
0.000105
0.000039
0.000074
0.000148
0.000104
-0.000029
-0.000097
-0.000052
0.000025
0.000068
0.000076
0.000031
-0.000100
-0.000235
-0.000233
-0.000105
-0.000024
-0.000076
-0.000155
-0.000132
0.000001
0.000136
0.000172
0.000169
0.000218
0.000241
0.000157
0.000045
-0.000021
-0.000058
-0.000106
-0.000152
-0.000150
-0.000090
-0.000016
-0.000014
-0.000094
-0.000100
0.000038
0.000136
0.000075
0.000011
0.000061
0.000084
-0.000012
-0.000083
-0.000027
0.000042
0.000022
-0.000054
-0.000099
-0.000072
-0.000006
0.000012
-0.000052
-0.000102
-0.000008
0.000177
0.000250
0.000177
0.000156
0.000192
0.000075
-0.000166
-0.000344
-0.000408
-0.000324
-0.000096
0.000093
0.000152
0.000212
0.000318
0.000339
0.000226
0.000101
0.000053
-0.000002
-0.000132
-0.000218
-0.000148
-0.000001
0.000070
0.000007
-0.000127
-0.000218
-0.000254
-0.000281
-0.000252
-0.000176
-0.000157
-0.000133
0.000037
0.000219
0.000214
0.000118
0.000103
0.000133
0.000090
-0.000013
-0.000058
-0.000012
-0.000002
-0.000093
-0.000143
-0.000063
0.000030
0.000054
0.000080
0.000187
0.000318
0.000342
0.000233
0.000127
0.000119
0.000131
0.000078
0.000015
-0.000036
-0.000159
-0.000326
-0.000363
-0.000232
-0.000060
0.000073
0.000126
0.000054
-0.000034
-0.000002
0.000080
0.000102
0.000088
0.000081
0.000043
-0.000125
-0.000403
-0.000557
-0.000429
-0.000190
-0.000069
0.000014
0.000236
0.000462
0.000433
0.000187
-0.000017
-0.000036
0.000053
0.000080
0.000002
-0.000050
-0.000021
-0.000059
-0.000239
-0.000353
-0.000194
0.000123
0.000295
0.000249
0.000200
0.000253
0.000274
0.000201
0.000129
0.000098
0.000063
0.000008
-0.000068
-0.000159
-0.000204
-0.000182
-0.000166
-0.000176
-0.000140
-0.000044
0.000023
0.000013
-0.000027
-0.000026
0.000013
-0.000008
-0.000132
-0.000240
-0.000204
-0.000063
0.000020
-0.000016
-0.000036
0.000025
0.000038
-0.000030
-0.000034
0.000059
0.000128
0.000137
0.000151
0.000157
0.000077
-0.000055
-0.000091
-0.000005
0.000039
-0.000022
-0.000008
0.000177
0.000320
0.000268
0.000213
0.000263
0.000173
-0.000133
-0.000349
-0.000288
-0.000111
-0.000002
0.000029
0.000039
0.000043
0.000023
-0.000027
-0.000092
-0.000147
-0.000151
-0.000093
-0.000030
-0.000043
-0.000152
-0.000282
-0.000342
-0.000332
-0.000274
-0.000155
-0.000040
0.000003
0.000069
0.000191
0.000216
0.000115
0.000059
0.000120
0.000229
0.000326
0.000370
0.000347
0.000318
0.000317
0.000240
0.000041
-0.000066
0.000088
0.000319
0.000359
0.000196
-0.000012
-0.000181
-0.000355
-0.000559
-0.000695
-0.000639
-0.000408
-0.000178
-0.000063
0.000000
0.000087
0.000150
0.000128
0.000047
-0.000014
0.000009
0.000083
0.000099
0.000039
-0.000015
-0.000023
-0.000009
0.000037
0.000124
0.000171
0.000112
0.000013
-0.000052
-0.000088
-0.000104
-0.000106
-0.000097
-0.000041
0.000066
0.000146
0.000156
0.000168
0.000212
0.000219
0.000131
-0.000030
-0.000172
-0.000221
-0.000224
-0.000254
-0.000242
-0.000124
0.000018
0.000115
0.000152
0.000095
0.000016
0.000030
0.000047
-0.000069
-0.000200
-0.000180
-0.000043
0.000089
0.000115
0.000007
-0.000086
-0.000024
0.000093
0.000129
0.000113
0.000075
-0.000014
-0.000083
-0.000026
0.000109
0.000202
0.000196
0.000086
-0.000043
-0.000060
0.000011
0.000021
-0.000046
-0.000099
-0.000102
-0.000055
0.000016
0.000004
-0.000129
-0.000254
-0.000235
-0.000127
-0.000103
-0.000130
0.000008
0.000249
0.000294
0.000138
0.000042
0.000090
0.000143
0.000125
0.000091
0.000066
0.000037
0.000020
0.000044
0.000092
0.000055
-0.000115
-0.000234
-0.000198
-0.000177
-0.000231
-0.000228
-0.000176
-0.000133
-0.000028
0.000109
0.000156
0.000179
0.000283
0.000410
0.000457
0.000328
-0.000016
-0.000378
-0.000458
-0.000208
0.000096
0.000151
-0.000034
-0.000170
-0.000088
0.000031
-0.000028
-0.000134
-0.000046
0.000125
0.000103
-0.000076
-0.000151
-0.000050
0.000086
0.000154
0.000165
0.000166
0.000185
0.000204
0.000162
0.000042
-0.000075
-0.000145
-0.000235
-0.000343
-0.000341
-0.000196
-0.000037
0.000031
0.000023
-0.000017
-0.000055
-0.000085
-0.000116
-0.000110
-0.000043
0.000009
0.000000
0.000028
0.000144
0.000195
0.000095
0.000004
0.000038
0.000083
0.000057
0.000074
0.000180
0.000180
-0.000022
-0.000201
-0.000170
-0.000044
0.000009
-0.000013
-0.000038
0.000004
0.000150
0.000329
0.000408
0.000345
0.000179
-0.000016
-0.000143
-0.000149
-0.000089
-0.000058
-0.000099
-0.000203
-0.000327
-0.000362
-0.000246
-0.000060
0.000080
0.000156
0.000209
0.000242
0.000231
0.000177
0.000085
-0.000056
-0.000229
-0.000347
-0.000327
-0.000199
-0.000069
-0.000020
-0.000060
-0.000116
-0.000088
0.000013
0.000060
0.000044
0.000112
0.000269
0.000349
0.000282
0.000161
0.000082
0.000059
0.000033
-0.000023
-0.000035
0.000078
0.000234
0.000245
0.000092
-0.000066
-0.000147
-0.000193
-0.000221
-0.000201
-0.000128
-0.000061
-0.000066
-0.000126
-0.000165
-0.000166
-0.000158
-0.000144
-0.000058
0.000132
0.000295
0.000297
0.000175
-0.000021
-0.000258
-0.000395
-0.000318
-0.000105
0.000081
0.000156
0.000161
0.000191
0.000269
0.000310
0.000258
0.000140
0.000003
-0.000054
0.000011
0.000037
-0.000067
-0.000152
-0.000082
0.000072
0.000117
0.000006
-0.000053
0.000034
0.000073
-0.000021
-0.000095
-0.000091
-0.000128
-0.000195
-0.000159
-0.000065
-0.000048
-0.000078
-0.000077
-0.000082
-0.000104
-0.000034
0.000121
0.000143
-0.000037
-0.000184
-0.000143
-0.000058
-0.000076
-0.000108
0.000019
0.000305
0.000525
0.000488
0.000279
0.000099
0.000004
-0.000057
-0.000090
-0.000086
-0.000090
-0.000149
-0.000219
-0.000208
-0.000096
0.000039
0.000078
0.000036
0.000090
0.000248
0.000249
0.000035
-0.000113
-0.000053
0.000033
-0.000000
-0.000057
-0.000019
0.000069
0.000081
-0.000015
-0.000110
-0.000096
-0.000030
-0.000047
