3200
-0.000143
-0.000012
0.000022
0.000070
0.000168
0.000256
0.000250
0.000144
0.000098
0.000210
0.000308
0.000225
0.000069
-0.000010
-0.000090
-0.000289
-0.000483
-0.000488
-0.000347
-0.000235
-0.000153
-0.000000
0.000161
0.000216
0.000229
0.000289
0.000301
0.000169
0.000022
0.000030
0.000141
0.000194
0.000138
0.000051
0.000029
0.000052
0.000004
-0.000091
-0.000099
-0.000081
-0.000188
-0.000316
-0.000275
-0.000157
-0.000156
-0.000215
-0.000157
-0.000018
0.000041
0.000051
0.000155
0.000293
0.000332
0.000312
0.000263
0.000124
-0.000009
0.000009
0.000055
-0.000043
-0.000170
-0.000175
-0.000128
-0.000118
-0.000109
-0.000084
-0.000051
-0.000002
0.000024
-0.000003
-0.000033
-0.000050
-0.000071
-0.000049
0.000075
0.000248
0.000317
0.000198
-0.000002
-0.000120
-0.000140
-0.000145
-0.000159
-0.000138
-0.000069
0.000005
0.000027
0.000012
0.000011
0.000017
-0.000034
-0.000149
-0.000212
-0.000123
0.000040
0.000108
0.000019
-0.000106
-0.000068
0.000139
0.000292
0.000285
0.000265
0.000292
0.000234
0.000117
0.000094
0.000104
0.000044
0.000015
0.000028
-0.000037
-0.000144
-0.000229
-0.000325
-0.000371
-0.000265
-0.000063
0.000088
0.000121
0.000103
0.000109
0.000098
0.000024
-0.000055
-0.000089
-0.000097
-0.000111
-0.000135
-0.000152
-0.000140
-0.000079
0.000026
0.000159
0.000270
0.000265
0.000128
-0.000023
-0.000079
-0.000027
0.000077
0.000118
0.000023
-0.000099
-0.000123
-0.000129
-0.000201
-0.000217
-0.000082
0.000064
0.000067
-0.000039
-0.000135
-0.000163
-0.000122
-0.000039
0.000048
0.000104
0.000110
0.000081
0.000092
0.000198
0.000309
0.000294
0.000208
0.000174
0.000173
0.000174
0.000210
0.000221
0.000119
-0.000041
-0.000193
-0.000342
-0.000448
-0.000414
-0.000245
-0.000102
-0.000096
-0.000136
-0.000088
0.000030
0.000062
-0.000086
-0.000293
-0.000312
-0.000067
0.000209
0.000223
0.000046
-0.000009
0.000098
0.000126
0.000046
0.000068
0.000224
0.000325
0.000267
0.000128
-0.000000
-0.000072
-0.000079
-0.000105
-0.000202
-0.000208
0.000020
0.000314
0.000368
0.000108
-0.000188
-0.000240
-0.000146
-0.000143
-0.000170
-0.000072
0.000031
-0.000028
-0.000170
-0.000237
-0.000163
0.000061
0.000309
0.000369
0.000240
0.000109
0.000078
0.000065
-0.000028
-0.000108
-0.000040
0.000071
0.000038
-0.000093
-0.000160
-0.000145
-0.000117
-0.000089
-0.000062
-0.000058
-0.000042
0.000060
0.000198
0.000200
0.000034
-0.000091
-0.000030
0.000086
0.000098
0.000094
0.000166
0.000176
0.000042
-0.000054
-0.000009
0.000032
0.000013
0.000032
0.000097
0.000160
0.000192
0.000136
0.000010
-0.000094
-0.000192
-0.000324
-0.000383
-0.000297
-0.000187
-0.000173
-0.000197
-0.000188
-0.000199
-0.000245
-0.000252
-0.000200
-0.000121
-0.000010
0.000143
0.000254
0.000199
0.000046
0.000045
0.000237
0.000339
0.000238
0.000230
0.000451
0.000557
0.000357
0.000126
0.000042
-0.000030
-0.000149
-0.000205
-0.000185
-0.000177
-0.000151
-0.000086
-0.000099
-0.000192
-0.000179
-0.000026
0.000051
-0.000050
-0.000151
-0.000102
-0.000024
-0.000065
-0.000094
0.000052
0.000191
0.000074
-0.000121
-0.000092
0.000081
0.000136
0.000034
-0.000078
-0.000117
-0.000094
-0.000061
-0.000109
-0.000237
-0.000234
0.000016
0.000265
0.000272
0.000176
0.000200
0.000292
0.000297
0.000177
0.000013
-0.000098
-0.000173
-0.000269
-0.000292
-0.000158
-0.000002
0.000030
-0.000007
0.000004
0.000105
0.000240
0.000270
0.000155
0.000089
0.000176
0.000218
0.000066
-0.000073
0.000003
0.000089
-0.000088
-0.000378
-0.000439
-0.000281
-0.000188
-0.000231
-0.000222
-0.000053
0.000140
0.000167
0.000052
-0.000043
-0.000086
-0.000119
-0.000063
0.000102
0.000213
0.000233
0.000310
0.000436
0.000402
0.000141
-0.000102
-0.000086
0.000034
-0.000047
-0.000233
-0.000238
-0.000165
-0.000259
-0.000346
-0.000167
0.000103
0.000170
0.000073
0.000002
0.000006
0.000044
0.000047
-0.000051
-0.000165
-0.000089
0.000150
0.000254
0.000094
-0.000103
-0.000121
-0.000051
-0.000064
-0.000124
-0.000087
0.000022
0.000038
-0.000069
-0.000144
-0.000032
0.000210
0.000305
0.000143
0.000017
0.000087
0.000095
-0.000070
-0.000181
-0.000157
-0.000126
-0.000106
-0.000012
0.000131
0.000218
0.000227
0.000196
0.000133
0.000079
0.000107
0.000162
0.000085
-0.000134
-0.000269
-0.000174
-0.000004
0.000027
-0.000065
-0.000141
-0.000147
-0.000095
-0.000011
0.000082
0.000226
0.000374
0.000298
-0.000041
-0.000354
-0.000420
-0.000325
-0.000259
-0.000225
-0.000093
0.000111
0.000227
0.000189
0.000053
-0.000118
-0.000213
-0.000092
0.000189
0.000354
0.000280
0.000109
-0.000023
-0.000097
-0.000113
-0.000083
-0.000044
-0.000010
0.000040
0.000078
0.000064
0.000059
0.000098
0.000073
-0.000050
-0.000134
-0.000108
0.000000
0.000152
0.000219
0.000120
0.000049
0.000117
0.000073
-0.000172
-0.000291
-0.000155
-0.000078
-0.000201
-0.000215
0.000054
0.000286
0.000204
0.000010
-0.000015
0.000107
0.000208
0.000167
-0.000002
-0.000110
-0.000069
-0.000051
-0.000166
-0.000272
-0.000246
-0.000182
-0.000185
-0.000200
-0.000126
0.000011
0.000095
0.000123
0.000237
0.000441
0.000502
0.000315
0.000101
0.000031
-0.000003
-0.000134
-0.000340
-0.000459
-0.000300
0.000049
0.000237
0.000127
-0.000093
-0.000261
-0.000357
-0.000393
-0.000324
-0.000093
0.000169
0.000224
0.000088
0.000038
0.000188
0.000341
0.000358
0.000383
0.000547
0.000666
0.000508
0.000216
0.000066
0.000012
-0.000158
-0.000431
-0.000614
-0.000591
-0.000411
-0.000243
-0.000201
-0.000190
-0.000063
0.000073
0.000025
-0.000071
-0.000005
0.000077
0.000009
-0.000033
0.000064
0.000094
-0.000044
-0.000177
-0.000163
-0.000029
0.000124
0.000175
0.000063
-0.000114
-0.000138
0.000105
0.000439
0.000543
0.000353
0.000141
0.000128
0.000228
0.000213
0.000010
-0.000214
-0.000283
-0.000258
-0.000289
-0.000338
-0.000272
-0.000147
-0.000123
-0.000175
-0.000148
-0.000013
0.000136
0.000189
0.000099
-0.000004
0.000011
0.000025
-0.000092
-0.000213
-0.000186
-0.000039
0.000150
0.000328
0.000394
0.000241
-0.000051
-0.000244
-0.000236
-0.000131
0.000014
0.000230
0.000385
0.000238
-0.000109
-0.000215
0.000028
0.000212
0.000127
0.000028
0.000056
0.000041
-0.000046
-0.000069
-0.000067
-0.000157
-0.000275
-0.000271
-0.000147
-0.000049
-0.000062
-0.000135
-0.000186
-0.000133
0.000070
0.000310
0.000372
0.000195
-0.000047
-0.000143
-0.000075
-0.000016
-0.000064
-0.000066
0.000118
0.000276
0.000153
-0.000021
0.000137
0.000454
0.000413
-0.000033
-0.000371
-0.000298
-0.000141
-0.000215
-0.000305
-0.000175
0.000016
0.000082
0.000069
0.000060
0.000068
0.000114
0.000193
0.000215
0.000128
0.000012
-0.000054
-0.000089
-0.000131
-0.000173
-0.000198
-0.000213
-0.000184
-0.000065
0.000059
0.000023
-0.000128
-0.000136
0.000050
0.000148
0.000010
-0.000123
0.000028
0.000370
0.000516
0.000352
0.000173
0.000145
0.000117
0.000054
0.000069
0.000049
-0.000158
-0.000365
-0.000331
-0.000145
-0.000020
-0.000010
-0.000069
-0.000152
-0.000236
-0.000289
-0.000245
-0.000089
0.000039
0.000008
-0.000060
0.000047
0.000229
0.000215
0.000030
-0.000077
-0.000013
0.000080
0.000041
-0.000045
-0.000000
0.000065
-0.000030
-0.000108
0.000068
0.000339
0.000383
0.000189
0.000031
0.000038
0.000088
0.000022
-0.000179
-0.000342
-0.000294
-0.000110
0.000022
0.000070
0.000081
0.000063
0.000023
-0.000043
-0.000104
-0.000050
0.000102
0.000133
-0.000056
-0.000255
-0.000228
-0.000052
0.000049
0.000094
0.000227
0.000361
0.000313
0.000195
0.000225
0.000295
0.000162
-0.000157
-0.000445
-0.000513
-0.000359
-0.000219
-0.000296
-0.000430
-0.000314
0.000014
0.000217
0.000187
0.000175
0.000304
0.000312
0.000093
-0.000014
0.000129
0.000180
-0.000028
-0.000189
-0.000066
0.000150
0.000235
0.000234
0.000214
0.000122
-0.000017
-0.000094
-0.000105
-0.000125
-0.000173
-0.000235
-0.000292
-0.000308
-0.000242
-0.000034
0.000219
0.000233
-0.000031
-0.000219
-0.000135
-0.000028
-0.000115
-0.000200
-0.000034
0.000245
0.000311
0.000180
0.000178
0.000343
0.000361
0.000167
0.000083
0.000216
0.000253
0.000027
-0.000224
-0.000280
-0.000240
-0.000275
-0.000336
-0.000244
0.000011
0.000214
0.000196
0.000056
-0.000022
-0.000040
-0.000091
-0.000149
-0.000136
-0.000069
-0.000007
0.000045
0.000083
0.000071
0.000043
0.000043
-0.000011
-0.000152
-0.000189
-0.000023
0.000110
0.000031
-0.000042
0.000071
0.000137
-0.000044
-0.000222
-0.000136
0.000018
-0.000058
-0.000269
-0.000263
0.000048
0.000315
0.000244
0.000093
0.000183
0.000314
0.000222
0.000069
0.000060
0.000079
-0.000007
-0.000071
0.000005
0.000107
0.000133
0.000191
0.000338
0.000380
0.000139
-0.000199
-0.000300
-0.000188
-0.000194
-0.000373
-0.000406
-0.000223
-0.000144
-0.000260
-0.000278
-0.000109
0.000021
0.000016
-0.000004
0.000031
0.000076
0.000126
0.000208
0.000221
0.000048
-0.000111
-0.000004
0.000123
-0.000070
-0.000292
-0.000145
0.000121
0.000074
-0.000139
-0.000067
0.000245
0.000345
0.000163
0.000075
0.000206
0.000239
0.000015
-0.000172
-0.000109
-0.000067
-0.000257
-0.000361
-0.000102
0.000222
0.000249
0.000116
0.000120
0.000183
0.000080
-0.000111
-0.000181
-0.000169
-0.000207
-0.000216
-0.000085
0.000063
0.000090
0.000074
0.000094
0.000053
-0.000097
-0.000161
0.000037
0.000293
0.000257
-0.000014
-0.000159
-0.000079
0.000025
0.000042
0.000030
0.000046
0.000064
0.000054
0.000052
0.000087
0.000099
0.000021
-0.000149
-0.000359
-0.000501
-0.000479
-0.000294
-0.000050
0.000105
0.000147
0.000241
0.000378
0.000312
0.000096
0.000078
0.000229
0.000154
-0.000188
-0.000393
-0.000248
-0.000014
0.000033
0.000019
0.000155
0.000295
0.000222
0.000046
-0.000018
-0.000023
-0.000096
-0.000207
-0.000273
-0.000242
-0.000127
-0.000086
-0.000217
-0.000316
-0.000157
0.000140
0.000264
0.000146
0.000042
0.000125
0.000243
0.000191
0.000024
-0.000048
0.000015
0.000046
-0.000046
-0.000161
-0.000188
-0.000163
-0.000201
-0.000379
-0.000583
-0.000563
-0.000261
0.000022
0.000059
-0.000061
-0.000072
0.000169
0.000473
0.000850
0.004253
0.014340
0.024277
0.018445
-0.001945
-0.018817
0.007070
0.152226
0.315477
0.177783
-0.237267
-0.467563
-0.329041
-0.131197
-0.099992
-0.108596
-0.023056
0.098113
0.162836
0.163829
0.138496
0.119493
0.116895
0.111046
0.083349
0.043788
0.016074
0.006802
-0.000961
-0.020544
-0.043532
-0.056808
-0.060074
-0.058325
-0.052253
-0.045488
-0.044887
-0.045253
-0.034273
-0.014181
-0.001559
-0.003720
-0.007692
-0.000186
0.012558
0.017107
0.014228
0.014024
0.018131
0.020650
0.019932
0.017900
0.016063
0.015241
0.013760
0.009126
0.002279
-0.002283
-0.001884
-0.000446
-0.003219
-0.008393
-0.010691
-0.009601
-0.008349
-0.008855
-0.010243
-0.010163
-0.007930
-0.004764
-0.000774
0.003035
0.003326
0.000927
0.001319
0.004799
0.005832
0.003071
0.000650
0.000766
0.001754
0.002291
0.002461
0.001623
-0.000173
-0.000440
0.002469
0.005290
0.003525
0.000131
0.001099
0.003087
0.000704
-0.002593
-0.003577
-0.003489
-0.002676
-0.002505
-0.004087
-0.004951
-0.003873
-0.002250
-0.000025
0.002893
0.004048
0.002646
0.001366
0.001108
0.001089
0.001348
0.001174
0.000962
0.000622
-0.001802
-0.003117
-0.000342
0.001638
0.001186
0.002296
0.002925
-0.000187
-0.002871
-0.002441
-0.000813
0.000838
0.000359
-0.002541
-0.003799
-0.001860
0.000765
0.001738
0.000800
-0.000250
0.000009
0.000990
0.001975
0.002545
0.001651
0.000127
0.000820
0.002842
0.002047
-0.001915
-0.005247
-0.005088
-0.002529
-0.000913
-0.000978
-0.001246
-0.001173
0.000664
0.004396
0.004033
-0.003938
-0.009912
-0.002976
0.009271
0.010505
0.002149
-0.002546
-0.001358
0.001678
0.005306
0.005156
0.000660
-0.000826
-0.000033
-0.003748
-0.008304
-0.005970
0.000417
0.003408
0.002771
0.001199
-0.000122
-0.000289
-0.001138
-0.003183
-0.003703
-0.002895
-0.001596
0.001086
0.002485
-0.000226
-0.002154
0.001387
0.006008
0.007205
0.005659
0.002516
0.000696
0.002270
0.001681
-0.004317
-0.008514
-0.007401
-0.005125
-0.002256
0.000464
-0.001075
-0.004084
-0.001424
0.004453
0.004708
0.000053
-0.000247
0.004640
0.005900
0.002255
0.000583
0.000511
-0.001491
-0.001018
0.002893
0.001630
-0.005980
-0.010075
-0.006338
0.000089
0.004817
0.007141
0.005630
0.001028
-0.001001
0.000785
0.001240
-0.001543
-0.004287
-0.002908
0.002077
0.004155
0.000477
-0.002670
-0.001096
0.000109
-0.002850
-0.005330
-0.002621
0.002094
0.002907
0.000697
0.000917
0.004312
0.005186
-0.000119
-0.005849
-0.005647
-0.001899
0.002314
0.005760
0.003884
-0.002202
-0.003269
0.001904
0.005320
0.003270
-0.001705
-0.004499
-0.003004
-0.002441
-0.004566
-0.003285
0.001966
0.004965
0.002870
-0.001455
-0.002774
-0.000508
-0.000028
-0.001431
0.001767
0.008657
0.009682
0.001662
-0.006903
-0.007558
-0.001763
0.002150
-0.000825
-0.005391
-0.003403
0.003244
0.006106
0.002747
-0.002087
-0.004726
-0.005230
-0.002579
0.003400
0.007195
0.005482
0.002087
-0.001087
-0.004384
-0.003573
0.001927
0.002861
-0.003433
-0.004642
0.003342
0.006106
-0.001581
-0.006506
-0.002367
0.003525
0.004499
0.000046
-0.004679
-0.003838
0.000291
0.000807
-0.001306
0.000600
0.005750
0.006680
0.001520
-0.002598
-0.000316
0.002946
-0.000004
-0.005315
-0.005418
-0.001963
0.000421
0.001692
0.000559
-0.003097
-0.003026
0.002080
0.004143
0.000607
-0.001158
0.001518
0.002766
0.000983
-0.000041
-0.000475
-0.001512
-0.000747
0.001115
0.000511
-0.000648
0.000232
0.000525
-0.000565
-0.001171
-0.001597
-0.001572
-0.000037
0.001544
0.001733
0.001491
0.000755
-0.001472
-0.002252
0.000959
0.003106
-0.000779
-0.005282
-0.002766
0.002567
0.002224
-0.000423
0.001246
0.001982
-0.002906
-0.004695
0.001648
0.006082
0.002161
-0.002616
-0.001808
0.000963
0.001072
0.000077
0.000285
0.000183
-0.000902
-0.001048
0.000311
0.002007
0.002373
-0.000321
-0.004153
-0.003627
0.000937
0.002258
-0.000775
-0.002011
-0.001038
-0.000951
0.000579
0.003620
0.002827
-0.000958
-0.001681
0.000216
0.000025
-0.001998
-0.001929
0.000798
0.002287
0.000709
-0.000353
0.001234
0.002369
0.001068
-0.000263
0.000519
0.001131
-0.001516
-0.004152
-0.001753
0.001721
-0.000147
-0.003567
-0.002231
0.001267
0.002218
0.001420
0.001309
0.001684
0.000879
-0.000718
-0.000836
0.000588
0.001155
-0.000256
-0.002016
-0.001727
0.000276
0.000915
-0.000388
-0.000942
-0.000090
0.000516
0.000593
0.000851
0.001060
0.000738
0.000088
-0.000848
-0.001861
-0.001622
-0.000080
0.000611
0.000005
-0.000110
0.000575
0.000912
0.000417
-0.000364
-0.000382
0.000214
0.000003
-0.000874
-0.000689
0.000746
0.001640
0.000920
-0.000193
-0.000280
-0.000176
-0.000812
-0.000777
0.000479
0.000804
-0.000449
-0.001098
-0.000344
0.000192
-0.000154
-0.000097
0.000880
0.001180
-0.000064
-0.001037
-0.000530
-0.000009
-0.000260
-0.000150
0.000484
0.000569
-0.000022
-0.000290
0.000239
0.000707
0.000396
0.000025
0.000228
0.000314
-0.000149
-0.000383
0.000066
0.000443
0.000190
-0.000101
0.000078
0.000276
0.000063
-0.000326
-0.000518
-0.000470
-0.000458
-0.000581
-0.000506
-0.000195
-0.000118
-0.000337
-0.000359
-0.000017
0.000248
0.000226
0.000276
0.000439
0.000325
0.000047
0.000079
0.000349
0.000383
0.000064
-0.000170
0.000068
0.000422
0.000306
-0.000035
-0.000013
0.000179
0.000071
-0.000194
-0.000324
-0.000394
-0.000494
-0.000496
-0.000232
0.000188
0.000266
-0.000195
-0.000526
-0.000181
0.000318
0.000341
0.000166
0.000245
0.000355
0.000177
-0.000002
0.000129
0.000198
-0.000146
-0.000443
-0.000254
0.000030
0.000016
-0.000016
0.000157
0.000250
0.000109
-0.000018
0.000070
0.000215
0.000132
-0.000040
0.000079
0.000257
0.000020
-0.000318
-0.000230
-0.000018
-0.000255
-0.000760
-0.000853
-0.000444
-0.000172
-0.000263
-0.000193
0.000195
0.000499
0.000624
0.000738
0.000775
0.000664
0.000549
0.000477
0.000278
-0.000147
-0.000590
-0.000747
-0.000643
-0.000590
-0.000663
-0.000561
-0.000139
0.000270
0.000366
0.000374
0.000598
0.000772
0.000478
-0.000002
-0.000021
0.000274
0.000096
-0.000532
-0.000764
-0.000441
-0.000176
-0.000140
-0.000056
0.000051
0.000000
-0.000041
0.000181
0.000439
0.000310
0.000004
0.000053
0.000257
0.000069
-0.000291
-0.000291
-0.000108
-0.000188
-0.000345
-0.000143
0.000233
0.000248
-0.000092
-0.000274
-0.000074
0.000202
0.000275
0.000255
0.000290
0.000296
0.000203
0.000114
0.000074
-0.000051
-0.000306
-0.000470
-0.000401
-0.000296
-0.000317
-0.000278
-0.000033
0.000199
0.000190
0.000046
0.000015
0.000170
0.000359
0.000407
0.000238
-0.000085
-0.000311
-0.000236
-0.000016
0.000016
-0.000173
-0.000250
-0.000021
0.000219
0.000125
-0.000095
-0.000039
0.000151
0.000121
-0.000007
0.000085
0.000242
0.000038
-0.000352
-0.000228
0.000322
0.000376
-0.000139
-0.000311
0.000026
0.000136
-0.000055
0.000066
0.000364
0.000211
-0.000153
-0.000168
-0.000062
-0.000183
-0.000352
-0.000316
-0.000025
0.000276
0.000223
-0.000021
-0.000006
0.000139
0.000029
-0.000130
-0.000023
0.000024
-0.000226
-0.000294
0.000131
0.000524
0.000342
-0.000138
-0.000367
-0.000291
-0.000162
-0.000100
-0.000035
0.000114
0.000324
0.000407
0.000182
-0.000048
0.000022
-0.000004
-0.000236
-0.000099
0.000287
0.000242
-0.000031
0.000111
0.000412
0.000189
-0.000304
-0.000293
-0.000040
-0.000242
-0.000419
-0.000051
0.000093
-0.000375
-0.000585
-0.000215
0.000069
0.000040
-0.000039
-0.000034
0.000290
0.000854
0.000890
0.000182
-0.000389
-0.000240
0.000157
0.000264
0.000113
-0.000234
-0.000541
-0.000257
0.000260
0.000086
-0.000425
-0.000190
0.000588
0.000615
-0.000165
-0.000292
0.000344
0.000166
-0.000865
-0.001001
-0.000076
0.000267
-0.000302
-0.000491
0.000218
0.000783
0.000321
-0.000274
0.000058
0.000528
0.000270
-0.000060
0.000074
0.000267
0.000260
0.000102
-0.000170
-0.000324
-0.000315
-0.000341
-0.000161
0.000269
0.000238
-0.000336
-0.000519
-0.000011
0.000401
0.000232
-0.000106
-0.000172
-0.000089
-0.000139
-0.000255
-0.000186
-0.000083
-0.000196
-0.000028
0.000650
0.000759
-0.000001
-0.000252
0.000386
0.000760
0.000445
0.000037
-0.000035
0.000208
0.000395
0.000146
-0.000471
-0.000997
-0.000892
-0.000243
0.000177
0.000259
0.000496
0.000571
-0.000056
-0.000749
-0.000576
-0.000050
-0.000239
-0.000647
-0.000351
0.000139
0.000184
0.000113
0.000288
0.000484
0.000289
-0.000043
0.000158
0.000733
0.000989
0.000671
-0.000147
-0.001007
-0.001263
-0.000872
-0.000265
0.000192
0.000397
0.000482
0.000435
0.000193
-0.000077
-0.000199
-0.000193
-0.000370
-0.000864
-0.001068
-0.000557
0.000275
0.001067
0.001287
0.000294
-0.000639
0.000329
0.001559
0.000478
-0.001264
-0.000954
0.000544
0.001209
0.000610
-0.000565
-0.001130
-0.000609
0.000095
0.000055
-0.000531
-0.000638
0.000198
0.001157
0.001262
0.000322
-0.000844
-0.001069
-0.000636
-0.000301
0.000285
0.000558
-0.000261
-0.000653
0.000144
0.000454
-0.000018
0.000055
0.000647
0.001108
0.001257
0.000479
-0.001104
-0.001846
-0.001154
-0.000178
0.000453
0.000651
-0.000029
-0.000877
-0.000166
0.001527
0.001603
-0.000085
-0.000999
-0.000401
-0.000092
-0.000406
0.000257
0.001301
0.000572
-0.000931
-0.000775
0.000236
0.000321
0.000081
0.000087
-0.000250
-0.000574
-0.000584
-0.001031
-0.001376
-0.000221
0.001457
0.001433
0.000062
-0.000640
-0.000258
0.000292
0.000497
0.000371
-0.000192
-0.000963
-0.000787
0.000470
0.001007
0.000304
0.000080
0.000747
0.000743
-0.000302
-0.000862
-0.000084
0.000808
0.000674
0.000204
-0.000099
-0.000805
-0.001177
0.000058
0.001438
0.000873
-0.000650
-0.001327
-0.001100
-0.000408
0.000372
0.000500
-0.000118
-0.000447
-0.000094
-0.000081
-0.000517
0.000106
0.001590
0.001510
-0.000574
-0.002079
-0.001140
0.000920
0.001435
0.000260
-0.000408
-0.000246
-0.000457
-0.000361
0.000795
0.001740
0.001330
-0.000423
-0.002133
-0.001523
0.000715
0.001191
-0.000272
-0.001021
-0.000439
0.000405
0.000714
0.000152
-0.000758
-0.001134
-0.000650
0.000382
0.001065
0.000707
0.000011
0.000018
0.000218
0.000055
0.000238
0.000617
0.000472
0.000469
0.000965
0.000996
0.000191
-0.000766
-0.001149
-0.000888
-0.000526
-0.000542
-0.000832
-0.000840
-0.000594
-0.000691
-0.000691
0.000221
0.001237
0.000974
-0.000129
-0.000301
0.000653
0.001321
0.001122
0.000182
-0.000990
-0.001333
-0.000517
0.000928
0.002013
0.001548
-0.000181
-0.001222
-0.000802
-0.000305
-0.000584
-0.000773
-0.000079
0.000743
0.000203
-0.001066
-0.000638
0.001131
0.001166
-0.000785
-0.001526
-0.000052
0.001102
0.000454
-0.000825
-0.001003
0.000065
0.000169
-0.001448
-0.001662
0.000677
0.002254
0.001719
0.001076
0.000744
-0.000096
-0.000500
0.000449
0.001401
0.000683
-0.001186
-0.001804
-0.000146
0.001202
0.000229
-0.000959
-0.000387
0.000585
-0.000009
-0.001547
-0.001876
-0.001064
-0.000556
-0.000007
0.000880
0.001007
0.000396
0.000074
0.000249
0.000484
0.000414
0.000391
0.000644
0.000383
-0.000539
-0.001095
-0.000815
-0.000424
-0.000623
-0.000640
0.000568
0.001943
0.001971
0.001343
0.001028
0.000315
-0.001053
-0.001706
-0.000946
-0.000057
-0.000140
-0.000317
0.000393
0.000932
-0.000070
-0.001435
-0.000953
0.000676
0.000407
-0.001994
-0.002623
0.000147
0.002180
0.000818
-0.000574
0.000438
0.001468
0.000827
0.000285
0.000961
0.000932
-0.000779
-0.001946
-0.001211
0.000253
0.001153
0.001045
0.000437
0.000256
0.000426
0.000247
-0.000121
-0.000279
-0.000841
-0.001694
-0.001365
-0.000257
-0.000028
-0.000423
-0.000519
0.000048
0.001234
0.001977
0.001444
0.000140
-0.001141
-0.001735
-0.000936
0.000744
0.001319
0.000269
-0.000597
-0.000399
-0.000014
-0.000040
-0.000418
-0.000562
0.000162
0.001058
0.000973
0.000225
-0.000249
-0.000388
-0.000377
-0.000184
-0.000099
-0.000267
-0.000080
0.000616
0.000872
0.000252
-0.000529
-0.000667
-0.000081
0.000399
0.000199
-0.000114
-0.000013
0.000422
0.000805
0.000321
-0.001026
-0.001709
-0.000967
0.000187
0.000935
0.001113
0.000384
-0.000933
-0.001553
-0.000999
-0.000215
0.000282
0.000605
0.000497
0.000291
0.000547
0.000918
0.001127
0.001107
0.000787
0.000510
0.000341
-0.000034
-0.000675
-0.001336
-0.001442
-0.000871
-0.000314
-0.000124
-0.000046
0.000020
-0.000136
-0.000568
-0.000913
-0.000800
-0.000318
0.000059
0.000266
0.000809
0.001564
0.001624
0.000720
-0.000447
-0.001137
-0.000884
0.000215
0.000927
0.000311
-0.000520
-0.000350
0.000129
0.000153
0.000232
0.000504
0.000330
-0.000072
-0.000026
0.000078
-0.000229
-0.000362
-0.000072
-0.000035
-0.000198
-0.000030
0.000079
-0.000154
-0.000220
0.000003
0.000204
0.000369
0.000413
-0.000012
-0.000652
-0.000827
-0.000527
-0.000176
0.000081
0.000142
-0.000139
-0.000485
-0.000297
0.000572
0.001477
0.001601
0.000919
0.000230
0.000132
0.000411
0.000481
0.000144
-0.000379
-0.000896
-0.001280
-0.001403
-0.001292
-0.001090
-0.000871
-0.000631
-0.000344
-0.000004
0.000323
0.000485
0.000413
0.000300
0.000380
0.000597
0.000701
0.000641
0.000612
0.000666
0.000593
0.000308
0.000066
0.000081
0.000192
0.000162
0.000054
0.000046
0.000061
-0.000116
-0.000451
-0.000625
-0.000504
-0.000372
-0.000433
-0.000463
-0.000284
-0.000090
-0.000043
-0.000016
0.000060
0.000096
0.000125
0.000239
0.000316
0.000189
-0.000007
-0.000056
-0.000021
-0.000015
0.000057
0.000204
0.000249
0.000174
0.000154
0.000218
0.000206
0.000050
-0.000132
-0.000206
-0.000186
-0.000200
-0.000306
-0.000386
-0.000303
-0.000123
0.000024
0.000104
0.000083
-0.000028
-0.000058
0.000078
0.000184
0.000102
-0.000027
-0.000043
-0.000031
-0.000085
-0.000090
0.000045
0.000179
0.000127
-0.000085
-0.000205
-0.000059
0.000192
0.000265
0.000158
0.000124
0.000237
0.000217
-0.000072
-0.000287
-0.000183
-0.000053
-0.000147
-0.000240
-0.000100
0.000115
0.000153
0.000064
0.000078
0.000195
0.000179
-0.000051
-0.000225
-0.000105
0.000105
0.000047
-0.000229
-0.000367
-0.000265
-0.000113
0.000009
0.000138
0.000223
0.000231
0.000238
0.000216
0.000063
-0.000082
-0.000030
0.000068
-0.000029
-0.000209
-0.000169
0.000091
0.000245
0.000090
-0.000175
-0.000242
-0.000101
0.000027
0.000015
-0.000076
-0.000113
-0.000055
-0.000006
-0.000057
-0.000086
0.000101
0.000326
0.000186
-0.000259
-0.000492
-0.000285
0.000032
0.000093
-0.000028
0.000000
0.000213
0.000300
0.000170
0.000108
0.000240
0.000332
0.000209
0.000024
0.000032
0.000232
0.000343
0.000185
-0.000081
-0.000207
-0.000160
-0.000111
-0.000171
-0.000239
-0.000216
-0.000156
-0.000091
0.000015
0.000093
0.000037
-0.000104
-0.000210
-0.000252
-0.000267
-0.000287
-0.000339
-0.000358
-0.000208
0.000077
0.000282
0.000312
0.000288
0.000322
0.000376
0.000371
0.000302
0.000217
0.000168
0.000170
0.000161
0.000071
-0.000038
-0.000051
-0.000031
-0.000120
-0.000284
-0.000386
-0.000351
-0.000187
-0.000002
0.000063
-0.000001
-0.000121
-0.000269
-0.000393
-0.000359
-0.000159
0.000031
0.000092
0.000069
0.000114
0.000321
0.000475
0.000284
-0.000078
-0.000171
0.000008
0.000072
-0.000055
-0.000052
0.000177
0.000334
0.000222
0.000016
-0.000049
0.000015
0.000064
0.000026
-0.000048
-0.000069
-0.000061
-0.000105
-0.000143
-0.000103
-0.000067
-0.000082
-0.000091
-0.000075
-0.000020
0.000110
0.000215
0.000143
-0.000037
-0.000119
-0.000090
-0.000096
-0.000155
-0.000193
-0.000183
-0.000098
0.000051
0.000161
0.000158
0.000102
0.000067
0.000069
0.000124
0.000197
0.000165
0.000040
0.000020
0.000111
0.000087
-0.000060
-0.000144
-0.000142
-0.000125
-0.000088
-0.000008
0.000055
-0.000023
-0.000221
-0.000303
-0.000168
0.000029
0.000145
0.000147
0.000084
0.000080
0.000132
0.000093
-0.000000
0.000022
0.000125
0.000141
0.000048
-0.000024
-0.000004
0.000054
0.000109
0.000165
0.000149
0.000011
-0.000145
-0.000245
-0.000310
-0.000323
-0.000266
-0.000154
0.000025
0.000188
0.000179
0.000022
-0.000078
-0.000023
0.000076
0.000072
-0.000009
-0.000042
-0.000006
0.000012
-0.000059
-0.000167
-0.000155
0.000016
0.000165
0.000114
-0.000061
-0.000114
0.000072
0.000297
0.000259
0.000008
-0.000083
0.000074
0.000150
-0.000016
-0.000182
-0.000133
-0.000017
-0.000013
-0.000011
0.000051
0.000025
-0.000062
-0.000037
0.000039
-0.000006
-0.000127
-0.000165
-0.000113
-0.000108
-0.000207
-0.000249
-0.000075
0.000165
0.000236
0.000196
0.000202
0.000204
0.000140
0.000112
0.000177
0.000225
0.000189
0.000164
0.000209
0.000192
-0.000013
-0.000236
-0.000238
-0.000138
-0.000180
-0.000305
-0.000321
-0.000197
-0.000012
0.000118
0.000087
-0.000012
0.000001
0.000024
-0.000113
-0.000223
-0.000122
-0.000006
-0.000021
0.000018
0.000181
0.000245
0.000085
-0.000153
-0.000224
-0.000047
0.000164
0.000171
0.000036
0.000017
0.000177
0.000273
0.000143
-0.000023
0.000011
0.000134
0.000056
-0.000165
-0.000169
0.000062
0.000132
-0.000105
-0.000337
-0.000320
-0.000205
-0.000179
-0.000192
-0.000136
0.000012
0.000179
0.000210
0.000032
-0.000152
-0.000052
0.000256
0.000376
0.000183
-0.000031
-0.000081
-0.000063
-0.000023
0.000064
0.000128
0.000164
0.000244
0.000293
0.000170
-0.000053
-0.000128
0.000016
0.000125
-0.000016
-0.000215
-0.000187
-0.000007
0.000080
-0.000006
-0.000132
-0.000152
-0.000152
-0.000275
-0.000379
-0.000291
-0.000143
-0.000133
-0.000191
-0.000089
0.000152
0.000275
0.000201
0.000117
0.000151
0.000247
0.000281
0.000164
-0.000005
-0.000055
-0.000082
-0.000250
-0.000401
-0.000287
0.000006
0.000219
0.000265
0.000231
0.000232
0.000255
0.000151
-0.000062
-0.000139
-0.000008
0.000119
0.000108
0.000061
0.000080
0.000066
-0.000093
-0.000265
-0.000267
-0.000162
-0.000086
-0.000026
0.000037
0.000039
0.000016
0.000070
0.000141
0.000106
0.000035
0.000049
0.000109
0.000105
0.000040
-0.000005
-0.000037
-0.000136
-0.000260
-0.000247
-0.000067
0.000123
0.000170
0.000075
-0.000034
-0.000085
-0.000140
-0.000227
-0.000243
-0.000121
0.000037
0.000096
0.000052
0.000008
0.000008
-0.000024
-0.000143
-0.000241
-0.000136
0.000143
0.000304
0.000222
0.000144
0.000225
0.000271
0.000160
0.000049
0.000022
-0.000015
-0.000049
-0.000009
0.000020
-0.000080
-0.000213
-0.000177
0.000010
0.000127
0.000085
-0.000031
-0.000141
-0.000201
-0.000162
-0.000028
0.000100
0.000109
0.000013
-0.000062
-0.000028
0.000075
0.000129
0.000090
0.000030
-0.000007
-0.000063
-0.000144
-0.000171
-0.000093
-0.000003
-0.000028
-0.000124
-0.000134
-0.000011
0.000147
0.000205
0.000131
0.000050
0.000045
0.000056
0.000014
-0.000061
-0.000075
-0.000012
0.000006
-0.000039
-0.000031
0.000026
0.000062
0.000078
0.000056
-0.000007
0.000024
0.000186
0.000259
0.000143
0.000041
0.000063
0.000065
-0.000036
-0.000168
-0.000272
-0.000313
-0.000264
-0.000207
-0.000216
-0.000158
0.000090
0.000335
0.000319
0.000121
-0.000017
-0.000046
-0.000059
-0.000078
-0.000058
-0.000024
-0.000043
-0.000079
-0.000043
0.000041
0.000081
0.000031
-0.000053
-0.000022
0.000154
0.000261
0.000118
-0.000125
-0.000177
-0.000027
0.000078
0.000066
0.000086
0.000150
0.000152
0.000144
0.000224
0.000286
0.000180
-0.000029
-0.000191
-0.000241
-0.000172
-0.000077
-0.000097
-0.000152
-0.000074
0.000018
-0.000095
-0.000278
-0.000235
-0.000035
0.000020
-0.000111
-0.000230
-0.000206
-0.000102
-0.000075
-0.000119
-0.000044
0.000161
0.000262
0.000121
-0.000092
-0.000089
0.000136
0.000293
0.000216
0.000064
0.000068
0.000206
0.000251
0.000153
0.000063
0.000014
-0.000067
-0.000147
-0.000150
-0.000091
-0.000020
0.000052
0.000079
-0.000000
-0.000079
0.000026
0.000239
0.000274
0.000037
-0.000270
-0.000404
-0.000299
-0.000119
-0.000054
-0.000051
0.000021
0.000095
0.000056
-0.000013
0.000027
0.000128
0.000184
0.000218
0.000249
0.000195
0.000092
0.000105
0.000179
0.000077
-0.000167
-0.000301
-0.000313
-0.000351
-0.000345
-0.000175
0.000034
0.000097
0.000055
0.000044
0.000072
0.000077
0.000040
0.000008
0.000056
0.000152
0.000125
-0.000108
-0.000379
-0.000406
-0.000143
0.000127
0.000150
0.000006
-0.000072
-0.000023
0.000042
0.000069
0.000092
0.000123
0.000168
0.000237
0.000311
0.000352
0.000296
0.000116
-0.000080
-0.000205
-0.000310
-0.000406
-0.000368
-0.000183
-0.000043
-0.000031
-0.000004
0.000098
0.000152
0.000116
0.000099
0.000151
0.000189
0.000149
0.000073
0.000021
-0.000038
-0.000163
-0.000285
-0.000274
-0.000136
0.000021
0.000082
0.000026
-0.000034
-0.000039
-0.000060
-0.000093
-0.000046
0.000034
0.000019
-0.000025
0.000055
0.000195
0.000205
0.000121
0.000117
0.000115
-0.000043
-0.000194
-0.000141
-0.000062
-0.000183
-0.000355
-0.000309
-0.000037
0.000251
0.000381
0.000337
0.000244
0.000194
0.000120
-0.000025
-0.000099
-0.000020
0.000048
0.000003
-0.000023
0.000015
0.000021
-0.000003
-0.000011
-0.000016
-0.000012
0.000049
0.000155
0.000173
0.000039
-0.000084
-0.000076
-0.000086
-0.000232
-0.000359
-0.000322
-0.000206
-0.000143
-0.000108
0.000016
0.000176
0.000112
-0.000197
-0.000362
-0.000190
0.000026
0.000053
0.000066
0.000238
0.000387
0.000333
0.000222
0.000218
0.000242
0.000200
0.000119
0.000032
-0.000079
-0.000189
-0.000225
-0.000197
-0.000221
-0.000313
-0.000339
-0.000268
-0.000201
-0.000120
0.000072
0.000319
0.000432
0.000331
0.000205
0.000253
0.000319
0.000182
-0.000018
-0.000069
-0.000033
-0.000041
-0.000077
-0.000070
-0.000045
-0.000115
-0.000282
-0.000325
-0.000107
0.000123
0.000109
-0.000037
-0.000139
-0.000204
-0.000192
-0.000049
0.000075
0.000051
-0.000036
-0.000091
-0.000123
-0.000164
-0.000201
-0.000142
0.000057
0.000190
0.000076
-0.000067
0.000085
0.000425
0.000578
0.000450
0.000267
0.000171
0.000072
-0.000078
-0.000132
-0.000016
0.000110
0.000110
0.000033
-0.000042
-0.000108
-0.000165
-0.000172
-0.000131
-0.000093
-0.000044
0.000000
-0.000070
-0.000216
-0.000252
-0.000142
-0.000006
0.000072
0.000055
-0.000075
