2560
-0.000102
-0.000065
-0.000097
-0.000171
-0.000163
-0.000050
0.000034
0.000003
-0.000031
0.000036
0.000142
0.000192
0.000178
0.000139
0.000105
0.000061
-0.000023
-0.000109
-0.000136
-0.000107
-0.000028
0.000112
0.000245
0.000234
0.000076
-0.000042
-0.000004
0.000095
0.000141
0.000143
0.000140
0.000117
0.000020
-0.000123
-0.000150
-0.000030
0.000053
-0.000016
-0.000161
-0.000266
-0.000261
-0.000173
-0.000081
-0.000001
0.000087
0.000149
0.000140
0.000089
0.000050
-0.000000
-0.000076
-0.000076
0.000024
0.000049
-0.000073
-0.000153
-0.000068
0.000058
0.000104
0.000077
0.000003
-0.000117
-0.000250
-0.000322
-0.000305
-0.000252
-0.000226
-0.000229
-0.000197
-0.000103
-0.000010
0.000068
0.000185
0.000351
0.000466
0.000440
0.000363
0.000378
0.000407
0.000288
0.000089
0.000000
0.000066
0.000188
0.000248
0.000166
-0.000058
-0.000268
-0.000276
-0.000142
-0.000153
-0.000414
-0.000634
-0.000556
-0.000305
-0.000101
0.000039
0.000149
0.000176
0.000115
0.000067
0.000084
0.000078
-0.000005
-0.000051
0.000022
0.000105
0.000086
0.000028
0.000040
0.000080
0.000022
-0.000155
-0.000275
-0.000167
0.000052
0.000132
0.000042
-0.000037
0.000020
0.000107
0.000051
-0.000069
-0.000044
0.000110
0.000201
0.000160
0.000075
0.000028
0.000029
0.000066
0.000119
0.000131
0.000066
0.000003
0.000005
-0.000017
-0.000114
-0.000159
-0.000096
-0.000086
-0.000204
-0.000257
-0.000138
-0.000020
-0.000014
-0.000023
0.000028
0.000085
0.000081
0.000042
0.000057
0.000143
0.000208
0.000166
0.000033
-0.000110
-0.000161
-0.000093
-0.000036
-0.000078
-0.000087
0.000037
0.000175
0.000211
0.000193
0.000197
0.000178
0.000057
-0.000087
-0.000097
-0.000002
-0.000005
-0.000170
-0.000287
-0.000206
-0.000079
-0.000092
-0.000200
-0.000252
-0.000190
-0.000088
-0.000049
-0.000070
-0.000089
-0.000068
0.000039
0.000222
0.000336
0.000277
0.000150
0.000088
0.000067
0.000019
-0.000019
0.000020
0.000116
0.000160
0.000094
-0.000006
-0.000024
0.000060
0.000117
0.000039
-0.000094
-0.000124
-0.000032
0.000034
-0.000013
-0.000084
-0.000124
-0.000196
-0.000274
-0.000256
-0.000155
-0.000061
-0.000002
0.000041
0.000087
0.000134
0.000142
0.000076
-0.000009
0.000004
0.000133
0.000237
0.000209
0.000104
0.000022
-0.000012
-0.000061
-0.000162
-0.000186
-0.000031
0.000140
0.000145
0.000090
0.000126
0.000195
0.000198
0.000110
-0.000038
-0.000145
-0.000140
-0.000089
-0.000058
-0.000060
-0.000115
-0.000191
-0.000225
-0.000263
-0.000349
-0.000350
-0.000158
0.000080
0.000160
0.000114
0.000096
0.000146
0.000208
0.000234
0.000202
0.000121
0.000055
0.000063
0.000140
0.000210
0.000181
0.000065
-0.000000
0.000021
-0.000024
-0.000204
-0.000352
-0.000315
-0.000168
-0.000072
-0.000044
0.000015
0.000111
0.000147
0.000128
0.000172
0.000241
0.000165
-0.000026
-0.000121
-0.000082
-0.000061
-0.000133
-0.000213
-0.000198
-0.000123
-0.000083
-0.000082
-0.000066
-0.000022
0.000022
0.000053
0.000095
0.000159
0.000204
0.000205
0.000182
0.000147
0.000098
0.000041
0.000005
-0.000023
-0.000103
-0.000248
-0.000344
-0.000255
-0.000045
0.000071
0.000020
-0.000092
-0.000125
-0.000017
0.000144
0.000188
0.000077
-0.000048
-0.000073
-0.000051
-0.000090
-0.000197
-0.000245
-0.000130
0.000071
0.000213
0.000254
0.000198
0.000082
0.000038
0.000140
0.000286
0.000318
0.000228
0.000127
0.000048
-0.000028
-0.000040
0.000042
0.000074
-0.000084
-0.000287
-0.000291
-0.000132
-0.000056
-0.000103
-0.000099
-0.000019
0.000005
-0.000015
0.000014
0.000055
0.000063
0.000084
0.000101
-0.000001
-0.000196
-0.000276
-0.000146
0.000023
0.000052
-0.000039
-0.000121
-0.000128
-0.000114
-0.000118
-0.000104
-0.000057
0.000026
0.000146
0.000263
0.000323
0.000305
0.000226
0.000134
0.000063
0.000009
-0.000038
-0.000073
-0.000086
-0.000083
-0.000080
-0.000089
-0.000072
-0.000012
0.000021
-0.000009
-0.000058
-0.000126
-0.000199
-0.000157
0.000029
0.000161
0.000105
0.000037
0.000121
0.000193
0.000078
-0.000063
-0.000030
0.000067
0.000050
-0.000041
-0.000094
-0.000134
-0.000225
-0.000318
-0.000283
-0.000103
0.000071
0.000129
0.000133
0.000177
0.000243
0.000275
0.000259
0.000183
0.000048
-0.000078
-0.000140
-0.000176
-0.000221
-0.000215
-0.000116
-0.000004
0.000048
0.000096
0.000179
0.000206
0.000123
0.000019
-0.000013
-0.000018
-0.000067
-0.000115
-0.000120
-0.000097
-0.000031
0.000057
0.000091
0.000049
-0.000047
-0.000162
-0.000218
-0.000168
-0.000083
-0.000053
-0.000049
0.000014
0.000144
0.000294
0.000375
0.000300
0.000133
0.000009
-0.000054
-0.000104
-0.000107
-0.000043
-0.000016
-0.000050
-0.000054
-0.000029
-0.000004
0.000027
0.000021
-0.000059
-0.000162
-0.000241
-0.000245
-0.000112
0.000054
0.000049
-0.000069
-0.000005
0.000266
0.000431
0.000362
0.000278
0.000308
0.000311
0.000208
0.000095
-0.000011
-0.000178
-0.000320
-0.000334
-0.000315
-0.000351
-0.000392
-0.000407
-0.000387
-0.000270
-0.000051
0.000129
0.000155
0.000093
0.000071
0.000094
0.000101
0.000074
0.000039
0.000040
0.000109
0.000200
0.000205
0.000101
-0.000010
-0.000039
-0.000002
0.000028
0.000029
0.000015
-0.000034
-0.000091
-0.000043
0.000103
0.000183
0.000122
0.000036
0.000041
0.000097
0.000093
0.000018
-0.000063
-0.000122
-0.000181
-0.000232
-0.000216
-0.000107
0.000024
0.000071
0.000041
0.000049
0.000111
0.000123
0.000062
0.000012
-0.000023
-0.000082
-0.000082
0.000036
0.000146
0.000137
0.000068
0.000041
0.000058
0.000037
-0.000030
-0.000045
-0.000005
-0.000045
-0.000178
-0.000241
-0.000167
-0.000066
-0.000028
-0.000003
0.000075
0.000138
0.000092
-0.000036
-0.000164
-0.000221
-0.000184
-0.000108
-0.000041
0.000045
0.000160
0.000262
0.000326
0.000332
0.000283
0.000216
0.000128
0.000015
-0.000076
-0.000124
-0.000137
-0.000097
-0.000040
-0.000051
-0.000118
-0.000166
-0.000171
-0.000163
-0.000176
-0.000177
-0.000084
0.000047
0.000063
-0.000001
0.000015
0.000079
0.000073
0.000057
0.000122
0.000167
0.000090
-0.000020
-0.000037
0.000016
0.000014
-0.000044
-0.000035
0.000039
0.000052
-0.000026
-0.000090
-0.000048
0.000061
0.000135
0.000134
0.000075
0.000025
0.000052
0.000077
-0.000016
-0.000123
-0.000083
0.000010
-0.000021
-0.000123
-0.000142
-0.000112
-0.000129
-0.000117
-0.000026
0.000006
-0.000058
-0.000039
0.000093
0.000105
-0.000049
-0.000126
-0.000039
0.000031
0.000002
-0.000023
-0.000003
-0.000006
-0.000042
-0.000054
-0.000013
0.000050
0.000113
0.000178
0.000214
0.000194
0.000133
0.000032
-0.000063
-0.000044
0.000077
0.000136
0.000111
0.000109
0.000101
-0.000007
-0.000128
-0.000131
-0.000066
-0.000036
-0.000012
0.000036
0.000017
-0.000097
-0.000177
-0.000176
-0.000184
-0.000198
-0.000132
-0.000028
0.000020
0.000043
0.000094
0.000132
0.000083
-0.000031
-0.000097
-0.000091
-0.000122
-0.000204
-0.000246
-0.000293
-0.000389
-0.000411
-0.000281
-0.000132
-0.000088
-0.000104
-0.000090
-0.000053
-0.000050
-0.000111
-0.000194
-0.000226
-0.000233
-0.000302
-0.000433
-0.000537
-0.000601
-0.000606
-0.000478
-0.000181
0.001350
0.009447
0.027509
0.039961
0.032664
0.089378
0.270274
0.315204
-0.023501
-0.444281
-0.494591
-0.246874
-0.081526
-0.080776
-0.079005
-0.018487
0.045359
0.083717
0.107027
0.119389
0.123586
0.124955
0.123933
0.119647
0.112794
0.104859
0.087917
0.052261
0.006135
-0.031447
-0.053158
-0.064300
-0.068556
-0.064756
-0.059170
-0.062358
-0.070037
-0.069745
-0.063209
-0.061335
-0.063561
-0.060942
-0.051170
-0.038065
-0.022180
0.000081
0.028714
0.056968
0.078155
0.091644
0.099809
0.102963
0.097697
0.079598
0.051077
0.021585
-0.004472
-0.028445
-0.048556
-0.063633
-0.074459
-0.077213
-0.069490
-0.055685
-0.039540
-0.022151
-0.004808
0.011871
0.026349
0.035327
0.037141
0.032759
0.025338
0.017601
0.008427
-0.002471
-0.011110
-0.014194
-0.013210
-0.013095
-0.014218
-0.010152
-0.000881
0.005814
0.010665
0.018043
0.022038
0.019680
0.016958
0.013580
0.006380
-0.001468
-0.007076
-0.010438
-0.012604
-0.015018
-0.016437
-0.015166
-0.012258
-0.007718
-0.000531
0.006101
0.008474
0.008256
0.007789
0.006745
0.004354
0.000857
-0.001591
-0.002413
-0.003084
-0.003333
-0.003993
-0.005896
-0.005993
-0.003643
-0.002008
-0.000947
0.002120
0.006866
0.010063
0.010872
0.010657
0.007417
0.001725
-0.001811
-0.003574
-0.004657
-0.004554
-0.005045
-0.005099
-0.003215
-0.002413
-0.003998
-0.005414
-0.004519
-0.001848
0.000196
0.002250
0.005912
0.007482
0.005197
0.002851
0.001385
0.000824
0.001646
-0.000605
-0.004814
-0.002812
0.000659
-0.003235
-0.006065
0.000020
0.006171
0.004959
0.000967
0.000808
0.003568
0.001715
-0.004672
-0.005503
-0.000369
0.001764
0.000668
-0.000353
-0.003169
-0.005031
-0.000691
0.003643
-0.000647
-0.006016
-0.000009
0.010583
0.009693
-0.000182
-0.004070
-0.000134
0.001999
0.000836
0.002101
0.002851
-0.002317
-0.006730
-0.005446
-0.004984
-0.005092
0.000876
0.005762
0.000141
-0.004823
0.002245
0.008209
0.001696
-0.004233
0.000063
0.004314
0.001522
-0.002477
-0.002981
-0.002566
-0.003615
-0.001825
0.004606
0.007637
0.004282
0.002829
0.004373
0.001580
-0.002479
-0.002048
-0.003488
-0.008100
-0.005398
0.003119
0.003657
-0.004251
-0.007494
-0.001296
0.004747
0.001989
-0.003744
-0.001972
0.004027
0.004227
0.000953
0.001305
0.001595
-0.001778
-0.003027
-0.000696
-0.001511
-0.004895
-0.000929
0.009832
0.012156
0.001776
-0.006218
-0.002780
0.003804
0.004240
-0.000059
-0.002796
-0.002360
-0.000532
0.001215
-0.000230
-0.004302
-0.003336
0.002975
0.003515
-0.003442
-0.006127
-0.001812
0.000053
-0.002555
-0.002566
0.001471
0.003521
0.001187
0.000059
0.003636
0.005646
0.000964
-0.003708
-0.002255
-0.000394
-0.001659
-0.000462
0.002815
0.002455
0.001619
0.004719
0.005860
0.000105
-0.006681
-0.007432
-0.003039
0.000738
-0.000394
-0.004568
-0.004855
0.000455
0.004258
0.002413
-0.000728
-0.000945
0.001084
0.002857
0.003350
0.003577
0.003191
0.000245
-0.003020
-0.002112
0.000779
-0.000247
-0.004012
-0.003818
0.001443
0.005521
0.004291
0.000349
-0.002253
-0.002575
-0.002134
-0.002456
-0.003210
-0.002901
-0.001351
0.000450
0.002070
0.003183
0.003443
0.003309
0.003160
0.002783
0.001879
-0.000079
-0.002950
-0.004848
-0.004237
-0.002256
-0.000956
-0.000637
-0.000443
0.000027
0.000783
0.001775
0.002664
0.002890
0.002048
0.000424
-0.000883
-0.001169
-0.000920
-0.000718
-0.000504
-0.000446
-0.000993
-0.001638
-0.001349
-0.000408
0.000115
0.000291
0.000744
0.001216
0.001259
0.001076
0.000948
0.000847
0.000720
0.000517
0.000181
-0.000194
-0.000504
-0.000773
-0.000878
-0.000598
-0.000161
-0.000101
-0.000421
-0.000620
-0.000530
-0.000419
-0.000371
-0.000213
0.000045
0.000203
0.000198
0.000155
0.000157
0.000138
0.000063
0.000069
0.000228
0.000366
0.000353
0.000295
0.000318
0.000407
0.000475
0.000434
0.000262
0.000052
-0.000092
-0.000200
-0.000328
-0.000410
-0.000383
-0.000330
-0.000332
-0.000322
-0.000232
-0.000139
-0.000094
-0.000068
-0.000082
-0.000134
-0.000110
0.000029
0.000133
0.000070
-0.000074
-0.000132
-0.000079
0.000067
0.000336
0.000616
0.000688
0.000549
0.000392
0.000321
0.000271
0.000162
0.000018
-0.000099
-0.000202
-0.000296
-0.000320
-0.000279
-0.000271
-0.000335
-0.000423
-0.000488
-0.000552
-0.000642
-0.000699
-0.000626
-0.000392
-0.000038
0.000315
0.000529
0.000587
0.000557
0.000506
0.000472
0.000423
0.000304
0.000151
0.000060
0.000044
0.000060
0.000097
0.000143
0.000174
0.000152
0.000036
-0.000137
-0.000241
-0.000175
0.000031
0.000244
0.000329
0.000276
0.000216
0.000269
0.000361
0.000198
-0.000501
-0.001579
-0.002345
-0.002324
-0.001925
-0.001734
-0.001459
-0.000345
0.001644
0.003655
0.004800
0.004812
0.003967
0.002652
0.001072
-0.000723
-0.002567
-0.004011
-0.004593
-0.004288
-0.003520
-0.002655
-0.001656
-0.000369
0.001081
0.002337
0.003108
0.003405
0.003415
0.003150
0.002472
0.001431
0.000288
-0.000741
-0.001581
-0.002212
-0.002568
-0.002562
-0.002216
-0.001633
-0.000886
-0.000074
0.000645
0.001195
0.001565
0.001651
0.001404
0.001034
0.000770
0.000496
-0.000055
-0.000772
-0.001232
-0.001273
-0.001089
-0.000866
-0.000635
-0.000324
0.000083
0.000450
0.000650
0.000693
0.000648
0.000570
0.000491
0.000392
0.000179
-0.000184
-0.000540
-0.000720
-0.000729
-0.000590
-0.000275
0.000159
0.000545
0.000729
0.000656
0.000473
0.000441
0.000629
0.000801
0.000624
0.000017
-0.000675
-0.001055
-0.001021
-0.000669
-0.000186
0.000132
-0.000023
-0.000546
-0.000935
-0.000996
-0.000861
-0.000405
0.000594
0.001780
0.002097
0.000837
-0.001269
-0.002643
-0.002208
-0.000142
0.001968
0.002483
0.001400
-0.000147
-0.001099
-0.000939
-0.000083
0.000556
0.000724
0.000717
0.000358
-0.000375
-0.000403
0.000668
0.001192
0.000008
-0.001479
-0.001287
0.000545
0.002110
0.001786
-0.000019
-0.001393
-0.001279
-0.000704
-0.000856
-0.000946
0.000000
0.000831
0.000439
-0.000150
-0.000015
0.000134
-0.000347
-0.000931
-0.000748
0.000273
0.001201
0.001197
0.000457
-0.000231
-0.000316
0.000117
0.000452
0.000470
0.000642
0.000692
-0.000521
-0.002568
-0.003290
-0.002094
-0.000629
0.000167
0.000710
0.000873
0.000215
-0.000264
0.001051
0.003190
0.002787
-0.000314
-0.001471
0.001300
0.003781
0.002503
-0.000721
-0.002619
-0.002217
-0.000678
0.000466
0.000915
0.001300
0.001160
-0.001105
-0.004702
-0.005700
-0.002447
0.001656
0.002937
0.001780
0.000542
-0.000249
-0.001340
-0.002206
-0.001717
-0.000457
0.000064
0.000497
0.002566
0.004806
0.004381
0.001838
-0.000394
-0.001182
-0.000676
0.000058
-0.000263
-0.001867
-0.003781
-0.004544
-0.003214
-0.000457
0.001995
0.003256
0.003292
0.001994
0.000020
-0.000925
0.000192
0.002686
0.004460
0.003125
-0.000781
-0.003021
-0.001679
-0.000013
-0.000181
-0.000476
-0.000181
-0.000316
-0.000731
-0.001328
-0.002722
-0.003745
-0.002718
-0.001099
-0.001177
-0.001763
-0.000939
0.000216
0.000618
0.001331
0.002577
0.003261
0.003167
0.002566
0.001468
0.000016
-0.001454
-0.002319
-0.001477
0.001544
0.004577
0.004573
0.001987
-0.000069
-0.000071
0.000747
-0.000098
-0.003257
-0.005783
-0.004780
-0.001483
0.000461
-0.000333
-0.001537
-0.000862
0.000837
0.001789
0.001340
-0.000497
-0.002522
-0.002379
0.001513
0.007094
0.007723
0.000036
-0.007699
-0.006058
0.000305
0.001371
-0.001907
-0.001918
0.002412
0.004759
0.001758
-0.001767
-0.001070
0.001967
0.003572
0.002833
0.001253
0.000006
-0.001501
-0.003030
-0.002842
-0.000809
0.001316
0.001794
0.000342
-0.000648
0.000877
0.001551
-0.002797
-0.007616
-0.005294
0.001367
0.003899
0.001984
0.000751
0.000887
0.000527
0.000194
0.000459
0.000318
-0.000558
-0.001524
-0.001440
0.000524
0.002112
0.000785
-0.000175
0.002411
0.003487
-0.001167
-0.005706
-0.004064
0.000527
0.002865
0.003161
0.002646
0.000928
-0.000271
0.000669
0.000592
-0.002496
-0.004029
-0.001707
-0.000013
-0.000370
-0.000020
0.000060
-0.001273
-0.000701
0.002256
0.002564
-0.001002
-0.002515
0.001156
0.004238
0.001120
-0.003705
-0.002136
0.004028
0.005239
-0.000777
-0.005369
-0.002998
0.000210
-0.001047
-0.001921
0.000572
0.001894
0.001093
0.001434
0.002041
0.000813
-0.000480
-0.000091
0.000620
-0.000003
-0.001281
-0.000890
0.001479
0.002213
-0.000506
-0.002011
0.001461
0.005034
0.002142
-0.004535
-0.006028
-0.000191
0.003907
-0.000819
-0.007108
-0.004887
0.001243
0.001583
-0.000414
0.002515
0.005335
0.001510
-0.003350
-0.002278
0.001453
0.001909
-0.000559
-0.002467
-0.002231
0.000491
0.004348
0.004145
-0.001926
-0.005614
-0.000926
0.005030
0.003962
-0.000536
-0.000717
0.001107
-0.001557
-0.004254
-0.000034
0.005206
0.003382
-0.002013
-0.003236
0.000599
0.002432
-0.002255
-0.005245
0.001032
0.006645
0.000963
-0.007269
-0.005707
0.001795
0.003923
-0.000508
-0.002621
0.000609
0.001820
-0.001575
-0.002351
0.002187
0.005092
0.002558
-0.000600
-0.000805
-0.000120
-0.000214
-0.000226
-0.000308
-0.001594
-0.002499
-0.000811
0.001062
-0.000186
-0.001828
0.000215
0.002674
0.001052
-0.000301
0.002536
0.003389
-0.000653
-0.002800
-0.001385
-0.000614
0.000688
0.003327
0.002616
-0.000906
-0.001035
0.001191
-0.000141
-0.003531
-0.003915
-0.001778
-0.000477
-0.001191
-0.001700
0.000454
0.003059
0.002784
0.000975
0.000687
0.001893
0.001804
-0.000946
-0.004145
-0.005120
-0.002879
0.001460
0.003714
0.001547
-0.000728
0.000662
0.003192
0.003893
0.002744
0.000808
-0.000408
-0.000622
-0.001223
-0.002532
-0.003363
-0.003514
-0.002538
0.001022
0.003398
-0.000494
-0.004997
-0.001782
0.005246
0.006237
0.000699
-0.002166
0.002152
0.006690
0.003833
-0.004119
-0.009218
-0.007926
-0.003713
-0.001652
-0.001432
0.000736
0.003141
0.001816
0.000242
0.003171
0.006890
0.006154
0.002614
-0.000396
-0.002410
-0.002977
-0.001893
-0.001212
-0.002281
-0.002440
0.000056
0.001276
-0.000564
-0.001080
0.000961
0.002254
0.002229
0.002100
0.001257
-0.000615
-0.001937
-0.001516
-0.000789
-0.001667
-0.002923
-0.002366
-0.000877
-0.000498
-0.000727
0.000322
0.002412
0.003601
0.003547
0.002938
0.001493
0.000160
0.000342
0.000039
-0.002064
-0.003507
-0.003159
-0.001563
0.000675
0.001531
0.000587
0.000090
0.000410
0.000043
-0.000673
-0.000520
-0.000212
-0.000734
-0.001150
-0.000456
0.000468
0.000479
0.000289
0.000789
0.000991
0.000133
-0.000666
-0.000122
0.001335
0.001800
0.001002
0.001153
0.002328
0.001532
-0.001525
-0.003397
-0.002506
-0.000713
0.000051
-0.000200
-0.000363
-0.000072
0.000208
0.000323
0.000361
0.000234
0.000057
0.000119
0.000189
-0.000112
-0.000493
-0.000716
-0.000968
-0.001001
-0.000599
-0.000211
0.000047
0.000551
0.001146
0.001337
0.001139
0.000906
0.000722
0.000402
-0.000068
-0.000481
-0.000778
-0.001019
-0.001097
-0.000913
-0.000611
-0.000336
-0.000029
0.000324
0.000547
0.000590
0.000596
0.000596
0.000477
0.000249
0.000053
-0.000057
-0.000135
-0.000191
-0.000186
-0.000112
0.000041
0.000269
0.000478
0.000541
0.000414
0.000196
0.000048
-0.000018
-0.000101
-0.000209
-0.000334
-0.000525
-0.000698
-0.000712
-0.000634
-0.000591
-0.000460
-0.000110
0.000264
0.000441
0.000509
0.000607
0.000669
0.000586
0.000369
0.000125
-0.000034
-0.000090
-0.000125
-0.000187
-0.000276
-0.000380
-0.000413
-0.000280
-0.000029
0.000192
0.000296
0.000316
0.000302
0.000250
0.000122
-0.000100
-0.000321
-0.000409
-0.000388
-0.000395
-0.000464
-0.000449
-0.000231
0.000088
0.000316
0.000421
0.000461
0.000444
0.000406
0.000393
0.000331
0.000161
-0.000036
-0.000174
-0.000278
-0.000362
-0.000324
-0.000131
0.000017
-0.000004
-0.000012
0.000124
0.000223
0.000128
-0.000019
-0.000049
0.000002
0.000011
-0.000027
-0.000023
0.000029
0.000005
-0.000112
-0.000177
-0.000113
0.000013
0.000087
0.000060
0.000022
0.000042
0.000011
-0.000126
-0.000232
-0.000207
-0.000142
-0.000136
-0.000134
-0.000062
0.000008
0.000023
0.000099
0.000276
0.000372
0.000317
0.000283
0.000335
0.000326
0.000196
0.000031
-0.000164
-0.000453
-0.000702
-0.000684
-0.000451
-0.000259
-0.000166
-0.000014
0.000219
0.000379
0.000409
0.000415
0.000450
0.000429
0.000305
0.000180
0.000105
-0.000021
-0.000220
-0.000369
-0.000343
-0.000159
-0.000026
-0.000078
-0.000172
-0.000163
-0.000099
-0.000051
-0.000055
-0.000115
-0.000146
-0.000080
0.000035
0.000116
0.000125
0.000102
0.000116
0.000150
0.000114
0.000015
-0.000028
0.000050
0.000171
0.000203
0.000152
0.000119
0.000110
0.000048
-0.000061
-0.000117
-0.000107
-0.000136
-0.000203
-0.000148
0.000045
0.000175
0.000140
0.000057
0.000047
0.000073
0.000002
-0.000188
-0.000327
-0.000287
-0.000161
-0.000093
-0.000095
-0.000113
-0.000084
0.000029
0.000133
0.000131
0.000075
0.000047
0.000049
0.000059
0.000047
0.000014
0.000008
0.000018
-0.000008
-0.000030
0.000009
0.000031
-0.000032
-0.000078
-0.000022
0.000074
0.000105
0.000060
0.000032
0.000050
0.000034
-0.000007
-0.000006
-0.000008
-0.000070
-0.000114
-0.000064
0.000002
-0.000014
-0.000086
-0.000129
-0.000090
-0.000005
0.000071
0.000167
0.000247
0.000164
-0.000043
-0.000127
-0.000010
0.000107
0.000107
0.000119
0.000222
0.000261
0.000153
0.000051
0.000045
0.000041
-0.000030
-0.000141
-0.000228
-0.000289
-0.000368
-0.000395
-0.000292
-0.000177
-0.000163
-0.000170
-0.000082
0.000070
0.000185
0.000218
0.000227
0.000257
0.000252
0.000156
0.000018
-0.000095
-0.000167
-0.000167
-0.000061
0.000069
0.000089
-0.000012
-0.000091
-0.000026
0.000130
0.000185
0.000090
0.000010
0.000002
-0.000023
-0.000023
0.000051
0.000083
0.000033
0.000031
0.000126
0.000249
0.000361
0.000396
0.000256
0.000028
-0.000100
-0.000107
-0.000100
-0.000156
-0.000258
-0.000304
-0.000263
-0.000231
-0.000291
-0.000405
-0.000438
-0.000299
-0.000096
-0.000022
-0.000061
-0.000043
0.000053
0.000089
0.000038
0.000069
0.000268
0.000434
0.000378
0.000188
0.000019
-0.000073
-0.000076
-0.000047
-0.000066
-0.000087
-0.000017
0.000119
0.000209
0.000199
0.000127
0.000067
0.000081
0.000130
0.000125
0.000092
0.000087
0.000072
0.000002
-0.000128
-0.000268
-0.000318
-0.000283
-0.000255
-0.000237
-0.000168
-0.000082
-0.000053
-0.000053
-0.000004
0.000077
0.000115
0.000164
0.000321
0.000451
0.000351
0.000107
-0.000039
-0.000043
-0.000024
-0.000013
0.000019
0.000061
0.000067
-0.000024
-0.000199
-0.000351
-0.000385
-0.000295
-0.000174
-0.000121
-0.000077
0.000053
0.000178
0.000174
0.000116
0.000116
0.000114
0.000039
-0.000034
-0.000017
0.000090
0.000197
0.000182
0.000052
-0.000025
0.000030
0.000075
0.000011
-0.000043
0.000004
0.000040
-0.000039
-0.000119
-0.000081
-0.000008
-0.000015
-0.000087
-0.000142
-0.000121
-0.000064
-0.000033
-0.000002
0.000039
0.000033
0.000012
0.000040
0.000091
0.000140
0.000195
0.000202
0.000098
-0.000045
-0.000092
-0.000069
-0.000088
-0.000147
-0.000173
-0.000180
-0.000226
-0.000253
-0.000137
0.000075
0.000198
0.000171
0.000102
0.000112
0.000168
0.000135
0.000033
0.000034
0.000127
0.000139
0.000039
-0.000070
-0.000118
-0.000097
-0.000038
0.000003
-0.000005
-0.000025
-0.000020
-0.000042
-0.000107
-0.000134
-0.000073
0.000060
0.000166
0.000085
-0.000180
-0.000367
-0.000311
-0.000149
-0.000049
0.000003
0.000066
0.000124
0.000148
0.000153
0.000121
0.000007
-0.000083
0.000019
0.000211
0.000258
0.000183
0.000187
0.000293
0.000339
0.000284
0.000272
0.000334
0.000293
0.000033
-0.000320
-0.000574
-0.000675
-0.000633
-0.000472
-0.000308
-0.000243
-0.000222
-0.000157
-0.000046
0.000103
0.000238
0.000227
0.000098
0.000075
0.000198
0.000244
0.000127
0.000032
0.000072
0.000125
0.000118
0.000127
0.000137
0.000117
0.000150
0.000181
0.000053
-0.000140
-0.000180
-0.000117
-0.000136
-0.000222
-0.000234
-0.000167
-0.000101
-0.000043
0.000004
-0.000014
-0.000035
0.000062
0.000180
0.000115
-0.000066
-0.000133
-0.000074
-0.000042
-0.000079
-0.000136
-0.000197
-0.000249
-0.000223
-0.000059
0.000183
0.000360
0.000401
0.000348
0.000293
0.000300
0.000298
0.000157
-0.000056
-0.000157
-0.000162
-0.000242
-0.000404
-0.000449
-0.000288
-0.000095
-0.000014
0.000025
0.000077
0.000083
0.000070
0.000139
0.000232
0.000217
0.000104
0.000029
0.000073
0.000119
0.000025
-0.000118
-0.000120
-0.000001
0.000054
-0.000006
-0.000067
-0.000087
-0.000088
-0.000059
-0.000013
0.000053
0.000141
0.000163
0.000071
-0.000057
-0.000133
-0.000133
-0.000089
-0.000075
-0.000128
-0.000198
-0.000204
-0.000125
-0.000043
-0.000008
0.000057
0.000168
0.000217
0.000178
0.000140
0.000128
0.000088
0.000026
-0.000000
-0.000005
-0.000023
0.000007
0.000084
0.000071
-0.000031
-0.000053
0.000045
0.000120
0.000090
0.000028
-0.000018
-0.000097
-0.000189
-0.000184
-0.000087
-0.000047
-0.000083
-0.000023
0.000177
0.000329
0.000310
0.000200
0.000118
0.000051
-0.000077
-0.000209
-0.000233
-0.000194
-0.000183
-0.000164
-0.000111
-0.000083
-0.000101
-0.000146
-0.000206
-0.000236
-0.000196
-0.000094
0.000020
0.000092
0.000130
0.000178
0.000237
0.000292
0.000313
0.000274
0.000210
0.000143
0.000027
-0.000140
-0.000257
-0.000249
-0.000181
-0.000153
-0.000172
-0.000189
-0.000153
-0.000033
0.000135
0.000243
0.000218
0.000130
0.000111
0.000179
0.000207
0.000122
0.000027
-0.000016
-0.000080
-0.000137
-0.000060
0.000114
0.000187
0.000086
-0.000055
-0.000109
-0.000087
-0.000066
-0.000081
-0.000092
-0.000064
-0.000037
-0.000049
-0.000104
-0.000173
-0.000162
-0.000009
0.000157
0.000168
0.000075
0.000040
0.000079
0.000101
0.000105
0.000152
0.000180
0.000094
-0.000024
-0.000047
-0.000023
-0.000089
-0.000258
-0.000378
-0.000339
-0.000237
-0.000205
-0.000160
0.000012
0.000198
0.000243
0.000202
0.000211
0.000275
0.000300
0.000230
0.000081
-0.000050
-0.000039
0.000082
0.000136
0.000029
-0.000164
-0.000307
-0.000307
-0.000183
-0.000037
0.000054
0.000055
-0.000020
-0.000097
-0.000118
-0.000070
0.000032
0.000122
0.000145
0.000130
0.000139
0.000153
0.000093
-0.000024
-0.000068
-0.000003
0.000068
0.000032
-0.000114
-0.000246
-0.000273
-0.000219
-0.000101
0.000057
0.000132
0.000085
0.000047
0.000121
0.000215
0.000147
-0.000085
-0.000263
-0.000232
-0.000090
-0.000007
0.000022
0.000075
0.000121
0.000098
0.000046
0.000036
0.000039
-0.000020
-0.000100
-0.000109
-0.000058
0.000004
0.000094
0.000216
0.000279
0.000240
0.000159
0.000041
-0.000112
-0.000200
-0.000202
-0.000219
-0.000260
-0.000213
-0.000093
-0.000059
-0.000092
-0.000006
0.000191
