2400
-0.000103
-0.000171
-0.000086
-0.000003
-0.000016
0.000024
0.000168
0.000253
0.000212
0.000138
0.000087
0.000042
0.000003
-0.000033
-0.000101
-0.000195
-0.000231
-0.000144
-0.000018
-0.000013
-0.000097
-0.000100
-0.000049
-0.000061
-0.000087
-0.000053
-0.000012
0.000033
0.000126
0.000179
0.000098
-0.000016
0.000009
0.000157
0.000233
0.000146
0.000009
-0.000087
-0.000144
-0.000138
-0.000084
-0.000075
-0.000150
-0.000283
-0.000391
-0.000358
-0.000141
0.000155
0.000368
0.000404
0.000309
0.000180
0.000027
-0.000146
-0.000217
-0.000124
0.000019
0.000108
0.000166
0.000251
0.000321
0.000274
0.000135
0.000020
-0.000018
0.000008
0.000042
-0.000019
-0.000190
-0.000279
-0.000136
0.000058
0.000030
-0.000142
-0.000198
-0.000169
-0.000223
-0.000276
-0.000189
-0.000079
-0.000055
-0.000031
-0.000003
-0.000082
-0.000181
-0.000099
0.000137
0.000360
0.000492
0.000476
0.000277
0.000055
-0.000004
0.000038
0.000035
0.000001
0.000047
0.000139
0.000082
-0.000125
-0.000181
0.000025
0.000188
0.000102
-0.000060
-0.000084
-0.000008
0.000001
-0.000065
-0.000061
-0.000025
-0.000141
-0.000361
-0.000478
-0.000432
-0.000279
-0.000120
-0.000093
-0.000187
-0.000201
-0.000052
0.000087
0.000103
0.000129
0.000215
0.000206
0.000123
0.000165
0.000295
0.000323
0.000290
0.000349
0.000437
0.000420
0.000353
0.000334
0.000255
-0.000023
-0.000325
-0.000390
-0.000315
-0.000338
-0.000373
-0.000218
-0.000017
-0.000024
-0.000160
-0.000192
-0.000101
0.000002
0.000061
0.000060
-0.000016
-0.000118
-0.000150
-0.000103
-0.000086
-0.000108
-0.000047
0.000081
0.000145
0.000158
0.000205
0.000211
0.000084
-0.000090
-0.000168
-0.000126
-0.000030
0.000078
0.000173
0.000181
0.000067
-0.000050
-0.000061
-0.000033
-0.000042
-0.000044
-0.000025
-0.000051
-0.000128
-0.000176
-0.000132
-0.000034
0.000007
-0.000043
-0.000065
0.000043
0.000181
0.000175
0.000042
-0.000026
0.000056
0.000159
0.000128
0.000029
0.000047
0.000131
0.000063
-0.000108
-0.000101
0.000141
0.000344
0.000304
0.000129
0.000011
-0.000031
-0.000090
-0.000199
-0.000292
-0.000300
-0.000262
-0.000270
-0.000317
-0.000300
-0.000178
-0.000039
0.000041
0.000067
0.000072
0.000072
0.000030
-0.000062
-0.000106
-0.000069
-0.000028
0.000055
0.000255
0.000431
0.000430
0.000334
0.000280
0.000228
0.000086
-0.000090
-0.000172
-0.000148
-0.000099
-0.000072
-0.000071
-0.000095
-0.000120
-0.000085
0.000011
0.000062
0.000044
0.000049
0.000065
-0.000003
-0.000110
-0.000138
-0.000086
0.000004
0.000098
0.000106
-0.000007
-0.000128
-0.000132
-0.000036
0.000028
-0.000033
-0.000152
-0.000161
-0.000013
0.000129
0.000115
0.000010
-0.000015
0.000062
0.000108
0.000080
0.000041
-0.000050
-0.000197
-0.000211
-0.000034
0.000136
0.000229
0.000335
0.000403
0.000328
0.000178
0.000074
-0.000014
-0.000135
-0.000188
-0.000111
-0.000079
-0.000194
-0.000276
-0.000208
-0.000131
-0.000157
-0.000208
-0.000166
-0.000033
0.000075
0.000065
-0.000036
-0.000136
-0.000187
-0.000186
-0.000152
-0.000108
-0.000030
0.000123
0.000325
0.000461
0.000428
0.000250
0.000052
-0.000048
-0.000031
0.000033
0.000095
0.000124
0.000077
-0.000018
-0.000060
-0.000039
-0.000062
-0.000135
-0.000128
-0.000007
0.000101
0.000108
0.000047
-0.000009
-0.000041
-0.000086
-0.000149
-0.000201
-0.000251
-0.000293
-0.000229
-0.000025
0.000187
0.000286
0.000286
0.000252
0.000209
0.000127
0.000020
-0.000016
0.000012
-0.000032
-0.000159
-0.000225
-0.000158
-0.000012
0.000125
0.000186
0.000116
-0.000058
-0.000204
-0.000209
-0.000081
0.000048
0.000066
0.000024
0.000021
0.000056
0.000074
0.000064
0.000064
0.000074
0.000039
-0.000051
-0.000128
-0.000100
0.000053
0.000208
0.000233
0.000148
0.000059
-0.000007
-0.000097
-0.000181
-0.000172
-0.000116
-0.000152
-0.000250
-0.000231
-0.000083
0.000027
0.000070
0.000121
0.000116
-0.000006
-0.000114
-0.000093
0.000007
0.000125
0.000224
0.000233
0.000165
0.000117
0.000132
0.000173
0.000160
0.000034
-0.000123
-0.000174
-0.000137
-0.000125
-0.000118
-0.000053
0.000014
0.000047
0.000088
0.000077
-0.000065
-0.000203
-0.000169
-0.000043
-0.000008
-0.000066
-0.000101
-0.000095
-0.000075
-0.000008
0.000091
0.000132
0.000134
0.000175
0.000189
0.000093
-0.000052
-0.000139
-0.000137
-0.000073
-0.000006
0.000015
-0.000006
-0.000006
0.000023
0.000017
-0.000009
0.000006
0.000027
-0.000004
-0.000074
-0.000109
-0.000065
-0.000041
-0.000158
-0.000304
-0.000266
-0.000040
0.000206
0.000349
0.000359
0.000279
0.000224
0.000243
0.000227
0.000068
-0.000168
-0.000306
-0.000236
-0.000039
0.000099
0.000114
0.000061
-0.000027
-0.000113
-0.000097
0.000011
0.000030
-0.000049
-0.000006
0.000142
0.000129
-0.000032
-0.000078
0.000022
0.000079
0.000027
-0.000072
-0.000137
-0.000089
0.000038
0.000087
-0.000026
-0.000163
-0.000119
0.000042
0.000065
-0.000076
-0.000147
-0.000044
0.000076
0.000062
-0.000006
-0.000001
0.000004
-0.000076
-0.000149
-0.000173
-0.000202
-0.000152
0.000016
0.000114
0.000060
0.000038
0.000131
0.000201
0.000176
0.000092
-0.000022
-0.000094
-0.000029
0.000095
0.000110
0.000033
0.000008
0.000071
0.000129
0.000130
0.000137
0.000194
0.000212
0.000079
-0.000145
-0.000268
-0.000222
-0.000149
-0.000187
-0.000295
-0.000335
-0.000243
-0.000100
-0.000031
-0.000011
0.000067
0.000163
0.000156
0.000119
0.000225
0.000393
0.000358
0.000104
-0.000100
-0.000095
0.000015
0.000058
-0.000037
-0.000183
-0.000272
-0.000292
-0.000254
-0.000156
-0.000054
-0.000000
0.000031
0.000069
0.000083
0.000054
0.000041
0.000099
0.000154
0.000137
0.000123
0.000161
0.000167
0.000077
-0.000057
-0.000159
-0.000193
-0.000171
-0.000172
-0.000213
-0.000146
0.000031
0.000069
-0.000039
-0.000006
0.000203
0.000350
0.000345
0.000282
0.000192
0.000042
-0.000099
-0.000133
-0.000092
-0.000070
-0.000104
-0.000169
-0.000189
-0.000115
-0.000019
-0.000024
-0.000145
-0.000246
-0.000185
-0.000028
0.000038
0.000029
0.000070
0.000112
0.000110
0.000145
0.000215
0.000237
0.000165
0.000002
-0.000139
-0.000158
-0.000157
-0.000290
-0.000505
-0.000582
-0.000406
-0.000130
0.000041
0.000049
-0.000065
-0.000216
-0.000305
-0.000280
-0.000215
-0.000258
-0.000394
-0.000448
-0.000389
-0.000374
-0.000475
-0.000583
-0.000633
-0.000792
-0.001181
-0.001607
-0.001873
-0.002157
-0.002717
-0.003531
-0.004463
-0.005486
-0.006423
-0.006541
-0.000786
0.031778
0.103149
0.150212
0.092123
-0.025979
-0.096307
-0.101392
-0.031475
0.188766
0.402112
0.202069
-0.361993
-0.667942
-0.446326
-0.120815
-0.047425
-0.084058
-0.040844
0.045155
0.113512
0.154231
0.162408
0.162438
0.173407
0.166685
0.134846
0.121218
0.132351
0.119350
0.066387
0.006602
-0.038201
-0.066640
-0.076770
-0.074303
-0.072226
-0.071357
-0.071560
-0.081357
-0.094669
-0.097918
-0.094571
-0.090410
-0.081926
-0.066252
-0.043247
-0.016861
0.008560
0.034647
0.063714
0.091812
0.108843
0.110726
0.109879
0.116235
0.111233
0.075216
0.029714
-0.000421
-0.030432
-0.067974
-0.084971
-0.072820
-0.062096
-0.071760
-0.080387
-0.058556
-0.016498
0.006482
0.004167
0.008754
0.029553
0.042143
0.038251
0.034007
0.031328
0.016174
-0.007141
-0.018990
-0.017466
-0.013742
-0.007990
-0.001496
-0.006406
-0.018398
-0.014457
0.008086
0.026133
0.029088
0.026557
0.020097
0.007170
0.000516
0.004917
0.001878
-0.014212
-0.022700
-0.015764
-0.010679
-0.016385
-0.022186
-0.018289
-0.005042
0.010408
0.018036
0.015670
0.012292
0.012613
0.009639
0.000547
-0.003146
0.004676
0.010886
0.006921
-0.000242
-0.008613
-0.019210
-0.023194
-0.014808
-0.002527
0.001290
-0.003479
-0.004324
0.003865
0.009995
0.005430
-0.003576
-0.006514
0.002292
0.020609
0.032992
0.024208
0.002770
-0.010338
-0.011944
-0.012607
-0.011578
-0.001943
0.006770
0.000934
-0.009804
-0.009223
-0.003697
-0.005959
-0.012213
-0.013791
-0.010028
-0.002672
0.006696
0.011714
0.006753
-0.000257
0.004486
0.015888
0.016258
0.009567
0.011951
0.014683
0.003165
-0.008644
-0.002783
0.012504
0.018736
0.010816
-0.002695
-0.014309
-0.026618
-0.043115
-0.056011
-0.050769
-0.024902
0.006154
0.027887
0.036997
0.035774
0.032552
0.033799
0.030503
0.012208
-0.010609
-0.018104
-0.008093
0.003825
0.005473
-0.000511
-0.005697
-0.009687
-0.017595
-0.026928
-0.026611
-0.011513
0.007342
0.014449
0.007162
-0.006918
-0.019620
-0.021995
-0.007528
0.016690
0.031924
0.029551
0.020435
0.014646
0.009860
0.004415
-0.001304
-0.011612
-0.022857
-0.021936
-0.010621
-0.004499
-0.003653
0.005334
0.019046
0.019018
0.002490
-0.013178
-0.014015
-0.004004
0.000984
-0.005118
-0.007504
0.003547
0.012521
0.006110
-0.003794
-0.001702
0.008043
0.010660
0.002335
-0.005697
-0.002299
0.007341
0.008152
-0.000725
-0.005449
-0.001801
0.002126
0.003393
0.003009
-0.002747
-0.013043
-0.017228
-0.009476
0.001554
0.004433
0.000279
-0.001263
0.002614
0.005190
-0.000458
-0.011763
-0.015273
-0.003538
0.011400
0.015284
0.010367
0.005197
0.001903
0.000780
0.002293
0.002936
0.000831
0.000333
0.002177
0.000129
-0.005604
-0.006349
-0.001442
-0.000352
-0.004782
-0.005538
0.000624
0.006198
0.005550
0.001296
-0.001819
-0.002175
-0.000753
0.000062
-0.001491
-0.003997
-0.004333
-0.001387
0.002811
0.005295
0.004710
0.001195
-0.003466
-0.005058
-0.002022
0.001183
0.001531
0.001098
0.001036
0.000608
0.000401
0.000653
0.000546
0.000622
0.001326
0.000927
-0.001138
-0.002311
-0.001313
-0.000229
-0.000291
0.000066
0.001609
0.002591
0.001642
-0.000293
-0.001499
-0.001471
-0.000754
0.000174
0.000550
-0.000411
-0.001659
-0.001295
0.000212
0.000638
-0.000213
-0.000343
0.000703
0.001234
0.000674
0.000286
0.000667
0.000773
-0.000147
-0.001067
-0.000733
0.000215
0.000272
-0.000408
-0.000429
0.000304
0.000557
0.000067
-0.000223
-0.000007
0.000120
-0.000209
-0.000729
-0.000861
-0.000366
0.000158
0.000043
-0.000366
-0.000190
0.000639
0.001276
0.001122
0.000470
0.000007
0.000050
0.000255
0.000063
-0.000483
-0.000732
-0.000435
-0.000116
-0.000194
-0.000375
-0.000250
0.000014
0.000027
-0.000138
-0.000177
-0.000141
-0.000232
-0.000310
-0.000110
0.000214
0.000225
-0.000090
-0.000229
0.000080
0.000451
0.000462
0.000306
0.000388
0.000567
0.000382
-0.000053
-0.000146
0.000140
0.000256
0.000061
-0.000052
0.000020
-0.000039
-0.000315
-0.000500
-0.000403
-0.000215
-0.000190
-0.000283
-0.000194
0.000157
0.000396
0.000184
-0.000269
-0.000467
-0.000297
-0.000069
0.000015
0.000048
0.000111
0.000137
0.000096
0.000124
0.000316
0.000484
0.000424
0.000257
0.000183
0.000196
0.000257
0.000358
0.000335
0.000046
-0.000274
-0.000257
0.000001
-0.000014
-0.000487
-0.001004
-0.001190
-0.001183
-0.001240
-0.001260
-0.000929
-0.000181
0.000640
0.001210
0.001543
0.001702
0.001581
0.001175
0.000692
0.000282
-0.000103
-0.000536
-0.000922
-0.001049
-0.000862
-0.000584
-0.000405
-0.000234
0.000083
0.000487
0.000813
0.001015
0.001151
0.001197
0.000958
0.000300
-0.000534
-0.001089
-0.001201
-0.001086
-0.000942
-0.000728
-0.000443
-0.000286
-0.000300
-0.000192
0.000223
0.000646
0.000697
0.000507
0.000475
0.000571
0.000449
0.000095
-0.000194
-0.000301
-0.000329
-0.000327
-0.000282
-0.000236
-0.000216
-0.000163
-0.000082
-0.000058
-0.000018
0.000197
0.000442
0.000434
0.000248
0.000173
0.000191
0.000064
-0.000201
-0.000324
-0.000202
-0.000050
-0.000042
-0.000133
-0.000204
-0.000181
-0.000097
-0.000057
-0.000006
0.000222
0.000494
0.000472
0.000169
-0.000062
-0.000042
0.000083
0.000135
0.000087
-0.000062
-0.000329
-0.000486
-0.000232
0.000193
0.000272
0.000001
-0.000233
-0.000240
-0.000090
0.000017
-0.000035
-0.000088
-0.000045
-0.000118
-0.000293
-0.000163
0.000264
0.000486
0.000428
0.000346
0.000128
-0.000253
-0.000259
0.000315
0.000686
0.000173
-0.000721
-0.000993
-0.000404
0.000352
0.000566
0.000210
-0.000314
-0.000497
-0.000018
0.000657
0.000565
-0.000318
-0.000805
-0.000260
0.000395
0.000256
-0.000146
-0.000029
0.000355
0.000357
-0.000172
-0.000725
-0.000595
0.000201
0.000734
0.000448
0.000051
0.000240
0.000402
-0.000206
-0.000923
-0.000744
0.000006
0.000425
0.000372
0.000027
-0.000632
-0.001121
-0.000648
0.000418
0.000886
0.000579
0.000215
0.000213
0.000648
0.001259
0.001405
0.000690
-0.000620
-0.001403
-0.000676
0.000480
0.000259
-0.000908
-0.001304
-0.000541
0.000339
0.000207
-0.000911
-0.001630
-0.000957
0.000277
0.000937
0.001318
0.001803
0.001411
-0.000155
-0.000891
0.000350
0.001076
-0.000835
-0.002644
-0.001176
0.001307
0.001133
-0.000596
-0.000679
0.000576
0.000610
-0.000425
-0.000461
0.000198
0.000226
0.000032
-0.000184
-0.000660
-0.000270
0.001233
0.001768
0.000692
0.000169
0.000682
-0.000072
-0.002130
-0.002563
-0.000871
0.000516
0.000741
0.000294
-0.000923
-0.001437
0.000571
0.002820
0.001955
-0.000573
-0.001018
0.000605
0.001371
0.000450
-0.000811
-0.001698
-0.001667
-0.000119
0.001497
0.001062
-0.000515
-0.000588
0.000777
0.000724
-0.001483
-0.002314
0.000202
0.002192
0.000465
-0.001683
-0.000345
0.002258
0.001710
-0.001027
-0.001425
0.000697
0.001349
-0.000598
-0.002218
-0.001506
0.000004
0.000254
0.000149
0.001123
0.001653
0.000365
-0.000928
-0.000638
0.000300
0.000962
0.001126
-0.000025
-0.002197
-0.003064
-0.001555
0.000532
0.001571
0.002291
0.003310
0.003061
0.000589
-0.001974
-0.001937
0.000116
0.000674
-0.002084
-0.005137
-0.003763
0.001722
0.005483
0.004319
0.000909
-0.002172
-0.004258
-0.003866
-0.001058
0.000983
0.000889
0.000978
0.002133
0.002442
0.002075
0.002541
0.001845
-0.001675
-0.004293
-0.002812
-0.000248
-0.000199
-0.001109
-0.000968
-0.001125
-0.000900
0.002653
0.006655
0.004398
-0.003360
-0.007206
-0.001528
0.006223
0.005633
-0.000890
-0.003549
-0.001413
-0.000968
-0.003003
-0.002625
0.000869
0.003734
0.003411
0.000093
-0.002377
-0.000382
0.002498
0.000570
-0.004390
-0.005942
-0.002004
0.002476
0.002305
-0.000654
-0.001295
0.001242
0.004505
0.005387
0.001137
-0.005282
-0.005765
0.001369
0.008578
0.008868
0.001901
-0.006604
-0.009756
-0.006184
-0.000415
0.002926
0.002758
0.000076
-0.003280
-0.003707
0.000501
0.004735
0.004455
0.002304
0.001914
0.001799
0.000175
-0.001478
-0.001948
-0.002684
-0.004433
-0.004401
-0.000817
0.002932
0.003646
0.003165
0.002695
-0.000448
-0.004754
-0.003641
0.002059
0.003691
0.000319
-0.000612
0.001255
0.000199
-0.002136
-0.000590
0.001857
-0.000360
-0.003370
0.000627
0.007977
0.005954
-0.006563
-0.013152
-0.004621
0.004960
0.003435
-0.000400
0.000461
-0.000089
-0.001522
0.002339
0.005656
0.000885
-0.004413
-0.000876
0.005347
0.002714
-0.006809
-0.010114
-0.001535
0.010477
0.013896
0.004341
-0.009190
-0.010998
0.000998
0.010617
0.006729
-0.001998
-0.004562
-0.004990
-0.008177
-0.006011
0.003604
0.005807
-0.004613
-0.010946
-0.003078
0.007559
0.009363
0.003767
-0.003322
-0.005554
0.001017
0.008624
0.005617
-0.003801
-0.006038
-0.000661
0.003100
0.004915
0.007761
0.004927
-0.005712
-0.009948
-0.000622
0.007616
0.004079
-0.002354
-0.003405
-0.002389
-0.002706
-0.003349
-0.003111
-0.000930
0.002010
0.001938
-0.000958
-0.002878
-0.001953
0.001187
0.003681
0.002569
-0.001130
-0.003527
-0.002393
0.000687
0.001600
-0.000945
-0.003282
-0.003073
0.000009
0.006904
0.011683
0.006105
-0.002291
-0.001314
0.002014
-0.003486
-0.009594
-0.003953
0.006506
0.005945
-0.004352
-0.007795
0.000351
0.005993
0.001184
-0.002303
0.003074
0.003890
-0.005925
-0.008383
0.003533
0.010340
0.002914
-0.004014
-0.002346
0.000371
-0.000275
-0.001694
-0.001156
0.001802
0.002541
-0.003203
-0.007852
-0.002651
0.004669
0.004894
0.002487
0.000672
-0.001882
-0.002639
-0.002322
-0.003012
-0.000643
0.003435
0.000953
-0.005260
-0.003809
0.004380
0.007928
0.005016
0.002068
-0.000539
-0.002793
-0.001448
-0.000387
-0.002045
-0.000328
0.003915
0.004913
0.003110
-0.002085
-0.009328
-0.008699
0.000766
0.005322
0.000214
-0.003706
-0.000564
0.002832
-0.000072
-0.006115
-0.006497
0.001471
0.010127
0.011227
0.004581
-0.002489
-0.002547
0.001711
0.001288
-0.003249
-0.003917
-0.000221
0.001783
-0.000784
-0.004186
-0.002857
0.001654
0.003348
0.001582
-0.000619
-0.001431
-0.000130
0.001901
0.001582
-0.002149
-0.005806
-0.004822
-0.000147
0.003459
0.003846
0.001929
0.000041
-0.000154
0.000301
0.000682
0.001517
0.001097
-0.001646
-0.003289
-0.001506
0.000939
0.001910
0.002446
0.001935
-0.000630
-0.002154
-0.000580
0.001220
0.000893
-0.000961
-0.002944
-0.003796
-0.002802
-0.000190
0.002136
0.002090
0.001054
0.001469
0.001884
0.000637
-0.000068
0.000791
0.000765
-0.000610
-0.001231
-0.000901
-0.000974
-0.001330
-0.000697
0.001164
0.002845
0.002821
0.001431
0.000143
-0.000637
-0.001088
-0.000998
-0.000516
-0.000344
-0.000764
-0.001263
-0.001412
-0.001366
-0.001296
-0.001122
-0.000789
-0.000382
-0.000019
0.000248
0.000443
0.000610
0.000740
0.000813
0.000848
0.000871
0.000905
0.000952
0.000947
0.000820
0.000610
0.000436
0.000299
0.000127
-0.000041
-0.000083
-0.000015
-0.000019
-0.000181
-0.000361
-0.000449
-0.000537
-0.000682
-0.000731
-0.000579
-0.000376
-0.000271
-0.000186
-0.000073
-0.000035
-0.000066
-0.000021
0.000152
0.000318
0.000356
0.000321
0.000272
0.000186
0.000108
0.000088
0.000081
0.000041
-0.000029
-0.000080
-0.000046
0.000020
-0.000006
-0.000106
-0.000162
-0.000119
-0.000014
0.000026
-0.000110
-0.000323
-0.000375
-0.000190
0.000027
0.000086
0.000081
0.000113
0.000091
0.000010
0.000012
0.000100
0.000112
0.000041
0.000031
0.000075
0.000058
-0.000007
-0.000047
-0.000057
-0.000063
-0.000050
0.000017
0.000089
0.000073
0.000009
-0.000011
-0.000015
-0.000088
-0.000202
-0.000224
-0.000098
0.000044
0.000070
0.000049
0.000087
0.000160
0.000213
0.000228
0.000210
0.000179
0.000139
0.000054
-0.000058
-0.000100
-0.000055
-0.000031
-0.000102
-0.000211
-0.000263
-0.000239
-0.000187
-0.000119
-0.000035
0.000001
-0.000035
-0.000062
-0.000057
-0.000063
-0.000056
0.000015
0.000089
0.000102
0.000165
0.000309
0.000280
0.000030
-0.000078
0.000114
0.000294
0.000205
-0.000002
-0.000090
-0.000085
-0.000113
-0.000171
-0.000213
-0.000206
-0.000097
0.000072
0.000152
0.000061
-0.000126
-0.000243
-0.000199
-0.000071
0.000032
0.000103
0.000177
0.000237
0.000244
0.000193
0.000116
0.000042
-0.000014
-0.000033
-0.000006
0.000009
-0.000032
-0.000061
-0.000024
-0.000016
-0.000114
-0.000237
-0.000248
-0.000126
-0.000012
-0.000035
-0.000117
-0.000107
-0.000033
0.000020
0.000079
0.000135
0.000114
0.000065
0.000078
0.000095
0.000074
0.000143
0.000318
0.000381
0.000245
0.000132
0.000149
0.000086
-0.000133
-0.000271
-0.000206
-0.000113
-0.000154
-0.000234
-0.000186
-0.000076
-0.000103
-0.000263
-0.000335
-0.000203
-0.000029
-0.000001
-0.000072
-0.000075
0.000022
0.000090
0.000025
-0.000076
-0.000009
0.000242
0.000429
0.000365
0.000186
0.000123
0.000145
0.000054
-0.000139
-0.000230
-0.000152
-0.000025
0.000078
0.000137
0.000083
-0.000064
-0.000179
-0.000241
-0.000266
-0.000181
-0.000001
0.000117
0.000102
0.000052
0.000074
0.000154
0.000220
0.000229
0.000189
0.000142
0.000083
-0.000008
-0.000077
-0.000086
-0.000117
-0.000203
-0.000224
-0.000178
-0.000199
-0.000252
-0.000190
-0.000023
0.000132
0.000202
0.000168
0.000113
0.000123
0.000131
0.000062
-0.000015
-0.000013
0.000064
0.000147
0.000172
0.000130
0.000036
-0.000056
-0.000013
0.000147
0.000154
-0.000091
-0.000337
-0.000400
-0.000345
-0.000228
-0.000059
0.000065
0.000074
0.000051
0.000071
0.000082
0.000048
0.000048
0.000131
0.000175
0.000090
-0.000003
0.000040
0.000148
0.000158
0.000053
-0.000050
-0.000068
-0.000082
-0.000224
-0.000432
-0.000481
-0.000300
-0.000068
0.000044
0.000079
0.000156
0.000267
0.000301
0.000216
0.000116
0.000131
0.000208
0.000182
0.000031
-0.000083
-0.000058
-0.000006
-0.000062
-0.000171
-0.000212
-0.000152
-0.000048
0.000002
-0.000049
-0.000121
-0.000117
-0.000068
-0.000052
-0.000045
0.000042
0.000165
0.000190
0.000178
0.000253
0.000304
0.000206
0.000058
-0.000015
-0.000008
0.000013
-0.000003
-0.000041
-0.000062
-0.000033
0.000019
-0.000025
-0.000228
-0.000457
-0.000516
-0.000372
-0.000207
-0.000195
-0.000249
-0.000188
-0.000032
0.000119
0.000246
0.000312
0.000271
0.000221
0.000259
0.000300
0.000256
0.000197
0.000201
0.000219
0.000192
0.000147
0.000121
0.000073
-0.000026
-0.000131
-0.000179
-0.000160
-0.000120
-0.000097
-0.000080
-0.000069
-0.000072
-0.000060
-0.000018
-0.000006
-0.000050
-0.000099
-0.000145
-0.000212
-0.000250
-0.000195
-0.000085
-0.000014
0.000047
0.000212
0.000377
0.000339
0.000180
0.000115
0.000106
-0.000002
-0.000144
-0.000167
-0.000111
-0.000105
-0.000133
-0.000062
0.000087
0.000109
-0.000019
-0.000082
-0.000034
-0.000020
-0.000063
-0.000098
-0.000148
-0.000229
-0.000251
-0.000144
0.000031
0.000149
0.000172
0.000128
0.000032
-0.000048
-0.000034
0.000023
0.000056
0.000110
0.000212
0.000273
0.000227
0.000156
0.000127
0.000065
-0.000053
-0.000099
-0.000048
-0.000057
-0.000178
-0.000272
-0.000286
-0.000295
-0.000282
-0.000153
0.000070
0.000269
0.000377
0.000396
0.000348
0.000316
0.000340
0.000273
0.000052
-0.000150
-0.000252
-0.000312
-0.000319
-0.000313
-0.000363
-0.000367
-0.000244
-0.000118
-0.000072
-0.000025
0.000070
0.000151
0.000178
0.000154
0.000102
0.000075
0.000095
0.000120
0.000083
-0.000021
-0.000048
0.000060
0.000125
0.000031
-0.000087
-0.000057
0.000083
0.000145
0.000086
0.000048
0.000082
0.000101
0.000059
0.000015
0.000018
0.000025
-0.000003
-0.000029
-0.000058
-0.000116
-0.000142
-0.000092
-0.000031
0.000009
0.000032
-0.000034
-0.000170
-0.000190
-0.000045
0.000070
-0.000001
-0.000178
-0.000254
-0.000102
0.000186
0.000360
0.000287
0.000109
0.000021
0.000030
0.000040
0.000021
-0.000007
-0.000031
-0.000022
0.000031
0.000071
0.000082
0.000089
-0.000003
-0.000247
-0.000405
-0.000294
-0.000081
0.000031
0.000047
0.000034
0.000019
0.000006
-0.000007
-0.000030
-0.000045
-0.000016
0.000028
0.000064
0.000110
0.000091
-0.000067
-0.000209
-0.000135
0.000071
0.000192
0.000206
0.000199
0.000154
0.000051
-0.000015
0.000038
0.000104
0.000052
-0.000034
-0.000029
0.000015
-0.000010
-0.000147
-0.000328
-0.000386
-0.000273
-0.000118
-0.000019
0.000031
0.000070
0.000105
0.000096
0.000057
0.000077
0.000180
0.000290
0.000336
0.000315
0.000255
0.000174
0.000106
0.000076
0.000013
-0.000125
-0.000216
-0.000179
-0.000135
-0.000191
-0.000258
-0.000228
-0.000188
-0.000266
-0.000358
-0.000281
-0.000079
0.000072
0.000138
0.000203
0.000262
0.000220
0.000094
0.000022
0.000035
0.000057
0.000067
0.000113
0.000209
0.000255
0.000159
-0.000009
-0.000120
-0.000139
-0.000113
-0.000102
-0.000092
-0.000066
-0.000084
-0.000126
-0.000076
0.000036
0.000062
0.000010
-0.000037
-0.000105
-0.000181
-0.000170
-0.000059
0.000100
0.000231
0.000218
0.000080
0.000029
0.000151
0.000269
0.000260
0.000212
0.000209
0.000216
0.000133
-0.000066
-0.000238
-0.000245
-0.000190
-0.000241
-0.000341
-0.000338
-0.000249
-0.000175
-0.000135
-0.000086
-0.000040
-0.000048
-0.000071
-0.000047
-0.000001
0.000039
0.000079
0.000109
0.000131
0.000163
0.000231
0.000329
0.000351
0.000214
0.000028
-0.000052
-0.000043
-0.000037
-0.000017
0.000043
0.000014
-0.000165
-0.000329
-0.000363
-0.000298
-0.000125
0.000120
0.000261
0.000184
0.000044
0.000081
0.000251
0.000354
0.000318
0.000144
-0.000112
-0.000308
-0.000334
-0.000197
-0.000030
0.000030
0.000000
-0.000039
-0.000060
-0.000069
-0.000068
-0.000007
0.000111
0.000118
-0.000101
-0.000382
-0.000412
-0.000131
0.000174
0.000269
0.000200
0.000122
0.000142
0.000215
0.000234
0.000193
0.000134
0.000046
-0.000095
-0.000191
-0.000068
0.000170
0.000236
0.000102
-0.000046
-0.000056
0.000031
-0.000003
-0.000148
-0.000167
-0.000057
