3200
0.000252
0.000041
0.000043
0.000280
0.000370
0.000195
0.000035
0.000039
0.000063
0.000065
0.000170
0.000268
0.000088
-0.000288
-0.000511
-0.000451
-0.000257
-0.000135
-0.000179
-0.000267
-0.000232
-0.000154
-0.000230
-0.000398
-0.000370
-0.000078
0.000157
0.000098
-0.000009
0.000164
0.000497
0.000646
0.000533
0.000386
0.000389
0.000439
0.000311
0.000036
-0.000098
0.000025
0.000213
0.000262
0.000143
-0.000049
-0.000205
-0.000291
-0.000324
-0.000296
-0.000218
-0.000218
-0.000358
-0.000452
-0.000333
-0.000120
-0.000025
-0.000101
-0.000175
-0.000045
0.000187
0.000219
0.000090
0.000154
0.000351
0.000219
-0.000186
-0.000295
-0.000022
0.000124
-0.000094
-0.000300
-0.000114
0.000316
0.000585
0.000527
0.000246
-0.000018
-0.000085
-0.000022
-0.000016
-0.000129
-0.000277
-0.000360
-0.000304
-0.000106
0.000091
0.000115
0.000015
-0.000010
0.000058
0.000060
-0.000041
-0.000087
0.000021
0.000160
0.000231
0.000284
0.000280
0.000109
-0.000116
-0.000143
0.000004
0.000017
-0.000172
-0.000240
0.000010
0.000295
0.000240
-0.000046
-0.000186
-0.000178
-0.000265
-0.000410
-0.000364
-0.000106
0.000103
0.000114
0.000048
0.000061
0.000149
0.000180
0.000075
-0.000092
-0.000201
-0.000171
0.000001
0.000186
0.000220
0.000086
-0.000003
0.000098
0.000191
0.000124
0.000064
0.000074
0.000001
-0.000120
-0.000113
-0.000069
-0.000217
-0.000466
-0.000490
-0.000219
0.000039
0.000046
0.000005
0.000246
0.000621
0.000676
0.000390
0.000161
0.000111
-0.000004
-0.000220
-0.000250
-0.000071
-0.000023
-0.000145
-0.000066
0.000257
0.000363
0.000064
-0.000203
-0.000081
0.000115
-0.000034
-0.000312
-0.000265
0.000005
0.000065
-0.000099
-0.000141
-0.000025
-0.000030
-0.000157
-0.000168
-0.000116
-0.000179
-0.000176
0.000095
0.000317
0.000122
-0.000187
-0.000085
0.000251
0.000244
-0.000063
-0.000102
0.000225
0.000434
0.000308
0.000133
0.000060
-0.000085
-0.000293
-0.000281
-0.000040
0.000034
-0.000227
-0.000435
-0.000286
-0.000050
-0.000064
-0.000180
-0.000046
0.000277
0.000369
0.000177
0.000115
0.000283
0.000314
0.000100
-0.000066
-0.000050
-0.000039
-0.000100
-0.000088
-0.000082
-0.000227
-0.000277
-0.000008
0.000259
0.000159
-0.000099
-0.000091
0.000102
0.000077
-0.000135
-0.000105
0.000225
0.000327
-0.000076
-0.000461
-0.000332
0.000026
0.000125
0.000029
0.000082
0.000238
0.000157
-0.000108
-0.000130
0.000125
0.000199
-0.000054
-0.000210
-0.000044
0.000109
0.000030
-0.000036
0.000051
0.000068
-0.000092
-0.000220
-0.000219
-0.000210
-0.000171
-0.000007
0.000104
-0.000063
-0.000267
-0.000038
0.000499
0.000674
0.000293
-0.000042
0.000105
0.000350
0.000198
-0.000151
-0.000228
-0.000093
-0.000131
-0.000320
-0.000318
-0.000142
-0.000103
-0.000167
-0.000026
0.000265
0.000321
0.000109
0.000033
0.000224
0.000300
0.000048
-0.000207
-0.000151
0.000065
0.000126
-0.000021
-0.000209
-0.000299
-0.000218
0.000021
0.000225
0.000213
0.000158
0.000315
0.000459
0.000171
-0.000411
-0.000703
-0.000486
-0.000177
-0.000175
-0.000319
-0.000250
0.000019
0.000183
0.000140
0.000094
0.000101
-0.000010
-0.000146
-0.000018
0.000258
0.000298
0.000117
0.000041
0.000081
-0.000016
-0.000190
-0.000147
0.000127
0.000396
0.000457
0.000242
-0.000062
-0.000171
-0.000081
-0.000017
-0.000131
-0.000333
-0.000354
-0.000130
0.000046
-0.000023
-0.000157
-0.000145
-0.000037
0.000008
-0.000041
-0.000030
0.000161
0.000347
0.000274
0.000084
0.000113
0.000270
0.000190
-0.000065
-0.000064
0.000195
0.000238
-0.000063
-0.000289
-0.000174
0.000003
-0.000100
-0.000333
-0.000271
0.000131
0.000416
0.000239
-0.000138
-0.000190
0.000101
0.000231
0.000016
-0.000140
-0.000019
0.000036
-0.000222
-0.000487
-0.000386
-0.000070
0.000054
-0.000057
-0.000101
0.000038
0.000145
0.000055
-0.000081
0.000004
0.000286
0.000416
0.000215
-0.000025
0.000016
0.000240
0.000344
0.000236
0.000050
-0.000036
0.000044
0.000088
-0.000161
-0.000493
-0.000408
0.000040
0.000165
-0.000239
-0.000433
0.000017
0.000393
0.000036
-0.000489
-0.000324
0.000243
0.000330
-0.000045
-0.000168
0.000103
0.000267
0.000079
-0.000167
-0.000146
0.000051
0.000109
-0.000036
-0.000133
0.000012
0.000204
0.000113
-0.000162
-0.000188
0.000128
0.000393
0.000273
-0.000074
-0.000205
-0.000027
0.000061
-0.000176
-0.000403
-0.000204
0.000300
0.000535
0.000225
-0.000152
-0.000074
0.000186
0.000088
-0.000237
-0.000239
0.000116
0.000306
0.000086
-0.000222
-0.000292
-0.000169
-0.000097
-0.000215
-0.000373
-0.000319
-0.000086
0.000055
0.000015
0.000009
0.000174
0.000294
0.000170
0.000002
0.000040
0.000204
0.000278
0.000195
0.000073
0.000046
0.000013
-0.000157
-0.000244
-0.000001
0.000340
0.000369
0.000123
0.000020
0.000182
0.000224
-0.000101
-0.000437
-0.000368
-0.000050
0.000047
-0.000196
-0.000418
-0.000215
0.000318
0.000592
0.000288
-0.000126
-0.000049
0.000340
0.000378
-0.000032
-0.000334
-0.000271
-0.000205
-0.000407
-0.000618
-0.000530
-0.000267
-0.000127
-0.000133
-0.000066
0.000200
0.000482
0.000525
0.000404
0.000353
0.000329
0.000147
-0.000109
-0.000144
0.000073
0.000187
-0.000067
-0.000497
-0.000659
-0.000377
0.000012
0.000085
-0.000076
-0.000019
0.000366
0.000577
0.000240
-0.000222
-0.000193
0.000188
0.000293
-0.000008
-0.000176
0.000086
0.000311
0.000082
-0.000220
-0.000082
0.000207
0.000080
-0.000297
-0.000363
-0.000124
-0.000018
-0.000141
-0.000232
-0.000190
-0.000162
-0.000148
0.000027
0.000282
0.000333
0.000169
0.000050
0.000099
0.000232
0.000339
0.000311
0.000040
-0.000297
-0.000238
0.000242
0.000487
0.000139
-0.000292
-0.000287
-0.000126
-0.000286
-0.000537
-0.000359
0.000039
-0.000023
-0.000463
-0.000460
0.000151
0.000577
0.000373
0.000020
0.000026
0.000234
0.000236
0.000012
-0.000104
0.000056
0.000274
0.000264
0.000043
-0.000126
-0.000093
0.000014
-0.000008
-0.000152
-0.000207
-0.000059
0.000081
-0.000052
-0.000257
-0.000070
0.000374
0.000358
-0.000208
-0.000444
0.000098
0.000588
0.000184
-0.000583
-0.000622
0.000019
0.000397
0.000248
0.000152
0.000302
0.000287
0.000018
-0.000078
0.000145
0.000288
0.000065
-0.000259
-0.000305
-0.000158
-0.000121
-0.000206
-0.000244
-0.000201
-0.000142
-0.000095
-0.000061
-0.000049
-0.000060
-0.000112
-0.000245
-0.000398
-0.000371
-0.000036
0.000378
0.000421
0.000085
-0.000057
0.000243
0.000448
0.000126
-0.000251
-0.000022
0.000523
0.000531
-0.000062
-0.000404
-0.000066
0.000318
0.000153
-0.000137
0.000032
0.000332
0.000176
-0.000256
-0.000380
-0.000180
-0.000113
-0.000227
-0.000125
0.000199
0.000301
0.000088
-0.000082
-0.000005
0.000173
0.000235
0.000118
-0.000024
0.000023
0.000255
0.000356
0.000066
-0.000395
-0.000554
-0.000327
-0.000144
-0.000271
-0.000389
-0.000184
0.000077
-0.000006
-0.000266
-0.000221
0.000121
0.000275
0.000090
-0.000069
0.000068
0.000291
0.000269
0.000069
-0.000001
0.000079
0.000071
-0.000051
-0.000015
0.000255
0.000396
0.000193
0.000018
0.000168
0.000348
0.000246
-0.000029
-0.000248
-0.000295
-0.000192
-0.000102
-0.000150
-0.000195
-0.000044
0.000108
-0.000110
-0.000528
-0.000537
-0.000070
0.000250
0.000059
-0.000246
-0.000154
0.000154
0.000129
-0.000178
-0.000166
0.000256
0.000467
0.000198
-0.000022
0.000128
0.000245
0.000074
-0.000071
0.000026
0.000138
0.000033
-0.000163
-0.000192
-0.000018
0.000202
0.000316
0.000253
0.000084
0.000001
0.000090
0.000151
-0.000017
-0.000227
-0.000174
0.000016
-0.000051
-0.000355
-0.000436
-0.000149
0.000058
-0.000137
-0.000374
-0.000191
0.000146
0.000051
-0.000347
-0.000359
0.000125
0.000426
0.000209
0.000008
0.000188
0.000232
-0.000248
-0.000614
-0.000232
0.000320
0.000174
-0.000340
-0.000287
0.000333
0.000704
0.000527
0.000273
0.000282
0.000373
0.000332
0.000196
0.000045
-0.000059
-0.000031
0.000048
-0.000024
-0.000206
-0.000224
-0.000053
-0.000002
-0.000203
-0.000358
-0.000157
0.000175
0.000142
-0.000185
-0.000268
-0.000082
-0.000138
-0.000501
-0.000642
-0.000332
-0.000011
-0.000015
-0.000014
0.000339
0.000689
0.000574
0.000246
0.000192
0.000273
0.000043
-0.000431
-0.000632
-0.000346
0.000065
0.000172
-0.000074
-0.000336
-0.000233
0.000196
0.000513
0.000477
0.000278
0.000132
0.000024
-0.000110
-0.000218
-0.000213
-0.000141
-0.000141
-0.000192
-0.000111
0.000085
0.000117
-0.000029
0.000007
0.000296
0.000381
0.000028
-0.000268
-0.000017
0.000397
0.000285
-0.000198
-0.000311
0.000033
0.000188
-0.000073
-0.000220
0.000012
0.000156
-0.000081
-0.000261
-0.000034
0.000188
-0.000022
-0.000347
-0.000367
-0.000262
-0.000252
-0.000126
0.000166
0.000270
0.000115
0.000121
0.000400
0.000452
0.000086
-0.000117
0.000129
0.000185
-0.000309
-0.000658
-0.000355
-0.000011
-0.000173
-0.000274
0.000242
0.000725
0.000404
-0.000209
-0.000121
0.000471
0.000519
-0.000121
-0.000469
-0.000097
0.000217
-0.000084
-0.000464
-0.000326
0.000095
0.000278
0.000185
0.000135
0.000218
0.000245
0.000142
0.000029
-0.000065
-0.000190
-0.000266
-0.000217
-0.000165
-0.000191
-0.000167
-0.000036
0.000039
-0.000029
-0.000056
0.000053
0.000045
-0.000203
-0.000254
0.000179
0.000523
0.000180
-0.000365
-0.000260
0.000245
0.000232
-0.000220
-0.000218
0.000281
0.000465
0.000141
-0.000052
0.000182
0.000401
0.000235
-0.000086
-0.000172
-0.000021
0.000099
0.000020
-0.000154
-0.000208
-0.000140
-0.000121
-0.000206
-0.000294
-0.000273
-0.000178
-0.000180
-0.000344
-0.000432
-0.000175
0.000223
0.000218
-0.000164
-0.000168
0.000442
0.000800
0.000309
-0.000276
-0.000048
0.000542
0.000480
-0.000111
-0.000349
-0.000136
-0.000072
-0.000237
-0.000148
0.000272
0.000523
0.000352
0.000087
0.000063
0.000167
0.000086
-0.000228
-0.000489
-0.000472
-0.000283
-0.000210
-0.000363
-0.000464
-0.000180
0.000305
0.000452
0.000144
-0.000109
0.000106
0.000425
0.000217
-0.000336
-0.000434
0.000006
0.000189
-0.000203
-0.000506
-0.000228
0.000135
-0.000005
-0.000357
-0.000325
-0.000067
-0.000138
-0.000491
-0.000524
-0.000147
0.000164
0.000202
0.002014
0.010307
0.023287
0.026369
0.011595
-0.007806
-0.016773
-0.019032
0.012641
0.159474
0.311357
0.156818
-0.258942
-0.471167
-0.303361
-0.086079
-0.054538
-0.077772
-0.028151
0.046909
0.084271
0.094837
0.105539
0.116001
0.118720
0.113381
0.105469
0.096614
0.085692
0.070083
0.042084
0.000755
-0.037767
-0.057495
-0.060878
-0.061412
-0.066201
-0.070160
-0.067948
-0.062458
-0.058001
-0.053533
-0.046596
-0.037813
-0.028981
-0.020087
-0.010060
0.000999
0.014365
0.032403
0.050631
0.060532
0.062974
0.065434
0.067530
0.060827
0.042882
0.022543
0.006587
-0.007932
-0.022831
-0.033875
-0.039876
-0.045028
-0.048775
-0.044993
-0.034118
-0.023177
-0.014832
-0.005623
0.006239
0.016697
0.021459
0.021215
0.018477
0.014129
0.009439
0.006145
0.002078
-0.004923
-0.009227
-0.007093
-0.005225
-0.007076
-0.006379
-0.000190
0.006105
0.008949
0.010773
0.012504
0.012143
0.010236
0.008478
0.005471
0.000195
-0.004116
-0.006044
-0.008765
-0.012167
-0.012822
-0.010934
-0.008172
-0.004492
-0.001237
-0.000158
0.000781
0.003558
0.005293
0.005676
0.008794
0.011250
0.007164
0.001035
-0.002027
-0.003933
-0.005282
-0.005797
-0.006682
-0.005270
0.000457
0.005130
0.003361
-0.001856
-0.003097
0.001062
0.003557
0.000939
-0.000229
0.002254
0.002182
-0.000572
-0.001553
-0.001308
-0.001912
-0.003369
-0.004361
-0.003060
-0.000392
0.000354
-0.000404
0.000769
0.003634
0.005153
0.004393
0.002766
0.002376
0.003716
0.003822
0.000704
-0.002134
-0.002663
-0.004364
-0.006731
-0.005498
-0.002474
-0.000626
0.001113
0.001314
-0.000522
0.000392
0.004375
0.005310
0.000792
-0.004156
-0.003724
0.000905
0.003610
0.002714
0.001067
-0.000650
-0.001735
-0.000762
-0.000659
-0.002660
-0.002230
0.000430
0.000753
0.000946
0.003968
0.004458
0.000402
-0.000807
0.001817
0.000944
-0.002536
-0.003208
-0.002019
0.000858
0.004561
0.002694
-0.004180
-0.008152
-0.006133
-0.000592
0.002071
-0.001518
-0.003871
-0.000379
0.001269
-0.000159
0.004668
0.010872
0.005076
-0.004809
-0.002467
0.007787
0.009247
-0.000711
-0.006629
-0.002584
-0.001402
-0.005139
-0.001924
0.004624
0.000704
-0.008191
-0.005238
0.007267
0.010215
-0.001245
-0.010285
-0.006655
0.000098
-0.000021
-0.004073
-0.004034
0.001541
0.007600
0.010649
0.009336
0.002507
-0.005453
-0.006179
-0.000364
0.002327
-0.000768
-0.003449
-0.002270
0.001124
0.003550
0.003517
0.002515
0.000159
-0.004428
-0.005830
-0.001811
-0.001158
-0.005198
-0.001807
0.008128
0.007683
-0.003686
-0.006658
0.003117
0.007269
-0.000344
-0.002128
0.006673
0.007194
-0.003502
-0.007410
-0.003587
-0.004238
-0.005452
-0.000485
0.003039
0.001231
-0.000115
-0.000214
-0.000065
0.003122
0.004786
-0.001345
-0.005646
-0.000102
0.004041
0.002291
0.004706
0.007471
-0.000704
-0.011767
-0.011992
-0.003346
0.005445
0.009230
0.005638
-0.001850
-0.003664
0.002955
0.006323
-0.002945
-0.014123
-0.010813
0.002795
0.009086
0.004390
-0.001493
-0.003995
-0.003022
0.002684
0.008206
0.005790
-0.001359
-0.003404
0.001014
0.005561
0.006228
0.001894
-0.006282
-0.010601
-0.004485
0.004694
0.005255
-0.000895
-0.003918
-0.001323
0.001359
-0.000948
-0.006186
-0.007500
-0.002162
0.005531
0.008547
0.003859
-0.003152
-0.005210
-0.002479
0.001201
0.004722
0.006900
0.006294
0.004084
0.000843
-0.003709
-0.006360
-0.004097
-0.000175
0.000529
-0.001082
-0.001589
-0.001776
-0.003230
-0.002666
0.001871
0.004328
0.000280
-0.003420
0.000242
0.006203
0.006287
0.001469
-0.001310
0.000949
0.003639
0.001495
-0.002980
-0.004030
-0.002755
-0.004374
-0.008026
-0.007439
-0.001017
0.005091
0.005576
0.002433
0.000021
-0.000749
-0.000316
0.001768
0.004594
0.005468
0.002992
-0.001316
-0.004601
-0.005003
-0.002508
0.001375
0.004185
0.004102
0.002013
0.000243
-0.000716
-0.001653
-0.002326
-0.002137
-0.001327
-0.000590
-0.000429
-0.000583
-0.000176
0.000845
0.001161
0.000123
-0.000958
-0.000767
0.000360
0.001275
0.001196
0.000243
-0.000617
-0.000728
-0.000490
-0.000429
-0.000484
-0.000462
-0.000369
-0.000214
0.000077
0.000448
0.000639
0.000478
0.000121
-0.000055
0.000160
0.000536
0.000619
0.000306
0.000027
0.000105
0.000243
0.000095
-0.000110
-0.000016
0.000162
0.000001
-0.000335
-0.000325
0.000029
0.000203
-0.000008
-0.000186
0.000031
0.000401
0.000425
0.000039
-0.000342
-0.000446
-0.000465
-0.000620
-0.000721
-0.000472
0.000036
0.000416
0.000454
0.000295
0.000177
0.000113
0.000004
-0.000059
0.000062
0.000235
0.000171
-0.000150
-0.000372
-0.000209
0.000120
0.000167
-0.000109
-0.000295
-0.000158
0.000031
-0.000049
-0.000290
-0.000349
-0.000133
0.000136
0.000274
0.000332
0.000393
0.000388
0.000262
0.000126
0.000090
0.000118
0.000115
0.000007
-0.000188
-0.000308
-0.000220
-0.000091
-0.000159
-0.000296
-0.000195
0.000092
0.000246
0.000223
0.000285
0.000500
0.000597
0.000449
0.000322
0.000410
0.000437
0.000038
-0.000686
-0.001319
-0.001672
-0.001874
-0.002021
-0.001924
-0.001281
-0.000093
0.001231
0.002276
0.002936
0.003203
0.002954
0.002167
0.001079
-0.000026
-0.001029
-0.001919
-0.002597
-0.002848
-0.002595
-0.002031
-0.001353
-0.000555
0.000342
0.001108
0.001551
0.001701
0.001667
0.001547
0.001384
0.001066
0.000476
-0.000202
-0.000620
-0.000704
-0.000700
-0.000791
-0.000846
-0.000651
-0.000292
-0.000063
0.000029
0.000252
0.000597
0.000751
0.000648
0.000513
0.000411
0.000199
-0.000149
-0.000476
-0.000647
-0.000687
-0.000676
-0.000604
-0.000434
-0.000251
-0.000167
-0.000138
-0.000018
0.000249
0.000530
0.000673
0.000642
0.000459
0.000223
0.000097
0.000063
-0.000058
-0.000236
-0.000259
-0.000146
-0.000114
-0.000176
-0.000140
-0.000000
0.000028
-0.000076
-0.000068
0.000107
0.000173
-0.000023
-0.000259
-0.000320
-0.000315
-0.000397
-0.000436
-0.000220
0.000128
0.000254
0.000140
0.000120
0.000274
0.000390
0.000401
0.000379
0.000292
0.000106
-0.000078
-0.000167
-0.000192
-0.000162
-0.000025
0.000147
0.000153
-0.000059
-0.000202
0.000025
0.000399
0.000389
-0.000011
-0.000234
-0.000059
0.000068
-0.000153
-0.000357
-0.000177
0.000096
0.000067
-0.000072
-0.000012
0.000055
-0.000156
-0.000436
-0.000373
-0.000003
0.000263
0.000298
0.000340
0.000470
0.000461
0.000177
-0.000172
-0.000331
-0.000335
-0.000358
-0.000446
-0.000514
-0.000456
-0.000233
0.000059
0.000256
0.000337
0.000430
0.000529
0.000462
0.000238
0.000091
0.000143
0.000212
0.000073
-0.000169
-0.000199
-0.000018
0.000024
-0.000172
-0.000249
0.000044
0.000417
0.000425
0.000073
-0.000227
-0.000233
-0.000172
-0.000354
-0.000628
-0.000570
-0.000169
0.000161
0.000233
0.000226
0.000220
0.000120
0.000003
-0.000020
-0.000072
-0.000160
-0.000055
0.000120
0.000004
-0.000243
-0.000215
-0.000083
-0.000181
-0.000250
0.000043
0.000432
0.000549
0.000527
0.000599
0.000524
-0.000002
-0.000599
-0.000644
-0.000239
0.000015
-0.000006
0.000143
0.000603
0.000891
0.000691
0.000323
0.000095
-0.000126
-0.000449
-0.000735
-0.000934
-0.001118
-0.001254
-0.001203
-0.000863
-0.000273
0.000437
0.001089
0.001363
0.001043
0.000478
0.000274
0.000414
0.000270
-0.000261
-0.000387
0.000208
0.000569
0.000108
-0.000219
0.000187
0.000137
-0.001273
-0.002759
-0.002574
-0.000948
0.000485
0.000956
0.001024
0.001381
0.002133
0.002700
0.002328
0.001110
-0.000079
-0.000742
-0.001001
-0.001095
-0.001260
-0.001447
-0.001119
-0.000092
0.000941
0.001234
0.000885
0.000607
0.000608
0.000150
-0.001299
-0.002842
-0.002938
-0.001429
0.000282
0.001027
0.000661
-0.000404
-0.001370
-0.001498
-0.000711
0.000836
0.002674
0.003632
0.003230
0.002237
0.001156
0.000001
-0.000553
0.000215
0.001263
0.000907
-0.000653
-0.002309
-0.003535
-0.003497
-0.001899
-0.000869
-0.002077
-0.002750
0.000528
0.005202
0.005767
0.001988
-0.001565
-0.002629
-0.002452
-0.001364
0.000714
0.001102
-0.001798
-0.004123
-0.001516
0.004009
0.006710
0.005240
0.003165
0.001926
-0.000745
-0.004968
-0.007203
-0.005568
-0.002175
0.000271
0.001590
0.003381
0.005460
0.004860
0.000374
-0.004878
-0.007558
-0.007291
-0.004912
-0.001011
0.003598
0.007872
0.009553
0.005651
-0.001543
-0.004154
-0.000356
0.002150
-0.000898
-0.004171
-0.003053
-0.000626
-0.000560
0.000519
0.007483
0.016202
0.016828
0.007760
-0.001818
-0.004756
-0.004807
-0.008911
-0.015182
-0.016716
-0.013679
-0.010597
-0.007002
-0.001052
0.004517
0.006207
0.003772
-0.000061
-0.000969
0.003019
0.008524
0.010859
0.009215
0.005474
0.001485
-0.000929
-0.000901
0.000631
0.002626
0.004181
0.003886
0.001403
-0.001824
-0.003913
-0.003989
-0.002771
-0.001737
-0.001957
-0.003632
-0.005773
-0.006347
-0.004046
-0.000027
0.002934
0.002953
0.000623
-0.001196
0.000474
0.004765
0.006283
0.002030
-0.002666
-0.000731
0.005675
0.008087
0.004061
-0.001423
-0.004895
-0.006572
-0.006482
-0.004922
-0.002207
0.001545
0.001904
-0.003991
-0.007898
-0.002131
0.006874
0.009002
0.004295
-0.001323
-0.004522
-0.003710
0.000948
0.003987
0.000479
-0.004351
-0.001576
0.005849
0.006934
0.000930
-0.003458
-0.004357
-0.006441
-0.007954
-0.003479
0.004257
0.008166
0.006536
0.001766
-0.001947
0.000667
0.007547
0.008444
0.001044
-0.004688
-0.003599
-0.000846
0.000794
0.002961
0.003465
-0.000376
-0.004389
-0.003896
-0.001471
-0.001616
-0.004335
-0.005634
-0.002122
0.002670
0.002175
-0.002751
-0.005939
-0.003572
0.002949
0.006779
0.003979
0.000280
0.000295
0.000481
-0.000117
0.001029
0.002392
0.004243
0.005714
-0.000744
-0.010318
-0.006854
0.005425
0.006848
-0.002872
-0.007813
-0.004349
0.001441
0.008045
0.009480
-0.000868
-0.010287
-0.003455
0.008673
0.006442
-0.005500
-0.008099
-0.000390
0.002890
-0.002145
-0.007473
-0.007244
-0.000070
0.009016
0.011334
0.007221
0.003235
-0.000206
-0.004262
-0.005019
-0.001799
0.000133
-0.001196
-0.003502
-0.004417
-0.002154
0.001541
0.002989
0.002108
0.000391
-0.000544
0.001657
0.004663
0.002942
-0.002305
-0.004473
-0.000609
0.005677
0.006223
-0.002833
-0.011324
-0.007111
0.002862
0.003657
-0.002470
-0.003948
0.000030
0.003943
0.005627
0.004371
0.001832
0.001154
0.000144
-0.001773
0.000701
0.003905
-0.001083
-0.009828
-0.010882
-0.001040
0.011041
0.010687
-0.002057
-0.007911
-0.000408
0.004980
0.001599
-0.001797
-0.002085
-0.002931
-0.003978
-0.003223
-0.001248
0.000347
0.000908
0.002771
0.006431
0.004738
-0.003980
-0.006811
0.001060
0.005741
0.001608
-0.000429
0.003736
0.006215
0.001958
-0.004840
-0.007383
-0.005510
-0.003698
-0.002267
0.001456
0.004803
0.002586
-0.001429
-0.000569
0.001715
0.001459
0.002261
0.004053
0.002216
-0.002257
-0.004211
-0.002194
0.000664
0.001386
-0.001007
-0.003795
-0.001399
0.002806
0.000090
-0.004496
-0.001894
0.002537
0.001627
-0.000548
0.000599
0.002151
0.001364
0.000358
0.001191
0.002385
0.001337
-0.001467
-0.002413
-0.000417
0.001050
0.000221
-0.000452
0.000234
0.000609
-0.000346
-0.001702
-0.001902
-0.000996
-0.000465
-0.000207
0.000602
0.000930
0.000154
-0.000454
-0.000272
0.000176
0.000406
-0.000160
-0.001228
-0.001230
-0.000066
0.000366
-0.000343
-0.000507
0.000425
0.001042
0.000616
0.000325
0.000984
0.001558
0.001174
0.000506
0.000399
0.000704
0.000820
0.000537
0.000100
-0.000278
-0.000649
-0.001001
-0.001115
-0.000992
-0.000958
-0.001086
-0.001030
-0.000649
-0.000260
-0.000074
0.000058
0.000221
0.000237
0.000096
0.000123
0.000409
0.000565
0.000407
0.000274
0.000357
0.000388
0.000237
0.000221
0.000465
0.000560
0.000309
0.000108
0.000157
0.000075
-0.000350
-0.000698
-0.000547
-0.000173
-0.000197
-0.000557
-0.000527
-0.000003
0.000270
0.000037
-0.000111
0.000110
0.000331
0.000326
0.000215
0.000045
-0.000185
-0.000320
-0.000240
-0.000084
-0.000077
-0.000177
-0.000127
0.000068
0.000160
0.000170
0.000268
0.000313
0.000178
0.000103
0.000208
0.000235
0.000024
-0.000185
-0.000044
0.000337
0.000402
0.000003
-0.000286
-0.000147
-0.000062
-0.000383
-0.000671
-0.000498
-0.000176
-0.000172
-0.000369
-0.000319
0.000053
0.000319
0.000215
0.000054
0.000143
0.000253
0.000095
-0.000160
-0.000158
0.000069
0.000120
-0.000068
-0.000078
0.000224
0.000453
0.000319
-0.000010
-0.000155
0.000034
0.000254
0.000115
-0.000269
-0.000391
-0.000114
0.000123
0.000001
-0.000222
-0.000141
0.000147
0.000156
-0.000174
-0.000269
0.000148
0.000555
0.000433
0.000053
0.000064
0.000472
0.000608
0.000237
-0.000138
-0.000204
-0.000224
-0.000402
-0.000596
-0.000636
-0.000455
-0.000086
0.000168
0.000010
-0.000252
-0.000078
0.000348
0.000360
-0.000031
-0.000167
0.000075
0.000103
-0.000221
-0.000313
0.000045
0.000283
0.000011
-0.000285
-0.000043
0.000388
0.000317
-0.000125
-0.000221
0.000174
0.000467
0.000302
0.000079
0.000220
0.000488
0.000413
0.000017
-0.000289
-0.000313
-0.000188
-0.000103
-0.000179
-0.000352
-0.000320
-0.000004
0.000175
-0.000068
-0.000393
-0.000371
-0.000104
0.000050
0.000022
0.000019
0.000115
0.000149
0.000062
0.000068
0.000229
0.000204
-0.000133
-0.000325
-0.000045
0.000339
0.000355
0.000117
0.000036
0.000148
0.000156
0.000021
0.000021
0.000199
0.000217
-0.000067
-0.000309
-0.000260
-0.000179
-0.000331
-0.000534
-0.000513
-0.000309
-0.000090
0.000114
0.000312
0.000405
0.000332
0.000219
0.000196
0.000156
-0.000030
-0.000224
-0.000224
-0.000104
-0.000059
-0.000070
-0.000025
0.000006
-0.000054
-0.000028
0.000228
0.000434
0.000257
-0.000073
-0.000076
0.000138
0.000010
-0.000466
-0.000626
-0.000238
0.000102
0.000008
-0.000096
0.000172
0.000516
0.000551
0.000351
0.000166
0.000059
-0.000004
-0.000012
-0.000017
-0.000138
-0.000309
-0.000313
-0.000158
-0.000116
-0.000191
-0.000031
0.000304
0.000256
-0.000194
-0.000331
0.000092
0.000411
0.000135
-0.000353
-0.000484
-0.000237
0.000049
0.000198
0.000267
0.000283
0.000205
0.000113
0.000157
0.000257
0.000129
-0.000198
-0.000288
-0.000035
0.000144
0.000102
0.000090
0.000098
-0.000090
-0.000341
-0.000368
-0.000201
-0.000118
-0.000230
-0.000331
-0.000251
-0.000129
-0.000079
0.000078
0.000393
0.000536
0.000336
0.000091
0.000035
0.000027
-0.000083
-0.000188
-0.000154
-0.000069
-0.000060
-0.000063
0.000016
0.000086
0.000062
0.000104
0.000256
0.000217
-0.000014
0.000075
0.000546
0.000674
0.000135
-0.000357
-0.000206
0.000089
-0.000147
-0.000613
-0.000621
-0.000283
-0.000223
-0.000436
-0.000358
0.000059
0.000238
0.000001
-0.000161
0.000043
0.000265
0.000190
0.000104
0.000358
0.000656
0.000449
-0.000135
-0.000414
-0.000150
0.000147
0.000052
-0.000188
-0.000187
-0.000012
0.000081
0.000056
-0.000029
-0.000147
-0.000135
0.000082
0.000206
0.000064
0.000026
0.000335
0.000491
0.000025
-0.000540
-0.000375
0.000262
0.000363
-0.000213
-0.000499
-0.000042
0.000343
-0.000017
-0.000507
-0.000313
0.000197
0.000196
-0.000188
-0.000250
0.000064
0.000221
0.000028
-0.000181
-0.000127
0.000064
0.000143
0.000104
0.000088
0.000121
0.000171
0.000198
0.000127
0.000015
0.000041
0.000131
0.000001
-0.000283
-0.000253
0.000205
0.000507
0.000257
-0.000042
0.000154
0.000410
0.000033
-0.000635
-0.000681
-0.000143
0.000070
-0.000310
-0.000528
-0.000136
0.000257
0.000069
-0.000310
-0.000256
0.000117
0.000304
0.000170
0.000008
0.000061
0.000225
0.000241
0.000040
-0.000236
-0.000425
-0.000421
-0.000229
-0.000034
-0.000013
-0.000013
0.000182
0.000380
0.000332
0.000231
0.000273
0.000241
-0.000015
-0.000171
0.000063
0.000348
0.000149
-0.000321
-0.000312
0.000236
0.000498
0.000087
-0.000291
-0.000039
0.000303
0.000024
-0.000469
-0.000368
0.000147
0.000245
-0.000219
-0.000581
-0.000405
0.000027
0.000243
0.000168
0.000058
0.000053
0.000038
-0.000076
-0.000157
-0.000040
0.000190
0.000224
-0.000048
-0.000295
-0.000188
0.000075
0.000056
-0.000173
-0.000075
0.000402
0.000614
0.000238
-0.000201
-0.000144
0.000163
0.000073
-0.000379
-0.000464
0.000008
0.000326
0.000078
-0.000224
-0.000094
0.000151
0.000026
-0.000269
-0.000196
0.000201
0.000339
0.000011
-0.000263
-0.000025
0.000389
0.000374
0.000023
-0.000063
0.000208
0.000289
-0.000037
-0.000300
-0.000141
0.000168
0.000148
-0.000286
-0.000629
-0.000395
0.000135
0.000295
0.000004
-0.000235
-0.000121
0.000126
0.000137
-0.000081
-0.000175
-0.000021
0.000126
0.000073
-0.000077
-0.000109
-0.000006
0.000041
-0.000036
-0.000080
-0.000021
-0.000004
-0.000113
-0.000153
0.000091
0.000401
0.000341
0.000011
-0.000010
0.000369
0.000579
0.000311
-0.000039
-0.000062
0.000067
-0.000050
-0.000399
-0.000556
-0.000285
0.000107
0.000152
-0.000115
-0.000167
0.000196
0.000496
0.000298
-0.000196
-0.000488
-0.000414
-0.000242
-0.000218
-0.000275
-0.000265
-0.000177
-0.000084
-0.000067
-0.000093
0.000001
0.000249
0.000453
0.000493
0.000463
0.000431
0.000342
0.000192
0.000107
0.000126
0.000079
-0.000140
-0.000322
-0.000248
-0.000074
-0.000082
-0.000214
-0.000204
-0.000063
-0.000017
-0.000033
0.000066
0.000169
0.000048
-0.000209
-0.000307
-0.000169
0.000009
0.000045
-0.000040
-0.000090
-0.000008
0.000160
0.000284
0.000233
0.000028
-0.000056
0.000172
0.000412
0.000261
-0.000080
-0.000145
-0.000019
-0.000053
-0.000158
-0.000076
0.000049
-0.000028
-0.000178
-0.000171
-0.000101
-0.000175
-0.000272
-0.000137
0.000130
0.000208
0.000029
-0.000186
-0.000263
-0.000207
-0.000114
-0.000067
-0.000102
-0.000152
-0.000065
0.000155
0.000284
0.000257
0.000256
0.000355
0.000394
0.000244
0.000043
0.000052
0.000224
0.000201
-0.000103
-0.000282
-0.000049
0.000226
0.000041
-0.000419
-0.000548
-0.000274
-0.000107
-0.000269
-0.000400
-0.000176
0.000250
0.000494
0.000455
0.000359
0.000349
0.000331
0.000230
0.000067
-0.000134
-0.000295
-0.000293
-0.000160
-0.000106
-0.000223
-0.000320
-0.000262
-0.000225
-0.000301
-0.000249
0.000027
0.000216
0.000148
0.000074
0.000182
0.000339
0.000325
0.000097
-0.000099
-0.000037
0.000142
0.000220
0.000229
0.000198
0.000037
-0.000165
-0.000168
-0.000014
0.000009
-0.000151
-0.000298
-0.000323
-0.000199
0.000047
0.000225
0.000142
-0.000076
-0.000095
0.000124
0.000213
0.000014
-0.000127
0.000089
0.000413
0.000378
0.000006
-0.000178
0.000048
0.000204
-0.000102
-0.000493
-0.000451
-0.000103
0.000131
0.000128
0.000021
-0.000068
-0.000066
0.000035
0.000120
0.000028
-0.000188
-0.000275
-0.000141
0.000023
0.000038
-0.000012
0.000042
0.000105
-0.000045
-0.000267
-0.000231
-0.000040
-0.000038
-0.000166
-0.000115
0.000108
0.000242
0.000190
0.000079
0.000046
0.000087
0.000108
0.000140
0.000247
0.000312
0.000223
0.000125
0.000186
0.000303
0.000258
0.000065
-0.000091
-0.000152
-0.000221
-0.000340
-0.000447
-0.000508
-0.000486
-0.000315
-0.000058
0.000096
0.000103
0.000099
0.000170
0.000246
0.000232
0.000196
0.000280
0.000407
0.000352
0.000134
0.000011
0.000016
-0.000097
-0.000372
-0.000573
-0.000561
-0.000396
-0.000202
-0.000086
-0.000096
-0.000120
0.000044
0.000340
0.000411
0.000133
-0.000119
-0.000003
0.000274
0.000288
0.000036
-0.000127
-0.000056
0.000036
-0.000016
-0.000113
-0.000087
0.000053
0.000153
0.000150
0.000146
0.000204
0.000276
0.000272
0.000164
0.000032
-0.000049
-0.000090
-0.000127
-0.000156
-0.000178
-0.000223
-0.000268
-0.000211
-0.000074
-0.000060
-0.000189
-0.000151
0.000129
0.000257
0.000001
-0.000320
-0.000318
-0.000057
0.000135
0.000136
0.000064
0.000041
0.000117
0.000289
0.000414
0.000293
-0.000009
-0.000168
-0.000061
0.000075
-0.000002
-0.000240
-0.000377
-0.000226
0.000104
0.000311
0.000262
0.000060
-0.000110
-0.000100
0.000056
0.000134
-0.000002
-0.000211
-0.000238
-0.000040
0.000096
-0.000049
-0.000249
-0.000183
0.000004
-0.000015
-0.000114
0.000009
0.000178
0.000074
-0.000083
0.000086
0.000385
0.000404
0.000237
0.000154
0.000040
-0.000182
-0.000234
-0.000081
-0.000088
-0.000284
-0.000243
0.000067
0.000139
-0.000187
-0.000432
-0.000238
0.000101
0.000172
0.000116
0.000239
0.000343
0.000133
-0.000082
0.000121
0.000427
0.000260
-0.000202
-0.000301
0.000049
0.000255
0.000005
-0.000283
-0.000266
-0.000194
-0.000265
-0.000237
0.000047
0.000285
0.000183
-0.000023
0.000057
0.000286
0.000275
0.000050
-0.000119
-0.000199
-0.000231
-0.000076
0.000229
0.000301
0.000022
-0.000161
0.000048
0.000256
0.000090
-0.000136
-0.000077
0.000024
-0.000094
-0.000241
-0.000196
-0.000095
-0.000155
-0.000303
-0.000306
-0.000129
0.000033
0.000101
0.000211
0.000304
0.000127
-0.000205
-0.000279
-0.000058
0.000055
-0.000072
-0.000092
0.000121
0.000222
0.000099
0.000072
0.000187
0.000119
-0.000136
-0.000173
0.000098
0.000271
0.000150
0.000066
0.000231
0.000295
0.000021
-0.000146
0.000161
0.000428
0.000102
-0.000377
-0.000341
-0.000026
-0.000031
-0.000268
-0.000255
-0.000019
-0.000015
-0.000263
-0.000258
0.000087
0.000193
-0.000142
-0.000379
-0.000176
0.000148
0.000190
-0.000011
-0.000142
-0.000078
0.000023
0.000026
-0.000013
-0.000007
0.000064
0.000157
0.000152
0.000001
-0.000117
0.000013
0.000294
0.000331
0.000027
-0.000125
0.000167
0.000401
0.000163
-0.000130
0.000015
0.000325
0.000237
-0.000200
-0.000421
-0.000229
-0.000013
-0.000039
-0.000128
-0.000134
-0.000150
-0.000163
-0.000049
0.000108
0.000064
-0.000167
-0.000254
-0.000055
0.000154
0.000178
0.000211
0.000383
0.000446
0.000210
-0.000104
-0.000208
-0.000151
-0.000125
-0.000153
-0.000186
-0.000196
-0.000090
0.000135
0.000267
0.000172
0.000014
0.000041
0.000255
0.000318
-0.000003
-0.000395
-0.000394
-0.000105
-0.000060
-0.000392
-0.000633
-0.000438
-0.000038
0.000159
0.000071
-0.000050
0.000022
0.000220
0.000307
0.000219
0.000098
0.000037
0.000025
0.000060
0.000096
0.000042
-0.000049
0.000011
0.000264
0.000473
0.000412
0.000158
-0.000018
0.000016
0.000094
-0.000003
-0.000223
-0.000332
-0.000276
-0.000209
-0.000208
-0.000180
-0.000091
