3040
-0.000158
-0.000207
-0.000179
-0.000074
0.000058
0.000245
0.000472
0.000590
0.000507
0.000344
0.000248
0.000166
-0.000048
-0.000335
-0.000470
-0.000408
-0.000320
-0.000285
-0.000267
-0.000279
-0.000287
-0.000170
0.000018
0.000065
-0.000016
-0.000016
0.000082
0.000139
0.000110
0.000014
-0.000091
-0.000093
0.000050
0.000231
0.000330
0.000329
0.000231
0.000044
-0.000115
-0.000132
-0.000073
-0.000067
-0.000120
-0.000141
-0.000090
-0.000006
0.000068
0.000102
0.000069
0.000010
-0.000008
0.000014
0.000055
0.000113
0.000176
0.000198
0.000145
0.000049
-0.000044
-0.000128
-0.000186
-0.000183
-0.000127
-0.000056
0.000011
0.000036
0.000001
-0.000003
0.000077
0.000140
0.000118
0.000064
0.000005
-0.000051
-0.000057
-0.000024
-0.000058
-0.000168
-0.000195
-0.000057
0.000117
0.000223
0.000258
0.000219
0.000113
-0.000045
-0.000207
-0.000283
-0.000249
-0.000204
-0.000220
-0.000242
-0.000175
-0.000018
0.000114
0.000126
0.000082
0.000067
0.000058
0.000049
0.000108
0.000229
0.000312
0.000270
0.000128
0.000040
0.000096
0.000162
0.000065
-0.000083
-0.000070
-0.000000
-0.000112
-0.000307
-0.000316
-0.000147
-0.000033
-0.000036
0.000002
0.000107
0.000131
0.000060
0.000025
0.000017
-0.000071
-0.000186
-0.000187
-0.000075
0.000024
0.000061
0.000101
0.000154
0.000114
-0.000030
-0.000111
-0.000036
0.000067
0.000064
-0.000005
-0.000041
-0.000027
-0.000013
-0.000022
-0.000037
-0.000045
-0.000038
0.000001
0.000066
0.000107
0.000100
0.000107
0.000148
0.000094
-0.000090
-0.000228
-0.000212
-0.000122
-0.000044
-0.000007
-0.000036
-0.000092
-0.000060
0.000049
0.000078
0.000024
0.000026
0.000072
0.000045
-0.000038
-0.000048
0.000053
0.000122
0.000035
-0.000090
-0.000061
0.000076
0.000154
0.000092
-0.000082
-0.000196
-0.000053
0.000218
0.000295
0.000175
0.000105
0.000128
0.000109
0.000022
-0.000074
-0.000160
-0.000234
-0.000264
-0.000253
-0.000230
-0.000160
-0.000014
0.000119
0.000122
0.000019
-0.000009
0.000132
0.000265
0.000194
0.000020
-0.000035
0.000026
0.000029
-0.000035
-0.000015
0.000111
0.000192
0.000145
0.000039
-0.000071
-0.000196
-0.000295
-0.000280
-0.000170
-0.000091
-0.000089
-0.000094
-0.000057
-0.000010
0.000002
0.000000
0.000039
0.000093
0.000107
0.000131
0.000202
0.000208
0.000087
-0.000056
-0.000143
-0.000191
-0.000192
-0.000134
-0.000054
-0.000014
-0.000034
-0.000023
0.000073
0.000152
0.000134
0.000095
0.000132
0.000232
0.000278
0.000169
-0.000053
-0.000244
-0.000314
-0.000287
-0.000235
-0.000187
-0.000067
0.000168
0.000353
0.000329
0.000184
0.000082
0.000034
-0.000014
-0.000078
-0.000127
-0.000116
-0.000065
-0.000052
-0.000078
-0.000083
-0.000061
-0.000051
-0.000039
0.000009
0.000100
0.000203
0.000234
0.000137
-0.000004
-0.000047
-0.000008
-0.000039
-0.000150
-0.000194
-0.000155
-0.000174
-0.000258
-0.000241
-0.000085
0.000022
0.000013
0.000041
0.000145
0.000209
0.000236
0.000278
0.000248
0.000113
0.000022
0.000055
0.000121
0.000142
0.000096
-0.000012
-0.000142
-0.000240
-0.000273
-0.000236
-0.000164
-0.000093
-0.000030
0.000021
0.000024
-0.000034
-0.000056
0.000064
0.000248
0.000293
0.000157
-0.000016
-0.000111
-0.000137
-0.000141
-0.000128
-0.000041
0.000131
0.000263
0.000263
0.000180
0.000094
0.000064
0.000087
0.000043
-0.000103
-0.000204
-0.000200
-0.000198
-0.000250
-0.000294
-0.000282
-0.000256
-0.000266
-0.000244
-0.000106
0.000101
0.000263
0.000325
0.000309
0.000274
0.000239
0.000175
0.000082
-0.000018
-0.000116
-0.000194
-0.000208
-0.000112
0.000059
0.000178
0.000175
0.000132
0.000112
0.000052
-0.000057
-0.000135
-0.000191
-0.000230
-0.000135
0.000094
0.000268
0.000306
0.000264
0.000174
0.000076
0.000012
-0.000041
-0.000093
-0.000112
-0.000114
-0.000141
-0.000193
-0.000242
-0.000242
-0.000153
-0.000037
0.000040
0.000119
0.000188
0.000165
0.000061
-0.000044
-0.000111
-0.000108
-0.000007
0.000087
0.000050
-0.000025
0.000008
0.000110
0.000181
0.000192
0.000137
0.000011
-0.000092
-0.000020
0.000127
0.000097
-0.000051
-0.000083
-0.000053
-0.000147
-0.000278
-0.000218
0.000009
0.000140
0.000060
-0.000033
0.000038
0.000136
0.000076
-0.000060
-0.000105
-0.000072
-0.000057
-0.000041
0.000035
0.000137
0.000149
0.000017
-0.000125
-0.000134
-0.000066
-0.000022
-0.000005
-0.000006
0.000003
0.000058
0.000095
0.000067
0.000052
0.000103
0.000138
0.000083
-0.000009
-0.000065
-0.000103
-0.000162
-0.000218
-0.000215
-0.000125
0.000016
0.000107
0.000068
-0.000003
0.000042
0.000174
0.000276
0.000291
0.000199
0.000014
-0.000183
-0.000282
-0.000227
-0.000093
-0.000011
-0.000008
0.000007
0.000081
0.000133
0.000090
0.000014
-0.000016
-0.000006
0.000001
-0.000006
-0.000034
-0.000103
-0.000163
-0.000108
0.000081
0.000263
0.000235
-0.000026
-0.000242
-0.000220
-0.000146
-0.000218
-0.000340
-0.000341
-0.000189
0.000071
0.000313
0.000383
0.000291
0.000197
0.000194
0.000238
0.000243
0.000161
0.000048
0.000025
0.000070
0.000025
-0.000143
-0.000267
-0.000229
-0.000120
-0.000065
-0.000010
0.000111
0.000179
0.000074
-0.000079
-0.000075
0.000037
0.000038
-0.000081
-0.000144
-0.000127
-0.000122
-0.000122
-0.000084
0.000001
0.000140
0.000262
0.000248
0.000133
0.000059
0.000058
0.000060
0.000030
-0.000024
-0.000090
-0.000175
-0.000295
-0.000375
-0.000288
-0.000067
0.000101
0.000120
0.000099
0.000143
0.000179
0.000114
0.000014
-0.000008
0.000008
-0.000059
-0.000207
-0.000286
-0.000191
0.000004
0.000138
0.000139
0.000080
0.000048
0.000038
0.000010
-0.000028
-0.000031
0.000014
0.000068
0.000098
0.000095
0.000063
0.000066
0.000156
0.000224
0.000121
-0.000100
-0.000235
-0.000207
-0.000151
-0.000181
-0.000191
-0.000030
0.000172
0.000168
0.000021
0.000008
0.000174
0.000302
0.000239
0.000062
-0.000082
-0.000138
-0.000131
-0.000133
-0.000178
-0.000193
-0.000148
-0.000119
-0.000094
0.000017
0.000173
0.000239
0.000183
0.000094
0.000029
-0.000040
-0.000133
-0.000207
-0.000225
-0.000193
-0.000119
-0.000012
0.000081
0.000122
0.000140
0.000193
0.000255
0.000221
0.000079
-0.000065
-0.000158
-0.000225
-0.000247
-0.000189
-0.000094
-0.000024
0.000055
0.000217
0.000413
0.000467
0.000283
-0.000011
-0.000210
-0.000265
-0.000277
-0.000291
-0.000232
-0.000067
0.000093
0.000142
0.000150
0.000229
0.000316
0.000263
0.000072
-0.000083
-0.000053
0.000097
0.000164
0.000059
-0.000103
-0.000186
-0.000178
-0.000110
-0.000040
-0.000036
-0.000026
0.000036
-0.000027
-0.000304
-0.000554
-0.000531
-0.000356
-0.000256
-0.000171
0.000035
0.000273
0.000403
0.000430
0.000385
0.000287
0.000235
0.000271
0.000244
0.000063
-0.000144
-0.000251
-0.000254
-0.000195
-0.000124
-0.000078
-0.000044
0.000049
0.000217
0.000336
0.000276
0.000090
-0.000078
-0.000166
-0.000191
-0.000137
0.000016
0.000115
-0.000029
-0.000271
-0.000312
-0.000153
0.000031
0.000182
0.000262
0.000203
0.000056
-0.000048
-0.000046
-0.000002
-0.000030
-0.000105
-0.000082
0.000053
0.000153
0.000141
0.000111
0.000173
0.000248
0.000184
0.000024
-0.000121
-0.000243
-0.000319
-0.000280
-0.000184
-0.000152
-0.000140
0.000004
0.000229
0.000300
0.000188
0.000119
0.000155
0.000092
-0.000117
-0.000227
-0.000129
-0.000035
-0.000082
-0.000166
-0.000235
-0.000307
-0.000298
-0.000147
0.000059
0.000210
0.000254
0.000204
0.000159
0.000200
0.000256
0.000216
0.000136
0.000126
0.000112
-0.000026
-0.000188
-0.000197
-0.000069
0.000069
0.000153
0.000137
0.000030
-0.000053
-0.000045
-0.000012
-0.000032
-0.000104
-0.000172
-0.000156
-0.000065
-0.000031
-0.000088
-0.000087
-0.000002
-0.000016
-0.000138
-0.000140
0.000018
0.000141
0.000148
0.000110
0.000082
0.000095
0.000134
0.000094
-0.000073
-0.000184
-0.000057
0.000140
0.000118
-0.000088
-0.000216
-0.000194
-0.000127
-0.000076
-0.000058
-0.000059
0.000008
0.000133
0.000159
0.000110
0.000212
0.000456
0.000502
0.000173
-0.000227
-0.000345
-0.000304
-0.000391
-0.000509
-0.000432
-0.000201
0.000034
0.000186
0.000226
0.000199
0.000189
0.000227
0.000267
0.000278
0.000254
0.000135
-0.000078
-0.000247
-0.000275
-0.000214
-0.000160
-0.000125
-0.000080
-0.000015
0.000069
0.000124
0.000134
0.000160
0.000220
0.000236
0.000145
0.000031
0.000040
0.000133
0.000099
-0.000105
-0.000274
-0.000265
-0.000179
-0.000163
-0.000200
-0.000170
-0.000033
0.000117
0.000190
0.000237
0.000335
0.000392
0.000275
0.000086
0.000025
0.000040
-0.000107
-0.000403
-0.000584
-0.000561
-0.000493
-0.000457
-0.000370
-0.000166
0.000097
0.000279
0.000308
0.000234
0.000152
0.000149
0.000234
0.000297
0.000268
0.000197
0.000147
0.000125
0.000088
0.000004
-0.000105
-0.000193
-0.000226
-0.000204
-0.000120
0.000027
0.000112
0.000031
-0.000052
0.000032
0.000144
0.000108
-0.000018
-0.000074
-0.000035
-0.000040
-0.000153
-0.000235
-0.000178
-0.000086
-0.000063
-0.000018
0.000092
0.000115
0.000012
-0.000051
-0.000009
0.000060
0.000144
0.000264
0.000353
0.000328
0.000230
0.000155
0.000093
-0.000028
-0.000181
-0.000239
-0.000145
-0.000031
-0.000070
-0.000247
-0.000375
-0.000342
-0.000237
-0.000162
-0.000073
0.000077
0.000205
0.000213
0.000136
0.000050
-0.000026
-0.000089
-0.000130
-0.000158
-0.000163
-0.000077
0.000141
0.000353
0.000395
0.000294
0.000185
0.000129
0.000101
0.000112
0.000195
0.000245
0.000173
0.000052
-0.000060
-0.000170
-0.000278
-0.000390
-0.000480
-0.000453
-0.000286
-0.000112
-0.000046
-0.000023
0.000059
0.000143
0.000085
-0.000064
-0.000100
-0.000025
0.000010
0.000023
0.000096
0.000176
0.000209
0.000238
0.000273
0.000246
0.000187
0.000194
0.000225
0.000170
0.000056
-0.000006
0.000032
0.000092
0.000042
-0.000161
-0.000424
-0.000592
-0.000610
-0.000574
-0.000551
-0.000502
-0.000427
-0.000363
-0.000269
-0.000082
0.000150
0.000353
0.000520
0.000631
0.000663
0.000649
0.000610
0.000523
0.000372
0.000186
0.000027
-0.000081
-0.000135
-0.000149
-0.000160
-0.000164
-0.000104
-0.000006
0.000037
-0.000023
-0.000146
-0.000216
-0.000163
-0.000090
-0.000127
-0.000233
-0.000256
-0.000169
-0.000105
-0.000109
-0.000052
0.000066
0.000071
-0.000041
-0.000080
0.000038
0.000167
0.000111
-0.000072
-0.000139
-0.000042
0.000071
0.000123
0.000119
0.000125
0.000227
0.000366
0.000378
0.000261
0.000178
0.000157
0.000051
-0.000137
-0.000219
-0.000133
-0.000027
-0.000024
-0.000085
-0.000125
-0.000138
-0.000150
-0.000173
-0.000179
-0.000118
-0.000070
-0.000146
-0.000250
-0.000224
-0.000101
-0.000013
0.000013
0.000050
0.000111
0.000125
0.000086
0.000096
0.000203
0.000316
0.000326
0.000232
0.000104
0.000029
0.000070
0.000159
0.000151
0.000015
-0.000148
-0.000240
-0.000249
-0.000219
-0.000164
-0.000091
-0.000053
-0.000053
-0.000046
-0.000044
-0.000091
-0.000153
-0.000144
-0.000050
0.000059
0.000102
0.000043
-0.000046
-0.000040
0.000080
0.000220
0.000270
0.000187
0.000087
0.000067
0.000028
-0.000089
-0.000133
-0.000035
0.000042
-0.000019
-0.000113
-0.000130
-0.000114
-0.000093
-0.000002
0.000129
0.000177
0.000134
0.000079
0.000026
-0.000050
-0.000126
-0.000151
-0.000095
-0.000026
-0.000085
-0.000215
-0.000176
0.000016
0.000091
-0.000001
-0.000064
-0.000024
0.000052
0.000156
0.000281
0.000312
0.000204
0.000138
0.000207
0.000195
0.000018
-0.000112
-0.000114
-0.000089
-0.000063
-0.000032
-0.000032
-0.000041
-0.000059
-0.000128
-0.000182
-0.000125
-0.000011
0.000039
0.000023
-0.000004
-0.000018
0.000014
0.000084
0.000104
0.000086
0.000095
0.000038
-0.000149
-0.000299
-0.000256
-0.000097
0.000016
0.000037
0.000038
0.000061
0.000085
0.000091
0.000055
-0.000028
-0.000062
0.000009
0.000056
-0.000009
-0.000045
0.000056
0.000165
0.000139
0.000024
-0.000061
-0.000099
-0.000120
-0.000093
-0.000028
-0.000009
-0.000026
-0.000006
0.000011
-0.000024
-0.000052
-0.000001
0.000105
0.000154
0.000098
0.000077
0.000178
0.000258
0.000210
0.000100
-0.000033
-0.000202
-0.000342
-0.000381
-0.000341
-0.000336
-0.000414
-0.000439
-0.000304
-0.000097
0.000086
0.000246
0.000376
0.000403
0.000303
0.000221
0.000278
0.000364
0.000322
0.000158
0.000013
-0.000004
0.000013
-0.000098
-0.000277
-0.000352
-0.000301
-0.000223
-0.000151
-0.000082
-0.000059
-0.000073
-0.000032
0.000070
0.000154
0.000172
0.000115
-0.000020
-0.000191
-0.000328
-0.000392
-0.000408
-0.000387
-0.000289
-0.000172
-0.000119
-0.000071
-0.000008
-0.000019
-0.000079
-0.000115
-0.000188
-0.000362
-0.000590
-0.000797
-0.000975
-0.001171
-0.001454
-0.001829
-0.002203
-0.002521
-0.002885
-0.003472
-0.004388
-0.005654
-0.007262
-0.009113
-0.011081
-0.009395
0.013582
0.071707
0.127039
0.111983
0.024317
-0.057427
-0.070689
-0.031727
-0.003910
-0.038597
-0.104676
-0.094823
0.014429
0.092531
0.043103
-0.047963
-0.054322
0.001843
0.012254
-0.038359
-0.056513
0.034711
0.217873
0.377173
0.306111
-0.087584
-0.504193
-0.560859
-0.327016
-0.129212
-0.059200
-0.009696
0.059255
0.116485
0.164117
0.221359
0.272697
0.287832
0.262542
0.213191
0.153386
0.083186
-0.002848
-0.090355
-0.149908
-0.174697
-0.184443
-0.192646
-0.194036
-0.181172
-0.154856
-0.118235
-0.074011
-0.025905
0.022573
0.064489
0.087943
0.090073
0.086678
0.092820
0.101120
0.095355
0.076396
0.058235
0.047372
0.039855
0.030838
0.020164
0.009704
-0.004325
-0.026530
-0.049732
-0.061773
-0.059733
-0.047027
-0.028862
-0.014976
-0.012028
-0.014091
-0.012640
-0.009275
-0.009341
-0.013553
-0.021034
-0.028440
-0.027745
-0.018045
-0.010714
-0.011422
-0.011106
-0.002261
0.009596
0.016912
0.021822
0.028788
0.033691
0.030906
0.027071
0.031145
0.034160
0.024074
0.009699
0.003860
0.003527
0.001937
-0.003097
-0.012453
-0.020621
-0.019586
-0.013737
-0.014460
-0.019542
-0.016319
-0.004079
0.006988
0.014261
0.020551
0.021966
0.014312
0.002689
-0.006184
-0.012250
-0.017108
-0.019673
-0.021233
-0.024471
-0.023317
-0.009592
0.007693
0.011190
0.004135
0.005284
0.016747
0.024590
0.023946
0.017702
0.005324
-0.008672
-0.013197
-0.008486
-0.007285
-0.011897
-0.011830
-0.005380
-0.001099
-0.001205
0.001118
0.009641
0.017711
0.016612
0.007256
-0.001927
-0.006019
-0.007102
-0.006219
-0.000032
0.009458
0.012043
0.003741
-0.006095
-0.009596
-0.009324
-0.007178
-0.001088
0.005621
0.006244
0.001515
-0.001487
-0.001837
-0.005070
-0.008669
-0.004946
0.001341
0.000293
-0.003509
-0.000448
0.005251
0.004478
-0.001050
-0.004364
-0.002732
0.003405
0.010604
0.011701
0.004250
-0.002929
-0.001977
0.000644
-0.003349
-0.007095
-0.000946
0.008274
0.006575
-0.004996
-0.010807
-0.003818
0.003948
0.001053
-0.005753
-0.004835
0.001754
0.005792
0.006415
0.005481
0.001927
-0.003270
-0.005642
-0.002068
0.005011
0.007713
0.001773
-0.005944
-0.006961
-0.002852
0.000043
-0.000028
-0.000969
-0.001063
-0.000790
-0.001785
-0.002980
-0.000892
0.003495
0.004007
-0.001000
-0.004829
-0.001325
0.006614
0.009437
0.003191
-0.004252
-0.005472
-0.003064
-0.000587
0.002308
0.003687
0.001818
0.000188
0.001506
0.003033
0.001138
-0.003154
-0.004735
-0.001542
0.001683
-0.000017
-0.004463
-0.005244
-0.000906
0.003454
0.003980
0.002128
0.000665
-0.000187
-0.001150
-0.001230
0.000263
0.001224
-0.000316
-0.002351
-0.001534
0.001264
0.002593
0.002205
0.001749
0.000790
-0.000641
-0.000232
0.001530
0.000494
-0.003427
-0.005086
-0.002792
0.000081
0.001429
0.001611
0.001260
0.000956
0.000775
0.000514
0.000428
0.000549
0.000342
-0.000430
-0.001483
-0.002208
-0.001761
-0.000016
0.001839
0.002344
0.001188
-0.000384
-0.001069
-0.001012
-0.000921
-0.000760
-0.000156
0.000634
0.000861
0.000430
0.000046
0.000048
0.000128
0.000107
0.000065
-0.000013
-0.000094
0.000053
0.000443
0.000635
0.000343
-0.000057
-0.000073
0.000195
0.000320
0.000170
-0.000149
-0.000435
-0.000399
-0.000123
-0.000060
-0.000301
-0.000545
-0.000570
-0.000392
-0.000190
-0.000058
0.000018
-0.000023
-0.000116
-0.000006
0.000285
0.000429
0.000338
0.000270
0.000353
0.000393
0.000224
-0.000023
-0.000135
-0.000097
-0.000043
-0.000090
-0.000203
-0.000244
-0.000211
-0.000213
-0.000205
-0.000052
0.000168
0.000219
0.000093
0.000060
0.000190
0.000248
0.000175
0.000148
0.000126
-0.000068
-0.000275
-0.000197
0.000083
0.000217
0.000098
-0.000053
-0.000027
0.000079
0.000029
-0.000144
-0.000196
-0.000107
-0.000054
-0.000071
-0.000062
-0.000028
-0.000045
-0.000127
-0.000238
-0.000318
-0.000282
-0.000147
-0.000063
-0.000104
-0.000135
-0.000004
0.000211
0.000318
0.000304
0.000292
0.000320
0.000327
0.000270
0.000181
0.000117
0.000042
-0.000092
-0.000192
-0.000167
-0.000083
-0.000021
-0.000006
-0.000044
-0.000090
-0.000078
-0.000020
-0.000014
-0.000121
-0.000243
-0.000196
0.000060
0.000317
0.000339
0.000179
0.000087
0.000155
0.000230
0.000091
-0.000279
-0.000552
-0.000440
-0.000117
0.000081
0.000120
0.000147
0.000150
0.000051
-0.000002
0.000174
0.000402
0.000362
0.000073
-0.000196
-0.000370
-0.000562
-0.000750
-0.000775
-0.000559
-0.000142
0.000314
0.000551
0.000502
0.000416
0.000523
0.000743
0.000801
0.000501
-0.000049
-0.000460
-0.000503
-0.000402
-0.000480
-0.000715
-0.000779
-0.000472
-0.000018
0.000247
0.000287
0.000280
0.000317
0.000371
0.000417
0.000436
0.000401
0.000320
0.000152
-0.000117
-0.000290
-0.000251
-0.000244
-0.000443
-0.000589
-0.000372
0.000086
0.000335
0.000220
0.000100
0.000235
0.000396
0.000297
0.000004
-0.000220
-0.000248
-0.000190
-0.000228
-0.000362
-0.000395
-0.000239
-0.000050
0.000008
-0.000033
-0.000043
0.000010
0.000060
0.000077
0.000086
0.000102
0.000141
0.000216
0.000273
0.000241
0.000171
0.000169
0.000206
0.000176
0.000104
0.000115
0.000213
0.000224
0.000053
-0.000142
-0.000210
-0.000187
-0.000145
-0.000091
-0.000036
-0.000050
-0.000156
-0.000230
-0.000199
-0.000196
-0.000253
-0.000214
-0.000112
-0.000143
-0.000219
-0.000080
0.000223
0.000387
0.000327
0.000230
0.000259
0.000410
0.000481
0.000267
-0.000092
-0.000249
-0.000144
-0.000030
-0.000041
-0.000098
-0.000139
-0.000170
-0.000181
-0.000181
-0.000200
-0.000232
-0.000252
-0.000211
-0.000055
0.000155
0.000240
0.000123
-0.000005
0.000030
0.000092
0.000002
-0.000167
-0.000254
-0.000190
-0.000030
0.000119
0.000191
0.000129
-0.000083
-0.000210
0.000020
0.000387
0.000455
0.000265
0.000138
0.000125
0.000143
0.000190
0.000172
-0.000011
-0.000199
-0.000195
-0.000078
-0.000023
-0.000019
0.000012
-0.000051
-0.000356
-0.000642
-0.000479
-0.000034
0.000090
-0.000196
-0.000336
-0.000046
0.000217
0.000063
-0.000126
0.000039
0.000275
0.000316
0.000319
0.000375
0.000418
0.000449
0.000424
0.000266
0.000048
-0.000144
-0.000314
-0.000514
-0.000715
-0.000605
0.000001
0.000549
0.000399
-0.000122
-0.000268
-0.000074
-0.000074
-0.000237
-0.000154
0.000092
0.000094
-0.000138
-0.000249
-0.000160
-0.000144
-0.000330
-0.000384
0.000108
0.000913
0.001229
0.000771
0.000137
-0.000260
-0.000535
-0.000460
0.000181
0.000659
0.000271
-0.000526
-0.000809
-0.000172
0.000970
0.001445
0.000501
-0.000874
-0.001128
-0.000459
-0.000271
-0.000706
-0.000705
-0.000014
0.000663
0.000764
0.000233
-0.000360
-0.000285
0.000201
0.000214
-0.000103
0.000119
0.000731
0.000837
0.000271
-0.000363
-0.000544
-0.000252
0.000128
0.000064
-0.000605
-0.001154
-0.000757
0.000090
0.000157
-0.000556
-0.000781
0.000222
0.001529
0.001541
0.000243
-0.000603
-0.000054
0.000802
0.000659
-0.000381
-0.001123
-0.000714
0.000276
0.000624
0.000049
-0.000751
-0.000973
-0.000175
0.000877
0.000612
-0.000586
-0.000642
0.000675
0.001715
0.001475
0.000206
-0.001188
-0.001759
-0.001088
0.000654
0.002620
0.002969
0.000372
-0.003069
-0.003452
-0.001158
-0.000453
-0.001836
-0.001248
0.001933
0.003044
0.000310
-0.001692
0.000212
0.002707
0.002110
0.000058
-0.000268
0.000717
0.000872
0.000174
-0.000375
-0.001011
-0.001747
-0.001234
0.000760
0.001861
0.000210
-0.002415
-0.002831
-0.000559
0.001682
0.001015
-0.001898
-0.003258
-0.001285
0.001316
0.001732
0.001429
0.002724
0.003474
0.000878
-0.002503
-0.002570
0.000078
0.001359
-0.000375
-0.001553
0.000789
0.003273
0.001831
-0.000827
-0.000008
0.001916
-0.001053
-0.007255
-0.007975
-0.000369
0.007187
0.005871
-0.001071
-0.003106
0.001032
0.002638
-0.000731
-0.002205
0.000639
0.002272
-0.000128
-0.002427
-0.001044
0.001278
0.000948
-0.000292
0.000069
0.000750
-0.000106
-0.001557
-0.001198
0.000975
0.002433
0.001893
-0.000003
-0.002497
-0.003875
-0.001478
0.003089
0.003937
0.000333
-0.002425
-0.002832
-0.003401
-0.002672
0.002355
0.007117
0.004498
-0.001392
-0.001422
0.001926
0.000681
-0.004304
-0.006444
-0.002995
0.001745
0.002349
0.000277
0.000550
0.003395
0.004553
0.002277
0.000255
0.000991
0.000931
-0.002959
-0.007423
-0.006964
-0.000183
0.006832
0.005635
-0.001686
-0.003699
0.002042
0.004976
-0.000832
-0.007298
-0.005219
0.001326
0.002713
0.000985
0.002314
0.000634
-0.006998
-0.006930
0.004930
0.011427
0.004987
-0.001221
0.000612
0.003452
0.002158
-0.000719
-0.002863
-0.003770
-0.003482
-0.003987
-0.005404
-0.003680
0.001385
0.003634
0.001114
0.000132
0.004552
0.008181
0.003831
-0.004616
-0.008506
-0.006198
0.000777
0.008203
0.004678
-0.009849
-0.014167
0.000263
0.010855
0.002990
-0.003685
0.006924
0.016101
0.006237
-0.006065
-0.004147
-0.001693
-0.009550
-0.010498
0.004882
0.013032
-0.001695
-0.014914
-0.003810
0.013592
0.011825
-0.001513
-0.005282
0.000742
0.002483
-0.005076
-0.013230
-0.009617
0.004553
0.010537
-0.001491
-0.014731
-0.008573
0.012571
0.023417
0.010237
-0.009759
-0.012118
0.003512
0.017620
0.013355
-0.006878
-0.020392
-0.011149
0.007209
0.012892
0.004772
-0.006849
-0.016172
-0.016525
-0.003167
0.013192
0.015683
0.002595
-0.011435
-0.013566
-0.006917
0.000099
0.009732
0.022961
0.026532
0.009863
-0.018128
-0.034718
-0.021380
0.013185
0.032281
0.014900
-0.012426
-0.013859
0.005589
0.016912
0.009645
-0.007519
-0.021772
-0.020352
-0.004350
0.006937
0.001480
-0.009712
-0.009601
0.003804
0.016406
0.014398
0.002438
-0.001506
0.003237
-0.002188
-0.015960
-0.013016
0.009340
0.023854
0.012596
-0.011943
-0.024949
-0.016776
0.001311
0.015105
0.019035
0.011119
-0.001936
-0.003013
0.007916
0.007127
-0.010740
-0.017615
0.000032
0.014740
0.004247
-0.011084
-0.007190
0.003892
0.004386
0.000125
-0.004212
-0.014879
-0.022786
-0.012601
0.005058
0.011411
0.010519
0.011748
0.011511
0.009180
0.009606
0.008360
0.001173
-0.002851
-0.000296
-0.003787
-0.012574
-0.009298
0.001482
0.000968
-0.005936
-0.006748
-0.004408
-0.000869
0.005804
0.009143
0.001497
-0.011970
-0.014781
-0.001097
0.011745
0.008453
-0.001440
-0.001899
0.005626
0.008745
0.003955
-0.000773
-0.001069
-0.000902
-0.001934
-0.002130
-0.001987
-0.002766
-0.003445
-0.002535
-0.000527
0.000920
0.001769
0.002423
0.002115
0.001700
0.002373
0.001782
-0.001371
-0.003715
-0.003158
-0.001267
0.000663
0.002119
0.002555
0.002459
0.002378
0.001848
0.000762
-0.000324
-0.001121
-0.001678
-0.002065
-0.002245
-0.002199
-0.001985
-0.001639
-0.001199
-0.000768
-0.000402
-0.000025
0.000417
0.000794
0.000979
0.001039
0.001092
0.001120
0.001056
0.000947
0.000892
0.000866
0.000764
0.000597
0.000425
0.000252
0.000093
-0.000048
-0.000204
-0.000338
-0.000356
-0.000304
-0.000341
-0.000498
-0.000663
-0.000732
-0.000659
-0.000517
-0.000452
-0.000414
-0.000239
0.000006
0.000118
0.000106
0.000116
0.000141
0.000098
0.000042
0.000059
0.000076
0.000006
-0.000071
-0.000078
-0.000060
-0.000040
0.000020
0.000081
0.000090
0.000105
0.000171
0.000198
0.000103
-0.000061
-0.000162
-0.000136
-0.000073
-0.000116
-0.000219
-0.000210
-0.000085
0.000014
0.000059
0.000131
0.000240
0.000314
0.000313
0.000285
0.000306
0.000307
0.000127
-0.000158
-0.000299
-0.000297
-0.000316
-0.000330
-0.000233
-0.000094
-0.000015
0.000050
0.000148
0.000224
0.000244
0.000208
0.000105
-0.000011
-0.000048
-0.000010
0.000013
0.000003
0.000001
0.000014
0.000039
0.000064
0.000048
-0.000027
-0.000126
-0.000175
-0.000151
-0.000119
-0.000118
-0.000089
0.000004
0.000083
0.000067
0.000022
0.000020
-0.000019
-0.000139
-0.000205
-0.000091
0.000128
0.000218
0.000090
-0.000009
0.000151
0.000373
0.000336
0.000119
0.000021
0.000077
0.000083
-0.000046
-0.000183
-0.000186
-0.000093
-0.000061
-0.000133
-0.000174
-0.000075
0.000063
0.000064
-0.000053
-0.000100
-0.000024
0.000028
-0.000026
-0.000088
-0.000081
-0.000062
-0.000087
-0.000116
-0.000094
-0.000019
0.000081
0.000146
0.000146
0.000134
0.000133
0.000098
0.000041
0.000020
0.000042
0.000067
0.000018
-0.000102
-0.000151
-0.000082
-0.000041
-0.000084
-0.000083
-0.000007
0.000003
-0.000086
-0.000115
-0.000015
0.000104
0.000150
0.000119
0.000046
-0.000017
-0.000050
-0.000059
-0.000011
0.000087
0.000108
0.000037
0.000048
0.000156
0.000174
0.000061
-0.000036
-0.000025
0.000019
-0.000029
-0.000171
-0.000267
-0.000208
-0.000050
0.000051
0.000032
-0.000038
-0.000071
-0.000057
-0.000034
-0.000003
0.000046
0.000055
-0.000019
-0.000108
-0.000121
-0.000044
0.000060
0.000117
0.000100
0.000042
0.000016
0.000040
0.000043
0.000018
0.000051
0.000129
0.000158
0.000125
0.000086
0.000066
0.000043
-0.000016
-0.000107
-0.000148
-0.000063
0.000094
0.000169
0.000113
0.000029
-0.000007
-0.000036
-0.000107
-0.000173
-0.000176
-0.000199
-0.000317
-0.000367
-0.000207
0.000031
0.000183
0.000257
0.000275
0.000236
0.000211
0.000209
0.000133
0.000016
-0.000018
0.000026
0.000034
-0.000050
-0.000156
-0.000201
-0.000196
-0.000183
-0.000143
-0.000054
0.000060
0.000164
0.000199
0.000099
-0.000076
-0.000192
-0.000197
-0.000119
-0.000029
0.000003
0.000004
0.000045
0.000100
0.000125
0.000157
0.000196
0.000164
0.000044
-0.000085
-0.000171
-0.000229
-0.000254
-0.000228
-0.000183
-0.000123
-0.000017
0.000095
0.000159
0.000166
0.000112
0.000052
0.000071
0.000149
0.000183
0.000133
0.000067
0.000069
0.000129
0.000169
0.000157
0.000090
-0.000028
-0.000133
-0.000180
-0.000200
-0.000199
-0.000136
-0.000017
0.000123
0.000247
0.000286
0.000194
-0.000004
-0.000211
-0.000309
-0.000267
-0.000172
-0.000156
-0.000270
-0.000355
-0.000224
0.000028
0.000148
0.000123
0.000129
0.000210
0.000263
0.000243
0.000191
0.000124
0.000029
-0.000073
-0.000118
-0.000081
-0.000023
-0.000019
-0.000023
0.000040
0.000106
0.000092
0.000031
-0.000040
-0.000122
-0.000172
-0.000152
-0.000071
0.000060
0.000184
0.000222
0.000181
0.000129
0.000094
0.000064
0.000035
0.000004
-0.000045
-0.000115
-0.000180
-0.000210
-0.000196
-0.000132
-0.000015
0.000090
0.000106
0.000049
-0.000010
-0.000019
0.000024
0.000062
0.000012
-0.000137
-0.000259
-0.000234
-0.000138
-0.000085
-0.000035
0.000073
0.000174
0.000154
0.000023
-0.000050
-0.000003
0.000037
0.000013
0.000019
0.000114
0.000248
0.000328
0.000305
0.000228
0.000155
0.000093
0.000044
-0.000016
-0.000130
-0.000245
-0.000244
-0.000171
-0.000215
-0.000375
-0.000443
-0.000341
-0.000201
-0.000107
-0.000024
0.000073
0.000154
0.000189
0.000194
0.000200
0.000192
0.000170
0.000174
0.000208
0.000240
0.000243
0.000185
0.000076
0.000001
0.000005
0.000013
-0.000021
-0.000028
-0.000014
-0.000100
-0.000282
-0.000371
-0.000248
-0.000037
0.000067
0.000020
-0.000096
-0.000175
-0.000169
-0.000132
-0.000117
-0.000078
0.000029
0.000153
0.000220
0.000199
0.000131
0.000117
0.000184
0.000225
0.000169
0.000087
0.000029
-0.000039
-0.000106
-0.000147
-0.000177
-0.000164
-0.000074
0.000028
0.000070
0.000074
0.000062
0.000010
-0.000076
-0.000141
-0.000132
-0.000062
-0.000007
-0.000010
-0.000037
-0.000068
-0.000099
-0.000110
-0.000091
-0.000074
-0.000073
-0.000046
0.000026
0.000076
0.000056
0.000009
0.000010
0.000069
0.000141
0.000178
0.000164
0.000139
0.000134
0.000124
0.000117
0.000125
0.000092
0.000012
-0.000076
-0.000173
-0.000224
-0.000148
-0.000039
-0.000059
-0.000138
-0.000057
0.000153
0.000221
0.000083
-0.000040
-0.000038
-0.000025
-0.000077
-0.000107
-0.000061
-0.000006
-0.000026
-0.000130
-0.000212
-0.000142
0.000014
0.000074
0.000036
0.000051
0.000174
0.000306
0.000323
0.000207
0.000068
-0.000019
-0.000085
-0.000149
-0.000166
-0.000143
-0.000148
-0.000207
-0.000266
-0.000264
-0.000188
-0.000080
0.000021
0.000124
0.000222
0.000260
0.000217
0.000167
0.000195
0.000240
0.000196
0.000079
-0.000023
-0.000069
-0.000067
-0.000058
-0.000063
-0.000079
-0.000088
-0.000068
-0.000036
-0.000016
0.000022
0.000064
0.000025
-0.000100
-0.000196
-0.000158
-0.000028
0.000073
0.000113
0.000151
0.000195
0.000221
0.000233
0.000229
0.000209
0.000164
0.000055
-0.000114
-0.000260
-0.000307
-0.000310
-0.000395
-0.000528
-0.000508
-0.000305
-0.000138
-0.000140
-0.000164
-0.000045
0.000178
0.000346
0.000349
0.000209
0.000094
0.000122
0.000218
0.000243
0.000165
0.000059
0.000005
0.000022
0.000075
0.000091
0.000024
-0.000056
-0.000073
-0.000058
-0.000043
-0.000028
-0.000048
-0.000094
-0.000085
-0.000000
0.000078
0.000097
0.000086
0.000073
0.000028
-0.000054
-0.000126
-0.000137
-0.000094
-0.000070
-0.000045
0.000070
0.000228
0.000281
0.000192
0.000067
0.000027
0.000061
0.000055
-0.000028
-0.000114
-0.000170
-0.000234
-0.000282
-0.000241
-0.000148
-0.000121
-0.000120
-0.000001
0.000148
0.000145
0.000077
0.000094
0.000134
0.000141
0.000163
0.000157
0.000040
-0.000090
-0.000104
-0.000054
-0.000015
0.000030
0.000045
-0.000021
-0.000078
-0.000022
0.000070
0.000048
-0.000063
-0.000092
0.000013
0.000127
0.000163
0.000143
0.000090
-0.000010
-0.000139
-0.000208
-0.000162
-0.000085
-0.000069
-0.000080
-0.000069
-0.000031
0.000040
0.000126
0.000145
0.000086
0.000068
0.000136
0.000164
0.000078
-0.000042
-0.000091
-0.000022
0.000100
0.000141
0.000067
-0.000018
-0.000042
-0.000067
-0.000140
-0.000218
-0.000262
-0.000264
-0.000207
-0.000089
0.000036
0.000083
0.000009
-0.000098
-0.000084
0.000040
0.000109
0.000076
0.000015
0.000002
0.000073
0.000151
0.000126
0.000054
0.000044
0.000068
0.000066
0.000057
0.000046
0.000003
-0.000082
-0.000150
-0.000112
0.000007
0.000049
-0.000029
-0.000081
-0.000026
0.000031
0.000013
-0.000015
-0.000014
-0.000069
-0.000169
-0.000123
0.000077
0.000162
0.000096
0.000116
