2560
0.000081
-0.000031
-0.000135
-0.000174
-0.000153
-0.000088
0.000004
0.000077
0.000075
0.000037
0.000077
0.000223
0.000333
0.000282
0.000128
0.000016
0.000005
-0.000009
-0.000136
-0.000269
-0.000241
-0.000134
-0.000116
-0.000093
0.000090
0.000291
0.000294
0.000154
0.000032
-0.000041
-0.000087
-0.000105
-0.000094
-0.000062
-0.000024
0.000007
0.000009
-0.000087
-0.000278
-0.000387
-0.000267
-0.000033
0.000108
0.000105
0.000021
-0.000078
-0.000127
-0.000103
-0.000064
-0.000043
0.000007
0.000110
0.000239
0.000349
0.000359
0.000225
0.000038
-0.000074
-0.000059
0.000052
0.000142
0.000127
0.000063
0.000030
0.000009
-0.000049
-0.000121
-0.000164
-0.000162
-0.000111
-0.000043
-0.000021
-0.000055
-0.000122
-0.000192
-0.000197
-0.000128
-0.000049
0.000023
0.000100
0.000136
0.000124
0.000139
0.000189
0.000187
0.000122
0.000077
0.000059
-0.000014
-0.000125
-0.000153
-0.000074
0.000014
0.000055
0.000054
0.000008
-0.000054
-0.000064
-0.000020
0.000055
0.000134
0.000140
0.000059
-0.000027
-0.000079
-0.000086
0.000012
0.000179
0.000230
0.000092
-0.000101
-0.000211
-0.000219
-0.000163
-0.000075
0.000018
0.000061
0.000030
-0.000009
0.000009
0.000022
-0.000089
-0.000287
-0.000328
-0.000089
0.000174
0.000181
0.000042
0.000020
0.000116
0.000143
0.000077
0.000093
0.000245
0.000340
0.000253
0.000082
-0.000081
-0.000227
-0.000310
-0.000275
-0.000163
-0.000081
-0.000091
-0.000150
-0.000184
-0.000163
-0.000093
0.000004
0.000071
0.000055
-0.000003
0.000024
0.000198
0.000378
0.000331
0.000064
-0.000139
-0.000098
0.000054
0.000142
0.000164
0.000164
0.000124
0.000036
-0.000054
-0.000089
-0.000063
-0.000058
-0.000152
-0.000239
-0.000149
0.000028
0.000047
-0.000102
-0.000190
-0.000116
-0.000027
-0.000031
-0.000006
0.000116
0.000152
-0.000005
-0.000173
-0.000198
-0.000166
-0.000194
-0.000229
-0.000159
0.000018
0.000187
0.000225
0.000161
0.000152
0.000239
0.000296
0.000256
0.000199
0.000194
0.000208
0.000192
0.000172
0.000191
0.000207
0.000125
-0.000055
-0.000231
-0.000336
-0.000350
-0.000272
-0.000191
-0.000197
-0.000233
-0.000195
-0.000131
-0.000120
-0.000106
-0.000014
0.000103
0.000164
0.000166
0.000152
0.000155
0.000135
0.000055
0.000002
0.000047
0.000081
0.000012
-0.000019
0.000084
0.000123
-0.000058
-0.000285
-0.000333
-0.000210
-0.000081
-0.000044
-0.000034
0.000016
0.000037
-0.000030
-0.000102
-0.000084
-0.000017
0.000031
0.000074
0.000120
0.000155
0.000183
0.000152
-0.000000
-0.000153
-0.000126
0.000023
0.000115
0.000115
0.000098
0.000069
0.000017
0.000018
0.000110
0.000181
0.000116
-0.000034
-0.000144
-0.000193
-0.000220
-0.000209
-0.000137
-0.000015
0.000126
0.000216
0.000202
0.000140
0.000113
0.000118
0.000066
-0.000081
-0.000225
-0.000269
-0.000251
-0.000218
-0.000119
0.000056
0.000170
0.000115
-0.000035
-0.000152
-0.000189
-0.000180
-0.000156
-0.000087
0.000068
0.000226
0.000264
0.000232
0.000215
0.000160
0.000073
0.000050
0.000066
0.000047
0.000016
-0.000001
-0.000021
-0.000084
-0.000202
-0.000257
-0.000183
-0.000146
-0.000204
-0.000137
0.000117
0.000340
0.000379
0.000293
0.000189
0.000103
0.000005
-0.000125
-0.000217
-0.000217
-0.000165
-0.000116
-0.000098
-0.000099
-0.000055
0.000033
0.000098
0.000165
0.000250
0.000221
0.000029
-0.000161
-0.000178
-0.000044
0.000060
0.000018
-0.000094
-0.000145
-0.000086
0.000038
0.000138
0.000192
0.000231
0.000245
0.000214
0.000148
0.000051
-0.000046
-0.000074
-0.000049
-0.000053
-0.000077
-0.000115
-0.000247
-0.000426
-0.000459
-0.000303
-0.000103
0.000021
0.000034
-0.000050
-0.000136
-0.000123
-0.000066
-0.000051
0.000005
0.000181
0.000366
0.000405
0.000286
0.000157
0.000134
0.000138
0.000063
-0.000047
-0.000060
0.000045
0.000099
-0.000038
-0.000215
-0.000185
0.000023
0.000147
0.000044
-0.000138
-0.000171
-0.000042
0.000074
0.000071
0.000013
-0.000024
-0.000032
-0.000025
-0.000023
-0.000036
-0.000022
0.000062
0.000200
0.000295
0.000235
0.000058
-0.000090
-0.000143
-0.000145
-0.000153
-0.000178
-0.000199
-0.000219
-0.000220
-0.000142
-0.000010
0.000063
0.000089
0.000201
0.000377
0.000438
0.000323
0.000166
0.000073
-0.000011
-0.000169
-0.000330
-0.000363
-0.000270
-0.000170
-0.000117
-0.000051
0.000039
0.000091
0.000110
0.000138
0.000137
0.000070
-0.000018
-0.000071
-0.000071
-0.000034
-0.000022
-0.000061
-0.000073
0.000025
0.000177
0.000228
0.000144
0.000070
0.000070
0.000027
-0.000099
-0.000194
-0.000182
-0.000083
0.000037
0.000127
0.000188
0.000238
0.000234
0.000092
-0.000142
-0.000245
-0.000105
0.000107
0.000146
-0.000031
-0.000251
-0.000336
-0.000284
-0.000197
-0.000099
0.000029
0.000143
0.000186
0.000160
0.000077
-0.000064
-0.000195
-0.000175
0.000006
0.000154
0.000165
0.000150
0.000179
0.000183
0.000117
0.000028
-0.000035
-0.000083
-0.000097
-0.000013
0.000106
0.000089
-0.000053
-0.000156
-0.000194
-0.000266
-0.000296
-0.000132
0.000057
0.000004
-0.000163
-0.000160
-0.000033
0.000029
0.000030
0.000052
0.000089
0.000116
0.000137
0.000188
0.000291
0.000340
0.000231
0.000068
0.000012
0.000046
0.000062
0.000016
-0.000074
-0.000169
-0.000173
-0.000057
0.000048
0.000056
0.000052
0.000098
0.000129
0.000080
-0.000028
-0.000115
-0.000146
-0.000180
-0.000252
-0.000289
-0.000224
-0.000101
-0.000031
-0.000083
-0.000179
-0.000171
-0.000041
0.000113
0.000214
0.000282
0.000383
0.000458
0.000370
0.000194
0.000151
0.000212
0.000141
-0.000083
-0.000249
-0.000251
-0.000169
-0.000123
-0.000144
-0.000190
-0.000230
-0.000238
-0.000187
-0.000133
-0.000143
-0.000159
-0.000113
-0.000026
0.000055
0.000110
0.000135
0.000107
0.000034
-0.000006
0.000041
0.000099
0.000092
0.000117
0.000267
0.000376
0.000291
0.000169
0.000171
0.000136
-0.000094
-0.000340
-0.000384
-0.000304
-0.000268
-0.000244
-0.000135
0.000004
0.000056
0.000025
-0.000005
-0.000003
-0.000025
-0.000089
-0.000099
0.000015
0.000143
0.000141
0.000075
0.000134
0.000284
0.000281
0.000062
-0.000124
-0.000070
0.000096
0.000118
-0.000010
-0.000084
-0.000009
0.000085
0.000057
-0.000038
-0.000078
-0.000117
-0.000236
-0.000312
-0.000211
-0.000002
0.000143
0.000144
0.000067
0.000001
-0.000062
-0.000128
-0.000146
-0.000098
-0.000046
-0.000033
-0.000022
0.000037
0.000106
0.000096
0.000037
0.000053
0.000154
0.000200
0.000143
0.000089
0.000082
0.000053
-0.000028
-0.000099
-0.000082
-0.000014
-0.000012
-0.000059
-0.000024
0.000067
0.000045
-0.000118
-0.000278
-0.000332
-0.000302
-0.000282
-0.000271
-0.000168
0.000019
0.000145
0.000161
0.000157
0.000189
0.000217
0.000165
0.000027
-0.000086
-0.000099
-0.000102
-0.000196
-0.000362
-0.000519
-0.000590
-0.000604
-0.000643
-0.000724
-0.000894
-0.001206
-0.001511
-0.001607
-0.001576
-0.001664
-0.001941
-0.002293
-0.002632
-0.002733
-0.001774
0.009100
0.048130
0.097587
0.088235
0.008019
-0.057802
-0.063704
-0.049187
-0.041094
-0.033965
-0.030928
-0.035113
-0.034008
-0.018905
0.001467
0.014063
0.029273
0.118818
0.310104
0.358214
-0.014815
-0.522363
-0.561254
-0.171080
0.038291
-0.067796
-0.097746
0.047725
0.150603
0.151835
0.141059
0.146845
0.142518
0.121929
0.107246
0.108362
0.095945
0.043825
-0.022358
-0.057836
-0.058737
-0.055767
-0.067923
-0.088870
-0.101927
-0.097111
-0.083073
-0.072454
-0.059548
-0.039962
-0.027688
-0.020840
0.001210
0.027298
0.027320
0.016470
0.034307
0.068674
0.074337
0.054971
0.052770
0.067719
0.056971
0.015623
-0.010025
-0.004648
-0.006113
-0.028987
-0.041312
-0.031196
-0.028685
-0.044373
-0.046145
-0.021786
-0.004021
-0.008135
-0.007783
0.010419
0.023627
0.016155
0.004592
0.006107
0.013238
0.011468
-0.000493
-0.012088
-0.012714
-0.003186
0.004842
0.004245
0.000718
0.000793
0.002448
0.002935
0.004477
0.007404
0.008524
0.009272
0.012223
0.011247
0.001442
-0.007225
-0.005472
-0.003693
-0.010989
-0.015359
-0.009956
-0.005712
-0.004954
-0.000610
0.003221
0.001573
0.002713
0.009547
0.010728
0.004401
0.002643
0.006861
0.004922
-0.007375
-0.018827
-0.015834
0.001101
0.013737
0.005705
-0.013775
-0.018027
0.000927
0.019147
0.015056
0.000813
-0.000202
0.008587
0.007932
-0.003469
-0.012819
-0.014672
-0.009884
-0.001193
0.002504
-0.003902
-0.008246
0.002691
0.017805
0.017188
0.005460
0.000715
0.003162
0.001050
-0.005934
-0.007555
-0.001550
0.000979
-0.005881
-0.011077
-0.004865
0.005565
0.008686
0.002930
-0.005067
-0.006996
-0.002190
0.000198
-0.002059
0.000247
0.007676
0.009465
0.004214
0.001875
0.003307
-0.000931
-0.009306
-0.009761
-0.001027
0.007008
0.008205
0.002587
-0.006116
-0.009932
-0.003254
0.007534
0.008276
-0.003449
-0.010019
0.001616
0.015698
0.009741
-0.008703
-0.014200
-0.002938
0.006554
0.002994
-0.007256
-0.012238
-0.007171
0.002064
0.007150
0.007756
0.008848
0.010126
0.005793
-0.005149
-0.013000
-0.007608
0.005342
0.010473
0.004378
-0.003454
-0.006962
-0.007733
-0.006070
0.001317
0.012061
0.016087
0.007924
-0.005889
-0.013450
-0.009205
0.000186
0.003456
-0.002244
-0.008772
-0.006756
0.003373
0.011062
0.007687
-0.002643
-0.008455
-0.005541
0.000022
0.001496
-0.001493
-0.003379
0.000589
0.006344
0.005969
0.000537
-0.002142
0.000528
0.004162
0.003390
-0.002400
-0.006891
-0.003395
0.005315
0.009517
0.005058
-0.003078
-0.007648
-0.005429
0.000745
0.005372
0.005670
0.003171
0.001133
0.000327
-0.000941
-0.002170
-0.001263
0.000251
-0.000849
-0.003732
-0.005065
-0.003395
0.000371
0.003856
0.004521
0.001189
-0.004871
-0.009345
-0.008498
-0.004181
-0.000887
0.000221
0.000530
0.001402
0.003936
0.007649
0.010431
0.010933
0.008586
0.002690
-0.004893
-0.008558
-0.005472
-0.000499
0.000386
-0.002012
-0.002722
-0.000205
0.001967
0.000953
-0.001257
-0.001316
0.001237
0.003909
0.003338
-0.001224
-0.006166
-0.007534
-0.005685
-0.003428
-0.001620
0.000524
0.002985
0.004689
0.004534
0.002824
0.001373
0.001302
0.001812
0.001788
0.001447
0.001416
0.001105
-0.000341
-0.001942
-0.001847
-0.000384
0.000137
-0.001091
-0.002436
-0.002666
-0.002237
-0.001700
-0.000996
-0.000160
0.000398
0.000400
0.000321
0.000782
0.001447
0.001638
0.001531
0.001548
0.001366
0.000571
-0.000448
-0.000845
-0.000300
0.000506
0.000615
0.000012
-0.000526
-0.000622
-0.000490
-0.000322
-0.000233
-0.000323
-0.000456
-0.000428
-0.000294
-0.000234
-0.000270
-0.000259
-0.000101
0.000148
0.000372
0.000512
0.000575
0.000575
0.000478
0.000278
0.000104
0.000066
0.000066
-0.000025
-0.000179
-0.000286
-0.000308
-0.000313
-0.000364
-0.000423
-0.000414
-0.000347
-0.000285
-0.000233
-0.000171
-0.000104
-0.000022
0.000093
0.000219
0.000316
0.000394
0.000463
0.000467
0.000374
0.000245
0.000134
0.000026
-0.000100
-0.000206
-0.000243
-0.000196
-0.000072
0.000078
0.000179
0.000228
0.000261
0.000245
0.000135
-0.000028
-0.000177
-0.000292
-0.000370
-0.000394
-0.000351
-0.000267
-0.000197
-0.000151
-0.000079
0.000028
0.000110
0.000166
0.000250
0.000343
0.000382
0.000346
0.000235
0.000077
-0.000046
-0.000074
-0.000048
-0.000079
-0.000194
-0.000262
-0.000208
-0.000129
-0.000093
-0.000048
0.000029
0.000073
0.000057
0.000040
0.000058
0.000050
-0.000025
-0.000108
-0.000116
-0.000042
0.000044
0.000096
0.000108
0.000077
0.000044
0.000084
0.000167
0.000158
-0.000012
-0.000226
-0.000322
-0.000300
-0.000268
-0.000257
-0.000219
-0.000152
-0.000084
0.000024
0.000192
0.000353
0.000453
0.000508
0.000556
0.000619
0.000673
0.000645
0.000511
0.000322
0.000070
-0.000286
-0.000686
-0.001067
-0.001457
-0.001776
-0.001765
-0.001245
-0.000323
0.000704
0.001577
0.002141
0.002273
0.001923
0.001201
0.000326
-0.000510
-0.001200
-0.001700
-0.001966
-0.001955
-0.001667
-0.001149
-0.000466
0.000298
0.000987
0.001440
0.001613
0.001573
0.001397
0.001134
0.000830
0.000510
0.000134
-0.000323
-0.000758
-0.001042
-0.001159
-0.001130
-0.000958
-0.000668
-0.000325
-0.000006
0.000224
0.000336
0.000372
0.000423
0.000529
0.000619
0.000606
0.000459
0.000185
-0.000178
-0.000550
-0.000802
-0.000847
-0.000726
-0.000540
-0.000308
0.000012
0.000386
0.000633
0.000623
0.000478
0.000403
0.000402
0.000336
0.000153
-0.000043
-0.000113
-0.000068
-0.000050
-0.000103
-0.000130
-0.000107
-0.000130
-0.000210
-0.000250
-0.000196
-0.000098
-0.000047
-0.000069
-0.000116
-0.000137
-0.000099
-0.000016
0.000055
0.000091
0.000122
0.000170
0.000224
0.000241
0.000199
0.000134
0.000074
0.000040
0.000061
0.000095
0.000067
0.000002
-0.000054
-0.000096
-0.000109
-0.000085
-0.000069
-0.000118
-0.000209
-0.000235
-0.000172
-0.000122
-0.000139
-0.000173
-0.000173
-0.000139
-0.000095
-0.000028
0.000114
0.000306
0.000416
0.000371
0.000255
0.000179
0.000112
-0.000041
-0.000248
-0.000388
-0.000388
-0.000261
-0.000101
-0.000026
-0.000044
-0.000014
0.000170
0.000414
0.000541
0.000498
0.000328
0.000078
-0.000163
-0.000242
-0.000129
0.000026
0.000111
0.000133
0.000089
-0.000060
-0.000235
-0.000278
-0.000166
0.000017
0.000189
0.000242
0.000139
0.000024
0.000003
-0.000023
-0.000137
-0.000244
-0.000266
-0.000266
-0.000284
-0.000280
-0.000244
-0.000189
-0.000107
-0.000021
0.000037
0.000086
0.000142
0.000152
0.000074
-0.000034
-0.000056
0.000053
0.000164
0.000160
0.000175
0.000347
0.000476
0.000360
0.000142
-0.000006
-0.000125
-0.000232
-0.000218
-0.000083
-0.000008
-0.000080
-0.000170
-0.000168
-0.000107
-0.000030
0.000043
0.000050
-0.000025
-0.000077
-0.000061
-0.000014
0.000081
0.000200
0.000227
0.000189
0.000234
0.000334
0.000314
0.000192
0.000141
0.000127
-0.000034
-0.000288
-0.000418
-0.000434
-0.000526
-0.000701
-0.000789
-0.000686
-0.000435
-0.000189
-0.000027
0.000167
0.000425
0.000563
0.000530
0.000472
0.000451
0.000441
0.000394
0.000264
0.000095
-0.000049
-0.000172
-0.000240
-0.000208
-0.000152
-0.000118
-0.000014
0.000197
0.000450
0.000637
0.000649
0.000505
0.000318
0.000113
-0.000153
-0.000457
-0.000657
-0.000599
-0.000339
-0.000140
-0.000130
-0.000181
-0.000159
-0.000080
-0.000044
-0.000131
-0.000290
-0.000286
-0.000008
0.000208
0.000007
-0.000442
-0.000692
-0.000564
-0.000168
0.000342
0.000608
0.000166
-0.000711
-0.001036
-0.000509
0.000062
0.000122
0.000028
0.000119
0.000278
0.000436
0.000604
0.000698
0.000772
0.000946
0.001015
0.000720
0.000439
0.000813
0.001644
0.002045
0.001609
0.000560
-0.000797
-0.002195
-0.003315
-0.003694
-0.002833
-0.000969
0.000668
0.001104
0.000469
-0.000594
-0.001495
-0.001936
-0.001845
-0.000982
0.000770
0.002514
0.002746
0.001478
0.000935
0.002619
0.004710
0.004357
0.001609
-0.000997
-0.001985
-0.002045
-0.001906
-0.001382
-0.000760
-0.000387
0.000411
0.001332
0.000659
-0.001608
-0.003429
-0.003651
-0.002904
-0.002077
-0.001180
0.000268
0.002068
0.003112
0.002606
0.000780
-0.001736
-0.004084
-0.004964
-0.003591
-0.000586
0.002380
0.003682
0.003249
0.002685
0.003258
0.004557
0.005436
0.005192
0.003554
0.000657
-0.002418
-0.003680
-0.002071
0.000234
-0.000237
-0.003308
-0.005259
-0.004006
-0.001403
-0.000688
-0.002828
-0.004999
-0.003772
-0.000136
0.001608
-0.000065
-0.002123
-0.001298
0.002147
0.006010
0.009091
0.010224
0.007541
0.001378
-0.004560
-0.006668
-0.005014
-0.002613
-0.001702
-0.001856
-0.001510
0.000166
0.002846
0.004896
0.004419
0.001979
0.000105
-0.000675
-0.002176
-0.004587
-0.005264
-0.002633
0.000751
0.000492
-0.003908
-0.007244
-0.005196
0.000349
0.005091
0.007136
0.006832
0.004955
0.002876
0.002958
0.005113
0.005139
0.000782
-0.004369
-0.006158
-0.004506
-0.001612
0.000277
-0.000292
-0.002577
-0.003793
-0.001658
0.002958
0.005746
0.003213
-0.002124
-0.005033
-0.005363
-0.006335
-0.007717
-0.006215
-0.000673
0.005734
0.008984
0.007980
0.003776
-0.001314
-0.004023
-0.003119
-0.000411
0.002716
0.006281
0.008607
0.006686
0.000970
-0.003479
-0.002921
0.000844
0.004489
0.005897
0.003200
-0.001505
-0.002766
-0.001515
-0.004564
-0.011371
-0.013502
-0.009047
-0.004407
-0.002060
0.000716
0.003669
0.005061
0.006951
0.009664
0.007446
-0.001282
-0.008961
-0.010996
-0.009036
-0.002356
0.007795
0.012642
0.007852
0.001456
0.001938
0.006052
0.005295
-0.000914
-0.005913
-0.004999
0.000519
0.005089
0.003884
-0.003353
-0.011854
-0.013342
-0.003919
0.007736
0.010224
0.004907
-0.001276
-0.007859
-0.012295
-0.006083
0.009507
0.020154
0.016603
0.004273
-0.006414
-0.011280
-0.013044
-0.015396
-0.016857
-0.009521
0.009316
0.024744
0.020813
0.006406
-0.000350
-0.001499
-0.006347
-0.010385
-0.007896
-0.003505
-0.001712
-0.000427
0.003227
0.006313
0.002901
-0.003773
-0.001911
0.009704
0.016084
0.007556
-0.005731
-0.010088
-0.005488
0.000876
0.004078
0.002179
-0.002786
-0.006766
-0.008452
-0.007487
-0.002065
0.005645
0.007262
-0.000801
-0.008564
-0.004774
0.006555
0.011625
0.004139
-0.005915
-0.003409
0.007692
0.008518
-0.003225
-0.010584
-0.003870
0.006805
0.005939
-0.004152
-0.006586
0.001918
0.006818
0.001478
-0.003596
-0.001765
-0.000403
-0.002647
-0.001759
0.001543
0.000226
-0.002020
0.002290
0.006027
-0.002051
-0.012518
-0.007309
0.005541
0.005652
0.000053
0.005362
0.012480
0.007994
-0.000416
-0.004183
-0.007478
-0.010068
-0.005580
0.001255
0.002042
0.001956
0.005960
0.005763
-0.002199
-0.007581
-0.003083
0.005153
0.006461
-0.001076
-0.008172
-0.005923
0.000799
-0.000674
-0.008221
-0.007609
-0.000181
0.002929
0.004345
0.006990
0.005017
0.002205
0.004474
0.005679
0.003404
0.001334
-0.002514
-0.004896
0.001584
0.008159
0.003257
-0.003631
-0.000971
0.001762
-0.004726
-0.009567
-0.004478
0.001342
0.001036
-0.001812
-0.003760
-0.003415
-0.001086
-0.000775
-0.003671
-0.003681
0.001747
0.005001
0.001732
-0.000892
0.002731
0.006829
0.005306
0.002614
0.003313
0.003278
-0.000006
-0.002808
-0.002841
-0.001428
-0.000264
-0.000128
-0.000664
-0.000923
-0.000960
-0.001155
-0.000898
-0.000329
-0.000700
-0.001603
-0.001238
0.000117
0.000449
-0.000170
0.000022
0.000852
0.000842
0.000069
-0.000453
-0.000619
-0.000813
-0.000902
-0.000686
-0.000425
-0.000339
-0.000286
-0.000116
0.000156
0.000428
0.000591
0.000669
0.000770
0.000878
0.000922
0.000938
0.000974
0.000984
0.000934
0.000861
0.000763
0.000579
0.000327
0.000091
-0.000108
-0.000310
-0.000523
-0.000693
-0.000790
-0.000833
-0.000791
-0.000621
-0.000416
-0.000307
-0.000301
-0.000347
-0.000430
-0.000492
-0.000438
-0.000271
-0.000135
-0.000112
-0.000049
0.000175
0.000360
0.000282
0.000093
0.000093
0.000263
0.000343
0.000301
0.000350
0.000485
0.000446
0.000217
0.000061
0.000040
-0.000011
-0.000138
-0.000241
-0.000243
-0.000164
-0.000121
-0.000180
-0.000253
-0.000259
-0.000214
-0.000157
-0.000079
0.000027
0.000124
0.000172
0.000157
0.000112
0.000088
0.000054
-0.000073
-0.000219
-0.000219
-0.000108
-0.000071
-0.000118
-0.000078
0.000111
0.000333
0.000441
0.000394
0.000294
0.000216
0.000103
-0.000045
-0.000120
-0.000114
-0.000123
-0.000152
-0.000120
-0.000021
0.000070
0.000082
0.000028
-0.000030
-0.000084
-0.000139
-0.000169
-0.000187
-0.000223
-0.000242
-0.000221
-0.000176
-0.000120
-0.000025
0.000111
0.000204
0.000208
0.000196
0.000242
0.000315
0.000333
0.000270
0.000182
0.000182
0.000289
0.000302
0.000097
-0.000124
-0.000141
-0.000055
-0.000078
-0.000168
-0.000165
-0.000123
-0.000188
-0.000310
-0.000333
-0.000250
-0.000172
-0.000139
-0.000146
-0.000205
-0.000260
-0.000226
-0.000125
-0.000030
0.000048
0.000125
0.000173
0.000180
0.000183
0.000192
0.000176
0.000122
0.000062
0.000040
0.000074
0.000131
0.000151
0.000135
0.000112
0.000085
0.000059
0.000009
-0.000108
-0.000238
-0.000290
-0.000263
-0.000172
-0.000023
0.000092
0.000097
0.000069
0.000110
0.000183
0.000186
0.000093
-0.000026
-0.000061
0.000013
0.000064
0.000005
-0.000020
0.000088
0.000163
0.000094
0.000038
0.000085
0.000078
-0.000049
-0.000148
-0.000157
-0.000200
-0.000318
-0.000353
-0.000193
0.000030
0.000159
0.000193
0.000193
0.000187
0.000171
0.000104
-0.000033
-0.000188
-0.000273
-0.000231
-0.000096
0.000038
0.000092
0.000068
0.000055
0.000097
0.000127
0.000101
0.000088
0.000116
0.000113
0.000038
-0.000081
-0.000197
-0.000239
-0.000155
0.000003
0.000097
0.000055
-0.000059
-0.000124
-0.000081
0.000038
0.000173
0.000266
0.000267
0.000171
0.000012
-0.000144
-0.000205
-0.000163
-0.000099
-0.000061
-0.000038
-0.000017
0.000003
0.000024
0.000047
0.000050
0.000016
-0.000027
-0.000024
0.000039
0.000097
0.000067
-0.000044
-0.000127
-0.000093
-0.000031
-0.000073
-0.000156
-0.000137
-0.000044
-0.000025
-0.000125
-0.000217
-0.000156
0.000022
0.000164
0.000237
0.000293
0.000305
0.000245
0.000209
0.000256
0.000297
0.000244
0.000115
-0.000019
-0.000116
-0.000160
-0.000119
-0.000051
-0.000103
-0.000242
-0.000277
-0.000183
-0.000143
-0.000251
-0.000400
-0.000448
-0.000363
-0.000220
-0.000091
0.000040
0.000175
0.000228
0.000174
0.000126
0.000174
0.000260
0.000311
0.000349
0.000374
0.000339
0.000261
0.000187
0.000136
0.000129
0.000151
0.000103
-0.000059
-0.000223
-0.000259
-0.000216
-0.000236
-0.000324
-0.000377
-0.000340
-0.000221
-0.000088
-0.000001
0.000030
0.000037
0.000063
0.000093
0.000105
0.000116
0.000113
0.000074
0.000035
0.000054
0.000118
0.000147
0.000123
0.000124
0.000150
0.000091
-0.000057
-0.000160
-0.000146
-0.000070
-0.000058
-0.000149
-0.000231
-0.000196
-0.000111
-0.000105
-0.000166
-0.000143
0.000011
0.000139
0.000131
0.000069
0.000047
0.000027
-0.000050
-0.000106
-0.000029
0.000115
0.000168
0.000113
0.000080
0.000143
0.000207
0.000156
0.000018
-0.000108
-0.000150
-0.000112
-0.000071
-0.000045
0.000022
0.000095
0.000058
-0.000075
-0.000124
0.000006
0.000169
0.000194
0.000118
0.000083
0.000105
0.000083
-0.000020
-0.000138
-0.000208
-0.000229
-0.000241
-0.000252
-0.000209
-0.000081
0.000077
0.000175
0.000191
0.000179
0.000159
0.000069
-0.000065
-0.000120
-0.000106
-0.000150
-0.000254
-0.000301
-0.000213
-0.000044
0.000076
0.000115
0.000150
0.000215
0.000262
0.000216
0.000079
-0.000025
-0.000006
0.000052
0.000017
-0.000094
-0.000152
-0.000067
0.000118
0.000232
0.000187
0.000125
0.000183
0.000254
0.000179
0.000019
-0.000073
-0.000111
-0.000173
-0.000197
-0.000163
-0.000188
-0.000269
-0.000269
-0.000187
-0.000149
-0.000155
-0.000109
-0.000024
0.000039
0.000082
0.000098
0.000113
0.000214
0.000376
0.000478
0.000481
0.000418
0.000309
0.000174
0.000043
-0.000099
-0.000270
-0.000423
-0.000498
-0.000492
-0.000453
-0.000406
-0.000327
-0.000191
-0.000028
0.000097
0.000173
0.000212
0.000181
0.000078
0.000012
0.000037
0.000034
-0.000067
-0.000144
-0.000080
0.000108
0.000301
0.000351
0.000227
0.000082
0.000067
0.000164
0.000247
0.000224
0.000138
0.000076
0.000023
-0.000084
-0.000208
-0.000285
-0.000308
-0.000299
-0.000297
-0.000305
-0.000268
-0.000200
-0.000176
-0.000156
-0.000051
0.000106
0.000239
0.000321
0.000319
0.000266
0.000249
0.000239
0.000129
-0.000057
-0.000165
-0.000121
0.000024
0.000162
0.000187
0.000101
0.000028
0.000037
0.000060
0.000013
-0.000069
-0.000102
-0.000090
-0.000064
-0.000021
-0.000024
-0.000107
-0.000158
-0.000095
-0.000031
-0.000094
-0.000174
-0.000109
0.000023
0.000061
0.000000
-0.000097
-0.000141
-0.000054
0.000070
0.000086
0.000050
0.000090
0.000192
0.000260
0.000261
0.000261
0.000293
0.000250
0.000078
-0.000091
-0.000147
-0.000138
-0.000142
-0.000166
-0.000193
-0.000235
-0.000263
-0.000231
-0.000195
-0.000181
-0.000100
0.000027
0.000057
0.000015
0.000061
0.000177
0.000177
0.000082
0.000114
0.000238
0.000211
0.000048
-0.000054
-0.000075
-0.000099
-0.000089
0.000019
0.000123
0.000114
0.000075
0.000079
0.000056
-0.000022
-0.000097
-0.000188
-0.000279
-0.000214
-0.000013
0.000080
0.000039
0.000060
0.000131
0.000086
-0.000057
-0.000151
-0.000125
-0.000019
0.000084
0.000122
0.000085
0.000022
-0.000024
-0.000027
0.000034
0.000116
0.000067
-0.000117
-0.000195
-0.000042
0.000138
0.000096
-0.000112
-0.000213
-0.000130
-0.000052
-0.000060
-0.000062
-0.000064
-0.000128
-0.000154
0.000014
0.000302
0.000438
0.000313
0.000125
0.000075
0.000106
0.000104
0.000094
0.000094
0.000051
-0.000005
-0.000011
-0.000021
-0.000090
-0.000140
-0.000143
-0.000161
-0.000157
-0.000061
0.000060
0.000103
0.000032
-0.000134
-0.000310
-0.000388
-0.000336
-0.000217
-0.000091
0.000058
0.000270
0.000490
0.000598
0.000547
0.000393
0.000229
0.000101
-0.000031
-0.000183
-0.000272
-0.000253
-0.000228
-0.000281
-0.000360
-0.000375
-0.000288
-0.000126
0.000045
0.000165
0.000197
0.000176
0.000170
0.000146
0.000030
-0.000137
-0.000249
-0.000235
-0.000089
0.000076
0.000117
0.000065
0.000069
0.000133
0.000149
0.000133
0.000141
0.000140
0.000103
0.000048
-0.000006
-0.000024
0.000000
0.000037
0.000052
0.000030
0.000028
0.000088
0.000108
0.000009
-0.000112
-0.000165
-0.000197
-0.000251
-0.000288
-0.000243
-0.000137
-0.000086
-0.000112
-0.000079
0.000062
0.000178
0.000174
0.000116
0.000058
-0.000028
-0.000119
-0.000098
0.000080
0.000230
0.000162
0.000004
0.000015
0.000147
0.000155
0.000010
-0.000082
-0.000006
0.000097
0.000058
-0.000095
-0.000210
-0.000188
-0.000089
-0.000016
0.000055
0.000177
0.000263
0.000234
0.000139
0.000005
-0.000147
-0.000222
-0.000193
-0.000114
-0.000007
0.000072
0.000059
-0.000005
-0.000058
-0.000090
-0.000076
-0.000002
0.000086
0.000128
0.000074
-0.000052
-0.000139
-0.000138
