4800
-0.000053
-0.000103
-0.000087
-0.000068
-0.000081
-0.000063
0.000020
0.000100
0.000083
0.000038
0.000128
0.000272
0.000234
0.000082
0.000065
0.000144
0.000115
-0.000013
-0.000087
-0.000042
0.000048
0.000074
0.000008
-0.000087
-0.000162
-0.000222
-0.000257
-0.000239
-0.000176
-0.000121
-0.000109
-0.000074
0.000059
0.000223
0.000259
0.000134
0.000006
-0.000013
0.000002
-0.000017
-0.000023
0.000008
0.000019
-0.000006
0.000020
0.000159
0.000310
0.000290
0.000101
-0.000075
-0.000131
-0.000110
-0.000085
-0.000058
-0.000016
0.000005
-0.000027
-0.000075
-0.000075
0.000002
0.000101
0.000127
0.000069
-0.000016
-0.000120
-0.000230
-0.000241
-0.000126
-0.000031
-0.000008
0.000059
0.000173
0.000201
0.000130
0.000054
0.000018
0.000017
0.000048
0.000109
0.000175
0.000182
0.000085
-0.000061
-0.000138
-0.000109
-0.000081
-0.000152
-0.000247
-0.000230
-0.000141
-0.000143
-0.000204
-0.000117
0.000101
0.000228
0.000216
0.000180
0.000127
0.000032
-0.000012
0.000049
0.000114
0.000093
0.000019
-0.000027
-0.000020
-0.000031
-0.000136
-0.000235
-0.000141
0.000097
0.000227
0.000156
0.000025
-0.000007
0.000080
0.000154
0.000080
-0.000066
-0.000101
-0.000049
-0.000064
-0.000126
-0.000100
-0.000024
-0.000049
-0.000154
-0.000186
-0.000106
-0.000008
0.000022
0.000016
0.000059
0.000126
0.000116
0.000048
0.000069
0.000176
0.000177
0.000026
-0.000067
0.000057
0.000227
0.000156
-0.000119
-0.000298
-0.000290
-0.000267
-0.000288
-0.000255
-0.000163
-0.000095
-0.000069
-0.000015
0.000094
0.000186
0.000210
0.000214
0.000255
0.000273
0.000173
0.000020
-0.000010
0.000088
0.000183
0.000254
0.000311
0.000247
0.000042
-0.000099
-0.000006
0.000163
0.000103
-0.000160
-0.000307
-0.000267
-0.000290
-0.000445
-0.000519
-0.000425
-0.000269
-0.000114
0.000011
0.000068
0.000099
0.000170
0.000240
0.000241
0.000223
0.000244
0.000201
-0.000007
-0.000213
-0.000174
0.000041
0.000174
0.000163
0.000131
0.000148
0.000176
0.000153
0.000072
-0.000010
-0.000079
-0.000169
-0.000287
-0.000361
-0.000308
-0.000160
-0.000042
-0.000047
-0.000123
-0.000077
0.000158
0.000348
0.000283
0.000099
0.000012
0.000021
0.000046
0.000079
0.000085
0.000004
-0.000108
-0.000140
-0.000066
0.000048
0.000085
-0.000018
-0.000157
-0.000193
-0.000137
-0.000088
-0.000065
-0.000047
-0.000039
-0.000020
0.000036
0.000052
-0.000024
-0.000078
-0.000010
0.000110
0.000188
0.000226
0.000243
0.000239
0.000229
0.000188
0.000065
-0.000101
-0.000213
-0.000244
-0.000240
-0.000212
-0.000108
0.000037
0.000100
0.000072
0.000050
0.000107
0.000215
0.000239
0.000102
-0.000078
-0.000167
-0.000209
-0.000282
-0.000341
-0.000292
-0.000140
0.000005
0.000061
0.000060
0.000053
0.000040
0.000028
0.000052
0.000091
0.000096
0.000118
0.000207
0.000249
0.000180
0.000123
0.000129
0.000099
0.000004
-0.000097
-0.000215
-0.000335
-0.000284
0.000005
0.000249
0.000168
-0.000108
-0.000230
-0.000115
0.000004
-0.000033
-0.000127
-0.000141
-0.000068
0.000051
0.000189
0.000273
0.000241
0.000158
0.000109
0.000046
-0.000060
-0.000109
-0.000047
0.000019
-0.000010
-0.000050
0.000030
0.000168
0.000168
0.000006
-0.000105
-0.000042
0.000035
-0.000025
-0.000140
-0.000202
-0.000226
-0.000243
-0.000221
-0.000133
-0.000034
-0.000010
-0.000045
-0.000057
-0.000059
-0.000089
-0.000096
-0.000041
0.000007
0.000014
0.000054
0.000156
0.000232
0.000214
0.000160
0.000131
0.000113
0.000120
0.000177
0.000208
0.000160
0.000072
0.000004
0.000003
0.000038
0.000029
0.000005
0.000045
0.000088
0.000033
-0.000041
-0.000020
0.000000
-0.000116
-0.000278
-0.000333
-0.000326
-0.000334
-0.000276
-0.000103
0.000048
0.000053
-0.000038
-0.000097
-0.000036
0.000091
0.000132
0.000046
-0.000021
0.000022
0.000086
0.000103
0.000145
0.000225
0.000218
0.000084
-0.000045
-0.000029
0.000120
0.000222
0.000136
-0.000045
-0.000102
0.000020
0.000180
0.000224
0.000116
-0.000051
-0.000148
-0.000140
-0.000095
-0.000071
-0.000075
-0.000124
-0.000188
-0.000176
-0.000103
-0.000066
-0.000065
-0.000034
-0.000033
-0.000144
-0.000202
-0.000034
0.000164
0.000134
-0.000001
-0.000032
-0.000014
-0.000024
0.000018
0.000145
0.000233
0.000191
0.000121
0.000147
0.000196
0.000131
-0.000031
-0.000149
-0.000134
-0.000034
0.000043
0.000114
0.000213
0.000213
0.000081
-0.000009
-0.000007
-0.000041
-0.000136
-0.000197
-0.000226
-0.000291
-0.000356
-0.000324
-0.000216
-0.000133
-0.000091
-0.000039
0.000010
0.000018
0.000028
0.000096
0.000176
0.000180
0.000112
0.000048
0.000036
0.000087
0.000168
0.000201
0.000156
0.000093
0.000054
0.000033
0.000027
0.000014
-0.000016
-0.000044
-0.000059
-0.000074
-0.000109
-0.000156
-0.000165
-0.000100
0.000018
0.000124
0.000137
0.000076
0.000063
0.000112
0.000099
0.000012
0.000005
0.000133
0.000221
0.000135
0.000004
0.000010
0.000096
0.000081
-0.000084
-0.000264
-0.000342
-0.000330
-0.000289
-0.000283
-0.000318
-0.000317
-0.000235
-0.000114
-0.000021
0.000015
0.000076
0.000237
0.000372
0.000317
0.000179
0.000211
0.000388
0.000414
0.000223
0.000090
0.000128
0.000122
0.000001
-0.000018
0.000084
0.000075
-0.000042
-0.000051
0.000033
-0.000004
-0.000183
-0.000301
-0.000293
-0.000277
-0.000285
-0.000250
-0.000148
-0.000015
0.000064
0.000048
-0.000015
-0.000066
-0.000084
-0.000084
-0.000088
-0.000114
-0.000105
0.000025
0.000148
0.000104
0.000021
0.000088
0.000235
0.000278
0.000215
0.000167
0.000148
0.000122
0.000089
0.000041
-0.000008
0.000000
0.000002
-0.000143
-0.000342
-0.000361
-0.000287
-0.000346
-0.000426
-0.000391
-0.000390
-0.000504
-0.000542
-0.000322
0.000038
0.000262
0.000258
0.000178
0.000221
0.000418
0.000643
0.000795
0.000835
0.000768
0.000658
0.000563
0.000466
0.000336
0.000176
-0.000005
-0.000185
-0.000303
-0.000311
-0.000265
-0.000294
-0.000437
-0.000569
-0.000549
-0.000415
-0.000326
-0.000317
-0.000261
-0.000104
0.000016
0.000008
-0.000018
0.000032
0.000089
0.000062
-0.000025
-0.000050
0.000075
0.000271
0.000373
0.000306
0.000066
-0.000370
-0.000774
-0.000641
0.000018
0.000467
0.000254
-0.000185
-0.000163
0.000359
0.000767
0.000607
0.000103
-0.000029
0.000567
0.001148
0.000782
-0.000214
-0.000739
-0.000410
0.000163
0.000237
-0.000264
-0.000733
-0.000685
-0.000397
-0.000508
-0.000931
-0.000777
0.000235
0.001062
0.000745
-0.000126
-0.000370
0.000051
0.000260
-0.000205
-0.000674
-0.000263
0.000568
0.000778
0.000471
0.000046
-0.000110
0.001736
0.006970
0.013702
-0.000246
-0.068928
-0.102393
0.077701
0.296144
0.124383
-0.296699
-0.374408
-0.002104
0.351720
0.265264
-0.141172
-0.334300
-0.104169
0.207643
0.253437
0.037789
-0.196144
-0.209304
0.014914
0.219711
0.168525
-0.062689
-0.198913
-0.091532
0.105277
0.139207
0.006719
-0.097232
-0.075363
0.014886
0.071169
0.034015
-0.042484
-0.051776
-0.000119
0.023226
0.013539
0.012814
0.003550
-0.019414
-0.017496
0.006994
0.020290
0.014364
-0.006466
-0.025735
-0.011346
0.021033
0.019447
-0.008134
-0.017621
-0.005112
0.010468
0.014345
0.001669
-0.010113
-0.005234
0.004888
0.005676
-0.000374
-0.004680
-0.002922
0.002189
0.002686
-0.003160
-0.004789
0.002338
0.005214
-0.002159
-0.007136
-0.002207
0.006138
0.008263
0.000586
-0.007091
-0.004334
0.002959
0.004598
0.000490
-0.002887
-0.001406
0.000800
-0.000561
-0.001425
0.000864
0.002105
0.000140
-0.002140
-0.001733
0.000875
0.002354
0.001114
-0.000897
-0.001812
-0.001258
0.001077
0.003303
0.001708
-0.002658
-0.004304
-0.001283
0.002886
0.003984
0.000751
-0.003354
-0.002365
0.002604
0.002908
-0.001973
-0.003260
0.000902
0.004018
0.001927
-0.003003
-0.004321
0.000250
0.004210
0.002230
-0.002005
-0.003546
-0.001571
0.002485
0.003694
-0.000460
-0.003935
-0.002440
0.000856
0.002604
0.002010
-0.000221
-0.002604
-0.002958
0.000835
0.005413
0.003777
-0.003025
-0.005954
-0.001211
0.004568
0.003849
-0.001677
-0.004204
-0.000843
0.003014
0.002249
-0.000924
-0.001890
-0.000383
0.000981
0.000808
-0.000648
-0.002065
-0.000695
0.003137
0.003436
-0.001673
-0.005307
-0.001735
0.005059
0.005013
-0.002195
-0.005283
-0.001329
0.002465
0.003051
0.000730
-0.003320
-0.004045
0.000218
0.003152
0.001480
-0.000664
-0.000471
0.000638
0.000431
-0.001036
-0.000977
0.001644
0.002882
-0.000297
-0.002957
-0.001032
0.000619
-0.000081
0.000725
0.001741
-0.000793
-0.003614
-0.000492
0.005140
0.002942
-0.004666
-0.005150
0.001898
0.006172
0.002520
-0.003812
-0.004246
0.000123
0.001705
0.000671
0.001725
0.002562
-0.002315
-0.008099
-0.003651
0.007919
0.010292
-0.000992
-0.010976
-0.006529
0.005958
0.009969
0.001130
-0.008239
-0.006863
0.002579
0.007943
0.002753
-0.003535
-0.002635
-0.001021
-0.001116
0.002086
0.004521
0.000661
-0.003996
-0.002860
0.001857
0.003865
0.000783
-0.003466
-0.003808
0.000380
0.004653
0.003167
-0.003235
-0.006216
-0.001568
0.004891
0.005227
-0.000943
-0.005609
-0.002479
0.003631
0.004232
-0.000130
-0.002822
-0.001300
0.001411
0.002093
0.000037
-0.002800
-0.002023
0.002366
0.003479
-0.000677
-0.003587
-0.001460
0.002607
0.003365
-0.000703
-0.003738
-0.001309
0.001832
0.001403
-0.000309
-0.000945
-0.000961
-0.000862
0.000163
0.002063
0.002035
-0.001205
-0.003369
-0.000897
0.002676
0.002796
0.000395
-0.001868
-0.002874
-0.000956
0.003766
0.005291
-0.000518
-0.006121
-0.002983
0.003569
0.004523
0.000653
-0.003716
-0.005208
-0.000577
0.006008
0.005052
-0.002820
-0.007027
-0.002826
0.004243
0.006079
-0.000186
-0.007003
-0.004432
0.003664
0.005740
0.001146
-0.003036
-0.003203
0.000588
0.004487
0.002971
-0.002388
-0.004284
-0.001070
0.002704
0.003567
0.000598
-0.003845
-0.004368
0.000343
0.004276
0.002846
-0.001353
-0.003771
-0.002073
0.001930
0.003188
0.000595
-0.002011
-0.002105
-0.000290
0.001667
0.002242
0.001001
-0.000935
-0.001961
-0.001163
0.001152
0.002435
0.000713
-0.001566
-0.001370
0.000356
0.001200
0.000486
-0.000401
-0.000353
-0.000309
-0.000543
-0.000273
0.000453
0.000989
-0.000084
-0.002065
-0.001574
0.001480
0.003140
0.000691
-0.002995
-0.002451
0.001340
0.002508
0.000360
-0.001440
-0.001706
-0.000692
0.001472
0.002270
-0.000133
-0.002915
-0.002443
0.001059
0.003781
0.002405
-0.001702
-0.003450
-0.000229
0.003914
0.003027
-0.002149
-0.004483
-0.000541
0.003927
0.002347
-0.002461
-0.003220
0.000270
0.002438
0.001014
-0.001154
-0.001435
-0.000649
-0.000148
0.000441
0.000789
-0.000346
-0.001424
0.000121
0.001961
0.000726
-0.000976
0.000303
0.001942
0.000018
-0.002574
-0.000452
0.003112
0.001581
-0.002116
-0.002120
-0.000126
0.000374
0.000026
0.000062
0.000015
-0.000278
-0.000309
-0.000255
-0.000100
0.001086
0.002410
0.000834
-0.002868
-0.003329
0.000845
0.004261
0.002110
-0.003568
-0.005700
-0.000775
0.005406
0.004843
-0.001831
-0.006022
-0.001988
0.004486
0.004342
-0.000401
-0.002402
-0.000976
0.000709
0.001110
0.000304
-0.000602
-0.000737
-0.000805
-0.001070
-0.000272
0.000961
0.000665
-0.000358
-0.000562
-0.000219
0.000559
0.001280
0.000328
-0.001404
-0.000874
0.001365
0.001539
-0.000823
-0.002006
-0.000199
0.001928
0.001551
-0.000657
-0.001858
-0.000666
0.001562
0.002398
0.000256
-0.002810
-0.002257
0.001343
0.002572
0.000326
-0.001549
-0.001256
-0.000249
0.000172
-0.000098
-0.000172
0.000672
0.001059
-0.000418
-0.001947
-0.000901
0.001932
0.002675
-0.000507
-0.003532
-0.001598
0.002877
0.003757
0.000402
-0.002896
-0.002794
0.000703
0.003496
0.001705
-0.002235
-0.003298
-0.000820
0.001929
0.002177
0.000384
-0.001446
-0.002164
-0.000890
0.001705
0.002471
0.000212
-0.002270
-0.002195
0.000361
0.002593
0.001555
-0.001396
-0.002323
-0.000543
0.001770
0.002274
0.000321
-0.001488
-0.001272
-0.000313
0.000892
0.002229
0.001502
-0.001727
-0.003514
-0.000695
0.003593
0.003497
-0.001268
-0.004739
-0.002406
0.002716
0.003900
0.000092
-0.003656
-0.003469
0.000621
0.004495
0.002686
-0.003021
-0.004684
-0.000403
0.004075
0.003754
-0.000929
-0.004378
-0.002288
0.002482
0.004337
0.001376
-0.003138
-0.003439
0.001145
0.004179
0.001493
-0.003321
-0.004123
0.000296
0.004350
0.002792
-0.002070
-0.003768
-0.000695
0.002299
0.001904
-0.000078
-0.001535
-0.001784
-0.000450
0.001187
0.001100
-0.000175
-0.000908
-0.000568
0.000904
0.001721
-0.000127
-0.001975
-0.000760
0.001340
0.001451
0.000238
-0.000931
-0.001627
-0.000481
0.002297
0.002412
-0.001281
-0.003282
-0.000828
0.001905
0.001221
-0.001108
-0.001329
0.000473
0.001019
-0.000286
-0.000827
0.000634
0.002424
0.001561
-0.001934
-0.002711
0.001186
0.003146
-0.000288
-0.003319
-0.001325
0.002237
0.001849
-0.001555
-0.002403
0.000770
0.003368
0.001228
-0.002922
-0.003210
0.000126
0.002213
0.001112
-0.001371
-0.002322
-0.000137
0.002689
0.001920
-0.001548
-0.002637
-0.000073
0.002729
0.002600
-0.000825
-0.003789
-0.001878
0.002622
0.003525
0.000202
-0.002662
-0.001948
0.001001
0.002594
0.000960
-0.002056
-0.002712
-0.000234
0.001888
0.001490
0.000320
-0.000343
-0.001103
-0.001447
-0.000045
0.002188
0.002154
-0.000693
-0.002276
-0.000712
0.000637
0.000630
0.000981
0.000473
-0.001375
-0.001646
-0.000082
0.001117
0.001263
-0.000243
-0.002313
-0.001292
0.002133
0.002665
-0.000456
-0.002419
-0.000883
0.001566
0.002018
0.000240
-0.001698
-0.001573
0.000484
0.001932
0.000965
-0.001031
-0.001857
-0.001385
-0.000097
0.001688
0.002309
0.000200
-0.002665
-0.002027
0.001752
0.002940
-0.000132
-0.002758
-0.001989
0.000799
0.002673
0.001205
-0.001882
-0.001840
0.001268
0.002558
0.000550
-0.001627
-0.001557
0.000194
0.001502
0.001103
-0.000321
-0.001457
-0.001493
-0.000207
0.001239
0.001033
-0.000362
-0.000918
-0.000309
0.000648
0.001227
0.000293
-0.001309
-0.000647
0.001457
0.001241
-0.000946
-0.001962
-0.001031
0.000508
0.001024
0.000277
-0.000278
-0.000218
-0.000496
-0.000436
0.001150
0.002037
-0.000126
-0.002320
-0.000939
0.001655
0.001443
-0.000725
-0.001504
-0.000208
0.001251
0.000951
-0.000891
-0.001654
0.000051
0.001890
0.001278
-0.000839
-0.001536
0.000038
0.001419
0.000305
-0.001719
-0.001384
0.000841
0.001396
-0.000375
-0.001458
-0.000041
0.001991
0.001389
-0.001546
-0.002520
0.000240
0.002894
0.001480
-0.002062
-0.002411
0.000677
0.002038
-0.000042
-0.001559
-0.000084
0.001694
0.001110
-0.000667
-0.001395
-0.000336
0.001243
0.000861
-0.001057
-0.001078
0.000833
0.001107
-0.001013
-0.002277
-0.000383
0.002334
0.001820
-0.001263
-0.002057
0.000393
0.001729
0.000317
-0.000733
0.000022
0.000646
0.000124
-0.000379
-0.000042
0.000372
-0.000160
-0.000956
-0.000545
0.000561
0.000687
-0.000181
-0.000812
-0.000580
0.000194
0.000556
0.000152
-0.000305
-0.000279
0.000336
0.000765
-0.000398
-0.001829
-0.000438
0.002161
0.001419
-0.001568
-0.001731
0.001038
0.002220
0.000357
-0.001449
-0.000808
0.001027
0.001223
-0.000590
-0.001420
0.000114
0.001298
0.000396
-0.000952
-0.001268
-0.000497
0.000889
0.001487
0.000162
-0.001562
-0.001199
0.000787
0.001519
-0.000031
-0.001381
-0.000313
0.001303
0.000595
-0.001354
-0.001589
-0.000044
0.001131
0.000849
-0.000204
-0.000558
0.000224
0.000824
0.000677
0.000607
0.000385
-0.000412
-0.000770
-0.000182
0.000387
0.000194
-0.000492
-0.001006
-0.000639
0.000592
0.001103
-0.000051
-0.001359
-0.001321
0.000026
0.001620
0.001446
-0.000772
-0.001911
-0.000236
0.001802
0.001687
-0.000208
-0.001887
-0.001660
0.000473
0.002330
0.001457
-0.001470
-0.002687
-0.000284
0.002551
0.001827
-0.001278
-0.002401
-0.000400
0.001850
0.001952
0.000242
-0.001227
-0.000615
0.001066
0.001017
-0.000737
-0.001481
-0.000140
0.001131
0.000179
-0.001496
-0.001110
0.000807
0.001575
0.000314
-0.001235
-0.001041
0.000343
0.000693
-0.000242
-0.000773
-0.000152
0.000443
0.000010
-0.000263
0.000429
0.000466
-0.000475
-0.000379
0.000752
0.000706
-0.000779
-0.001289
0.000353
0.001549
0.000171
-0.001435
-0.000597
0.001583
0.002079
-0.000205
-0.002139
-0.000888
0.001097
0.001214
0.000549
-0.000178
-0.001113
-0.001112
0.000056
0.000602
0.000115
-0.000161
-0.000162
-0.000110
0.000092
-0.000294
-0.001047
-0.000644
0.000674
0.001025
0.000047
-0.000660
-0.000037
0.000911
0.000722
-0.000155
-0.000419
-0.000156
0.000044
0.000295
0.000508
0.000158
-0.000499
-0.000490
0.000181
0.000480
0.000260
0.000239
0.000101
-0.000691
-0.000856
0.000561
0.001617
0.000343
-0.001833
-0.001924
0.000438
0.002199
0.000822
-0.002007
-0.002379
0.000253
0.002178
0.001198
-0.000699
-0.001261
-0.000256
0.001229
0.001314
-0.000421
-0.001646
-0.000815
0.000649
0.001054
0.000227
-0.000854
-0.000709
0.000611
0.001154
0.000070
-0.001014
-0.000449
0.000891
0.001031
-0.000110
-0.000914
-0.000320
0.000777
0.000832
-0.000018
-0.000735
-0.000753
0.000172
0.001219
0.000754
-0.001125
-0.002210
-0.001152
0.000900
0.001779
0.000407
-0.001612
-0.001398
0.000752
0.001730
0.000659
-0.000617
-0.000827
-0.000110
0.000861
0.001139
0.000312
-0.000839
-0.001134
-0.000016
0.001285
0.000701
-0.001160
-0.001574
0.000067
0.001545
0.000873
-0.001080
-0.001495
0.000413
0.002016
0.000952
-0.001547
-0.002016
0.000440
0.002243
0.000620
-0.002036
-0.001928
0.000756
0.002289
0.000736
-0.001442
-0.001411
0.000347
0.001311
0.000251
-0.001172
-0.000947
0.000403
0.001032
0.000223
-0.000952
-0.000839
0.000597
0.001405
0.000348
-0.001105
-0.000977
0.000395
0.001305
0.001051
0.000151
-0.000769
-0.001063
-0.000189
0.000989
0.000901
-0.000353
-0.001143
-0.000547
0.000690
0.001250
0.000333
-0.001437
-0.001773
0.000159
0.001793
0.001008
-0.000883
-0.001510
-0.000265
0.001418
0.001397
-0.000559
-0.001779
-0.000515
0.001026
0.000587
-0.000439
-0.000386
-0.000185
-0.000485
-0.000161
0.000831
0.000849
-0.000307
-0.000855
-0.000139
0.000647
0.000736
0.000297
-0.000224
-0.000260
-0.000057
-0.000168
-0.000013
0.000571
0.000450
-0.000449
-0.000747
-0.000060
0.000425
0.000119
-0.000158
-0.000062
-0.000275
-0.000587
-0.000007
0.000848
0.000435
-0.000650
-0.000632
0.000250
0.000632
0.000303
-0.000197
-0.000417
-0.000246
0.000082
0.000358
0.000325
-0.000128
-0.000490
-0.000269
0.000141
0.000049
-0.000262
-0.000041
0.000399
0.000269
-0.000206
-0.000245
0.000165
0.000488
0.000428
-0.000118
-0.000669
-0.000197
0.000939
0.001024
-0.000131
-0.001015
-0.000887
-0.000039
0.000911
0.000782
-0.000695
-0.001647
-0.000723
0.000921
0.001413
0.000006
-0.001861
-0.001420
0.001245
0.002552
0.000823
-0.001521
-0.001821
-0.000124
0.001550
0.001491
0.000005
-0.001317
-0.001341
-0.000141
0.001084
0.001197
0.000215
-0.001111
-0.001532
-0.000102
0.001666
0.001249
-0.000490
-0.000761
0.000210
0.000399
-0.000210
-0.000511
-0.000261
0.000210
0.000266
-0.000350
-0.000533
0.000180
0.000234
-0.000587
-0.000343
0.000911
0.001020
-0.000209
-0.000850
0.000019
0.001371
0.001513
-0.000120
-0.001797
-0.001329
0.000810
0.001915
0.000481
-0.001808
-0.002058
0.000159
0.001985
0.000785
-0.001822
-0.002048
0.000055
0.001242
0.000559
-0.000532
-0.000954
-0.000211
0.001101
0.001163
-0.000145
-0.000828
-0.000232
0.000477
0.000565
0.000195
-0.000200
-0.000234
0.000144
0.000460
0.000300
0.000181
0.000486
0.000437
-0.000312
-0.000724
-0.000035
0.000619
-0.000173
-0.001333
-0.001020
0.000268
0.000779
-0.000055
-0.000913
-0.000275
0.000954
0.000749
-0.000571
-0.001071
-0.000109
0.001173
0.001126
-0.000428
-0.001381
-0.000260
0.001263
0.001066
-0.000272
-0.000912
-0.000233
0.000873
0.000866
-0.000440
-0.001023
0.000129
0.001034
0.000279
-0.000795
-0.000608
0.000583
0.000939
-0.000504
-0.001661
-0.000506
0.001046
0.000315
-0.001406
-0.001222
0.000640
0.001528
0.000301
-0.001104
-0.000540
0.001043
0.001354
0.000188
-0.001018
-0.000965
0.000484
0.001551
0.000718
-0.000676
-0.000889
-0.000154
0.000693
0.000787
-0.000187
-0.000864
-0.000413
-0.000090
-0.000310
-0.000021
0.000455
0.000025
-0.000775
-0.000599
0.000500
0.000969
0.000198
-0.000584
-0.000466
0.000183
0.000581
0.000209
-0.000421
-0.000204
0.000476
0.000296
-0.000280
-0.000142
0.000162
0.000025
-0.000070
0.000090
0.000163
-0.000108
-0.000543
-0.000425
0.000361
0.000689
-0.000015
-0.000707
-0.000379
0.000419
0.000554
0.000106
-0.000163
-0.000198
-0.000079
0.000193
0.000137
-0.000152
-0.000100
-0.000125
-0.000415
-0.000152
0.000488
0.000488
-0.000012
-0.000137
0.000106
0.000074
-0.000090
0.000116
0.000190
-0.000308
-0.000671
-0.000316
0.000344
0.000381
-0.000417
-0.000742
0.000229
0.000928
0.000000
-0.001084
-0.000469
0.001140
0.001561
0.000179
-0.001057
-0.000407
0.000967
0.000868
-0.000454
-0.000920
-0.000056
0.000632
0.000399
-0.000171
-0.000701
-0.000764
0.000074
0.000759
0.000245
-0.000531
-0.000507
0.000029
0.000324
-0.000003
-0.000437
-0.000266
0.000138
0.000175
0.000091
0.000068
-0.000074
-0.000079
0.000207
0.000122
-0.000380
-0.000213
0.000567
0.000613
-0.000205
-0.000670
-0.000169
0.000491
0.000310
-0.000224
-0.000149
0.000052
-0.000151
0.000080
0.000784
0.000492
-0.000775
-0.001152
-0.000190
0.000658
0.000464
-0.000289
-0.000595
-0.000085
0.000651
0.000909
0.000521
-0.000222
-0.000670
-0.000397
0.000126
0.000238
-0.000120
-0.000588
-0.000576
0.000090
0.000602
0.000322
-0.000266
-0.000397
0.000136
0.000806
0.000737
-0.000165
-0.000850
-0.000531
0.000140
0.000170
-0.000176
-0.000171
-0.000075
-0.000291
-0.000312
0.000290
0.000913
0.000647
-0.000319
-0.000718
0.000018
0.000945
0.000788
-0.000363
-0.000992
-0.000365
0.000409
0.000391
-0.000021
-0.000448
-0.000723
-0.000211
0.000798
0.000704
-0.000666
-0.001291
-0.000135
0.001176
0.000915
-0.000352
-0.000908
-0.000215
0.000663
0.000694
0.000187
-0.000103
-0.000251
-0.000312
0.000194
0.000693
0.000063
-0.000963
-0.000920
-0.000023
0.000702
0.000777
0.000097
-0.000731
-0.000526
0.000536
0.000845
-0.000014
-0.000764
-0.000500
0.000251
0.000401
-0.000043
-0.000079
0.000316
0.000161
-0.000486
-0.000633
-0.000157
0.000345
0.000483
0.000069
-0.000344
0.000050
0.000669
0.000657
0.000347
-0.000043
-0.000583
-0.000656
0.000014
0.000565
0.000123
-0.000966
-0.001404
-0.000598
0.000566
0.000853
0.000004
-0.001004
-0.000742
0.000867
0.001766
0.000541
-0.001086
-0.000816
0.000763
0.001292
0.000196
-0.000710
-0.000320
0.000164
-0.000161
-0.000276
0.000310
0.000498
-0.000056
-0.000373
0.000003
0.000540
0.000565
-0.000086
-0.000759
-0.000746
-0.000237
0.000201
0.000168
-0.000471
-0.000903
-0.000140
0.001010
0.000867
-0.000313
-0.000685
0.000149
0.000660
0.000202
-0.000153
-0.000067
-0.000261
-0.000354
0.000352
0.000885
0.000323
-0.000410
-0.000449
-0.000111
0.000240
0.000231
-0.000236
-0.000282
0.000303
0.000431
-0.000063
-0.000257
-0.000014
0.000118
-0.000082
-0.000432
-0.000477
-0.000082
0.000205
0.000156
0.000054
-0.000179
-0.000339
0.000245
0.000909
0.000201
-0.001176
-0.001029
0.000644
0.001517
0.000466
-0.000897
-0.000657
0.000645
0.000939
-0.000140
-0.000903
-0.000463
0.000272
0.000392
0.000012
-0.000336
-0.000323
0.000040
0.000346
0.000167
-0.000208
-0.000218
-0.000006
0.000052
0.000095
0.000298
0.000258
-0.000233
-0.000495
-0.000128
0.000292
0.000282
-0.000027
-0.000252
-0.000081
0.000210
0.000063
-0.000269
-0.000185
0.000234
0.000573
0.000453
-0.000118
-0.000368
0.000034
0.000339
0.000155
-0.000134
-0.000309
-0.000384
-0.000302
-0.000135
-0.000047
-0.000010
0.000053
-0.000016
-0.000210
-0.000083
0.000405
0.000539
0.000037
-0.000408
-0.000145
0.000482
0.000489
-0.000360
-0.000887
-0.000179
0.000817
0.000738
-0.000252
-0.000981
-0.000715
0.000195
0.000611
0.000033
-0.000540
-0.000194
0.000376
0.000248
-0.000054
0.000140
0.000296
0.000069
0.000011
0.000203
0.000138
-0.000135
-0.000140
0.000131
0.000288
0.000135
-0.000163
-0.000224
0.000073
0.000362
0.000284
-0.000158
-0.000524
-0.000293
0.000253
0.000311
-0.000236
-0.000691
-0.000399
0.000315
0.000414
-0.000096
-0.000219
0.000107
0.000218
0.000055
-0.000136
-0.000156
0.000120
0.000294
-0.000080
-0.000530
-0.000315
0.000279
0.000379
-0.000085
-0.000367
0.000028
0.000620
0.000455
-0.000331
-0.000502
0.000130
0.000402
-0.000006
-0.000316
-0.000225
-0.000006
0.000207
0.000315
0.000164
-0.000165
-0.000357
-0.000256
0.000037
0.000367
0.000386
-0.000156
-0.000654
-0.000341
0.000363
0.000495
-0.000026
-0.000535
-0.000511
0.000053
0.000590
0.000471
-0.000071
-0.000198
0.000184
0.000361
0.000099
-0.000132
-0.000062
0.000105
0.000153
0.000110
0.000044
-0.000099
-0.000286
-0.000326
-0.000238
-0.000293
-0.000424
-0.000307
-0.000090
-0.000148
-0.000295
-0.000077
0.000379
0.000588
0.000466
0.000241
0.000080
0.000142
0.000453
0.000582
0.000114
-0.000498
-0.000459
0.000118
0.000451
0.000185
-0.000335
-0.000469
-0.000069
0.000268
0.000233
0.000125
-0.000001
-0.000259
-0.000369
-0.000080
0.000316
0.000230
-0.000447
-0.000933
-0.000539
0.000255
0.000500
-0.000053
-0.000685
-0.000484
0.000450
0.001094
0.000731
-0.000280
-0.000787
-0.000239
0.000487
0.000399
-0.000251
-0.000542
-0.000113
0.000457
0.000464
0.000077
-0.000125
-0.000061
0.000092
0.000210
0.000150
-0.000026
-0.000059
0.000093
0.000223
0.000235
0.000176
0.000060
-0.000114
-0.000267
-0.000239
0.000050
0.000276
-0.000057
-0.000675
-0.000690
-0.000019
0.000460
0.000204
-0.000448
-0.000740
-0.000234
0.000519
0.000477
-0.000300
-0.000691
-0.000236
0.000500
0.000754
0.000226
-0.000423
-0.000339
0.000275
0.000586
0.000228
-0.000395
-0.000473
0.000304
0.001058
0.000674
-0.000435
-0.000771
-0.000030
0.000649
0.000502
-0.000189
-0.000723
-0.000569
-0.000037
0.000060
-0.000269
-0.000465
-0.000402
-0.000149
0.000037
-0.000170
-0.000320
0.000164
0.000670
0.000439
0.000120
0.000558
0.001028
0.000520
-0.000277
-0.000211
0.000291
0.000185
-0.000270
-0.000233
-0.000023
-0.000275
-0.000461
-0.000115
0.000187
0.000057
-0.000208
-0.000253
-0.000089
-0.000071
-0.000272
-0.000328
-0.000110
0.000119
0.000074
-0.000211
-0.000281
0.000088
0.000383
0.000263
0.000109
0.000129
0.000092
-0.000025
-0.000042
0.000023
0.000029
-0.000009
-0.000022
-0.000029
0.000016
0.000097
0.000082
0.000065
0.000222
0.000372
0.000243
-0.000070
-0.000315
-0.000318
0.000050
0.000471
0.000286
-0.000326
-0.000445
-0.000007
0.000157
-0.000175
-0.000388
-0.000185
0.000013
-0.000142
-0.000373
-0.000241
0.000169
0.000318
0.000020
-0.000220
-0.000008
0.000345
0.000398
0.000209
0.000083
0.000052
-0.000040
-0.000134
-0.000102
0.000004
0.000111
0.000147
0.000054
-0.000038
-0.000047
0.000008
0.000119
0.000084
-0.000061
0.000129
0.000354
-0.000078
-0.000629
-0.000419
0.000096
0.000055
-0.000317
-0.000247
0.000241
0.000329
-0.000171
-0.000358
0.000049
0.000159
-0.000166
-0.000074
0.000312
0.000099
-0.000452
-0.000364
0.000194
0.000324
-0.000025
-0.000248
-0.000042
0.000405
0.000639
0.000399
-0.000050
-0.000212
0.000090
0.000466
0.000353
-0.000210
-0.000538
-0.000214
0.000301
0.000311
-0.000109
-0.000261
0.000048
0.000243
0.000056
-0.000126
-0.000163
-0.000250
-0.000312
-0.000200
-0.000013
0.000020
-0.000264
-0.000567
-0.000287
0.000444
0.000674
0.000055
-0.000537
-0.000294
0.000387
0.000642
0.000314
-0.000157
-0.000384
-0.000253
0.000081
0.000323
0.000288
0.000017
-0.000300
-0.000352
-0.000007
0.000313
0.000112
-0.000315
-0.000230
0.000269
0.000350
-0.000042
-0.000148
0.000161
0.000343
0.000199
-0.000004
-0.000025
0.000045
-0.000016
-0.000186
-0.000289
-0.000248
-0.000090
0.000046
0.000005
-0.000123
-0.000120
0.000050
0.000199
0.000112
-0.000200
-0.000417
-0.000187
0.000344
0.000472
-0.000107
-0.000640
-0.000413
0.000162
0.000347
0.000160
0.000008
-0.000098
-0.000153
0.000166
0.000572
0.000380
-0.000075
-0.000032
0.000287
0.000286
-0.000010
-0.000239
-0.000157
0.000072
0.000026
-0.000259
-0.000339
-0.000086
0.000124
-0.000028
-0.000216
-0.000031
0.000224
0.000198
0.000070
-0.000099
-0.000311
-0.000222
0.000112
0.000164
0.000007
0.000007
-0.000040
-0.000265
-0.000193
0.000285
0.000437
-0.000001
-0.000293
-0.000072
0.000228
0.000279
0.000082
-0.000209
-0.000287
-0.000022
0.000308
0.000283
-0.000145
-0.000420
-0.000107
0.000363
0.000335
-0.000105
-0.000408
-0.000309
0.000059
0.000300
0.000050
-0.000469
-0.000595
-0.000097
0.000522
0.000615
0.000166
-0.000113
0.000231
0.000690
0.000632
0.000122
-0.000490
-0.000847
-0.000533
0.000243
0.000447
-0.000309
-0.000919
-0.000447
0.000363
0.000368
-0.000225
-0.000404
0.000098
0.000583
0.000472
0.000007
-0.000188
0.000043
0.000213
-0.000016
-0.000333
-0.000361
-0.000158
0.000098
0.000267
0.000122
-0.000253
-0.000357
0.000003
0.000442
0.000509
0.000105
-0.000320
-0.000136
0.000491
0.000653
0.000031
-0.000572
-0.000376
0.000287
0.000475
-0.000067
-0.000620
-0.000523
0.000004
0.000236
-0.000093
-0.000463
-0.000378
0.000009
0.000362
0.000521
0.000359
-0.000034
-0.000215
0.000004
0.000210
0.000123
-0.000044
-0.000129
-0.000131
-0.000037
0.000061
0.000075
0.000045
-0.000059
-0.000172
-0.000038
0.000231
0.000229
-0.000046
-0.000253
-0.000155
0.000172
0.000368
0.000237
-0.000011
-0.000125
-0.000081
0.000031
0.000111
0.000100
-0.000025
-0.000265
-0.000461
-0.000359
-0.000012
0.000231
0.000134
-0.000177
-0.000304
-0.000051
0.000276
0.000295
0.000034
-0.000187
-0.000135
0.000102
0.000213
0.000086
-0.000042
-0.000029
-0.000018
-0.000005
0.000134
0.000203
0.000057
-0.000025
0.000054
0.000039
-0.000095
-0.000183
-0.000184
-0.000090
-0.000022
-0.000155
-0.000292
-0.000118
0.000154
0.000215
0.000265
0.000386
0.000235
-0.000125
-0.000191
0.000099
0.000348
0.000253
-0.000153
-0.000365
0.000027
0.000486
0.000289
-0.000269
-0.000414
-0.000085
0.000093
-0.000232
-0.000665
-0.000647
-0.000245
0.000061
0.000094
0.000046
0.000080
0.000174
0.000212
0.000197
0.000234
0.000233
0.000078
-0.000059
-0.000048
-0.000069
-0.000219
-0.000260
-0.000008
0.000307
0.000252
-0.000158
-0.000290
0.000118
0.000466
0.000333
-0.000013
-0.000257
-0.000249
0.000050
0.000306
0.000161
-0.000108
-0.000051
0.000233
0.000357
0.000175
-0.000057
-0.000039
0.000034
-0.000095
-0.000162
-0.000084
-0.000258
-0.000516
-0.000300
0.000096
0.000024
-0.000318
-0.000282
0.000195
0.000490
0.000131
-0.000449
-0.000468
0.000002
0.000306
0.000293
0.000141
-0.000060
-0.000035
0.000312
0.000452
0.000086
-0.000283
-0.000215
0.000046
0.000095
-0.000060
-0.000160
-0.000144
-0.000121
-0.000045
0.000158
0.000291
0.000147
-0.000108
-0.000103
0.000173
0.000265
-0.000014
-0.000197
0.000030
0.000236
0.000006
-0.000292
-0.000120
0.000241
0.000133
-0.000311
-0.000477
-0.000284
-0.000012
0.000112
-0.000074
-0.000328
-0.000164
0.000286
0.000465
0.000245
-0.000064
-0.000097
0.000209
0.000363
0.000067
-0.000131
0.000098
0.000184
-0.000102
-0.000236
-0.000116
-0.000092
-0.000088
0.000074
0.000153
0.000017
-0.000109
-0.000127
-0.000080
-0.000018
-0.000071
-0.000121
0.000100
0.000303
0.000066
-0.000279
-0.000274
-0.000067
0.000099
0.000176
0.000110
-0.000035
-0.000004
0.000265
0.000421
0.000149
-0.000312
-0.000416
-0.000054
0.000265
0.000156
-0.000100
-0.000100
0.000032
-0.000049
-0.000269
-0.000290
-0.000108
0.000035
0.000070
0.000081
0.000120
0.000194
0.000225
0.000133
0.000023
0.000033
0.000070
-0.000035
-0.000188
-0.000162
-0.000032
-0.000042
-0.000146
-0.000107
0.000058
0.000101
-0.000046
-0.000193
-0.000211
-0.000095
0.000106
0.000246
0.000253
0.000206
0.000095
-0.000058
0.000012
0.000345
0.000481
0.000178
-0.000180
-0.000243
-0.000117
-0.000006
-0.000022
-0.000202
-0.000365
-0.000293
-0.000086
0.000004
-0.000087
-0.000201
-0.000122
0.000081
0.000103
-0.000036
-0.000041
0.000107
0.000207
0.000162
-0.000008
-0.000158
-0.000136
-0.000009
0.000122
0.000205
0.000078
-0.000164
-0.000098
0.000239
0.000327
0.000054
-0.000238
-0.000312
-0.000193
0.000005
0.000184
0.000190
-0.000040
-0.000214
0.000010
0.000407
0.000426
0.000032
-0.000305
-0.000255
0.000103
0.000360
0.000195
-0.000171
-0.000322
-0.000187
0.000080
0.000240
0.000067
-0.000251
-0.000293
-0.000029
0.000230
0.000214
-0.000086
-0.000300
-0.000122
0.000165
0.000158
-0.000082
-0.000245
-0.000129
0.000176
0.000311
0.000103
-0.000190
-0.000270
-0.000115
0.000118
0.000258
0.000289
0.000283
0.000127
-0.000228
-0.000415
-0.000176
0.000122
0.000061
-0.000209
-0.000282
-0.000063
0.000217
0.000299
0.000107
-0.000149
-0.000199
-0.000038
0.000131
0.000126
0.000005
0.000011
0.000141
0.000126
-0.000084
-0.000233
-0.000162
-0.000001
0.000070
0.000058
0.000070
0.000082
0.000029
-0.000009
0.000032
0.000050
-0.000058
-0.000207
-0.000207
0.000003
0.000193
0.000089
-0.000136
-0.000020
0.000371
0.000471
0.000106
-0.000260
-0.000208
0.000063
0.000104
-0.000068
-0.000156
-0.000119
-0.000042
0.000030
0.000000
-0.000113
-0.000134
-0.000019
0.000068
0.000048
0.000009
-0.000024
-0.000073
-0.000073
-0.000038
-0.000088
-0.000208
-0.000209
-0.000007
0.000204
0.000231
0.000105
-0.000009
0.000041
0.000186
0.000173
-0.000014
-0.000147
-0.000155
-0.000095
0.000009
0.000037
-0.000094
-0.000168
-0.000008
0.000184
0.000152
0.000006
0.000026
0.000185
0.000225
0.000087
-0.000065
-0.000069
0.000100
0.000242
0.000174
-0.000000
-0.000117
-0.000148
-0.000108
-0.000075
-0.000112
-0.000130
-0.000076
-0.000043
-0.000020
0.000040
0.000065
0.000026
-0.000085
-0.000243
-0.000203
0.000098
0.000225
-0.000021
-0.000182
0.000044
0.000313
0.000304
0.000189
0.000188
0.000203
0.000042
-0.000236
-0.000355
-0.000206
-0.000044
-0.000102
-0.000269
-0.000350
-0.000286
-0.000121
0.000011
0.000001
-0.000059
0.000022
0.000233
0.000343
0.000260
0.000077
-0.000098
-0.000108
0.000123
0.000358
0.000310
-0.000012
-0.000318
-0.000236
0.000165
0.000295
0.000008
-0.000148
0.000062
0.000332
0.000419
0.000207
-0.000258
-0.000560
-0.000407
-0.000124
-0.000111
-0.000247
-0.000244
-0.000089
0.000080
0.000143
0.000056
-0.000030
0.000051
0.000141
0.000066
0.000028
0.000149
0.000188
0.000060
-0.000031
0.000016
0.000126
0.000152
0.000041
-0.000055
-0.000098
-0.000198
-0.000189
0.000054
0.000159
-0.000096
-0.000299
-0.000109
0.000245
0.000328
0.000044
-0.000202
-0.000076
0.000136
0.000080
-0.000070
-0.000100
-0.000107
-0.000128
-0.000076
0.000023
0.000082
0.000094
0.000122
0.000141
0.000038
-0.000114
-0.000148
-0.000111
-0.000062
0.000032
0.000047
-0.000035
0.000047
0.000251
0.000208
-0.000043
-0.000114
0.000024
0.000075
-0.000030
-0.000125
-0.000117
-0.000072
-0.000086
-0.000122
-0.000074
0.000013
0.000055
0.000095
0.000156
0.000172
0.000144
0.000118
0.000058
-0.000068
-0.000107
0.000063
0.000196
0.000046
-0.000145
-0.000084
0.000023
-0.000088
-0.000236
-0.000199
-0.000108
-0.000110
-0.000119
-0.000042
0.000038
-0.000008
-0.000143
-0.000172
0.000023
0.000263
0.000278
0.000116
0.000042
0.000158
0.000279
0.000175
-0.000084
-0.000227
-0.000174
-0.000058
-0.000003
0.000003
0.000040
0.000069
0.000019
-0.000029
-0.000012
-0.000016
-0.000064
-0.000076
-0.000051
-0.000022
0.000021
0.000045
-0.000007
-0.000076
-0.000066
-0.000035
-0.000081
-0.000120
-0.000029
0.000080
0.000031
-0.000047
0.000105
0.000349
0.000323
0.000086
0.000021
0.000164
0.000260
0.000232
0.000089
-0.000210
-0.000465
-0.000405
-0.000162
-0.000070
-0.000189
-0.000265
-0.000078
0.000204
0.000252
0.000115
0.000085
0.000190
0.000226
0.000098
-0.000065
-0.000099
-0.000046
-0.000060
-0.000146
-0.000207
-0.000186
-0.000106
-0.000052
-0.000016
0.000061
0.000114
0.000109
0.000135
0.000193
0.000171
0.000005
-0.000209
-0.000235
-0.000012
0.000168
0.000063
-0.000170
-0.000220
0.000019
0.000299
0.000239
-0.000109
-0.000281
-0.000038
0.000325
0.000330
-0.000045
-0.000261
-0.000017
0.000285
0.000200
-0.000113
-0.000235
-0.000067
0.000143
0.000145
-0.000045
-0.000225
-0.000247
-0.000119
0.000031
0.000048
-0.000063
-0.000155
-0.000136
-0.000011
0.000164
0.000234
0.000090
-0.000073
-0.000013
0.000115
0.000035
-0.000178
-0.000272
-0.000179
-0.000011
0.000050
-0.000029
-0.000029
0.000114
0.000190
0.000162
0.000169
0.000197
0.000161
0.000084
-0.000000
-0.000102
-0.000180
-0.000168
-0.000120
-0.000141
-0.000184
-0.000119
-0.000008
-0.000036
-0.000171
-0.000171
0.000001
0.000127
0.000157
0.000238
0.000324
0.000271
0.000138
0.000053
0.000061
0.000152
0.000197
0.000077
-0.000089
-0.000108
-0.000024
-0.000018
-0.000091
-0.000103
-0.000023
0.000038
-0.000008
-0.000139
-0.000257
-0.000241
-0.000060
0.000111
0.000051
-0.000183
-0.000308
-0.000184
0.000058
0.000206
0.000156
0.000009
-0.000039
0.000042
0.000088
0.000005
-0.000091
-0.000034
0.000173
0.000295
0.000163
-0.000056
-0.000144
-0.000143
-0.000120
-0.000003
0.000154
0.000153
-0.000001
-0.000122
-0.000132
-0.000076
0.000028
0.000164
0.000200
0.000016
-0.000227
-0.000251
-0.000075
0.000030
-0.000035
-0.000101
-0.000048
0.000016
0.000008
0.000045
0.000178
0.000273
0.000260
0.000175
0.000067
0.000025
0.000062
0.000029
-0.000121
-0.000231
-0.000191
-0.000088
-0.000087
-0.000209
-0.000299
-0.000232
-0.000045
0.000119
0.000132
0.000030
0.000026
0.000192
0.000277
0.000148
0.000054
0.000104
0.000069
-0.000069
-0.000113
-0.000079
-0.000067
-0.000043
-0.000044
-0.000124
-0.000123
0.000060
0.000211
0.000149
-0.000014
-0.000075
0.000012
0.000111
0.000128
0.000122
0.000124
0.000083
0.000023
-0.000038
-0.000174
-0.000366
-0.000432
-0.000242
0.000034
0.000089
-0.000064
-0.000116
0.000022
0.000107
0.000016
-0.000042
0.000081
0.000234
0.000301
0.000352
0.000348
0.000211
0.000070
0.000047
0.000018
-0.000138
-0.000287
-0.000249
-0.000131
-0.000157
-0.000264
-0.000212
-0.000001
0.000100
-0.000084
-0.000300
-0.000168
0.000190
0.000328
0.000171
-0.000010
-0.000039
0.000094
0.000282
0.000311
0.000095
-0.000163
-0.000235
-0.000120
0.000031
0.000050
-0.000075
-0.000175
-0.000156
-0.000076
0.000014
0.000066
0.000038
-0.000024
-0.000008
0.000124
0.000222
0.000095
-0.000161
-0.000223
-0.000014
0.000163
0.000066
-0.000193
-0.000318
-0.000174
0.000059
0.000140
0.000056
-0.000040
-0.000037
0.000050
0.000127
0.000136
0.000111
0.000093
0.000042
-0.000052
-0.000085
-0.000006
0.000110
0.000196
0.000206
0.000118
0.000044
0.000074
0.000087
-0.000010
-0.000131
-0.000249
-0.000394
-0.000395
-0.000118
0.000172
0.000169
0.000004
-0.000067
-0.000078
-0.000140
-0.000171
-0.000094
0.000003
0.000051
0.000107
0.000175
0.000195
0.000170
0.000090
-0.000020
-0.000022
0.000131
0.000275
0.000230
0.000069
-0.000003
-0.000009
-0.000101
-0.000187
-0.000105
0.000035
0.000034
-0.000079
-0.000141
-0.000095
0.000001
0.000044
-0.000008
-0.000093
-0.000152
-0.000183
-0.000209
-0.000216
-0.000164
-0.000082
-0.000032
-0.000012
0.000040
0.000176
0.000316
0.000294
0.000155
0.000094
0.000121
0.000135
0.000150
0.000183
0.000156
0.000075
0.000074
0.000157
0.000111
-0.000173
-0.000429
-0.000329
-0.000004
0.000108
-0.000116
-0.000370
-0.000343
-0.000064
0.000130
0.000015
-0.000183
-0.000151
0.000036
0.000149
0.000158
0.000135
0.000112
0.000098
0.000056
-0.000012
0.000006
0.000094
0.000041
-0.000149
-0.000208
-0.000085
0.000016
0.000037
0.000075
0.000138
0.000155
0.000088
-0.000017
-0.000071
-0.000056
0.000026
0.000190
0.000271
0.000059
-0.000283
-0.000380
-0.000209
-0.000073
-0.000158
-0.000343
-0.000344
-0.000057
0.000236
0.000205
-0.000018
-0.000034
0.000212
0.000381
0.000287
0.000126
0.000141
0.000287
0.000345
0.000222
0.000016
-0.000141
-0.000209
-0.000205
-0.000143
-0.000056
-0.000019
-0.000055
-0.000088
-0.000067
-0.000036
-0.000038
-0.000045
-0.000050
-0.000100
-0.000168
-0.000173
-0.000110
-0.000031
0.000029
0.000064
0.000098
0.000158
0.000225
0.000212
0.000087
-0.000015
0.000004
0.000028
-0.000035
-0.000110
-0.000147
-0.000146
-0.000080
-0.000001
-0.000011
-0.000079
-0.000087
-0.000013
0.000050
0.000007
-0.000103
-0.000137
-0.000039
0.000078
0.000076
-0.000029
-0.000062
0.000067
0.000190
0.000159
0.000105
0.000146
0.000170
0.000149
0.000172
0.000152
0.000032
0.000008
0.000144
0.000176
-0.000028
-0.000239
-0.000265
-0.000243
-0.000332
-0.000444
-0.000437
-0.000326
-0.000201
-0.000073
0.000070
0.000162
0.000175
0.000205
0.000283
0.000298
0.000219
0.000115
0.000041
0.000071
0.000167
0.000135
-0.000021
-0.000061
0.000026
0.000014
-0.000083
-0.000060
0.000059
0.000083
-0.000003
-0.000056
-0.000014
0.000032
-0.000020
-0.000166
-0.000318
-0.000389
-0.000318
-0.000120
0.000051
0.000065
0.000025
0.000118
0.000272
0.000241
0.000045
-0.000050
0.000016
0.000075
0.000062
0.000033
-0.000011
-0.000035
0.000060
0.000180
0.000111
-0.000068
-0.000069
0.000104
0.000166
0.000041
-0.000072
-0.000091
-0.000094
-0.000110
-0.000150
-0.000217
-0.000230
-0.000109
0.000054
0.000099
0.000007
-0.000088
-0.000062
0.000067
0.000173
0.000187
0.000132
0.000060
0.000055
0.000123
0.000119
-0.000027
-0.000164
-0.000156
-0.000040
0.000081
0.000159
0.000170
0.000085
-0.000072
-0.000196
-0.000172
-0.000013
0.000077
-0.000042
-0.000206
-0.000185
-0.000021
0.000046
-0.000084
-0.000235
-0.000185
0.000027
0.000166
0.000141
0.000078
0.000085
0.000129
0.000129
0.000032
-0.000107
-0.000133
-0.000005
0.000133
0.000162
0.000091
0.000020
0.000066
0.000176
0.000121
-0.000120
-0.000269
-0.000190
-0.000043
0.000027
0.000035
0.000044
0.000077
0.000097
0.000053
-0.000060
-0.000154
-0.000137
-0.000067
-0.000043
-0.000019
0.000044
0.000089
0.000119
0.000156
0.000107
-0.000025
-0.000063
0.000026
0.000073
0.000030
-0.000014
-0.000066
-0.000148
-0.000172
-0.000146
-0.000156
-0.000128
0.000014
0.000118
0.000082
0.000037
0.000068
0.000078
0.000026
-0.000008
-0.000030
-0.000078
-0.000081
0.000022
0.000152
0.000187
0.000084
-0.000088
-0.000149
0.000022
0.000238
0.000214
-0.000002
-0.000128
-0.000055
0.000101
0.000163
0.000034
-0.000142
-0.000128
0.000044
0.000094
-0.000087
-0.000303
-0.000336
-0.000208
-0.000083
-0.000011
0.000054
0.000091
0.000073
0.000051
0.000042
0.000035
0.000070
0.000133
0.000153
0.000134
0.000134
0.000122
0.000049
0.000015
0.000086
0.000091
-0.000059
-0.000184
-0.000174
-0.000120
-0.000100
-0.000084
-0.000046
-0.000000
0.000059
0.000103
0.000067
-0.000004
0.000005
0.000055
0.000035
-0.000027
-0.000058
-0.000090
-0.000145
-0.000160
-0.000117
-0.000101
-0.000142
-0.000127
0.000009
0.000176
0.000264
0.000239
0.000102
-0.000053
-0.000045
0.000131
0.000198
-0.000007
-0.000245
-0.000226
-0.000053
0.000001
-0.000067
-0.000096
-0.000027
0.000111
0.000189
0.000117
0.000032
0.000048
0.000085
0.000123
0.000190
0.000159
-0.000029
-0.000166
-0.000093
0.000051
0.000078
0.000017
0.000012
0.000070
0.000065
-0.000052
-0.000224
-0.000318
-0.000219
-0.000059
-0.000077
-0.000215
-0.000220
-0.000059
0.000124
0.000214
0.000165
0.000048
0.000036
0.000186
0.000303
0.000185
-0.000053
-0.000118
0.000049
0.000208
0.000154
-0.000003
-0.000050
-0.000042
-0.000125
-0.000255
-0.000312
-0.000254
-0.000125
-0.000039
-0.000089
-0.000202
-0.000163
0.000051
0.000191
0.000161
0.000107
0.000119
0.000164
0.000181
0.000124
0.000020
-0.000037
0.000007
0.000105
0.000151
0.000083
-0.000025
-0.000023
0.000068
0.000065
-0.000038
-0.000063
0.000018
0.000068
0.000012
-0.000116
-0.000227
-0.000215
-0.000099
-0.000061
-0.000153
-0.000192
-0.000076
0.000052
0.000031
-0.000056
0.000025
0.000262
0.000346
0.000142
-0.000134
-0.000250
-0.000174
-0.000023
0.000050
0.000010
-0.000001
0.000114
0.000233
0.000207
0.000052
-0.000096
-0.000118
-0.000056
-0.000060
-0.000100
-0.000018
0.000152
0.000235
0.000177
0.000086
0.000067
0.000059
-0.000023
-0.000101
-0.000063
0.000006
-0.000024
-0.000109
-0.000139
-0.000139
-0.000192
-0.000275
-0.000297
-0.000231
-0.000106
0.000055
0.000182
0.000177
0.000103
0.000134
0.000238
0.000227
0.000099
0.000019
0.000014
-0.000009
-0.000080
-0.000173
-0.000244
-0.000227
-0.000070
0.000182
0.000367
0.000335
0.000127
-0.000035
0.000021
0.000219
0.000327
0.000218
-0.000007
-0.000119
-0.000027
0.000027
-0.000197
-0.000453
-0.000361
-0.000052
0.000083
-0.000005
-0.000098
-0.000105
-0.000081
-0.000025
0.000055
0.000013
-0.000164
-0.000252
-0.000130
0.000040
0.000066
0.000022
0.000076
0.000151
0.000124
0.000086
0.000083
0.000012
-0.000114
-0.000182
-0.000141
-0.000003
0.000143
0.000159
0.000048
-0.000038
-0.000017
0.000055
0.000083
0.000059
0.000072
0.000131
0.000110
0.000009
-0.000018
0.000031
0.000004
-0.000097
-0.000109
-0.000012
0.000044
-0.000005
-0.000034
0.000026
0.000043
-0.000034
-0.000040
0.000072
0.000138
0.000062
-0.000097
-0.000211
-0.000176
-0.000048
0.000003
-0.000017
0.000060
0.000243
0.000333
0.000219
0.000026
-0.000072
-0.000079
-0.000093
-0.000133
-0.000152
-0.000142
-0.000121
-0.000077
-0.000017
-0.000019
-0.000125
-0.000225
-0.000206
-0.000086
0.000061
0.000165
0.000179
0.000141
0.000128
0.000141
0.000132
0.000130
0.000171
0.000168
0.000035
-0.000140
-0.000180
-0.000063
0.000044
-0.000008
-0.000154
-0.000197
-0.000103
-0.000014
0.000018
0.000074
0.000158
0.000204
0.000181
0.000095
-0.000000
-0.000045
-0.000087
-0.000168
-0.000183
-0.000080
0.000014
0.000013
-0.000002
0.000040
0.000059
-0.000043
-0.000189
-0.000220
-0.000137
-0.000079
-0.000091
-0.000032
0.000151
0.000248
0.000143
0.000055
0.000143
0.000268
0.000252
0.000100
-0.000049
-0.000086
-0.000057
-0.000086
-0.000180
-0.000207
-0.000088
0.000066
0.000087
0.000003
-0.000016
0.000069
0.000106
-0.000014
-0.000175
-0.000164
0.000022
0.000151
0.000062
-0.000150
-0.000280
-0.000217
-0.000034
0.000095
0.000092
0.000038
0.000015
-0.000002
-0.000026
0.000008
0.000102
0.000160
0.000146
0.000131
0.000153
0.000135
0.000010
-0.000111
-0.000071
0.000037
0.000021
-0.000063
-0.000054
0.000020
0.000057
0.000062
0.000086
0.000120
0.000117
0.000051
-0.000053
-0.000145
-0.000183
-0.000174
-0.000137
-0.000062
0.000013
0.000007
-0.000044
-0.000009
0.000119
0.000166
0.000030
-0.000132
-0.000108
0.000056
0.000146
0.000084
-0.000029
-0.000066
-0.000000
0.000048
-0.000030
-0.000166
-0.000239
-0.000242
-0.000251
-0.000275
-0.000177
0.000097
0.000338
0.000374
0.000278
0.000148
0.000021
-0.000050
-0.000060
-0.000088
-0.000174
-0.000226
-0.000136
0.000018
0.000075
0.000029
0.000004
0.000082
0.000227
0.000324
0.000309
0.000229
0.000128
-0.000008
-0.000111
-0.000080
-0.000011
-0.000076
-0.000210
-0.000233
-0.000144
-0.000047
-0.000007
-0.000054
-0.000122
-0.000103
-0.000003
0.000097
0.000151
0.000121
0.000021
-0.000047
-0.000053
-0.000069
-0.000093
-0.000061
0.000004
0.000020
-0.000027
-0.000054
0.000031
0.000161
0.000187
0.000109
0.000066
0.000104
0.000127
0.000066
-0.000036
-0.000133
-0.000203
-0.000167
0.000032
0.000263
0.000303
0.000122
-0.000063
-0.000115
-0.000127
-0.000177
-0.000199
-0.000147
-0.000069
-0.000026
-0.000071
-0.000183
-0.000194
-0.000015
0.000194
0.000215
0.000066
-0.000019
0.000070
0.000179
0.000153
0.000063
0.000046
0.000074
0.000029
-0.000083
-0.000125
-0.000023
0.000091
0.000057
-0.000055
-0.000078
-0.000031
-0.000045
-0.000131
-0.000168
-0.000073
0.000095
0.000212
0.000226
0.000173
0.000089
0.000021
-0.000006
-0.000021
-0.000036
-0.000036
-0.000042
-0.000034
0.000008
0.000013
-0.000067
-0.000173
-0.000211
-0.000141
-0.000043
-0.000100
-0.000321
-0.000418
-0.000204
0.000091
0.000191
0.000145
0.000135
0.000190
0.000219
0.000149
0.000030
-0.000004
0.000064
0.000091
0.000042
0.000046
0.000112
0.000128
0.000067
-0.000018
-0.000048
0.000017
0.000052
