3200
-0.000027
-0.000161
-0.000220
-0.000191
-0.000152
-0.000120
-0.000099
-0.000079
0.000028
0.000187
0.000260
0.000281
0.000328
0.000303
0.000169
0.000074
0.000096
0.000161
0.000191
0.000162
0.000086
-0.000006
-0.000100
-0.000169
-0.000185
-0.000162
-0.000103
0.000014
0.000123
0.000133
0.000056
-0.000096
-0.000326
-0.000469
-0.000356
-0.000072
0.000185
0.000309
0.000247
0.000037
-0.000120
-0.000040
0.000150
0.000184
0.000084
0.000093
0.000247
0.000326
0.000171
-0.000105
-0.000252
-0.000216
-0.000174
-0.000238
-0.000326
-0.000333
-0.000225
-0.000025
0.000171
0.000248
0.000172
0.000022
-0.000062
-0.000044
-0.000019
0.000011
0.000142
0.000309
0.000352
0.000299
0.000265
0.000187
-0.000008
-0.000163
-0.000174
-0.000184
-0.000241
-0.000196
-0.000079
-0.000090
-0.000186
-0.000098
0.000173
0.000296
0.000117
-0.000136
-0.000249
-0.000251
-0.000176
0.000015
0.000194
0.000177
0.000042
-0.000005
0.000035
0.000054
0.000076
0.000097
0.000010
-0.000093
0.000024
0.000265
0.000281
0.000013
-0.000240
-0.000259
-0.000135
-0.000051
-0.000054
-0.000026
0.000129
0.000275
0.000246
0.000108
0.000009
-0.000025
-0.000041
-0.000072
-0.000111
-0.000160
-0.000263
-0.000380
-0.000348
-0.000128
0.000099
0.000157
0.000087
0.000051
0.000054
0.000003
-0.000046
-0.000018
0.000022
0.000082
0.000242
0.000365
0.000259
0.000054
-0.000005
0.000076
0.000127
0.000053
-0.000133
-0.000335
-0.000424
-0.000360
-0.000251
-0.000252
-0.000350
-0.000340
-0.000099
0.000226
0.000412
0.000416
0.000309
0.000162
0.000069
0.000119
0.000265
0.000355
0.000316
0.000246
0.000248
0.000251
0.000154
0.000009
-0.000126
-0.000313
-0.000503
-0.000455
-0.000100
0.000219
0.000164
-0.000097
-0.000185
-0.000135
-0.000259
-0.000518
-0.000542
-0.000236
0.000104
0.000243
0.000261
0.000326
0.000400
0.000319
0.000087
-0.000091
-0.000069
0.000047
0.000056
-0.000074
-0.000182
-0.000082
0.000182
0.000297
0.000070
-0.000262
-0.000377
-0.000263
-0.000077
0.000040
-0.000040
-0.000207
-0.000155
0.000093
0.000209
0.000105
-0.000061
-0.000182
-0.000183
-0.000019
0.000164
0.000204
0.000175
0.000215
0.000295
0.000314
0.000242
0.000104
-0.000062
-0.000196
-0.000247
-0.000218
-0.000119
0.000027
0.000114
0.000074
0.000006
0.000027
0.000090
0.000026
-0.000178
-0.000298
-0.000186
0.000029
0.000163
0.000167
0.000070
-0.000110
-0.000328
-0.000496
-0.000525
-0.000344
-0.000017
0.000214
0.000190
0.000051
0.000035
0.000122
0.000123
0.000043
0.000063
0.000223
0.000412
0.000587
0.000673
0.000500
0.000105
-0.000164
-0.000128
-0.000036
-0.000152
-0.000350
-0.000395
-0.000305
-0.000207
-0.000154
-0.000152
-0.000185
-0.000195
-0.000116
0.000034
0.000099
-0.000011
-0.000102
-0.000021
0.000062
0.000030
0.000093
0.000374
0.000573
0.000389
0.000030
-0.000118
-0.000082
-0.000153
-0.000303
-0.000232
0.000039
0.000176
0.000114
0.000074
0.000075
-0.000055
-0.000268
-0.000333
-0.000208
-0.000043
0.000106
0.000284
0.000434
0.000398
0.000156
-0.000078
-0.000137
-0.000101
-0.000091
-0.000048
0.000092
0.000167
0.000033
-0.000148
-0.000172
-0.000096
-0.000045
-0.000050
-0.000140
-0.000297
-0.000391
-0.000310
-0.000126
-0.000013
-0.000053
-0.000139
-0.000104
0.000011
0.000056
0.000094
0.000248
0.000422
0.000449
0.000305
0.000110
0.000003
0.000004
0.000019
-0.000010
-0.000023
0.000039
0.000103
0.000088
0.000014
-0.000089
-0.000214
-0.000313
-0.000294
-0.000136
-0.000014
-0.000041
-0.000034
0.000113
0.000212
0.000162
0.000069
0.000015
0.000042
0.000149
0.000219
0.000185
0.000107
0.000039
-0.000006
-0.000031
-0.000042
-0.000054
-0.000106
-0.000170
-0.000182
-0.000160
-0.000142
-0.000122
-0.000089
-0.000001
0.000124
0.000169
0.000117
0.000092
0.000127
0.000079
-0.000119
-0.000266
-0.000149
0.000099
0.000180
0.000060
-0.000042
-0.000029
-0.000027
-0.000090
-0.000112
-0.000044
0.000078
0.000241
0.000339
0.000222
-0.000051
-0.000288
-0.000405
-0.000376
-0.000183
0.000097
0.000326
0.000390
0.000274
0.000141
0.000167
0.000252
0.000167
-0.000076
-0.000302
-0.000386
-0.000278
-0.000134
-0.000176
-0.000275
-0.000143
0.000099
0.000131
-0.000025
-0.000134
-0.000112
0.000003
0.000145
0.000262
0.000331
0.000272
0.000057
-0.000121
-0.000105
-0.000032
-0.000051
-0.000092
-0.000085
-0.000066
-0.000041
0.000001
0.000052
0.000132
0.000227
0.000252
0.000152
-0.000037
-0.000248
-0.000365
-0.000243
0.000011
0.000047
-0.000169
-0.000233
0.000017
0.000234
0.000151
-0.000044
-0.000074
0.000044
0.000154
0.000227
0.000283
0.000225
0.000022
-0.000162
-0.000205
-0.000206
-0.000290
-0.000389
-0.000357
-0.000169
0.000112
0.000410
0.000617
0.000612
0.000357
-0.000048
-0.000406
-0.000534
-0.000436
-0.000242
0.000099
0.000583
0.000830
0.000566
0.000070
-0.000233
-0.000264
-0.000205
-0.000243
-0.000370
-0.000394
-0.000212
0.000052
0.000258
0.000288
0.000085
-0.000239
-0.000463
-0.000463
-0.000317
-0.000128
0.000082
0.000240
0.000253
0.000131
0.000026
-0.000113
0.000022
-0.001025
0.010928
0.121334
0.321746
0.322888
-0.017898
-0.391426
-0.480149
-0.324464
-0.190883
-0.171551
-0.111778
0.014391
0.095093
0.140030
0.187812
0.209074
0.200969
0.193391
0.205493
0.219216
0.188447
0.099971
-0.003807
-0.075608
-0.105434
-0.109261
-0.109964
-0.118331
-0.122018
-0.108217
-0.087777
-0.081459
-0.090698
-0.095573
-0.082978
-0.062585
-0.050128
-0.048230
-0.046800
-0.033918
-0.001877
0.045656
0.090624
0.119554
0.138214
0.154945
0.163248
0.152010
0.122483
0.085484
0.049167
0.015962
-0.015617
-0.046904
-0.075013
-0.096119
-0.109169
-0.113228
-0.105936
-0.087591
-0.063419
-0.038426
-0.014636
0.004916
0.016532
0.018910
0.013769
0.009322
0.015442
0.030758
0.045034
0.047465
0.033849
0.014331
0.001324
-0.003865
-0.005076
-0.005641
-0.006127
-0.004636
-0.001024
0.003385
0.007973
0.011923
0.013243
0.011346
0.008070
0.004378
-0.000041
-0.005034
-0.009809
-0.013348
-0.015077
-0.014801
-0.012940
-0.010556
-0.008426
-0.007288
-0.007067
-0.005421
-0.000400
0.006317
0.011513
0.014025
0.014200
0.011916
0.007489
0.002302
-0.002638
-0.006755
-0.009028
-0.008806
-0.006820
-0.004034
-0.000537
0.003474
0.007052
0.009240
0.009460
0.007675
0.004698
0.001686
-0.000932
-0.003345
-0.005361
-0.006647
-0.007314
-0.007295
-0.006108
-0.003769
-0.001190
0.000669
0.001703
0.002361
0.002848
0.003131
0.003189
0.002769
0.001873
0.001311
0.001504
0.001718
0.000876
-0.001230
-0.003238
-0.003483
-0.002108
-0.000883
-0.000840
-0.001009
-0.000038
0.001830
0.003175
0.003176
0.002189
0.000893
-0.000385
-0.001533
-0.002332
-0.002487
-0.001900
-0.000909
-0.000122
0.000374
0.000881
0.001227
0.001328
0.001478
0.001528
0.001244
0.000907
0.000774
0.000607
-0.000030
-0.001088
-0.002037
-0.002789
-0.003508
-0.003661
-0.002698
-0.000881
0.001136
0.002672
0.003363
0.003400
0.003341
0.003654
0.003964
0.003266
0.001118
-0.001885
-0.004473
-0.005627
-0.005529
-0.005064
-0.004447
-0.003276
-0.001542
0.000423
0.002217
0.003391
0.003931
0.004103
0.003894
0.003185
0.002110
0.001012
0.000050
-0.000812
-0.001413
-0.001614
-0.001588
-0.001375
-0.000750
0.000126
0.000638
0.000411
-0.000593
-0.002081
-0.003001
-0.002295
-0.000258
0.001741
0.002654
0.002483
0.001982
0.001905
0.002284
0.002280
0.000989
-0.001486
-0.004012
-0.005548
-0.005840
-0.004859
-0.002469
0.000831
0.003740
0.005169
0.004990
0.003870
0.002601
0.001567
0.000658
-0.000336
-0.001138
-0.001309
-0.000973
-0.000663
-0.000823
-0.001459
-0.002175
-0.002560
-0.002389
-0.001767
-0.001041
-0.000508
-0.000260
0.000038
0.000756
0.001650
0.002280
0.002522
0.002451
0.002234
0.001891
0.001239
0.000295
-0.000639
-0.001142
-0.001041
-0.000776
-0.000828
-0.001000
-0.000914
-0.000616
-0.000388
-0.000696
-0.001849
-0.003052
-0.002751
-0.000495
0.002335
0.003936
0.003633
0.002099
0.000709
0.000430
0.000885
0.000807
-0.000366
-0.001828
-0.002448
-0.001891
-0.000677
0.000302
0.000478
0.000053
-0.000348
-0.000375
-0.000296
-0.000473
-0.000554
0.000074
0.001177
0.001932
0.002008
0.001670
0.001139
0.000491
-0.000098
-0.000588
-0.001129
-0.001583
-0.001620
-0.001247
-0.000800
-0.000570
-0.000528
-0.000438
-0.000255
-0.000084
0.000098
0.000316
0.000537
0.000739
0.000864
0.000825
0.000631
0.000365
0.000067
-0.000210
-0.000398
-0.000484
-0.000463
-0.000301
-0.000031
0.000193
0.000253
0.000214
0.000119
-0.000015
-0.000079
-0.000059
-0.000019
0.000060
0.000168
0.000187
0.000077
-0.000002
0.000067
0.000188
0.000192
0.000033
-0.000184
-0.000317
-0.000269
-0.000065
0.000090
-0.000002
-0.000183
-0.000129
0.000109
0.000156
-0.000118
-0.000373
-0.000323
-0.000109
0.000034
0.000088
0.000174
0.000282
0.000228
-0.000002
-0.000238
-0.000380
-0.000366
-0.000200
0.000057
0.000365
0.000582
0.000537
0.000288
0.000051
-0.000077
-0.000111
-0.000067
0.000020
0.000071
0.000016
-0.000128
-0.000227
-0.000154
0.000078
0.000307
0.000257
-0.000140
-0.000432
-0.000250
0.000060
0.000071
-0.000088
-0.000147
-0.000063
0.000028
0.000016
0.000024
0.000151
0.000238
0.000187
0.000088
-0.000029
-0.000184
-0.000265
-0.000174
0.000053
0.000304
0.000396
0.000242
-0.000006
-0.000247
-0.000488
-0.000591
-0.000428
-0.000134
0.000168
0.000479
0.000664
0.000604
0.000403
0.000201
0.000012
-0.000194
-0.000325
-0.000276
-0.000149
-0.000072
-0.000032
-0.000050
-0.000162
-0.000214
-0.000060
0.000160
0.000202
0.000016
-0.000193
-0.000247
-0.000247
-0.000304
-0.000346
-0.000264
-0.000058
0.000115
0.000137
0.000026
-0.000177
-0.000296
-0.000069
0.000361
0.000560
0.000426
0.000205
0.000114
0.000185
0.000303
0.000285
0.000080
-0.000137
-0.000195
-0.000135
-0.000115
-0.000167
-0.000159
-0.000054
0.000019
0.000044
0.000127
0.000179
0.000028
-0.000167
-0.000094
0.000158
0.000218
0.000044
-0.000052
0.000082
0.000268
0.000285
0.000155
0.000056
0.000007
-0.000135
-0.000335
-0.000378
-0.000278
-0.000283
-0.000406
-0.000390
-0.000185
-0.000066
-0.000166
-0.000252
-0.000103
0.000181
0.000446
0.000681
0.000763
0.000503
0.000053
-0.000215
-0.000211
-0.000141
-0.000093
0.000010
0.000128
0.000117
0.000020
0.000035
0.000130
0.000074
-0.000123
-0.000223
-0.000190
-0.000209
-0.000255
-0.000104
0.000169
0.000274
0.000187
0.000072
-0.000033
-0.000123
-0.000137
-0.000042
0.000111
0.000206
0.000216
0.000193
0.000157
0.000151
0.000170
0.000043
-0.000358
-0.000839
-0.001021
-0.000716
-0.000142
0.000319
0.000501
0.000464
0.000363
0.000305
0.000223
0.000083
-0.000004
-0.000025
-0.000028
0.000020
0.000056
-0.000037
-0.000152
-0.000092
0.000073
0.000068
-0.000132
-0.000276
-0.000251
-0.000156
-0.000096
-0.000039
0.000117
0.000346
0.000455
0.000348
0.000161
0.000010
-0.000115
-0.000188
-0.000199
-0.000181
-0.000082
0.000080
0.000144
0.000078
0.000014
0.000003
-0.000034
-0.000175
-0.000417
-0.000575
-0.000464
-0.000167
0.000109
0.000244
0.000237
0.000155
0.000025
-0.000090
-0.000079
0.000025
0.000128
0.000279
0.000481
0.000564
0.000466
0.000303
0.000157
-0.000033
-0.000281
-0.000369
-0.000155
0.000156
0.000320
0.000312
0.000204
0.000064
-0.000060
-0.000171
-0.000284
-0.000396
-0.000463
-0.000383
-0.000155
0.000086
0.000210
0.000104
-0.000202
-0.000426
-0.000365
-0.000168
-0.000061
-0.000028
0.000044
0.000137
0.000202
0.000282
0.000346
0.000252
0.000070
0.000003
-0.000018
-0.000158
-0.000285
-0.000177
0.000072
0.000165
0.000051
-0.000035
-0.000001
-0.000008
-0.000129
-0.000239
-0.000221
-0.000089
0.000075
0.000233
0.000374
0.000433
0.000357
0.000215
0.000045
-0.000186
-0.000388
-0.000402
-0.000194
0.000139
0.000398
0.000420
0.000210
-0.000121
-0.000385
-0.000445
-0.000370
-0.000241
-0.000067
0.000088
0.000169
0.000191
0.000239
0.000322
0.000229
-0.000087
-0.000287
-0.000229
-0.000121
-0.000040
0.000034
0.000043
0.000011
0.000014
0.000064
0.000107
0.000016
-0.000213
-0.000360
-0.000329
-0.000233
-0.000126
0.000007
0.000164
0.000319
0.000394
0.000341
0.000192
0.000023
-0.000104
-0.000145
-0.000038
0.000165
0.000268
0.000236
0.000232
0.000221
0.000023
-0.000272
-0.000394
-0.000306
-0.000205
-0.000182
-0.000137
0.000012
0.000217
0.000326
0.000240
0.000042
-0.000137
-0.000262
-0.000357
-0.000407
-0.000301
0.000025
0.000422
0.000644
0.000574
0.000310
0.000090
-0.000021
-0.000141
-0.000252
-0.000252
-0.000169
-0.000095
-0.000092
-0.000151
-0.000223
-0.000283
-0.000275
-0.000109
0.000201
0.000473
0.000537
0.000419
0.000290
0.000235
0.000171
0.000030
-0.000153
-0.000326
-0.000381
-0.000239
-0.000088
-0.000193
-0.000444
-0.000481
-0.000245
-0.000048
-0.000056
-0.000133
-0.000147
-0.000062
0.000135
0.000327
0.000308
0.000116
0.000062
0.000243
0.000366
0.000237
0.000060
0.000024
0.000070
0.000135
0.000205
0.000236
0.000164
-0.000101
-0.000446
-0.000506
-0.000243
-0.000062
-0.000131
-0.000147
0.000092
0.000317
0.000229
-0.000020
-0.000150
-0.000187
-0.000214
-0.000127
0.000107
0.000330
0.000410
0.000371
0.000276
0.000141
0.000007
-0.000105
-0.000262
-0.000423
-0.000413
-0.000186
0.000119
0.000346
0.000376
0.000142
-0.000198
-0.000345
-0.000251
-0.000146
-0.000162
-0.000168
0.000004
0.000276
0.000395
0.000332
0.000278
0.000218
-0.000021
-0.000353
-0.000505
-0.000401
-0.000199
0.000003
0.000223
0.000373
0.000325
0.000138
-0.000005
-0.000002
0.000074
0.000088
0.000041
0.000030
0.000088
0.000129
0.000050
-0.000067
0.000026
0.000393
0.000797
0.000975
0.000829
0.000391
-0.000266
-0.001033
-0.001770
-0.002425
-0.002929
-0.003007
-0.002452
-0.001435
-0.000298
0.000748
0.001696
0.002585
0.003289
0.003631
0.003573
0.003129
0.002273
0.001030
-0.000357
-0.001473
-0.002068
-0.002250
-0.002222
-0.002007
-0.001570
-0.000977
-0.000339
0.000202
0.000482
0.000489
0.000391
0.000364
0.000416
0.000359
0.000117
-0.000037
0.000073
0.000168
-0.000008
-0.000265
-0.000287
-0.000096
0.000056
0.000090
0.000133
0.000265
0.000359
0.000215
-0.000119
-0.000344
-0.000314
-0.000191
-0.000160
-0.000200
-0.000178
-0.000052
0.000095
0.000150
0.000069
-0.000062
-0.000099
-0.000016
0.000049
-0.000015
-0.000154
-0.000231
-0.000134
0.000122
0.000356
0.000434
0.000424
0.000450
0.000487
0.000413
0.000232
0.000061
-0.000063
-0.000163
-0.000285
-0.000437
-0.000445
-0.000212
-0.000045
-0.000134
-0.000162
0.000037
0.000190
0.000126
-0.000007
-0.000068
-0.000088
-0.000134
-0.000170
-0.000152
-0.000087
0.000064
0.000325
0.000522
0.000437
0.000130
-0.000183
-0.000372
-0.000399
-0.000331
-0.000325
-0.000426
-0.000422
-0.000126
0.000290
0.000506
0.000443
0.000222
0.000065
0.000154
0.000323
0.000222
-0.000125
-0.000326
-0.000182
0.000064
0.000115
0.000006
-0.000109
-0.000233
-0.000337
-0.000297
-0.000144
-0.000046
-0.000016
0.000089
0.000300
0.000462
0.000437
0.000296
0.000190
0.000116
-0.000010
-0.000149
-0.000183
-0.000099
-0.000011
-0.000002
-0.000032
-0.000027
-0.000021
-0.000098
-0.000208
-0.000237
-0.000218
-0.000255
-0.000280
-0.000175
0.000028
0.000218
0.000221
0.000016
-0.000076
0.000148
0.000416
0.000333
-0.000007
-0.000150
-0.000035
0.000061
0.000008
-0.000103
-0.000158
-0.000173
-0.000127
-0.000009
0.000035
-0.000013
0.000018
0.000166
0.000222
0.000071
-0.000049
0.000095
0.000360
0.000410
0.000170
-0.000107
-0.000234
-0.000255
-0.000260
-0.000269
-0.000201
-0.000024
0.000091
0.000001
-0.000153
-0.000128
0.000126
0.000368
0.000329
0.000096
-0.000069
-0.000137
-0.000172
-0.000142
-0.000069
-0.000010
0.000075
0.000173
0.000177
0.000098
-0.000002
-0.000123
-0.000205
-0.000205
-0.000163
-0.000072
0.000071
0.000183
0.000251
0.000340
0.000396
0.000313
0.000155
0.000071
0.000052
-0.000044
-0.000214
-0.000289
-0.000261
-0.000331
-0.000504
-0.000532
-0.000330
-0.000122
-0.000097
-0.000148
-0.000067
0.000130
0.000232
0.000205
0.000203
0.000213
0.000172
0.000180
0.000202
0.000043
-0.000257
-0.000405
-0.000229
0.000106
0.000282
0.000189
0.000055
0.000122
0.000233
0.000082
-0.000209
-0.000264
-0.000027
0.000206
0.000188
0.000041
0.000158
0.000546
0.000625
0.000145
-0.000342
-0.000355
-0.000122
-0.000135
-0.000404
-0.000514
-0.000360
-0.000217
-0.000141
-0.000008
0.000080
0.000051
0.000083
0.000194
0.000154
-0.000009
-0.000005
0.000206
0.000418
0.000508
0.000443
0.000226
-0.000060
-0.000262
-0.000281
-0.000197
-0.000205
-0.000360
-0.000435
-0.000258
-0.000017
0.000114
0.000212
0.000246
0.000072
-0.000182
-0.000270
-0.000171
0.000037
0.000304
0.000498
0.000478
0.000261
-0.000008
-0.000173
-0.000193
-0.000147
-0.000099
-0.000092
-0.000163
-0.000213
-0.000098
0.000090
0.000120
0.000003
-0.000018
0.000115
0.000194
0.000132
0.000074
0.000074
0.000030
-0.000065
-0.000138
-0.000233
-0.000402
-0.000487
-0.000284
0.000123
0.000433
0.000432
0.000181
-0.000006
0.000050
0.000163
0.000147
0.000054
-0.000017
-0.000048
-0.000058
-0.000069
-0.000120
-0.000202
-0.000199
-0.000036
0.000137
0.000113
-0.000067
-0.000143
0.000010
0.000154
0.000031
-0.000156
-0.000019
0.000352
0.000469
0.000192
-0.000076
-0.000098
-0.000094
-0.000191
-0.000235
-0.000157
-0.000047
0.000031
0.000057
0.000039
0.000001
-0.000109
-0.000314
-0.000463
-0.000405
-0.000217
-0.000063
0.000014
0.000063
0.000108
0.000156
0.000232
0.000300
0.000267
0.000169
0.000125
0.000151
0.000214
0.000306
0.000313
0.000147
-0.000017
0.000021
0.000174
0.000226
0.000156
0.000131
0.000226
0.000240
-0.000007
-0.000335
-0.000509
-0.000548
-0.000528
-0.000470
-0.000395
-0.000254
-0.000068
-0.000013
-0.000082
0.000002
0.000281
0.000423
0.000266
0.000024
-0.000078
0.000006
0.000187
0.000232
0.000007
-0.000252
-0.000272
-0.000161
-0.000124
-0.000112
-0.000028
0.000082
0.000121
0.000060
-0.000015
-0.000010
0.000058
0.000133
0.000188
0.000200
0.000151
0.000093
0.000088
0.000090
0.000010
-0.000131
-0.000210
-0.000167
-0.000113
-0.000209
-0.000385
-0.000352
-0.000066
0.000174
0.000249
0.000288
0.000309
0.000284
0.000247
0.000129
-0.000105
-0.000283
-0.000267
-0.000113
0.000069
0.000170
0.000155
0.000113
0.000086
0.000011
-0.000113
-0.000221
-0.000268
-0.000245
-0.000171
-0.000079
-0.000054
-0.000152
-0.000246
-0.000153
0.000066
0.000213
0.000269
0.000356
0.000430
0.000329
0.000098
-0.000032
-0.000011
-0.000034
-0.000183
-0.000290
-0.000266
-0.000231
-0.000187
-0.000036
0.000115
0.000157
0.000228
0.000356
0.000318
0.000056
-0.000179
-0.000176
0.000007
0.000170
0.000201
0.000154
0.000096
0.000012
-0.000058
-0.000029
0.000020
-0.000035
-0.000165
-0.000304
-0.000410
-0.000400
-0.000257
-0.000109
-0.000095
-0.000168
-0.000149
0.000009
0.000170
0.000237
0.000248
0.000266
0.000259
0.000177
0.000104
0.000136
0.000147
0.000032
0.000011
0.000186
0.000239
0.000054
-0.000050
0.000094
0.000266
0.000260
0.000130
-0.000028
-0.000185
-0.000321
-0.000450
-0.000568
-0.000621
-0.000578
-0.000417
-0.000170
0.000005
0.000016
-0.000019
0.000044
0.000201
0.000325
0.000360
0.000383
0.000409
0.000330
0.000130
-0.000091
-0.000254
-0.000324
-0.000302
-0.000234
-0.000145
0.000002
0.000175
0.000244
0.000162
0.000000
-0.000109
-0.000050
0.000114
0.000182
0.000076
-0.000080
-0.000134
-0.000051
0.000100
0.000223
0.000253
0.000234
0.000231
0.000167
-0.000042
-0.000262
-0.000329
-0.000268
-0.000123
0.000080
0.000204
0.000165
0.000102
0.000127
0.000167
0.000132
0.000052
-0.000001
-0.000013
0.000001
0.000030
0.000001
-0.000126
-0.000222
-0.000200
-0.000169
-0.000196
-0.000227
-0.000247
-0.000257
-0.000213
-0.000112
-0.000023
0.000069
0.000218
0.000313
0.000205
-0.000035
-0.000189
-0.000107
0.000124
0.000256
0.000220
0.000210
0.000327
0.000431
0.000369
0.000138
-0.000134
-0.000344
-0.000519
-0.000656
-0.000631
-0.000418
-0.000180
-0.000003
0.000170
0.000316
0.000411
0.000512
0.000601
0.000596
0.000477
0.000229
-0.000157
-0.000541
-0.000697
-0.000600
-0.000391
-0.000125
0.000097
0.000054
-0.000177
-0.000225
-0.000022
0.000138
0.000144
0.000153
0.000233
0.000307
0.000338
0.000327
0.000217
0.000006
-0.000152
-0.000173
-0.000191
-0.000270
-0.000300
-0.000207
-0.000006
0.000194
0.000239
0.000124
0.000016
0.000004
-0.000003
-0.000075
-0.000133
-0.000124
-0.000147
-0.000242
-0.000250
-0.000082
0.000080
0.000066
-0.000011
0.000041
0.000157
0.000116
-0.000059
-0.000152
-0.000115
-0.000047
0.000019
0.000079
0.000110
0.000079
0.000009
-0.000010
0.000011
0.000015
0.000063
0.000198
0.000368
0.000486
0.000427
0.000236
0.000188
0.000310
0.000297
0.000048
-0.000201
-0.000304
-0.000310
-0.000241
-0.000120
-0.000056
-0.000161
-0.000411
-0.000602
-0.000542
-0.000278
-0.000013
0.000133
0.000206
0.000266
0.000256
0.000134
0.000025
0.000063
0.000169
0.000166
0.000041
-0.000080
-0.000157
-0.000197
-0.000137
0.000035
0.000125
-0.000039
-0.000271
-0.000286
-0.000112
0.000028
0.000065
0.000104
0.000204
0.000298
0.000248
-0.000028
-0.000388
-0.000522
-0.000322
-0.000033
0.000088
0.000112
0.000252
0.000503
0.000633
0.000485
0.000178
-0.000032
-0.000088
-0.000177
-0.000348
-0.000394
-0.000222
-0.000008
0.000099
0.000101
0.000022
-0.000088
-0.000091
0.000019
0.000051
-0.000052
-0.000107
-0.000012
0.000105
0.000118
0.000032
-0.000119
-0.000280
-0.000372
-0.000358
-0.000245
-0.000070
0.000107
0.000243
0.000295
0.000255
0.000205
0.000210
0.000212
0.000153
0.000065
-0.000002
-0.000042
-0.000077
-0.000110
-0.000085
0.000053
0.000179
0.000079
-0.000220
-0.000407
-0.000296
-0.000047
0.000154
0.000325
0.000454
0.000393
0.000149
-0.000068
-0.000183
-0.000284
-0.000342
-0.000255
-0.000103
-0.000055
-0.000089
-0.000019
0.000183
0.000330
0.000317
0.000186
-0.000045
-0.000309
-0.000410
-0.000254
0.000024
0.000251
0.000379
0.000390
0.000253
0.000013
-0.000274
-0.000554
-0.000675
-0.000542
-0.000228
0.000110
0.000291
0.000252
0.000145
0.000094
0.000096
0.000153
0.000260
0.000334
0.000281
0.000129
0.000064
0.000170
0.000293
0.000318
0.000252
0.000055
-0.000222
-0.000348
-0.000263
-0.000193
-0.000270
-0.000368
-0.000376
-0.000339
-0.000312
-0.000289
-0.000228
-0.000077
0.000110
0.000159
0.000025
-0.000120
-0.000139
-0.000053
0.000105
0.000287
0.000337
0.000188
0.000028
0.000060
0.000222
0.000245
0.000028
-0.000203
-0.000257
-0.000191
-0.000045
0.000183
0.000345
0.000293
0.000114
0.000017
0.000058
0.000096
-0.000002
-0.000156
-0.000200
-0.000109
-0.000007
0.000009
-0.000003
0.000078
0.000206
0.000203
0.000032
-0.000104
-0.000032
0.000139
0.000193
0.000100
-0.000036
-0.000137
-0.000183
-0.000174
-0.000117
-0.000045
-0.000017
-0.000057
-0.000131
-0.000164
-0.000075
0.000093
0.000186
0.000128
-0.000024
-0.000186
-0.000282
-0.000211
0.000016
0.000189
0.000189
0.000136
0.000119
0.000064
-0.000082
-0.000228
-0.000216
-0.000001
0.000232
0.000276
0.000140
-0.000028
-0.000136
-0.000158
-0.000135
-0.000155
-0.000181
-0.000042
0.000220
0.000345
0.000328
0.000337
0.000282
0.000079
-0.000050
0.000034
0.000132
0.000077
-0.000052
-0.000157
-0.000245
-0.000292
-0.000244
-0.000153
-0.000107
-0.000094
-0.000067
-0.000056
-0.000166
-0.000392
-0.000485
-0.000272
0.000035
0.000172
0.000215
0.000324
0.000409
0.000336
0.000173
0.000098
0.000195
0.000319
0.000276
0.000068
-0.000174
-0.000307
-0.000240
-0.000082
-0.000006
-0.000004
-0.000004
-0.000001
0.000029
0.000095
0.000102
-0.000053
-0.000274
-0.000327
-0.000180
-0.000031
0.000023
0.000068
0.000152
0.000173
0.000013
-0.000292
-0.000522
-0.000477
-0.000198
0.000093
0.000286
0.000439
0.000531
0.000442
0.000213
0.000026
-0.000005
0.000081
0.000168
0.000175
0.000113
0.000035
-0.000049
-0.000135
-0.000188
-0.000195
-0.000182
-0.000134
-0.000032
0.000064
0.000066
-0.000039
-0.000150
-0.000140
-0.000008
0.000123
0.000163
0.000126
0.000077
0.000046
-0.000015
-0.000133
-0.000237
-0.000244
-0.000119
0.000062
0.000139
0.000114
0.000156
0.000238
0.000151
-0.000101
-0.000261
-0.000183
-0.000028
-0.000005
-0.000100
-0.000178
-0.000175
-0.000154
-0.000189
-0.000205
-0.000082
0.000090
0.000139
0.000077
0.000024
0.000055
0.000150
0.000199
0.000168
0.000165
0.000216
0.000214
0.000112
-0.000032
-0.000153
-0.000200
-0.000153
-0.000049
0.000049
0.000116
0.000157
0.000131
0.000001
-0.000134
-0.000106
0.000066
0.000187
0.000176
0.000125
0.000040
-0.000156
-0.000382
-0.000460
-0.000371
-0.000201
0.000012
0.000175
0.000145
0.000004
-0.000003
0.000152
0.000247
0.000140
-0.000038
-0.000104
-0.000072
-0.000046
-0.000058
-0.000091
-0.000088
0.000001
0.000075
-0.000007
-0.000161
-0.000166
-0.000016
0.000074
0.000023
-0.000010
0.000103
0.000269
0.000309
0.000219
0.000153
0.000141
0.000079
-0.000041
-0.000117
-0.000124
-0.000125
-0.000125
-0.000040
0.000143
0.000278
0.000222
0.000054
-0.000028
-0.000034
-0.000117
-0.000257
-0.000316
-0.000248
-0.000106
0.000017
0.000061
0.000052
0.000051
0.000064
0.000040
-0.000032
-0.000103
-0.000133
-0.000178
-0.000277
-0.000290
-0.000091
0.000154
0.000218
0.000169
0.000179
0.000240
0.000309
0.000402
0.000474
0.000447
0.000312
0.000093
-0.000149
-0.000305
-0.000326
-0.000253
-0.000156
-0.000098
-0.000099
-0.000103
-0.000079
-0.000104
-0.000245
-0.000440
-0.000533
-0.000425
-0.000239
-0.000172
-0.000175
-0.000037
0.000255
0.000447
0.000378
0.000211
0.000099
0.000016
-0.000010
0.000066
0.000150
0.000192
0.000231
0.000231
0.000128
0.000002
-0.000002
0.000100
0.000161
0.000094
-0.000063
-0.000188
-0.000166
-0.000019
0.000103
0.000056
-0.000130
-0.000236
-0.000115
0.000086
0.000117
-0.000011
-0.000085
-0.000043
-0.000042
-0.000175
-0.000302
-0.000239
-0.000035
0.000117
0.000187
0.000276
0.000375
0.000356
0.000143
-0.000148
-0.000291
-0.000201
-0.000029
0.000083
0.000182
0.000294
0.000293
0.000126
-0.000065
-0.000158
-0.000163
-0.000160
-0.000196
-0.000220
-0.000188
-0.000131
-0.000080
-0.000050
-0.000056
-0.000059
0.000020
0.000128
0.000127
0.000059
0.000089
0.000165
0.000120
0.000013
0.000008
0.000075
0.000066
-0.000023
-0.000129
-0.000239
-0.000265
-0.000139
0.000044
0.000169
0.000225
0.000245
0.000222
0.000134
0.000049
0.000031
0.000021
-0.000056
-0.000137
-0.000093
0.000041
0.000075
-0.000027
-0.000108
-0.000061
0.000049
0.000029
-0.000198
-0.000423
-0.000456
-0.000328
-0.000077
0.000232
0.000345
0.000153
-0.000059
-0.000030
0.000108
0.000158
0.000174
0.000239
0.000254
0.000145
0.000016
-0.000007
0.000046
0.000048
-0.000011
-0.000043
-0.000030
-0.000004
0.000015
-0.000036
-0.000181
-0.000309
-0.000296
-0.000194
-0.000137
-0.000163
-0.000223
-0.000210
-0.000027
0.000197
0.000245
0.000141
0.000024
-0.000063
-0.000101
-0.000077
-0.000037
-0.000008
0.000046
0.000107
0.000098
0.000086
0.000196
0.000323
0.000309
0.000219
0.000147
0.000060
-0.000036
-0.000044
0.000069
0.000223
0.000302
0.000251
0.000068
-0.000173
-0.000339
-0.000379
-0.000344
-0.000241
-0.000079
0.000050
0.000101
0.000122
0.000104
-0.000035
-0.000249
-0.000368
-0.000322
-0.000179
-0.000003
0.000178
0.000296
0.000285
0.000178
0.000093
0.000107
0.000157
0.000165
0.000156
0.000130
0.000017
-0.000143
-0.000235
-0.000255
-0.000286
-0.000327
-0.000320
-0.000273
-0.000224
-0.000156
-0.000066
0.000012
0.000059
0.000057
0.000036
0.000076
0.000160
0.000227
0.000300
0.000370
0.000331
0.000188
0.000118
0.000179
0.000174
-0.000012
-0.000204
-0.000235
-0.000159
-0.000086
-0.000096
-0.000201
-0.000221
-0.000018
0.000219
0.000202
-0.000078
-0.000372
-0.000454
-0.000290
-0.000015
0.000211
0.000319
0.000337
0.000331
0.000306
0.000196
-0.000002
-0.000153
-0.000191
-0.000210
-0.000252
-0.000234
-0.000124
0.000014
0.000118
0.000144
0.000060
-0.000124
-0.000322
-0.000342
-0.000061
0.000320
0.000466
0.000342
0.000194
0.000147
0.000088
-0.000030
-0.000065
0.000026
0.000098
0.000079
0.000006
-0.000117
-0.000271
-0.000367
-0.000322
-0.000135
0.000062
0.000100
-0.000037
-0.000172
-0.000113
0.000083
0.000171
0.000113
0.000103
0.000183
0.000214
0.000159
0.000079
0.000009
-0.000048
-0.000072
-0.000034
0.000045
0.000085
0.000045
-0.000041
-0.000170
-0.000321
-0.000345
-0.000177
0.000011
0.000060
0.000044
0.000113
0.000270
0.000414
0.000463
0.000382
0.000204
0.000010
-0.000116
-0.000108
0.000010
0.000095
0.000009
-0.000218
-0.000440
-0.000549
-0.000537
-0.000472
-0.000392
-0.000286
-0.000154
-0.000071
-0.000070
-0.000016
0.000178
0.000368
0.000412
0.000360
0.000299
0.000194
0.000011
-0.000127
-0.000090
0.000078
0.000214
0.000212
0.000154
0.000186
0.000250
0.000166
-0.000086
-0.000296
-0.000281
-0.000139
-0.000065
-0.000085
-0.000130
-0.000123
0.000002
0.000203
0.000282
0.000099
-0.000181
-0.000260
-0.000111
0.000014
0.000035
0.000120
0.000263
0.000232
0.000022
-0.000094
-0.000042
-0.000050
-0.000199
-0.000269
-0.000152
-0.000041
-0.000071
-0.000114
-0.000036
0.000107
0.000170
0.000098
0.000012
0.000054
0.000205
0.000317
0.000299
0.000189
0.000034
-0.000120
-0.000196
-0.000184
-0.000141
-0.000075
-0.000000
0.000043
0.000024
-0.000092
-0.000255
-0.000316
-0.000223
-0.000064
0.000081
0.000185
0.000234
0.000237
0.000259
0.000301
0.000238
0.000011
-0.000176
-0.000120
0.000034
0.000060
-0.000003
-0.000033
-0.000004
0.000036
-0.000032
-0.000190
-0.000244
-0.000168
-0.000125
-0.000133
-0.000100
-0.000092
-0.000169
-0.000170
0.000007
0.000206
0.000275
0.000225
0.000122
0.000025
-0.000028
-0.000013
0.000063
0.000094
-0.000020
-0.000183
-0.000196
-0.000013
0.000194
0.000199
0.000024
-0.000080
-0.000010
0.000131
0.000268
0.000321
0.000211
0.000050
-0.000020
-0.000074
-0.000170
-0.000186
-0.000084
-0.000014
-0.000077
-0.000204
-0.000267
-0.000239
-0.000212
-0.000228
-0.000181
0.000000
0.000154
0.000078
-0.000166
-0.000304
-0.000214
-0.000066
-0.000031
-0.000052
0.000017
0.000168
0.000261
0.000263
0.000263
0.000294
0.000333
0.000380
0.000393
0.000311
0.000173
0.000050
-0.000086
-0.000225
-0.000232
-0.000093
0.000017
0.000008
-0.000016
0.000031
0.000071
0.000027
-0.000022
-0.000005
0.000040
0.000092
0.000108
-0.000058
-0.000401
-0.000614
-0.000496
-0.000258
-0.000151
-0.000124
-0.000033
0.000122
0.000245
0.000255
0.000153
0.000052
0.000035
0.000033
0.000025
0.000111
0.000229
0.000167
-0.000034
-0.000127
-0.000072
-0.000018
-0.000016
0.000009
0.000070
0.000087
0.000041
-0.000052
-0.000229
-0.000392
-0.000353
-0.000138
0.000073
0.000175
0.000165
0.000140
0.000161
0.000143
0.000044
-0.000025
-0.000008
0.000019
0.000020
0.000065
0.000190
0.000301
0.000283
0.000101
-0.000142
-0.000271
-0.000257
-0.000271
-0.000368
-0.000352
-0.000148
0.000016
0.000009
-0.000019
0.000062
0.000171
0.000176
0.000107
0.000096
0.000149
0.000149
0.000051
-0.000066
-0.000107
-0.000081
-0.000055
-0.000012
0.000071
0.000109
0.000045
-0.000037
-0.000039
0.000052
0.000138
0.000115
0.000009
-0.000073
-0.000080
-0.000057
-0.000051
-0.000072
-0.000103
-0.000121
-0.000136
-0.000157
-0.000118
0.000054
0.000262
0.000285
0.000072
-0.000169
-0.000242
-0.000165
-0.000067
-0.000014
0.000038
0.000110
0.000146
0.000144
0.000159
0.000174
0.000151
0.000146
0.000211
0.000272
0.000223
0.000080
-0.000057
-0.000145
-0.000214
-0.000250
-0.000201
-0.000127
-0.000157
-0.000227
-0.000145
0.000059
0.000141
0.000025
-0.000137
-0.000189
-0.000034
0.000255
0.000365
0.000155
-0.000071
-0.000044
0.000115
0.000174
0.000091
-0.000039
-0.000128
-0.000124
-0.000032
0.000050
-0.000031
-0.000280
-0.000450
-0.000340
-0.000096
0.000045
0.000108
0.000198
0.000240
0.000145
-0.000013
-0.000109
-0.000110
-0.000088
-0.000066
-0.000007
0.000035
-0.000002
-0.000022
0.000077
0.000203
0.000208
0.000127
0.000034
-0.000115
-0.000251
