2400
-0.000082
-0.000062
0.000018
0.000100
0.000144
0.000170
0.000169
0.000096
-0.000038
-0.000141
-0.000115
-0.000003
0.000030
-0.000053
-0.000157
-0.000222
-0.000226
-0.000174
-0.000111
-0.000051
0.000036
0.000163
0.000287
0.000357
0.000377
0.000360
0.000296
0.000220
0.000191
0.000180
0.000101
-0.000053
-0.000168
-0.000191
-0.000237
-0.000369
-0.000479
-0.000466
-0.000318
-0.000082
0.000102
0.000133
0.000114
0.000169
0.000226
0.000181
0.000068
-0.000042
-0.000125
-0.000145
-0.000083
-0.000006
0.000040
0.000074
0.000079
0.000005
-0.000095
-0.000101
-0.000001
0.000097
0.000117
0.000053
-0.000033
-0.000055
-0.000024
-0.000012
-0.000009
0.000022
0.000063
0.000105
0.000136
0.000119
0.000057
0.000012
0.000012
0.000001
-0.000036
-0.000030
0.000029
0.000069
0.000049
-0.000021
-0.000079
-0.000031
0.000086
0.000104
-0.000011
-0.000109
-0.000120
-0.000112
-0.000158
-0.000249
-0.000274
-0.000175
-0.000053
0.000022
0.000106
0.000179
0.000142
0.000043
0.000037
0.000176
0.000392
0.000565
0.000642
0.000670
0.000633
0.000462
0.000227
0.000008
-0.000250
-0.000541
-0.000712
-0.000720
-0.000697
-0.000717
-0.000736
-0.000712
-0.000647
-0.000518
-0.000288
-0.000038
0.000076
0.000057
0.000041
0.000088
0.000176
0.000274
0.000349
0.000410
0.000468
0.000472
0.000416
0.000352
0.000279
0.000191
0.000156
0.000184
0.000168
0.000056
-0.000055
-0.000100
-0.000159
-0.000249
-0.000259
-0.000175
-0.000115
-0.000142
-0.000199
-0.000197
-0.000131
-0.000057
0.000008
0.000067
0.000085
0.000065
0.000079
0.000136
0.000171
0.000180
0.000194
0.000173
0.000122
0.000153
0.000284
0.000327
0.000145
-0.000133
-0.000284
-0.000237
-0.000061
0.000104
0.000137
0.000058
-0.000045
-0.000160
-0.000268
-0.000294
-0.000242
-0.000202
-0.000195
-0.000163
-0.000100
-0.000073
-0.000104
-0.000123
-0.000088
-0.000034
0.000019
0.000106
0.000193
0.000200
0.000174
0.000227
0.000303
0.000260
0.000129
0.000052
0.000062
0.000099
0.000129
0.000129
0.000089
0.000030
-0.000065
-0.000219
-0.000353
-0.000333
-0.000178
-0.000044
-0.000008
-0.000007
0.000022
0.000054
0.000039
-0.000031
-0.000097
-0.000072
0.000052
0.000186
0.000216
0.000136
0.000063
0.000043
0.000022
-0.000032
-0.000101
-0.000138
-0.000112
-0.000065
-0.000059
-0.000064
-0.000006
0.000092
0.000157
0.000184
0.000173
0.000075
-0.000118
-0.000264
-0.000216
-0.000063
-0.000017
-0.000108
-0.000211
-0.000245
-0.000205
-0.000117
-0.000035
-0.000023
-0.000072
-0.000091
-0.000014
0.000130
0.000268
0.000367
0.000407
0.000351
0.000229
0.000137
0.000031
-0.000247
-0.000602
-0.000757
-0.000660
-0.000439
-0.000198
-0.000024
0.000081
0.000216
0.000402
0.000556
0.000630
0.000657
0.000671
0.000628
0.000485
0.000290
0.000118
0.000016
-0.000033
-0.000102
-0.000190
-0.000212
-0.000170
-0.000160
-0.000230
-0.000322
-0.000334
-0.000240
-0.000133
-0.000096
-0.000101
-0.000115
-0.000148
-0.000169
-0.000141
-0.000093
-0.000058
-0.000021
0.000019
0.000029
0.000043
0.000117
0.000201
0.000186
0.000073
-0.000039
-0.000069
-0.000018
0.000029
0.000005
-0.000031
0.000002
0.000067
0.000077
0.000012
-0.000109
-0.000246
-0.000327
-0.000307
-0.000190
0.000004
0.000186
0.000220
0.000107
-0.000033
-0.000133
-0.000148
-0.000035
0.000136
0.000222
0.000167
0.000051
-0.000009
0.000023
0.000092
0.000121
0.000095
0.000063
0.000096
0.000186
0.000246
0.000208
0.000086
-0.000073
-0.000222
-0.000309
-0.000290
-0.000189
-0.000085
-0.000028
-0.000007
-0.000018
-0.000051
-0.000030
0.000053
0.000081
0.000013
-0.000055
-0.000073
-0.000071
-0.000059
-0.000057
-0.000078
-0.000066
0.000023
0.000116
0.000094
-0.000026
-0.000085
-0.000030
0.000010
-0.000042
-0.000070
0.000053
0.000241
0.000300
0.000179
0.000012
-0.000042
0.000025
0.000095
0.000087
0.000052
0.000096
0.000195
0.000190
0.000028
-0.000124
-0.000122
-0.000066
-0.000091
-0.000145
-0.000146
-0.000142
-0.000164
-0.000138
-0.000048
0.000003
-0.000032
-0.000079
-0.000076
-0.000045
-0.000035
-0.000046
-0.000036
0.000016
0.000073
0.000103
0.000114
0.000106
0.000078
0.000046
-0.000001
-0.000025
0.000039
0.000112
0.000098
0.000116
0.000320
0.000574
0.000614
0.000446
0.000312
0.000284
0.000170
-0.000112
-0.000373
-0.000459
-0.000454
-0.000504
-0.000621
-0.000713
-0.000714
-0.000614
-0.000449
-0.000299
-0.000199
-0.000101
-0.000000
0.000019
-0.000024
0.000021
0.000196
0.000327
0.000302
0.000253
0.000286
0.000302
0.000255
0.000261
0.000328
0.000317
0.000195
0.000087
0.000080
0.000109
0.000059
-0.000080
-0.000204
-0.000228
-0.000214
-0.000265
-0.000290
-0.000141
0.000078
0.000161
0.000119
0.000106
0.000180
0.000247
0.000214
0.000109
0.000017
-0.000024
-0.000005
0.000051
0.000079
0.000057
0.000046
0.000063
0.000031
-0.000095
-0.000211
-0.000185
-0.000052
0.000035
0.000043
0.000072
0.000137
0.000125
-0.000001
-0.000141
-0.000217
-0.000235
-0.000206
-0.000160
-0.000115
-0.000044
0.000028
0.000036
0.000013
0.000015
-0.000017
-0.000112
-0.000137
-0.000020
0.000110
0.000146
0.000140
0.000152
0.000171
0.000186
0.000206
0.000220
0.000175
0.000056
-0.000046
-0.000044
-0.000012
-0.000087
-0.000247
-0.000321
-0.000238
-0.000111
-0.000064
-0.000075
-0.000020
0.000104
0.000146
0.000064
-0.000014
-0.000039
-0.000045
0.000013
0.000133
0.000208
0.000171
0.000056
-0.000076
-0.000177
-0.000172
-0.000049
0.000047
0.000065
0.000111
0.000178
0.000176
0.000115
0.000028
-0.000102
-0.000237
-0.000287
-0.000235
-0.000151
-0.000070
0.000005
0.000055
0.000072
0.000072
0.000042
-0.000010
-0.000038
-0.000036
-0.000032
-0.000026
0.000010
0.000062
0.000047
-0.000079
-0.000185
-0.000102
0.000131
0.000305
0.000310
0.000206
0.000069
-0.000117
-0.000371
-0.000592
-0.000654
-0.000539
-0.000336
-0.000151
-0.000019
0.000088
0.000192
0.000293
0.000385
0.000499
0.000630
0.000701
0.000704
0.000669
0.000507
0.000186
-0.000100
-0.000192
-0.000129
-0.000009
0.000052
0.000005
-0.000076
-0.000149
-0.000220
-0.000236
-0.000184
-0.000153
-0.000183
-0.000243
-0.000306
-0.000353
-0.000380
-0.000346
-0.000191
-0.000001
0.000058
0.000005
-0.000003
0.000069
0.000140
0.000177
0.000195
0.000203
0.000226
0.000276
0.000281
0.000178
0.000010
-0.000134
-0.000209
-0.000242
-0.000266
-0.000272
-0.000280
-0.000263
-0.000144
-0.000005
-0.000001
-0.000083
-0.000102
-0.000062
-0.000059
-0.000113
-0.000173
-0.000124
0.000122
0.000381
0.000420
0.000349
0.000343
0.000333
0.000239
0.000115
-0.000016
-0.000156
-0.000240
-0.000228
-0.000158
-0.000080
-0.000033
-0.000040
-0.000032
0.000082
0.000237
0.000252
0.000116
0.000055
0.000137
0.000064
-0.000236
-0.000349
-0.000145
0.000001
-0.000052
-0.000083
-0.000064
-0.000089
-0.000017
0.000185
0.000236
0.000043
-0.000103
-0.000040
0.000007
-0.000119
-0.000265
-0.000261
-0.000159
-0.000126
-0.000198
-0.000190
0.000025
0.000257
0.000258
0.000105
0.000097
0.000279
0.000353
0.000163
-0.000103
-0.000220
-0.000195
-0.000165
-0.000123
0.000032
0.000236
0.000299
0.000154
-0.000016
0.000030
0.000245
0.000363
0.000279
0.000101
-0.000027
-0.000096
-0.000194
-0.000308
-0.000417
-0.000464
-0.000321
-0.000061
0.000121
0.000163
0.000109
0.000052
0.000076
0.000115
0.000015
-0.000232
-0.000407
-0.000203
0.000307
0.000550
0.000395
0.000408
0.000728
0.000884
0.000599
0.000088
-0.000281
-0.000409
-0.000452
-0.000511
-0.000545
-0.000562
-0.000549
-0.000373
-0.000164
-0.000181
-0.000284
-0.000290
-0.000373
-0.000495
-0.000153
0.000504
0.000572
0.000019
-0.000340
-0.000323
-0.000359
-0.000477
-0.000477
-0.000331
0.000161
0.000923
0.001398
0.001343
0.000894
0.000250
-0.000249
-0.000302
-0.000183
-0.000264
-0.000091
0.000590
0.001376
0.003152
0.012860
0.041840
0.075482
0.066411
0.002711
-0.061906
-0.082316
-0.070394
-0.058521
-0.058182
-0.053417
-0.028110
0.001054
0.031812
0.147802
0.335229
0.325477
-0.035881
-0.434713
-0.446808
-0.175150
-0.050139
-0.118428
-0.133301
-0.024766
0.091047
0.131431
0.135237
0.159364
0.197073
0.215522
0.210118
0.200498
0.187298
0.149213
0.075716
-0.014829
-0.085152
-0.115170
-0.122640
-0.132807
-0.145820
-0.147962
-0.137594
-0.126906
-0.120563
-0.108467
-0.091376
-0.091307
-0.117256
-0.140034
-0.122022
-0.063048
0.004868
0.064681
0.125147
0.185139
0.224100
0.231227
0.217073
0.193821
0.164130
0.128146
0.085602
0.037329
-0.010113
-0.050641
-0.087002
-0.122234
-0.147260
-0.151990
-0.140532
-0.121050
-0.096298
-0.069423
-0.044144
-0.021480
-0.001057
0.017961
0.034263
0.042377
0.041870
0.041578
0.043958
0.040697
0.031116
0.024676
0.020924
0.011972
0.002967
0.001626
0.003303
0.003348
0.002114
0.000668
0.002476
0.006782
0.007059
0.003591
-0.000849
-0.007957
-0.013528
-0.013314
-0.010697
-0.005218
0.002129
-0.001087
-0.015490
-0.016803
0.000798
0.005884
-0.013285
-0.027358
-0.014474
0.010626
0.020518
0.013569
0.006267
0.002427
-0.000399
0.001056
0.004316
0.002942
0.003496
0.008570
0.004542
-0.006895
-0.008754
0.003935
0.016724
0.007511
-0.014192
-0.012165
0.009544
0.011205
-0.007184
-0.011502
-0.003366
-0.006448
-0.010580
0.003238
0.019774
0.015119
-0.003321
-0.006873
0.011052
0.019215
-0.003921
-0.026604
-0.013198
0.009655
-0.001472
-0.024989
-0.013322
0.015686
0.013911
-0.008784
-0.014648
-0.005596
0.000083
0.006651
0.017838
0.017261
-0.000408
-0.010911
-0.000690
0.006238
-0.006911
-0.017327
-0.002249
0.023238
0.028876
0.011560
-0.007144
-0.014084
-0.012213
-0.003364
0.008035
0.001068
-0.022457
-0.015884
0.030000
0.048079
0.004062
-0.038729
-0.025347
0.010751
0.018421
-0.003464
-0.021789
-0.011036
0.012154
0.008936
-0.021292
-0.037300
-0.011308
0.027748
0.021501
-0.020416
-0.019058
0.028458
0.037103
0.002846
0.004989
0.035892
0.020589
-0.021340
-0.020115
0.000711
-0.011021
-0.025334
-0.008922
0.000544
-0.018995
-0.025155
0.003488
0.030068
0.024817
-0.000286
-0.018544
-0.017481
0.000678
0.028106
0.041320
0.013991
-0.031662
-0.035029
0.007171
0.024619
-0.007080
-0.022592
0.015834
0.048188
0.014206
-0.046776
-0.056627
-0.008176
0.040319
0.036679
-0.018289
-0.066636
-0.052160
0.011777
0.057409
0.042304
-0.000137
-0.010836
0.008224
0.011669
-0.005593
-0.008826
0.009958
0.027541
0.036157
0.036607
0.012991
-0.033569
-0.065731
-0.054091
-0.009466
0.026090
0.017971
-0.014026
-0.020593
0.002463
0.019925
0.020178
0.015607
0.004306
-0.016129
-0.021227
0.004621
0.034969
0.040463
0.021334
-0.014218
-0.056356
-0.077547
-0.059126
-0.026288
-0.013044
-0.014320
-0.005266
0.018566
0.037287
0.032744
0.014316
0.010957
0.033904
0.057221
0.048866
0.013788
-0.018850
-0.034240
-0.030355
-0.012208
-0.001819
-0.012162
-0.020212
-0.000792
0.035993
0.060585
0.059791
0.045270
0.028072
0.003963
-0.026734
-0.045569
-0.036006
-0.012312
-0.009063
-0.032682
-0.050687
-0.038389
-0.008461
0.012899
0.018437
0.014221
-0.001079
-0.024511
-0.036211
-0.026184
-0.010591
-0.008670
-0.020191
-0.024114
-0.003633
0.026306
0.038657
0.033906
0.032653
0.034443
0.019868
-0.002076
-0.001100
0.018132
0.026755
0.022683
0.017576
0.005575
-0.015292
-0.025382
-0.012400
0.005540
0.005069
-0.009025
-0.018908
-0.023353
-0.025702
-0.017828
0.003468
0.023172
0.019855
-0.008115
-0.030785
-0.020269
0.009454
0.022620
0.011794
-0.001404
-0.004897
-0.004581
-0.003428
0.001358
0.006845
0.008969
0.009340
0.005875
-0.003592
-0.007724
0.000645
0.006829
0.001200
-0.002607
0.001915
0.000866
-0.009126
-0.012679
-0.003135
0.008335
0.009973
0.001965
-0.006461
-0.008705
-0.007564
-0.007091
-0.004572
0.002232
0.008099
0.007249
0.001686
-0.001484
0.000483
0.003617
0.005077
0.006130
0.006531
0.003834
-0.001312
-0.005134
-0.005990
-0.004931
-0.002715
-0.000094
0.001904
0.002440
0.000501
-0.002336
-0.001709
0.002530
0.004709
0.001345
-0.003669
-0.004372
-0.001202
0.000602
-0.000505
-0.001810
-0.002004
-0.001587
0.000053
0.003041
0.004579
0.002206
-0.002166
-0.004249
-0.002383
0.001029
0.002628
0.001530
-0.000197
-0.000202
0.001220
0.002036
0.001290
-0.000372
-0.001462
-0.001014
-0.000048
-0.000140
-0.000721
-0.000331
0.000455
0.000260
-0.000444
-0.000417
-0.000019
-0.000308
-0.000813
-0.000426
0.000470
0.000822
0.000649
0.000609
0.000865
0.000958
0.000538
0.000120
0.000474
0.001131
0.000828
-0.000331
-0.000902
-0.000509
-0.000210
-0.000505
-0.000886
-0.000985
-0.000888
-0.000740
-0.000665
-0.000706
-0.000617
-0.000130
0.000481
0.000613
0.000257
0.000046
0.000292
0.000677
0.000801
0.000572
0.000190
-0.000043
-0.000036
0.000003
-0.000046
-0.000012
0.000177
0.000301
0.000175
-0.000145
-0.000410
-0.000399
-0.000168
-0.000005
-0.000131
-0.000440
-0.000579
-0.000439
-0.000314
-0.000416
-0.000539
-0.000364
0.000022
0.000243
0.000219
0.000192
0.000242
0.000272
0.000352
0.000571
0.000761
0.000722
0.000476
0.000193
0.000048
0.000098
0.000193
0.000116
-0.000111
-0.000228
-0.000131
-0.000021
-0.000054
-0.000164
-0.000279
-0.000423
-0.000554
-0.000539
-0.000334
-0.000045
0.000181
0.000246
0.000148
0.000027
0.000017
0.000039
-0.000019
-0.000067
0.000003
0.000109
0.000094
-0.000076
-0.000218
-0.000125
0.000078
0.000114
0.000035
0.000086
0.000225
0.000231
0.000070
-0.000122
-0.000214
-0.000164
-0.000059
-0.000052
-0.000176
-0.000216
-0.000020
0.000195
0.000206
0.000185
0.000319
0.000422
0.000317
0.000167
0.000119
0.000073
-0.000033
-0.000089
-0.000053
-0.000014
-0.000037
-0.000131
-0.000240
-0.000247
-0.000175
-0.000144
-0.000104
0.000066
0.000426
0.001092
0.002169
0.003385
0.003714
0.001863
-0.002006
-0.005519
-0.006477
-0.005435
-0.004500
-0.004250
-0.003293
-0.000697
0.002367
0.004074
0.004223
0.003988
0.003951
0.003600
0.002640
0.001789
0.001581
0.001272
0.000299
-0.000389
-0.000242
-0.000554
-0.001947
-0.002547
-0.001137
0.000192
-0.000654
-0.002278
-0.002418
-0.001217
-0.000090
0.000122
-0.000328
-0.000533
-0.000272
0.000056
0.000457
0.000981
0.001243
0.000927
0.000242
-0.000266
-0.000258
0.000168
0.000514
0.000221
-0.000510
-0.000836
-0.000272
0.001028
0.001858
0.000506
-0.002155
-0.002732
-0.000562
0.000919
-0.000319
-0.001680
-0.000456
0.001659
0.002397
0.002941
0.003514
0.001477
-0.002691
-0.004260
-0.001285
0.001275
-0.001064
-0.003206
0.000560
0.003950
0.001266
-0.000295
0.003185
0.003861
-0.000589
-0.002780
-0.000953
-0.000539
-0.001963
-0.000772
0.001735
0.000370
-0.002805
-0.001733
0.001913
0.001792
-0.002002
-0.003815
-0.002143
-0.000569
0.000190
0.002060
0.003357
0.001055
-0.003326
-0.004491
0.000038
0.005754
0.006202
0.000990
-0.003357
-0.001379
0.003038
0.002029
-0.002667
-0.002383
0.002068
0.002178
-0.001321
-0.001368
0.000864
0.000272
-0.001996
-0.002600
-0.001526
0.000305
0.002048
0.001508
-0.001399
-0.002139
0.001206
0.002960
-0.001231
-0.006001
-0.003514
0.004805
0.009097
0.003320
-0.005595
-0.006382
-0.000106
0.003038
0.000894
-0.000226
0.001205
0.001311
0.000496
0.001876
0.003101
0.000275
-0.004009
-0.005062
-0.002854
0.000584
0.002864
0.001013
-0.002717
-0.002150
0.002253
0.007105
0.016177
0.030079
0.032095
0.001189
-0.057665
-0.105022
-0.099310
-0.036315
0.047308
0.099438
0.089095
0.039676
0.005818
0.004610
0.007372
-0.002655
-0.012103
-0.012134
-0.010801
-0.012275
-0.010293
-0.003629
-0.001459
-0.007136
-0.010837
-0.007483
-0.004214
-0.004493
-0.004058
-0.002060
-0.002018
-0.003756
-0.002664
0.002282
0.006282
0.006134
0.003560
0.001544
0.002158
0.005758
0.009025
0.007351
0.002487
0.001276
0.003800
0.003225
-0.001455
-0.004193
-0.002432
0.000377
0.001263
0.000107
-0.002554
-0.004697
-0.003611
-0.000956
-0.000830
-0.002686
-0.002993
-0.001592
-0.000637
-0.000182
0.000571
0.000878
0.000580
0.000643
0.000471
-0.000387
0.000267
0.002506
0.002414
-0.000340
-0.001407
-0.000346
-0.000805
-0.002080
-0.000339
0.002761
0.002924
0.001180
-0.000052
-0.001081
-0.001154
0.000042
0.000450
-0.000027
-0.000057
0.000049
0.000045
0.000367
0.000568
-0.000036
-0.000943
-0.001037
-0.000210
0.000455
0.000270
-0.000175
-0.000232
-0.000194
-0.000258
-0.000164
-0.000154
-0.000474
-0.000677
-0.000448
-0.000016
0.000274
0.000135
-0.000192
0.000125
0.000838
0.000801
0.000539
0.000943
0.000855
-0.000189
-0.000455
0.000372
0.000483
-0.000421
-0.000861
-0.000524
-0.000335
-0.000495
-0.000409
0.000051
0.000327
0.000256
0.000226
0.000209
-0.000017
-0.000270
-0.000364
-0.000186
0.000159
0.000107
-0.000319
-0.000271
0.000299
0.000533
0.000317
0.000334
0.000709
0.000932
0.000719
0.000246
-0.000150
-0.000352
-0.000516
-0.000690
-0.000724
-0.000626
-0.000558
-0.000529
-0.000480
-0.000453
-0.000457
-0.000420
-0.000287
-0.000022
0.000285
0.000428
0.000420
0.000454
0.000501
0.000406
0.000286
0.000352
0.000491
0.000439
0.000291
0.000387
0.000663
0.000710
0.000464
0.000204
0.000048
-0.000086
-0.000231
-0.000390
-0.000599
-0.000758
-0.000718
-0.000588
-0.000600
-0.000709
-0.000673
-0.000472
-0.000322
-0.000286
-0.000223
-0.000129
-0.000090
-0.000027
0.000087
0.000127
0.000145
0.000278
0.000400
0.000390
0.000391
0.000427
0.000340
0.000206
0.000272
0.000520
0.000659
0.000543
0.000319
0.000112
-0.000051
-0.000121
-0.000148
-0.000225
-0.000304
-0.000339
-0.000360
-0.000355
-0.000330
-0.000316
-0.000248
-0.000072
0.000119
0.000231
0.000265
0.000278
0.000299
0.000284
0.000221
0.000157
0.000082
-0.000004
-0.000045
-0.000053
-0.000074
-0.000098
-0.000132
-0.000221
-0.000354
-0.000423
-0.000318
-0.000065
0.000169
0.000219
0.000103
0.000003
0.000021
0.000071
0.000086
0.000115
0.000131
0.000038
-0.000100
-0.000144
-0.000133
-0.000163
-0.000176
-0.000065
0.000090
0.000124
0.000106
0.000221
0.000377
0.000383
0.000297
0.000178
-0.000014
-0.000137
-0.000071
-0.000009
-0.000079
-0.000122
-0.000068
-0.000049
-0.000101
-0.000108
-0.000076
-0.000106
-0.000190
-0.000314
-0.000368
-0.000114
0.000299
0.000417
0.000229
0.000025
-0.000105
-0.000084
0.000016
-0.000054
-0.000084
0.000190
0.000336
0.000042
-0.000248
-0.000262
-0.000261
-0.000258
-0.000068
0.000045
-0.000135
-0.000185
0.000125
0.000346
0.000254
0.000161
0.000188
0.000111
-0.000113
-0.000176
0.000088
0.000368
0.000394
0.000281
0.000120
-0.000092
-0.000273
-0.000348
-0.000315
-0.000250
-0.000217
-0.000164
-0.000082
-0.000021
0.000083
0.000256
0.000344
0.000180
-0.000174
-0.000512
-0.000751
-0.000822
-0.000565
-0.000146
0.000026
-0.000038
0.000023
0.000279
0.000481
0.000506
0.000467
0.000511
0.000630
0.000668
0.000531
0.000328
0.000213
0.000203
0.000181
0.000087
0.000036
0.000087
0.000089
-0.000059
-0.000230
-0.000306
-0.000342
-0.000387
-0.000371
-0.000260
-0.000170
-0.000210
-0.000265
-0.000175
-0.000034
-0.000026
-0.000071
-0.000037
-0.000044
-0.000173
-0.000210
-0.000004
0.000271
0.000380
0.000305
0.000149
-0.000063
-0.000276
-0.000333
-0.000210
-0.000078
-0.000012
0.000068
0.000146
0.000116
-0.000014
-0.000150
-0.000167
0.000011
0.000233
0.000272
0.000121
-0.000115
-0.000362
-0.000467
-0.000332
-0.000118
0.000043
0.000206
0.000327
0.000282
0.000135
0.000027
-0.000003
0.000027
0.000090
0.000181
0.000310
0.000410
0.000368
0.000168
-0.000048
-0.000119
-0.000055
-0.000034
-0.000132
-0.000193
-0.000127
-0.000109
-0.000239
-0.000341
-0.000277
-0.000162
-0.000146
-0.000166
-0.000048
0.000147
0.000178
0.000016
-0.000146
-0.000179
-0.000079
0.000034
0.000049
0.000065
0.000174
0.000249
0.000183
0.000053
-0.000028
-0.000057
-0.000057
-0.000006
0.000040
0.000002
0.000006
0.000181
0.000304
0.000129
-0.000150
-0.000210
-0.000077
0.000061
0.000136
0.000080
-0.000131
-0.000224
0.000017
0.000305
0.000272
0.000038
-0.000094
-0.000093
-0.000083
-0.000092
-0.000036
0.000117
0.000220
0.000114
-0.000089
-0.000136
-0.000031
-0.000016
-0.000136
-0.000178
-0.000052
0.000067
0.000044
-0.000026
-0.000015
0.000055
0.000076
0.000028
-0.000018
-0.000029
0.000015
0.000099
0.000105
0.000063
0.000176
0.000384
0.000409
0.000271
0.000218
0.000240
0.000111
-0.000177
-0.000383
-0.000394
-0.000354
-0.000404
-0.000495
-0.000485
-0.000370
-0.000331
-0.000467
-0.000553
-0.000339
-0.000004
0.000097
-0.000011
-0.000044
0.000083
0.000233
0.000282
0.000257
0.000281
0.000368
0.000401
0.000322
0.000201
0.000127
0.000106
0.000108
0.000140
0.000205
0.000227
0.000137
-0.000022
-0.000162
-0.000259
-0.000328
-0.000347
-0.000279
-0.000116
0.000067
0.000127
0.000059
0.000038
0.000096
0.000108
0.000085
0.000100
0.000102
0.000085
0.000151
0.000271
0.000317
0.000298
0.000281
0.000206
0.000028
-0.000139
-0.000204
-0.000256
-0.000336
-0.000311
-0.000158
-0.000058
-0.000091
-0.000141
-0.000132
-0.000134
-0.000229
-0.000376
-0.000380
-0.000149
0.000094
0.000127
0.000095
0.000153
0.000112
-0.000092
-0.000157
-0.000007
0.000124
0.000224
0.000382
0.000424
0.000250
0.000107
0.000152
0.000194
0.000067
-0.000133
-0.000254
-0.000231
-0.000067
0.000146
0.000271
0.000230
0.000056
-0.000118
-0.000181
-0.000141
-0.000086
-0.000062
-0.000057
-0.000046
0.000011
0.000092
0.000072
-0.000101
-0.000271
-0.000207
0.000043
0.000137
-0.000029
-0.000140
0.000002
0.000196
0.000166
-0.000118
-0.000401
-0.000375
-0.000097
0.000062
-0.000007
-0.000047
0.000077
0.000211
0.000218
0.000144
0.000103
0.000106
0.000074
0.000016
0.000031
0.000121
0.000187
0.000138
-0.000043
-0.000208
-0.000197
-0.000130
-0.000203
-0.000298
-0.000205
-0.000039
-0.000014
-0.000019
0.000118
0.000224
0.000113
-0.000042
-0.000023
0.000062
-0.000018
-0.000267
-0.000505
-0.000570
-0.000404
-0.000154
-0.000017
0.000100
0.000333
0.000532
0.000588
0.000591
0.000548
0.000421
0.000320
0.000350
0.000429
0.000395
0.000248
0.000130
0.000075
0.000018
-0.000028
-0.000074
-0.000215
-0.000418
-0.000529
-0.000520
-0.000478
-0.000411
-0.000309
-0.000238
-0.000241
-0.000269
-0.000249
-0.000153
-0.000024
0.000092
0.000256
0.000551
0.000973
0.001488
0.001981
0.002034
0.001039
-0.001164
-0.003821
-0.005769
-0.006320
-0.005441
-0.003409
-0.000596
0.002512
0.005236
0.006866
0.007182
0.006564
0.005347
0.003510
0.001184
-0.001080
-0.002799
-0.003869
-0.004381
-0.004473
-0.004270
-0.003765
-0.002892
-0.001764
-0.000647
0.000302
0.001035
0.001517
0.001805
0.001965
0.001952
0.001823
0.001715
0.001559
0.001204
0.000729
0.000320
0.000037
-0.000172
-0.000427
-0.000795
-0.001062
-0.000976
-0.000708
-0.000640
-0.000764
-0.000739
-0.000466
-0.000243
-0.000258
-0.000304
-0.000160
0.000088
0.000250
0.000308
0.000391
0.000488
0.000454
0.000357
0.000362
0.000375
0.000305
0.000220
0.000011
-0.000380
-0.000443
0.000126
0.000480
-0.000118
-0.000864
-0.000784
-0.000373
-0.000326
-0.000149
0.000435
0.000458
-0.000295
-0.000465
0.000203
0.000284
-0.000346
-0.000324
0.000484
0.001049
0.001168
0.001053
0.000343
-0.000605
-0.000643
-0.000025
0.000125
0.000135
0.000605
0.000676
-0.000120
-0.000695
-0.000467
-0.000155
-0.000146
-0.000239
-0.000347
-0.000165
0.000205
-0.000213
-0.001076
-0.000660
0.000540
0.000421
-0.000536
-0.000281
0.000803
0.000662
-0.000621
-0.000939
0.000133
0.000972
0.000975
0.000842
0.000645
0.000165
-0.000089
0.000110
0.000210
0.000113
0.000195
0.000153
-0.000463
-0.001190
-0.001361
-0.001094
-0.000854
-0.000562
0.000050
0.000433
-0.000033
-0.000666
-0.000550
-0.000107
-0.000046
-0.000053
0.000325
0.000785
0.000882
0.000682
0.000559
0.000552
0.000386
0.000130
0.000044
0.000070
0.000087
0.000033
-0.000155
-0.000167
0.000247
0.000432
-0.000122
-0.000598
-0.000293
0.000020
-0.000317
-0.000512
-0.000067
0.000156
-0.000235
-0.000399
0.000123
0.000638
0.000542
0.000216
0.000054
-0.000140
-0.000238
0.000046
0.000304
0.000244
0.000244
0.000305
0.000045
-0.000199
0.000029
0.000120
-0.000337
-0.000396
0.000224
0.000198
-0.000683
