3040
-0.000096
-0.000151
-0.000196
-0.000293
-0.000398
-0.000384
-0.000240
-0.000107
-0.000046
0.000034
0.000173
0.000254
0.000186
0.000072
0.000013
0.000009
0.000077
0.000180
0.000153
-0.000052
-0.000237
-0.000231
-0.000086
0.000080
0.000221
0.000302
0.000286
0.000218
0.000147
0.000019
-0.000175
-0.000268
-0.000139
0.000074
0.000162
0.000104
-0.000012
-0.000137
-0.000210
-0.000172
-0.000091
-0.000094
-0.000118
0.000008
0.000197
0.000181
-0.000028
-0.000104
0.000080
0.000233
0.000140
-0.000021
-0.000094
-0.000170
-0.000282
-0.000317
-0.000250
-0.000139
0.000037
0.000237
0.000279
0.000119
-0.000042
-0.000034
0.000110
0.000256
0.000298
0.000220
0.000097
0.000005
-0.000025
-0.000011
-0.000046
-0.000182
-0.000315
-0.000319
-0.000190
0.000015
0.000199
0.000234
0.000132
0.000036
-0.000006
-0.000034
-0.000021
0.000061
0.000132
0.000117
0.000072
0.000011
-0.000154
-0.000363
-0.000404
-0.000239
-0.000028
0.000126
0.000223
0.000245
0.000190
0.000122
0.000053
-0.000049
-0.000108
0.000012
0.000289
0.000518
0.000549
0.000433
0.000276
0.000076
-0.000154
-0.000294
-0.000299
-0.000271
-0.000257
-0.000193
-0.000122
-0.000183
-0.000357
-0.000470
-0.000447
-0.000381
-0.000357
-0.000357
-0.000348
-0.000348
-0.000342
-0.000234
-0.000008
0.000182
0.000231
0.000255
0.000374
0.000509
0.000498
0.000329
0.000168
0.000194
0.000348
0.000380
0.000236
0.000137
0.000129
0.000050
-0.000078
-0.000090
-0.000006
0.000034
0.000009
-0.000021
-0.000038
-0.000046
-0.000061
-0.000081
-0.000065
-0.000035
-0.000054
-0.000105
-0.000134
-0.000108
-0.000027
0.000105
0.000266
0.000329
0.000164
-0.000091
-0.000159
-0.000025
0.000088
0.000045
-0.000076
-0.000100
0.000003
0.000041
-0.000083
-0.000192
-0.000130
-0.000015
-0.000004
-0.000029
-0.000009
-0.000021
-0.000123
-0.000224
-0.000205
-0.000075
0.000061
0.000130
0.000126
0.000053
-0.000030
-0.000042
-0.000022
-0.000061
-0.000118
-0.000100
-0.000046
-0.000004
0.000112
0.000321
0.000437
0.000325
0.000091
-0.000062
-0.000049
0.000047
0.000116
0.000133
0.000119
0.000073
0.000021
0.000032
0.000087
0.000088
0.000003
-0.000127
-0.000254
-0.000316
-0.000281
-0.000214
-0.000199
-0.000184
-0.000107
-0.000057
-0.000068
-0.000006
0.000145
0.000191
0.000051
-0.000090
-0.000089
-0.000044
-0.000047
-0.000044
0.000007
0.000089
0.000153
0.000160
0.000147
0.000160
0.000163
0.000135
0.000100
0.000059
0.000008
-0.000048
-0.000120
-0.000195
-0.000210
-0.000176
-0.000210
-0.000296
-0.000258
-0.000054
0.000138
0.000174
0.000090
-0.000004
-0.000006
0.000120
0.000253
0.000183
-0.000129
-0.000444
-0.000521
-0.000422
-0.000345
-0.000264
0.000002
0.000384
0.000563
0.000477
0.000386
0.000383
0.000341
0.000259
0.000213
0.000175
0.000140
0.000154
0.000160
0.000120
0.000110
0.000125
0.000074
0.000015
0.000048
0.000085
-0.000007
-0.000165
-0.000237
-0.000190
-0.000141
-0.000185
-0.000258
-0.000271
-0.000244
-0.000198
-0.000128
-0.000072
-0.000056
-0.000039
-0.000018
-0.000011
0.000036
0.000119
0.000094
-0.000095
-0.000275
-0.000281
-0.000173
-0.000089
-0.000073
-0.000089
-0.000064
0.000023
0.000078
0.000038
0.000001
0.000062
0.000134
0.000131
0.000127
0.000151
0.000105
-0.000010
-0.000084
-0.000075
-0.000001
0.000078
0.000079
0.000022
0.000040
0.000139
0.000145
0.000045
0.000020
0.000046
-0.000053
-0.000196
-0.000182
-0.000077
-0.000083
-0.000168
-0.000103
0.000151
0.000349
0.000306
0.000121
-0.000001
-0.000012
-0.000038
-0.000132
-0.000200
-0.000172
-0.000121
-0.000123
-0.000112
-0.000009
0.000114
0.000170
0.000190
0.000233
0.000265
0.000219
0.000122
0.000035
-0.000066
-0.000199
-0.000305
-0.000347
-0.000354
-0.000328
-0.000238
-0.000108
-0.000030
-0.000035
-0.000061
-0.000081
-0.000083
0.000007
0.000221
0.000451
0.000591
0.000616
0.000465
0.000148
-0.000099
-0.000089
0.000038
0.000051
-0.000063
-0.000175
-0.000166
-0.000049
-0.000009
-0.000157
-0.000328
-0.000348
-0.000267
-0.000190
-0.000112
0.000012
0.000176
0.000292
0.000264
0.000141
0.000081
0.000128
0.000172
0.000111
-0.000066
-0.000199
-0.000122
0.000034
0.000049
-0.000027
-0.000020
0.000053
0.000056
0.000017
0.000118
0.000360
0.000557
0.000620
0.000529
0.000229
-0.000162
-0.000389
-0.000446
-0.000514
-0.000569
-0.000508
-0.000401
-0.000314
-0.000213
-0.000142
-0.000210
-0.000366
-0.000415
-0.000289
-0.000136
-0.000112
-0.000173
-0.000137
0.000053
0.000265
0.000396
0.000464
0.000479
0.000421
0.000332
0.000289
0.000268
0.000173
0.000042
-0.000013
-0.000027
-0.000087
-0.000123
-0.000051
0.000026
-0.000004
-0.000084
-0.000151
-0.000222
-0.000273
-0.000254
-0.000146
0.000053
0.000269
0.000390
0.000435
0.000484
0.000500
0.000409
0.000235
0.000073
-0.000005
-0.000041
-0.000105
-0.000163
-0.000157
-0.000170
-0.000286
-0.000351
-0.000223
-0.000091
-0.000145
-0.000221
-0.000108
0.000071
0.000068
-0.000123
-0.000274
-0.000220
-0.000026
0.000087
0.000006
-0.000103
-0.000052
0.000045
-0.000008
-0.000142
-0.000133
0.000063
0.000270
0.000314
0.000221
0.000140
0.000131
0.000116
0.000055
0.000031
0.000085
0.000126
0.000082
0.000023
0.000055
0.000150
0.000201
0.000165
0.000082
0.000016
-0.000020
-0.000063
-0.000119
-0.000147
-0.000181
-0.000274
-0.000335
-0.000283
-0.000215
-0.000170
-0.000051
0.000121
0.000225
0.000229
0.000192
0.000185
0.000219
0.000206
0.000050
-0.000220
-0.000394
-0.000292
-0.000044
0.000061
-0.000039
-0.000163
-0.000162
-0.000068
0.000022
0.000090
0.000130
0.000088
-0.000005
-0.000019
0.000052
0.000070
0.000037
0.000065
0.000110
0.000102
0.000081
0.000023
-0.000072
-0.000060
0.000054
0.000051
-0.000125
-0.000305
-0.000349
-0.000249
-0.000129
-0.000119
-0.000115
0.000051
0.000196
0.000062
-0.000192
-0.000302
-0.000280
-0.000172
0.000009
0.000090
0.000015
0.000032
0.000216
0.000327
0.000350
0.000500
0.000681
0.000636
0.000435
0.000322
0.000345
0.000411
0.000429
0.000314
0.000063
-0.000171
-0.000269
-0.000350
-0.000562
-0.000741
-0.000605
-0.000250
-0.000067
-0.000164
-0.000267
-0.000197
-0.000072
-0.000032
-0.000089
-0.000160
-0.000142
-0.000062
-0.000058
-0.000101
-0.000048
0.000085
0.000193
0.000258
0.000328
0.000382
0.000349
0.000218
0.000026
-0.000192
-0.000327
-0.000269
-0.000107
-0.000044
-0.000099
-0.000142
-0.000132
-0.000100
-0.000062
-0.000019
-0.000000
-0.000050
-0.000123
-0.000097
0.000030
0.000093
0.000011
-0.000066
0.000015
0.000219
0.000380
0.000316
0.000064
-0.000113
-0.000098
-0.000004
0.000124
0.000255
0.000257
0.000120
-0.000002
-0.000067
-0.000093
-0.000020
0.000093
0.000082
-0.000021
-0.000076
-0.000117
-0.000223
-0.000331
-0.000351
-0.000254
-0.000077
0.000047
0.000038
0.000019
0.000064
0.000043
-0.000078
-0.000108
0.000014
0.000098
0.000067
0.000044
0.000102
0.000136
0.000013
-0.000165
-0.000146
0.000043
0.000125
0.000078
0.000090
0.000118
-0.000001
-0.000168
-0.000185
-0.000063
0.000085
0.000184
0.000187
0.000156
0.000188
0.000236
0.000219
0.000134
-0.000003
-0.000121
-0.000132
-0.000111
-0.000170
-0.000198
-0.000092
0.000004
0.000028
0.000090
0.000119
-0.000040
-0.000240
-0.000272
-0.000216
-0.000235
-0.000264
-0.000150
0.000084
0.000239
0.000193
0.000072
0.000066
0.000150
0.000145
-0.000003
-0.000120
-0.000014
0.000294
0.000577
0.000614
0.000425
0.000224
0.000158
0.000230
0.000306
0.000217
0.000004
-0.000154
-0.000248
-0.000380
-0.000519
-0.000574
-0.000578
-0.000594
-0.000605
-0.000599
-0.000552
-0.000383
-0.000154
-0.000070
-0.000136
-0.000136
0.000002
0.000128
0.000172
0.000274
0.000528
0.000749
0.000667
0.000322
0.000007
-0.000117
-0.000084
0.000023
0.000106
0.000132
0.000169
0.000225
0.000191
0.000027
-0.000127
-0.000141
-0.000091
-0.000155
-0.000302
-0.000290
-0.000064
0.000101
0.000038
-0.000079
-0.000103
-0.000098
-0.000065
0.000104
0.000372
0.000552
0.000531
0.000371
0.000214
0.000097
-0.000030
-0.000147
-0.000200
-0.000221
-0.000260
-0.000257
-0.000121
0.000095
0.000232
0.000180
-0.000007
-0.000105
0.000020
0.000140
0.000010
-0.000185
-0.000207
-0.000206
-0.000324
-0.000415
-0.000378
-0.000252
-0.000095
-0.000013
-0.000050
-0.000078
0.000024
0.000210
0.000359
0.000406
0.000406
0.000402
0.000328
0.000170
0.000050
-0.000018
-0.000163
-0.000318
-0.000270
-0.000073
0.000032
-0.000006
-0.000066
-0.000064
0.000031
0.000163
0.000182
0.000050
-0.000065
-0.000053
0.000001
0.000013
-0.000007
-0.000039
-0.000042
0.000020
0.000092
0.000098
0.000041
-0.000063
-0.000163
-0.000111
0.000115
0.000307
0.000327
0.000211
0.000013
-0.000160
-0.000219
-0.000254
-0.000326
-0.000337
-0.000297
-0.000320
-0.000360
-0.000277
-0.000066
0.000170
0.000314
0.000280
0.000131
0.000079
0.000231
0.000390
0.000325
0.000137
0.000051
0.000053
0.000021
-0.000038
-0.000093
-0.000144
-0.000141
-0.000044
0.000104
0.000177
0.000065
-0.000149
-0.000290
-0.000410
-0.000632
-0.000829
-0.000789
-0.000533
-0.000252
-0.000038
0.000158
0.000370
0.000568
0.000718
0.000813
0.000858
0.000817
0.000666
0.000514
0.000450
0.000351
0.000070
-0.000229
-0.000277
-0.000142
-0.000050
-0.000004
0.000033
-0.000014
-0.000127
-0.000205
-0.000258
-0.000358
-0.000461
-0.000443
-0.000340
-0.000328
-0.000412
-0.000425
-0.000334
-0.000236
-0.000100
0.000099
0.000187
0.000083
0.000032
0.000231
0.000476
0.000456
0.000226
0.000113
0.000201
0.000268
0.000253
0.000294
0.000314
0.000109
-0.000238
-0.000428
-0.000349
-0.000193
-0.000165
-0.000232
-0.000278
-0.000296
-0.000283
-0.000195
-0.000110
-0.000090
-0.000051
0.000014
0.000024
0.000025
0.000084
0.000142
0.000160
0.000244
0.000443
0.000548
0.000395
0.000136
-0.000041
-0.000099
-0.000061
-0.000028
-0.000083
-0.000151
-0.000183
-0.000276
-0.000402
-0.000379
-0.000183
0.000025
0.000146
0.000194
0.000169
0.000080
-0.000023
-0.000136
-0.000270
-0.000291
-0.000085
0.000121
0.000105
0.000092
0.000222
0.000244
0.000082
-0.000046
-0.000100
-0.000225
-0.000380
-0.000358
-0.000137
0.000034
-0.000005
-0.000147
-0.000226
-0.000207
-0.000173
-0.000182
-0.000072
0.000276
0.001635
0.010871
0.034275
0.057403
0.055869
0.026030
-0.017509
-0.064480
-0.105062
-0.113965
-0.078274
-0.027804
0.007419
0.029479
0.046673
0.132479
0.300339
0.260897
-0.099000
-0.350030
-0.234308
-0.041932
-0.030789
-0.101909
-0.122290
-0.100367
-0.048350
0.024265
0.073861
0.085413
0.103339
0.155293
0.206619
0.221604
0.201480
0.163719
0.109495
0.036577
-0.027414
-0.062212
-0.083505
-0.109887
-0.140788
-0.145473
-0.101437
-0.048863
-0.046766
-0.111824
-0.201767
-0.239447
-0.201305
-0.141562
-0.102644
-0.063137
0.020980
0.142034
0.233230
0.257875
0.248303
0.239702
0.231967
0.207912
0.149977
0.063797
-0.016426
-0.068040
-0.101013
-0.128605
-0.144961
-0.142061
-0.126273
-0.105901
-0.081291
-0.053653
-0.028574
-0.007212
0.013523
0.028650
0.032516
0.032487
0.032695
0.025943
0.012635
0.000603
-0.006909
-0.007010
0.000260
0.006564
0.008373
0.011029
0.014537
0.015182
0.017444
0.023049
0.023116
0.016345
0.010516
0.005469
-0.002654
-0.010816
-0.015952
-0.019817
-0.020527
-0.013617
-0.005085
-0.005705
-0.010951
-0.006693
0.004689
0.006945
-0.001253
-0.004372
0.003722
0.010394
0.005071
-0.003205
-0.003438
-0.001904
-0.003937
-0.002329
0.003072
0.003821
0.000801
-0.000142
0.000203
0.000580
0.002604
0.004957
0.005649
0.004328
-0.000574
-0.005804
-0.004217
0.001443
0.002446
-0.002932
-0.007750
-0.004166
0.002592
0.001845
-0.001379
0.001525
0.005685
0.006815
0.006600
0.002283
-0.004904
-0.005321
0.000331
0.002489
0.000883
-0.003120
-0.010061
-0.011534
-0.004469
0.001092
0.001056
0.001894
0.007080
0.009564
0.006506
0.005858
0.003215
-0.008364
-0.010784
0.004364
0.008688
-0.007296
-0.011592
0.002244
0.004603
-0.005531
-0.002966
0.009251
0.007162
-0.004759
-0.002916
0.007289
0.003817
-0.010696
-0.015372
-0.001422
0.013930
0.011013
0.000251
-0.000100
0.003983
0.001939
-0.002269
-0.004432
-0.008154
-0.011673
-0.005961
0.006999
0.012390
0.004127
-0.006210
-0.004946
0.005347
0.010538
0.005398
-0.006262
-0.015378
-0.006379
0.012210
0.006991
-0.015095
-0.011475
0.012084
0.013988
-0.002794
-0.006891
0.001607
0.005406
0.006277
0.007325
-0.002122
-0.013271
-0.003473
0.010547
-0.004027
-0.025742
-0.013251
0.015048
0.017783
0.003601
-0.000236
0.002007
0.001159
0.006499
0.018227
0.019508
0.001798
-0.021694
-0.026659
-0.010198
0.000192
-0.008290
-0.015008
-0.004066
0.014379
0.015587
-0.005276
-0.010329
0.016832
0.024579
-0.011280
-0.030372
0.004329
0.037852
0.017969
-0.020286
-0.021976
0.000215
0.004677
-0.010304
-0.017677
-0.005194
0.012866
0.019146
0.011899
0.000720
-0.003862
-0.003563
-0.006048
-0.003899
0.006864
0.009788
0.000356
-0.008687
-0.011415
-0.004858
0.004716
0.001168
-0.005360
0.004346
0.012657
0.005068
-0.000594
-0.001869
-0.006899
-0.001349
0.016837
0.021886
0.004342
-0.015513
-0.019599
-0.013634
-0.011276
-0.004951
0.014202
0.018300
-0.012642
-0.037526
-0.016932
0.018605
0.021224
-0.001380
-0.010011
-0.000558
0.004896
0.011843
0.027732
0.024478
-0.002233
-0.007134
0.022056
0.036788
0.009428
-0.026822
-0.035605
-0.022933
-0.013574
-0.015757
-0.018525
-0.010624
0.000617
-0.003036
-0.018153
-0.017807
0.006243
0.026924
0.022296
0.003324
-0.010229
-0.010113
0.001709
0.013589
0.015989
0.014352
0.018650
0.024311
0.012934
-0.018323
-0.036196
-0.012044
0.026931
0.033946
0.009082
-0.011518
-0.007893
0.004606
0.003865
-0.002200
0.005822
0.015449
0.002739
-0.021047
-0.029036
-0.022116
-0.016542
-0.014771
-0.011521
-0.006740
-0.001353
0.006276
0.013641
0.015093
0.014832
0.022750
0.032387
0.026292
0.005943
-0.011645
-0.023389
-0.038756
-0.057746
-0.068309
-0.058229
-0.025311
0.017549
0.046581
0.044755
0.021537
0.005769
0.011559
0.022904
0.019572
0.006717
0.004947
0.017611
0.028739
0.030711
0.031446
0.033374
0.026881
0.010277
-0.003222
-0.005114
-0.002771
-0.008018
-0.024055
-0.042261
-0.050435
-0.048492
-0.047587
-0.051196
-0.053490
-0.051699
-0.043961
-0.028730
-0.011974
0.001803
0.017302
0.037065
0.056480
0.070918
0.079372
0.082905
0.079159
0.061654
0.032322
0.005691
-0.009120
-0.018295
-0.029386
-0.040917
-0.047546
-0.046558
-0.040870
-0.035015
-0.025028
-0.004404
0.017623
0.022698
0.009831
-0.002541
-0.001763
0.007437
0.015833
0.019316
0.017934
0.015474
0.015845
0.016731
0.012870
0.004794
-0.003141
-0.010805
-0.020316
-0.030197
-0.037181
-0.038145
-0.030008
-0.014826
-0.000961
0.005629
0.004963
-0.000759
-0.007382
-0.010314
-0.010088
-0.010645
-0.011991
-0.010858
-0.007565
-0.005312
-0.003473
0.002483
0.015170
0.031415
0.043591
0.046569
0.042123
0.034491
0.025678
0.016916
0.010854
0.007975
0.002955
-0.008048
-0.019213
-0.022628
-0.019200
-0.014904
-0.011901
-0.009430
-0.008538
-0.009899
-0.011742
-0.013576
-0.015566
-0.015113
-0.010355
-0.003349
0.003087
0.007608
0.009768
0.009649
0.007252
0.002855
-0.001706
-0.004276
-0.004580
-0.002917
0.001523
0.008546
0.014761
0.015457
0.009753
0.003053
0.000980
0.002848
0.004804
0.004892
0.003491
0.002997
0.005081
0.007295
0.006031
0.001423
-0.003506
-0.007040
-0.009707
-0.011696
-0.012708
-0.013614
-0.014875
-0.015226
-0.013864
-0.011417
-0.008707
-0.006104
-0.003380
-0.000153
0.003299
0.006445
0.009320
0.012263
0.014945
0.016196
0.015305
0.012992
0.010414
0.007930
0.005188
0.001465
-0.003674
-0.009092
-0.012553
-0.012815
-0.010375
-0.006819
-0.003481
-0.000374
0.002430
0.003515
0.002298
0.000521
-0.000137
0.000267
0.000980
0.001387
0.001286
0.000965
0.000720
0.000331
-0.000668
-0.001750
-0.001668
-0.000629
-0.000032
-0.000291
-0.000816
-0.000828
0.000346
0.002509
0.004650
0.005927
0.005892
0.004579
0.002666
0.000669
-0.001486
-0.003357
-0.004056
-0.003935
-0.004061
-0.004114
-0.003226
-0.002106
-0.001951
-0.002310
-0.002051
-0.001245
-0.000564
0.000075
0.001061
0.002160
0.002961
0.003513
0.003892
0.003823
0.003096
0.001844
0.000327
-0.001111
-0.002049
-0.002465
-0.002801
-0.003266
-0.003707
-0.004023
-0.004134
-0.003974
-0.003442
-0.002142
0.000159
0.002877
0.004981
0.005860
0.005747
0.005322
0.004869
0.004006
0.002442
0.000702
-0.000403
-0.000780
-0.001004
-0.001368
-0.001656
-0.001684
-0.001457
-0.001193
-0.001282
-0.001734
-0.002016
-0.001763
-0.001136
-0.000406
0.000174
0.000337
0.000162
0.000046
0.000185
0.000555
0.001061
0.001342
0.000920
-0.000023
-0.000547
-0.000173
0.000388
0.000302
-0.000205
-0.000363
-0.000096
-0.000002
-0.000254
-0.000313
0.000088
0.000407
0.000104
-0.000488
-0.000539
0.000059
0.000513
0.000449
0.000403
0.000596
0.000390
-0.000329
-0.000534
0.000292
0.001282
0.001509
0.000905
-0.000084
-0.000949
-0.001434
-0.001513
-0.001112
-0.000320
0.000530
0.001235
0.001609
0.001415
0.000729
-0.000198
-0.001175
-0.001907
-0.002024
-0.001491
-0.000884
-0.000796
-0.000955
-0.000696
0.000098
0.001054
0.001656
0.001603
0.001201
0.000974
0.000778
-0.000001
-0.001304
-0.002341
-0.002692
-0.002661
-0.002657
-0.002764
-0.002646
-0.001821
-0.000433
0.000654
0.001092
0.001735
0.003304
0.005087
0.005987
0.006017
0.005888
0.005802
0.005282
0.003894
0.001730
-0.000761
-0.002897
-0.003923
-0.003864
-0.003675
-0.003916
-0.004105
-0.003786
-0.003461
-0.003851
-0.004576
-0.004592
-0.003735
-0.002651
-0.001608
-0.000631
-0.000124
-0.000255
-0.000408
0.000094
0.001166
0.002084
0.002474
0.003074
0.004861
0.007377
0.008935
0.008776
0.007755
0.006551
0.004759
0.002104
-0.000908
-0.003654
-0.005829
-0.007230
-0.007673
-0.007326
-0.006664
-0.005786
-0.004341
-0.002450
-0.000893
-0.000112
0.000129
0.000389
0.001303
0.002823
0.004118
0.004767
0.004996
0.004846
0.004052
0.002484
0.000518
-0.000983
-0.001462
-0.001239
-0.000809
-0.000384
-0.000349
-0.000972
-0.001767
-0.002116
-0.002181
-0.002733
-0.004164
-0.005789
-0.006330
-0.005059
-0.002448
0.000129
0.001676
0.002382
0.002843
0.003339
0.003962
0.004559
0.004745
0.004331
0.003426
0.002306
0.001287
0.000435
-0.000303
-0.000652
-0.000367
0.000198
0.000387
-0.000078
-0.000775
-0.001019
-0.000757
-0.000582
-0.000649
-0.000336
0.000645
0.001532
0.001492
0.000779
0.000086
-0.000632
-0.001877
-0.003606
-0.005063
-0.005748
-0.005927
-0.005858
-0.005345
-0.004279
-0.002970
-0.001684
-0.000023
0.002597
0.005831
0.008423
0.009360
0.008728
0.007377
0.005922
0.004294
0.002277
0.000236
-0.001258
-0.002159
-0.002709
-0.002975
-0.002875
-0.002262
-0.000984
0.000843
0.002679
0.003748
0.003481
0.002270
0.001267
0.000851
0.000280
-0.000977
-0.002790
-0.005136
-0.007817
-0.009593
-0.009343
-0.007682
-0.005965
-0.004645
-0.003598
-0.002847
-0.002250
-0.001181
0.000907
0.003357
0.004548
0.004146
0.003696
0.003997
0.003838
0.002625
0.002052
0.003511
0.006045
0.008107
0.009125
0.008893
0.007507
0.005824
0.004452
0.003031
0.001471
0.000396
-0.000337
-0.001818
-0.004178
-0.006436
-0.008407
-0.010232
-0.010772
-0.009651
-0.008837
-0.009156
-0.008352
-0.004888
-0.000440
0.002855
0.005026
0.007081
0.008728
0.008553
0.006462
0.004256
0.003082
0.002236
0.000840
-0.000986
-0.002308
-0.002065
-0.000545
0.000401
-0.000236
-0.001226
-0.001247
-0.000994
-0.001685
-0.002709
-0.002362
-0.000419
0.001510
0.002433
0.002652
0.001870
-0.000422
-0.003078
-0.004536
-0.005235
-0.006610
-0.008181
-0.007582
-0.003842
0.000867
0.003794
0.004785
0.005596
0.007118
0.008728
0.009384
0.008386
0.005995
0.003659
0.002855
0.003492
0.003995
0.003022
0.000660
-0.001946
-0.003832
-0.005081
-0.006389
-0.007650
-0.007667
-0.006158
-0.004747
-0.004461
-0.004208
-0.002984
-0.001266
0.000384
0.002267
0.004559
0.006358
0.006721
0.005916
0.004525
0.002528
0.000204
-0.001433
-0.001831
-0.001600
-0.001721
-0.002713
-0.004715
-0.007659
-0.010627
-0.011808
-0.010283
-0.007143
-0.003791
-0.000334
0.003494
0.007289
0.010285
0.011758
0.011430
0.009962
0.008536
0.007515
0.006173
0.004194
0.001944
-0.000677
-0.003263
-0.003922
-0.001962
0.000534
0.001783
0.002074
0.001788
0.000770
-0.000413
-0.001036
-0.001839
-0.003910
-0.006039
-0.006024
-0.004416
-0.003703
-0.004201
-0.003962
-0.002428
-0.001404
-0.002375
-0.004552
-0.005745
-0.004817
-0.002787
-0.001025
0.000555
0.002549
0.004600
0.005857
0.006036
0.005438
0.004372
0.003165
0.002635
0.003621
0.005499
0.006286
0.005158
0.003252
0.001378
-0.000581
-0.002079
-0.002560
-0.003188
-0.005279
-0.007674
-0.008015
-0.006156
-0.003946
-0.002359
-0.001089
0.000257
0.001542
0.001904
0.000972
-0.000166
-0.000428
0.000002
0.000217
-0.000237
-0.000432
0.000900
0.003396
0.005699
0.007163
0.007498
0.006172
0.003289
-0.000128
-0.003088
-0.005030
-0.005833
-0.005850
-0.005413
-0.004772
-0.004313
-0.003733
-0.002069
0.000681
0.003109
0.004035
0.003912
0.003804
0.003711
0.003334
0.003244
0.003778
0.004022
0.002991
0.000923
-0.001369
-0.003541
-0.005337
-0.006202
-0.006058
-0.005536
-0.004864
-0.003312
-0.000251
0.003472
0.005772
0.005554
0.003922
0.002165
0.000254
-0.001545
-0.001909
-0.000627
0.000588
0.000496
-0.000100
0.000209
0.001333
0.001641
0.000248
-0.001493
-0.001773
-0.000652
0.000396
0.000519
0.000268
0.000472
0.001027
0.001069
0.000075
-0.001368
-0.002149
-0.002021
-0.001670
-0.001318
-0.000453
0.000735
0.001086
0.000071
-0.001427
-0.002161
-0.001865
-0.001375
-0.001409
-0.001465
-0.000482
0.001494
0.003389
0.004661
0.005309
0.004955
0.003468
0.001607
0.000099
-0.001016
-0.001872
-0.002381
-0.002394
-0.001923
-0.001438
-0.001779
-0.002938
-0.003554
-0.002737
-0.001249
-0.000036
0.000982
0.002224
0.003523
0.004365
0.004617
0.004452
0.003814
0.002568
0.001072
-0.000007
-0.000468
-0.000770
-0.001292
-0.001871
-0.002251
-0.002284
-0.001808
-0.001163
-0.001174
-0.002038
-0.003101
-0.003765
-0.003874
-0.003542
-0.003115
-0.002874
-0.002606
-0.001942
-0.000854
0.000437
0.001717
0.002833
0.003727
0.004413
0.004861
0.004996
0.004892
0.004671
0.004212
0.003379
0.002354
0.001366
0.000372
-0.000717
-0.001743
-0.002456
-0.002809
-0.002974
-0.003144
-0.003304
-0.003202
-0.002715
-0.002086
-0.001525
-0.000940
-0.000317
0.000121
0.000322
0.000507
0.000815
0.001172
0.001393
0.001325
0.001011
0.000680
0.000510
0.000481
0.000422
0.000226
-0.000030
-0.000200
-0.000191
-0.000039
0.000094
0.000085
-0.000036
-0.000250
-0.000552
-0.000760
-0.000648
-0.000293
0.000027
0.000162
0.000169
0.000155
0.000136
0.000117
0.000174
0.000331
0.000491
0.000557
0.000521
0.000459
0.000440
0.000444
0.000427
0.000383
0.000281
0.000053
-0.000242
-0.000436
-0.000466
-0.000428
-0.000419
-0.000454
-0.000478
-0.000451
-0.000423
-0.000455
-0.000514
-0.000516
-0.000429
-0.000319
-0.000290
-0.000311
-0.000248
-0.000101
0.000013
0.000065
0.000108
0.000181
0.000284
0.000355
0.000335
0.000291
0.000307
0.000328
0.000284
0.000222
0.000192
0.000118
-0.000031
-0.000111
-0.000037
0.000071
0.000108
0.000104
0.000095
0.000092
0.000112
0.000124
0.000104
0.000091
0.000111
0.000130
0.000097
0.000019
-0.000035
-0.000029
0.000009
0.000032
0.000044
0.000131
0.000325
0.000474
0.000423
0.000246
0.000096
-0.000027
-0.000161
-0.000278
-0.000366
-0.000440
-0.000488
-0.000502
-0.000509
-0.000539
-0.000561
-0.000494
-0.000328
-0.000169
-0.000071
0.000003
0.000057
0.000071
0.000088
0.000141
0.000198
0.000222
0.000217
0.000203
0.000207
0.000251
0.000286
0.000265
0.000239
0.000269
0.000328
0.000318
0.000189
0.000044
-0.000017
-0.000057
-0.000149
-0.000237
-0.000245
-0.000179
-0.000117
-0.000121
-0.000168
-0.000191
-0.000136
-0.000023
0.000053
0.000078
0.000124
0.000185
0.000204
0.000193
0.000183
0.000158
0.000126
0.000130
0.000146
0.000100
-0.000025
-0.000151
-0.000215
-0.000243
-0.000252
-0.000192
-0.000072
0.000010
0.000014
-0.000010
-0.000038
-0.000069
-0.000073
-0.000049
-0.000035
-0.000048
-0.000078
-0.000105
-0.000103
-0.000059
-0.000011
-0.000011
-0.000046
-0.000047
0.000006
0.000056
0.000081
0.000115
0.000150
0.000157
0.000160
0.000177
0.000155
0.000072
0.000003
-0.000002
0.000014
0.000012
0.000009
0.000030
0.000063
0.000073
0.000048
0.000019
0.000008
-0.000001
-0.000028
-0.000061
-0.000074
-0.000055
-0.000044
-0.000097
-0.000165
-0.000141
-0.000042
0.000006
-0.000040
-0.000064
0.000020
0.000110
0.000086
0.000022
0.000019
0.000022
-0.000025
-0.000054
-0.000034
-0.000033
-0.000078
-0.000109
-0.000093
-0.000060
-0.000037
-0.000000
0.000063
0.000096
0.000051
-0.000006
0.000002
0.000031
0.000018
-0.000019
-0.000050
-0.000068
-0.000066
-0.000045
0.000009
0.000092
0.000133
0.000090
0.000041
0.000034
0.000004
-0.000064
-0.000091
-0.000099
-0.000231
-0.000459
-0.000566
-0.000490
-0.000367
-0.000239
-0.000027
0.000233
0.000418
0.000490
0.000500
0.000502
0.000518
0.000542
0.000537
0.000485
0.000403
0.000308
0.000205
0.000101
0.000027
0.000024
0.000021
-0.000087
-0.000242
-0.000316
-0.000316
-0.000325
-0.000358
-0.000369
-0.000330
-0.000264
-0.000227
-0.000249
-0.000274
-0.000234
-0.000151
-0.000093
-0.000045
0.000050
0.000174
0.000260
0.000272
0.000223
0.000170
0.000129
0.000085
0.000098
0.000168
0.000144
-0.000016
-0.000138
-0.000133
-0.000108
-0.000141
-0.000179
-0.000176
-0.000154
-0.000142
-0.000125
-0.000071
-0.000012
-0.000010
-0.000052
-0.000086
-0.000087
-0.000035
0.000055
0.000105
0.000088
0.000071
0.000090
0.000121
0.000141
0.000143
0.000138
0.000147
0.000172
0.000199
0.000197
0.000124
0.000029
0.000026
0.000128
0.000186
0.000059
-0.000157
-0.000243
-0.000193
-0.000184
-0.000249
-0.000285
-0.000279
-0.000286
-0.000268
-0.000204
-0.000161
-0.000132
-0.000050
0.000062
0.000144
0.000191
0.000201
0.000169
0.000116
0.000091
0.000113
0.000130
0.000099
0.000051
0.000041
0.000079
0.000099
0.000040
-0.000049
-0.000063
0.000022
0.000098
0.000075
-0.000006
-0.000057
-0.000073
-0.000089
-0.000096
-0.000063
-0.000009
0.000016
0.000013
0.000028
0.000060
0.000055
0.000009
-0.000022
-0.000009
0.000035
0.000079
0.000090
0.000065
0.000027
0.000001
0.000008
0.000026
0.000005
-0.000035
-0.000023
0.000024
0.000010
-0.000067
-0.000118
-0.000113
-0.000097
-0.000088
-0.000070
-0.000045
-0.000020
0.000012
0.000023
-0.000034
-0.000042
0.000178
0.000514
0.000677
0.000618
0.000460
0.000258
0.000063
-0.000070
-0.000168
-0.000262
-0.000333
-0.000377
-0.000427
-0.000476
-0.000484
-0.000463
-0.000466
-0.000464
-0.000392
-0.000297
-0.000269
-0.000278
-0.000226
-0.000104
0.000010
0.000086
0.000177
0.000284
0.000367
0.000432
0.000481
0.000482
0.000445
0.000430
0.000451
0.000432
0.000323
0.000190
0.000093
-0.000025
-0.000177
-0.000244
-0.000185
-0.000133
-0.000181
-0.000258
-0.000264
-0.000196
-0.000126
-0.000100
-0.000093
-0.000049
0.000032
0.000101
0.000133
0.000135
0.000123
0.000120
0.000144
0.000165
0.000142
0.000095
0.000083
0.000090
0.000034
-0.000077
-0.000143
-0.000130
-0.000114
-0.000140
-0.000162
-0.000144
-0.000117
-0.000119
-0.000113
-0.000068
-0.000029
-0.000019
0.000006
0.000033
-0.000003
-0.000062
-0.000045
0.000046
0.000127
0.000156
0.000139
0.000110
0.000105
0.000116
0.000115
0.000108
0.000088
0.000035
-0.000031
-0.000071
-0.000070
-0.000043
-0.000031
-0.000050
-0.000070
-0.000068
-0.000048
-0.000023
-0.000007
0.000003
0.000017
0.000023
0.000006
0.000001
0.000046
0.000093
0.000061
-0.000012
-0.000021
0.000017
0.000011
-0.000036
-0.000063
-0.000067
-0.000061
-0.000028
0.000004
-0.000021
-0.000062
-0.000058
-0.000041
-0.000031
0.000007
0.000051
0.000053
0.000034
-0.000001
-0.000064
-0.000086
-0.000025
0.000024
-0.000010
-0.000062
-0.000065
-0.000035
-0.000005
0.000009
0.000007
0.000013
0.000045
0.000077
0.000070
0.000016
-0.000027
0.000005
0.000064
0.000062
0.000004
-0.000048
-0.000060
-0.000041
-0.000021
-0.000065
-0.000221
-0.000416
-0.000490
-0.000410
-0.000295
-0.000226
-0.000158
0.000010
0.000280
0.000500
0.000570
0.000582
0.000636
0.000663
0.000552
0.000375
0.000288
0.000283
0.000246
0.000153
0.000055
-0.000017
-0.000057
-0.000079
-0.000132
-0.000213
-0.000258
-0.000263
-0.000273
-0.000302
-0.000335
-0.000355
-0.000354
-0.000360
-0.000380
-0.000344
-0.000206
-0.000066
-0.000001
0.000066
0.000168
0.000211
0.000184
0.000175
0.000204
0.000206
0.000154
0.000103
0.000088
0.000076
0.000030
-0.000054
-0.000151
-0.000206
-0.000203
-0.000169
-0.000118
-0.000079
-0.000090
-0.000111
-0.000082
-0.000037
-0.000028
-0.000027
-0.000005
0.000023
0.000059
0.000115
0.000167
0.000179
0.000142
0.000088
0.000066
0.000080
0.000101
0.000105
0.000081
0.000061
0.000085
0.000143
0.000166
0.000110
0.000026
-0.000028
-0.000060
-0.000062
-0.000033
-0.000047
-0.000163
-0.000320
-0.000382
-0.000310
-0.000227
-0.000228
-0.000253
-0.000197
-0.000058
0.000075
0.000152
0.000206
0.000251
0.000253
0.000222
0.000185
0.000119
0.000024
-0.000032
-0.000034
-0.000025
-0.000009
0.000029
0.000043
-0.000004
-0.000038
0.000019
0.000116
0.000146
0.000093
0.000028
0.000001
0.000017
0.000048
0.000025
-0.000079
-0.000179
-0.000204
-0.000177
-0.000128
-0.000067
-0.000036
-0.000057
-0.000051
0.000038
0.000120
0.000111
0.000060
0.000043
0.000065
0.000092
0.000089
0.000075
0.000073
0.000061
0.000043
0.000061
0.000076
0.000030
-0.000018
-0.000022
-0.000057
-0.000130
-0.000149
-0.000112
-0.000094
-0.000096
-0.000079
-0.000054
-0.000034
0.000026
0.000195
0.000441
0.000597
0.000556
0.000407
0.000276
0.000137
-0.000060
-0.000235
-0.000311
-0.000336
-0.000380
-0.000440
-0.000474
-0.000451
-0.000399
-0.000379
-0.000370
-0.000322
-0.000267
-0.000230
-0.000165
-0.000070
-0.000003
0.000013
0.000033
0.000098
0.000174
0.000247
0.000354
0.000450
0.000454
0.000382
0.000303
0.000257
0.000237
0.000215
0.000175
0.000124
0.000068
0.000012
-0.000052
-0.000137
-0.000210
-0.000212
-0.000140
-0.000076
-0.000082
-0.000106
-0.000068
0.000004
0.000046
0.000065
0.000091
0.000129
0.000173
0.000184
0.000120
0.000047
0.000040
0.000051
0.000025
-0.000016
-0.000054
-0.000094
-0.000135
-0.000145
-0.000092
-0.000026
-0.000029
-0.000070
-0.000072
-0.000045
-0.000024
-0.000037
-0.000104
