2720
0.000093
0.000267
0.000322
0.000240
0.000134
0.000083
0.000104
0.000149
0.000141
0.000117
0.000175
0.000235
0.000146
-0.000012
-0.000073
-0.000062
-0.000130
-0.000292
-0.000399
-0.000360
-0.000235
-0.000134
-0.000113
-0.000136
-0.000115
-0.000027
0.000072
0.000152
0.000203
0.000191
0.000128
0.000086
0.000108
0.000151
0.000157
0.000111
0.000040
0.000013
0.000037
0.000021
-0.000023
-0.000017
-0.000029
-0.000152
-0.000263
-0.000184
0.000028
0.000158
0.000131
0.000028
-0.000063
-0.000083
-0.000046
-0.000010
0.000022
0.000073
0.000099
0.000026
-0.000114
-0.000178
-0.000111
-0.000032
-0.000018
-0.000005
0.000072
0.000180
0.000224
0.000173
0.000105
0.000092
0.000078
0.000013
-0.000026
0.000016
0.000067
0.000051
0.000007
0.000013
0.000021
-0.000110
-0.000335
-0.000454
-0.000429
-0.000351
-0.000234
-0.000063
0.000116
0.000226
0.000271
0.000354
0.000501
0.000614
0.000658
0.000663
0.000577
0.000322
-0.000052
-0.000348
-0.000415
-0.000348
-0.000335
-0.000424
-0.000569
-0.000699
-0.000698
-0.000515
-0.000309
-0.000267
-0.000303
-0.000221
-0.000050
0.000066
0.000117
0.000206
0.000352
0.000422
0.000312
0.000106
-0.000000
0.000051
0.000141
0.000163
0.000141
0.000170
0.000264
0.000306
0.000209
0.000048
-0.000055
-0.000076
-0.000104
-0.000187
-0.000229
-0.000136
0.000002
0.000053
0.000024
-0.000028
-0.000090
-0.000123
-0.000084
-0.000021
0.000008
0.000082
0.000245
0.000336
0.000240
0.000101
0.000101
0.000204
0.000247
0.000177
0.000072
-0.000001
-0.000049
-0.000081
-0.000059
0.000018
0.000042
-0.000058
-0.000201
-0.000256
-0.000176
-0.000009
0.000077
-0.000040
-0.000231
-0.000293
-0.000207
-0.000112
-0.000105
-0.000152
-0.000206
-0.000258
-0.000278
-0.000226
-0.000087
0.000113
0.000300
0.000418
0.000456
0.000390
0.000240
0.000131
0.000119
0.000093
0.000001
-0.000052
-0.000029
-0.000000
0.000027
0.000027
-0.000090
-0.000245
-0.000208
0.000046
0.000251
0.000242
0.000172
0.000178
0.000148
-0.000014
-0.000153
-0.000119
-0.000028
-0.000089
-0.000245
-0.000269
-0.000141
-0.000025
-0.000004
-0.000060
-0.000111
-0.000061
0.000052
0.000074
-0.000011
-0.000044
0.000025
0.000059
-0.000023
-0.000180
-0.000301
-0.000221
0.000071
0.000330
0.000362
0.000251
0.000168
0.000139
0.000099
0.000024
-0.000060
-0.000082
-0.000009
0.000068
0.000022
-0.000135
-0.000264
-0.000285
-0.000226
-0.000159
-0.000125
-0.000104
-0.000076
0.000004
0.000152
0.000217
0.000048
-0.000270
-0.000554
-0.000665
-0.000485
-0.000079
0.000234
0.000272
0.000227
0.000336
0.000561
0.000709
0.000687
0.000561
0.000423
0.000290
0.000141
0.000012
0.000007
0.000166
0.000374
0.000467
0.000339
-0.000000
-0.000386
-0.000598
-0.000550
-0.000357
-0.000202
-0.000176
-0.000242
-0.000306
-0.000298
-0.000265
-0.000310
-0.000395
-0.000349
-0.000140
0.000061
0.000109
0.000052
0.000051
0.000171
0.000266
0.000193
0.000065
0.000083
0.000237
0.000362
0.000338
0.000183
0.000008
-0.000125
-0.000235
-0.000304
-0.000286
-0.000173
-0.000026
0.000032
-0.000035
-0.000141
-0.000235
-0.000256
-0.000119
0.000110
0.000260
0.000264
0.000171
0.000033
-0.000111
-0.000176
-0.000116
-0.000033
-0.000027
-0.000047
0.000008
0.000125
0.000196
0.000181
0.000141
0.000117
0.000116
0.000151
0.000178
0.000111
-0.000013
-0.000078
-0.000054
-0.000006
-0.000044
-0.000192
-0.000294
-0.000204
-0.000044
-0.000028
-0.000128
-0.000161
-0.000071
0.000014
-0.000014
-0.000103
-0.000131
-0.000028
0.000146
0.000217
0.000098
-0.000037
0.000015
0.000185
0.000247
0.000120
-0.000041
-0.000053
0.000022
0.000023
-0.000038
-0.000041
0.000032
0.000083
0.000052
-0.000023
-0.000074
-0.000042
0.000064
0.000140
0.000125
0.000066
-0.000011
-0.000121
-0.000218
-0.000223
-0.000147
-0.000090
-0.000102
-0.000091
0.000011
0.000073
-0.000014
-0.000085
0.000074
0.000378
0.000569
0.000548
0.000368
0.000093
-0.000160
-0.000264
-0.000265
-0.000280
-0.000243
-0.000077
0.000039
-0.000086
-0.000316
-0.000336
-0.000093
0.000125
0.000110
0.000043
0.000195
0.000488
0.000606
0.000452
0.000240
0.000152
0.000111
-0.000006
-0.000124
-0.000150
-0.000196
-0.000359
-0.000494
-0.000449
-0.000344
-0.000373
-0.000464
-0.000420
-0.000249
-0.000140
-0.000165
-0.000170
-0.000057
0.000066
0.000078
0.000039
0.000092
0.000229
0.000304
0.000278
0.000246
0.000244
0.000210
0.000155
0.000174
0.000244
0.000254
0.000207
0.000190
0.000193
0.000124
-0.000059
-0.000276
-0.000363
-0.000246
-0.000075
-0.000032
-0.000083
-0.000107
-0.000100
-0.000087
-0.000049
0.000031
0.000129
0.000164
0.000117
0.000077
0.000089
0.000056
-0.000073
-0.000130
0.000044
0.000319
0.000398
0.000174
-0.000123
-0.000211
-0.000065
0.000083
0.000012
-0.000176
-0.000175
0.000028
0.000153
0.000113
0.000044
-0.000021
-0.000125
-0.000184
-0.000118
-0.000007
0.000003
-0.000127
-0.000292
-0.000336
-0.000223
-0.000072
0.000006
0.000006
-0.000017
0.000008
0.000105
0.000210
0.000273
0.000320
0.000327
0.000227
0.000077
0.000013
0.000013
-0.000026
-0.000063
-0.000021
0.000052
0.000035
-0.000100
-0.000174
-0.000059
0.000059
0.000009
-0.000056
-0.000004
0.000018
-0.000105
-0.000221
-0.000152
0.000045
0.000190
0.000198
0.000110
0.000004
-0.000078
-0.000126
-0.000143
-0.000178
-0.000245
-0.000227
-0.000072
0.000084
0.000153
0.000184
0.000176
0.000069
-0.000069
-0.000079
0.000043
0.000112
0.000036
-0.000054
-0.000011
0.000135
0.000187
0.000014
-0.000236
-0.000299
-0.000130
0.000037
-0.000009
-0.000174
-0.000203
-0.000066
0.000038
0.000028
0.000029
0.000104
0.000147
0.000095
0.000013
-0.000097
-0.000277
-0.000431
-0.000454
-0.000421
-0.000418
-0.000409
-0.000330
-0.000153
0.000091
0.000359
0.000598
0.000676
0.000530
0.000346
0.000311
0.000348
0.000341
0.000320
0.000292
0.000202
0.000110
0.000186
0.000522
0.001878
0.008256
0.022299
0.036577
0.039786
0.024469
-0.007916
-0.041208
-0.062940
-0.074117
-0.064747
-0.028085
0.006591
0.015000
0.015273
0.021423
0.068857
0.224027
0.319379
0.070989
-0.335310
-0.430484
-0.189124
-0.000953
-0.028274
-0.086408
-0.058176
0.008947
0.061527
0.097987
0.129150
0.146100
0.146596
0.140875
0.135427
0.122804
0.090985
0.043706
-0.000474
-0.029502
-0.045531
-0.053026
-0.058981
-0.074382
-0.103672
-0.139045
-0.166111
-0.174512
-0.162628
-0.136952
-0.108580
-0.069735
0.000508
0.083401
0.136680
0.157292
0.167928
0.175342
0.170519
0.143409
0.098375
0.049941
-0.001019
-0.050266
-0.074783
-0.073354
-0.072501
-0.081746
-0.081859
-0.057478
-0.026629
-0.012940
-0.007012
0.005554
0.015617
0.016711
0.018782
0.020437
0.007282
-0.012459
-0.017260
-0.012201
-0.014901
-0.020683
-0.012858
0.006427
0.018308
0.018654
0.019223
0.019217
0.013295
0.011807
0.016489
0.012593
0.003221
0.001987
0.002348
-0.005689
-0.014592
-0.013904
-0.007760
-0.006961
-0.007916
0.000242
0.009016
0.001332
-0.012841
-0.008388
0.006622
0.006204
-0.001055
0.002275
0.003777
-0.004232
-0.004508
0.006915
0.008373
-0.005205
-0.011081
-0.002013
0.005480
0.003884
-0.000335
-0.000702
0.002308
0.002440
0.000237
-0.000457
-0.004708
-0.009717
-0.000506
0.016775
0.014989
-0.005629
-0.013761
-0.002438
0.003041
-0.003771
-0.003080
0.008969
0.012414
-0.000459
-0.010947
-0.006172
0.001976
0.001702
-0.003809
-0.007009
-0.004765
-0.001473
-0.000277
0.002074
0.004547
0.004669
0.004552
0.002840
0.001109
0.005213
0.006634
-0.001673
-0.004621
0.001472
-0.000858
-0.008271
-0.003795
0.003747
-0.001555
-0.009227
-0.003522
0.004625
-0.000114
-0.004993
0.002337
0.007477
0.003455
0.001921
0.001606
-0.003484
-0.003434
0.003077
0.002864
-0.002016
-0.002233
-0.002591
-0.006460
-0.007101
-0.001614
0.008001
0.018396
0.018416
0.002893
-0.010518
-0.009528
-0.004790
-0.002784
0.000742
0.006538
0.009602
0.001994
-0.011581
-0.011386
0.002044
0.005406
-0.004279
-0.009798
-0.006833
-0.002522
0.000614
0.005119
0.011303
0.011151
-0.002824
-0.019684
-0.017863
0.000286
0.008648
0.005971
0.016199
0.032854
0.024736
-0.007709
-0.030574
-0.024835
-0.007400
0.001979
0.007586
0.013787
0.009217
-0.007440
-0.019434
-0.016776
-0.005554
0.005625
0.012925
0.013138
0.005413
-0.002906
-0.004331
0.001447
0.011928
0.016557
0.002144
-0.018680
-0.015552
0.007088
0.008424
-0.014266
-0.017348
-0.000644
-0.003832
-0.014257
0.006231
0.031453
0.014943
-0.016310
-0.012425
0.007407
0.006118
-0.001857
0.002571
0.006187
0.001891
0.003209
0.009677
0.003637
-0.010021
-0.010304
-0.003617
-0.005614
-0.004026
0.006994
0.004089
-0.011475
-0.008075
0.011966
0.016957
0.000794
-0.018586
-0.026952
-0.017694
0.004333
0.020088
0.019832
0.018005
0.022950
0.020246
0.005684
-0.007502
-0.015717
-0.019530
-0.014315
-0.005334
-0.001237
-0.001339
-0.006960
-0.015648
-0.013157
-0.003253
-0.004223
-0.004870
0.011540
0.021995
0.006367
-0.009597
-0.000182
0.018302
0.023450
0.018978
0.010371
-0.003902
-0.015479
-0.014765
-0.005604
0.001284
0.002946
0.002262
-0.000875
-0.002610
-0.001325
-0.006808
-0.016968
-0.016023
-0.005196
0.003566
0.009128
0.010871
0.005758
-0.000966
-0.000472
0.010987
0.021347
0.011467
-0.010664
-0.019346
-0.011321
-0.001667
0.001213
0.000714
0.001884
0.000003
-0.008439
-0.010795
0.002019
0.014431
0.009128
-0.002977
-0.002681
0.004700
0.004682
-0.001975
-0.005844
-0.001978
0.001653
-0.005363
-0.011775
-0.002882
0.005175
-0.002318
-0.003357
0.013004
0.019322
0.005526
-0.005033
-0.003762
-0.001419
0.000605
0.003567
0.003051
0.000981
-0.000208
-0.003046
-0.005478
-0.006825
-0.009702
-0.009105
-0.000191
0.009566
0.008368
-0.001245
-0.002807
0.005661
0.006154
-0.004708
-0.009563
-0.004891
-0.002989
-0.002465
0.004446
0.009399
0.007531
0.007931
0.005597
-0.006417
-0.010124
0.000472
0.004093
-0.002190
-0.003501
-0.000077
0.001421
-0.000587
-0.005148
-0.005909
-0.001349
0.000115
-0.001617
0.002580
0.010632
0.011438
0.003954
-0.003266
-0.004489
-0.001323
0.000369
-0.002000
-0.004468
-0.002526
0.001952
0.002725
-0.001172
-0.003511
-0.000476
0.003391
0.001460
-0.004127
-0.005044
-0.001149
0.001294
0.001914
0.002520
0.001619
-0.000178
-0.000054
0.001451
0.001361
-0.000195
-0.000161
0.001748
0.002346
0.000271
-0.001912
-0.001563
0.000405
0.000449
-0.002070
-0.002717
-0.000113
0.001035
-0.000883
-0.002094
-0.000754
0.000581
0.000212
0.000312
0.001466
0.001142
0.000252
0.001506
0.002911
0.001489
-0.001106
-0.001769
-0.000616
0.000230
-0.000048
-0.000588
-0.000720
-0.000807
-0.001001
-0.000734
0.000070
0.000710
0.000646
-0.000005
-0.000405
-0.000037
0.000261
-0.000117
-0.000514
-0.000461
-0.000241
-0.000250
-0.000275
0.000260
0.000771
0.000280
-0.000458
-0.000270
0.000401
0.000515
0.000172
0.000215
0.000521
0.000249
-0.000278
-0.000111
0.000449
0.000521
0.000167
0.000017
0.000255
0.000405
0.000054
-0.000424
-0.000522
-0.000398
-0.000343
-0.000327
-0.000230
-0.000061
0.000057
0.000133
0.000239
0.000262
0.000173
0.000173
0.000323
0.000347
0.000091
-0.000138
-0.000133
-0.000133
-0.000248
-0.000319
-0.000318
-0.000301
-0.000229
-0.000093
0.000003
-0.000017
-0.000064
-0.000036
0.000010
0.000039
0.000133
0.000270
0.000305
0.000257
0.000224
0.000121
-0.000104
-0.000274
-0.000225
-0.000006
0.000213
0.000280
0.000190
0.000078
-0.000019
-0.000189
-0.000335
-0.000235
0.000069
0.000274
0.000202
0.000000
-0.000133
-0.000216
-0.000266
-0.000182
-0.000025
0.000071
0.000120
0.000133
0.000090
0.000061
0.000118
0.000168
0.000047
-0.000117
-0.000010
0.000288
0.000363
0.000119
-0.000073
0.000003
0.000057
-0.000129
-0.000306
-0.000269
-0.000180
-0.000187
-0.000237
-0.000272
-0.000264
-0.000163
-0.000010
0.000070
0.000076
0.000127
0.000198
0.000159
0.000048
-0.000004
-0.000011
-0.000090
-0.000180
-0.000098
0.000089
0.000156
0.000058
0.000001
0.000130
0.000278
0.000286
0.000227
0.000137
-0.000002
-0.000031
0.000123
0.000218
0.000137
-0.000022
-0.000322
-0.000754
-0.000885
-0.000570
-0.000355
-0.000500
-0.000584
-0.000370
-0.000096
0.000093
0.000294
0.000548
0.000794
0.000926
0.000832
0.000645
0.000623
0.000656
0.000522
0.000372
0.000322
0.000177
-0.000060
-0.000207
-0.000276
-0.000313
-0.000290
-0.000300
-0.000453
-0.000589
-0.000488
-0.000239
-0.000111
-0.000226
-0.000399
-0.000324
-0.000080
0.000014
0.000032
0.000189
0.000320
0.000208
0.000023
0.000017
0.000074
0.000008
-0.000064
-0.000056
-0.000059
-0.000098
-0.000138
-0.000130
-0.000001
0.000181
0.000237
0.000150
0.000028
-0.000058
-0.000052
-0.000046
-0.000214
-0.000369
-0.000233
-0.000025
-0.000067
-0.000196
-0.000111
0.000128
0.000266
0.000194
-0.000007
-0.000185
-0.000242
-0.000202
-0.000226
-0.000361
-0.000319
0.000116
0.000827
0.001636
0.002307
0.002576
0.002315
0.001489
0.000237
-0.001153
-0.002420
-0.003273
-0.003544
-0.003372
-0.002878
-0.001975
-0.000658
0.000788
0.001958
0.002616
0.002873
0.002931
0.002660
0.001880
0.000830
-0.000150
-0.000920
-0.001414
-0.001745
-0.002011
-0.001939
-0.001387
-0.000744
-0.000337
-0.000085
0.000166
0.000480
0.000765
0.000777
0.000589
0.000637
0.000927
0.000897
0.000383
-0.000092
-0.000191
-0.000178
-0.000293
-0.000331
-0.000098
0.000168
0.000194
0.000064
-0.000028
0.000006
0.000179
0.000308
0.000158
-0.000140
-0.000311
-0.000363
-0.000432
-0.000528
-0.000519
-0.000326
-0.000086
0.000073
0.000172
0.000182
0.000130
0.000224
0.000457
0.000562
0.000527
0.000452
0.000272
0.000072
-0.000081
-0.000387
-0.000725
-0.000693
-0.000325
0.000003
0.000245
0.000707
0.001312
0.001367
0.000509
-0.000566
-0.001000
-0.000912
-0.000864
-0.000852
-0.000624
-0.000355
-0.000338
-0.000442
-0.000303
0.000013
0.000109
0.000143
0.000490
0.000867
0.000937
0.000744
0.000217
-0.000424
-0.000407
0.000210
0.000279
-0.000553
-0.001281
-0.001060
-0.000246
0.000169
-0.000042
-0.000137
0.000295
0.000898
0.001223
0.001039
0.000367
-0.000342
-0.000579
-0.000498
-0.000466
-0.000268
0.000187
0.000449
0.000443
0.000409
0.000293
0.000086
-0.000129
-0.000312
-0.000276
0.000084
0.000367
0.000047
-0.000422
-0.000212
0.000260
0.000354
0.000342
0.000236
-0.000247
-0.000615
-0.000343
0.000143
0.000198
-0.000281
-0.000771
-0.000432
0.000532
0.000750
0.000269
0.000514
0.000903
-0.000063
-0.001083
-0.000378
0.000673
0.000280
-0.000673
-0.000891
-0.000590
-0.000383
-0.000601
-0.000976
-0.000822
-0.000073
0.000740
0.001071
0.000854
0.000708
0.001022
0.001213
0.000396
-0.000940
-0.000964
0.000528
0.001210
0.000152
-0.000473
0.000028
-0.000485
-0.001793
-0.001374
0.000095
-0.000036
-0.000906
0.000194
0.002312
0.002352
0.000437
-0.000802
-0.000619
-0.000196
0.000088
0.000235
-0.000518
-0.001414
-0.000160
0.002419
0.002426
-0.000536
-0.002159
-0.000543
0.001186
0.000614
-0.001246
-0.002429
-0.001637
0.000383
0.000911
-0.000752
-0.001960
-0.001242
-0.000263
0.000019
0.000973
0.002521
0.002308
0.000507
0.000156
0.001504
0.001633
-0.000205
-0.001710
-0.001462
-0.000287
0.000766
0.001253
0.000417
-0.001404
-0.001810
-0.000625
-0.000649
-0.001472
-0.000050
0.002705
0.003261
0.000816
-0.002464
-0.003588
-0.001879
-0.000212
-0.000211
0.000187
0.002055
0.002917
0.000435
-0.003507
-0.003769
0.001850
0.007947
0.006850
-0.000519
-0.005105
-0.002787
0.000550
-0.000537
-0.002882
-0.001187
0.002629
0.003175
0.001346
0.001340
0.001049
-0.003429
-0.007256
-0.003838
0.002171
0.002477
-0.001267
-0.002169
0.001694
0.006022
0.004922
-0.001732
-0.006993
-0.005674
0.000387
0.006394
0.008334
0.004380
-0.002865
-0.007088
-0.004557
0.000944
0.003392
0.002496
0.000578
-0.002382
-0.004579
-0.003113
-0.000684
-0.000523
-0.000001
0.002510
0.003918
0.002156
-0.001646
-0.003931
-0.000883
0.004838
0.005305
-0.000409
-0.004617
-0.003069
0.000925
0.003156
0.002624
0.000771
-0.000969
-0.002109
-0.001722
-0.000102
-0.000090
-0.002171
-0.003027
-0.001324
0.001026
0.002936
0.003768
0.001257
-0.004090
-0.005696
0.001063
0.010061
0.010599
0.001430
-0.007757
-0.008826
-0.003009
0.003337
0.005387
0.002851
-0.001054
-0.003215
-0.003475
-0.003685
-0.004302
-0.005178
-0.006677
-0.005305
0.002867
0.011977
0.012462
0.005333
-0.000557
-0.000446
0.003059
0.005103
0.003276
-0.001806
-0.006346
-0.006350
-0.002835
0.000596
0.001234
-0.002885
-0.008218
-0.007048
0.000037
0.004335
0.003188
0.002445
0.005052
0.005906
0.000117
-0.008171
-0.009397
-0.000658
0.009587
0.011222
0.004195
-0.003347
-0.006362
-0.006940
-0.007772
-0.007170
-0.002810
0.002542
0.003804
0.001215
-0.000643
0.000290
0.002943
0.006699
0.011355
0.013951
0.011022
0.005384
0.002062
0.000119
-0.002055
-0.001939
0.000569
0.000729
-0.004551
-0.012266
-0.016521
-0.014545
-0.008245
-0.001433
0.003243
0.005036
0.003936
0.001506
0.001209
0.004100
0.006665
0.005661
0.002327
-0.000618
-0.002691
-0.003861
-0.003104
-0.001170
-0.001594
-0.005978
-0.010463
-0.010134
-0.005065
-0.000329
-0.000533
-0.004212
-0.005434
-0.001534
0.003875
0.006677
0.007909
0.010605
0.013857
0.014626
0.012444
0.008744
0.003502
-0.004611
-0.013074
-0.015685
-0.011970
-0.008084
-0.006199
-0.002611
0.004097
0.010826
0.014012
0.012059
0.007679
0.006732
0.009835
0.010745
0.006336
0.001074
-0.000359
-0.000571
-0.005945
-0.016235
-0.023749
-0.024081
-0.020687
-0.016802
-0.010973
-0.003888
0.000065
0.000693
0.002743
0.008775
0.016423
0.021735
0.022960
0.021040
0.017551
0.012811
0.006515
0.000247
-0.003238
-0.003577
-0.003596
-0.006669
-0.012723
-0.017644
-0.018842
-0.017894
-0.016143
-0.013572
-0.011906
-0.011836
-0.008959
0.000193
0.010814
0.015429
0.013825
0.011338
0.010168
0.008505
0.006059
0.005011
0.006493
0.008808
0.009147
0.006929
0.004498
0.003687
0.002805
-0.001137
-0.007450
-0.011534
-0.009743
-0.003050
0.003682
0.006012
0.003928
0.000829
-0.001648
-0.005290
-0.010558
-0.014014
-0.012714
-0.007823
-0.002477
0.001303
0.003023
0.002815
0.001269
-0.000595
-0.002350
-0.003757
-0.003611
-0.001691
0.000005
0.000830
0.002947
0.006589
0.008607
0.008082
0.007610
0.007945
0.006978
0.003988
0.000736
-0.000999
-0.000857
0.000393
0.002083
0.004077
0.005405
0.004375
0.000995
-0.002763
-0.005615
-0.007879
-0.009721
-0.010859
-0.011529
-0.011545
-0.010025
-0.007045
-0.003605
-0.000396
0.001757
0.001859
0.000643
0.000238
0.001306
0.003212
0.005934
0.009189
0.011845
0.013445
0.014243
0.014211
0.013273
0.011650
0.009281
0.005601
0.000632
-0.004145
-0.006899
-0.007591
-0.007901
-0.008766
-0.009780
-0.010658
-0.011429
-0.011978
-0.012053
-0.010984
-0.008268
-0.004708
-0.001720
0.000040
0.000582
0.000020
-0.001229
-0.002207
-0.001994
-0.000627
0.001009
0.002353
0.003613
0.005163
0.007146
0.009182
0.010692
0.011653
0.011908
0.010895
0.008944
0.006930
0.004873
0.002378
-0.000487
-0.003288
-0.005478
-0.006568
-0.006270
-0.004730
-0.002938
-0.002262
-0.003165
-0.004876
-0.006331
-0.007085
-0.007251
-0.006748
-0.005198
-0.002880
-0.000828
0.000569
0.001884
0.003248
0.004087
0.004451
0.004920
0.005224
0.004712
0.003636
0.002560
0.001493
0.000358
-0.000721
-0.001700
-0.002599
-0.003289
-0.003464
-0.002950
-0.002064
-0.001295
-0.000766
-0.000395
-0.000213
-0.000172
0.000029
0.000613
0.001407
0.002029
0.002319
0.002395
0.002383
0.002267
0.001996
0.001608
0.001173
0.000689
0.000167
-0.000219
-0.000313
-0.000232
-0.000210
-0.000328
-0.000534
-0.000727
-0.000810
-0.000772
-0.000650
-0.000483
-0.000323
-0.000205
-0.000119
-0.000058
-0.000033
-0.000043
-0.000097
-0.000228
-0.000405
-0.000549
-0.000646
-0.000721
-0.000754
-0.000718
-0.000659
-0.000608
-0.000526
-0.000385
-0.000210
-0.000049
0.000072
0.000164
0.000236
0.000258
0.000224
0.000170
0.000123
0.000080
-0.000003
-0.000128
-0.000211
-0.000202
-0.000159
-0.000158
-0.000209
-0.000249
-0.000222
-0.000152
-0.000094
-0.000046
0.000066
0.000264
0.000437
0.000480
0.000387
0.000219
0.000072
0.000029
0.000058
0.000058
0.000005
-0.000055
-0.000078
-0.000071
-0.000056
-0.000014
0.000086
0.000206
0.000301
0.000373
0.000405
0.000375
0.000334
0.000344
0.000369
0.000329
0.000237
0.000169
0.000140
0.000110
0.000050
-0.000024
-0.000055
-0.000032
-0.000010
-0.000015
-0.000053
-0.000105
-0.000100
-0.000055
-0.000096
-0.000209
-0.000253
-0.000218
-0.000200
-0.000195
-0.000128
-0.000016
0.000053
0.000073
0.000093
0.000103
0.000092
0.000103
0.000161
0.000218
0.000203
0.000118
0.000042
0.000007
-0.000015
-0.000026
-0.000025
-0.000046
-0.000090
-0.000108
-0.000089
-0.000079
-0.000107
-0.000164
-0.000227
-0.000242
-0.000176
-0.000088
-0.000059
-0.000079
-0.000076
-0.000041
-0.000017
-0.000004
0.000019
0.000037
0.000036
0.000038
0.000044
0.000030
0.000003
0.000006
0.000069
0.000176
0.000281
0.000321
0.000282
0.000242
0.000230
0.000156
0.000014
-0.000096
-0.000154
-0.000196
-0.000222
-0.000230
-0.000246
-0.000237
-0.000162
-0.000072
-0.000046
-0.000038
0.000015
0.000044
0.000001
-0.000014
0.000064
0.000140
0.000129
0.000073
0.000043
0.000027
-0.000033
-0.000100
-0.000105
-0.000074
-0.000041
0.000010
0.000064
0.000077
0.000051
0.000015
-0.000012
-0.000012
-0.000000
-0.000021
-0.000037
-0.000008
-0.000016
-0.000096
-0.000144
-0.000118
-0.000096
-0.000100
-0.000077
-0.000015
0.000047
0.000083
0.000097
0.000118
0.000143
0.000143
0.000140
0.000143
0.000089
-0.000039
-0.000136
-0.000119
-0.000039
0.000014
0.000027
0.000034
-0.000016
-0.000215
-0.000474
-0.000574
-0.000484
-0.000328
-0.000163
-0.000012
0.000082
0.000140
0.000220
0.000316
0.000391
0.000453
0.000511
0.000503
0.000412
0.000340
0.000345
0.000353
0.000311
0.000245
0.000180
0.000113
0.000042
-0.000038
-0.000145
-0.000267
-0.000339
-0.000356
-0.000368
-0.000363
-0.000322
-0.000294
-0.000312
-0.000343
-0.000333
-0.000261
-0.000146
-0.000025
0.000068
0.000104
0.000085
0.000072
0.000109
0.000154
0.000153
0.000116
0.000098
0.000109
0.000090
0.000031
0.000003
0.000018
0.000015
-0.000010
-0.000036
-0.000085
-0.000144
-0.000141
-0.000072
-0.000032
-0.000075
-0.000120
-0.000071
0.000023
0.000047
0.000004
-0.000010
0.000027
0.000068
0.000063
-0.000001
-0.000061
-0.000034
0.000047
0.000093
0.000108
0.000132
0.000156
0.000181
0.000221
0.000240
0.000194
0.000117
0.000079
0.000056
-0.000034
-0.000160
-0.000217
-0.000216
-0.000261
-0.000348
-0.000374
-0.000297
-0.000148
-0.000002
0.000028
-0.000058
-0.000107
-0.000039
0.000059
0.000112
0.000135
0.000126
0.000076
0.000055
0.000109
0.000158
0.000126
0.000063
0.000050
0.000067
0.000045
-0.000009
-0.000016
0.000033
0.000060
0.000031
-0.000001
-0.000006
-0.000026
-0.000067
-0.000072
-0.000041
-0.000042
-0.000084
-0.000094
-0.000047
-0.000017
-0.000022
0.000015
0.000076
0.000066
0.000020
0.000021
0.000035
0.000025
0.000048
0.000101
0.000118
0.000109
0.000127
0.000139
0.000078
-0.000030
-0.000099
-0.000103
-0.000089
-0.000083
-0.000074
-0.000077
-0.000101
-0.000135
-0.000156
-0.000130
-0.000051
0.000039
0.000099
0.000154
0.000274
0.000450
0.000561
0.000533
0.000416
0.000286
0.000159
-0.000006
-0.000218
-0.000396
-0.000457
-0.000439
-0.000450
-0.000509
-0.000544
-0.000547
-0.000555
-0.000512
-0.000347
-0.000162
-0.000082
-0.000046
0.000061
0.000217
0.000301
0.000268
0.000232
0.000292
0.000365
0.000356
0.000302
0.000250
0.000200
0.000168
0.000152
0.000127
0.000107
0.000100
0.000067
-0.000027
-0.000151
-0.000254
-0.000297
-0.000255
-0.000155
-0.000070
-0.000033
-0.000013
0.000033
0.000117
0.000189
0.000187
0.000129
0.000115
0.000155
0.000158
0.000089
0.000006
-0.000044
-0.000064
-0.000066
-0.000048
0.000001
0.000106
0.000239
0.000301
0.000251
0.000138
0.000005
-0.000130
-0.000262
-0.000358
-0.000357
-0.000283
-0.000221
-0.000172
-0.000097
-0.000029
-0.000004
-0.000005
-0.000002
0.000015
0.000032
0.000032
0.000028
0.000032
0.000017
-0.000031
-0.000070
-0.000069
-0.000045
-0.000013
0.000029
0.000055
0.000065
0.000129
0.000221
0.000203
0.000073
-0.000019
-0.000014
0.000001
-0.000043
-0.000094
-0.000089
-0.000035
0.000030
0.000075
0.000073
0.000052
0.000067
0.000093
0.000063
-0.000010
-0.000065
-0.000093
-0.000114
-0.000100
-0.000025
0.000057
0.000072
0.000022
-0.000022
-0.000027
-0.000034
-0.000047
-0.000029
-0.000001
0.000001
0.000010
0.000041
0.000059
0.000058
0.000046
0.000000
-0.000063
-0.000078
-0.000050
-0.000048
-0.000078
-0.000100
-0.000096
-0.000057
0.000001
0.000035
0.000031
0.000009
-0.000011
-0.000006
0.000024
0.000050
0.000069
0.000085
0.000065
0.000020
0.000008
0.000037
0.000042
-0.000071
-0.000303
-0.000511
-0.000571
-0.000501
-0.000354
-0.000171
0.000006
0.000155
0.000298
0.000437
0.000529
0.000557
0.000556
0.000530
0.000453
0.000368
0.000319
0.000259
0.000166
0.000112
0.000130
0.000150
0.000104
0.000014
-0.000067
-0.000137
-0.000214
-0.000310
-0.000411
-0.000463
-0.000436
-0.000374
-0.000342
-0.000367
-0.000391
-0.000335
-0.000214
-0.000108
-0.000026
0.000076
0.000175
0.000221
0.000245
0.000273
0.000267
0.000203
0.000111
0.000030
-0.000004
0.000009
0.000013
-0.000020
-0.000039
-0.000031
-0.000045
-0.000070
-0.000069
-0.000064
-0.000077
-0.000090
-0.000103
-0.000113
-0.000116
-0.000125
-0.000116
-0.000050
0.000014
0.000007
-0.000040
-0.000051
0.000024
0.000143
0.000190
0.000166
0.000175
0.000208
0.000191
0.000167
0.000181
0.000172
0.000123
0.000112
0.000138
0.000100
-0.000006
-0.000085
-0.000098
-0.000128
-0.000237
-0.000330
-0.000300
-0.000212
-0.000169
-0.000148
-0.000109
-0.000049
0.000044
0.000132
0.000128
0.000049
-0.000006
-0.000011
0.000003
0.000015
0.000003
-0.000029
-0.000038
-0.000016
-0.000011
-0.000034
-0.000022
0.000051
0.000130
0.000174
0.000192
0.000186
0.000151
0.000109
0.000070
0.000027
-0.000020
-0.000063
-0.000103
-0.000134
-0.000145
-0.000113
-0.000030
0.000039
0.000013
-0.000055
-0.000069
-0.000045
-0.000029
-0.000008
0.000008
-0.000018
-0.000055
-0.000042
0.000008
0.000039
0.000045
0.000053
0.000063
0.000072
0.000084
0.000097
0.000095
0.000049
-0.000020
-0.000048
-0.000029
-0.000013
-0.000016
-0.000009
0.000013
0.000028
0.000017
-0.000012
0.000024
0.000224
0.000476
0.000544
0.000418
0.000279
0.000173
0.000032
-0.000111
-0.000206
-0.000321
-0.000486
-0.000574
-0.000508
-0.000403
-0.000412
-0.000504
-0.000496
-0.000370
-0.000315
-0.000343
-0.000262
-0.000061
0.000086
0.000135
0.000192
0.000294
0.000366
0.000361
0.000301
0.000238
0.000225
0.000275
0.000332
0.000329
0.000260
0.000191
0.000171
0.000149
0.000065
-0.000060
-0.000138
-0.000122
-0.000069
-0.000062
-0.000099
-0.000120
-0.000100
-0.000067
-0.000049
-0.000030
0.000013
0.000059
0.000088
0.000106
0.000106
0.000091
0.000064
0.000018
-0.000032
-0.000059
-0.000054
-0.000014
0.000024
0.000022
0.000011
0.000022
0.000010
-0.000047
-0.000095
-0.000098
-0.000088
-0.000077
-0.000048
-0.000024
-0.000034
-0.000058
-0.000070
-0.000080
-0.000098
-0.000116
-0.000117
-0.000108
-0.000089
-0.000043
-0.000001
-0.000017
-0.000022
